Time,Global Solar,Generic flat plate PV Solar Altitude,Generic flat plate PV Solar Azimuth,Generic flat plate PV Angle of Incidence,Generic flat plate PV Incident Solar,Generic flat plate PV Power Output,AC Primary Load,AC Primary Load Served,Generic Small Genset (size-your-own) Power Output,Generic Small Genset (size-your-own) Operating Status,Generic Small Genset (size-your-own) Fuel,Total Electrical Load Served,Renewable Penetration,Excess Electrical Production,Unmet Electrical Load,Capacity Shortage,Total Renewable Power Output,Inverter Power Input,Inverter Power Output,Rectifier Power Input,Rectifier Power Output,Generic 1kWh Li-Ion Maximum Charge Power,Generic 1kWh Li-Ion Maximum Discharge Power,Generic 1kWh Li-Ion Charge Power,Generic 1kWh Li-Ion Discharge Power,Generic 1kWh Li-Ion Input Power,Generic 1kWh Li-Ion Energy Content,Generic 1kWh Li-Ion State of Charge,Generic 1kWh Li-Ion Energy Cost,AC Required Operating Capacity,DC Required Operating Capacity,AC Operating Capacity,DC Operating Capacity
1/1/2007 12:00:00 AM,0,0,6.329071,90,0,0,0,0,0,-1,0,0,0,0,0,0,0,0,0,0,0,0,10.62527,0,0,0,14.00003,100,0,0,0,0,10.62527
1/1/2007 1:00:00 AM,0,0,-40.63449,90,0,0,0,0,0,-1,0,0,0,0,0,0,0,0,0,0,0,0,10.62527,0,0,0,14.00003,100,0,0,0,0,10.62527
1/1/2007 2:00:00 AM,0,0,-59.18059,90,0,0,0.2918461,0.2918461,0,-1,0,0.2918461,0,0,0,0,0,0.3072065,0.2918461,0,0,0,10.62527,0,0.3072065,-0.3072065,13.6762,97.68697,0,0.3210307,0,0,10.62527
1/1/2007 3:00:00 AM,0,0,-65.89561,90,0,0,0.5368376,0.5368376,0,-1,0,0.5368376,0,0,0,0,0,0.5650921,0.5368376,0,0,0.3413405,10.31807,0,0.5650921,-0.5650921,13.08054,93.43227,0,0.5905213,0,0,10.31807
1/1/2007 4:00:00 AM,0,0,-68.29882,90,0,0,0.5422611,0.5422611,0,-1,0,0.5422611,0,0,0,0,0,0.5708011,0.5422611,0,0,0.9692207,9.752975,0,0.5708011,-0.5708011,12.47887,89.13459,0,0.5964872,0,0,9.752975
1/1/2007 5:00:00 AM,0,0,-68.56945,90,0,0,0.4953877,0.4953877,0,0,0,0.4953877,0,0,5.551115E-17,0,0,0.5214607,0.4953877,0,0,1.603444,9.182175,0,0.5214607,-0.5214607,11.9292,85.2084,0,0.5449265,0,0,9.182175
1/1/2007 6:00:00 AM,0.0008882491,0,-67.38521,90,0,0,0.1669545,0.1669545,0,0,0,0.1669545,0,0,2.775558E-17,0,0,0.1757415,0.1669545,0,0,2.182845,8.660714,0,0.1757415,-0.1757415,11.74395,83.8852,0,0.1836499,0,0,8.660714
1/1/2007 7:00:00 AM,0.06397346,8.503396,-64.83955,77.75782,0.06572935,0.2949933,0.5114084,0.5114084,0,0,0,0.5114084,57.68253,0,0,0,0.2949933,0.5383247,0.5114084,0,0,2.378113,8.484972,0,0.2433313,-0.2433313,11.48746,82.05311,0,0.5625492,0.2359947,0,8.779965
1/1/2007 8:00:00 AM,0.1468058,21.68848,-60.63478,64.11859,0.1475045,0.6620001,0.5240662,0.5240662,0,0,0,0.5240662,126.3199,0,0,0,0.6620001,0.5516486,0.5240662,0,0,2.648481,8.241641,0.1103514,0,0.1103514,11.59215,82.80088,0,0.5764728,0.5296,0,8.903641
1/1/2007 9:00:00 AM,0.2838784,34.18584,-54.00429,50.85869,0.2876508,1.290977,1.087949,1.087949,0,-1,0,1.087949,118.6615,0,0,0,1.290977,1.145209,1.087949,0,0,2.53813,8.340957,0.1457673,0,0.1457673,11.73043,83.78864,0,1.196744,1.032781,0,9.631934
1/1/2007 10:00:00 AM,0.07039502,45.37495,-43.45202,38.46853,0.0700992,0.3146052,0.3274816,0.3274816,0,0,0,0.3274816,96.06805,0,0,0,0.3146052,0.3447175,0.3274816,0,0,2.392363,8.472148,0,0.03011228,-0.03011228,11.69869,83.56192,0,0.3602298,0.2516842,0,8.786753
1/1/2007 11:00:00 AM,0.05697239,53.98555,-26.68318,28.19857,0.05671747,0.254548,1.31785,1.31785,0,0,0,1.31785,19.3154,0,0,0,0.254548,1.38721,1.31785,0,0,2.425821,8.442036,0,1.132662,-1.132662,10.50476,75.03386,0,1.449635,0.2036384,0,8.696584
1/1/2007 12:00:00 PM,0.3085695,57.85535,-2.905519,23.12832,0.308119,1.382838,1.143329,1.143329,0,0,0,1.143329,120.9484,0,0,0,1.382838,1.203504,1.143329,0,0,3.684335,7.309373,0.1793342,0,0.1793342,10.67489,76.24908,0,1.257662,1.106271,0,8.692211
1/1/2007 1:00:00 PM,0.2728486,55.35163,21.88712,26.45613,0.2722346,1.221789,0.8680449,0.8680449,0,0,0,0.8680449,140.7518,0,0,0,1.221789,0.9137315,0.8680449,0,0,3.505,7.470774,0.3080577,0,0.3080577,10.96714,78.33657,0,0.9548494,0.9774314,0,8.692563
1/1/2007 2:00:00 PM,0.1157476,47.5915,40.32253,35.91192,0.1153119,0.5175199,0.5273194,0.5273194,0,-1,0,0.5273194,98.14164,0,0,0,0.5175199,0.555073,0.5273194,0,0,3.196943,7.748026,0,0.03755314,-0.03755314,10.92756,78.05383,0,0.5800513,0.4140159,0,8.265546
1/1/2007 3:00:00 PM,0.06560741,36.83756,52.05293,47.98108,0.06534532,0.2932698,0,0,0,0,0,0,0,0,0,0,0.2932698,0,0,0,0,3.238668,7.710473,0.2932698,0,0.2932698,11.20578,80.04111,0,0,0.2346158,0,8.003742
1/1/2007 4:00:00 PM,0.1289536,24.56311,59.3996,61.10392,0.1288548,0.5783004,0.7050205,0.7050205,0,0,0,0.7050205,82.02604,0,0,0,0.5783004,0.7421268,0.7050205,0,0,2.945398,7.974416,0,0.1638265,-0.1638265,11.03309,78.80762,0,0.7755225,0.4626403,0,8.552716
1/1/2007 5:00:00 PM,0.06745297,11.49752,64.06036,74.68382,0.0677819,0.3042051,0,0,0,0,0,0,0,0,0,0,0.3042051,0,0,0,0,3.127428,7.810589,0.3042051,0,0.3042051,11.32168,80.86901,0,0,0.2433641,0,8.114795
1/1/2007 6:00:00 PM,0.009087816,0,66.93783,90,0,0,0.8468654,0.8468654,0,0,0,0.8468654,0,0,1.110223E-16,0,0,0.8914372,0.8468654,0,0,2.823223,8.084373,0,0.8914372,-0.8914372,10.38203,74.15718,0,0.9315519,0,0,8.084373
1/1/2007 7:00:00 PM,0,0,68.42065,90,0,0,1.171176,1.171176,0,-1,0,1.171176,0,0,2.220446E-16,0,0,1.232817,1.171176,0,0,3.813709,7.192936,0,1.232817,-1.232817,9.082523,64.87504,0,1.288294,0,0,7.192936
1/1/2007 8:00:00 PM,0,0,68.50754,90,0,0,1.63369,1.63369,0,-1,0,1.63369,0,0,0,0,0,1.719674,1.63369,0,0,5.183505,5.96012,0,1.719674,-1.719674,7.269828,51.92723,0,1.797059,0,0,5.96012
1/1/2007 9:00:00 PM,0,0,66.69133,90,0,0,1.930933,1.930933,0,-1,0,1.930933,0,0,2.220446E-16,0,0,2.032561,1.930933,0,0,7.094254,4.240446,0,2.032561,-2.032561,5.12732,36.62365,0,2.124026,0,0,4.240446
1/1/2007 10:00:00 PM,0,0,61.29293,90,0,0,0.02367725,0.02367725,0,-1,0,0.02367725,0,0,3.469447E-18,0,0,0.02492342,0.02367725,0,0,9.352654,2.207885,0,0.02492342,-0.02492342,5.101049,36.43599,0,0.02604498,0,0,2.207885
1/1/2007 11:00:00 PM,0,0,46.66078,90,0,0,0.09820741,0.09820741,0,-1,0,0.09820741,0,0,1.387779E-17,0,0,0.1033762,0.09820741,0,0,9.380347,2.182961,0,0.1033762,-0.1033762,4.992081,35.65765,0,0.1080282,0,0,2.182961
1/2/2007 12:00:00 AM,0,0,6.788207,90,0,0,0.3003526,0.3003526,0,-1,0,0.3003526,0,0,5.551115E-17,0,0,0.3161607,0.3003526,0,0,9.49521,2.079585,0,0.3161607,-0.3161607,4.658818,33.27721,0,0.3303879,0,0,2.079585
1/2/2007 1:00:00 AM,0,0,-40.56551,90,0,0,0.123849,0.123849,0,-1,0,0.123849,0,0,1.387779E-17,0,0,0.1303674,0.123849,0,0,9.846499,1.763424,0,0.1303674,-0.1303674,4.521399,32.29564,0,0.1362339,0,0,1.763424
1/2/2007 2:00:00 AM,0,0,-59.2364,90,0,0,0,0,0,-1,0,0,0,0,0,0,0,0,0,0,0,9.991352,1.633057,0,0,0,4.521399,32.29564,0,0,0,0,1.633057
1/2/2007 3:00:00 AM,0,0,-65.97112,90,0,0,0.436691,0.436691,0,-1,0,0.436691,0,0,0,0,0,0.4596747,0.436691,0,0,9.991352,1.633057,0,0.4596747,-0.4596747,4.036859,28.83465,0,0.4803601,0,0,1.633057
1/2/2007 4:00:00 AM,0,0,-68.37815,90,0,0,0,0,0,-1,0,0,0,0,0,0,0,0,0,0,0,10.5021,1.173382,0,0,0,4.036859,28.83465,0,0,0,0,1.173382
1/2/2007 5:00:00 AM,0,0,-68.6517,90,0,0,0.07106216,0.07106216,0,0,0,0.07106216,0,0,1.387779E-17,0,0,0.07480227,0.07106216,0,0,10.5021,1.173382,0,0.07480227,-0.07480227,3.958011,28.27145,0,0.07816838,0,0,1.173382
1/2/2007 6:00:00 AM,0.00108274,0,-67.47298,90,0,0,0,0,0,0,0,0,0,0,0,0,0,0,0,0,0,10.58522,1.09858,0,0,0,3.958011,28.27145,0,0,0,0,1.09858
1/2/2007 7:00:00 AM,0.0894334,8.420039,-64.93723,77.85435,0.100424,0.4507029,0.3342958,0.3342958,0,0,0,0.3342958,134.8216,0,0,0,0.4507029,0.3518903,0.3342958,0,0,10.58522,1.09858,0.09881255,0,0.09881255,4.051753,28.94103,0,0.3677254,0.3605623,0,1.549283
1/2/2007 8:00:00 AM,0.2576896,21.61751,-60.74889,64.20486,0.2779504,1.247441,0.2213373,0.2213373,0,0,0,0.2213373,563.5928,0,0,0,1.247441,0.2329867,0.2213373,0,0,10.4864,1.187511,1.014455,0,1.014455,5.014149,35.81528,0,0.2434711,0.9979531,0,2.434953
1/2/2007 9:00:00 AM,0.4718998,34.13238,-54.14432,50.93041,0.5125239,2.300207,0.2609859,0.2609859,0,-1,0,0.2609859,881.3533,0,0,0,2.300207,0.274722,0.2609859,0,0,9.471949,2.100521,2.025485,0,2.025485,6.935693,49.54056,0,0.2870844,1.840166,0,4.400728
1/2/2007 10:00:00 AM,0.7602223,45.34824,-43.62961,38.51652,0.8317798,3.733027,0,0,0,0,0,0,0,0,0,0,3.733027,0,0,0,0,7.446463,3.923457,3.733027,0,3.733027,10.47715,74.83666,0,0,2.986422,0,7.656485
1/2/2007 11:00:00 AM,0.9687649,54.00035,-26.89878,28.20292,1.052089,4.721777,0,0,0,0,0,0,0,1.008342,0,0,4.721777,0,0,0,0,3.713436,7.283182,3.713436,0,3.713436,14.00003,100,0,0,3.777422,0,12.00496
1/2/2007 12:00:00 PM,1.031318,57.92366,-3.10829,23.06229,1.116794,5.012169,0.7085503,0.7085503,0,0,0,0.7085503,707.3837,4.266327,0,0,5.012169,0.7458424,0.7085503,0,0,0,10.62527,0,0,0,14.00003,100,0,0.7794053,4.009736,0,15.63744
1/2/2007 1:00:00 PM,0.9423041,55.46115,21.77175,26.33896,1.021659,4.585204,1.287484,1.287484,0,0,0,1.287484,356.1367,3.229958,0,0,4.585204,1.355246,1.287484,0,0,0,10.62527,0,0,0,14.00003,100,0,1.416233,3.668163,0,15.21048
1/2/2007 2:00:00 PM,0.9231796,47.717,40.28822,35.78432,1.009363,4.530021,1.244221,1.244221,0,-1,0,1.244221,364.0848,3.220314,0,0,4.530021,1.309707,1.244221,0,0,0,10.62527,0,0,0,14.00003,100,0,1.368644,3.624017,0,15.1553
1/2/2007 3:00:00 PM,0.6474482,36.96494,52.06245,47.85676,0.718266,3.223578,0.3298737,0.3298737,0,0,0,0.3298737,977.2158,2.876343,0,0,3.223578,0.3472355,0.3298737,0,0,0,10.62527,0,0,0,14.00003,100,0,0.3628611,2.578862,0,13.84885
1/2/2007 4:00:00 PM,0.2630356,24.6874,59.43145,60.9856,0.2758419,1.237978,0.768922,0.768922,0,0,0,0.768922,161.0018,0.4285867,0,0,1.237978,0.8093916,0.768922,0,0,0,10.62527,0,0,0,14.00003,100,0,0.8458142,0.9903826,0,11.86325
1/2/2007 5:00:00 PM,0.168327,11.61707,64.10592,74.57209,0.2057889,0.9235804,1.080877,1.080877,0,0,0,1.080877,85.4473,0,0,0,0.9235804,1.137766,1.080877,0,0,0,10.62527,0,0.214185,-0.214185,13.77426,98.38735,0,1.188965,0.7388644,0,11.54885
1/2/2007 6:00:00 PM,0.01077664,0,66.99503,90,0,0,0,0,0,0,0,0,0,0,0,0,0,0,0,0,0,0.2379834,10.41109,0,0,0,13.77426,98.38735,0,0,0,0,10.41109
1/2/2007 7:00:00 PM,0,0,68.49145,90,0,0,0.3317902,0.3317902,0,-1,0,0.3317902,0,0,5.551115E-17,0,0,0.3492529,0.3317902,0,0,0.2379834,10.41109,0,0.3492529,-0.3492529,13.40611,95.75775,0,0.3649693,0,0,10.41109
1/2/2007 8:00:00 PM,0,0,68.59808,90,0,0,0.8737003,0.8737003,0,-1,0,0.8737003,0,0,1.110223E-16,0,0,0.9196845,0.8737003,0,0,0.6260421,10.06184,0,0.9196845,-0.9196845,12.43668,88.83325,0,0.9610703,0,0,10.06184
1/2/2007 9:00:00 PM,0,0,66.81534,90,0,0,0,0,0,-1,0,0,0,0,0,0,0,0,0,0,0,1.647914,9.142152,0,0,0,12.43668,88.83325,0,0,0,0,9.142152
1/2/2007 10:00:00 PM,0,0,61.48289,90,0,0,0,0,0,-1,0,0,0,0,0,0,0,0,0,0,0,1.647914,9.142152,0,0,0,12.43668,88.83325,0,0,0,0,9.142152
1/2/2007 11:00:00 PM,0,0,46.99853,90,0,0,0.2556571,0.2556571,0,-1,0,0.2556571,0,0,5.551115E-17,0,0,0.2691128,0.2556571,0,0,1.647914,9.142152,0,0.2691128,-0.2691128,12.15301,86.80704,0,0.2812229,0,0,9.142152
1/3/2007 12:00:00 AM,0,0,7.251837,90,0,0,0.3118419,0.3118419,0,-1,0,0.3118419,0,0,0,0,0,0.3282546,0.3118419,0,0,1.946928,8.873039,0,0.3282546,-0.3282546,11.807,84.33554,0,0.3430261,0,0,8.873039
1/3/2007 1:00:00 AM,0,0,-40.51197,90,0,0,0.03326017,0.03326017,0,-1,0,0.03326017,0,0,0,0,0,0.0350107,0.03326017,0,0,2.311655,8.544785,0,0.0350107,-0.0350107,11.77009,84.07194,0,0.03658618,0,0,8.544785
1/3/2007 2:00:00 AM,0,0,-59.30554,90,0,0,0.08269629,0.08269629,0,-1,0,0.08269629,0,0,1.387779E-17,0,0,0.08704872,0.08269629,0,0,2.350556,8.509773,0,0.08704872,-0.08704872,11.67834,83.41653,0,0.09096592,0,0,8.509773
1/3/2007 3:00:00 AM,0,0,-66.05676,90,0,0,0.4502004,0.4502004,0,-1,0,0.4502004,0,0,5.551115E-17,0,0,0.4738952,0.4502004,0,0,2.447277,8.422725,0,0.4738952,-0.4738952,11.17881,79.84846,0,0.4952205,0,0,8.422725
1/3/2007 4:00:00 AM,0,0,-68.46574,90,0,0,0.311955,0.311955,0,-1,0,0.311955,0,0,0,0,0,0.3283737,0.311955,0,0,2.973827,7.94883,0,0.3283737,-0.3283737,10.83267,77.37607,0,0.3431505,0,0,7.94883
1/3/2007 5:00:00 AM,0,0,-68.74113,90,0,0,0.472551,0.472551,0,0,0,0.472551,0,0,5.551115E-17,0,0,0.4974221,0.472551,0,0,3.338687,7.620456,0,0.4974221,-0.4974221,10.30834,73.63087,0,0.5198061,0,0,7.620456
1/3/2007 6:00:00 AM,0.001416367,0,-67.56737,90,0,0,0.1830134,0.1830134,0,0,0,0.1830134,0,0,0,0,0,0.1926457,0.1830134,0,0,3.891378,7.123034,0,0.1926457,-0.1926457,10.10528,72.1804,0,0.2013147,0,0,7.123034
1/3/2007 7:00:00 AM,0.154613,8.338984,-65.04131,77.94952,0.2181808,0.9791952,0,0,0,0,0,0,0,0,0,0,0.9791952,0,0,0,0,4.105429,6.930388,0.9791952,0,0.9791952,11.03422,78.81572,0,0,0.7833562,0,7.909584
1/3/2007 8:00:00 AM,0.3864299,21.54955,-60.86939,64.28908,0.4516696,2.027093,0.7115165,0.7115165,0,0,0,0.7115165,284.8976,0,0,0,2.027093,0.7489647,0.7115165,0,0,3.126234,7.811664,1.278129,0,1.278129,12.24676,87.47669,0,0.7826681,1.621675,0,9.838758
1/3/2007 9:00:00 AM,0.5964742,34.08275,-54.2908,50.99925,0.66541,2.98636,0.9510067,0.9510067,0,-1,0,0.9510067,314.0209,0.1371952,0,0,2.98636,1.00106,0.9510067,0,0,1.848105,8.96198,1.848105,0,1.848105,14.00003,100,0,1.046107,2.389088,0,11.94834
1/3/2007 10:00:00 AM,0.868866,45.32633,-43.81342,38.56059,0.9523236,4.274028,0.6377093,0.6377093,0,0,0,0.6377093,670.2159,3.602756,0,0,4.274028,0.6712729,0.6377093,0,0,0,10.62527,0,0,0,14.00003,100,0,0.7014802,3.419223,0,14.8993
1/3/2007 11:00:00 AM,1.045182,54.02103,-27.119,28.202,1.135717,5.097099,1.820521,1.820521,0,0,0,1.820521,279.9802,3.180761,0,0,5.097099,1.916338,1.820521,0,0,0,10.62527,0,0,0,14.00003,100,0,2.002573,4.077679,0,15.72237
1/3/2007 12:00:00 PM,1.103408,57.99842,-3.311169,22.98996,1.195367,5.364808,0.3899687,0.3899687,0,0,0,0.3899687,1375.702,4.954315,0,0,5.364808,0.4104934,0.3899687,0,0,0,10.62527,0,0,0,14.00003,100,0,0.4289656,4.291846,0,15.99008
1/3/2007 1:00:00 PM,1.07279,55.57644,21.66171,26.2165,1.164307,5.225409,0.6403595,0.6403595,0,0,0,0.6403595,816.0118,4.551347,0,0,5.225409,0.6740627,0.6403595,0,0,0,10.62527,0,0,0,14.00003,100,0,0.7043955,4.180327,0,15.85068
1/3/2007 2:00:00 PM,0.9414855,47.84681,40.26152,35.65337,1.029178,4.618952,0.4050379,0.4050379,0,-1,0,0.4050379,1140.375,4.192596,0,0,4.618952,0.4263557,0.4050379,0,0,0,10.62527,0,0,0,14.00003,100,0,0.4455417,3.695162,0,15.24423
1/3/2007 3:00:00 PM,0.6946991,37.09526,52.07967,47.73057,0.7711912,3.461106,1.121292,1.121292,0,0,0,1.121292,308.6712,2.280799,0,0,3.461106,1.180308,1.121292,0,0,0,10.62527,0,0,0,14.00003,100,0,1.233421,2.768885,0,14.08638
1/3/2007 4:00:00 PM,0.4499265,24.81354,59.47055,60.86646,0.5176767,2.323333,0.9500221,0.9500221,0,0,0,0.9500221,244.5556,1.323309,0,0,2.323333,1.000023,0.9500221,0,0,0,10.62527,0,0,0,14.00003,100,0,1.045024,1.858666,0,12.94861
1/3/2007 5:00:00 PM,0.1871784,11.73763,64.15836,74.46036,0.2357385,1.057995,2.276958,2.276958,0,0,0,2.276958,46.46526,0,0,0,1.057995,2.396798,2.276958,0,0,0,10.62527,0,1.338804,-1.338804,12.58881,89.91985,0,2.504654,0.8463957,0,11.68327
1/3/2007 6:00:00 PM,0.01226666,0,67.05901,90,0,0,1.313341,1.313341,0,0,0,1.313341,0,0,2.220446E-16,0,0,1.382465,1.313341,0,0,1.48756,9.28647,0,1.382465,-1.382465,11.13156,79.51098,0,1.444676,0,0,9.28647
1/3/2007 7:00:00 PM,0,0,68.5692,90,0,0,0,0,0,-1,0,0,0,0,0,0,0,0,0,0,0,3.023632,7.904006,0,0,0,11.13156,79.51098,0,0,0,0,7.904006
1/3/2007 8:00:00 PM,0,0,68.69611,90,0,0,1.289716,1.289716,0,-1,0,1.289716,0,0,2.220446E-16,0,0,1.357596,1.289716,0,0,3.023632,7.904006,0,1.357596,-1.357596,9.700527,69.28934,0,1.418688,0,0,7.904006
1/3/2007 9:00:00 PM,0,0,66.94791,90,0,0,1.422465,1.422465,0,-1,0,1.422465,0,0,2.220446E-16,0,0,1.497332,1.422465,0,0,4.532072,6.54641,0,1.497332,-1.497332,8.122201,58.01561,0,1.564711,0,0,6.54641
1/3/2007 10:00:00 PM,0,0,61.68317,90,0,0,0.5039248,0.5039248,0,-1,0,0.5039248,0,0,0,0,0,0.5304472,0.5039248,0,0,6.195774,5.049078,0,0.5304472,-0.5304472,7.563061,54.02176,0,0.5543173,0,0,5.049078
1/3/2007 11:00:00 PM,0,0,47.34851,90,0,0,0.3282146,0.3282146,0,-1,0,0.3282146,0,0,5.551115E-17,0,0,0.345489,0.3282146,0,0,6.78516,4.518631,0,0.345489,-0.345489,7.198883,51.42049,0,0.361036,0,0,4.518631
1/4/2007 12:00:00 AM,0,0,7.720277,90,0,0,0.1211607,0.1211607,0,-1,0,0.1211607,0,0,2.775558E-17,0,0,0.1275375,0.1211607,0,0,7.169036,4.173141,0,0.1275375,-0.1275375,7.064447,50.46024,0,0.1332767,0,0,4.173141
1/4/2007 1:00:00 AM,0,0,-40.47429,90,0,0,0.4518108,0.4518108,0,-1,0,0.4518108,0,0,0,0,0,0.4755903,0.4518108,0,0,7.310744,4.045604,0,0.4755903,-0.4755903,6.563131,46.87941,0,0.4969919,0,0,4.045604
1/4/2007 2:00:00 AM,0,0,-59.3882,90,0,0,0.3906207,0.3906207,0,-1,0,0.3906207,0,0,5.551115E-17,0,0,0.4111797,0.3906207,0,0,7.839178,3.570014,0,0.4111797,-0.4111797,6.129709,43.78355,0,0.4296828,0,0,3.570014
1/4/2007 3:00:00 AM,0,0,-66.15261,90,0,0,0.08026233,0.08026233,0,-1,0,0.08026233,0,0,1.387779E-17,0,0,0.08448666,0.08026233,0,0,8.296044,3.158834,0,0.08448666,-0.08448666,6.040652,43.14743,0,0.08828855,0,0,3.158834
1/4/2007 4:00:00 AM,0,0,-68.56158,90,0,0,0.002955144,0.002955144,0,-1,0,0.002955144,0,0,4.336809E-19,0,0,0.003110677,0.002955144,0,0,8.389918,3.074347,0,0.003110677,-0.003110677,6.037374,43.12401,0,0.003250658,0,0,3.074347
1/4/2007 5:00:00 AM,0,0,-68.83775,90,0,0,0.182876,0.182876,0,0,0,0.182876,0,0,2.775558E-17,0,0,0.192501,0.182876,0,0,8.393374,3.071237,0,0.192501,-0.192501,5.83446,41.67463,0,0.2011636,0,0,3.071237
1/4/2007 6:00:00 AM,0.001396567,0,-67.66837,90,0,0,0.3101141,0.3101141,0,0,0,0.3101141,0,0,5.551115E-17,0,0,0.326436,0.3101141,0,0,8.607265,2.878736,0,0.326436,-0.326436,5.490366,39.21682,0,0.3411256,0,0,2.878736
1/4/2007 7:00:00 AM,0.0564668,8.260301,-65.15175,78.04327,0.0574417,0.2577983,0,0,0,0,0,0,0,0,0,0,0.2577983,0,0,0,0,8.969972,2.5523,0.2577983,0,0.2577983,5.734935,40.96374,0,0,0.2062387,0,2.810098
1/4/2007 8:00:00 AM,0.2004859,21.48465,-60.99622,64.37119,0.2067318,0.9278123,0.01625363,0.01625363,0,0,0,0.01625363,5708.339,0,0,0,0.9278123,0.01710909,0.01625363,0,0,8.712173,2.784318,0.9107033,0,0.9107033,6.598904,47.13493,0,0.01787899,0.7422499,0,3.712131
1/4/2007 9:00:00 AM,0.4016865,34.03698,-54.44366,51.06519,0.4245787,1.905509,0,0,0,-1,0,0,0,0,0,0,1.905509,0,0,0,0,7.80147,3.603951,1.905509,0,1.905509,8.406629,60.04723,0,0,1.524408,0,5.50946
1/4/2007 10:00:00 AM,0.3202593,45.30926,-44.00337,38.60072,0.3216372,1.443508,2.104058,2.104058,0,0,0,2.104058,68.60589,0,0,0,1.443508,2.214798,2.104058,0,0,5.89596,5.31891,0,0.7712902,-0.7712902,7.593617,54.24002,0,2.314464,1.154806,0,6.762417
1/4/2007 11:00:00 AM,0.1218587,54.04757,-27.34379,28.19584,0.1213832,0.5447679,0.9059845,0.9059845,0,0,0,0.9059845,60.12994,0,1.110223E-16,0,0.5447679,0.9536679,0.9059845,0,0,6.75295,4.547619,0,0.4089,-0.4089,7.162599,51.16132,0,0.996583,0.4358144,0,5.092388
1/4/2007 12:00:00 PM,0.319373,58.07962,-3.51411,22.91136,0.3190297,1.431805,0.2361085,0.2361085,0,0,0,0.2361085,606.4185,0,0,0,1.431805,0.2485352,0.2361085,0,0,7.207283,4.13872,1.18327,0,1.18327,8.285148,59.17951,0,0.2597193,1.145444,0,5.570525
1/4/2007 1:00:00 PM,0.5423717,55.69747,21.55712,26.08877,0.5583194,2.505738,0.7432807,0.7432807,0,0,0,0.7432807,337.1186,0,0,0,2.505738,0.7824008,0.7432807,0,0,6.024013,5.203663,1.723337,0,1.723337,9.920049,70.85735,0,0.8176088,2.00459,0,7.709401
1/4/2007 2:00:00 PM,0.1238305,47.98087,40.24257,35.51914,0.1233725,0.5536957,1.005056,1.005056,0,-1,0,1.005056,55.09103,0,0,0,0.5536957,1.057954,1.005056,0,0,4.300676,6.754666,0,0.5042579,-0.5042579,9.388515,67.06068,0,1.105562,0.4429566,0,7.308362
1/4/2007 3:00:00 PM,0.1481758,37.22844,52.10466,47.60261,0.1477778,0.6632267,0.3095593,0.3095593,0,0,0,0.3095593,214.2487,0,0,0,0.6632267,0.3258519,0.3095593,0,0,4.860962,6.250408,0.3373749,0,0.3373749,9.708576,69.34683,0,0.3405152,0.5305814,0,6.913635
1/4/2007 4:00:00 PM,0.09439445,24.94146,59.51693,60.74661,0.09418964,0.4227231,0,0,0,0,0,0,0,0,0,0,0.4227231,0,0,0,0,4.523587,6.554046,0.4227231,0,0.4227231,10.10961,72.21133,0,0,0.3381785,0,6.976768
1/4/2007 5:00:00 PM,0.05515802,11.85911,64.21771,74.34872,0.05524664,0.2479469,0.2810666,0.2810666,0,0,0,0.2810666,88.21642,0,0,0,0.2479469,0.2958596,0.2810666,0,0,4.100864,6.934496,0,0.04791267,-0.04791267,10.0591,71.85059,0,0.3091733,0.1983575,0,7.182443
1/4/2007 6:00:00 PM,0.01462315,0,67.12976,90,0,0,1.675708,1.675708,0,0,0,1.675708,0,0,2.220446E-16,0,0,1.763903,1.675708,0,0,4.1541,6.886584,0,1.763903,-1.763903,8.199785,58.56978,0,1.843279,0,0,6.886584
1/4/2007 7:00:00 PM,0,0,68.65388,90,0,0,1.032784,1.032784,0,-1,0,1.032784,0,0,0,0,0,1.087141,1.032784,0,0,6.113993,5.122681,0,1.087141,-1.087141,7.053838,50.38446,0,1.136062,0,0,5.122681
1/4/2007 8:00:00 PM,0,0,68.80161,90,0,0,0.2444637,0.2444637,0,-1,0,0.2444637,0,0,2.775558E-17,0,0,0.2573302,0.2444637,0,0,7.321927,4.03554,0,0.2573302,-0.2573302,6.782588,48.44696,0,0.26891,0,0,4.03554
1/4/2007 9:00:00 PM,0,0,67.08897,90,0,0,1.215457,1.215457,0,-1,0,1.215457,0,0,0,0,0,1.279429,1.215457,0,0,7.607849,3.77821,0,1.279429,-1.279429,5.433952,38.81387,0,1.337003,0,0,3.77821
1/4/2007 10:00:00 PM,0,0,61.89367,90,0,0,0.2659344,0.2659344,0,-1,0,0.2659344,0,0,5.551115E-17,0,0,0.2799309,0.2659344,0,0,9.029437,2.498781,0,0.2799309,-0.2799309,5.138879,36.7062,0,0.2925279,0,0,2.498781
1/4/2007 11:00:00 PM,0,0,47.71067,90,0,0,0.2663254,0.2663254,0,-1,0,0.2663254,0,0,5.551115E-17,0,0,0.2803425,0.2663254,0,0,9.340471,2.21885,0,0.2803425,-0.2803425,4.843372,34.59544,0,0.292958,0,0,2.21885
1/5/2007 12:00:00 AM,0,0,8.193862,90,0,0,0.02691951,0.02691951,0,-1,0,0.02691951,0,0,3.469447E-18,0,0,0.02833632,0.02691951,0,0,9.651963,1.938508,0,0.02833632,-0.02833632,4.813503,34.3821,0,0.02961146,0,0,1.938508
1/5/2007 1:00:00 AM,0,0,-40.4529,90,0,0,0.1997016,0.1997016,0,-1,0,0.1997016,0,0,2.775558E-17,0,0,0.2102122,0.1997016,0,0,9.683448,1.910171,0,0.2102122,-0.2102122,4.59192,32.79936,0,0.2196718,0,0,1.910171
1/5/2007 2:00:00 AM,0,0,-59.48455,90,0,0,0.1315348,0.1315348,0,-1,0,0.1315348,0,0,2.775558E-17,0,0,0.1384576,0.1315348,0,0,9.917017,1.699959,0,0.1384576,-0.1384576,4.445972,31.75688,0,0.1446882,0,0,1.699959
1/5/2007 3:00:00 AM,0,0,-66.25872,90,0,0,0.5194412,0.5194412,0,-1,0,0.5194412,0,0,0,0,0,0.5467802,0.5194412,0,0,10.07086,1.561501,0,0.5467802,-0.5467802,3.869616,27.64006,0,0.5713853,0,0,1.561501
1/5/2007 4:00:00 AM,0,0,-68.6657,90,0,0,0.08027751,0.08027751,0,-1,0,0.08027751,0,0,1.387779E-17,0,0,0.08450264,0.08027751,0,0,10.67839,1.014721,0,0.08450264,-0.08450264,3.780542,27.00382,0,0.08830526,0,0,1.014721
1/5/2007 5:00:00 AM,0,0,-68.94153,90,0,0,0.451719,0.451719,0,0,0,0.451719,0,0,5.551115E-17,0,0,0.4754937,0.451719,0,0,10.77228,0.9302185,0,0.4754937,-0.4754937,3.279328,23.42372,0,0.4968909,0,0,0.9302185
1/5/2007 6:00:00 AM,0.000681252,0,-67.77593,90,0,0,0.08658159,0.08658159,0,0,0,0.08658159,0,0,1.387779E-17,0,0,0.09113852,0.08658159,0,0,11.30061,0.4547248,0,0.09113852,-0.09113852,3.183259,22.73752,0,0.09523975,0,0,0.4547248
1/5/2007 7:00:00 AM,0.07869507,8.18406,-65.26849,78.13553,0.08541105,0.3833248,0,0,0,0,0,0,0,0,0,0,0.3833248,0,0,0,0,11.40188,0.3635863,0.3833248,0,0.3833248,3.546913,25.33504,0,0,0.3066598,0,0.7469111
1/5/2007 8:00:00 AM,0.182332,21.42287,-61.12932,64.45112,0.1859924,0.8347338,0.6699032,0.6699032,0,0,0,0.6699032,124.6051,0,0,0,0.8347338,0.7051612,0.6699032,0,0,11.01855,0.7085786,0.1295726,0,0.1295726,3.669837,26.21306,0,0.7368935,0.6677871,0,1.543312
1/5/2007 9:00:00 AM,0.2065261,33.99511,-54.60286,51.12816,0.2065514,0.9270027,0.6213847,0.6213847,0,-1,0,0.6213847,149.1834,0,0,0,0.9270027,0.6540892,0.6213847,0,0,10.88898,0.8251939,0.2729135,0,0.2729135,3.928745,28.06241,0,0.6835232,0.7416022,0,1.752197
1/5/2007 10:00:00 AM,0.325105,45.29703,-44.19942,38.6369,0.3266926,1.466196,0.4312661,0.4312661,0,0,0,0.4312661,339.9749,0,0,0,1.466196,0.4539643,0.4312661,0,0,10.61607,1.070816,1.012232,0,1.012232,4.889032,34.92159,0,0.4743927,1.172957,0,2.537013
1/5/2007 11:00:00 AM,0.288039,54.07996,-27.57312,28.18444,0.2875628,1.290582,0.09746833,0.09746833,0,0,0,0.09746833,1324.104,0,0,0,1.290582,0.1025982,0.09746833,0,0,9.603832,1.981825,1.187984,0,1.187984,6.016053,42.97172,0,0.1072152,1.032466,0,3.272407
1/5/2007 12:00:00 PM,0.4582569,58.16724,-3.717067,22.8265,0.463616,2.080709,0,0,0,0,0,0,0,0,0,0,2.080709,0,0,0,0,8.415849,3.05101,2.080709,0,2.080709,7.989986,57.07122,0,0,1.664567,0,5.131719
1/5/2007 1:00:00 PM,0.08972704,55.82419,21.45809,25.95583,0.08934792,0.4009935,1.471783,1.471783,0,0,0,1.471783,27.24541,0,0,0,0.4009935,1.549246,1.471783,0,0,6.33514,4.923648,0,1.148252,-1.148252,6.779622,48.42577,0,1.618962,0.3207948,0,5.324641
1/5/2007 2:00:00 PM,0.2928005,48.11911,40.23148,35.38174,0.2928372,1.314253,0,0,0,-1,0,0,0,0,0,0,1.314253,0,0,0,0,7.610976,3.775396,1.314253,0,1.314253,8.026432,57.33154,0,0,1.051403,0,5.089649
1/5/2007 3:00:00 PM,0.3049999,37.36439,52.13749,47.47298,0.3085338,1.3847,1.924425,1.924425,0,0,0,1.924425,71.95393,0,2.220446E-16,0,1.3847,2.025711,1.924425,0,0,6.296723,4.958224,0,0.6410112,-0.6410112,7.350747,52.50523,0,2.116868,1.10776,0,6.342923
1/5/2007 4:00:00 PM,0.2248806,25.07106,59.57062,60.62613,0.2300673,1.032542,0,0,0,0,0,0,0,0,0,0,1.032542,0,0,0,0,7.008957,4.317213,1.032542,0,1.032542,8.330302,59.50204,0,0,0.8260338,0,5.349755
1/5/2007 5:00:00 PM,0.08889148,11.98143,64.28397,74.23724,0.09042348,0.4058206,0.5553905,0.5553905,0,0,0,0.5553905,73.06942,0,0,0,0.4058206,0.5846215,0.5553905,0,0,5.976415,5.2465,0,0.178801,-0.178801,8.141829,58.15581,0,0.6109295,0.3246565,0,5.652321
1/5/2007 6:00:00 PM,0.01483844,0,67.20725,90,0,0,0.08429566,0.08429566,0,0,0,0.08429566,0,0,1.387779E-17,0,0,0.08873227,0.08429566,0,0,6.175083,5.067699,0,0.08873227,-0.08873227,8.048298,57.48773,0,0.09272522,0,0,5.067699
1/5/2007 7:00:00 PM,0,0,68.74545,90,0,0,0.6454107,0.6454107,0,-1,0,0.6454107,0,0,0,0,0,0.6793796,0.6454107,0,0,6.273674,4.978967,0,0.6793796,-0.6793796,7.332169,52.37253,0,0.7099518,0,0,4.978967
1/5/2007 8:00:00 PM,0,0,68.91452,90,0,0,0.5380096,0.5380096,0,-1,0,0.5380096,0,0,0,0,0,0.566326,0.5380096,0,0,7.028541,4.299588,0,0.566326,-0.566326,6.735209,48.10854,0,0.5918106,0,0,4.299588
1/5/2007 9:00:00 PM,0,0,67.23844,90,0,0,0,0,0,-1,0,0,0,0,0,0,0,0,0,0,0,7.657792,3.733262,0,0,0,6.735209,48.10854,0,0,0,0,3.733262
1/5/2007 10:00:00 PM,0,0,62.11428,90,0,0,0.172194,0.172194,0,-1,0,0.172194,0,0,2.775558E-17,0,0,0.1812568,0.172194,0,0,7.657792,3.733262,0,0.1812568,-0.1812568,6.544147,46.74382,0,0.1894134,0,0,3.733262
1/5/2007 11:00:00 PM,0,0,48.08501,90,0,0,0.230143,0.230143,0,-1,0,0.230143,0,0,2.775558E-17,0,0,0.2422558,0.230143,0,0,7.859188,3.552005,0,0.2422558,-0.2422558,6.288787,44.91982,0,0.2531573,0,0,3.552005
1/6/2007 12:00:00 AM,0,0,8.672945,90,0,0,0.3303586,0.3303586,0,-1,0,0.3303586,0,0,5.551115E-17,0,0,0.3477458,0.3303586,0,0,8.128362,3.309749,0,0.3477458,-0.3477458,5.922231,42.30157,0,0.3633944,0,0,3.309749
1/6/2007 1:00:00 AM,0,0,-40.44829,90,0,0,0.1715188,0.1715188,0,-1,0,0.1715188,0,0,2.775558E-17,0,0,0.1805461,0.1715188,0,0,8.514746,2.962003,0,0.1805461,-0.1805461,5.731919,40.9422,0,0.1886707,0,0,2.962003
1/6/2007 2:00:00 AM,0,0,-59.5948,90,0,0,0.2515903,0.2515903,0,-1,0,0.2515903,0,0,0,0,0,0.2648319,0.2515903,0,0,8.715352,2.781457,0,0.2648319,-0.2648319,5.452762,38.94822,0,0.2767493,0,0,2.781457
1/6/2007 3:00:00 AM,0,0,-66.37514,90,0,0,0.01955243,0.01955243,0,-1,0,0.01955243,0,0,3.469447E-18,0,0,0.0205815,0.01955243,0,0,9.00961,2.516625,0,0.0205815,-0.0205815,5.431067,38.79325,0,0.02150767,0,0,2.516625
1/6/2007 4:00:00 AM,0,0,-68.77811,90,0,0,0.5321146,0.5321146,0,-1,0,0.5321146,0,0,1.110223E-16,0,0,0.5601206,0.5321146,0,0,9.032478,2.496044,0,0.5601206,-0.5601206,4.840648,34.57598,0,0.5853261,0,0,2.496044
1/6/2007 5:00:00 AM,0,0,-69.05246,90,0,0,0.3756936,0.3756936,0,0,0,0.3756936,0,0,5.551115E-17,0,0,0.395467,0.3756936,0,0,9.654835,1.935923,0,0.395467,-0.395467,4.423789,31.59843,0,0.413263,0,0,1.935923
1/6/2007 6:00:00 AM,0.001084721,0,-67.89004,90,0,0,0.3242675,0.3242675,0,0,0,0.3242675,0,0,0,0,0,0.3413342,0.3242675,0,0,10.09424,1.540456,0,0.3413342,-0.3413342,4.063991,29.02845,0,0.3566942,0,0,1.540456
1/6/2007 7:00:00 AM,0.1321421,8.11033,-65.39151,78.22622,0.1816117,0.8150733,0.1214724,0.1214724,0,0,0,0.1214724,670.9946,0,0,0,0.8150733,0.1278657,0.1214724,0,0,10.4735,1.199122,0.6872076,0,0.6872076,4.715933,33.68517,0,0.1336197,0.6520586,0,2.014195
1/6/2007 8:00:00 AM,0.4302843,21.36425,-61.26864,64.52883,0.5045347,2.264351,0,0,0,0,0,0,0,0,0,0,2.264351,0,0,0,0,9.786295,1.817609,2.264351,0,2.264351,6.864086,49.02909,0,0,1.811481,0,4.08196
1/6/2007 9:00:00 AM,0.7177265,33.95718,-54.76831,51.18814,0.8026395,3.602246,0,0,0,-1,0,0,0,0,0,0,3.602246,0,0,0,0,7.521944,3.855525,3.602246,0,3.602246,10.28148,73.43897,0,0,2.881797,0,7.457771
1/6/2007 10:00:00 AM,0.8607623,45.28965,-44.40151,38.66911,0.9425548,4.230186,0.6365578,0.6365578,0,0,0,0.6365578,664.5408,0,0,0,4.230186,0.6700608,0.6365578,0,0,3.919698,7.097547,3.560125,0,3.560125,13.65891,97.56343,0,0.7002136,3.384149,0,11.32773
1/6/2007 11:00:00 AM,0.9368334,54.11822,-27.80695,28.16783,1.015929,4.559488,0,0,0,0,0,0,0,4.199915,0,0,4.559488,0,0,0,0,0.3595723,10.30166,0.3595723,0,0.3595723,14.00003,100,0,0,3.64759,0,14.86115
1/6/2007 12:00:00 PM,0.990012,58.26125,-3.919996,22.73541,1.070311,4.803557,0,0,0,0,0,0,0,4.803557,0,0,4.803557,0,0,0,0,0,10.62527,0,0,0,14.00003,100,0,0,3.842846,0,15.42883
1/6/2007 1:00:00 PM,1.032254,55.95657,21.36475,25.81772,1.118598,5.020266,0.9135928,0.9135928,0,0,0,0.9135928,549.508,4.058589,0,0,5.020266,0.9616767,0.9135928,0,0,0,10.62527,0,0,0,14.00003,100,0,1.004952,4.016212,0,15.64554
1/6/2007 2:00:00 PM,0.9024954,48.26145,40.22836,35.24125,0.9847104,4.41938,0.1608516,0.1608516,0,-1,0,0.1608516,2747.488,4.250063,0,0,4.41938,0.1693175,0.1608516,0,0,0,10.62527,0,0,0,14.00003,100,0,0.1769368,3.535504,0,15.04465
1/6/2007 3:00:00 PM,0.7487394,37.50302,52.17824,47.34178,0.8303384,3.726559,1.335894,1.335894,0,0,0,1.335894,278.9561,2.320354,0,0,3.726559,1.406205,1.335894,0,0,0,10.62527,0,0,0,14.00003,100,0,1.469484,2.981247,0,14.35183
1/6/2007 4:00:00 PM,0.5215095,25.20224,59.63168,60.50513,0.5998284,2.69203,0.4011005,0.4011005,0,0,0,0.4011005,671.1609,2.269819,0,0,2.69203,0.4222111,0.4011005,0,0,0,10.62527,0,0,0,14.00003,100,0,0.4412106,2.153624,0,13.3173
1/6/2007 5:00:00 PM,0.1997071,12.10449,64.35713,74.12605,0.2517448,1.129831,0.7347758,0.7347758,0,0,0,0.7347758,153.7654,0.3563825,0,0,1.129831,0.7734483,0.7347758,0,0,0,10.62527,0,0,0,14.00003,100,0,0.8082535,0.9038646,0,11.75511
1/6/2007 6:00:00 PM,0.0115686,0,67.29149,90,0,0,0,0,0,0,0,0,0,0,0,0,0,0,0,0,0,0,10.62527,0,0,0,14.00003,100,0,0,0,0,10.62527
1/6/2007 7:00:00 PM,0,0,68.84389,90,0,0,0.8428082,0.8428082,0,-1,0,0.8428082,0,0,1.110223E-16,0,0,0.8871666,0.8428082,0,0,0,10.62527,0,0.8871666,-0.8871666,13.06487,93.32033,0,0.9270891,0,0,10.62527
1/6/2007 8:00:00 PM,0,0,69.03479,90,0,0,0.08889528,0.08889528,0,-1,0,0.08889528,0,0,1.387779E-17,0,0,0.09357399,0.08889528,0,0,0.9857407,9.738108,0,0.09357399,-0.09357399,12.96624,92.61579,0,0.09778481,0,0,9.738108
1/6/2007 9:00:00 PM,0,0,67.39626,90,0,0,0,0,0,-1,0,0,0,0,0,0,0,0,0,0,0,1.089712,9.644533,0,0,0,12.96624,92.61579,0,0,0,0,9.644533
1/6/2007 10:00:00 PM,0,0,62.34493,90,0,0,0.2745807,0.2745807,0,-1,0,0.2745807,0,0,5.551115E-17,0,0,0.2890323,0.2745807,0,0,1.089712,9.644533,0,0.2890323,-0.2890323,12.66157,90.43961,0,0.3020388,0,0,9.644533
1/6/2007 11:00:00 PM,0,0,48.47151,90,0,0,0.09010928,0.09010928,0,-1,0,0.09010928,0,0,0,0,0,0.09485187,0.09010928,0,0,1.410859,9.355501,0,0.09485187,-0.09485187,12.56159,89.72544,0,0.09912021,0,0,9.355501
1/7/2007 12:00:00 AM,0,0,9.1579,90,0,0,0.07792867,0.07792867,0,-1,0,0.07792867,0,0,0,0,0,0.08203018,0.07792867,0,0,1.51625,9.26065,0,0.08203018,-0.08203018,12.47512,89.10782,0,0.08572154,0,0,9.26065
1/7/2007 1:00:00 AM,0,0,-40.46095,90,0,0,0.1750885,0.1750885,0,-1,0,0.1750885,0,0,0,0,0,0.1843037,0.1750885,0,0,1.607394,9.178619,0,0.1843037,-0.1843037,12.28085,87.72016,0,0.1925973,0,0,9.178619
1/7/2007 2:00:00 AM,0,0,-59.71914,90,0,0,0.4592066,0.4592066,0,-1,0,0.4592066,0,0,5.551115E-17,0,0,0.4833754,0.4592066,0,0,1.812176,8.994315,0,0.4833754,-0.4833754,11.77132,84.08072,0,0.5051273,0,0,8.994315
1/7/2007 3:00:00 AM,0,0,-66.50193,90,0,0,0.0834191,0.0834191,0,-1,0,0.0834191,0,0,1.387779E-17,0,0,0.08780958,0.0834191,0,0,2.34926,8.510941,0,0.08780958,-0.08780958,11.67877,83.41958,0,0.09176101,0,0,8.510941
1/7/2007 4:00:00 AM,0,0,-68.8988,90,0,0,0.2019898,0.2019898,0,-1,0,0.2019898,0,0,0,0,0,0.2126208,0.2019898,0,0,2.446826,8.423131,0,0.2126208,-0.2126208,11.45464,81.81871,0,0.2221888,0,0,8.423131
1/7/2007 5:00:00 AM,0,0,-69.17051,90,0,0,0.2249046,0.2249046,0,0,0,0.2249046,0,0,2.775558E-17,0,0,0.2367417,0.2249046,0,0,2.683072,8.21051,0,0.2367417,-0.2367417,11.2051,80.03623,0,0.2473951,0,0,8.21051
1/7/2007 6:00:00 AM,0.0009695232,0,-68.01064,90,0,0,0,0,0,0,0,0,0,0,0,0,0,0,0,0,0,2.946118,7.973768,0,0,0,11.2051,80.03623,0,0,0,0,7.973768
1/7/2007 7:00:00 AM,0.109305,8.039177,-65.52074,78.31528,0.1385892,0.6219883,0,0,0,0,0,0,0,0,0,0,0.6219883,0,0,0,0,2.946118,7.973768,0.6219883,0,0.6219883,11.79517,84.25101,0,0,0.4975906,0,8.595757
1/7/2007 8:00:00 AM,0.3018528,21.30885,-61.41413,64.60426,0.3389643,1.521272,0.3421423,0.3421423,0,0,0,0.3421423,444.6313,0,0,0,1.521272,0.3601498,0.3421423,0,0,2.32413,8.533558,1.161122,0,1.161122,12.8967,92.11912,0,0.3763565,1.217017,0,10.05483
1/7/2007 9:00:00 AM,0.5661517,33.92322,-54.93997,51.24509,0.6290356,2.823112,0.2978216,0.2978216,0,-1,0,0.2978216,947.9205,1.346608,0,0,2.823112,0.3134964,0.2978216,0,0,1.163008,9.578568,1.163008,0,1.163008,14.00003,100,0,0.3276038,2.258489,0,12.40168
1/7/2007 10:00:00 AM,0.8407726,45.28714,-44.60958,38.69735,0.9201165,4.129483,1.478663,1.478663,0,0,0,1.478663,279.2714,2.572995,0,0,4.129483,1.556488,1.478663,0,0,0,10.62527,0,0,0,14.00003,100,0,1.626529,3.303586,0,14.75476
1/7/2007 11:00:00 AM,0.8038797,54.16232,-28.04527,28.14602,0.8671108,3.891594,0.0941228,0.0941228,0,0,0,0.0941228,4134.592,3.792517,0,0,3.891594,0.09907664,0.0941228,0,0,0,10.62527,0,0,0,14.00003,100,0,0.1035351,3.113275,0,14.51687
1/7/2007 12:00:00 PM,0.9543476,58.36165,-4.122851,22.63809,1.031037,4.627293,0,0,0,0,0,0,0,4.627293,0,0,4.627293,0,0,0,0,0,10.62527,0,0,0,14.00003,100,0,0,3.701834,0,15.25257
1/7/2007 1:00:00 PM,0.9310331,56.09457,21.27723,25.6745,1.007478,4.52156,0,0,0,0,0,0,0,4.52156,0,0,4.52156,0,0,0,0,0,10.62527,0,0,0,14.00003,100,0,0,3.617248,0,15.14683
1/7/2007 2:00:00 PM,0.87279,48.40782,40.23335,35.09774,0.9514747,4.270218,0.2212979,0.2212979,0,-1,0,0.2212979,1929.624,4.037273,0,0,4.270218,0.2329452,0.2212979,0,0,0,10.62527,0,0,0,14.00003,100,0,0.2434277,3.416175,0,14.89549
1/7/2007 3:00:00 PM,0.715812,37.64424,52.22699,47.20911,0.7928146,3.558152,0.02307358,0.02307358,0,0,0,0.02307358,15420.89,3.533864,0,0,3.558152,0.02428798,0.02307358,0,0,0,10.62527,0,0,0,14.00003,100,0,0.02538094,2.846522,0,14.18343
1/7/2007 4:00:00 PM,0.4911869,25.33492,59.70012,60.38371,0.5637252,2.529999,1.437567,1.437567,0,0,0,1.437567,175.9917,1.016771,0,0,2.529999,1.513228,1.437567,0,0,0,10.62527,0,0,0,14.00003,100,0,1.581324,2.023999,0,13.15527
1/7/2007 5:00:00 PM,0.2093229,12.22821,64.43723,74.01521,0.2652477,1.190432,0.19688,0.19688,0,0,0,0.19688,604.6484,0.9831896,0,0,1.190432,0.2072421,0.19688,0,0,0,10.62527,0,0,0,14.00003,100,0,0.216568,0.9523454,0,11.81571
1/7/2007 6:00:00 PM,0.01456242,0,67.38245,90,0,0,0,0,0,0,0,0,0,0,0,0,0,0,0,0,0,0,10.62527,0,0,0,14.00003,100,0,0,0,0,10.62527
1/7/2007 7:00:00 PM,0,0,68.94917,90,0,0,0.7225508,0.7225508,0,-1,0,0.7225508,0,0,1.110223E-16,0,0,0.7605798,0.7225508,0,0,0,10.62527,0,0.7605798,-0.7605798,13.19831,94.27343,0,0.7948059,0,0,10.62527
1/7/2007 8:00:00 PM,0,0,69.16236,90,0,0,0.7005827,0.7005827,0,-1,0,0.7005827,0,0,0,0,0,0.7374555,0.7005827,0,0,0.8450887,9.864695,0,0.7374555,-0.7374555,12.42096,88.72097,0,0.770641,0,0,9.864695
1/7/2007 9:00:00 PM,0,0,67.56236,90,0,0,0,0,0,-1,0,0,0,0,0,0,0,0,0,0,0,1.664484,9.127239,0,0,0,12.42096,88.72097,0,0,0,0,9.127239
1/7/2007 10:00:00 PM,0,0,62.58551,90,0,0,0.1076061,0.1076061,0,-1,0,0.1076061,0,0,1.387779E-17,0,0,0.1132695,0.1076061,0,0,1.664484,9.127239,0,0.1132695,-0.1132695,12.30156,87.86813,0,0.1183667,0,0,9.127239
1/7/2007 11:00:00 PM,0,0,48.87015,90,0,0,0.03578453,0.03578453,0,-1,0,0.03578453,0,0,0,0,0,0.03766793,0.03578453,0,0,1.790339,9.013969,0,0.03766793,-0.03766793,12.26186,87.58453,0,0.03936299,0,0,9.013969
1/8/2007 12:00:00 AM,0,0,9.649125,90,0,0,0.1263851,0.1263851,0,-1,0,0.1263851,0,0,0,0,0,0.133037,0.1263851,0,0,1.832192,8.976301,0,0.133037,-0.133037,12.12162,86.58286,0,0.1390236,0,0,8.976301
1/8/2007 1:00:00 AM,0,0,-40.49142,90,0,0,0.3093063,0.3093063,0,-1,0,0.3093063,0,0,5.551115E-17,0,0,0.3255856,0.3093063,0,0,1.980011,8.843265,0,0.3255856,-0.3255856,11.77843,84.13145,0,0.3402369,0,0,8.843265
1/8/2007 2:00:00 AM,0,0,-59.85777,90,0,0,0.1378699,0.1378699,0,-1,0,0.1378699,0,0,2.775558E-17,0,0,0.1451262,0.1378699,0,0,2.341773,8.517679,0,0.1451262,-0.1451262,11.62545,83.03877,0,0.1516569,0,0,8.517679
1/8/2007 3:00:00 AM,0,0,-66.63914,90,0,0,0.1050036,0.1050036,0,-1,0,0.1050036,0,0,1.387779E-17,0,0,0.1105301,0.1050036,0,0,2.503024,8.372553,0,0.1105301,-0.1105301,11.50894,82.20657,0,0.1155039,0,0,8.372553
1/8/2007 4:00:00 AM,0,0,-69.02777,90,0,0,0.2936247,0.2936247,0,-1,0,0.2936247,0,0,0,0,0,0.3090787,0.2936247,0,0,2.625835,8.262023,0,0.3090787,-0.3090787,11.18314,79.87945,0,0.3229872,0,0,8.262023
1/8/2007 5:00:00 AM,0,0,-69.29566,90,0,0,0,0,0,0,0,0,0,0,0,0,0,0,0,0,0,2.969256,7.952944,0,0,0,11.18314,79.87945,0,0,0,0,7.952944
1/8/2007 6:00:00 AM,0.000886008,0,-68.13771,90,0,0,0.2513528,0.2513528,0,0,0,0.2513528,0,0,5.551115E-17,0,0,0.2645819,0.2513528,0,0,2.969256,7.952944,0,0.2645819,-0.2645819,10.90425,77.88735,0,0.2764881,0,0,7.952944
1/8/2007 7:00:00 AM,0.1547532,7.970668,-65.65615,78.40262,0.2206382,0.9902241,0.2252422,0.2252422,0,0,0,0.2252422,439.6263,0,0,0,0.9902241,0.2370971,0.2252422,0,0,3.263236,7.688362,0.753127,0,0.753127,11.61873,82.99076,0,0.2477665,0.7921792,0,8.678586
1/8/2007 8:00:00 AM,0.3836554,21.25671,-61.56573,64.67734,0.4481316,2.011214,0.6935341,0.6935341,0,0,0,0.6935341,289.995,0,0,0,2.011214,0.7300358,0.6935341,0,0,2.510109,8.366177,1.281178,0,1.281178,12.83416,91.6724,0,0.7628875,1.608971,0,10.37739
1/8/2007 9:00:00 AM,0.5146025,33.89325,-55.11777,51.29898,0.5659232,2.539863,0.731821,0.731821,0,-1,0,0.731821,347.0607,0.5405949,0,0,2.539863,0.7703379,0.731821,0,0,1.22893,9.519237,1.22893,0,1.22893,14.00003,100,0,0.8050031,2.03189,0,12.0591
1/8/2007 10:00:00 AM,0.72628,45.28951,-44.82357,38.72161,0.7915943,3.552675,1.540788,1.540788,0,0,0,1.540788,230.5752,1.930793,0,0,3.552675,1.621882,1.540788,0,0,0,10.62527,0,0,0,14.00003,100,0,1.694867,2.84214,0,14.17795
1/8/2007 11:00:00 AM,0.7988151,54.21226,-28.28803,28.11903,0.8609416,3.863906,1.715037,1.715037,0,0,0,1.715037,225.2958,2.058604,0,0,3.863906,1.805302,1.715037,0,0,0,10.62527,0,0,0,14.00003,100,0,1.88654,3.091125,0,14.48918
1/8/2007 12:00:00 PM,0.9536217,58.46841,-4.325587,22.53458,1.029855,4.621989,0.02645667,0.02645667,0,0,0,0.02645667,17470.04,4.59414,0,0,4.621989,0.02784912,0.02645667,0,0,0,10.62527,0,0,0,14.00003,100,0,0.02910233,3.697591,0,15.24726
1/8/2007 1:00:00 PM,0.9715855,56.23814,21.19568,25.52621,1.051322,4.718334,1.341838,1.341838,0,0,0,1.341838,351.6322,3.305873,0,0,4.718334,1.412461,1.341838,0,0,0,10.62527,0,0,0,14.00003,100,0,1.476022,3.774667,0,15.34361
1/8/2007 2:00:00 PM,0.8718801,48.55814,40.24658,34.95134,0.9499687,4.26346,1.0477,1.0477,0,-1,0,1.0477,406.935,3.160617,0,0,4.26346,1.102843,1.0477,0,0,0,10.62527,0,0,0,14.00003,100,0,1.15247,3.410768,0,14.88873
1/8/2007 3:00:00 PM,0.6513196,37.78795,52.28379,47.07508,0.7195379,3.229286,0.6901909,0.6901909,0,0,0,0.6901909,467.883,2.502769,0,0,3.229286,0.7265167,0.6901909,0,0,0,10.62527,0,0,0,14.00003,100,0,0.75921,2.583429,0,13.85456
1/8/2007 4:00:00 PM,0.4150728,25.469,59.77597,60.26197,0.470533,2.111752,1.263132,1.263132,0,0,0,1.263132,167.1838,0.7821398,0,0,2.111752,1.329612,1.263132,0,0,0,10.62527,0,0,0,14.00003,100,0,1.389445,1.689402,0,12.73703
1/8/2007 5:00:00 PM,0.1925695,12.35248,64.52424,73.90482,0.2377326,1.066944,0.8251153,0.8251153,0,0,0,0.8251153,129.3085,0.1984017,0,0,1.066944,0.8685424,0.8251153,0,0,0,10.62527,0,0,0,14.00003,100,0,0.9076268,0.8535553,0,11.69222
1/8/2007 6:00:00 PM,0.01669082,0,67.48012,90,0,0,1.16514,1.16514,0,0,0,1.16514,0,0,0,0,0,1.226463,1.16514,0,0,0,10.62527,0,1.226463,-1.226463,12.70722,90.76569,0,1.281654,0,0,10.62527
1/8/2007 7:00:00 PM,0,0,69.06126,90,0,0,2.259979,2.259979,0,-1,0,2.259979,0,0,4.440892E-16,0,0,2.378925,2.259979,0,0,1.362737,9.39881,0,2.378925,-2.378925,10.19962,72.85425,0,2.485976,0,0,9.39881
1/8/2007 8:00:00 PM,0,0,69.2972,90,0,0,1.962184,1.962184,0,-1,0,1.962184,0,0,4.440892E-16,0,0,2.065457,1.962184,0,0,4.005987,7.019886,0,2.065457,-2.065457,8.022432,57.30297,0,2.158403,0,0,7.019886
1/8/2007 9:00:00 PM,0,0,67.73666,90,0,0,1.126499,1.126499,0,-1,0,1.126499,0,0,0,0,0,1.185788,1.126499,0,0,6.30094,4.954429,0,1.185788,-1.185788,6.772502,48.37492,0,1.239148,0,0,4.954429
1/8/2007 10:00:00 PM,0,0,62.83595,90,0,0,0.3383542,0.3383542,0,-1,0,0.3383542,0,0,0,0,0,0.3561623,0.3383542,0,0,7.618482,3.768641,0,0.3561623,-0.3561623,6.397074,45.69329,0,0.3721896,0,0,3.768641
1/8/2007 11:00:00 PM,0,0,49.28095,90,0,0,0,0,0,-1,0,0,0,0,0,0,0,0,0,0,0,8.014217,3.412478,0,0,0,6.397074,45.69329,0,0,0,0,3.412478
1/9/2007 12:00:00 AM,0,0,10.14704,90,0,0,0.2341538,0.2341538,0,-1,0,0.2341538,0,0,2.775558E-17,0,0,0.2464777,0.2341538,0,0,8.014217,3.412478,0,0.2464777,-0.2464777,6.137263,43.83751,0,0.2575692,0,0,3.412478
1/9/2007 1:00:00 AM,0,0,-40.54027,90,0,0,0.2579508,0.2579508,0,-1,0,0.2579508,0,0,5.551115E-17,0,0,0.2715272,0.2579508,0,0,8.288081,3.166001,0,0.2715272,-0.2715272,5.851049,41.79312,0,0.2837459,0,0,3.166001
1/9/2007 2:00:00 AM,0,0,-60.01089,90,0,0,0.2901148,0.2901148,0,-1,0,0.2901148,0,0,5.551115E-17,0,0,0.305384,0.2901148,0,0,8.589778,2.894474,0,0.305384,-0.305384,5.529146,39.49382,0,0.3191263,0,0,2.894474
1/9/2007 3:00:00 AM,0,0,-66.78683,90,0,0,0.2976318,0.2976318,0,-1,0,0.2976318,0,0,5.551115E-17,0,0,0.3132967,0.2976318,0,0,8.929094,2.58909,0,0.3132967,-0.3132967,5.198902,37.13494,0,0.327395,0,0,2.58909
1/9/2007 4:00:00 AM,0,0,-69.16502,90,0,0,0.3760293,0.3760293,0,-1,0,0.3760293,0,0,5.551115E-17,0,0,0.3958203,0.3760293,0,0,9.277202,2.275793,0,0.3958203,-0.3958203,4.781671,34.15472,0,0.4136322,0,0,2.275793
1/9/2007 5:00:00 AM,0,0,-69.42788,90,0,0,0,0,0,0,0,0,0,0,0,0,0,0,0,0,0,9.717002,1.879973,0,0,0,4.781671,34.15472,0,0,0,0,1.879973
1/9/2007 6:00:00 AM,0.0006866917,0,-68.27119,90,0,0,0.2985942,0.2985942,0,0,0,0.2985942,0,0,0,0,0,0.3143097,0.2985942,0,0,9.717002,1.879973,0,0.3143097,-0.3143097,4.450359,31.78822,0,0.3284537,0,0,1.879973
1/9/2007 7:00:00 AM,0.1102289,7.904867,-65.79768,78.48819,0.1417775,0.6362973,1.106413,1.106413,0,0,0,1.106413,57.50991,0,0,0,0.6362973,1.164646,1.106413,0,0,10.06623,1.565663,0,0.5283484,-0.5283484,3.893431,27.81017,0,1.217055,0.5090379,0,2.20196
1/9/2007 8:00:00 AM,0.3135049,21.2079,-61.72339,64.74803,0.3552222,1.594237,0.9809688,0.9809688,0,0,0,0.9809688,162.5166,0,0,0,1.594237,1.032599,0.9809688,0,0,10.65329,1.037315,0.5616386,0,0.5616386,4.426249,31.616,0,1.079066,1.27539,0,2.631552
1/9/2007 9:00:00 AM,0.5271484,33.86731,-55.30165,51.34977,0.5812923,2.60884,1.114621,1.114621,0,-1,0,1.114621,234.0561,0,0,0,2.60884,1.173286,1.114621,0,0,10.09165,1.542789,1.435554,0,1.435554,5.788135,41.34373,0,1.226084,2.087072,0,4.151629
1/9/2007 10:00:00 AM,0.8341396,45.29676,-45.04345,38.74189,0.9120913,4.093465,0.2834285,0.2834285,0,0,0,0.2834285,1444.267,0,0,0,4.093465,0.2983458,0.2834285,0,0,8.656096,2.834788,3.79512,0,3.79512,9.388501,67.06059,0,0.3117714,3.274772,0,6.928254
1/9/2007 11:00:00 AM,0.9080145,54.26802,-28.53523,28.08688,0.9833231,4.413154,0.4202218,0.4202218,0,0,0,0.4202218,1050.197,0,0,0,4.413154,0.4423387,0.4202218,0,0,4.860976,6.250396,3.970815,0,3.970815,13.15555,93.96801,0,0.4622439,3.530523,0,10.66355
1/9/2007 12:00:00 PM,1.062891,58.5815,-4.528159,22.42489,1.148564,5.154757,1.72999,1.72999,0,0,0,1.72999,297.9646,2.443554,0,0,5.154757,1.821042,1.72999,0,0,0.8901606,9.82413,0.8901606,0,0.8901606,14.00003,100,0,1.902989,4.123805,0,14.97889
1/9/2007 1:00:00 PM,1.075064,56.38722,21.12022,25.3729,1.163949,5.223805,0.575216,0.575216,0,0,0,0.575216,908.1468,4.618315,0,0,5.223805,0.6054905,0.575216,0,0,0,10.62527,0,0,0,14.00003,100,0,0.6327376,4.179044,0,15.84908
1/9/2007 2:00:00 PM,0.9067171,48.71233,40.26817,34.80213,0.9877867,4.433187,0.4885415,0.4885415,0,-1,0,0.4885415,907.4329,3.918933,0,0,4.433187,0.5142543,0.4885415,0,0,0,10.62527,0,0,0,14.00003,100,0,0.5373957,3.54655,0,15.05846
1/9/2007 3:00:00 PM,0.7043362,37.93406,52.34874,46.9398,0.7788015,3.495261,1.623386,1.623386,0,0,0,1.623386,215.3068,1.786434,0,0,3.495261,1.708828,1.623386,0,0,0,10.62527,0,0,0,14.00003,100,0,1.785725,2.796209,0,14.12053
1/9/2007 4:00:00 PM,0.4523128,25.60438,59.85928,60.14001,0.5163294,2.317286,1.545108,1.545108,0,0,0,1.545108,149.9757,0.6908568,0,0,2.317286,1.62643,1.545108,0,0,0,10.62527,0,0,0,14.00003,100,0,1.699619,1.853829,0,12.94256
1/9/2007 5:00:00 PM,0.2049757,12.47722,64.61818,73.79498,0.2559424,1.148669,0.387835,0.387835,0,0,0,0.387835,296.1748,0.7404221,0,0,1.148669,0.4082474,0.387835,0,0,0,10.62527,0,0,0,14.00003,100,0,0.4266185,0.9189355,0,11.77394
1/9/2007 6:00:00 PM,0.01545623,0,67.58447,90,0,0,2.6599,2.6599,0,0,0,2.6599,0,0,0,0,0,2.799895,2.6599,0,0,0,10.62527,0,2.799895,-2.799895,11.04868,78.91898,0,2.92589,0,0,10.62527
1/9/2007 7:00:00 PM,0,0,69.1801,90,0,0,3.026724,3.026724,0,-1,0,3.026724,0,0,0,0,0,3.186025,3.026724,0,0,3.110995,7.825379,0,3.186025,-3.186025,7.690314,54.9307,0,3.329396,0,0,7.825379
1/9/2007 8:00:00 PM,0,0,69.43925,90,0,0,2.598182,2.598182,0,-1,0,2.598182,0,0,0,0,0,2.734929,2.598182,0,0,6.651022,4.639354,0,2.734929,-2.734929,4.807446,34.33883,0,2.858001,0,0,4.639354
1/9/2007 9:00:00 PM,0,0,67.91909,90,0,0,0,0,0,-1,0,0,0,0,0,0,0,0,0,0,0,9.689833,1.904425,0,0,0,4.807446,34.33883,0,0,0,0,1.904425
1/9/2007 10:00:00 PM,0,0,63.09615,90,0,0,0.273589,0.273589,0,-1,0,0.273589,0,0,0,0,0,0.2879884,0.273589,0,0,9.689833,1.904425,0,0.2879884,-0.2879884,4.50388,32.1705,0,0.3009478,0,0,1.904425
1/9/2007 11:00:00 PM,0,0,49.70392,90,0,0,0.1913921,0.1913921,0,-1,0,0.1913921,0,0,2.775558E-17,0,0,0.2014654,0.1913921,0,0,10.00982,1.616437,0,0.2014654,-0.2014654,4.291516,30.65363,0,0.2105313,0,0,1.616437
1/10/2007 12:00:00 AM,0,0,10.65211,90,0,0,0,0,0,-1,0,0,0,0,0,0,0,0,0,0,0,10.23367,1.414971,0,0,0,4.291516,30.65363,0,0,0,0,1.414971
1/10/2007 1:00:00 AM,0,0,-40.6081,90,0,0,0,0,0,-1,0,0,0,0,0,0,0,0,0,0,0,10.23367,1.414971,0,0,0,4.291516,30.65363,0,0,0,0,1.414971
1/10/2007 2:00:00 AM,0,0,-60.1787,90,0,0,0.1211437,0.1211437,0,-1,0,0.1211437,0,0,1.387779E-17,0,0,0.1275197,0.1211437,0,0,10.23367,1.414971,0,0.1275197,-0.1275197,4.157099,29.6935,0,0.1332581,0,0,1.414971
1/10/2007 3:00:00 AM,0,0,-66.94504,90,0,0,0.170187,0.170187,0,-1,0,0.170187,0,0,2.775558E-17,0,0,0.1791442,0.170187,0,0,10.37536,1.287452,0,0.1791442,-0.1791442,3.968264,28.34469,0,0.1872057,0,0,1.287452
1/10/2007 4:00:00 AM,0,0,-69.31054,90,0,0,0.08337996,0.08337996,0,-1,0,0.08337996,0,0,1.387779E-17,0,0,0.08776838,0.08337996,0,0,10.57441,1.108307,0,0.08776838,-0.08776838,3.875748,27.68386,0,0.09171796,0,0,1.108307
1/10/2007 5:00:00 AM,0,0,-69.56715,90,0,0,0.1500665,0.1500665,0,0,0,0.1500665,0,0,2.775558E-17,0,0,0.1579648,0.1500665,0,0,10.67193,1.020539,0,0.1579648,-0.1579648,3.709239,26.49451,0,0.1650732,0,0,1.020539
1/10/2007 6:00:00 AM,0.0006194375,0,-68.41107,90,0,0,0.1500185,0.1500185,0,0,0,0.1500185,0,0,2.775558E-17,0,0,0.1579142,0.1500185,0,0,10.84744,0.8625743,0,0.1579142,-0.1579142,3.542783,25.30554,0,0.1650203,0,0,0.8625743
1/10/2007 7:00:00 AM,0.135184,7.841839,-65.94528,78.57191,0.189713,0.8514318,0,0,0,0,0,0,0,0,0,0,0.8514318,0,0,0,0,11.0229,0.7046601,0.8514318,0,0.8514318,4.350522,31.07509,0,0,0.6811454,0,1.556092
1/10/2007 8:00:00 AM,0.3650279,21.16245,-61.88704,64.81629,0.424313,1.904317,0.707827,0.707827,0,0,0,0.707827,269.037,0,0,0,1.904317,0.7450811,0.707827,0,0,10.17147,1.470949,1.159236,0,1.159236,5.450269,38.93042,0,0.7786097,1.523453,0,3.375265
1/10/2007 9:00:00 AM,0.5931668,33.84543,-55.49156,51.39744,0.6602006,2.96298,0.4437308,0.4437308,0,-1,0,0.4437308,667.7428,0,0,0,2.96298,0.467085,0.4437308,0,0,9.012238,2.514261,2.495895,0,2.495895,7.818083,55.84334,0,0.4881038,2.370384,0,5.477241
1/10/2007 10:00:00 AM,0.8682119,45.3089,-45.26916,38.75818,0.9493685,4.260766,1.112722,1.112722,0,0,0,1.112722,382.9138,0,0,0,4.260766,1.171286,1.112722,0,0,6.516342,4.760567,3.089479,0,3.089479,10.74902,76.77856,0,1.223994,3.408613,0,9.021333
1/10/2007 11:00:00 AM,0.9448775,54.32959,-28.78684,28.0496,1.023197,4.592108,1.94619,1.94619,0,0,0,1.94619,235.9537,0,0,0,4.592108,2.048621,1.94619,0,0,3.426862,7.541098,2.543487,0,2.543487,13.16198,94.01398,0,2.14081,3.673687,0,12.13321
1/10/2007 12:00:00 PM,0.9208276,58.70092,-4.730523,22.30905,0.9930105,4.456631,0,0,0,0,0,0,0,3.573255,0,0,4.456631,0,0,0,0,0.8833759,9.830235,0.8833759,0,0.8833759,14.00003,100,0,0,3.565305,0,14.28687
1/10/2007 1:00:00 PM,0.8228669,56.54178,21.05102,25.21465,0.8849044,3.971451,1.039578,1.039578,0,0,0,1.039578,382.0254,2.877158,0,0,3.971451,1.094292,1.039578,0,0,0,10.62527,0,0,0,14.00003,100,0,1.143535,3.177161,0,14.59673
1/10/2007 2:00:00 PM,0.7602938,48.8703,40.29827,34.65021,0.8241336,3.698712,0.6020235,0.6020235,0,-1,0,0.6020235,614.3799,3.065003,0,0,3.698712,0.633709,0.6020235,0,0,0,10.62527,0,0,0,14.00003,100,0,0.6622259,2.958969,0,14.32399
1/10/2007 3:00:00 PM,0.6023687,38.08248,52.4219,46.80338,0.6607406,2.965404,1.031729,1.031729,0,0,0,1.031729,287.4209,1.879374,0,0,2.965404,1.08603,1.031729,0,0,0,10.62527,0,0,0,14.00003,100,0,1.134902,2.372323,0,13.59068
1/10/2007 4:00:00 PM,0.4365447,25.74096,59.95007,60.01794,0.4960791,2.226403,0,0,0,0,0,0,0,2.226403,0,0,2.226403,0,0,0,0,0,10.62527,0,0,0,14.00003,100,0,0,1.781122,0,12.85168
1/10/2007 5:00:00 PM,0.2193088,12.60234,64.71905,73.68579,0.2762672,1.239887,0.7870808,0.7870808,0,0,0,0.7870808,157.5298,0.411381,0,0,1.239887,0.8285062,0.7870808,0,0,0,10.62527,0,0,0,14.00003,100,0,0.8657889,0.9919097,0,11.86516
1/10/2007 6:00:00 PM,0.01732648,0,67.6955,90,0,0,1.345274,1.345274,0,0,0,1.345274,0,0,2.220446E-16,0,0,1.416078,1.345274,0,0,0,10.62527,0,1.416078,-1.416078,12.50735,89.33804,0,1.479801,0,0,10.62527
1/10/2007 7:00:00 PM,0,0,69.30568,90,0,0,2.272671,2.272671,0,-1,0,2.272671,0,0,0,0,0,2.392286,2.272671,0,0,1.57342,9.209196,0,2.392286,-2.392286,9.985661,71.326,0,2.499938,0,0,9.209196
1/10/2007 8:00:00 PM,0,0,69.58844,90,0,0,0,0,0,-1,0,0,0,0,0,0,0,0,0,0,0,4.231515,6.816911,0,0,0,9.985661,71.326,0,0,0,0,6.816911
1/10/2007 9:00:00 PM,0,0,68.10958,90,0,0,2.160299,2.160299,0,-1,0,2.160299,0,0,0,0,0,2.273999,2.160299,0,0,4.231515,6.816911,0,2.273999,-2.273999,7.588655,54.20457,0,2.376329,0,0,6.816911
1/10/2007 10:00:00 PM,0,0,63.36604,90,0,0,0.1187265,0.1187265,0,-1,0,0.1187265,0,0,0,0,0,0.1249753,0.1187265,0,0,6.758181,4.542912,0,0.1249753,-0.1249753,7.456919,53.2636,0,0.1305992,0,0,4.542912
1/10/2007 11:00:00 PM,0,0,50.13909,90,0,0,0,0,0,-1,0,0,0,0,0,0,0,0,0,0,0,6.897042,4.417936,0,0,0,7.456919,53.2636,0,0,0,0,4.417936
1/11/2007 12:00:00 AM,0,0,11.1648,90,0,0,0,0,0,-1,0,0,0,0,0,0,0,0,0,0,0,6.897042,4.417936,0,0,0,7.456919,53.2636,0,0,0,0,4.417936
1/11/2007 1:00:00 AM,0,0,-40.69558,90,0,0,0.4581453,0.4581453,0,-1,0,0.4581453,0,0,5.551115E-17,0,0,0.4822582,0.4581453,0,0,6.897042,4.417936,0,0.4822582,-0.4822582,6.948574,49.63257,0,0.5039598,0,0,4.417936
1/11/2007 2:00:00 AM,0,0,-60.36139,90,0,0,0.3181897,0.3181897,0,-1,0,0.3181897,0,0,5.551115E-17,0,0,0.3349365,0.3181897,0,0,7.432885,3.935678,0,0.3349365,-0.3349365,6.59552,47.11076,0,0.3500086,0,0,3.935678
1/11/2007 3:00:00 AM,0,0,-67.11379,90,0,0,0.1169267,0.1169267,0,-1,0,0.1169267,0,0,1.387779E-17,0,0,0.1230808,0.1169267,0,0,7.805037,3.600741,0,0.1230808,-0.1230808,6.465782,46.18406,0,0.1286194,0,0,3.600741
1/11/2007 4:00:00 AM,0,0,-69.46432,90,0,0,0,0,0,-1,0,0,0,0,0,0,0,0,0,0,0,7.941793,3.477661,0,0,0,6.465782,46.18406,0,0,0,0,3.477661
1/11/2007 5:00:00 AM,0,0,-69.71343,90,0,0,0.3800166,0.3800166,0,0,0,0.3800166,0,0,5.551115E-17,0,0,0.4000174,0.3800166,0,0,7.941793,3.477661,0,0.4000174,-0.4000174,6.044127,43.17225,0,0.4180182,0,0,3.477661
1/11/2007 6:00:00 AM,0.0001949929,0,-68.55728,90,0,0,0.5340402,0.5340402,0,0,0,0.5340402,0,0,0,0,0,0.5621476,0.5340402,0,0,8.386257,3.077643,0,0.5621476,-0.5621476,5.451571,38.93971,0,0.5874442,0,0,3.077643
1/11/2007 7:00:00 AM,0.0419649,7.781645,-66.0989,78.65373,0.04223139,0.1895345,0,0,0,0,0,0,0,0,0,0,0.1895345,0,0,0,0,9.010865,2.515496,0.1895345,0,0.1895345,5.631379,40.22406,0,0,0.1516276,0,2.70503
1/11/2007 8:00:00 AM,0.2843762,21.1204,-62.05663,64.88206,0.3151461,1.414376,0.03300228,0.03300228,0,0,0,0.03300228,4285.691,0,0,0,1.414376,0.03473924,0.03300228,0,0,8.821331,2.686077,1.379636,0,1.379636,6.940217,49.57288,0,0.0363025,1.1315,0,4.100452
1/11/2007 9:00:00 AM,0.516535,33.82762,-55.68744,51.44196,0.5677875,2.54823,1.227613,1.227613,0,-1,0,1.227613,207.5759,0,0,0,2.54823,1.292225,1.227613,0,0,7.441694,3.927749,1.256005,0,1.256005,8.131768,58.08394,0,1.350375,2.038584,0,6.475979
1/11/2007 10:00:00 AM,0.5636287,45.32592,-45.50065,38.77048,0.596713,2.678048,0,0,0,0,0,0,0,0,0,0,2.678048,0,0,0,0,6.185689,5.058154,2.678048,0,2.678048,10.67239,76.23119,0,0,2.142438,0,7.736202
1/11/2007 11:00:00 AM,0.7093861,54.39696,-29.04285,28.00721,0.7550802,3.3888,0.7317012,0.7317012,0,0,0,0.7317012,463.1399,0,0,0,3.3888,0.7702118,0.7317012,0,0,3.507641,7.468398,2.618588,0,2.618588,13.1566,93.97552,0,0.8048713,2.71104,0,10.8572
1/11/2007 12:00:00 PM,0.7314488,58.82663,-4.932634,22.18708,0.7748091,3.477343,0.2283338,0.2283338,0,0,0,0.2283338,1522.921,2.347939,0,0,3.477343,0.2403513,0.2283338,0,0,0.8890526,9.825127,0.8890526,0,0.8890526,14.00003,100,0,0.2511671,2.781875,0,13.30247
1/11/2007 1:00:00 PM,0.3758185,56.70176,20.98821,25.0515,0.3769137,1.691589,0.9389602,0.9389602,0,0,0,0.9389602,180.1555,0.7032096,0,0,1.691589,0.9883791,0.9389602,0,0,0,10.62527,0,0,0,14.00003,100,0,1.032856,1.353271,0,12.31686
1/11/2007 2:00:00 PM,0.3381211,49.03198,40.337,34.4957,0.33928,1.522689,1.010687,1.010687,0,-1,0,1.010687,150.6588,0.4588076,0,0,1.522689,1.063881,1.010687,0,0,0,10.62527,0,0,0,14.00003,100,0,1.111756,1.218151,0,12.14796
1/11/2007 3:00:00 PM,0.3116828,38.23309,52.50335,46.66593,0.3151358,1.41433,0.5126993,0.5126993,0,0,0,0.5126993,275.8594,0.874646,0,0,1.41433,0.5396835,0.5126993,0,0,0,10.62527,0,0,0,14.00003,100,0,0.5639693,1.131464,0,12.0396
1/11/2007 4:00:00 PM,0.1921813,25.87865,60.04836,59.89586,0.1936056,0.8689019,0.3080326,0.3080326,0,0,0,0.3080326,282.0812,0.5446571,0,0,0.8689019,0.3242448,0.3080326,0,0,0,10.62527,0,0,0,14.00003,100,0,0.3388358,0.6951215,0,11.49418
1/11/2007 5:00:00 PM,0.1289195,12.72775,64.82684,73.57734,0.1375317,0.617242,1.054247,1.054247,0,0,0,1.054247,58.54812,0,0,0,0.617242,1.109734,1.054247,0,0,0,10.62527,0,0.4924921,-0.4924921,13.4809,96.29192,0,1.159672,0.4937936,0,11.24252
1/11/2007 6:00:00 PM,0.00900378,0,67.81319,90,0,0,1.969596,1.969596,0,0,0,1.969596,0,0,4.440892E-16,0,0,2.073258,1.969596,0,0,0.5472135,10.13278,0,2.073258,-2.073258,11.29549,80.68191,0,2.166555,0,0,10.13278
1/11/2007 7:00:00 PM,0,0,69.43796,90,0,0,1.631443,1.631443,0,-1,0,1.631443,0,0,2.220446E-16,0,0,1.717308,1.631443,0,0,2.850834,8.059524,0,1.717308,-1.717308,9.485288,67.75192,0,1.794587,0,0,8.059524
1/11/2007 8:00:00 PM,0,0,69.74474,90,0,0,1.673813,1.673813,0,-1,0,1.673813,0,0,2.220446E-16,0,0,1.761908,1.673813,0,0,4.758954,6.342216,0,1.761908,-1.761908,7.628073,54.48613,0,1.841194,0,0,6.342216
1/11/2007 9:00:00 PM,0,0,68.30806,90,0,0,0,0,0,-1,0,0,0,0,0,0,0,0,0,0,0,6.71663,4.580307,0,0,0,7.628073,54.48613,0,0,0,0,4.580307
1/11/2007 10:00:00 PM,0,0,63.64553,90,0,0,0.03668986,0.03668986,0,-1,0,0.03668986,0,0,6.938894E-18,0,0,0.0386209,0.03668986,0,0,6.71663,4.580307,0,0.0386209,-0.0386209,7.587363,54.19534,0,0.04035885,0,0,4.580307
1/11/2007 11:00:00 PM,0,0,50.58649,90,0,0,0.2353468,0.2353468,0,-1,0,0.2353468,0,0,2.775558E-17,0,0,0.2477335,0.2353468,0,0,6.759542,4.541687,0,0.2477335,-0.2477335,7.32623,52.3301,0,0.2588815,0,0,4.541687
1/12/2007 12:00:00 AM,0,0,11.68564,90,0,0,0.1424954,0.1424954,0,-1,0,0.1424954,0,0,2.775558E-17,0,0,0.1499952,0.1424954,0,0,7.034801,4.293953,0,0.1499952,-0.1499952,7.16812,51.20076,0,0.156745,0,0,4.293953
1/12/2007 1:00:00 AM,0,0,-40.80336,90,0,0,0.1393797,0.1393797,0,-1,0,0.1393797,0,0,2.775558E-17,0,0,0.1467155,0.1393797,0,0,7.201463,4.143958,0,0.1467155,-0.1467155,7.013469,50.09611,0,0.1533177,0,0,4.143958
1/12/2007 2:00:00 AM,0,0,-60.55916,90,0,0,0.1845311,0.1845311,0,-1,0,0.1845311,0,0,2.775558E-17,0,0,0.1942433,0.1845311,0,0,7.36448,3.997242,0,0.1942433,-0.1942433,6.808719,48.63361,0,0.2029842,0,0,3.997242
1/12/2007 3:00:00 AM,0,0,-67.29314,90,0,0,0.1197492,0.1197492,0,-1,0,0.1197492,0,0,1.387779E-17,0,0,0.1260518,0.1197492,0,0,7.580306,3.802999,0,0.1260518,-0.1260518,6.675848,47.68454,0,0.1317241,0,0,3.802999
1/12/2007 4:00:00 AM,0,0,-69.62636,90,0,0,0.2647186,0.2647186,0,-1,0,0.2647186,0,0,5.551115E-17,0,0,0.2786511,0.2647186,0,0,7.720364,3.676947,0,0.2786511,-0.2786511,6.382124,45.58651,0,0.2911904,0,0,3.676947
1/12/2007 5:00:00 AM,0,0,-69.8667,90,0,0,0,0,0,0,0,0,0,0,0,0,0,0,0,0,0,8.029976,3.398296,0,0,0,6.382124,45.58651,0,0,0,0,3.398296
1/12/2007 6:00:00 AM,0.0005128765,0,-68.70979,90,0,0,0.3403137,0.3403137,0,0,0,0.3403137,0,0,5.551115E-17,0,0,0.3582249,0.3403137,0,0,8.029976,3.398296,0,0.3582249,-0.3582249,6.004522,42.88935,0,0.3743451,0,0,3.398296
1/12/2007 7:00:00 AM,0.08993678,7.724347,-66.25849,78.73357,0.1056646,0.4742225,0.2905758,0.2905758,0,0,0,0.2905758,163.201,0,0,0,0.4742225,0.3058693,0.2905758,0,0,8.428003,3.040071,0.1683533,0,0.1683533,6.164236,44.03017,0,0.3196334,0.3793781,0,3.514294
1/12/2007 8:00:00 AM,0.2302731,21.0818,-62.2321,64.94528,0.2434537,1.09262,0.1197022,0.1197022,0,0,0,0.1197022,912.782,0,0,0,1.09262,0.1260023,0.1197022,0,0,8.25965,3.191589,0.9666178,0,0.9666178,7.08125,50.58026,0,0.1316724,0.8740961,0,4.284209
1/12/2007 9:00:00 AM,0.5504398,33.81391,-55.88921,51.4833,0.6089998,2.733191,1.135245,1.135245,0,-1,0,1.135245,240.7578,0,0,0,2.733191,1.194995,1.135245,0,0,7.293032,4.061545,1.538196,0,1.538196,8.540511,61.00353,0,1.24877,2.186553,0,6.794736
1/12/2007 10:00:00 AM,0.6426749,45.34783,-45.73788,38.7788,0.6917716,3.104671,0,0,0,0,0,0,0,0,0,0,3.104671,0,0,0,0,5.754836,5.445922,3.104671,0,3.104671,11.48586,82.04169,0,0,2.483737,0,8.550592
1/12/2007 11:00:00 AM,0.5127569,54.4701,-29.30324,27.95975,0.5253304,2.357683,0.9184222,0.9184222,0,0,0,0.9184222,256.7101,0,0,0,2.357683,0.9667602,0.9184222,0,0,2.650165,8.240126,1.390923,0,1.390923,12.80541,91.467,0,1.010264,1.886146,0,10.59781
1/12/2007 12:00:00 PM,0.3888064,58.95861,-5.134448,22.059,0.3899852,1.750254,1.486445,1.486445,0,0,0,1.486445,117.7476,0,0,0,1.750254,1.564679,1.486445,0,0,1.259242,9.491956,0.1855748,0,0.1855748,12.98146,92.72451,0,1.635089,1.400203,0,11.24221
1/12/2007 1:00:00 PM,0.5434753,56.8671,20.93196,24.88352,0.5580519,2.504537,2.399354,2.399354,0,0,0,2.399354,104.3838,0,0,0,2.504537,2.525636,2.399354,0,0,1.073668,9.658974,0,0.02109908,-0.02109908,12.95922,92.56565,0,2.63929,2.00363,0,12.16351
1/12/2007 2:00:00 PM,0.2681062,49.19727,40.38452,34.3387,0.2676745,1.201323,0.6720674,0.6720674,0,-1,0,0.6720674,178.7504,0,0,0,1.201323,0.7074394,0.6720674,0,0,1.097111,9.637875,0.4938839,0,0.4938839,13.42776,95.91235,0,0.7392741,0.9610586,0,10.8392
1/12/2007 3:00:00 PM,0.2010524,38.38581,52.59316,46.52757,0.2006769,0.9006382,1.434833,1.434833,0,0,0,1.434833,62.76957,0,0,0,0.9006382,1.51035,1.434833,0,0,0.6032271,10.08237,0,0.6097119,-0.6097119,12.78506,91.3217,0,1.578316,0.7205105,0,10.98301
1/12/2007 4:00:00 PM,0.09759445,26.01734,60.15419,59.77388,0.09736306,0.4369654,0.4793709,0.4793709,0,0,0,0.4793709,91.15393,0,0,0,0.4369654,0.5046009,0.4793709,0,0,1.280685,9.472658,0,0.06763552,-0.06763552,12.71377,90.81246,0,0.527308,0.3495723,0,9.909623
1/12/2007 5:00:00 PM,0.06873277,12.85334,64.94156,73.46971,0.06886759,0.3090778,0,0,0,0,0,0,0,0,0,0,0.3090778,0,0,0,0,1.355835,9.405023,0.3090778,0,0.3090778,13.00699,92.90686,0,0,0.2472622,0,9.7141
1/12/2007 6:00:00 PM,0.02251411,0,67.93749,90,0,0,0.9049624,0.9049624,0,0,0,0.9049624,0,0,1.110223E-16,0,0,0.952592,0.9049624,0,0,1.046758,9.683192,0,0.952592,-0.952592,12.00287,85.73459,0,0.9954587,0,0,9.683192
1/12/2007 7:00:00 PM,0,0,69.57689,90,0,0,2.537194,2.537194,0,-1,0,2.537194,0,0,4.440892E-16,0,0,2.67073,2.537194,0,0,2.105193,8.7306,0,2.67073,-2.67073,9.18767,65.62608,0,2.790913,0,0,8.7306
1/12/2007 8:00:00 PM,0,0,69.90809,90,0,0,1.801455,1.801455,0,-1,0,1.801455,0,0,2.220446E-16,0,0,1.896268,1.801455,0,0,5.072671,6.05987,0,1.896268,-1.896268,7.188827,51.34866,0,1.9816,0,0,6.05987
1/12/2007 9:00:00 PM,0,0,68.51446,90,0,0,1.408224,1.408224,0,-1,0,1.408224,0,0,2.220446E-16,0,0,1.482341,1.408224,0,0,7.179636,4.163602,0,1.482341,-1.482341,5.626303,40.1878,0,1.549046,0,0,4.163602
1/12/2007 10:00:00 PM,0,0,63.93457,90,0,0,0.2595092,0.2595092,0,-1,0,0.2595092,0,0,5.551115E-17,0,0,0.2731676,0.2595092,0,0,8.826681,2.681261,0,0.2731676,-0.2731676,5.338359,38.13106,0,0.2854601,0,0,2.681261
1/12/2007 11:00:00 PM,0,0,51.04618,90,0,0,0.08639245,0.08639245,0,-1,0,0.08639245,0,0,1.387779E-17,0,0,0.09093942,0.08639245,0,0,9.1302,2.408093,0,0.09093942,-0.09093942,5.2425,37.44636,0,0.0950317,0,0,2.408093
1/13/2007 12:00:00 AM,0,0,12.21518,90,0,0,0,0,0,-1,0,0,0,0,0,0,0,0,0,0,0,9.231244,2.317154,0,0,0,5.2425,37.44636,0,0,0,0,2.317154
1/13/2007 1:00:00 AM,0,0,-40.93219,90,0,0,0.08078727,0.08078727,0,-1,0,0.08078727,0,0,1.387779E-17,0,0,0.08503923,0.08078727,0,0,9.231244,2.317154,0,0.08503923,-0.08503923,5.152861,36.80608,0,0.088866,0,0,2.317154
1/13/2007 2:00:00 AM,0,0,-60.77223,90,0,0,0.4218889,0.4218889,0,-1,0,0.4218889,0,0,5.551115E-17,0,0,0.4440936,0.4218889,0,0,9.325732,2.232115,0,0.4440936,-0.4440936,4.684746,33.4624,0,0.4640778,0,0,2.232115
1/13/2007 3:00:00 AM,0,0,-67.48313,90,0,0,0.1652393,0.1652393,0,-1,0,0.1652393,0,0,0,0,0,0.1739361,0.1652393,0,0,9.81917,1.788021,0,0.1739361,-0.1739361,4.501401,32.1528,0,0.1817632,0,0,1.788021
1/13/2007 4:00:00 AM,0,0,-69.79662,90,0,0,0.06860156,0.06860156,0,-1,0,0.06860156,0,0,1.387779E-17,0,0,0.07221217,0.06860156,0,0,10.01243,1.614085,0,0.07221217,-0.07221217,4.425282,31.6091,0,0.07546172,0,0,1.614085
1/13/2007 5:00:00 AM,0,0,-70.0269,90,0,0,0,0,0,0,0,0,0,0,0,0,0,0,0,0,0,10.09267,1.541873,0,0,0,4.425282,31.6091,0,0,0,0,1.541873
1/13/2007 6:00:00 AM,0.0004107667,0,-68.86854,90,0,0,0.5305703,0.5305703,0,0,0,0.5305703,0,0,1.110223E-16,0,0,0.5584951,0.5305703,0,0,10.09267,1.541873,0,0.5584951,-0.5584951,3.836577,27.40407,0,0.5836273,0,0,1.541873
1/13/2007 7:00:00 AM,0.1330514,7.670002,-66.424,78.81137,0.1872164,0.8402271,0.1487708,0.1487708,0,0,0,0.1487708,564.7797,0,0,0,0.8402271,0.1566008,0.1487708,0,0,10.71322,0.9833781,0.6836263,0,0.6836263,4.485122,32.03652,0,0.1636479,0.6721817,0,1.823605
1/13/2007 8:00:00 AM,0.3268335,21.0467,-62.41339,65.00593,0.3733487,1.675589,1.066522,1.066522,0,0,0,1.066522,157.1078,0,0,0,1.675589,1.122654,1.066522,0,0,10.02959,1.598642,0.5529347,0,0.5529347,5.009682,35.78337,0,1.173174,1.340471,0,3.274231
1/13/2007 9:00:00 AM,0.4949288,33.80432,-56.09684,51.52144,0.5404702,2.425631,0,0,0,-1,0,0,0,0,0,0,2.425631,0,0,0,0,9.476657,2.096283,2.425631,0,2.425631,7.310837,52.22016,0,0,1.940504,0,4.521914
1/13/2007 10:00:00 AM,0.6704469,45.37463,-45.98082,38.78314,0.7245589,3.25182,0.6816815,0.6816815,0,0,0,0.6816815,477.0293,0,0,0,3.25182,0.7175595,0.6816815,0,0,7.051026,4.27935,2.534261,0,2.534261,9.715048,69.39306,0,0.7498497,2.601456,0,7.531171
1/13/2007 11:00:00 AM,0.9311951,54.54901,-29.56801,27.90723,1.006858,4.51878,0.08134161,0.08134161,0,0,0,0.08134161,5555.312,0,0,0,4.51878,0.08562275,0.08134161,0,0,4.516766,6.560185,4.433157,0,4.433157,13.92071,99.43345,0,0.08947577,3.615024,0,11.07897
1/13/2007 12:00:00 PM,0.9686084,59.09682,-5.335921,21.92485,1.043837,4.684742,0,0,0,0,0,0,0,4.601134,0,0,4.684742,0,0,0,0,0.08360829,10.55003,0.08360829,0,0.08360829,14.00003,100,0,0,3.747794,0,15.23477
1/13/2007 1:00:00 PM,0.9634872,57.03777,20.88245,24.71078,1.039898,4.667062,0,0,0,0,0,0,0,4.667062,0,0,4.667062,0,0,0,0,0,10.62527,0,0,0,14.00003,100,0,0,3.733649,0,15.29234
1/13/2007 2:00:00 PM,0.7840497,49.36609,40.44096,34.17932,0.8495614,3.812831,0.566185,0.566185,0,-1,0,0.566185,673.425,3.216847,0,0,3.812831,0.5959842,0.566185,0,0,0,10.62527,0,0,0,14.00003,100,0,0.6228035,3.050265,0,14.43811
1/13/2007 3:00:00 PM,0.5629679,38.54053,52.69141,46.3884,0.6110199,2.742257,0,0,0,0,0,0,0,2.742257,0,0,2.742257,0,0,0,0,0,10.62527,0,0,0,14.00003,100,0,0,2.193806,0,13.36753
1/13/2007 4:00:00 PM,0.2707071,26.15692,60.26757,59.65211,0.2815127,1.263429,0,0,0,0,0,0,0,1.263429,0,0,1.263429,0,0,0,0,0,10.62527,0,0,0,14.00003,100,0,0,1.010743,0,11.8887
1/13/2007 5:00:00 PM,0.1458373,12.97904,65.06319,73.36301,0.1596684,0.7165918,1.685531,1.685531,0,0,0,1.685531,42.5143,0,0,0,0.7165918,1.774243,1.685531,0,0,0,10.62527,0,1.057651,-1.057651,12.88517,92.03671,0,1.854084,0.5732734,0,11.34187
1/13/2007 6:00:00 PM,0.01107917,0,68.0684,90,0,0,0.9225342,0.9225342,0,0,0,0.9225342,0,0,1.110223E-16,0,0,0.9710886,0.9225342,0,0,1.175168,9.567623,0,0.9710886,-0.9710886,11.86155,84.72517,0,1.014788,0,0,9.567623
1/13/2007 7:00:00 PM,0,0,69.72243,90,0,0,1.852414,1.852414,0,-1,0,1.852414,0,0,2.220446E-16,0,0,1.949909,1.852414,0,0,2.254156,8.596534,0,1.949909,-1.949909,9.806164,70.04388,0,2.037655,0,0,8.596534
1/13/2007 8:00:00 PM,0,0,70.07843,90,0,0,1.149444,1.149444,0,-1,0,1.149444,0,0,2.220446E-16,0,0,1.209941,1.149444,0,0,4.420721,6.646625,0,1.209941,-1.209941,8.530774,60.93398,0,1.264389,0,0,6.646625
1/13/2007 9:00:00 PM,0,0,68.72871,90,0,0,1.274104,1.274104,0,-1,0,1.274104,0,0,2.220446E-16,0,0,1.341162,1.274104,0,0,5.7651,5.436684,0,1.341162,-1.341162,7.117065,50.83608,0,1.401514,0,0,5.436684
1/13/2007 10:00:00 PM,0,0,64.23306,90,0,0,0.03397578,0.03397578,0,-1,0,0.03397578,0,0,6.938894E-18,0,0,0.03576398,0.03397578,0,0,7.25528,4.095522,0,0.03576398,-0.03576398,7.079367,50.5668,0,0.03737336,0,0,4.095522
1/13/2007 11:00:00 PM,0,0,51.5182,90,0,0,0.2983868,0.2983868,0,-1,0,0.2983868,0,0,5.551115E-17,0,0,0.3140914,0.2983868,0,0,7.295018,4.059758,0,0.3140914,-0.3140914,6.748285,48.20194,0,0.3282255,0,0,4.059758
1/14/2007 12:00:00 AM,0,0,12.75401,90,0,0,0.4536206,0.4536206,0,-1,0,0.4536206,0,0,5.551115E-17,0,0,0.4774954,0.4536206,0,0,7.644008,3.745667,0,0.4774954,-0.4774954,6.244961,44.60678,0,0.4989827,0,0,3.745667
1/14/2007 1:00:00 AM,0,0,-41.08284,90,0,0,0.1693271,0.1693271,0,-1,0,0.1693271,0,0,0,0,0,0.178239,0.1693271,0,0,8.174559,3.268172,0,0.178239,-0.178239,6.057081,43.26477,0,0.1862598,0,0,3.268172
1/14/2007 2:00:00 AM,0,0,-61.00078,90,0,0,0.1513114,0.1513114,0,-1,0,0.1513114,0,0,2.775558E-17,0,0,0.1592752,0.1513114,0,0,8.372602,3.089933,0,0.1592752,-0.1592752,5.88919,42.06556,0,0.1664426,0,0,3.089933
1/14/2007 3:00:00 AM,0,0,-67.68376,90,0,0,0.07951631,0.07951631,0,-1,0,0.07951631,0,0,1.387779E-17,0,0,0.08370138,0.07951631,0,0,8.549574,2.930658,0,0.08370138,-0.08370138,5.800961,41.43535,0,0.08746794,0,0,2.930658
1/14/2007 4:00:00 AM,0,0,-69.9751,90,0,0,0.2928878,0.2928878,0,-1,0,0.2928878,0,0,5.551115E-17,0,0,0.3083029,0.2928878,0,0,8.642575,2.846956,0,0.3083029,-0.3083029,5.475981,39.11407,0,0.3221765,0,0,2.846956
1/14/2007 5:00:00 AM,0,0,-70.19401,90,0,0,0.007317231,0.007317231,0,0,0,0.007317231,0,0,8.673617E-19,0,0,0.007702348,0.007317231,0,0,8.985134,2.538653,0,0.007702348,-0.007702348,5.467862,39.05608,0,0.008048954,0,0,2.538653
1/14/2007 6:00:00 AM,0.0002771394,0,-69.03349,90,0,0,0.4177848,0.4177848,0,0,0,0.4177848,0,0,0,0,0,0.4397734,0.4177848,0,0,8.993692,2.530951,0,0.4397734,-0.4397734,5.0043,35.74493,0,0.4595632,0,0,2.530951
1/14/2007 7:00:00 AM,0.08544446,7.618671,-66.59537,78.88707,0.09866214,0.4427957,1.248096,1.248096,0,0,0,1.248096,35.4777,0,2.220446E-16,0,0.4427957,1.313785,1.248096,0,0,9.482329,2.091177,0,0.8709894,-0.8709894,4.086197,29.18706,0,1.372905,0.3542365,0,2.533973
1/14/2007 8:00:00 AM,0.3479636,21.01513,-62.60046,65.06395,0.4014784,1.801835,1.407547,1.407547,4.716023,0,1.452474,1.407547,128.0125,0,0,0,1.801835,0,0,3.308476,3.143052,10.4501,1.220188,4.944887,0,4.944887,8.777328,62.69508,0.01037139,1.548301,1.441468,5,3.022023
1/14/2007 9:00:00 AM,0.4931559,33.79887,-56.31026,51.55636,0.538011,2.414593,0.4872415,0.4872415,0,-1,0,0.4872415,495.5639,0,0,0,2.414593,0.5128858,0.4872415,0,0,5.505208,5.670587,1.901707,0,1.901707,10.58145,75.58161,0.01018041,0.5359657,1.931674,0,8.085179
1/14/2007 10:00:00 AM,0.4325802,45.40632,-46.22941,38.7835,0.4428362,1.987449,0.07980266,0.07980266,0,0,0,0.07980266,2490.455,0,0,0,1.987449,0.0840028,0.07980266,0,0,3.603501,7.382123,1.903446,0,1.903446,12.38721,88.47993,0.009996166,0.08778293,1.589959,0,9.369573
1/14/2007 11:00:00 AM,0.4561976,54.63365,-29.83715,27.84971,0.4626355,2.076308,0,0,0,0,0,0,0,0.3762533,0,0,2.076308,0,0,0,0,1.700055,9.095224,1.700055,0,1.700055,14.00003,100,0.00983716,0,1.661047,0,11.17153
1/14/2007 12:00:00 PM,0.6990533,59.24126,-5.537009,21.78465,0.7355181,3.301005,0,0,0,0,0,0,0,3.301005,0,0,3.301005,0,0,0,0,0,10.62527,0,0,0,14.00003,100,0.00983716,0,2.640804,0,13.92628
1/14/2007 1:00:00 PM,0.7572445,57.21368,20.83982,24.53335,0.8065817,3.619939,0.6837521,0.6837521,0,0,0,0.6837521,529.4227,2.9002,0,0,3.619939,0.719739,0.6837521,0,0,0,10.62527,0,0,0,14.00003,100,0.00983716,0.7521272,2.895951,0,14.24521
1/14/2007 2:00:00 PM,0.6416387,49.53834,40.50647,34.01768,0.6819105,3.060415,0.607303,0.607303,0,-1,0,0.607303,503.9354,2.421148,0,0,3.060415,0.6392663,0.607303,0,0,0,10.62527,0,0,0,14.00003,100,0.00983716,0.6680332,2.448332,0,13.68569
1/14/2007 3:00:00 PM,0.407778,38.69713,52.79816,46.24857,0.422276,1.895175,0.6071966,0.6071966,0,0,0,0.6071966,312.1188,1.25602,0,0,1.895175,0.6391543,0.6071966,0,0,0,10.62527,0,0,0,14.00003,100,0.00983716,0.6679163,1.51614,0,12.52045
1/14/2007 4:00:00 PM,0.2853884,26.29731,60.38853,59.53065,0.2988722,1.341338,0,0,0,0,0,0,0,1.341338,0,0,1.341338,0,0,0,0,0,10.62527,0,0,0,14.00003,100,0.00983716,0,1.073071,0,11.96661
1/14/2007 5:00:00 PM,0.138849,13.10473,65.19173,73.25733,0.1493732,0.6703871,0.9392318,0.9392318,0,0,0,0.9392318,71.37611,0,0,0,0.6703871,0.988665,0.9392318,0,0,0,10.62527,0,0.318278,-0.318278,13.66453,97.60361,0.00983716,1.033155,0.5363097,0,11.29566
1/14/2007 6:00:00 PM,0.01548818,0,68.20589,90,0,0,1.121737,1.121737,0,0,0,1.121737,0,0,0,0,0,1.180776,1.121737,0,0,0.3536422,10.307,0,1.180776,-1.180776,12.41989,88.7133,0.00983716,1.233911,0,0,10.307
1/14/2007 7:00:00 PM,0,0,69.87455,90,0,0,0,0,0,-1,0,0,0,0,0,0,0,0,0,0,0,1.665615,9.126221,0,0,0,12.41989,88.7133,0.00983716,0,0,0,9.126221
1/14/2007 8:00:00 PM,0,0,70.2557,90,0,0,2.688459,2.688459,0,-1,0,2.688459,0,0,0,0,0,2.829957,2.688459,0,0,1.665615,9.126221,0,2.829957,-2.829957,9.436851,67.40594,0.00983716,2.957305,0,0,9.126221
1/14/2007 9:00:00 PM,0,0,68.95074,90,0,0,3.012482,3.012482,0,-1,0,3.012482,0,0,0,0,0,3.171034,3.012482,0,0,4.810012,6.296264,0,3.171034,-3.171034,6.094287,43.53054,0.00983716,3.31373,0,0,6.296264
1/14/2007 10:00:00 PM,0,0,64.54095,90,0,0,0.3820746,0.3820746,0,-1,0,0.3820746,0,0,5.551115E-17,0,0,0.4021837,0.3820746,0,0,8.333383,3.12523,0,0.4021837,-0.4021837,5.670348,40.50241,0.00983716,0.420282,0,0,3.12523
1/14/2007 11:00:00 PM,0,0,52.00262,90,0,0,0,0,0,-1,0,0,0,0,0,0,0,0,0,0,0,8.780253,2.723046,0,0,0,5.670348,40.50241,0.00983716,0,0,0,2.723046
1/15/2007 12:00:00 AM,0,0,13.30279,90,0,0,0.05189842,0.05189842,0,-1,0,0.05189842,0,0,6.938894E-18,0,0,0.05462992,0.05189842,0,0,8.780253,2.723046,0,0.05462992,-0.05462992,5.612763,40.09109,0.00983716,0.05708826,0,0,2.723046
1/15/2007 1:00:00 AM,0,0,-41.25611,90,0,0,0.3934376,0.3934376,0,-1,0,0.3934376,0,0,0,0,0,0.4141448,0.3934376,0,0,8.840953,2.668416,0,0.4141448,-0.4141448,5.176216,36.9729,0.00983716,0.4327814,0,0,2.668416
1/15/2007 2:00:00 AM,0,0,-61.245,90,0,0,0.1235019,0.1235019,0,-1,0,0.1235019,0,0,1.387779E-17,0,0,0.130002,0.1235019,0,0,9.301114,2.254272,0,0.130002,-0.130002,5.039182,35.99409,0.00983716,0.1358521,0,0,2.254272
1/15/2007 3:00:00 AM,0,0,-67.89508,90,0,0,0.2957794,0.2957794,0,-1,0,0.2957794,0,0,5.551115E-17,0,0,0.3113467,0.2957794,0,0,9.44556,2.124269,0,0.3113467,-0.3113467,4.710994,33.64989,0.00983716,0.3253573,0,0,2.124269
1/15/2007 4:00:00 AM,0,0,-70.16176,90,0,0,0.3919504,0.3919504,0,-1,0,0.3919504,0,0,5.551115E-17,0,0,0.4125794,0.3919504,0,0,9.791502,1.812923,0,0.4125794,-0.4125794,4.276097,30.54349,0.00983716,0.4311454,0,0,1.812923
1/15/2007 5:00:00 AM,0,0,-70.36798,90,0,0,0.2059141,0.2059141,0,0,0,0.2059141,0,0,2.775558E-17,0,0,0.2167517,0.2059141,0,0,10.24992,1.400343,0,0.2167517,-0.2167517,4.047621,28.91152,0.00983716,0.2265055,0,0,1.400343
1/15/2007 6:00:00 AM,0.000288602,0,-69.20458,90,0,0,0.257484,0.257484,0,0,0,0.257484,0,0,5.551115E-17,0,0,0.2710358,0.257484,0,0,10.49076,1.183592,0,0.2710358,-0.2710358,3.761924,26.87083,0.00983716,0.2832324,0,0,1.183592
1/15/2007 7:00:00 AM,0.1475035,7.570409,-66.77254,78.96061,0.2108376,0.9462392,0,0,0,0,0,0,0,0,0,0,0.9462392,0,0,0,0,10.79191,0.9125559,0.9462392,0,0.9462392,4.659606,33.28283,0.00975083,0,0.7569914,0,1.858795
1/15/2007 8:00:00 AM,0.4387697,20.98712,-62.79322,65.1193,0.5124088,2.29969,1.359216,1.359216,0,0,0,1.359216,169.1924,0,0,0,2.29969,1.430754,1.359216,0,0,9.84567,1.764171,0.8689368,0,0.8689368,5.483951,39.171,0.009672876,1.495138,1.839752,0,4.063862
1/15/2007 9:00:00 AM,0.6431121,33.79758,-56.52943,51.58805,0.7150344,3.209074,0.1724585,0.1724585,0,-1,0,0.1724585,1860.78,0,0,0,3.209074,0.1815353,0.1724585,0,0,8.976733,2.546214,3.027539,0,3.027539,8.356127,59.6865,0.009410746,0.1897044,2.56726,0,5.755289
1/15/2007 10:00:00 AM,0.7675488,45.44288,-46.48363,38.77991,0.835858,3.751331,1.311446,1.311446,0,0,0,1.311446,286.0454,0,0,0,3.751331,1.380469,1.311446,0,0,5.949194,5.270999,2.370862,0,2.370862,10.60532,75.75216,0.009215184,1.44259,3.001065,0,9.02233
1/15/2007 11:00:00 AM,0.9389614,54.72401,-30.11066,27.78721,1.014293,4.552146,0.1247415,0.1247415,0,0,0,0.1247415,3649.262,0.8425071,0,0,4.552146,0.1313069,0.1247415,0,0,3.578333,7.404775,3.578333,0,3.578333,14.00003,100,0.008934948,0.1372157,3.641717,0,11.95692
1/15/2007 12:00:00 PM,0.858369,59.39188,-5.737669,21.63843,0.9204022,4.130765,0.8413641,0.8413641,0,0,0,0.8413641,490.9604,3.245118,0,0,4.130765,0.8856465,0.8413641,0,0,0,10.62527,0,0,0,14.00003,100,0.008934948,0.9255006,3.304612,0,14.75604
1/15/2007 1:00:00 PM,0.9307128,57.39479,20.80427,24.35131,1.00308,4.501823,0,0,0,0,0,0,0,4.501823,0,0,4.501823,0,0,0,0,0,10.62527,0,0,0,14.00003,100,0.008934948,0,3.601459,0,15.1271
1/15/2007 2:00:00 PM,0.8236932,49.71391,40.5812,33.85391,0.8929101,4.00738,0.5082811,0.5082811,0,-1,0,0.5082811,788.4182,3.472348,0,0,4.00738,0.5350327,0.5082811,0,0,0,10.62527,0,0,0,14.00003,100,0.008934948,0.5591092,3.205904,0,14.63266
1/15/2007 3:00:00 PM,0.5377827,38.85552,52.91349,46.10817,0.5788498,2.597878,1.258246,1.258246,0,0,0,1.258246,206.4682,1.273409,0,0,2.597878,1.324469,1.258246,0,0,0,10.62527,0,0,0,14.00003,100,0.008934948,1.38407,2.078302,0,13.22315
1/15/2007 4:00:00 PM,0.445312,26.43839,60.51709,59.40961,0.5027537,2.256358,0.2398912,0.2398912,0,0,0,0.2398912,940.5755,2.003841,0,0,2.256358,0.2525171,0.2398912,0,0,0,10.62527,0,0,0,14.00003,100,0.008934948,0.2638804,1.805087,0,12.88163
1/15/2007 5:00:00 PM,0.2081229,13.23034,65.32718,73.15276,0.2527815,1.134483,1.484194,1.484194,0,0,0,1.484194,76.43765,0,0,0,1.134483,1.56231,1.484194,0,0,0,10.62527,0,0.4278265,-0.4278265,13.54906,96.7788,0.008934948,1.632614,0.9075865,0,11.75976
1/15/2007 6:00:00 PM,0.02474559,0,68.34991,90,0,0,1.253234,1.253234,0,0,0,1.253234,0,0,0,0,0,1.319194,1.253234,0,0,0.4753627,10.19745,0,1.319194,-1.319194,12.15851,86.84631,0.008934948,1.378558,0,0,10.19745
1/15/2007 7:00:00 PM,0,0,70.0332,90,0,0,2.560913,2.560913,0,-1,0,2.560913,0,0,0,0,0,2.695698,2.560913,0,0,1.941134,8.878254,0,2.695698,-2.695698,9.316992,66.54981,0.008934948,2.817004,0,0,8.878254
1/15/2007 8:00:00 PM,0,0,70.43986,90,0,0,1.845866,1.845866,0,-1,0,1.845866,0,0,0,0,0,1.943017,1.845866,0,0,4.936353,6.182556,0,1.943017,-1.943017,7.268873,51.92041,0.008934948,2.030452,0,0,6.182556
1/15/2007 9:00:00 PM,0,0,69.18047,90,0,0,0.7415676,0.7415676,0,-1,0,0.7415676,0,0,1.110223E-16,0,0,0.7805974,0.7415676,0,0,7.095261,4.23954,0,0.7805974,-0.7805974,6.446051,46.04313,0.008934948,0.8157243,0,0,4.23954
1/15/2007 10:00:00 PM,0,0,64.85815,90,0,0,0.1059371,0.1059371,0,-1,0,0.1059371,0,0,1.387779E-17,0,0,0.1115128,0.1059371,0,0,7.962591,3.458942,0,0.1115128,-0.1115128,6.328506,45.20352,0.008934948,0.1165308,0,0,3.458942
1/15/2007 11:00:00 PM,0,0,52.4995,90,0,0,0.2358589,0.2358589,0,-1,0,0.2358589,0,0,2.775558E-17,0,0,0.2482725,0.2358589,0,0,8.086494,3.347429,0,0.2482725,-0.2482725,6.066804,43.33422,0.008934948,0.2594448,0,0,3.347429
1/16/2007 12:00:00 AM,0,0,13.86219,90,0,0,0.1877041,0.1877041,0,-1,0,0.1877041,0,0,2.775558E-17,0,0,0.1975833,0.1877041,0,0,8.362352,3.099157,0,0.1975833,-0.1975833,5.858532,41.84658,0.008934948,0.2064746,0,0,3.099157
1/16/2007 1:00:00 AM,0,0,-41.45289,90,0,0,0.2206217,0.2206217,0,-1,0,0.2206217,0,0,2.775558E-17,0,0,0.2322334,0.2206217,0,0,8.58189,2.901573,0,0.2322334,-0.2322334,5.613737,40.09804,0.008934948,0.2426839,0,0,2.901573
1/16/2007 2:00:00 AM,0,0,-61.5051,90,0,0,0,0,0,-1,0,0,0,0,0,0,0,0,0,0,0,8.839927,2.66934,0,0,0,5.613737,40.09804,0.008934948,0,0,0,2.66934
1/16/2007 3:00:00 AM,0,0,-68.11709,90,0,0,0,0,0,-1,0,0,0,0,0,0,0,0,0,0,0,8.839927,2.66934,0,0,0,5.613737,40.09804,0.008934948,0,0,0,2.66934
1/16/2007 4:00:00 AM,0,0,-70.35658,90,0,0,0.3842472,0.3842472,0,-1,0,0.3842472,0,0,5.551115E-17,0,0,0.4044707,0.3842472,0,0,8.839927,2.66934,0,0.4044707,-0.4044707,5.187387,37.05269,0.008934948,0.4226719,0,0,2.66934
1/16/2007 5:00:00 AM,0,0,-70.54876,90,0,0,0.1223857,0.1223857,0,0,0,0.1223857,0,0,1.387779E-17,0,0,0.1288271,0.1223857,0,0,9.289339,2.264869,0,0.1288271,-0.1288271,5.051592,36.08273,0.008934948,0.1346243,0,0,2.264869
1/16/2007 6:00:00 AM,0.000363403,0,-69.38177,90,0,0,0,0,0,0,0,0,0,0,0,0,0,0,0,0,0,9.43248,2.136042,0,0,0,5.051592,36.08273,0.008934948,0,0,0,2.136042
1/16/2007 7:00:00 AM,0.1085909,7.52527,-66.95546,79.03192,0.1422326,0.6383397,0.7244301,0.7244301,0,0,0,0.7244301,88.11612,0,0,0,0.6383397,0.762558,0.7244301,0,0,9.43248,2.136042,0,0.1242183,-0.1242183,4.920654,35.14746,0.008934948,0.7968731,0.5106717,0,2.774382
1/16/2007 8:00:00 AM,0.3194852,20.96271,-62.99164,65.17194,0.362936,1.628857,0,0,0,0,0,0,0,0,0,0,1.628857,0,0,0,0,9.5705,2.011824,1.628857,0,1.628857,6.465924,46.18508,0.008812952,0,1.303085,0,3.640681
1/16/2007 9:00:00 AM,0.351952,33.80045,-56.75427,51.61648,0.3642733,1.634858,0.4782768,0.4782768,0,-1,0,0.4782768,341.8227,0,0,0,1.634858,0.5034493,0.4782768,0,0,7.941643,3.477795,1.131409,0,1.131409,7.539273,53.85184,0.008730155,0.5261045,1.307887,0,5.112654
1/16/2007 10:00:00 AM,0.3437169,45.48431,-46.74343,38.77237,0.3460137,1.552909,0.4031723,0.4031723,0,0,0,0.4031723,385.1727,0,0,0,1.552909,0.4243918,0.4031723,0,0,6.810234,4.496063,1.128518,0,1.128518,8.609879,61.49901,0.008649106,0.4434895,1.242328,0,6.048973
1/16/2007 11:00:00 AM,0.6374745,54.82006,-30.38854,27.71978,0.6683679,2.999635,0,0,0,0,0,0,0,0,0,0,2.999635,0,0,0,0,5.681716,5.511729,2.999635,0,2.999635,11.45558,81.82542,0.008440814,0,2.399708,0,8.511365
1/16/2007 12:00:00 PM,0.6850976,59.54865,-5.937859,21.48622,0.7183729,3.224057,0.4800311,0.4800311,0,0,0,0.4800311,671.6352,0.03668044,0,0,3.224057,0.5052959,0.4800311,0,0,2.682081,8.211401,2.682081,0,2.682081,14.00003,100,0.008262889,0.5280342,2.579246,0,11.43546
1/16/2007 1:00:00 PM,0.2230852,57.58104,20.77598,24.16471,0.2223816,0.9980485,0,0,0,0,0,0,0,0.9980485,0,0,0.9980485,0,0,0,0,0,10.62527,0,0,0,14.00003,100,0.008262889,0,0.7984388,0,11.62332
1/16/2007 2:00:00 PM,0.1334777,49.89272,40.6653,33.68813,0.13298,0.5968142,0.2739177,0.2739177,0,-1,0,0.2739177,217.8809,0.3084798,0,0,0.5968142,0.2883344,0.2739177,0,0,0,10.62527,0,0,0,14.00003,100,0.008262889,0.3013094,0.4774514,0,11.22209
1/16/2007 3:00:00 PM,0.1848639,39.01558,53.03747,45.96735,0.1844209,0.8276808,0,0,0,0,0,0,0,0.8276808,0,0,0.8276808,0,0,0,0,0,10.62527,0,0,0,14.00003,100,0.008262889,0,0.6621447,0,11.45296
1/16/2007 4:00:00 PM,0.198603,26.58006,60.65326,59.28912,0.2000385,0.8977728,0,0,0,0,0,0,0,0.8977728,0,0,0.8977728,0,0,0,0,0,10.62527,0,0,0,14.00003,100,0.008262889,0,0.7182183,0,11.52305
1/16/2007 5:00:00 PM,0.08370983,13.35577,65.46951,73.0494,0.08412158,0.3775377,0.702519,0.702519,0,0,0,0.702519,53.74056,0,0,0,0.3775377,0.7394937,0.702519,0,0,0,10.62527,0,0.3619561,-0.3619561,13.61849,97.27476,0.008262889,0.7727709,0.3020301,0,11.00281
1/16/2007 6:00:00 PM,0.01671152,0,68.50047,90,0,0,0.9234222,0.9234222,0,0,0,0.9234222,0,0,1.110223E-16,0,0,0.9720233,0.9234222,0,0,0.4021734,10.26332,0,0.9720233,-0.9720233,12.59389,89.95618,0.008262889,1.015764,0,0,10.26332
1/16/2007 7:00:00 PM,0,0,70.19834,90,0,0,1.453189,1.453189,0,-1,0,1.453189,0,0,2.220446E-16,0,0,1.529673,1.453189,0,0,1.482199,9.291295,0,1.529673,-1.529673,10.98147,78.43894,0.008262889,1.598508,0,0,9.291295
1/16/2007 8:00:00 PM,0,0,70.63083,90,0,0,0.8728402,0.8728402,0,-1,0,0.8728402,0,0,1.110223E-16,0,0,0.9187792,0.8728402,0,0,3.181835,7.761622,0,0.9187792,-0.9187792,10.013,71.52126,0.008262889,0.9601243,0,0,7.761622
1/16/2007 9:00:00 PM,0,0,69.41785,90,0,0,0,0,0,-1,0,0,0,0,0,0,0,0,0,0,0,4.202701,6.842843,0,0,0,10.013,71.52126,0.008262889,0,0,0,6.842843
1/16/2007 10:00:00 PM,0,0,65.18462,90,0,0,0.06730694,0.06730694,0,-1,0,0.06730694,0,0,1.387779E-17,0,0,0.07084941,0.06730694,0,0,4.202701,6.842843,0,0.07084941,-0.07084941,9.938313,70.98782,0.008262889,0.07403763,0,0,6.842843
1/16/2007 11:00:00 PM,0,0,53.00893,90,0,0,0,0,0,-1,0,0,0,0,0,0,0,0,0,0,0,4.281423,6.771994,0,0,0,9.938313,70.98782,0.008262889,0,0,0,6.771994
1/17/2007 12:00:00 AM,0,0,14.43298,90,0,0,0.1329786,0.1329786,0,-1,0,0.1329786,0,0,0,0,0,0.1399774,0.1329786,0,0,4.281423,6.771994,0,0.1399774,-0.1399774,9.790765,69.93389,0.008262889,0.1462764,0,0,6.771994
1/17/2007 1:00:00 AM,0,0,-41.67406,90,0,0,0.1852192,0.1852192,0,-1,0,0.1852192,0,0,0,0,0,0.1949676,0.1852192,0,0,4.436953,6.632016,0,0.1949676,-0.1949676,9.585251,68.46594,0.008262889,0.2037411,0,0,6.632016
1/17/2007 2:00:00 AM,0,0,-61.78126,90,0,0,0,0,0,-1,0,0,0,0,0,0,0,0,0,0,0,4.653584,6.437049,0,0,0,9.585251,68.46594,0.008262889,0,0,0,6.437049
1/17/2007 3:00:00 AM,0,0,-68.34981,90,0,0,0.0794374,0.0794374,0,-1,0,0.0794374,0,0,0,0,0,0.08361832,0.0794374,0,0,4.653584,6.437049,0,0.08361832,-0.08361832,9.497109,67.83636,0.008262889,0.08738115,0,0,6.437049
1/17/2007 4:00:00 AM,0,0,-70.55952,90,0,0,0.1464929,0.1464929,0,-1,0,0.1464929,0,0,0,0,0,0.154203,0.1464929,0,0,4.746493,6.35343,0,0.154203,-0.154203,9.334565,66.67533,0.008262889,0.1611422,0,0,6.35343
1/17/2007 5:00:00 AM,0,0,-70.73631,90,0,0,0,0,0,0,0,0,0,0,0,0,0,0,0,0,0,4.91783,6.199227,0,0,0,9.334565,66.67533,0.008262889,0,0,0,6.199227
1/17/2007 6:00:00 AM,0.000213021,0,-69.56501,90,0,0,0.1213895,0.1213895,0,0,0,0.1213895,0,0,2.775558E-17,0,0,0.1277784,0.1213895,0,0,4.91783,6.199227,0,0.1277784,-0.1277784,9.199875,65.71326,0.008262889,0.1335284,0,0,6.199227
1/17/2007 7:00:00 AM,0.1330875,7.483308,-67.14407,79.10096,0.1880818,0.8441109,0.07923507,0.07923507,0,0,0,0.07923507,1065.325,0,0,0,0.8441109,0.08340534,0.07923507,0,0,5.059806,6.071449,0.7607056,0,0.7607056,9.921543,70.86803,0.008213783,0.08715858,0.6752887,0,6.91556
1/17/2007 8:00:00 AM,0.3968426,20.94195,-63.19564,65.22185,0.4618579,2.072818,1.387397,1.387397,0,0,0,1.387397,149.4034,0,0,0,2.072818,1.460418,1.387397,0,0,4.2991,6.756084,0.6124002,0,0.6124002,10.50252,75.01783,0.008174672,1.526137,1.658254,0,8.828902
1/17/2007 9:00:00 AM,0.6636482,33.8075,-56.98475,51.64164,0.7371469,3.308315,1.313113,1.313113,0,-1,0,1.313113,251.9444,0,0,0,3.308315,1.382224,1.313113,0,0,3.6867,7.307244,1.926091,0,1.926091,12.32977,88.06959,0.008054054,1.444425,2.646652,0,10.61556
1/17/2007 10:00:00 AM,0.8303947,45.53059,-47.00879,38.7609,0.9042205,4.058142,0,0,0,0,0,0,0,2.297532,0,0,4.058142,0,0,0,0,1.760609,9.040726,1.760609,0,1.760609,14.00003,100,0.007946872,0,3.246513,0,13.09887
1/17/2007 11:00:00 AM,0.988205,54.92178,-30.67081,27.64745,1.066812,4.787853,1.06481,1.06481,0,0,0,1.06481,449.644,3.667001,0,0,4.787853,1.120852,1.06481,0,0,0,10.62527,0,0,0,14.00003,100,0.007946872,1.171291,3.830282,0,15.41313
1/17/2007 12:00:00 PM,0.9749408,59.71155,-6.137534,21.32806,1.048463,4.705503,0,0,0,0,0,0,0,4.705503,0,0,4.705503,0,0,0,0,0,10.62527,0,0,0,14.00003,100,0.007946872,0,3.764403,0,15.33078
1/17/2007 1:00:00 PM,0.8775097,57.77236,20.75514,23.97367,0.9429698,4.232049,0.5228841,0.5228841,0,0,0,0.5228841,809.3665,3.681644,0,0,4.232049,0.5504043,0.5228841,0,0,0,10.62527,0,0,0,14.00003,100,0.007946872,0.5751725,3.385639,0,14.85732
1/17/2007 2:00:00 PM,0.961598,50.07467,40.75892,33.52047,1.042797,4.680074,0.1020382,0.1020382,0,-1,0,0.1020382,4586.588,4.572665,0,0,4.680074,0.1074087,0.1020382,0,0,0,10.62527,0,0,0,14.00003,100,0.007946872,0.1122421,3.744059,0,15.30535
1/17/2007 3:00:00 PM,0.7389315,39.1772,53.17016,45.82622,0.8119631,3.64409,1.113747,1.113747,0,0,0,1.113747,327.1921,2.471726,0,0,3.64409,1.172365,1.113747,0,0,0,10.62527,0,0,0,14.00003,100,0.007946872,1.225121,2.915272,0,14.26936
1/17/2007 4:00:00 PM,0.5370637,26.72222,60.79706,59.16926,0.609034,2.733345,0.2820406,0.2820406,0,0,0,0.2820406,969.1316,2.43646,0,0,2.733345,0.2968848,0.2820406,0,0,0,10.62527,0,0,0,14.00003,100,0.007946872,0.3102447,2.186676,0,13.35862
1/17/2007 5:00:00 PM,0.2371155,13.48093,65.61871,72.94733,0.2929211,1.31463,1.616906,1.616906,0,0,0,1.616906,81.30526,0,0,0,1.31463,1.702006,1.616906,0,0,0,10.62527,0,0.3873767,-0.3873767,13.5917,97.08336,0.007946872,1.778597,1.051704,0,11.9399
1/17/2007 6:00:00 PM,0.02051994,0,68.6575,90,0,0,1.137721,1.137721,0,0,0,1.137721,0,0,2.220446E-16,0,0,1.197601,1.137721,0,0,0.4304185,10.2379,0,1.197601,-1.197601,12.32932,88.06636,0.007946872,1.251493,0,0,10.2379
1/17/2007 7:00:00 PM,0,0,70.36992,90,0,0,1.32943,1.32943,0,-1,0,1.32943,0,0,0,0,0,1.399399,1.32943,0,0,1.761086,9.040297,0,1.399399,-1.399399,10.85422,77.52998,0.007946872,1.462372,0,0,9.040297
1/17/2007 8:00:00 PM,0,0,70.82857,90,0,0,1.221503,1.221503,0,-1,0,1.221503,0,0,0,0,0,1.285792,1.221503,0,0,3.315974,7.640897,0,1.285792,-1.285792,9.498875,67.84897,0.007946872,1.343653,0,0,7.640897
1/17/2007 9:00:00 PM,0,0,69.6628,90,0,0,0.05606882,0.05606882,0,-1,0,0.05606882,0,0,6.938894E-18,0,0,0.05901981,0.05606882,0,0,4.744632,6.355105,0,0.05901981,-0.05901981,9.436662,67.40459,0.007946872,0.0616757,0,0,6.355105
1/17/2007 10:00:00 PM,0,0,65.52029,90,0,0,0.1415581,0.1415581,0,-1,0,0.1415581,0,0,2.775558E-17,0,0,0.1490085,0.1415581,0,0,4.81021,6.296085,0,0.1490085,-0.1490085,9.279593,66.28268,0.007946872,0.1557139,0,0,6.296085
1/17/2007 11:00:00 PM,0,0,53.53099,90,0,0,0,0,0,-1,0,0,0,0,0,0,0,0,0,0,0,4.975775,6.147077,0,0,0,9.279593,66.28268,0.007946872,0,0,0,6.147077
1/18/2007 12:00:00 AM,0,0,15.01595,90,0,0,0.3071089,0.3071089,0,-1,0,0.3071089,0,0,5.551115E-17,0,0,0.3232725,0.3071089,0,0,4.975775,6.147077,0,0.3232725,-0.3232725,8.938834,63.84869,0.007946872,0.3378198,0,0,6.147077
1/18/2007 1:00:00 AM,0,0,-41.92062,90,0,0,0.2931665,0.2931665,0,-1,0,0.2931665,0,0,0,0,0,0.3085964,0.2931665,0,0,5.334967,5.823804,0,0.3085964,-0.3085964,8.613545,61.5252,0.007946872,0.3224832,0,0,5.823804
1/18/2007 2:00:00 AM,0,0,-62.07366,90,0,0,0.3533277,0.3533277,0,-1,0,0.3533277,0,0,0,0,0,0.3719239,0.3533277,0,0,5.677852,5.515208,0,0.3719239,-0.3719239,8.221503,58.7249,0.007946872,0.3886605,0,0,5.515208
1/18/2007 3:00:00 AM,0,0,-68.59324,90,0,0,0.07522849,0.07522849,0,-1,0,0.07522849,0,0,1.387779E-17,0,0,0.07918788,0.07522849,0,0,6.0911,5.143284,0,0.07918788,-0.07918788,8.138031,58.12868,0.007946872,0.08275133,0,0,5.143284
1/18/2007 4:00:00 AM,0,0,-70.77055,90,0,0,0.3270605,0.3270605,0,-1,0,0.3270605,0,0,0,0,0,0.3442742,0.3270605,0,0,6.179087,5.064096,0,0.3442742,-0.3442742,7.775135,55.53656,0.007946872,0.3597665,0,0,5.064096
1/18/2007 5:00:00 AM,0,0,-70.93058,90,0,0,0.04064092,0.04064092,0,0,0,0.04064092,0,0,6.938894E-18,0,0,0.04277992,0.04064092,0,0,6.561614,4.719822,0,0.04277992,-0.04277992,7.730041,55.21447,0.007946872,0.04470501,0,0,4.719822
1/18/2007 6:00:00 AM,0.0001765,0,-69.75422,90,0,0,0.382613,0.382613,0,0,0,0.382613,0,0,0,0,0,0.4027506,0.382613,0,0,6.609147,4.677042,0,0.4027506,-0.4027506,7.305504,52.18207,0.007946872,0.4208743,0,0,4.677042
1/18/2007 7:00:00 AM,0.1184985,7.444574,-67.3383,79.16766,0.1619186,0.7266905,1.187665,1.187665,0,0,0,1.187665,61.1865,0,0,0,0.7266905,1.250173,1.187665,0,0,7.056648,4.274292,0,0.5234829,-0.5234829,6.753705,48.24065,0.007946872,1.306431,0.5813524,0,5.000982
1/18/2007 8:00:00 AM,0.4199835,20.92484,-63.40517,65.26897,0.4887913,2.193696,0.7774104,0.7774104,0,0,0,0.7774104,282.1799,0,0,0,2.193696,0.8183267,0.7774104,0,0,7.638295,3.750808,1.375369,0,1.375369,8.058495,57.56056,0.007865108,0.8551514,1.754956,0,5.944504
1/18/2007 9:00:00 AM,0.6973498,33.81874,-57.2208,51.66352,0.7745031,3.47597,0.3628375,0.3628375,0,-1,0,0.3628375,957.9963,0,0,0,3.47597,0.3819342,0.3628375,0,0,6.262927,4.98864,3.094036,0,3.094036,10.99375,78.52666,0.007687179,0.3991212,2.780776,0,8.46461
1/18/2007 10:00:00 AM,0.8977039,45.58172,-47.27968,38.74551,0.9777029,4.38793,1.102437,1.102437,0,0,0,1.102437,398.021,0.05857967,0,0,4.38793,1.16046,1.102437,0,0,3.168891,7.773273,3.168891,0,3.168891,14.00003,100,0.007513102,1.21268,3.510344,0,12.1612
1/18/2007 11:00:00 AM,1.017733,55.02914,-30.95746,27.57027,1.098353,4.929407,1.216253,1.216253,0,0,0,1.216253,405.2944,3.64914,0,0,4.929407,1.280267,1.216253,0,0,0,10.62527,0,0,0,14.00003,100,0.007513102,1.337879,3.943526,0,15.55468
1/18/2007 12:00:00 PM,1.092032,59.88054,-6.336653,21.16397,1.174911,5.273002,1.707567,1.707567,0,0,0,1.707567,308.8022,3.475564,0,0,5.273002,1.797439,1.707567,0,0,0,10.62527,0,0,0,14.00003,100,0.007513102,1.878323,4.218402,0,15.89828
1/18/2007 1:00:00 PM,1.026962,57.96869,20.74195,23.77824,1.105778,4.96273,0.371633,0.371633,0,0,0,0.371633,1335.385,4.571537,0,0,4.96273,0.3911926,0.371633,0,0,0,10.62527,0,0,0,14.00003,100,0.007513102,0.4087963,3.970184,0,15.588
1/18/2007 2:00:00 PM,0.8477852,50.25963,40.86223,33.35106,0.9175532,4.117979,1.472516,1.472516,0,-1,0,1.472516,279.6559,2.567962,0,0,4.117979,1.550017,1.472516,0,0,0,10.62527,0,0,0,14.00003,100,0.007513102,1.619768,3.294383,0,14.74325
1/18/2007 3:00:00 PM,0.6227645,39.34027,53.31164,45.68491,0.6792706,3.048567,0.9013461,0.9013461,0,0,0,0.9013461,338.2238,2.099781,0,0,3.048567,0.9487854,0.9013461,0,0,0,10.62527,0,0,0,14.00003,100,0.007513102,0.9914808,2.438853,0,13.67384
1/18/2007 4:00:00 PM,0.4982969,26.86475,60.94851,59.05016,0.5636368,2.529602,0.2085082,0.2085082,0,0,0,0.2085082,1213.191,2.31012,0,0,2.529602,0.2194823,0.2085082,0,0,0,10.62527,0,0,0,14.00003,100,0.007513102,0.229359,2.023682,0,13.15488
1/18/2007 5:00:00 PM,0.2617971,13.60571,65.77478,72.84667,0.3247683,1.45756,2.256189,2.256189,0,0,0,2.256189,64.60276,0,0,0,1.45756,2.374935,2.256189,0,0,0,10.62527,0,0.9173753,-0.9173753,13.03303,93.09288,0.007513102,2.481807,1.166048,0,12.08283
1/18/2007 6:00:00 PM,0.02357677,0,68.82098,90,0,0,0,0,0,0,0,0,0,0,0,0,0,0,0,0,0,1.019306,9.707899,0,0,0,13.03303,93.09288,0.007513102,0,0,0,9.707899
1/18/2007 7:00:00 PM,0,0,70.54789,90,0,0,0.5668564,0.5668564,0,-1,0,0.5668564,0,0,0,0,0,0.596691,0.5668564,0,0,1.019306,9.707899,0,0.596691,-0.596691,12.40406,88.60027,0.007513102,0.6235421,0,0,9.707899
1/18/2007 8:00:00 PM,0,0,71.03301,90,0,0,1.215078,1.215078,0,-1,0,1.215078,0,0,0,0,0,1.279029,1.215078,0,0,1.682296,9.111208,0,1.279029,-1.279029,11.05585,78.97018,0.007513102,1.336586,0,0,9.111208
1/18/2007 9:00:00 PM,0,0,69.91526,90,0,0,2.348427,2.348427,0,-1,0,2.348427,0,0,4.440892E-16,0,0,2.472028,2.348427,0,0,3.10344,7.832179,0,2.472028,-2.472028,8.450101,60.35774,0.007513102,2.583269,0,0,7.832179
1/18/2007 10:00:00 PM,0,0,65.86508,90,0,0,0.03845835,0.03845835,0,-1,0,0.03845835,0,0,6.938894E-18,0,0,0.04048247,0.03845835,0,0,5.850137,5.360151,0,0.04048247,-0.04048247,8.407429,60.05294,0.007513102,0.04230418,0,0,5.360151
1/18/2007 11:00:00 PM,0,0,54.06579,90,0,0,0.1063353,0.1063353,0,-1,0,0.1063353,0,0,1.387779E-17,0,0,0.1119319,0.1063353,0,0,5.895118,5.319668,0,0.1119319,-0.1119319,8.289442,59.21018,0.007513102,0.1169689,0,0,5.319668
1/19/2007 12:00:00 AM,0,0,15.612,90,0,0,0.1532664,0.1532664,0,-1,0,0.1532664,0,0,2.775558E-17,0,0,0.1613331,0.1532664,0,0,6.019486,5.207736,0,0.1613331,-0.1613331,8.119382,57.99547,0.007513102,0.1685931,0,0,5.207736
1/19/2007 1:00:00 AM,0,0,-42.19357,90,0,0,0.5227551,0.5227551,0,-1,0,0.5227551,0,0,1.110223E-16,0,0,0.5502685,0.5227551,0,0,6.198745,5.046403,0,0.5502685,-0.5502685,7.539348,53.85238,0.007513102,0.5750306,0,0,5.046403
1/19/2007 2:00:00 AM,0,0,-62.38248,90,0,0,0,0,0,-1,0,0,0,0,0,0,0,0,0,0,0,6.810155,4.496135,0,0,0,7.539348,53.85238,0.007513102,0,0,0,4.496135
1/19/2007 3:00:00 AM,0,0,-68.84738,90,0,0,0.3386652,0.3386652,0,-1,0,0.3386652,0,0,5.551115E-17,0,0,0.3564897,0.3386652,0,0,6.810155,4.496135,0,0.3564897,-0.3564897,7.163575,51.16829,0.007513102,0.3725317,0,0,4.496135
1/19/2007 4:00:00 AM,0,0,-70.98962,90,0,0,0.4201772,0.4201772,0,-1,0,0.4201772,0,0,0,0,0,0.4422918,0.4201772,0,0,7.206254,4.139645,0,0.4422918,-0.4422918,6.697358,47.83818,0.007513102,0.4621949,0,0,4.139645
1/19/2007 5:00:00 AM,0,0,-71.13151,90,0,0,0.09773368,0.09773368,0,0,0,0.09773368,0,0,1.387779E-17,0,0,0.1028776,0.09773368,0,0,7.69769,3.697353,0,0.1028776,-0.1028776,6.588916,47.06359,0.007513102,0.1075071,0,0,3.697353
1/19/2007 6:00:00 AM,0.0001984013,0,-69.94936,90,0,0,0.2358004,0.2358004,0,0,0,0.2358004,0,0,2.775558E-17,0,0,0.2482109,0.2358004,0,0,7.811998,3.594476,0,0.2482109,-0.2482109,6.327278,45.19476,0.007513102,0.2593804,0,0,3.594476
1/19/2007 7:00:00 AM,0.1319826,7.409117,-67.53811,79.23197,0.1862325,0.8358115,1.114238,1.114238,0,0,0,1.114238,75.01196,0,0,0,0.8358115,1.172882,1.114238,0,0,8.087789,3.346265,0,0.3370702,-0.3370702,5.971975,42.65688,0.007513102,1.225661,0.6686492,0,4.182076
1/19/2007 8:00:00 AM,0.4216398,20.91144,-63.62017,65.31327,0.4902582,2.200279,0,0,0,0,0,0,0,0,0,0,2.200279,0,0,0,0,8.462311,3.009195,2.200279,0,2.200279,8.059342,57.56662,0.007396799,0,1.760223,0,5.209473
1/19/2007 9:00:00 AM,0.6537675,33.83417,-57.46238,51.68212,0.7249312,3.253491,0.9366536,0.9366536,0,-1,0,0.9366536,347.3527,0,0,0,3.253491,0.9859512,0.9366536,0,0,6.262032,4.989445,2.26754,0,2.26754,10.21052,72.93214,0.00728065,1.030319,2.602793,0,8.242937
1/19/2007 10:00:00 AM,0.7812236,45.63768,-47.55606,38.72623,0.8489919,3.810276,0,0,0,0,0,0,0,0,0,0,3.810276,0,0,0,0,3.994492,7.030231,3.810276,0,3.810276,13.82526,98.75169,0.00709348,0,3.048221,0,10.84051
1/19/2007 11:00:00 AM,0.957374,55.14209,-31.24853,27.48829,1.031976,4.631508,1.963491,1.963491,0,0,0,1.963491,235.8813,2.380459,0,0,4.631508,2.066833,1.963491,0,0,0.1842163,10.45948,0.1842163,0,0.1842163,14.00003,100,0.007084675,2.15984,3.705206,0,15.09099
1/19/2007 12:00:00 PM,1.077326,60.05558,-6.535174,20.994,1.15823,5.198135,0.6681519,0.6681519,0,0,0,0.6681519,777.9869,4.494817,0,0,5.198135,0.7033178,0.6681519,0,0,0,10.62527,0,0,0,14.00003,100,0.007084675,0.7349671,4.158508,0,15.82341
1/19/2007 1:00:00 PM,0.9450002,58.16994,20.73661,23.57853,1.016124,4.560365,0.2464388,0.2464388,0,0,0,0.2464388,1850.506,4.300956,0,0,4.560365,0.2594093,0.2464388,0,0,0,10.62527,0,0,0,14.00003,100,0.007084675,0.2710827,3.648292,0,15.18564
1/19/2007 2:00:00 PM,0.9034718,50.44751,40.97538,33.18004,0.9776923,4.387883,0,0,0,-1,0,0,0,4.387883,0,0,4.387883,0,0,0,0,0,10.62527,0,0,0,14.00003,100,0.007084675,0,3.510306,0,15.01316
1/19/2007 3:00:00 PM,0.7278106,39.50467,53.46196,45.54357,0.7980884,3.581821,1.520359,1.520359,0,0,0,1.520359,235.5905,1.981443,0,0,3.581821,1.600378,1.520359,0,0,0,10.62527,0,0,0,14.00003,100,0.007084675,1.672395,2.865457,0,14.2071
1/19/2007 4:00:00 PM,0.4317084,27.00756,61.10761,58.93193,0.4821678,2.163969,0.4183285,0.4183285,0,0,0,0.4183285,517.2894,1.723623,0,0,2.163969,0.4403458,0.4183285,0,0,0,10.62527,0,0,0,14.00003,100,0.007084675,0.4601614,1.731175,0,12.78924
1/19/2007 5:00:00 PM,0.2040928,13.73004,65.93768,72.74748,0.2414819,1.083771,0.9875461,0.9875461,0,0,0,0.9875461,109.7438,0.04424835,0,0,1.083771,1.039522,0.9875461,0,0,0,10.62527,0,0,0,14.00003,100,0.007084675,1.086301,0.8670164,0,11.70904
1/19/2007 6:00:00 PM,0.01843383,0.03617861,68.99088,86.73779,0.03899634,0.1750156,1.320961,1.320961,0,0,0,1.320961,13.24911,0,2.220446E-16,0,0.1750156,1.390485,1.320961,0,0,0,10.62527,0,1.21547,-1.21547,12.71881,90.84846,0.007084675,1.453057,0.1400124,0,10.80029
1/19/2007 7:00:00 PM,0,0,70.7322,90,0,0,1.744963,1.744963,0,-1,0,1.744963,0,0,2.220446E-16,0,0,1.836803,1.744963,0,0,1.350522,9.409804,0,1.836803,-1.836803,10.78265,77.01878,0.007084675,1.919459,0,0,9.409804
1/19/2007 8:00:00 PM,0,0,71.2441,90,0,0,0,0,0,-1,0,0,0,0,0,0,0,0,0,0,0,3.391414,7.573001,0,0,0,10.78265,77.01878,0.007084675,0,0,0,7.573001
1/19/2007 9:00:00 PM,0,0,70.17516,90,0,0,0.7717772,0.7717772,0,-1,0,0.7717772,0,0,1.110223E-16,0,0,0.8123971,0.7717772,0,0,3.391414,7.573001,0,0.8123971,-0.8123971,9.926309,70.90206,0.007084675,0.8489549,0,0,7.573001
1/19/2007 10:00:00 PM,0,0,66.21896,90,0,0,0.09685242,0.09685242,0,-1,0,0.09685242,0,0,0,0,0,0.1019499,0.09685242,0,0,4.294077,6.760604,0,0.1019499,-0.1019499,9.818844,70.13446,0.007084675,0.1065377,0,0,6.760604
1/19/2007 11:00:00 PM,0,0,54.61342,90,0,0,0.5142136,0.5142136,0,-1,0,0.5142136,0,0,0,0,0,0.5412774,0.5142136,0,0,4.407355,6.658655,0,0.5412774,-0.5412774,9.248287,66.05906,0.007084675,0.5656349,0,0,6.658655
1/20/2007 12:00:00 AM,0,0,16.22207,90,0,0,0.0529589,0.0529589,0,-1,0,0.0529589,0,0,6.938894E-18,0,0,0.05574621,0.0529589,0,0,5.008775,6.117377,0,0.05574621,-0.05574621,9.189526,65.63934,0.007084675,0.05825479,0,0,6.117377
1/20/2007 1:00:00 AM,0,0,-42.49398,90,0,0,0.07763217,0.07763217,0,-1,0,0.07763217,0,0,0,0,0,0.08171807,0.07763217,0,0,5.070715,6.061631,0,0.08171807,-0.08171807,9.103387,65.02406,0.007084675,0.08539539,0,0,6.061631
1/20/2007 2:00:00 AM,0,0,-62.70788,90,0,0,0.3492915,0.3492915,0,-1,0,0.3492915,0,0,0,0,0,0.3676753,0.3492915,0,0,5.161513,5.979913,0,0.3676753,-0.3676753,8.715823,62.25576,0.007084675,0.3842207,0,0,5.979913
1/20/2007 3:00:00 AM,0,0,-69.11223,90,0,0,0.4265171,0.4265171,0,-1,0,0.4265171,0,0,5.551115E-17,0,0,0.4489653,0.4265171,0,0,5.570041,5.612237,0,0.4489653,-0.4489653,8.242573,58.8754,0.007084675,0.4691688,0,0,5.612237
1/20/2007 4:00:00 AM,0,0,-71.2167,90,0,0,0.1776555,0.1776555,0,-1,0,0.1776555,0,0,0,0,0,0.1870058,0.1776555,0,0,6.068891,5.163272,0,0.1870058,-0.1870058,8.045451,57.46739,0.007084675,0.1954211,0,0,5.163272
1/20/2007 5:00:00 AM,0,0,-71.33904,90,0,0,0.2375121,0.2375121,0,0,0,0.2375121,0,0,0,0,0,0.2500128,0.2375121,0,0,6.276675,4.976266,0,0.2500128,-0.2500128,7.781914,55.58499,0.007084675,0.2612633,0,0,4.976266
1/20/2007 6:00:00 AM,0.0001823281,0,-70.15036,90,0,0,0.4334379,0.4334379,0,0,0,0.4334379,0,0,0,0,0,0.4562505,0.4334379,0,0,6.554467,4.726254,0,0.4562505,-0.4562505,7.300984,52.14978,0.007084675,0.4767818,0,0,4.726254
1/20/2007 7:00:00 AM,0.157429,7.376985,-67.74342,79.29384,0.2247887,1.008852,0.1386993,0.1386993,0,0,0,0.1386993,727.3662,0,0,0,1.008852,0.1459992,0.1386993,0,0,7.061412,4.270003,0.8628523,0,0.8628523,8.119557,57.99672,0.00704372,0.1525692,0.8070813,0,5.278855
1/20/2007 8:00:00 AM,0.4086209,20.90176,-63.84058,65.35473,0.4743553,2.128907,0.06642523,0.06642523,0,0,0,0.06642523,3204.968,0,0,0,2.128907,0.06992128,0.06642523,0,0,6.19856,5.04657,2.058985,0,2.058985,10.07288,71.94902,0.006947878,0.07306775,1.703125,0,7.175477
1/20/2007 9:00:00 AM,0.664312,33.85381,-57.70942,51.69742,0.7361698,3.30393,0.3307003,0.3307003,0,-1,0,0.3307003,999.0707,0,0,0,3.30393,0.3481056,0.3307003,0,0,4.139575,6.899657,2.955824,0,2.955824,12.87702,91.97856,0.006814762,0.3637703,2.643144,0,10.20359
1/20/2007 10:00:00 AM,0.8878829,45.69845,-47.83791,38.70308,0.9655761,4.333506,1.775209,1.775209,0,0,0,1.775209,244.1124,1.281114,0,0,4.333506,1.868641,1.775209,0,0,1.18375,9.559899,1.18375,0,1.18375,14.00003,100,0.006762871,1.95273,3.466804,0,13.8934
1/20/2007 11:00:00 AM,0.9610604,55.26062,-31.54401,27.40157,1.035331,4.646567,1.0954,1.0954,0,0,0,1.0954,424.1892,3.493515,0,0,4.646567,1.153052,1.0954,0,0,0,10.62527,0,0,0,14.00003,100,0.006762871,1.20494,3.717254,0,15.27184
1/20/2007 12:00:00 PM,1.011367,60.23664,-6.733056,20.81818,1.086011,4.874016,0,0,0,0,0,0,0,4.874016,0,0,4.874016,0,0,0,0,0,10.62527,0,0,0,14.00003,100,0.006762871,0,3.899213,0,15.49929
1/20/2007 1:00:00 PM,1.062392,58.37606,20.73935,23.37463,1.142783,5.128808,0.4466012,0.4466012,0,0,0,0.4466012,1148.409,4.658701,0,0,5.128808,0.4701065,0.4466012,0,0,0,10.62527,0,0,0,14.00003,100,0.006762871,0.4912613,4.103046,0,15.75408
1/20/2007 2:00:00 PM,0.821247,50.6382,41.09853,33.00755,0.8867531,3.979748,0.3144557,0.3144557,0,-1,0,0.3144557,1265.599,3.648742,0,0,3.979748,0.331006,0.3144557,0,0,0,10.62527,0,0,0,14.00003,100,0.006762871,0.3459013,3.183799,0,14.60502
1/20/2007 3:00:00 PM,0.7307328,39.67028,53.6212,45.40231,0.8005455,3.592848,0.4525355,0.4525355,0,0,0,0.4525355,793.9372,3.116495,0,0,3.592848,0.4763532,0.4525355,0,0,0,10.62527,0,0,0,14.00003,100,0.006762871,0.4977891,2.874278,0,14.21812
1/20/2007 4:00:00 PM,0.5191082,27.15053,61.27437,58.81468,0.5857888,2.62902,0.04088016,0.04088016,0,0,0,0.04088016,6431.042,2.585988,0,0,2.62902,0.04303175,0.04088016,0,0,0,10.62527,0,0,0,14.00003,100,0.006762871,0.04496818,2.103216,0,13.25429
1/20/2007 5:00:00 PM,0.1866801,13.85381,66.1074,72.64988,0.2138708,0.959852,0.7837489,0.7837489,0,0,0,0.7837489,122.4693,0.1348531,0,0,0.959852,0.8249989,0.7837489,0,0,0,10.62527,0,0,0,14.00003,100,0.006762871,0.8621238,0.7678816,0,11.58513
1/20/2007 6:00:00 PM,0.02273674,0.1430149,69.16716,86.658,0.06742398,0.3025988,1.010425,1.010425,0,0,0,1.010425,29.94767,0,0,0,0.3025988,1.063605,1.010425,0,0,0,10.62527,0,0.7610065,-0.7610065,13.19786,94.27022,0.006762871,1.111468,0.242079,0,10.92787
1/20/2007 7:00:00 PM,0,0,70.92281,90,0,0,1.737218,1.737218,0,-1,0,1.737218,0,0,2.220446E-16,0,0,1.828651,1.737218,0,0,0.8455628,9.864267,0,1.828651,-1.828651,11.27029,80.50191,0.006762871,1.91094,0,0,9.864267
1/20/2007 8:00:00 PM,0,0,71.46178,90,0,0,1.784816,1.784816,0,-1,0,1.784816,0,0,2.220446E-16,0,0,1.878754,1.784816,0,0,2.877397,8.035617,0,1.878754,-1.878754,9.289909,66.35636,0.006762871,1.963298,0,0,8.035617
1/20/2007 9:00:00 PM,0,0,70.44241,90,0,0,0.6567301,0.6567301,0,-1,0,0.6567301,0,0,1.110223E-16,0,0,0.6912948,0.6567301,0,0,4.964901,6.156863,0,0.6912948,-0.6912948,8.56122,61.15145,0.006762871,0.722403,0,0,6.156863
1/20/2007 10:00:00 PM,0,0,66.58184,90,0,0,0.2410706,0.2410706,0,-1,0,0.2410706,0,0,2.775558E-17,0,0,0.2537585,0.2410706,0,0,5.733007,5.465568,0,0.2537585,-0.2537585,8.293736,59.24085,0.006762871,0.2651777,0,0,5.465568
1/20/2007 11:00:00 PM,0,0,55.17399,90,0,0,0.05460376,0.05460376,0,-1,0,0.05460376,0,0,6.938894E-18,0,0,0.05747764,0.05460376,0,0,6.014961,5.21181,0,0.05747764,-0.05747764,8.233149,58.80809,0.006762871,0.06006413,0,0,5.21181
1/21/2007 12:00:00 AM,0,0,16.8472,90,0,0,0.1770505,0.1770505,0,-1,0,0.1770505,0,0,0,0,0,0.1863689,0.1770505,0,0,6.078825,5.154332,0,0.1863689,-0.1863689,8.036698,57.40487,0.006762871,0.1947556,0,0,5.154332
1/21/2007 1:00:00 AM,0,0,-42.823,90,0,0,0.2314743,0.2314743,0,-1,0,0.2314743,0,0,2.775558E-17,0,0,0.2436572,0.2314743,0,0,6.285902,4.967963,0,0.2436572,-0.2436572,7.779861,55.57032,0.006762871,0.2546218,0,0,4.967963
1/21/2007 2:00:00 AM,0,0,-63.05003,90,0,0,0.06838004,0.06838004,0,-1,0,0.06838004,0,0,1.387779E-17,0,0,0.07197899,0.06838004,0,0,6.556632,4.724306,0,0.07197899,-0.07197899,7.703989,55.02838,0.006762871,0.07521804,0,0,4.724306
1/21/2007 3:00:00 AM,0,0,-69.38776,90,0,0,0.1314862,0.1314862,0,-1,0,0.1314862,0,0,0,0,0,0.1384066,0.1314862,0,0,6.636608,4.652327,0,0.1384066,-0.1384066,7.558095,53.98629,0.006762871,0.1446349,0,0,4.652327
1/21/2007 4:00:00 AM,0,0,-71.45171,90,0,0,0.4381762,0.4381762,0,-1,0,0.4381762,0,0,0,0,0,0.4612381,0.4381762,0,0,6.790393,4.51392,0,0.4612381,-0.4612381,7.071908,50.51353,0.006762871,0.4819938,0,0,4.51392
1/21/2007 5:00:00 AM,0,0,-71.55312,90,0,0,0.07846138,0.07846138,0,0,0,0.07846138,0,0,0,0,0,0.08259092,0.07846138,0,0,7.30288,4.052682,0,0.08259092,-0.08259092,6.984849,49.89168,0.006762871,0.08630752,0,0,4.052682
1/21/2007 6:00:00 AM,0.0001084185,0,-70.35716,90,0,0,0.1801105,0.1801105,0,0,0,0.1801105,0,0,0,0,0,0.18959,0.1801105,0,0,7.394648,3.970091,0,0.18959,-0.18959,6.785004,48.46421,0.006762871,0.1981216,0,0,3.970091
1/21/2007 7:00:00 AM,0.1110153,7.348223,-67.95417,79.35321,0.1479468,0.6639855,1.205605,1.205605,0,0,0,1.205605,55.0749,0,0,0,0.6639855,1.269058,1.205605,0,0,7.605303,3.780501,0,0.605072,-0.605072,6.147202,43.9085,0.006762871,1.326165,0.5311884,0,4.444487
1/21/2007 8:00:00 AM,0.4146448,20.89582,-64.06633,65.39332,0.4809213,2.158375,0,0,0,0,0,0,0,0,0,0,2.158375,0,0,0,0,8.277606,3.175429,2.158375,0,2.158375,8.194816,58.53428,0.006670263,0,1.7267,0,5.333804
1/21/2007 9:00:00 AM,0.5212713,33.87764,-57.96189,51.70943,0.5701481,2.558825,0.245434,0.245434,0,-1,0,0.245434,1042.572,0,0,0,2.558825,0.2583515,0.245434,0,0,6.119231,5.117967,2.300473,0,2.300473,10.37724,74.12297,0.00657431,0.2699774,2.04706,0,7.676791
1/21/2007 10:00:00 AM,0.6073831,45.764,-48.12521,38.67609,0.6461026,2.899709,0.830003,0.830003,0,0,0,0.830003,349.3612,0,0,0,2.899709,0.8736874,0.830003,0,0,3.818758,7.188393,2.026021,0,2.026021,12.29929,87.85189,0.006492062,0.9130033,2.319767,0,10.0881
1/21/2007 11:00:00 AM,0.7841767,55.38469,-31.84395,27.31014,0.8379858,3.76088,0.2394191,0.2394191,0,0,0,0.2394191,1570.835,1.716124,0,0,3.76088,0.2520201,0.2394191,0,0,1.792736,9.011811,1.792736,0,1.792736,14.00003,100,0.006420982,0.263361,3.008704,0,12.77269
1/21/2007 12:00:00 PM,0.9412655,60.42369,-6.930258,20.63654,1.009296,4.529719,0.8079521,0.8079521,0,0,0,0.8079521,560.642,3.679243,0,0,4.529719,0.8504759,0.8079521,0,0,0,10.62527,0,0,0,14.00003,100,0.006420982,0.8887473,3.623775,0,15.15499
1/21/2007 1:00:00 PM,0.9253677,58.58696,20.75037,23.16664,0.9933405,4.458112,0.1294667,0.1294667,0,0,0,0.1294667,3443.442,4.321831,0,0,4.458112,0.1362808,0.1294667,0,0,0,10.62527,0,0,0,14.00003,100,0.006420982,0.1424134,3.56649,0,15.08339
1/21/2007 2:00:00 PM,0.8530208,50.83158,41.23186,32.83375,0.9211637,4.134183,1.362294,1.362294,0,-1,0,1.362294,303.4722,2.70019,0,0,4.134183,1.433993,1.362294,0,0,0,10.62527,0,0,0,14.00003,100,0.006420982,1.498523,3.307346,0,14.75946
1/21/2007 3:00:00 PM,0.5044144,39.83699,53.78941,45.26126,0.5343755,2.398277,1.930063,1.930063,0,0,0,1.930063,124.259,0.3666322,0,0,2.398277,2.031645,1.930063,0,0,0,10.62527,0,0,0,14.00003,100,0.006420982,2.123069,1.918622,0,13.02355
1/21/2007 4:00:00 PM,0.3131171,27.29355,61.4488,58.69852,0.3297692,1.480004,1.18567,1.18567,0,0,0,1.18567,124.8243,0.2319307,0,0,1.480004,1.248074,1.18567,0,0,0,10.62527,0,0,0,14.00003,100,0.006420982,1.304237,1.184003,0,12.10528
1/21/2007 5:00:00 PM,0.1848098,13.97694,66.28391,72.55395,0.2100594,0.9427465,0.3451057,0.3451057,0,0,0,0.3451057,273.1762,0.5794774,0,0,0.9427465,0.3632692,0.3451057,0,0,0,10.62527,0,0,0,14.00003,100,0.006420982,0.3796163,0.7541972,0,11.56802
1/21/2007 6:00:00 PM,0.02302144,0.248695,69.34977,86.58032,0.06599383,0.2961803,1.264303,1.264303,0,0,0,1.264303,23.42637,0,2.220446E-16,0,0.2961803,1.330845,1.264303,0,0,0,10.62527,0,1.034665,-1.034665,12.9094,92.20979,0.006420982,1.390733,0.2369442,0,10.92145
1/21/2007 7:00:00 PM,0,0,71.11966,90,0,0,1.835846,1.835846,0,-1,0,1.835846,0,0,2.220446E-16,0,0,1.932469,1.835846,0,0,1.149628,9.59061,0,1.932469,-1.932469,10.87239,77.65981,0.006420982,2.01943,0,0,9.59061
1/21/2007 8:00:00 PM,0,0,71.68597,90,0,0,1.244044,1.244044,0,-1,0,1.244044,0,0,2.220446E-16,0,0,1.30952,1.244044,0,0,3.296815,7.65814,0,1.30952,-1.30952,9.492039,67.80014,0.006420982,1.368449,0,0,7.65814
1/21/2007 9:00:00 PM,0,0,70.71696,90,0,0,0.7770905,0.7770905,0,-1,0,0.7770905,0,0,1.110223E-16,0,0,0.8179901,0.7770905,0,0,4.751838,6.34862,0,0.8179901,-0.8179901,8.629801,61.64132,0.006420982,0.8547996,0,0,6.34862
1/21/2007 10:00:00 PM,0,0,66.95369,90,0,0,0.1288644,0.1288644,0,-1,0,0.1288644,0,0,0,0,0,0.1356467,0.1288644,0,0,5.660716,5.53063,0,0.1356467,-0.1356467,8.486817,60.62,0.006420982,0.1417508,0,0,5.53063
1/21/2007 11:00:00 PM,0,0,55.74762,90,0,0,0.2665312,0.2665312,0,-1,0,0.2665312,0,0,0,0,0,0.2805591,0.2665312,0,0,5.811435,5.394983,0,0.2805591,-0.2805591,8.191082,58.50761,0.006420982,0.2931843,0,0,5.394983
1/22/2007 12:00:00 AM,0,0,17.48852,90,0,0,0.3714516,0.3714516,0,-1,0,0.3714516,0,0,5.551115E-17,0,0,0.3910017,0.3714516,0,0,6.123167,5.114424,0,0.3910017,-0.3910017,7.77893,55.56367,0.006420982,0.4085968,0,0,5.114424
1/22/2007 1:00:00 AM,0,0,-43.18182,90,0,0,0.2860833,0.2860833,0,-1,0,0.2860833,0,0,5.551115E-17,0,0,0.3011404,0.2860833,0,0,6.557613,4.723422,0,0.3011404,-0.3011404,7.4615,53.29632,0.006420982,0.3146917,0,0,4.723422
1/22/2007 2:00:00 AM,0,0,-63.40908,90,0,0,0.7800505,0.7800505,0,-1,0,0.7800505,0,0,1.110223E-16,0,0,0.8211058,0.7800505,0,0,6.892214,4.422282,0,0.8211058,-0.8211058,6.595978,47.11404,0.006420982,0.8580556,0,0,4.422282
1/22/2007 3:00:00 AM,0,0,-69.67397,90,0,0,0,0,0,-1,0,0,0,0,0,0,0,0,0,0,0,7.804554,3.601176,0,0,0,6.595978,47.11404,0.006420982,0,0,0,3.601176
1/22/2007 4:00:00 AM,0,0,-71.69462,90,0,0,0,0,0,-1,0,0,0,0,0,0,0,0,0,0,0,7.804554,3.601176,0,0,0,6.595978,47.11404,0.006420982,0,0,0,3.601176
1/22/2007 5:00:00 AM,0,0,-71.77368,90,0,0,0.3805207,0.3805207,0,0,0,0.3805207,0,0,5.551115E-17,0,0,0.4005482,0.3805207,0,0,7.804554,3.601176,0,0.4005482,-0.4005482,6.173764,44.09822,0.006420982,0.4185728,0,0,3.601176
1/22/2007 6:00:00 AM,0.0001013888,0,-70.56969,90,0,0,0.1548213,0.1548213,0,0,0,0.1548213,0,0,2.775558E-17,0,0,0.1629698,0.1548213,0,0,8.249607,3.200628,0,0.1629698,-0.1629698,6.001978,42.87119,0.006420982,0.1703034,0,0,3.200628
1/22/2007 7:00:00 AM,0.1279793,7.322873,-68.1703,79.41003,0.1790639,0.8036386,1.598575,1.598575,0,0,0,1.598575,50.27217,0,0,0,0.8036386,1.682711,1.598575,0,0,8.430685,3.037658,0,0.8790724,-0.8790724,5.075355,36.25246,0.006420982,1.758433,0.6429108,0,3.841297
1/22/2007 8:00:00 AM,0.3631935,20.89365,-64.29737,65.429,0.4183585,1.877593,1.161753,1.161753,0,0,0,1.161753,161.6172,0,0,0,1.877593,1.222898,1.161753,0,0,9.407432,2.158586,0.6546949,0,0.6546949,5.696453,40.68887,0.00639541,1.277929,1.502074,0,4.036179
1/22/2007 9:00:00 AM,0.5119744,33.90568,-58.21973,51.71814,0.5583208,2.505744,0.7348692,0.7348692,0,-1,0,0.7348692,340.9781,0,0,0,2.505744,0.7735466,0.7348692,0,0,8.752737,2.747811,1.732197,0,1.732197,7.339759,52.42675,0.006328725,0.8083562,2.004595,0,5.253554
1/22/2007 10:00:00 AM,0.77026,45.83433,-48.41794,38.64529,0.8349826,3.747402,0,0,0,0,0,0,0,0,0,0,3.747402,0,0,0,0,7.02054,4.306788,3.747402,0,3.747402,10.89486,77.82025,0.006189113,0,2.997922,0,8.054191
1/22/2007 11:00:00 AM,0.9518149,55.51426,-32.14837,27.21408,1.023925,4.595376,1.504942,1.504942,0,0,0,1.504942,305.3524,0,0,0,4.595376,1.584149,1.504942,0,0,3.273138,7.67945,3.011227,0,3.011227,13.75156,98.22521,0.006081313,1.655436,3.676301,0,12.27483
1/22/2007 12:00:00 PM,0.8415782,60.61668,-7.12674,20.44913,0.8970903,4.026141,1.070344,1.070344,0,0,0,1.070344,376.1538,2.637552,0,0,4.026141,1.126678,1.070344,0,0,0.2619108,10.38955,0.2619108,0,0.2619108,14.00003,100,0.006072114,1.177379,3.220913,0,14.4157
1/22/2007 1:00:00 PM,0.9630346,58.80259,20.76991,22.95465,1.033565,4.638638,0.3578137,0.3578137,0,0,0,0.3578137,1296.384,4.261992,0,0,4.638638,0.376646,0.3578137,0,0,0,10.62527,0,0,0,14.00003,100,0.006072114,0.393595,3.710911,0,15.26391
1/22/2007 2:00:00 PM,0.8792083,51.02753,41.37551,32.65877,0.9489689,4.258973,1.752055,1.752055,0,-1,0,1.752055,243.0845,2.414705,0,0,4.258973,1.844268,1.752055,0,0,0,10.62527,0,0,0,14.00003,100,0.006072114,1.92726,3.407178,0,14.88425
1/22/2007 3:00:00 PM,0.6820942,40.00467,53.96666,45.12059,0.7447463,3.342421,1.011249,1.011249,0,0,0,1.011249,330.524,2.277948,0,0,3.342421,1.064473,1.011249,0,0,0,10.62527,0,0,0,14.00003,100,0.006072114,1.112374,2.673937,0,13.9677
1/22/2007 4:00:00 PM,0.4679098,27.43652,61.6309,58.58357,0.5240794,2.352068,0,0,0,0,0,0,0,2.352068,0,0,2.352068,0,0,0,0,0,10.62527,0,0,0,14.00003,100,0.006072114,0,1.881655,0,12.97734
1/22/2007 5:00:00 PM,0.2221495,14.09933,66.46719,72.45977,0.2648433,1.188617,1.365092,1.365092,0,0,0,1.365092,87.0723,0,0,0,1.188617,1.436939,1.365092,0,0,0,10.62527,0,0.2483219,-0.2483219,13.73827,98.13033,0.006072114,1.501601,0.9508934,0,11.81389
1/22/2007 6:00:00 PM,0.02092545,0.3531455,69.53868,86.50483,0.04725671,0.2120881,3.714389,3.714389,1.25,0,0.50625,3.714389,5.709906,0,4.440892E-16,0,0.2120881,2.594094,2.464389,0,0,0.2759132,10.37695,0,2.382006,-2.382006,11.22742,80.19569,0.006072114,4.085828,0.1696705,5,10.58904
1/22/2007 7:00:00 PM,0,0,71.3227,90,0,0,0,0,0,-1,0,0,0,0,0,0,0,0,0,0,0,2.922586,7.994946,0,0,0,11.22742,80.19569,0.006072114,0,0,0,7.994946
1/22/2007 8:00:00 PM,0,0,71.91663,90,0,0,2.140249,2.140249,0,-1,0,2.140249,0,0,0,0,0,2.252893,2.140249,0,0,2.922586,7.994946,0,2.252893,-2.252893,8.852661,63.23317,0.006072114,2.354274,0,0,7.994946
1/22/2007 9:00:00 PM,0,0,70.99876,90,0,0,1.994677,1.994677,0,-1,0,1.994677,0,0,4.440892E-16,0,0,2.09966,1.994677,0,0,5.425801,5.742053,0,2.09966,-2.09966,6.639425,47.42437,0.006072114,2.194145,0,0,5.742053
1/22/2007 10:00:00 PM,0,0,67.33444,90,0,0,0.2509311,0.2509311,0,-1,0,0.2509311,0,0,0,0,0,0.264138,0.2509311,0,0,7.758757,3.642393,0,0.264138,-0.264138,6.360999,45.43562,0.006072114,0.2760242,0,0,3.642393
1/22/2007 11:00:00 PM,0,0,56.33443,90,0,0,0.1874036,0.1874036,0,-1,0,0.1874036,0,0,2.775558E-17,0,0,0.197267,0.1874036,0,0,8.052243,3.378255,0,0.197267,-0.197267,6.153061,43.95035,0.006072114,0.206144,0,0,3.378255
1/23/2007 12:00:00 AM,0,0,18.14727,90,0,0,0.2246175,0.2246175,0,-1,0,0.2246175,0,0,2.775558E-17,0,0,0.2364395,0.2246175,0,0,8.271429,3.180988,0,0.2364395,-0.2364395,5.903832,42.17015,0.006072114,0.2470793,0,0,3.180988
1/23/2007 1:00:00 AM,0,0,-43.57168,90,0,0,0.2062735,0.2062735,0,-1,0,0.2062735,0,0,2.775558E-17,0,0,0.21713,0.2062735,0,0,8.53414,2.944549,0,0.21713,-0.21713,5.674957,40.53533,0.006072114,0.2269009,0,0,2.944549
1/23/2007 2:00:00 AM,0,0,-63.78516,90,0,0,0.1472298,0.1472298,0,-1,0,0.1472298,0,0,2.775558E-17,0,0,0.1549788,0.1472298,0,0,8.775395,2.727419,0,0.1549788,-0.1549788,5.511595,39.36846,0.006072114,0.1619528,0,0,2.727419
1/23/2007 3:00:00 AM,0,0,-69.9708,90,0,0,0.3103156,0.3103156,0,-1,0,0.3103156,0,0,5.551115E-17,0,0,0.326648,0.3103156,0,0,8.947594,2.57244,0,0.326648,-0.326648,5.167278,36.90905,0.006072114,0.3413472,0,0,2.57244
1/23/2007 4:00:00 AM,0,0,-71.94536,90,0,0,0.09371865,0.09371865,0,-1,0,0.09371865,0,0,0,0,0,0.09865121,0.09371865,0,0,9.310535,2.245792,0,0.09865121,-0.09865121,5.063291,36.16629,0.006072114,0.1030905,0,0,2.245792
1/23/2007 5:00:00 AM,0,0,-72.00066,90,0,0,0.1134045,0.1134045,0,0,0,0.1134045,0,0,1.387779E-17,0,0,0.1193731,0.1134045,0,0,9.420148,2.147141,0,0.1193731,-0.1193731,4.93746,35.2675,0.006072114,0.1247449,0,0,2.147141
1/23/2007 6:00:00 AM,0.00004219419,0,-70.7879,90,0,0,0.219632,0.219632,0,0,0,0.219632,0,0,2.775558E-17,0,0,0.2311916,0.219632,0,0,9.552785,2.027768,0,0.2311916,-0.2311916,4.693763,33.52681,0.006072114,0.2415952,0,0,2.027768
1/23/2007 7:00:00 AM,0.05232768,7.300978,-68.39175,79.46428,0.05347588,0.2399997,0.5593596,0.5593596,0,0,0,0.5593596,42.90617,0,1.110223E-16,0,0.2399997,0.5887995,0.5593596,0,0,9.809665,1.796576,0,0.3487998,-0.3487998,4.326096,30.90062,0.006072114,0.6152955,0.1919998,0,2.036576
1/23/2007 8:00:00 AM,0.1704412,20.89528,-64.53364,65.46176,0.1728802,0.7758865,0.1020188,0.1020188,0,0,0,0.1020188,760.533,0,0,0,0.7758865,0.1073882,0.1020188,0,0,10.19722,1.447776,0.6684983,0,0.6684983,4.960289,35.43056,0.00604876,0.1122207,0.6207092,0,2.223663
1/23/2007 9:00:00 AM,0.4009243,33.93791,-58.48288,51.72355,0.4214159,1.891315,0,0,0,-1,0,0,0,0,0,0,1.891315,0,0,0,0,9.528722,2.049425,1.891315,0,1.891315,6.754548,48.24667,0.005983651,0,1.513052,0,3.940739
1/23/2007 10:00:00 AM,0.7745861,45.90939,-48.71607,38.61071,0.8391539,3.766123,0,0,0,0,0,0,0,0,0,0,3.766123,0,0,0,0,7.637407,3.751608,3.766123,0,3.766123,10.3274,73.76704,0.005858087,0,3.012898,0,7.517731
1/23/2007 11:00:00 AM,0.8569505,55.6493,-32.4573,27.11343,0.9193547,4.126064,2.199394,2.199394,0,0,0,2.199394,187.6001,0,0,0,4.126064,2.315151,2.199394,0,0,3.871284,7.141119,1.810913,0,1.810913,12.04539,86.03831,0.005799568,2.419333,3.300851,0,11.26718
1/23/2007 12:00:00 PM,0.930976,60.81557,-7.322462,20.256,0.9966159,4.472812,0.2539315,0.2539315,0,0,0,0.2539315,1761.425,2.145144,0,0,4.472812,0.2672963,0.2539315,0,0,2.060372,8.77094,2.060372,0,2.060372,14.00003,100,0.005734393,0.2793246,3.57825,0,13.24375
1/23/2007 1:00:00 PM,0.6356393,59.02283,20.79822,22.73877,0.6600083,2.962117,0.191253,0.191253,0,0,0,0.191253,1548.795,2.760798,0,0,2.962117,0.201319,0.191253,0,0,0,10.62527,0,0,0,14.00003,100,0.005734393,0.2103783,2.369694,0,13.58739
1/23/2007 2:00:00 PM,0.5561253,51.22593,41.52966,32.48277,0.5766994,2.588227,0.899349,0.899349,0,-1,0,0.899349,287.789,1.641544,0,0,2.588227,0.9466832,0.899349,0,0,0,10.62527,0,0,0,14.00003,100,0.005734393,0.9892839,2.070582,0,13.2135
1/23/2007 3:00:00 PM,0.5203809,40.17319,54.15299,44.9804,0.5524365,2.479335,0,0,0,0,0,0,0,2.479335,0,0,2.479335,0,0,0,0,0,10.62527,0,0,0,14.00003,100,0.005734393,0,1.983468,0,13.10461
1/23/2007 4:00:00 PM,0.2601953,27.57933,61.82067,58.46993,0.2665062,1.19608,1.20433,1.20433,0,0,0,1.20433,99.31499,2.220446E-16,0,0,1.19608,1.267715,1.20433,0,0,0,10.62527,0,0.07163556,-0.07163556,13.92452,99.46064,0.005734393,1.324763,0.9568639,0,11.82135
1/23/2007 5:00:00 PM,0.03337835,14.22089,66.65721,72.36744,0.03329053,0.1494079,0.3621302,0.3621302,0,0,0,0.3621302,41.25806,0,5.551115E-17,0,0.1494079,0.3811897,0.3621302,0,0,0.07959507,10.55364,0,0.2317818,-0.2317818,13.6802,97.71551,0.005734393,0.3983432,0.1195263,0,10.70305
1/23/2007 6:00:00 PM,0.01678341,0.4562941,69.73383,86.43158,0.02491063,0.1117989,0,0,0,0,0,0,0,0,0,0,0.1117989,0,0,0,0,0.3371304,10.32186,0.1117989,0,0.1117989,13.78626,98.47309,0.005730899,0,0.08943913,0,10.43366
1/23/2007 7:00:00 PM,0,0,71.53188,90,0,0,1.013043,1.013043,0,-1,0,1.013043,0,0,0,0,0,1.066361,1.013043,0,0,0.2253314,10.42248,0,1.066361,-1.066361,12.66222,90.44422,0.005730899,1.114347,0,0,10.42248
1/23/2007 8:00:00 PM,0,0,72.15368,90,0,0,2.129603,2.129603,0,-1,0,2.129603,0,0,4.440892E-16,0,0,2.241687,2.129603,0,0,1.410177,9.356115,0,2.241687,-2.241687,10.29927,73.56607,0.005730899,2.342563,0,0,9.356115
1/23/2007 9:00:00 PM,0,0,71.2877,90,0,0,0,0,0,-1,0,0,0,0,0,0,0,0,0,0,0,3.90094,7.114428,0,0,0,10.29927,73.56607,0.005730899,0,0,0,7.114428
1/23/2007 10:00:00 PM,0,0,67.72405,90,0,0,0.3545374,0.3545374,0,-1,0,0.3545374,0,0,5.551115E-17,0,0,0.3731973,0.3545374,0,0,3.90094,7.114428,0,0.3731973,-0.3731973,9.905887,70.75619,0.005730899,0.3899911,0,0,7.114428
1/23/2007 11:00:00 PM,0,0,56.93455,90,0,0,0.337005,0.337005,0,-1,0,0.337005,0,0,0,0,0,0.3547421,0.337005,0,0,4.315604,6.74123,0,0.3547421,-0.3547421,9.531956,68.08526,0.005730899,0.3707055,0,0,6.74123
1/24/2007 12:00:00 AM,0,0,18.82481,90,0,0,0.2046356,0.2046356,0,-1,0,0.2046356,0,0,2.775558E-17,0,0,0.2154059,0.2046356,0,0,4.709762,6.386488,0,0.2154059,-0.2154059,9.304897,66.46342,0.005730899,0.2250992,0,0,6.386488
1/24/2007 1:00:00 AM,0,0,-43.99392,90,0,0,0.02545675,0.02545675,0,-1,0,0.02545675,0,0,0,0,0,0.02679658,0.02545675,0,0,4.949102,6.171082,0,0.02679658,-0.02679658,9.276651,66.26167,0.005730899,0.02800242,0,0,6.171082
1/24/2007 2:00:00 AM,0,0,-64.1784,90,0,0,0.3119,0.3119,0,-1,0,0.3119,0,0,5.551115E-17,0,0,0.3283158,0.3119,0,0,4.978876,6.144286,0,0.3283158,-0.3283158,8.930576,63.7897,0.005730899,0.34309,0,0,6.144286
1/24/2007 3:00:00 AM,0,0,-70.27823,90,0,0,0.1108919,0.1108919,0,-1,0,0.1108919,0,0,1.387779E-17,0,0,0.1167284,0.1108919,0,0,5.343671,5.81597,0,0.1167284,-0.1167284,8.807534,62.91083,0.005730899,0.1219811,0,0,5.81597
1/24/2007 4:00:00 AM,0,0,-72.20385,90,0,0,0.2795458,0.2795458,0,-1,0,0.2795458,0,0,5.551115E-17,0,0,0.2942587,0.2795458,0,0,5.47337,5.699242,0,0.2942587,-0.2942587,8.497358,60.69529,0.005730899,0.3075003,0,0,5.699242
1/24/2007 5:00:00 AM,0,0,-72.23397,90,0,0,0,0,0,0,0,0,0,0,0,0,0,0,0,0,0,5.800323,5.404983,0,0,0,8.497358,60.69529,0.005730899,0,0,0,5.404983
1/24/2007 6:00:00 AM,0.00003281652,0,-71.01171,90,0,0,0.1571774,0.1571774,0,0,0,0.1571774,0,0,2.775558E-17,0,0,0.1654499,0.1571774,0,0,5.800323,5.404983,0,0.1654499,-0.1654499,8.322958,59.44958,0.005730899,0.1728952,0,0,5.404983
1/24/2007 7:00:00 AM,0.07638385,7.282576,-68.61845,79.51588,0.08537049,0.3831428,0.6139005,0.6139005,0,0,0,0.6139005,62.41121,0,1.110223E-16,0,0.3831428,0.6462111,0.6139005,0,0,5.984157,5.239533,0,0.2630683,-0.2630683,8.04566,57.46888,0.005730899,0.6752906,0.3065142,0,5.622676
1/24/2007 8:00:00 AM,0.2836825,20.9007,-64.77507,65.49158,0.3123742,1.401935,1.268042,1.268042,0,0,0,1.268042,110.5591,0,0,0,1.401935,1.334781,1.268042,0,0,6.276455,4.976465,0.0671545,0,0.0671545,8.109368,57.92394,0.005728802,1.394846,1.121548,0,6.3784
1/24/2007 9:00:00 AM,0.6237165,33.97434,-58.75131,51.72567,0.6881925,3.088608,0.9067506,0.9067506,0,-1,0,0.9067506,340.6238,0,0,0,3.088608,0.9544743,0.9067506,0,0,6.209301,5.036904,2.134134,0,2.134134,10.13399,72.38547,0.005662948,0.9974256,2.470886,0,8.125511
1/24/2007 10:00:00 AM,0.6932003,45.98917,-49.0196,38.57239,0.7459061,3.347627,1.446724,1.446724,0,0,0,1.446724,231.3935,0,0,0,3.347627,1.522868,1.446724,0,0,4.075167,6.957624,1.824759,0,1.824759,11.8651,84.75057,0.005607831,1.591397,2.678101,0,10.30525
1/24/2007 11:00:00 AM,0.8394541,55.78974,-32.77078,27.00828,0.8990625,4.034993,0,0,0,0,0,0,0,1.784585,0,0,4.034993,0,0,0,0,2.250408,8.599907,2.250408,0,2.250408,14.00003,100,0.005541316,0,3.227994,0,12.6349
1/24/2007 12:00:00 PM,0.7057277,61.02033,-7.517386,20.05717,0.7388576,3.315993,0,0,0,0,0,0,0,3.315993,0,0,3.315993,0,0,0,0,0,10.62527,0,0,0,14.00003,100,0.005541316,0,2.652794,0,13.94127
1/24/2007 1:00:00 PM,0.5709516,59.24763,20.83553,22.51912,0.585951,2.629748,0.3041308,0.3041308,0,0,0,0.3041308,864.6765,2.30961,0,0,2.629748,0.3201377,0.3041308,0,0,0,10.62527,0,0,0,14.00003,100,0.005541316,0.3345439,2.103798,0,13.25502
1/24/2007 2:00:00 PM,0.5346733,51.42667,41.69448,32.30592,0.5516627,2.475862,1.316903,1.316903,0,-1,0,1.316903,188.0064,1.089649,0,0,2.475862,1.386214,1.316903,0,0,0,10.62527,0,0,0,14.00003,100,0.005541316,1.448593,1.98069,0,13.10114
1/24/2007 3:00:00 PM,0.4067037,40.34245,54.34848,44.84085,0.4179333,1.875685,1.393356,1.393356,0,0,0,1.393356,134.6163,0.4089939,0,0,1.875685,1.466691,1.393356,0,0,0,10.62527,0,0,0,14.00003,100,0.005541316,1.532692,1.500548,0,12.50096
1/24/2007 4:00:00 PM,0.1821637,27.72186,62.0181,58.35773,0.1824719,0.8189337,0,0,0,0,0,0,0,0.8189337,0,0,0.8189337,0,0,0,0,0,10.62527,0,0,0,14.00003,100,0.005541316,0,0.655147,0,11.44421
1/24/2007 5:00:00 PM,0.1798503,14.34153,66.85394,72.27705,0.2000839,0.8979765,1.408149,1.408149,0,0,0,1.408149,63.76999,0,0,0,0.8979765,1.482262,1.408149,0,0,0,10.62527,0,0.5842858,-0.5842858,13.38414,95.60078,0.005541316,1.548964,0.7183812,0,11.52325
1/24/2007 6:00:00 PM,0.02326317,0.5580696,69.9352,86.36065,0.05764688,0.2587192,1.760883,1.760883,0,0,0,1.760883,14.69258,0,2.220446E-16,0,0.2587192,1.853561,1.760883,0,0,0.6492064,10.04099,0,1.594842,-1.594842,11.70303,83.59287,0.005541316,1.936972,0.2069753,0,10.29971
1/24/2007 7:00:00 PM,0,0,71.74713,90,0,0,0.9669127,0.9669127,0,-1,0,0.9669127,0,0,0,0,0,1.017803,0.9669127,0,0,2.421253,8.446146,0,1.017803,-1.017803,10.63017,75.92961,0.005541316,1.063604,0,0,8.446146
1/24/2007 8:00:00 PM,0,0,72.39706,90,0,0,0.8254431,0.8254431,0,-1,0,0.8254431,0,0,0,0,0,0.8688875,0.8254431,0,0,3.552145,7.428343,0,0.8688875,-0.8688875,9.714279,69.38757,0.005541316,0.9079875,0,0,7.428343
1/24/2007 9:00:00 PM,0,0,71.58375,90,0,0,0.8476106,0.8476106,0,-1,0,0.8476106,0,0,0,0,0,0.8922217,0.8476106,0,0,4.517576,6.559456,0,0.8922217,-0.8922217,8.773795,62.66984,0.005541316,0.9323717,0,0,6.559456
1/24/2007 10:00:00 PM,0,0,68.12247,90,0,0,0.2352735,0.2352735,0,-1,0,0.2352735,0,0,2.775558E-17,0,0,0.2476563,0.2352735,0,0,5.508934,5.667234,0,0.2476563,-0.2476563,8.512742,60.80518,0.005541316,0.2588008,0,0,5.667234
1/24/2007 11:00:00 PM,0,0,57.54811,90,0,0,0,0,0,-1,0,0,0,0,0,0,0,0,0,0,0,5.784107,5.419578,0,0,0,8.512742,60.80518,0.005541316,0,0,0,5.419578
1/25/2007 12:00:00 AM,0,0,19.52261,90,0,0,0.0213441,0.0213441,0,-1,0,0.0213441,0,0,3.469447E-18,0,0,0.02246747,0.0213441,0,0,5.784107,5.419578,0,0.02246747,-0.02246747,8.489059,60.63602,0.005541316,0.02347851,0,0,5.419578
1/25/2007 1:00:00 AM,0,0,-44.44989,90,0,0,0,0,0,-1,0,0,0,0,0,0,0,0,0,0,0,5.809071,5.39711,0,0,0,8.489059,60.63602,0.005541316,0,0,0,5.39711
1/25/2007 2:00:00 AM,0,0,-64.58891,90,0,0,0,0,0,-1,0,0,0,0,0,0,0,0,0,0,0,5.809071,5.39711,0,0,0,8.489059,60.63602,0.005541316,0,0,0,5.39711
1/25/2007 3:00:00 AM,0,0,-70.5962,90,0,0,0.3751346,0.3751346,0,-1,0,0.3751346,0,0,0,0,0,0.3948785,0.3751346,0,0,5.809071,5.39711,0,0.3948785,-0.3948785,8.072821,57.66289,0.005541316,0.4126481,0,0,5.39711
1/25/2007 4:00:00 AM,0,0,-72.47004,90,0,0,0,0,0,-1,0,0,0,0,0,0,0,0,0,0,0,6.247825,5.002232,0,0,0,8.072821,57.66289,0.005541316,0,0,0,5.002232
1/25/2007 5:00:00 AM,0,0,-72.47356,90,0,0,0.195883,0.195883,0,0,0,0.195883,0,0,2.775558E-17,0,0,0.2061926,0.195883,0,0,6.247825,5.002232,0,0.2061926,-0.2061926,7.855475,56.11042,0.005541316,0.2154713,0,0,5.002232
1/25/2007 6:00:00 AM,0.00006975817,0,-71.24104,90,0,0,0.07179458,0.07179458,0,0,0,0.07179458,0,0,1.387779E-17,0,0,0.07557324,0.07179458,0,0,6.476928,4.796039,0,0.07557324,-0.07557324,7.775814,55.54142,0.005541316,0.07897403,0,0,4.796039
1/25/2007 7:00:00 AM,0.1298988,7.267704,-68.85032,79.5648,0.181409,0.8141636,0.4978098,0.4978098,0,0,0,0.4978098,163.5491,0,0,0,0.8141636,0.5240104,0.4978098,0,0,6.560898,4.720466,0.2901533,0,0.2901533,8.051077,57.50758,0.005532855,0.5475908,0.6513309,0,5.534629
1/25/2007 8:00:00 AM,0.3618769,20.90995,-65.0216,65.51842,0.4150979,1.862959,1.930566,1.930566,0,0,0,1.930566,96.49808,0,0,0,1.862959,2.032175,1.930566,0,0,6.270745,4.981604,0,0.1692157,-0.1692157,7.872708,56.23352,0.005532855,2.123623,1.490367,0,6.844563
1/25/2007 9:00:00 AM,0.5704384,34.01495,-59.02496,51.7245,0.6266847,2.812561,0.2816105,0.2816105,0,-1,0,0.2816105,998.7413,0,0,0,2.812561,0.2964322,0.2816105,0,0,6.458762,4.812388,2.516129,0,2.516129,10.25972,73.28355,0.00546055,0.3097716,2.250049,0,7.624949
1/25/2007 10:00:00 AM,0.726095,46.07362,-49.3285,38.53036,0.783168,3.514858,0.1119257,0.1119257,0,0,0,0.1119257,3140.348,0,0,0,3.514858,0.1178166,0.1119257,0,0,3.942634,7.076904,3.397042,0,3.397042,13.48243,96.30291,0.005365877,0.1231183,2.811887,0,10.59176
1/25/2007 11:00:00 AM,0.8460837,55.93557,-33.08885,26.89867,0.9058204,4.065322,1.292747,1.292747,0,0,0,1.292747,314.4716,2.158943,0,0,4.065322,1.360786,1.292747,0,0,0.545592,10.13424,0.545592,0,0.545592,14.00003,100,0.005350977,1.422022,3.252257,0,14.19956
1/25/2007 12:00:00 PM,1.0089,61.2309,-7.711475,19.8527,1.079679,4.845598,1.755217,1.755217,0,0,0,1.755217,276.0683,2.998001,0,0,4.845598,1.847597,1.755217,0,0,0,10.62527,0,0,0,14.00003,100,0.005350977,1.930739,3.876478,0,15.47087
1/25/2007 1:00:00 PM,0.7828899,59.47689,20.88211,22.29582,0.8297244,3.723803,0.3069118,0.3069118,0,0,0,0.3069118,1213.314,3.400738,0,0,3.723803,0.3230651,0.3069118,0,0,0,10.62527,0,0,0,14.00003,100,0.005350977,0.337603,2.979042,0,14.34908
1/25/2007 2:00:00 PM,0.4914475,51.6296,41.87014,32.12837,0.5025412,2.255405,0.5845479,0.5845479,0,-1,0,0.5845479,385.8375,1.640091,0,0,2.255405,0.6153135,0.5845479,0,0,0,10.62527,0,0,0,14.00003,100,0.005350977,0.6430026,1.804324,0,12.88068
1/25/2007 3:00:00 PM,0.4327433,40.5123,54.55315,44.70207,0.4474595,2.008198,0,0,0,0,0,0,0,2.008198,0,0,2.008198,0,0,0,0,0,10.62527,0,0,0,14.00003,100,0.005350977,0,1.606558,0,12.63347
1/25/2007 4:00:00 PM,0.4467947,27.86402,62.22319,58.24707,0.4954233,2.22346,0,0,0,0,0,0,0,2.22346,0,0,2.22346,0,0,0,0,0,10.62527,0,0,0,14.00003,100,0.005350977,0,1.778768,0,12.84873
1/25/2007 5:00:00 PM,0.1765269,14.46117,67.05733,72.18868,0.1945617,0.8731928,0,0,0,0,0,0,0,0.8731928,0,0,0.8731928,0,0,0,0,0,10.62527,0,0,0,14.00003,100,0.005350977,0,0.6985543,0,11.49847
1/25/2007 6:00:00 PM,0.02924861,0.6584027,70.14272,86.29211,0.1043736,0.4684287,0,0,0,0,0,0,0,0.4684287,0,0,0.4684287,0,0,0,0,0,10.62527,0,0,0,14.00003,100,0.005350977,0,0.374743,0,11.0937
1/25/2007 7:00:00 PM,0,0,71.96841,90,0,0,1.349761,1.349761,0,-1,0,1.349761,0,0,2.220446E-16,0,0,1.420801,1.349761,0,0,0,10.62527,0,1.420801,-1.420801,12.50237,89.30248,0.005350977,1.484737,0,0,10.62527
1/25/2007 8:00:00 PM,0,0,72.64672,90,0,0,0.4402962,0.4402962,0,-1,0,0.4402962,0,0,5.551115E-17,0,0,0.4634697,0.4402962,0,0,1.578668,9.204473,0,0.4634697,-0.4634697,12.01383,85.81292,0.005350977,0.4843259,0,0,9.204473
1/25/2007 9:00:00 PM,0,0,71.88681,90,0,0,0,0,0,-1,0,0,0,0,0,0,0,0,0,0,0,2.093634,8.741004,0,0,0,12.01383,85.81292,0.005350977,0,0,0,8.741004
1/25/2007 10:00:00 PM,0,0,68.52962,90,0,0,0.09550787,0.09550787,0,-1,0,0.09550787,0,0,1.387779E-17,0,0,0.1005346,0.09550787,0,0,2.093634,8.741004,0,0.1005346,-0.1005346,11.90786,85.05597,0.005350977,0.1050587,0,0,8.741004
1/25/2007 11:00:00 PM,0,0,58.17525,90,0,0,0.1578639,0.1578639,0,-1,0,0.1578639,0,0,0,0,0,0.1661725,0.1578639,0,0,2.205339,8.64047,0,0.1661725,-0.1661725,11.7327,83.80482,0.005350977,0.1736503,0,0,8.64047
1/26/2007 12:00:00 AM,0,0,20.24229,90,0,0,0.3671049,0.3671049,0,-1,0,0.3671049,0,0,5.551115E-17,0,0,0.3864262,0.3671049,0,0,2.389975,8.474297,0,0.3864262,-0.3864262,11.32537,80.89533,0.005350977,0.4038154,0,0,8.474297
1/26/2007 1:00:00 AM,0,0,-44.94105,90,0,0,0.05329609,0.05329609,0,-1,0,0.05329609,0,0,6.938894E-18,0,0,0.05610114,0.05329609,0,0,2.819338,8.087871,0,0.05610114,-0.05610114,11.26623,80.47294,0.005350977,0.05862569,0,0,8.087871
1/26/2007 2:00:00 AM,0,0,-65.01679,90,0,0,0.0927314,0.0927314,0,-1,0,0.0927314,0,0,1.387779E-17,0,0,0.097612,0.0927314,0,0,2.881672,8.031769,0,0.097612,-0.097612,11.16334,79.73799,0.005350977,0.1020045,0,0,8.031769
1/26/2007 3:00:00 AM,0,0,-70.92466,90,0,0,0.2387875,0.2387875,0,-1,0,0.2387875,0,0,0,0,0,0.2513553,0.2387875,0,0,2.99013,7.934157,0,0.2513553,-0.2513553,10.89839,77.84549,0.005350977,0.2626663,0,0,7.934157
1/26/2007 4:00:00 AM,0,0,-72.74384,90,0,0,0,0,0,-1,0,0,0,0,0,0,0,0,0,0,0,3.269413,7.682802,0,0,0,10.89839,77.84549,0.005350977,0,0,0,7.682802
1/26/2007 5:00:00 AM,0,0,-72.71935,90,0,0,0,0,0,0,0,0,0,0,0,0,0,0,0,0,0,3.269413,7.682802,0,0,0,10.89839,77.84549,0.005350977,0,0,0,7.682802
1/26/2007 6:00:00 AM,0.00006869343,0,-71.47584,90,0,0,0.1411082,0.1411082,0,0,0,0.1411082,0,0,2.775558E-17,0,0,0.1485349,0.1411082,0,0,3.269413,7.682802,0,0.1485349,-0.1485349,10.74182,76.72713,0.005350977,0.155219,0,0,7.682802
1/26/2007 7:00:00 AM,0.1301601,7.256395,-69.0873,79.61101,0.1814109,0.8141722,0,0,0,0,0,0,0,0,0,0,0.8141722,0,0,0,0,3.434452,7.534267,0.8141722,0,0.8141722,11.51421,82.24421,0.005328895,0,0.6513377,0,8.348439
1/26/2007 8:00:00 AM,0.3747933,20.92303,-65.27317,65.54228,0.4305148,1.93215,1.011629,1.011629,0,0,0,1.011629,190.994,0,0,0,1.93215,1.064873,1.011629,0,0,2.62028,8.267022,0.8672777,0,0.8672777,12.33698,88.12114,0.005305572,1.112792,1.54572,0,10.19917
1/26/2007 9:00:00 AM,0.6129732,34.05973,-59.30379,51.72006,0.6748063,3.028531,0.01180686,0.01180686,0,-1,0,0.01180686,25650.6,1.2631,0,0,3.028531,0.01242827,0.01180686,0,0,1.753003,9.047572,1.753003,0,1.753003,14.00003,100,0.005259049,0.01298755,2.422825,0,12.0761
1/26/2007 10:00:00 AM,0.8905523,46.16272,-49.64276,38.48467,0.9639933,4.326402,0.3702708,0.3702708,0,0,0,0.3702708,1168.443,3.936643,0,0,4.326402,0.3897587,0.3702708,0,0,0,10.62527,0,0,0,14.00003,100,0.005259049,0.4072978,3.461122,0,14.95168
1/26/2007 11:00:00 AM,1.021712,56.08672,-33.41157,26.78468,1.096649,4.92176,0,0,0,0,0,0,0,4.92176,0,0,4.92176,0,0,0,0,0,10.62527,0,0,0,14.00003,100,0.005259049,0,3.937407,0,15.54703
1/26/2007 12:00:00 PM,1.127383,61.44725,-7.904692,19.64264,1.206762,5.415948,0,0,0,0,0,0,0,5.415948,0,0,5.415948,0,0,0,0,0,10.62527,0,0,0,14.00003,100,0.005259049,0,4.332758,0,16.04122
1/26/2007 1:00:00 PM,1.070001,59.71053,20.93822,22.06898,1.146031,5.143386,0.6132277,0.6132277,0,0,0,0.6132277,838.7401,4.497883,0,0,5.143386,0.6455028,0.6132277,0,0,0,10.62527,0,0,0,14.00003,100,0.005259049,0.6745504,4.114709,0,15.76866
1/26/2007 2:00:00 PM,1.004368,51.83461,42.0568,31.95029,1.081789,4.855067,0,0,0,-1,0,0,0,4.855067,0,0,4.855067,0,0,0,0,0,10.62527,0,0,0,14.00003,100,0.005259049,0,3.884053,0,15.48034
1/26/2007 3:00:00 PM,0.7033097,40.68262,54.76708,44.56421,0.7652672,3.434519,0.5371101,0.5371101,0,0,0,0.5371101,639.4442,2.86914,0,0,3.434519,0.565379,0.5371101,0,0,0,10.62527,0,0,0,14.00003,100,0.005259049,0.5908211,2.747615,0,14.05979
1/26/2007 4:00:00 PM,0.5093119,28.00568,62.43593,58.13806,0.5692037,2.554586,1.25806,1.25806,0,0,0,1.25806,203.0577,1.230313,0,0,2.554586,1.324273,1.25806,0,0,0,10.62527,0,0,0,14.00003,100,0.005259049,1.383865,2.043669,0,13.17986
1/26/2007 5:00:00 PM,0.2236361,14.57971,67.26737,72.10243,0.2621092,1.176346,1.028164,1.028164,0,0,0,1.028164,114.4123,0.09406797,0,0,1.176346,1.082278,1.028164,0,0,0,10.62527,0,0,0,14.00003,100,0.005259049,1.130981,0.9410769,0,11.80162
1/26/2007 6:00:00 PM,0.031731,0.7572253,70.35633,86.226,0.1225387,0.5499538,0,0,0,0,0,0,0,0.5499538,0,0,0.5499538,0,0,0,0,0,10.62527,0,0,0,14.00003,100,0.005259049,0,0.439963,0,11.17523
1/26/2007 7:00:00 PM,0,0,72.19565,90,0,0,0.8407452,0.8407452,0,-1,0,0.8407452,0,0,0,0,0,0.884995,0.8407452,0,0,0,10.62527,0,0.884995,-0.884995,13.06716,93.33668,0.005259049,0.9248198,0,0,10.62527
1/26/2007 8:00:00 PM,0,0,72.90258,90,0,0,0,0,0,-1,0,0,0,0,0,0,0,0,0,0,0,0.9833277,9.740279,0,0,0,13.06716,93.33668,0.005259049,0,0,0,9.740279
1/26/2007 9:00:00 PM,0,0,72.19684,90,0,0,0.4059666,0.4059666,0,-1,0,0.4059666,0,0,0,0,0,0.4273333,0.4059666,0,0,0.9833277,9.740279,0,0.4273333,-0.4273333,12.61671,90.11919,0.005259049,0.4465633,0,0,9.740279
1/26/2007 10:00:00 PM,0,0,68.94549,90,0,0,0.3323026,0.3323026,0,-1,0,0.3323026,0,0,5.551115E-17,0,0,0.3497922,0.3323026,0,0,1.458143,9.312946,0,0.3497922,-0.3497922,12.248,87.48553,0.005259049,0.3655328,0,0,9.312946
1/26/2007 11:00:00 PM,0,0,58.81612,90,0,0,0.1687358,0.1687358,0,-1,0,0.1687358,0,0,0,0,0,0.1776166,0.1687358,0,0,1.846801,8.963154,0,0.1776166,-0.1776166,12.06077,86.14822,0.005259049,0.1856094,0,0,8.963154
1/27/2007 12:00:00 AM,0,0,20.98565,90,0,0,0.3517204,0.3517204,0,-1,0,0.3517204,0,0,5.551115E-17,0,0,0.370232,0.3517204,0,0,2.044152,8.785537,0,0.370232,-0.370232,11.67052,83.36066,0.005259049,0.3868924,0,0,8.785537
1/27/2007 1:00:00 AM,0,0,-45.4689,90,0,0,0,0,0,-1,0,0,0,0,0,0,0,0,0,0,0,2.455521,8.415305,0,0,0,11.67052,83.36066,0.005259049,0,0,0,8.415305
1/27/2007 2:00:00 AM,0,0,-65.46211,90,0,0,0.3856547,0.3856547,0,-1,0,0.3856547,0,0,5.551115E-17,0,0,0.4059523,0.3856547,0,0,2.455521,8.415305,0,0.4059523,-0.4059523,11.2426,80.30416,0.005259049,0.4242202,0,0,8.415305
1/27/2007 3:00:00 AM,0,0,-71.26353,90,0,0,0.08023879,0.08023879,0,-1,0,0.08023879,0,0,1.387779E-17,0,0,0.08446188,0.08023879,0,0,2.906579,8.009353,0,0.08446188,-0.08446188,11.15357,79.66823,0.005259049,0.08826266,0,0,8.009353
1/27/2007 4:00:00 AM,0,0,-73.02518,90,0,0,0.1197556,0.1197556,0,-1,0,0.1197556,0,0,0,0,0,0.1260585,0.1197556,0,0,3.000426,7.924891,0,0.1260585,-0.1260585,11.0207,78.71911,0.005259049,0.1317311,0,0,7.924891
1/27/2007 5:00:00 AM,0,0,-72.97124,90,0,0,0.3758074,0.3758074,0,0,0,0.3758074,0,0,5.551115E-17,0,0,0.3955868,0.3758074,0,0,3.140491,7.798832,0,0.3955868,-0.3955868,10.60371,75.74065,0.005259049,0.4133882,0,0,7.798832
1/27/2007 6:00:00 AM,0.00004537927,0,-71.71601,90,0,0,0.1687772,0.1687772,0,0,0,0.1687772,0,0,2.775558E-17,0,0,0.1776602,0.1687772,0,0,3.580032,7.403245,0,0.1776602,-0.1776602,10.41644,74.40301,0.005259049,0.1856549,0,0,7.403245
1/27/2007 7:00:00 AM,0.06215739,7.248682,-69.32934,79.65446,0.06527662,0.2929615,0.6059704,0.6059704,0,0,0,0.6059704,48.34584,0,1.110223E-16,0,0.2929615,0.6378636,0.6059704,0,0,3.777432,7.225585,0,0.3449021,-0.3449021,10.05288,71.80616,0.005259049,0.6665674,0.2343692,0,7.518547
1/27/2007 8:00:00 AM,0.2296482,20.93995,-65.52972,65.56314,0.2415218,1.08395,1.001508,1.001508,0,0,0,1.001508,108.2318,0,0,0,1.08395,1.054219,1.001508,0,0,4.160656,6.880683,0.02973103,0,0.02973103,10.08109,72.00763,0.005258267,1.101659,0.86716,0,7.964633
1/27/2007 9:00:00 AM,0.4018427,34.10867,-59.58775,51.71236,0.4214097,1.891287,1.61577,1.61577,0,-1,0,1.61577,117.0517,0,0,0,1.891287,1.700811,1.61577,0,0,4.130926,6.907441,0.1904759,0,0.1904759,10.26179,73.29835,0.005253262,1.777347,1.513029,0,8.798728
1/27/2007 10:00:00 AM,0.3398878,46.25643,-49.96238,38.43536,0.3414848,1.532584,0.7812496,0.7812496,0,0,0,0.7812496,196.1708,0,0,0,1.532584,0.822368,0.7812496,0,0,3.94045,7.078869,0.7102158,0,0.7102158,10.93556,78.11098,0.005234686,0.8593745,1.226067,0,8.611453
1/27/2007 11:00:00 AM,0.4149941,56.24314,-33.73898,26.66639,0.4175201,1.87383,1.056589,1.056589,0,0,0,1.056589,177.3472,0,0,0,1.87383,1.112199,1.056589,0,0,3.230234,7.718064,0.7616317,0,0.7616317,11.65811,83.27203,0.00521491,1.162248,1.499064,0,9.591894
1/27/2007 12:00:00 PM,0.5910116,61.66932,-8.097002,19.42703,0.6063734,2.721404,0.8894667,0.8894667,0,0,0,0.8894667,305.959,0,0,0,2.721404,0.9362807,0.8894667,0,0,2.468602,8.403532,1.785123,0,1.785123,13.35162,95.36855,0.005169141,0.9784134,2.177123,0,11.12494
1/27/2007 1:00:00 PM,0.4543588,59.94846,21.00414,21.83875,0.4580577,2.055763,1.40746,1.40746,0,0,0,1.40746,146.0619,0,0,0,2.055763,1.481537,1.40746,0,0,0.683479,10.01014,0.5742258,0,0.5742258,13.89638,99.25967,0.005154588,1.548206,1.64461,0,12.06591
1/27/2007 2:00:00 PM,0.2296513,52.04155,42.25465,31.77186,0.2289633,1.027587,0,0,0,-1,0,0,0,0.9183341,0,0,1.027587,0,0,0,0,0.1092531,10.52695,0.1092531,0,0.1092531,14.00003,100,0.005151828,0,0.8220698,0,11.55453
1/27/2007 3:00:00 PM,0.4225384,40.85328,54.99029,44.42741,0.4350322,1.952424,1.316588,1.316588,0,0,0,1.316588,148.2943,0.5665423,0,0,1.952424,1.385882,1.316588,0,0,0,10.62527,0,0,0,14.00003,100,0.005151828,1.448247,1.561939,0,12.5777
1/27/2007 4:00:00 PM,0.42566,28.14674,62.6563,58.03082,0.4672703,2.097109,0,0,0,0,0,0,0,2.097109,0,0,2.097109,0,0,0,0,0,10.62527,0,0,0,14.00003,100,0.005151828,0,1.677687,0,12.72238
1/27/2007 5:00:00 PM,0.203835,14.69706,67.48401,72.01837,0.2320749,1.041552,0,0,0,0,0,0,0,1.041552,0,0,1.041552,0,0,0,0,0,10.62527,0,0,0,14.00003,100,0.005151828,0,0.8332417,0,11.66683
1/27/2007 6:00:00 PM,0.0263916,0.8544707,70.576,86.1624,0.06566364,0.2946984,0,0,0,0,0,0,0,0.2946984,0,0,0.2946984,0,0,0,0,0,10.62527,0,0,0,14.00003,100,0.005151828,0,0.2357588,0,10.91997
1/27/2007 7:00:00 PM,0,0,72.42879,90,0,0,1.524585,1.524585,0,-1,0,1.524585,0,0,2.220446E-16,0,0,1.604827,1.524585,0,0,0,10.62527,0,1.604827,-1.604827,12.30839,87.91691,0.005151828,1.677044,0,0,10.62527
1/27/2007 8:00:00 PM,0,0,73.16458,90,0,0,0.2681189,0.2681189,0,-1,0,0.2681189,0,0,5.551115E-17,0,0,0.2822304,0.2681189,0,0,1.783141,9.020448,0,0.2822304,-0.2822304,12.01089,85.79194,0.005151828,0.2949308,0,0,9.020448
1/27/2007 9:00:00 PM,0,0,72.51375,90,0,0,1.443459,1.443459,0,-1,0,1.443459,0,0,2.220446E-16,0,0,1.51943,1.443459,0,0,2.09673,8.738217,0,1.51943,-1.51943,10.40928,74.35181,0.005151828,1.587805,0,0,8.738217
1/27/2007 10:00:00 PM,0,0,69.37001,90,0,0,0.3595887,0.3595887,0,-1,0,0.3595887,0,0,5.551115E-17,0,0,0.3785144,0.3595887,0,0,3.784986,7.218787,0,0.3785144,-0.3785144,10.01029,71.5019,0.005151828,0.3955476,0,0,7.218787
1/27/2007 11:00:00 PM,0,0,59.47087,90,0,0,0.09883744,0.09883744,0,-1,0,0.09883744,0,0,1.387779E-17,0,0,0.1040394,0.09883744,0,0,4.205557,6.840272,0,0.1040394,-0.1040394,9.900619,70.71857,0.005151828,0.1087212,0,0,6.840272
1/28/2007 12:00:00 AM,0,0,21.75465,90,0,0,0.1458132,0.1458132,0,-1,0,0.1458132,0,0,2.775558E-17,0,0,0.1534875,0.1458132,0,0,4.321157,6.736233,0,0.1534875,-0.1534875,9.738829,69.56292,0.005151828,0.1603945,0,0,6.736233
1/28/2007 1:00:00 AM,0,0,-46.035,90,0,0,0.23108,0.23108,0,-1,0,0.23108,0,0,2.775558E-17,0,0,0.2432422,0.23108,0,0,4.491698,6.582746,0,0.2432422,-0.2432422,9.482429,67.7315,0.005151828,0.2541881,0,0,6.582746
1/28/2007 2:00:00 AM,0,0,-65.92494,90,0,0,0.249164,0.249164,0,-1,0,0.249164,0,0,2.775558E-17,0,0,0.2622779,0.249164,0,0,4.761968,6.339503,0,0.2622779,-0.2622779,9.205964,65.75675,0.005151828,0.2740805,0,0,6.339503
1/28/2007 3:00:00 AM,0,0,-71.61275,90,0,0,0.1111831,0.1111831,0,-1,0,0.1111831,0,0,1.387779E-17,0,0,0.1170349,0.1111831,0,0,5.053388,6.077226,0,0.1170349,-0.1170349,9.082598,64.87557,0.005151828,0.1223014,0,0,6.077226
1/28/2007 4:00:00 AM,0,0,-73.31396,90,0,0,0.1152084,0.1152084,0,-1,0,0.1152084,0,0,1.387779E-17,0,0,0.121272,0.1152084,0,0,5.183426,5.960191,0,0.121272,-0.121272,8.954766,63.96249,0.005151828,0.1267292,0,0,5.960191
1/28/2007 5:00:00 AM,0,0,-73.22917,90,0,0,0.08813737,0.08813737,0,0,0,0.08813737,0,0,1.387779E-17,0,0,0.09277619,0.08813737,0,0,5.318173,5.838919,0,0.09277619,-0.09277619,8.856972,63.26396,0.005151828,0.09695111,0,0,5.838919
1/28/2007 6:00:00 AM,0.00001219213,0,-71.96149,90,0,0,0.1018941,0.1018941,0,0,0,0.1018941,0,0,1.387779E-17,0,0,0.107257,0.1018941,0,0,5.421257,5.746142,0,0.107257,-0.107257,8.743913,62.45639,0.005151828,0.1120835,0,0,5.746142
1/28/2007 7:00:00 AM,0.08206166,7.244593,-69.57634,79.69511,0.09424157,0.4229561,0.5142553,0.5142553,0,0,0,0.5142553,82.24633,0,0,0,0.4229561,0.5413214,0.5142553,0,0,5.540432,5.638885,0,0.1183652,-0.1183652,8.619144,61.5652,0.005151828,0.5656809,0.3383649,0,6.061841
1/28/2007 8:00:00 AM,0.2652841,20.96071,-65.79119,65.58099,0.2867259,1.286826,0.5746841,0.5746841,0,0,0,0.5746841,223.9188,0,0,0,1.286826,0.6049306,0.5746841,0,0,5.671949,5.52052,0.6818953,0,0.6818953,9.266047,66.18592,0.005134671,0.6321525,1.029461,0,6.807346
1/28/2007 9:00:00 AM,0.5280818,34.16175,-59.87679,51.7014,0.5745196,2.578444,1.121131,1.121131,0,-1,0,1.121131,229.9861,0,0,0,2.578444,1.180137,1.121131,0,0,4.990054,6.134226,1.398306,0,1.398306,10.5926,75.66126,0.005099844,1.233244,2.062755,0,8.71267
1/28/2007 10:00:00 AM,0.7604692,46.35471,-50.28735,38.38248,0.8198969,3.679698,0,0,0,0,0,0,0,0.08795039,0,0,3.679698,0,0,0,0,3.591747,7.392702,3.591747,0,3.591747,14.00003,100,0.005012513,0,2.943758,0,11.0724
1/28/2007 11:00:00 AM,0.5543412,56.40479,-34.07115,26.54387,0.5688505,2.553001,1.09927,1.09927,0,0,0,1.09927,232.2451,1.395875,0,0,2.553001,1.157127,1.09927,0,0,0,10.62527,0,0,0,14.00003,100,0.005012513,1.209197,2.042401,0,13.17828
1/28/2007 12:00:00 PM,0.8017207,61.89706,-8.288369,19.20592,0.8474602,3.803401,0.6510452,0.6510452,0,0,0,0.6510452,584.1992,3.11809,0,0,3.803401,0.6853108,0.6510452,0,0,0,10.62527,0,0,0,14.00003,100,0.005012513,0.7161497,3.042721,0,14.42868
1/28/2007 1:00:00 PM,0.7719921,60.19056,21.08016,21.60524,0.8150971,3.658156,0,0,0,0,0,0,0,3.658156,0,0,3.658156,0,0,0,0,0,10.62527,0,0,0,14.00003,100,0.005012513,0,2.926525,0,14.28343
1/28/2007 2:00:00 PM,0.7580477,52.2503,42.46384,31.59324,0.8089824,3.630713,0.03802978,0.03802978,0,-1,0,0.03802978,9547.025,3.590682,0,0,3.630713,0.04003135,0.03802978,0,0,0,10.62527,0,0,0,14.00003,100,0.005012513,0.04183276,2.90457,0,14.25599
1/28/2007 3:00:00 PM,0.4647444,41.02415,55.22283,44.29181,0.4834358,2.16966,0.1505692,0.1505692,0,0,0,0.1505692,1440.972,2.011166,0,0,2.16966,0.1584939,0.1505692,0,0,0,10.62527,0,0,0,14.00003,100,0.005012513,0.1656261,1.735728,0,12.79493
1/28/2007 4:00:00 PM,0.2445617,28.2871,62.88428,57.92546,0.2481668,1.113772,0.6644163,0.6644163,0,0,0,0.6644163,167.6317,0.4143868,0,0,1.113772,0.6993856,0.6644163,0,0,0,10.62527,0,0,0,14.00003,100,0.005012513,0.730858,0.8910179,0,11.73905
1/28/2007 5:00:00 PM,0.1778999,14.81314,67.70719,71.93659,0.1943025,0.8720297,0.8650374,0.8650374,0,0,0,0.8650374,100.8083,1.110223E-16,0,0,0.8720297,0.9105657,0.8650374,0,0,0,10.62527,0,0.0385359,-0.0385359,13.95941,99.70985,0.005012513,0.9515411,0.6976238,0,11.4973
1/28/2007 6:00:00 PM,0.03356327,0.9500744,70.80168,86.10136,0.1091139,0.489703,0,0,0,0,0,0,0,0.4468853,0,0,0.489703,0,0,0,0,0.04281766,10.58674,0.04281766,0,0.04281766,14.00003,100,0.00501149,0,0.3917624,0,11.07644
1/28/2007 7:00:00 PM,0,0,72.66776,90,0,0,0,0,0,-1,0,0,0,0,0,0,0,0,0,0,0,0,10.62527,0,0,0,14.00003,100,0.00501149,0,0,0,10.62527
1/28/2007 8:00:00 PM,0,0,73.43265,90,0,0,2.637128,2.637128,0,-1,0,2.637128,0,0,0,0,0,2.775924,2.637128,0,0,0,10.62527,0,2.775924,-2.775924,11.07395,79.09946,0.00501149,2.900841,0,0,10.62527
1/28/2007 9:00:00 PM,0,0,72.83748,90,0,0,0,0,0,-1,0,0,0,0,0,0,0,0,0,0,0,3.08436,7.84935,0,0,0,11.07395,79.09946,0.00501149,0,0,0,7.84935
1/28/2007 10:00:00 PM,0,0,69.80312,90,0,0,0.1751516,0.1751516,0,-1,0,0.1751516,0,0,2.775558E-17,0,0,0.1843701,0.1751516,0,0,3.08436,7.84935,0,0.1843701,-0.1843701,10.8796,77.7113,0.00501149,0.1926668,0,0,7.84935
1/28/2007 11:00:00 PM,0,0,60.13963,90,0,0,0.02124511,0.02124511,0,-1,0,0.02124511,0,0,0,0,0,0.02236328,0.02124511,0,0,3.289216,7.66498,0,0.02236328,-0.02236328,10.85603,77.54292,0.00501149,0.02336962,0,0,7.66498
1/29/2007 12:00:00 AM,0,0,22.55146,90,0,0,0,0,0,-1,0,0,0,0,0,0,0,0,0,0,0,3.314064,7.642617,0,0,0,10.85603,77.54292,0.00501149,0,0,0,7.642617
1/29/2007 1:00:00 AM,0,0,-46.64096,90,0,0,0.3543543,0.3543543,0,-1,0,0.3543543,0,0,5.551115E-17,0,0,0.3730045,0.3543543,0,0,3.314064,7.642617,0,0.3730045,-0.3730045,10.46285,74.73449,0.00501149,0.3897897,0,0,7.642617
1/29/2007 2:00:00 AM,0,0,-66.4053,90,0,0,0.2586304,0.2586304,0,-1,0,0.2586304,0,0,0,0,0,0.2722425,0.2586304,0,0,3.728513,7.269612,0,0.2722425,-0.2722425,10.17588,72.68472,0.00501149,0.2844934,0,0,7.269612
1/29/2007 3:00:00 AM,0,0,-71.97222,90,0,0,0.1233336,0.1233336,0,-1,0,0.1233336,0,0,0,0,0,0.1298248,0.1233336,0,0,4.031005,6.99737,0,0.1298248,-0.1298248,10.03903,71.70724,0.00501149,0.135667,0,0,6.99737
1/29/2007 4:00:00 AM,0,0,-73.61008,90,0,0,0,0,0,-1,0,0,0,0,0,0,0,0,0,0,0,4.175255,6.867545,0,0,0,10.03903,71.70724,0.00501149,0,0,0,6.867545
1/29/2007 5:00:00 AM,0,0,-73.49306,90,0,0,0,0,0,0,0,0,0,0,0,0,0,0,0,0,0,4.175255,6.867545,0,0,0,10.03903,71.70724,0.00501149,0,0,0,6.867545
1/29/2007 6:00:00 AM,0.00003206067,0,-72.2122,90,0,0,0.4143167,0.4143167,0,0,0,0.4143167,0,0,0,0,0,0.4361228,0.4143167,0,0,4.175255,6.867545,0,0.4361228,-0.4361228,9.57932,68.42358,0.00501149,0.4557484,0,0,6.867545
1/29/2007 7:00:00 AM,0.06576223,7.244153,-69.82824,79.73294,0.0699055,0.3137359,1.624825,1.624825,0,0,0,1.624825,19.3089,0,0,0,0.3137359,1.710342,1.624825,0,0,4.659836,6.431422,0,1.396606,-1.396606,8.107167,57.90822,0.00501149,1.787308,0.2509887,0,6.745158
1/29/2007 8:00:00 AM,0.1360599,20.98533,-66.05751,65.59583,0.1363484,0.6119314,0.4400231,0.4400231,0,0,0,0.4400231,139.068,0,0,0,0.6119314,0.4631822,0.4400231,0,0,6.211621,5.034816,0.1487492,0,0.1487492,8.248283,58.91619,0.005007939,0.4840254,0.4895451,0,5.646747
1/29/2007 9:00:00 AM,0.5607218,34.21895,-60.17088,51.68723,0.6126131,2.749408,0,0,0,-1,0,0,0,0,0,0,2.749408,0,0,0,0,6.062871,5.16869,2.749408,0,2.749408,10.8566,77.54699,0.004943202,0,2.199526,0,7.918098
1/29/2007 10:00:00 AM,0.5882584,46.45752,-50.61766,38.32608,0.619623,2.780868,0,0,0,0,0,0,0,0,0,0,2.780868,0,0,0,0,3.313463,7.643157,2.780868,0,2.780868,13.49476,96.39098,0.004879404,0,2.224694,0,10.42403
1/29/2007 11:00:00 AM,0.637594,56.57161,-34.40814,26.41722,0.6633977,2.977329,0.373216,0.373216,0,0,0,0.373216,797.7495,2.051875,0,0,2.977329,0.392859,0.373216,0,0,0.5325955,10.14594,0.5325955,0,0.5325955,14.00003,100,0.004867374,0.4105376,2.381863,0,13.12327
1/29/2007 12:00:00 PM,0.5063317,62.13044,-8.478762,18.97937,0.5127724,2.301323,0,0,0,0,0,0,0,2.301323,0,0,2.301323,0,0,0,0,0,10.62527,0,0,0,14.00003,100,0.004867374,0,1.841058,0,12.9266
1/29/2007 1:00:00 PM,0.6199638,60.43676,21.16658,21.3686,0.6395961,2.870507,0.06470101,0.06470101,0,0,0,0.06470101,4436.572,2.802401,0,0,2.870507,0.06810633,0.06470101,0,0,0,10.62527,0,0,0,14.00003,100,0.004867374,0.07117112,2.296406,0,13.49578
1/29/2007 2:00:00 PM,0.4688495,52.46071,42.68457,31.41462,0.4766263,2.139099,0.4219775,0.4219775,0,-1,0,0.4219775,506.9225,1.694912,0,0,2.139099,0.4441869,0.4219775,0,0,0,10.62527,0,0,0,14.00003,100,0.004867374,0.4641753,1.711279,0,12.76437
1/29/2007 3:00:00 PM,0.4870149,41.1951,55.46474,44.15757,0.5090923,2.284806,1.586644,1.586644,0,0,0,1.586644,144.0024,0.6146542,0,0,2.284806,1.670152,1.586644,0,0,0,10.62527,0,0,0,14.00003,100,0.004867374,1.745309,1.827845,0,12.91008
1/29/2007 4:00:00 PM,0.2016347,28.42663,63.11985,57.82209,0.2023661,0.9082189,0.6460221,0.6460221,0,0,0,0.6460221,140.5864,0.2281957,0,0,0.9082189,0.6800233,0.6460221,0,0,0,10.62527,0,0,0,14.00003,100,0.004867374,0.7106243,0.7265751,0,11.53349
1/29/2007 5:00:00 PM,0.1438232,14.92786,67.93688,71.85718,0.1496285,0.6715328,1.100128,1.100128,0,0,0,1.100128,61.04132,0,0,0,0.6715328,1.15803,1.100128,0,0,0,10.62527,0,0.486497,-0.486497,13.48722,96.33706,0.004867374,1.210141,0.5372262,0,11.29681
1/29/2007 6:00:00 PM,0.04023033,1.043973,71.03329,86.04295,0.1409072,0.6323915,1.685082,1.685082,0,0,0,1.685082,37.52882,0,2.220446E-16,0,0.6323915,1.773771,1.685082,0,0,0.5405521,10.13878,0,1.14138,-1.14138,12.2841,87.74336,0.004867374,1.853591,0.5059132,0,10.77117
1/29/2007 7:00:00 PM,0,0,72.91252,90,0,0,1.134828,1.134828,0,-1,0,1.134828,0,0,0,0,0,1.194555,1.134828,0,0,1.808752,8.997397,0,1.194555,-1.194555,11.02492,78.7493,0.004867374,1.24831,0,0,8.997397
1/29/2007 8:00:00 PM,0,0,73.70671,90,0,0,0.3587916,0.3587916,0,-1,0,0.3587916,0,0,5.551115E-17,0,0,0.3776754,0.3587916,0,0,3.136035,7.802842,0,0.3776754,-0.3776754,10.62682,75.90569,0.004867374,0.3946708,0,0,7.802842
1/29/2007 9:00:00 PM,0,0,73.16796,90,0,0,1.173977,1.173977,0,-1,0,1.173977,0,0,0,0,0,1.235765,1.173977,0,0,3.555675,7.425167,0,1.235765,-1.235765,9.324207,66.60135,0.004867374,1.291375,0,0,7.425167
1/29/2007 10:00:00 PM,0,0,70.2448,90,0,0,0.3451162,0.3451162,0,-1,0,0.3451162,0,0,5.551115E-17,0,0,0.3632802,0.3451162,0,0,4.928748,6.189402,0,0.3632802,-0.3632802,8.941277,63.86613,0.004867374,0.3796279,0,0,6.189402
1/29/2007 11:00:00 PM,0,0,60.82257,90,0,0,0.09029379,0.09029379,0,-1,0,0.09029379,0,0,1.387779E-17,0,0,0.0950461,0.09029379,0,0,5.332392,5.826121,0,0.0950461,-0.0950461,8.841089,63.15051,0.004867374,0.09932317,0,0,5.826121
1/30/2007 12:00:00 AM,0,0,23.37848,90,0,0,0.4004375,0.4004375,0,-1,0,0.4004375,0,0,5.551115E-17,0,0,0.4215131,0.4004375,0,0,5.437999,5.731075,0,0.4215131,-0.4215131,8.396775,59.97685,0.004867374,0.4404812,0,0,5.731075
1/30/2007 1:00:00 AM,0,0,-47.28848,90,0,0,0.2960419,0.2960419,0,-1,0,0.2960419,0,0,0,0,0,0.311623,0.2960419,0,0,5.906347,5.309562,0,0.311623,-0.311623,8.068295,57.63057,0.004867374,0.3256461,0,0,5.309562
1/30/2007 2:00:00 AM,0,0,-66.90322,90,0,0,0.3211249,0.3211249,0,-1,0,0.3211249,0,0,0,0,0,0.3380261,0.3211249,0,0,6.252594,4.997939,0,0.3380261,-0.3380261,7.711985,55.08549,0.004867374,0.3532373,0,0,4.997939
1/30/2007 3:00:00 AM,0,0,-72.34185,90,0,0,0.07428445,0.07428445,0,-1,0,0.07428445,0,0,0,0,0,0.07819416,0.07428445,0,0,6.62818,4.659913,0,0.07819416,-0.07819416,7.629561,54.49676,0.004867374,0.08171289,0,0,4.659913
1/30/2007 4:00:00 AM,0,0,-73.91347,90,0,0,0.4428019,0.4428019,0,-1,0,0.4428019,0,0,0,0,0,0.4661072,0.4428019,0,0,6.715062,4.581718,0,0.4661072,-0.4661072,7.138241,50.98734,0.004867374,0.487082,0,0,4.581718
1/30/2007 5:00:00 AM,0,0,-73.76279,90,0,0,0.3344518,0.3344518,0,0,0,0.3344518,0,0,0,0,0,0.3520545,0.3344518,0,0,7.232959,4.115612,0,0.3520545,-0.3520545,6.767143,48.33664,0.004867374,0.367897,0,0,4.115612
1/30/2007 6:00:00 AM,0.00004754242,0,-72.46806,90,0,0,0.3614028,0.3614028,0,0,0,0.3614028,0,0,5.551115E-17,0,0,0.380424,0.3614028,0,0,7.62413,3.763557,0,0.380424,-0.380424,6.366141,45.47234,0.004867374,0.397543,0,0,3.763557
1/30/2007 7:00:00 AM,0.1285824,7.247388,-70.08497,79.76791,0.1765836,0.792507,1.743967,1.743967,0,0,0,1.743967,45.44277,0,0,0,0.792507,1.835755,1.743967,0,0,8.046824,3.383133,0,1.043248,-1.043248,5.266461,37.6175,0.004867374,1.918364,0.6340056,0,4.17564
1/30/2007 8:00:00 AM,0.3368618,21.0138,-66.32861,65.60763,0.3801128,1.705946,1.07658,1.07658,0,0,0,1.07658,158.4598,0,0,0,1.705946,1.133242,1.07658,0,0,9.205988,2.339885,0.5727043,0,0.5727043,5.809776,41.49832,0.004854502,1.184238,1.364757,0,4.045831
1/30/2007 9:00:00 AM,0.6717126,34.28025,-60.46995,51.66984,0.7370312,3.307796,1.29211,1.29211,0,-1,0,1.29211,255.9995,0,0,0,3.307796,1.360116,1.29211,0,0,8.633284,2.855319,1.94768,0,1.94768,7.657507,54.69637,0.004811234,1.421322,2.646237,0,6.163115
1/30/2007 10:00:00 AM,0.9365512,46.5648,-50.95332,38.26622,1.010674,4.535906,0.1475679,0.1475679,0,0,0,0.1475679,3073.776,0,0,0,4.535906,0.1553346,0.1475679,0,0,6.685604,4.608231,4.380571,0,4.380571,11.81328,84.38042,0.004716682,0.1623247,3.628725,0,9.144136
1/30/2007 11:00:00 AM,0.9515564,56.74355,-34.75002,26.2865,1.017482,4.566461,0,0,0,0,0,0,0,2.261428,0,0,4.566461,0,0,0,0,2.305032,8.550745,2.305032,0,2.305032,14.00003,100,0.004668406,0,3.653169,0,13.11721
1/30/2007 12:00:00 PM,0.8874225,62.36938,-8.668148,18.74743,0.943038,4.232355,1.22242,1.22242,0,0,0,1.22242,346.2275,2.945597,0,0,4.232355,1.286758,1.22242,0,0,0,10.62527,0,0,0,14.00003,100,0.004668406,1.344662,3.385884,0,14.85763
1/30/2007 1:00:00 PM,0.8133017,60.68695,21.2637,21.12899,0.8609897,3.864122,1.324881,1.324881,0,0,0,1.324881,291.658,2.46951,0,0,3.864122,1.394612,1.324881,0,0,0,10.62527,0,0,0,14.00003,100,0.004668406,1.457369,3.091297,0,14.4894
1/30/2007 2:00:00 PM,0.7355546,52.67264,42.91699,31.23619,0.7815464,3.507581,0,0,0,-1,0,0,0,3.507581,0,0,3.507581,0,0,0,0,0,10.62527,0,0,0,14.00003,100,0.004668406,0,2.806064,0,14.13285
1/30/2007 3:00:00 PM,0.7145507,41.366,55.71605,44.02481,0.7742516,3.474841,1.020958,1.020958,0,0,0,1.020958,340.3511,2.400149,0,0,3.474841,1.074692,1.020958,0,0,0,10.62527,0,0,0,14.00003,100,0.004668406,1.123054,2.779873,0,14.10011
1/30/2007 4:00:00 PM,0.5112054,28.56523,63.363,57.72081,0.5675493,2.547161,1.171747,1.171747,0,0,0,1.171747,217.3816,1.313744,0,0,2.547161,1.233417,1.171747,0,0,0,10.62527,0,0,0,14.00003,100,0.004668406,1.288921,2.037729,0,13.17244
1/30/2007 5:00:00 PM,0.2721847,15.04114,68.17303,71.7802,0.3241418,1.454749,2.174618,2.174618,0,0,0,2.174618,66.89674,0,0,0,1.454749,2.289072,2.174618,0,0,0,10.62527,0,0.8343232,-0.8343232,13.12057,93.7182,0.004668406,2.39208,1.163799,0,12.08002
1/30/2007 6:00:00 PM,0.03424981,1.136106,71.27079,85.9872,0.09384548,0.4211785,1.805104,1.805104,0,0,0,1.805104,23.33264,0,0,0,0.4211785,1.90011,1.805104,0,0,0.9270258,9.790951,0,1.478931,-1.478931,11.56164,82.583,0.004668406,1.985615,0.3369428,0,10.21213
1/30/2007 7:00:00 PM,0,0,73.16299,90,0,0,1.638626,1.638626,0,-1,0,1.638626,0,0,2.220446E-16,0,0,1.72487,1.638626,0,0,2.570283,8.312019,0,1.72487,-1.72487,9.743471,69.59608,0.004668406,1.802489,0,0,8.312019
1/30/2007 8:00:00 PM,0,0,73.98672,90,0,0,3.964738,3.33,0,-1,0,3.33,0,0,0.6347384,1.031212,0,3.505263,3.33,0,0,4.486805,6.58715,0,3.505263,-3.505263,6.048599,43.20419,0.004668406,4.361212,0,0,6.58715
1/30/2007 9:00:00 PM,0,0,73.50512,90,0,0,0,0,0,-1,0,0,0,0,0,0,0,0,0,0,0,8.381542,3.081887,0,0,0,6.048599,43.20419,0.004668406,0,0,0,3.081887
1/30/2007 10:00:00 PM,0,0,70.69498,90,0,0,0.2019479,0.2019479,0,-1,0,0.2019479,0,0,0,0,0,0.2125767,0.2019479,0,0,8.381542,3.081887,0,0.2125767,-0.2125767,5.824523,41.60366,0.004668406,0.2221427,0,0,3.081887
1/30/2007 11:00:00 PM,0,0,61.51984,90,0,0,0.1740938,0.1740938,0,-1,0,0.1740938,0,0,2.775558E-17,0,0,0.1832566,0.1740938,0,0,8.617739,2.86931,0,0.1832566,-0.1832566,5.631354,40.22388,0.004668406,0.1915031,0,0,2.86931
1/31/2007 12:00:00 AM,0,0,24.23837,90,0,0,0,0,0,-1,0,0,0,0,0,0,0,0,0,0,0,8.821357,2.686053,0,0,0,5.631354,40.22388,0.004668406,0,0,0,2.686053
1/31/2007 1:00:00 AM,0,0,-47.97924,90,0,0,0.2639777,0.2639777,0,-1,0,0.2639777,0,0,5.551115E-17,0,0,0.2778712,0.2639777,0,0,8.821357,2.686053,0,0.2778712,-0.2778712,5.338452,38.13173,0.004668406,0.2903754,0,0,2.686053
1/31/2007 2:00:00 AM,0,0,-67.41869,90,0,0,0.3064428,0.3064428,0,-1,0,0.3064428,0,0,0,0,0,0.3225714,0.3064428,0,0,9.130102,2.408182,0,0.3225714,-0.3225714,4.998432,35.70301,0.004668406,0.3370871,0,0,2.408182
1/31/2007 3:00:00 AM,0,0,-72.72152,90,0,0,0.2896499,0.2896499,0,-1,0,0.2896499,0,0,5.551115E-17,0,0,0.3048947,0.2896499,0,0,9.488515,2.085611,0,0.3048947,-0.3048947,4.677045,33.4074,0.004668406,0.3186149,0,0,2.085611
1/31/2007 4:00:00 AM,0,0,-74.22401,90,0,0,0,0,0,-1,0,0,0,0,0,0,0,0,0,0,0,9.827287,1.780716,0,0,0,4.677045,33.4074,0.004668406,0,0,0,1.780716
1/31/2007 5:00:00 AM,0,0,-74.0383,90,0,0,0.6558759,0.6558759,0,0,0,0.6558759,0,0,1.110223E-16,0,0,0.6903957,0.6558759,0,0,9.827287,1.780716,0,0.6903957,-0.6903957,3.949304,28.20926,0.004668406,0.7214635,0,0,1.780716
1/31/2007 6:00:00 AM,0.0000518546,0,-72.72897,90,0,0,0.232651,0.232651,0,0,0,0.232651,0,0,2.775558E-17,0,0,0.2448958,0.232651,0,0,10.59439,1.09032,0,0.2448958,-0.2448958,3.691161,26.36538,0.004668406,0.2559161,0,0,1.09032
1/31/2007 7:00:00 AM,0.1501322,7.254317,-70.34645,79.8,0.2077854,0.932541,1.137767,1.137767,4.64303,0,1.432547,1.137767,81.96241,0,0,0,0.932541,0,0,3.505263,3.33,10.8665,0.8454244,4.262541,0,4.262541,7.734962,55.24962,0.009066886,1.251543,0.7460328,5,1.777965
1/31/2007 8:00:00 AM,0.3647418,21.04612,-66.60445,65.6164,0.4146853,1.861107,0.6922901,0.6922901,4.197553,0,1.310932,0.6922901,268.8335,4.440892E-16,0,0,1.861107,0,0,3.505263,3.33,6.603959,4.681711,5.191107,0,5.191107,12.65968,90.4261,0.01267645,0.7615192,1.488886,5,6.542819
1/31/2007 9:00:00 AM,0.540646,34.34562,-60.77398,51.64927,0.587503,2.636714,1.139382,1.139382,0,-1,0,1.139382,231.416,0.02451237,0,0,2.636714,1.19935,1.139382,0,0,1.412851,9.353708,1.412851,0,1.412851,14.00003,100,0.01260058,1.253321,2.109371,0,11.99042
1/31/2007 10:00:00 AM,0.8114741,46.67652,-51.29432,38.20295,0.873695,3.921143,0.3812117,0.3812117,0,0,0,0.3812117,1028.6,3.519868,0,0,3.921143,0.4012755,0.3812117,0,0,0,10.62527,0,0,0,14.00003,100,0.01260058,0.4193329,3.136915,0,14.54642
1/31/2007 11:00:00 AM,0.6718167,56.92053,-35.09687,26.15182,0.701922,3.150226,1.153172,1.153172,0,0,0,1.153172,273.1792,1.936361,0,0,3.150226,1.213865,1.153172,0,0,0,10.62527,0,0,0,14.00003,100,0.01260058,1.268489,2.520181,0,13.7755
1/31/2007 12:00:00 PM,0.7665166,62.61385,-8.856498,18.51016,0.8050399,3.613019,0.7122157,0.7122157,0,0,0,0.7122157,507.2928,2.863318,0,0,3.613019,0.7497007,0.7122157,0,0,0,10.62527,0,0,0,14.00003,100,0.01260058,0.7834373,2.890415,0,14.23829
1/31/2007 1:00:00 PM,0.7525207,60.94102,21.37184,20.88655,0.7906249,3.548325,0.4552186,0.4552186,0,0,0,0.4552186,779.477,3.069147,0,0,3.548325,0.4791775,0.4552186,0,0,0,10.62527,0,0,0,14.00003,100,0.01260058,0.5007405,2.83866,0,14.1736
1/31/2007 2:00:00 PM,0.7363148,52.88594,43.16127,31.05812,0.7816325,3.507967,0.01904804,0.01904804,0,-1,0,0.01904804,18416.42,3.487916,0,0,3.507967,0.02005057,0.01904804,0,0,0,10.62527,0,0,0,14.00003,100,0.01260058,0.02095284,2.806373,0,14.13324
1/31/2007 3:00:00 PM,0.4928137,41.53671,55.97679,43.89369,0.5148582,2.310684,1.220958,1.220958,0,0,0,1.220958,189.2518,1.025465,0,0,2.310684,1.285218,1.220958,0,0,0,10.62527,0,0,0,14.00003,100,0.01260058,1.343053,1.848547,0,12.93596
1/31/2007 4:00:00 PM,0.4024178,28.7028,63.61367,57.62173,0.4347633,1.951218,0.8084165,0.8084165,0,0,0,0.8084165,241.3629,1.100253,0,0,1.951218,0.8509648,0.8084165,0,0,0,10.62527,0,0,0,14.00003,100,0.01260058,0.8892581,1.560974,0,12.57649
1/31/2007 5:00:00 PM,0.2135799,15.15289,68.4156,71.70573,0.2420971,1.086532,1.198378,1.198378,0,0,0,1.198378,90.66689,0,0,0,1.086532,1.26145,1.198378,0,0,0,10.62527,0,0.1749184,-0.1749184,13.81565,98.683,0.01260058,1.318215,0.8692254,0,11.71181
1/31/2007 6:00:00 PM,0.02799384,1.226414,71.51411,85.93419,0.05262106,0.2361633,0,0,0,0,0,0,0,0.04180951,0,0,0.2361633,0,0,0,0,0.1943538,10.45036,0.1943538,0,0.1943538,14.00003,100,0.01259022,0,0.1889306,0,10.68652
1/31/2007 7:00:00 PM,0,0,73.41911,90,0,0,1.99567,1.99567,0,-1,0,1.99567,0,0,0,0,0,2.100706,1.99567,0,0,0,10.62527,0,2.100706,-2.100706,11.78569,84.18333,0.01259022,2.195237,0,0,10.62527
1/31/2007 8:00:00 PM,0,0,74.27258,90,0,0,1.640222,1.640222,0,-1,0,1.640222,0,0,2.220446E-16,0,0,1.72655,1.640222,0,0,2.334117,8.524569,0,1.72655,-1.72655,9.965747,71.18376,0.01259022,1.804244,0,0,8.524569
1/31/2007 9:00:00 PM,0,0,73.84889,90,0,0,1.741126,1.741126,0,-1,0,1.741126,0,0,2.220446E-16,0,0,1.832765,1.741126,0,0,4.252506,6.798019,0,1.832765,-1.832765,8.033843,57.38448,0.01259022,1.915239,0,0,6.798019
1/31/2007 10:00:00 PM,0,0,71.15363,90,0,0,0.5827796,0.5827796,0,-1,0,0.5827796,0,0,0,0,0,0.6134523,0.5827796,0,0,6.288911,4.965254,0,0.6134523,-0.6134523,7.387208,52.76566,0.01259022,0.6410576,0,0,4.965254
1/31/2007 11:00:00 PM,0,0,62.23158,90,0,0,0.04588927,0.04588927,0,-1,0,0.04588927,0,0,6.938894E-18,0,0,0.0483045,0.04588927,0,0,6.970525,4.351802,0,0.0483045,-0.0483045,7.33629,52.40197,0.01259022,0.0504782,0,0,4.351802
2/1/2007 12:00:00 AM,0,0,25.13406,90,0,0,0.3319138,0.3319138,0,-1,0,0.3319138,0,0,5.551115E-17,0,0,0.3493829,0.3319138,0,0,7.024196,4.303498,0,0.3493829,-0.3493829,6.968009,49.77139,0.01259022,0.3651052,0,0,4.303498
2/1/2007 1:00:00 AM,0,0,-48.71504,90,0,0,0.724923,0.724923,0,-1,0,0.724923,0,0,0,0,0,0.7630768,0.724923,0,0,7.412399,3.954115,0,0.7630768,-0.7630768,6.163655,44.02602,0.01259022,0.7974153,0,0,3.954115
2/1/2007 2:00:00 AM,0,0,-67.95166,90,0,0,0.05606287,0.05606287,0,-1,0,0.05606287,0,0,6.938894E-18,0,0,0.05901355,0.05606287,0,0,8.260262,3.191038,0,0.05901355,-0.05901355,6.101449,43.58169,0.01259022,0.06166916,0,0,3.191038
2/1/2007 3:00:00 AM,0,0,-73.11111,90,0,0,0.2221641,0.2221641,0,-1,0,0.2221641,0,0,0,0,0,0.233857,0.2221641,0,0,8.325833,3.132024,0,0.233857,-0.233857,5.854942,41.82093,0.01259022,0.2443806,0,0,3.132024
2/1/2007 4:00:00 AM,0,0,-74.54158,90,0,0,0.3124126,0.3124126,0,-1,0,0.3124126,0,0,5.551115E-17,0,0,0.3288553,0.3124126,0,0,8.585674,2.898167,0,0.3288553,-0.3288553,5.508298,39.34491,0.01259022,0.3436538,0,0,2.898167
2/1/2007 5:00:00 AM,0,0,-74.31948,90,0,0,0.5706583,0.5706583,0,0,0,0.5706583,0,0,1.110223E-16,0,0,0.6006929,0.5706583,0,0,8.951069,2.569312,0,0.6006929,-0.6006929,4.875113,34.82216,0.01259022,0.6277241,0,0,2.569312
2/1/2007 6:00:00 AM,0.00003553395,0,-72.99487,90,0,0,0.3163353,0.3163353,0,0,0,0.3163353,0,0,5.551115E-17,0,0,0.3329845,0.3163353,0,0,9.618505,1.968619,0,0.3329845,-0.3329845,4.524116,32.31505,0.01259022,0.3479688,0,0,1.968619
2/1/2007 7:00:00 AM,0.1103405,7.264958,-70.61262,79.82917,0.1435139,0.6440904,1.188683,1.188683,0,0,0,1.188683,54.18523,0,2.220446E-16,0,0.6440904,1.251245,1.188683,0,0,9.988488,1.635635,0,0.6071544,-0.6071544,3.884119,27.74365,0.01259022,1.307551,0.5152723,0,2.279725
2/1/2007 8:00:00 AM,0.3238578,21.08228,-66.88496,65.62215,0.3619497,1.62443,0.3485858,0.3485858,0,0,0,0.3485858,466.0059,0,0,0,1.62443,0.3669324,0.3485858,0,0,10.6631,1.02848,1.257498,0,1.257498,5.077086,36.26483,0.01252356,0.3834443,1.299544,0,2.65291
2/1/2007 9:00:00 AM,0.565118,34.41503,-61.08291,51.62554,0.6155334,2.762514,0,0,0,-1,0,0,0,0,0,0,2.762514,0,0,0,0,9.405606,2.160228,2.762514,0,2.762514,7.697837,54.98444,0.01237958,0,2.210011,0,4.922742
2/1/2007 10:00:00 AM,0.8186842,46.79262,-51.64066,38.13634,0.8806742,3.952466,1.483657,1.483657,0,0,0,1.483657,266.4002,0,0,0,3.952466,1.561744,1.483657,0,0,6.643093,4.646491,2.390722,0,2.390722,9.965875,71.18468,0.01225763,1.632023,3.161973,0,8.598957
2/1/2007 11:00:00 AM,1.002737,57.1025,-35.44879,26.01326,1.070867,4.80605,1.576264,1.576264,0,0,0,1.576264,304.9013,0,0,0,4.80605,1.659226,1.576264,0,0,4.252371,6.79814,3.146824,0,3.146824,12.95121,92.50849,0.01210072,1.733891,3.84484,0,11.60419
2/1/2007 12:00:00 PM,1.044254,62.86379,-9.043782,18.26762,1.111801,4.989761,0.3893078,0.3893078,0,0,0,0.3893078,1281.701,3.474417,0,0,4.989761,0.4097977,0.3893078,0,0,1.105547,9.630282,1.105547,0,1.105547,14.00003,100,0.01204654,0.4282386,3.991809,0,14.62004
2/1/2007 1:00:00 PM,1.063183,61.19887,21.49134,20.64146,1.133117,5.085431,1.942601,1.942601,0,0,0,1.942601,261.7846,3.040587,0,0,5.085431,2.044843,1.942601,0,0,0,10.62527,0,0,0,14.00003,100,0.01204654,2.136861,4.068345,0,15.7107
2/1/2007 2:00:00 PM,0.8861578,53.10047,43.4176,30.88061,0.9482254,4.255636,0.9360242,0.9360242,0,-1,0,0.9360242,454.6502,3.270347,0,0,4.255636,0.9852887,0.9360242,0,0,0,10.62527,0,0,0,14.00003,100,0.01204654,1.029627,3.404509,0,14.88091
2/1/2007 3:00:00 PM,0.6621007,41.70709,56.24698,43.76436,0.713253,3.20108,0.5079928,0.5079928,0,0,0,0.5079928,630.1427,2.66635,0,0,3.20108,0.5347292,0.5079928,0,0,0,10.62527,0,0,0,14.00003,100,0.01204654,0.5587921,2.560863,0,13.82635
2/1/2007 4:00:00 PM,0.4933001,28.83922,63.87185,57.52496,0.5447332,2.444763,0.04257736,0.04257736,0,0,0,0.04257736,5741.932,2.399945,0,0,2.444763,0.04481827,0.04257736,0,0,0,10.62527,0,0,0,14.00003,100,0.01204654,0.04683509,1.95581,0,13.07004
2/1/2007 5:00:00 PM,0.2545062,15.26304,68.66451,71.63387,0.298373,1.339098,0.4166211,0.4166211,0,0,0,0.4166211,321.4187,0.9005497,0,0,1.339098,0.4385485,0.4166211,0,0,0,10.62527,0,0,0,14.00003,100,0.01204654,0.4582832,1.071279,0,11.96437
2/1/2007 6:00:00 PM,0.03621218,1.31484,71.76318,85.88395,0.09038758,0.4056594,2.535261,2.535261,0,0,0,2.535261,16.0007,0,0,0,0.4056594,2.668696,2.535261,0,0,0,10.62527,0,2.263036,-2.263036,11.61458,82.96111,0.01204654,2.788787,0.3245276,0,11.03093
2/1/2007 7:00:00 PM,0,0,73.68079,90,0,0,1.023028,1.023028,0,-1,0,1.023028,0,0,2.220446E-16,0,0,1.076872,1.023028,0,0,2.514485,8.362238,0,1.076872,-1.076872,10.47945,74.8531,0.01204654,1.125331,0,0,8.362238
2/1/2007 8:00:00 PM,0,0,74.56423,90,0,0,1.648808,1.648808,0,-1,0,1.648808,0,0,0,0,0,1.735587,1.648808,0,0,3.711009,7.285366,0,1.735587,-1.735587,8.649986,61.78549,0.01204654,1.813688,0,0,7.285366
2/1/2007 9:00:00 PM,0,0,74.19921,90,0,0,0.6937036,0.6937036,0,-1,0,0.6937036,0,0,0,0,0,0.7302143,0.6937036,0,0,5.639439,5.549779,0,0.7302143,-0.7302143,7.880273,56.28755,0.01204654,0.763074,0,0,5.549779
2/1/2007 10:00:00 PM,0,0,71.62068,90,0,0,0.547545,0.547545,0,-1,0,0.547545,0,0,1.110223E-16,0,0,0.5763631,0.547545,0,0,6.450788,4.819564,0,0.5763631,-0.5763631,7.272733,51.94799,0.01204654,0.6022995,0,0,4.819564
2/1/2007 11:00:00 PM,0,0,62.95797,90,0,0,0.4585603,0.4585603,0,-1,0,0.4585603,0,0,5.551115E-17,0,0,0.4826951,0.4585603,0,0,7.091192,4.243201,0,0.4826951,-0.4826951,6.763927,48.31367,0.01204654,0.5044163,0,0,4.243201
2/2/2007 12:00:00 AM,0,0,26.06882,90,0,0,0.3764806,0.3764806,0,-1,0,0.3764806,0,0,0,0,0,0.3962954,0.3764806,0,0,7.62752,3.760506,0,0.3962954,-0.3962954,6.346195,45.32988,0.01204654,0.4141287,0,0,3.760506
2/2/2007 1:00:00 AM,0,0,-49.49765,90,0,0,0.02711075,0.02711075,0,-1,0,0.02711075,0,0,3.469447E-18,0,0,0.02853763,0.02711075,0,0,8.067848,3.364211,0,0.02853763,-0.02853763,6.316114,45.11501,0.01204654,0.02982182,0,0,3.364211
2/2/2007 2:00:00 AM,0,0,-68.50207,90,0,0,0.2337163,0.2337163,0,-1,0,0.2337163,0,0,2.775558E-17,0,0,0.2460172,0.2337163,0,0,8.099557,3.335673,0,0.2460172,-0.2460172,6.056789,43.2627,0.01204654,0.2570879,0,0,3.335673
2/2/2007 3:00:00 AM,0,0,-73.5105,90,0,0,0.3183542,0.3183542,0,-1,0,0.3183542,0,0,5.551115E-17,0,0,0.3351097,0.3183542,0,0,8.372909,3.089656,0,0.3351097,-0.3351097,5.703553,40.73958,0.01204654,0.3501897,0,0,3.089656
2/2/2007 4:00:00 AM,0,0,-74.86607,90,0,0,0,0,0,-1,0,0,0,0,0,0,0,0,0,0,0,8.745253,2.754546,0,0,0,5.703553,40.73958,0.01204654,0,0,0,2.754546
2/2/2007 5:00:00 AM,0,0,-74.60624,90,0,0,0,0,0,0,0,0,0,0,0,0,0,0,0,0,0,8.745253,2.754546,0,0,0,5.703553,40.73958,0.01204654,0,0,0,2.754546
2/2/2007 6:00:00 AM,0.00001791536,0,-73.26567,90,0,0,0.1503135,0.1503135,0,0,0,0.1503135,0,0,2.775558E-17,0,0,0.1582248,0.1503135,0,0,8.745253,2.754546,0,0.1582248,-0.1582248,5.536769,39.54827,0.01204654,0.1653449,0,0,2.754546
2/2/2007 7:00:00 AM,0.05580896,7.279326,-70.88339,79.85541,0.05732292,0.2572652,0,0,0,0,0,0,0,0,0,0,0.2572652,0,0,0,0,8.921059,2.596322,0.2572652,0,0.2572652,5.780832,41.29158,0.012034,0,0.2058122,0,2.853587
2/2/2007 8:00:00 AM,0.203408,21.12229,-67.17007,65.62486,0.2091997,0.9388884,1.684386,1.684386,0,0,0,1.684386,55.7407,0,0,0,0.9388884,1.773037,1.684386,0,0,8.663793,2.82786,0,0.8341491,-0.8341491,4.901562,35.01109,0.012034,1.852824,0.7511107,0,3.766749
2/2/2007 9:00:00 AM,0.2316704,34.48845,-61.39671,51.59869,0.2319552,1.041015,0.7247009,0.7247009,0,-1,0,0.7247009,143.6476,0,0,0,1.041015,0.7628431,0.7247009,0,0,9.590626,1.993711,0.2781721,0,0.2781721,5.165459,36.89606,0.01202048,0.797171,0.8328121,0,3.034727
2/2/2007 10:00:00 AM,0.2694962,46.91304,-51.99236,38.06645,0.2690755,1.207611,0.2262343,0.2262343,0,0,0,0.2262343,533.7877,0,0,0,1.207611,0.2381414,0.2262343,0,0,9.312453,2.244066,0.9694695,0,0.9694695,6.085179,43.46547,0.01197357,0.2488578,0.9660887,0,3.451677
2/2/2007 11:00:00 AM,0.4411735,57.2894,-35.80585,25.87094,0.444555,1.995163,1.458768,1.458768,0,0,0,1.458768,136.7704,0,0,0,1.995163,1.535545,1.458768,0,0,8.342984,3.116589,0.4596179,0,0.4596179,6.521211,46.57998,0.01195146,1.604644,1.59613,0,5.111752
2/2/2007 12:00:00 PM,0.8146428,63.11913,-9.229977,18.01987,0.8586444,3.853596,1.276038,1.276038,0,0,0,1.276038,301.997,0,0,0,3.853596,1.343198,1.276038,0,0,7.883366,3.530245,2.510398,0,2.510398,8.902783,63.59118,0.01183212,1.403642,3.082877,0,7.383841
2/2/2007 1:00:00 PM,0.5462884,61.46037,21.62255,20.39388,0.556082,2.495696,0.93648,0.93648,0,0,0,0.93648,266.4975,0,0,0,2.495696,0.9857684,0.93648,0,0,5.372968,5.789603,1.509927,0,1.509927,10.33523,73.8229,0.01176148,1.030128,1.996557,0,8.285299
2/2/2007 2:00:00 PM,0.3270783,53.31607,43.68613,30.70386,0.326981,1.467491,0,0,0,-1,0,0,0,0,0,0,1.467491,0,0,0,0,3.86304,7.148538,1.467491,0,1.467491,11.72741,83.76704,0.01169363,0,1.173993,0,8.616029
2/2/2007 3:00:00 PM,0.4101861,41.87702,56.52664,43.63696,0.4192721,1.881693,0.4959168,0.4959168,0,0,0,0.4959168,379.4373,0,0,0,1.881693,0.5220177,0.4959168,0,0,2.39555,8.469279,1.359675,0,1.359675,13.01731,92.98061,0.01163146,0.5455084,1.505355,0,10.35097
2/2/2007 4:00:00 PM,0.3457507,28.9744,64.1375,57.43061,0.3635094,1.63143,1.711453,1.711453,0,0,0,1.711453,95.3243,0,0,0,1.63143,1.801529,1.711453,0,0,1.035874,9.692987,0,0.1700988,-0.1700988,12.83801,91.6999,0.01163146,1.882598,1.305144,0,11.32442
2/2/2007 5:00:00 PM,0.2023124,15.3715,68.91972,71.56467,0.2243807,1.00702,0.9233457,0.9233457,0,0,0,0.9233457,109.0621,0,0,0,1.00702,0.9719428,0.9233457,0,0,1.224873,9.522888,0.03507765,0,0.03507765,12.87129,91.9376,0.01162986,1.01568,0.8056164,0,10.52991
2/2/2007 6:00:00 PM,0.03547755,1.401329,72.01794,85.83653,0.08046202,0.3611135,0,0,0,0,0,0,0,0,0,0,0.3611135,0,0,0,0,1.189795,9.554459,0.3611135,0,0.3611135,13.21387,94.38461,0.01161347,0,0.2888908,0,9.915572
2/2/2007 7:00:00 PM,0,0,73.94799,90,0,0,1.498455,1.498455,0,-1,0,1.498455,0,0,2.220446E-16,0,0,1.577321,1.498455,0,0,0.8286817,9.87946,0,1.577321,-1.577321,11.55123,82.50861,0.01161347,1.6483,0,0,9.87946
2/2/2007 8:00:00 PM,0,0,74.8616,90,0,0,1.866635,1.866635,0,-1,0,1.866635,0,0,2.220446E-16,0,0,1.964879,1.866635,0,0,2.58126,8.302139,0,1.964879,-1.964879,9.480065,67.71461,0.01161347,2.053298,0,0,8.302139
2/2/2007 9:00:00 PM,0,0,74.55599,90,0,0,0.9230569,0.9230569,0,-1,0,0.9230569,0,0,1.110223E-16,0,0,0.9716389,0.9230569,0,0,4.764459,6.337261,0,0.9716389,-0.9716389,8.455868,60.39894,0.01161347,1.015363,0,0,6.337261
2/2/2007 10:00:00 PM,0,0,72.09609,90,0,0,0.1876018,0.1876018,0,-1,0,0.1876018,0,0,2.775558E-17,0,0,0.1974756,0.1876018,0,0,5.844058,5.365622,0,0.1974756,-0.1974756,8.24771,58.9121,0.01161347,0.206362,0,0,5.365622
2/2/2007 11:00:00 PM,0,0,63.69913,90,0,0,0,0,0,-1,0,0,0,0,0,0,0,0,0,0,0,6.063475,5.168147,0,0,0,8.24771,58.9121,0.01161347,0,0,0,5.168147
2/3/2007 12:00:00 AM,0,0,27.0463,90,0,0,0,0,0,-1,0,0,0,0,0,0,0,0,0,0,0,6.063475,5.168147,0,0,0,8.24771,58.9121,0.01161347,0,0,0,5.168147
2/3/2007 1:00:00 AM,0,0,-50.32888,90,0,0,0.3934159,0.3934159,0,-1,0,0.3934159,0,0,0,0,0,0.414122,0.3934159,0,0,6.063475,5.168147,0,0.414122,-0.414122,7.811187,55.79408,0.01161347,0.4327575,0,0,5.168147
2/3/2007 2:00:00 AM,0,0,-69.06983,90,0,0,0.0376314,0.0376314,0,-1,0,0.0376314,0,0,6.938894E-18,0,0,0.039612,0.0376314,0,0,6.523611,4.754025,0,0.039612,-0.039612,7.769433,55.49583,0.01161347,0.04139454,0,0,4.754025
2/3/2007 3:00:00 AM,0,0,-73.91954,90,0,0,0.084704,0.084704,0,-1,0,0.084704,0,0,0,0,0,0.08916211,0.084704,0,0,6.567624,4.714412,0,0.08916211,-0.08916211,7.675447,54.82452,0.01161347,0.09317441,0,0,4.714412
2/3/2007 4:00:00 AM,0,0,-75.19738,90,0,0,0.1296279,0.1296279,0,-1,0,0.1296279,0,0,0,0,0,0.1364504,0.1296279,0,0,6.666693,4.62525,0,0.1364504,-0.1364504,7.531616,53.79715,0.01161347,0.1425907,0,0,4.62525
2/3/2007 5:00:00 AM,0,0,-74.89846,90,0,0,0,0,0,0,0,0,0,0,0,0,0,0,0,0,0,6.818305,4.4888,0,0,0,7.531616,53.79715,0.01161347,0,0,0,4.4888
2/3/2007 6:00:00 AM,0.00004629579,0,-73.54128,90,0,0,0.1440071,0.1440071,0,0,0,0.1440071,0,0,0,0,0,0.1515864,0.1440071,0,0,6.818305,4.4888,0,0.1515864,-0.1515864,7.37183,52.65582,0.01161347,0.1584078,0,0,4.4888
2/3/2007 7:00:00 AM,0.126701,7.297432,-71.15869,79.87868,0.170474,0.7650875,0.684058,0.684058,0,0,0,0.684058,111.8454,0,0,0,0.7650875,0.720061,0.684058,0,0,6.986734,4.337214,0.0450265,0,0.0450265,7.414546,52.96094,0.01161143,0.7524638,0.61207,0,5.102301
2/3/2007 8:00:00 AM,0.2622766,21.16611,-67.45971,65.62454,0.2806861,1.259719,1.371738,1.371738,0,0,0,1.371738,91.83381,0,0,0,1.259719,1.443935,1.371738,0,0,6.941708,4.377738,0,0.1842155,-0.1842155,7.220366,51.57394,0.01161143,1.508912,1.007775,0,5.637456
2/3/2007 9:00:00 AM,0.3523093,34.56585,-61.71534,51.56874,0.3617152,1.623378,0.6753823,0.6753823,0,-1,0,0.6753823,240.3643,0,0,0,1.623378,0.7109287,0.6753823,0,0,7.146391,4.193522,0.9124492,0,0.9124492,8.085991,57.75696,0.01157022,0.7429205,1.298702,0,5.8169
2/3/2007 10:00:00 AM,0.5697781,47.03772,-52.34941,37.99335,0.5954494,2.672377,0.221111,0.221111,0,0,0,0.221111,1208.614,0,0,0,2.672377,0.2327484,0.221111,0,0,6.233943,5.014726,2.439629,0,2.439629,10.40043,74.28861,0.01146146,0.243222,2.137902,0,7.687103
2/3/2007 11:00:00 AM,0.6802242,57.48114,-36.16815,25.72494,0.709958,3.186291,0.4176434,0.4176434,0,0,0,0.4176434,762.9216,0,0,0,3.186291,0.4396246,0.4176434,0,0,3.794313,7.210392,2.746667,0,2.746667,13.00614,92.90083,0.01134143,0.4594077,2.549033,0,10.39668
2/3/2007 12:00:00 PM,0.6911134,63.37982,-9.415056,17.76697,0.716901,3.217452,0.167644,0.167644,0,0,0,0.167644,1919.217,1.993338,0,0,3.217452,0.1764674,0.167644,0,0,1.047647,9.682392,1.047647,0,1.047647,14.00003,100,0.01129631,0.1844084,2.573961,0,12.89984
2/3/2007 1:00:00 PM,0.6481112,61.72543,21.76582,20.14399,0.6693485,3.004036,0.3941923,0.3941923,0,0,0,0.3941923,762.0737,2.589097,0,0,3.004036,0.4149393,0.3941923,0,0,0,10.62527,0,0,0,14.00003,100,0.01129631,0.4336115,2.403229,0,13.62931
2/3/2007 2:00:00 PM,0.5036863,53.53259,43.96704,30.52806,0.5136744,2.305371,0.284697,0.284697,0,-1,0,0.284697,809.7629,2.00569,0,0,2.305371,0.299681,0.284697,0,0,0,10.62527,0,0,0,14.00003,100,0.01129631,0.3131667,1.844296,0,12.93064
2/3/2007 3:00:00 PM,0.5136516,42.04635,56.81578,43.51163,0.537653,2.412987,0,0,0,0,0,0,0,2.412987,0,0,2.412987,0,0,0,0,0,10.62527,0,0,0,14.00003,100,0.01129631,0,1.930389,0,13.03826
2/3/2007 4:00:00 PM,0.3001512,29.10821,64.41056,57.33878,0.3092162,1.387762,0,0,0,0,0,0,0,1.387762,0,0,1.387762,0,0,0,0,0,10.62527,0,0,0,14.00003,100,0.01129631,0,1.11021,0,12.01304
2/3/2007 5:00:00 PM,0.1425108,15.4782,69.18115,71.49821,0.1467769,0.6587349,0,0,0,0,0,0,0,0.6587349,0,0,0.6587349,0,0,0,0,0,10.62527,0,0,0,14.00003,100,0.01129631,0,0.5269879,0,11.28401
2/3/2007 6:00:00 PM,0.02654689,1.485828,72.27833,85.79199,0.0389227,0.1746851,0,0,0,0,0,0,0,0.1746851,0,0,0.1746851,0,0,0,0,0,10.62527,0,0,0,14.00003,100,0.01129631,0,0.1397481,0,10.79996
2/3/2007 7:00:00 PM,0,0,74.22062,90,0,0,0,0,0,-1,0,0,0,0,0,0,0,0,0,0,0,0,10.62527,0,0,0,14.00003,100,0.01129631,0,0,0,10.62527
2/3/2007 8:00:00 PM,0,0,75.16462,90,0,0,0.2343848,0.2343848,0,-1,0,0.2343848,0,0,2.775558E-17,0,0,0.2467209,0.2343848,0,0,0,10.62527,0,0.2467209,-0.2467209,13.73996,98.14239,0.01129631,0.2578233,0,0,10.62527
2/3/2007 9:00:00 PM,0,0,74.91917,90,0,0,0.2935946,0.2935946,0,-1,0,0.2935946,0,0,5.551115E-17,0,0,0.3090469,0.2935946,0,0,0.2741343,10.37855,0,0.3090469,-0.3090469,13.4142,95.81551,0.01129631,0.322954,0,0,10.37855
2/3/2007 10:00:00 PM,0,0,72.57982,90,0,0,0.2168632,0.2168632,0,-1,0,0.2168632,0,0,2.775558E-17,0,0,0.228277,0.2168632,0,0,0.6175198,10.06951,0,0.228277,-0.228277,13.17357,94.09676,0.01129631,0.2385495,0,0,10.06951
2/3/2007 11:00:00 PM,0,0,64.45523,90,0,0,0.008264556,0.008264556,0,-1,0,0.008264556,0,0,1.734723E-18,0,0,0.008699532,0.008264556,0,0,0.8711609,9.841229,0,0.008699532,-0.008699532,13.1644,94.03126,0.01129631,0.00909101,0,0,9.841229
2/4/2007 12:00:00 AM,0,0,28.07054,90,0,0,0,0,0,-1,0,0,0,0,0,0,0,0,0,0,0,0.8808271,9.83253,0,0,0,13.1644,94.03126,0.01129631,0,0,0,9.83253
2/4/2007 1:00:00 AM,0,0,-51.21054,90,0,0,0.1737279,0.1737279,0,-1,0,0.1737279,0,0,2.775558E-17,0,0,0.1828715,0.1737279,0,0,0.8808271,9.83253,0,0.1828715,-0.1828715,12.97164,92.65437,0.01129631,0.1911007,0,0,9.83253
2/4/2007 2:00:00 AM,0,0,-69.65482,90,0,0,0.133266,0.133266,0,-1,0,0.133266,0,0,0,0,0,0.14028,0.133266,0,0,1.084018,9.649658,0,0.14028,-0.14028,12.82377,91.59818,0.01129631,0.1465926,0,0,9.649658
2/4/2007 3:00:00 AM,0,0,-74.33807,90,0,0,0.1876971,0.1876971,0,-1,0,0.1876971,0,0,2.775558E-17,0,0,0.1975759,0.1876971,0,0,1.239884,9.509378,0,0.1975759,-0.1975759,12.61551,90.11059,0.01129631,0.2064668,0,0,9.509378
2/4/2007 4:00:00 AM,0,0,-75.53536,90,0,0,0.09033576,0.09033576,0,-1,0,0.09033576,0,0,1.387779E-17,0,0,0.09509027,0.09033576,0,0,1.459413,9.311803,0,0.09509027,-0.09509027,12.51527,89.39463,0.01129631,0.09936933,0,0,9.311803
2/4/2007 5:00:00 AM,0,0,-75.19606,90,0,0,0.3261574,0.3261574,0,0,0,0.3261574,0,0,5.551115E-17,0,0,0.3433236,0.3261574,0,0,1.565069,9.216712,0,0.3433236,-0.3433236,12.15338,86.80967,0.01129631,0.3587731,0,0,9.216712
2/4/2007 6:00:00 AM,0.00004258638,0,-73.82161,90,0,0,0.7152659,0.7152659,0,0,0,0.7152659,0,0,1.110223E-16,0,0,0.7529115,0.7152659,0,0,1.94654,8.873388,0,0.7529115,-0.7529115,11.35974,81.14084,0.01129631,0.7867925,0,0,8.873388
2/4/2007 7:00:00 AM,0.09190298,7.319284,-71.43845,79.89899,0.108859,0.488559,0.8864873,0.8864873,0,0,0,0.8864873,55.11179,0,0,0,0.488559,0.9331446,0.8864873,0,0,2.783108,8.120477,0,0.4445856,-0.4445856,10.89111,77.79346,0.01129631,0.975136,0.3908472,0,8.609036
2/4/2007 8:00:00 AM,0.2989962,21.21375,-67.75383,65.62122,0.3276564,1.470522,0.9239709,0.9239709,0,0,0,0.9239709,159.1524,0,0,0,1.470522,0.9726009,0.9239709,0,0,3.277092,7.675891,0.4979209,0,0.4979209,11.36347,81.16752,0.01127499,1.016368,1.176417,0,9.146413
2/4/2007 9:00:00 AM,0.4570343,34.64719,-62.03876,51.53575,0.4844589,2.174252,1.18502,1.18502,0,-1,0,1.18502,183.4781,0,0,0,2.174252,1.24739,1.18502,0,0,2.779171,8.124021,0.9268622,0,0.9268622,12.24277,87.4482,0.01123552,1.303522,1.739401,0,10.29827
2/4/2007 10:00:00 AM,0.5275308,47.16661,-52.71184,37.91711,0.5461602,2.451167,0,0,0,0,0,0,0,0.5988583,0,0,2.451167,0,0,0,0,1.852309,8.958197,1.852309,0,1.852309,14.00003,100,0.01115746,0,1.960934,0,11.40936
2/4/2007 11:00:00 AM,0.8964061,57.67766,-36.53582,25.57539,0.9535621,4.279587,0.7057909,0.7057909,0,0,0,0.7057909,606.3534,3.536649,0,0,4.279587,0.7429377,0.7057909,0,0,0,10.62527,0,0,0,14.00003,100,0.01115746,0.7763699,3.423669,0,14.90486
2/4/2007 12:00:00 PM,0.9609523,63.6458,-9.598999,17.50899,1.019679,4.576321,0,0,0,0,0,0,0,4.576321,0,0,4.576321,0,0,0,0,0,10.62527,0,0,0,14.00003,100,0.01115746,0,3.661057,0,15.2016
2/4/2007 1:00:00 PM,0.5614149,61.99391,21.92152,19.89198,0.5721413,2.56777,0,0,0,0,0,0,0,2.56777,0,0,2.56777,0,0,0,0,0,10.62527,0,0,0,14.00003,100,0.01115746,0,2.054216,0,13.19304
2/4/2007 2:00:00 PM,0.6158632,53.74987,44.26049,30.35342,0.639798,2.871413,2.484065,2.484065,0,-1,0,2.484065,115.5934,0.2566087,0,0,2.871413,2.614805,2.484065,0,0,0,10.62527,0,0,0,14.00003,100,0.01115746,2.732471,2.297131,0,13.49669
2/4/2007 3:00:00 PM,0.6224957,42.21495,57.1144,43.38853,0.6648356,2.983782,1.458997,1.458997,0,0,0,1.458997,204.5091,1.447995,0,0,2.983782,1.535787,1.458997,0,0,0,10.62527,0,0,0,14.00003,100,0.01115746,1.604897,2.387026,0,13.60906
2/4/2007 4:00:00 PM,0.4600178,29.24056,64.69099,57.24957,0.5021205,2.253517,0.4593834,0.4593834,0,0,0,0.4593834,490.5525,1.769955,0,0,2.253517,0.4835615,0.4593834,0,0,0,10.62527,0,0,0,14.00003,100,0.01115746,0.5053217,1.802813,0,12.87879
2/4/2007 5:00:00 PM,0.2450647,15.58306,69.44876,71.43456,0.2820413,1.265801,1.184536,1.184536,0,0,0,1.184536,106.8605,0.01892172,0,0,1.265801,1.24688,1.184536,0,0,0,10.62527,0,0,0,14.00003,100,0.01115746,1.302989,1.012641,0,11.89108
2/4/2007 6:00:00 PM,0.02485725,1.568288,72.54427,85.75036,0.0326662,0.1466059,1.271232,1.271232,0,0,0,1.271232,11.53258,0,0,0,0.1466059,1.338139,1.271232,0,0,0,10.62527,0,1.191533,-1.191533,12.74404,91.02869,0.01115746,1.398355,0.1172847,0,10.77188
2/4/2007 7:00:00 PM,0,0,74.49862,90,0,0,1.298326,1.298326,0,-1,0,1.298326,0,0,2.220446E-16,0,0,1.366659,1.298326,0,0,1.323926,9.433742,0,1.366659,-1.366659,11.30346,80.73882,0.01115746,1.428159,0,0,9.433742
2/4/2007 8:00:00 PM,0,0,75.47321,90,0,0,2.352062,2.352062,0,-1,0,2.352062,0,0,0,0,0,2.475855,2.352062,0,0,2.842436,8.067082,0,2.475855,-2.475855,8.693677,62.09756,0.01115746,2.587268,0,0,8.067082
2/4/2007 9:00:00 PM,0,0,75.28867,90,0,0,3.700224,3.33,0,-1,0,3.33,0,0,0.3702243,0.7402468,0,3.505263,3.33,0,0,5.593386,5.591227,0,3.505263,-3.505263,4.998805,35.70568,0.01115746,4.070247,0,0,5.591227
2/4/2007 10:00:00 PM,0,0,73.0718,90,0,0,0.0245737,0.0245737,0,-1,0,0.0245737,0,0,0,0,0,0.02586705,0.0245737,0,0,9.488122,2.085964,0,0.02586705,-0.02586705,4.971539,35.51092,0.01115746,0.02703107,0,0,2.085964
2/4/2007 11:00:00 PM,0,0,65.22641,90,0,0,0,0,0,-1,0,0,0,0,0,0,0,0,0,0,0,9.516864,2.060097,0,0,0,4.971539,35.51092,0.01115746,0,0,0,2.060097
2/5/2007 12:00:00 AM,0,0,29.14606,90,0,0,0.1523367,0.1523367,0,-1,0,0.1523367,0,0,0,0,0,0.1603544,0.1523367,0,0,9.516864,2.060097,0,0.1603544,-0.1603544,4.80251,34.30357,0.01115746,0.1675704,0,0,2.060097
2/5/2007 1:00:00 AM,0,0,-52.14443,90,0,0,0.01535765,0.01535765,0,-1,0,0.01535765,0,0,3.469447E-18,0,0,0.01616595,0.01535765,0,0,9.695035,1.899743,0,0.01616595,-0.01616595,4.78547,34.18186,0.01115746,0.01689342,0,0,1.899743
2/5/2007 2:00:00 AM,0,0,-70.25687,90,0,0,0,0,0,-1,0,0,0,0,0,0,0,0,0,0,0,9.712997,1.883577,0,0,0,4.78547,34.18186,0.01115746,0,0,0,1.883577
2/5/2007 3:00:00 AM,0,0,-74.76594,90,0,0,0,0,0,-1,0,0,0,0,0,0,0,0,0,0,0,9.712997,1.883577,0,0,0,4.78547,34.18186,0.01115746,0,0,0,1.883577
2/5/2007 4:00:00 AM,0,0,-75.8799,90,0,0,0,0,0,-1,0,0,0,0,0,0,0,0,0,0,0,9.712997,1.883577,0,0,0,4.78547,34.18186,0.01115746,0,0,0,1.883577
2/5/2007 5:00:00 AM,0,0,-75.49892,90,0,0,0.02767244,0.02767244,0,0,0,0.02767244,0,0,3.469447E-18,0,0,0.02912889,0.02767244,0,0,9.712997,1.883577,0,0.02912889,-0.02912889,4.754765,33.96254,0.01115746,0.03043969,0,0,1.883577
2/5/2007 6:00:00 AM,0.00005248822,0,-74.10657,90,0,0,0.1863051,0.1863051,0,0,0,0.1863051,0,0,2.775558E-17,0,0,0.1961107,0.1863051,0,0,9.745362,1.854448,0,0.1961107,-0.1961107,4.548047,32.48598,0.01115746,0.2049356,0,0,1.854448
2/5/2007 7:00:00 AM,0.06049126,7.344888,-71.72258,79.91632,0.06268681,0.2813384,0,0,0,0,0,0,0,0,0,0,0.2813384,0,0,0,0,9.963264,1.658337,0.2813384,0,0.2813384,4.814948,34.39241,0.0111457,0,0.2250707,0,1.939675
2/5/2007 8:00:00 AM,0.2756402,21.26517,-68.05237,65.61489,0.2968999,1.332487,2.146375,2.146375,4.8355,0,1.485091,2.146375,62.0808,0,0,0,1.332487,0,0,2.689125,2.554669,9.681925,1.911542,3.887155,0,3.887155,8.502626,60.73293,0.01500229,2.361012,1.065989,5,3.244028
2/5/2007 9:00:00 AM,0.3277,34.73243,-62.36692,51.49973,0.3337774,1.497993,0.6089284,0.6089284,0,-1,0,0.6089284,246.0048,0,0,0,1.497993,0.6409772,0.6089284,0,0,5.79477,5.409981,0.8570157,0,0.8570157,9.315663,66.54032,0.01495496,0.6698212,1.198394,0,6.907974
2/5/2007 10:00:00 AM,0.4699667,47.29964,-53.07965,37.83781,0.4807094,2.157424,0.2086232,0.2086232,0,0,0,0.2086232,1034.124,0,0,0,2.157424,0.2196034,0.2086232,0,0,4.937754,6.181295,1.93782,0,1.93782,11.15404,79.67156,0.01484903,0.2294856,1.725939,0,8.338719
2/5/2007 11:00:00 AM,0.8405858,57.87888,-36.90894,25.42239,0.8910909,3.999216,1.148787,1.148787,0,0,0,1.148787,348.1251,0,0,0,3.999216,1.20925,1.148787,0,0,2.999934,7.925334,2.789966,0,2.789966,13.80084,98.5772,0.01469912,1.263666,3.199373,0,11.92455
2/5/2007 12:00:00 PM,0.9560791,63.917,-9.781785,17.24599,1.013496,4.54857,0.432688,0.432688,0,0,0,0.432688,1051.236,3.883142,0,0,4.54857,0.455461,0.432688,0,0,0.2099672,10.4363,0.2099672,0,0.2099672,14.00003,100,0.01468796,0.4759568,3.638856,0,14.98487
2/5/2007 1:00:00 PM,0.7892922,62.26569,22.09005,19.63804,0.8290824,3.720922,1.249637,1.249637,0,0,0,1.249637,297.7602,2.405514,0,0,3.720922,1.315408,1.249637,0,0,0,10.62527,0,0,0,14.00003,100,0.01468796,1.374601,2.976737,0,14.3462
2/5/2007 2:00:00 PM,0.408271,53.96775,44.56664,30.18014,0.4106724,1.843098,0.1802028,0.1802028,0,-1,0,0.1802028,1022.791,1.653411,0,0,1.843098,0.1896872,0.1802028,0,0,0,10.62527,0,0,0,14.00003,100,0.01468796,0.1982231,1.474478,0,12.46837
2/5/2007 3:00:00 PM,0.3303021,42.38269,57.42252,43.26779,0.3323069,1.491394,0.2083373,0.2083373,0,0,0,0.2083373,715.8552,1.272091,0,0,1.491394,0.2193025,0.2083373,0,0,0,10.62527,0,0,0,14.00003,100,0.01468796,0.2291711,1.193115,0,12.11667
2/5/2007 4:00:00 PM,0.2384333,29.37135,64.97875,57.16308,0.2405352,1.079522,0.1243377,0.1243377,0,0,0,0.1243377,868.2182,0.9486405,0,0,1.079522,0.1308817,0.1243377,0,0,0,10.62527,0,0,0,14.00003,100,0.01468796,0.1367714,0.8636177,0,11.7048
2/5/2007 5:00:00 PM,0.05158977,15.68601,69.72247,71.37377,0.05147136,0.2310034,0.9625115,0.9625115,0,0,0,0.9625115,24.00007,0,0,0,0.2310034,1.01317,0.9625115,0,0,0,10.62527,0,0.7821665,-0.7821665,13.17555,94.1109,0.01468796,1.058763,0.1848028,0,10.85628
2/5/2007 6:00:00 PM,0.02034043,1.648659,72.8157,85.71167,0.02270597,0.1019044,3.02722,3.02722,0,0,0,3.02722,3.366269,0,4.440892E-16,0,0.1019044,3.186548,3.02722,0,0,0.8690739,9.843107,0,3.084644,-3.084644,9.924052,70.88595,0.01468796,3.329942,0.0815235,0,9.945012
2/5/2007 7:00:00 PM,0,0,74.7819,90,0,0,2.212293,2.212293,0,-1,0,2.212293,0,0,4.440892E-16,0,0,2.328729,2.212293,0,0,4.296456,6.758464,0,2.328729,-2.328729,7.469356,53.35244,0.01468796,2.433522,0,0,6.758464
2/5/2007 8:00:00 PM,0,0,75.78729,90,0,0,2.757331,2.757331,0,-1,0,2.757331,0,0,0,0,0,2.902454,2.757331,0,0,6.883933,4.429735,0,2.902454,-2.902454,4.409901,31.49923,0.01468796,3.033064,0,0,4.429735
2/5/2007 9:00:00 PM,0,0,75.66443,90,0,0,2.708799,1.450917,0,-1,0,1.450917,0,0,1.257882,1.528762,0,1.527281,1.450917,0,0,10.10888,1.527281,0,1.527281,-1.527281,2.800006,20,0.01468796,2.979679,0,0,1.527281
2/5/2007 10:00:00 PM,0,0,73.572,90,0,0,0.3639455,0,0,-1,0,0,0,0,0.3639455,0.4003401,0,0,0,0,0,11.80586,0,0,0,0,2.800006,20,0.01468796,0.4003401,0,0,0
2/5/2007 11:00:00 PM,0,0,66.01281,90,0,0,0.09427623,0,0,-1,0,0,0,0,0.09427623,0.1037038,0,0,0,0,0,11.80586,0,0,0,0,2.800006,20,0.01468796,0.1037038,0,0,0
2/6/2007 12:00:00 AM,0,0,30.27792,90,0,0,0.1322033,0,0,-1,0,0,0,0,0.1322033,0.1454236,0,0,0,0,0,11.80586,0,0,0,0,2.800006,20,0.01468796,0.1454236,0,0,0
2/6/2007 1:00:00 AM,0,0,-53.1323,90,0,0,0.2524082,0,0,-1,0,0,0,0,0.2524082,0.277649,0,0,0,0,0,11.80586,0,0,0,0,2.800006,20,0.01468796,0.277649,0,0,0
2/6/2007 2:00:00 AM,0,0,-70.87579,90,0,0,0.319181,0,0,-1,0,0,0,0,0.319181,0.3510991,0,0,0,0,0,11.80586,0,0,0,0,2.800006,20,0.01468796,0.3510991,0,0,0
2/6/2007 3:00:00 AM,0,0,-75.20296,90,0,0,0.03126255,0,0,-1,0,0,0,0,0.03126255,0.0343888,0,0,0,0,0,11.80586,0,0,0,0,2.800006,20,0.01468796,0.0343888,0,0,0
2/6/2007 4:00:00 AM,0,0,-76.23084,90,0,0,0.07359631,0,0,-1,0,0,0,0,0.07359631,0.08095594,0,0,0,0,0,11.80586,0,0,0,0,2.800006,20,0.01468796,0.08095594,0,0,0
2/6/2007 5:00:00 AM,0,0,-75.80693,90,0,0,0.314393,0.314393,3.819656,0,1.207766,0.314393,0,0,0,0,0,0,0,3.505263,3.33,11.80586,0,3.33,0,3.33,5.959121,42.56506,0.01729799,0.3458323,0,5,0
2/6/2007 6:00:00 AM,0.00006390805,0,-74.39606,90,0,0,0.3271601,0.3271601,3.832423,0,1.211251,0.3271601,0,0,0,0,0,0,0,3.505263,3.33,8.475861,2.997,3.33,0,3.33,9.118237,65.13013,0.01986033,0.3598761,0,5,2.997
2/6/2007 7:00:00 AM,0.1217779,7.374245,-72.01101,79.93065,0.1596289,0.7164146,1.609136,1.609136,4.841361,0,1.486692,1.609136,44.52169,0,0,0,0.7164146,0,0,3.232225,3.070614,5.14586,5.994,3.787028,0,3.787028,12.71093,90.79215,0.02339378,1.77005,0.5731317,5,6.710414
2/6/2007 8:00:00 AM,0.3955521,21.32038,-68.35525,65.60557,0.4465256,2.004007,0.6395,0.6395,0,0,0,0.6395,313.3709,0,0,0,2.004007,0.6731579,0.6395,0,0,1.358832,9.402326,1.330849,0,1.330849,13.97348,99.81038,0.02328581,0.70345,1.603205,0,11.40633
2/6/2007 9:00:00 AM,0.6612945,34.82151,-62.69978,51.46075,0.7191025,3.227332,0.6518264,0.6518264,0,-1,0,0.6518264,495.1214,2.513216,0,0,3.227332,0.6861331,0.6518264,0,0,0.02798302,10.60009,0.02798302,0,0.02798302,14.00003,100,0.02328355,0.7170091,2.581866,0,13.82742
2/6/2007 10:00:00 AM,0.9082555,47.43673,-53.45286,37.75552,0.9729583,4.366637,0,0,0,0,0,0,0,4.366637,0,0,4.366637,0,0,0,0,0,10.62527,0,0,0,14.00003,100,0.02328355,0,3.493309,0,14.99191
2/6/2007 11:00:00 AM,1.033939,58.08472,-37.28766,25.26606,1.099514,4.934618,1.56828,1.56828,0,0,0,1.56828,314.6516,3.283797,0,0,4.934618,1.650821,1.56828,0,0,0,10.62527,0,0,0,14.00003,100,0.02328355,1.725108,3.947694,0,15.55989
2/6/2007 12:00:00 PM,1.04108,64.19336,-9.963398,16.97806,1.103673,4.953285,0.2700962,0.2700962,0,0,0,0.2700962,1833.896,4.668973,0,0,4.953285,0.2843118,0.2700962,0,0,0,10.62527,0,0,0,14.00003,100,0.02328355,0.2971058,3.962628,0,15.57856
2/6/2007 1:00:00 PM,0.9699032,62.54065,22.27179,19.38239,1.028438,4.615631,0,0,0,0,0,0,0,4.615631,0,0,4.615631,0,0,0,0,0,10.62527,0,0,0,14.00003,100,0.02328355,0,3.692505,0,15.2409
2/6/2007 2:00:00 PM,0.8463075,54.18606,44.88564,30.00842,0.9002071,4.040129,0.02806518,0.02806518,0,-1,0,0.02806518,14395.52,4.010587,0,0,4.040129,0.02954229,0.02806518,0,0,0,10.62527,0,0,0,14.00003,100,0.02328355,0.0308717,3.232104,0,14.6654
2/6/2007 3:00:00 PM,0.6837131,42.54942,57.74012,43.14956,0.733204,3.29062,0.6660573,0.6660573,0,0,0,0.6660573,494.0445,2.589506,0,0,3.29062,0.701113,0.6660573,0,0,0,10.62527,0,0,0,14.00003,100,0.02328355,0.7326631,2.632496,0,13.91589
2/6/2007 4:00:00 PM,0.4685553,29.50047,65.27377,57.0794,0.5104787,2.291028,0.5739938,0.5739938,0,0,0,0.5739938,399.1381,1.686824,0,0,2.291028,0.6042041,0.5739938,0,0,0,10.62527,0,0,0,14.00003,100,0.02328355,0.6313932,1.832823,0,12.9163
2/6/2007 5:00:00 PM,0.2133147,15.78696,70.0022,71.31593,0.2362642,1.060354,2.560699,2.560699,0,0,0,2.560699,41.40877,0,0,0,1.060354,2.695472,2.560699,0,0,0,10.62527,0,1.635118,-1.635118,12.27646,87.68884,0.02328355,2.816768,0.848283,0,11.68563
2/6/2007 6:00:00 PM,0.03934103,1.726897,73.09252,85.67597,0.07951335,0.3568559,0.8676648,0.8676648,0,0,0,0.8676648,41.12831,0,0,0,0.3568559,0.9133314,0.8676648,0,0,1.816798,8.990156,0,0.5564755,-0.5564755,11.68989,83.49902,0.02328355,0.9544313,0.2854847,0,9.347012
2/6/2007 7:00:00 PM,0,0,75.0704,90,0,0,1.026592,1.026592,0,-1,0,1.026592,0,0,0,0,0,1.080624,1.026592,0,0,2.435104,8.433681,0,1.080624,-1.080624,10.55081,75.36276,0.02328355,1.129252,0,0,8.433681
2/6/2007 8:00:00 PM,0,0,76.1068,90,0,0,1.937914,1.937914,0,-1,0,1.937914,0,0,4.440892E-16,0,0,2.03991,1.937914,0,0,3.635797,7.353057,0,2.03991,-2.03991,8.400555,60.00384,0.02328355,2.131706,0,0,7.353057
2/6/2007 9:00:00 PM,0,0,76.04636,90,0,0,0.6005013,0.6005013,0,-1,0,0.6005013,0,0,1.110223E-16,0,0,0.6321066,0.6005013,0,0,5.902363,5.313147,0,0.6321066,-0.6321066,7.734255,55.24457,0.02328355,0.6605514,0,0,5.313147
2/6/2007 10:00:00 PM,0,0,74.08034,90,0,0,0.1026532,0.1026532,0,-1,0,0.1026532,0,0,1.387779E-17,0,0,0.108056,0.1026532,0,0,6.604704,4.68104,0,0.108056,-0.108056,7.620355,54.431,0.02328355,0.1129186,0,0,4.68104
2/6/2007 11:00:00 PM,0,0,66.81456,90,0,0,0.2050143,0.2050143,0,-1,0,0.2050143,0,0,0,0,0,0.2158045,0.2050143,0,0,6.724766,4.572984,0,0.2158045,-0.2158045,7.392877,52.80616,0.02328355,0.2255157,0,0,4.572984
2/7/2007 12:00:00 AM,0,0,31.47175,90,0,0,0.1035574,0.1035574,0,-1,0,0.1035574,0,0,0,0,0,0.1090078,0.1035574,0,0,6.964549,4.35718,0,0.1090078,-0.1090078,7.277972,51.98541,0.02328355,0.1139132,0,0,4.35718
2/7/2007 1:00:00 AM,0,0,-54.17585,90,0,0,0.1656015,0.1656015,0,-1,0,0.1656015,0,0,2.775558E-17,0,0,0.1743173,0.1656015,0,0,7.085669,4.248172,0,0.1743173,-0.1743173,7.094225,50.67294,0.02328355,0.1821616,0,0,4.248172
2/7/2007 2:00:00 AM,0,0,-71.51135,90,0,0,0,0,0,-1,0,0,0,0,0,0,0,0,0,0,0,7.279355,4.073855,0,0,0,7.094225,50.67294,0.02328355,0,0,0,4.073855
2/7/2007 3:00:00 AM,0,0,-75.64893,90,0,0,0.1134934,0.1134934,0,-1,0,0.1134934,0,0,1.387779E-17,0,0,0.1194668,0.1134934,0,0,7.279355,4.073855,0,0.1194668,-0.1194668,6.968297,49.77345,0.02328355,0.1248428,0,0,4.073855
2/7/2007 4:00:00 AM,0,0,-76.58805,90,0,0,0.1509235,0.1509235,0,-1,0,0.1509235,0,0,0,0,0,0.1588668,0.1509235,0,0,7.412096,3.954388,0,0.1588668,-0.1588668,6.800836,48.5773,0.02328355,0.1660158,0,0,3.954388
2/7/2007 5:00:00 AM,0,0,-76.11998,90,0,0,0,0,0,0,0,0,0,0,0,0,0,0,0,0,0,7.588614,3.795521,0,0,0,6.800836,48.5773,0.02328355,0,0,0,3.795521
2/7/2007 6:00:00 AM,0.00006297086,0,-74.69001,90,0,0,0.08683343,0.08683343,0,0,0,0.08683343,0,0,0,0,0,0.09140361,0.08683343,0,0,7.588614,3.795521,0,0.09140361,-0.09140361,6.704488,47.88911,0.02328355,0.09551678,0,0,3.795521
2/7/2007 7:00:00 AM,0.1004449,7.407354,-72.30366,79.94197,0.1218555,0.5468875,0,0,0,0,0,0,0,0,0,0,0.5468875,0,0,0,0,7.690174,3.704118,0.5468875,0,0.5468875,7.223311,51.59498,0.02323948,0,0.43751,0,4.251005
2/7/2007 8:00:00 AM,0.2952825,21.37932,-68.66242,65.59327,0.321027,1.440769,1.048285,1.048285,0,0,0,1.048285,137.4407,0,0,0,1.440769,1.103457,1.048285,0,0,7.143287,4.196316,0.3373118,0,0.3373118,7.543314,53.8807,0.02321238,1.153113,1.152615,0,5.637085
2/7/2007 9:00:00 AM,0.6711023,34.91439,-63.03732,51.41884,0.7288827,3.271225,1.88477,1.88477,0,-1,0,1.88477,173.561,0,0,0,3.271225,1.983968,1.88477,0,0,6.805975,4.499897,1.287257,0,1.287257,8.764513,62.60354,0.02310954,2.073247,2.61698,0,7.771122
2/7/2007 10:00:00 AM,0.8621529,47.57783,-53.83149,37.67034,0.9221632,4.138669,0.8990485,0.8990485,0,0,0,0.8990485,460.3387,0,0,0,4.138669,0.9463668,0.8990485,0,0,5.518717,5.658429,3.192302,0,3.192302,11.793,84.23552,0.02285839,0.9889534,3.310935,0,9.797097
2/7/2007 11:00:00 AM,0.9952768,58.2951,-37.6721,25.10654,1.057091,4.744223,0.8333445,0.8333445,0,0,0,0.8333445,569.2991,1.540603,0,0,4.744223,0.8772048,0.8333445,0,0,2.326416,8.5315,2.326416,0,2.326416,14.00003,100,0.02267878,0.916679,3.795378,0,13.27572
2/7/2007 12:00:00 PM,1.072588,64.47482,-10.14382,16.70526,1.136313,5.099774,1.549055,1.549055,0,0,0,1.549055,329.2184,3.46919,0,0,5.099774,1.630585,1.549055,0,0,0,10.62527,0,0,0,14.00003,100,0.02267878,1.703961,4.07982,0,15.72505
2/7/2007 1:00:00 PM,0.9681252,62.81864,22.46717,19.12525,1.025587,4.602834,0.7765957,0.7765957,0,0,0,0.7765957,592.6938,3.785365,0,0,4.602834,0.8174691,0.7765957,0,0,0,10.62527,0,0,0,14.00003,100,0.02267878,0.8542552,3.682267,0,15.22811
2/7/2007 2:00:00 PM,0.7386656,54.40464,45.21766,29.83849,0.77869,3.494761,2.021121,2.021121,0,-1,0,2.021121,172.912,1.367265,0,0,3.494761,2.127496,2.021121,0,0,0,10.62527,0,0,0,14.00003,100,0.02267878,2.223233,2.795809,0,14.12004
2/7/2007 3:00:00 PM,0.6698785,42.71501,58.06718,43.03397,0.7166129,3.216159,1.018696,1.018696,0,0,0,1.018696,315.7132,2.143847,0,0,3.216159,1.072312,1.018696,0,0,0,10.62527,0,0,0,14.00003,100,0.02267878,1.120566,2.572927,0,13.84143
2/7/2007 4:00:00 PM,0.4518005,29.62782,65.576,56.99863,0.4894203,2.196518,0,0,0,0,0,0,0,2.196518,0,0,2.196518,0,0,0,0,0,10.62527,0,0,0,14.00003,100,0.02267878,0,1.757215,0,12.82179
2/7/2007 5:00:00 PM,0.2595998,15.88587,70.28789,71.26108,0.2983124,1.338826,1.306625,1.306625,0,0,0,1.306625,102.4644,0,0,0,1.338826,1.375395,1.306625,0,0,0,10.62527,0,0.03656874,-0.03656874,13.96148,99.72466,0.02267878,1.437288,1.071061,0,11.9641
2/7/2007 6:00:00 PM,0.02584501,1.80296,73.37468,85.6433,0.03213121,0.1442049,1.237974,1.237974,0,0,0,1.237974,11.64846,0,0,0,0.1442049,1.30313,1.237974,0,0,0.04063193,10.58871,0,1.158925,-1.158925,12.73987,90.99886,0.02267878,1.361771,0.1153639,0,10.73291
2/7/2007 7:00:00 PM,0,0,75.36403,90,0,0,0.5803735,0.5803735,0,-1,0,0.5803735,0,0,1.110223E-16,0,0,0.6109195,0.5803735,0,0,1.328327,9.42978,0,0.6109195,-0.6109195,12.0959,86.39912,0.02267878,0.6384109,0,0,9.42978
2/7/2007 8:00:00 PM,0,0,76.43164,90,0,0,2.269826,2.269826,0,-1,0,2.269826,0,0,4.440892E-16,0,0,2.389291,2.269826,0,0,2.007126,8.81886,0,2.389291,-2.389291,9.577367,68.40963,0.02267878,2.496809,0,0,8.81886
2/7/2007 9:00:00 PM,0,0,76.43439,90,0,0,1.809014,1.809014,0,-1,0,1.809014,0,0,2.220446E-16,0,0,1.904225,1.809014,0,0,4.661894,6.42957,0,1.904225,-1.904225,7.570138,54.0723,0.02267878,1.989915,0,0,6.42957
2/7/2007 10:00:00 PM,0,0,74.59679,90,0,0,0.2489874,0.2489874,0,-1,0,0.2489874,0,0,5.551115E-17,0,0,0.262092,0.2489874,0,0,6.777699,4.525344,0,0.262092,-0.262092,7.293869,52.09896,0.02267878,0.2738861,0,0,4.525344
2/7/2007 11:00:00 PM,0,0,67.63178,90,0,0,0,0,0,-1,0,0,0,0,0,0,0,0,0,0,0,7.068913,4.263253,0,0,0,7.293869,52.09896,0.02267878,0,0,0,4.263253
2/8/2007 12:00:00 AM,0,0,32.73388,90,0,0,0,0,0,-1,0,0,0,0,0,0,0,0,0,0,0,7.068913,4.263253,0,0,0,7.293869,52.09896,0.02267878,0,0,0,4.263253
2/8/2007 1:00:00 AM,0,0,-55.27666,90,0,0,0,0,0,-1,0,0,0,0,0,0,0,0,0,0,0,7.068913,4.263253,0,0,0,7.293869,52.09896,0.02267878,0,0,0,4.263253
2/8/2007 2:00:00 AM,0,0,-72.1633,90,0,0,0,0,0,-1,0,0,0,0,0,0,0,0,0,0,0,7.068913,4.263253,0,0,0,7.293869,52.09896,0.02267878,0,0,0,4.263253
2/8/2007 3:00:00 AM,0,0,-76.10368,90,0,0,0.2522256,0.2522256,0,-1,0,0.2522256,0,0,0,0,0,0.2655007,0.2522256,0,0,7.068913,4.263253,0,0.2655007,-0.2655007,7.014006,50.09994,0.02267878,0.2774482,0,0,4.263253
2/8/2007 4:00:00 AM,0,0,-76.95139,90,0,0,0.02870574,0.02870574,0,-1,0,0.02870574,0,0,3.469447E-18,0,0,0.03021657,0.02870574,0,0,7.363914,3.997752,0,0.03021657,-0.03021657,6.982155,49.87244,0.02267878,0.03157632,0,0,3.997752
2/8/2007 5:00:00 AM,0,0,-76.43796,90,0,0,0.3166401,0.3166401,0,0,0,0.3166401,0,0,5.551115E-17,0,0,0.3333054,0.3166401,0,0,7.397488,3.967535,0,0.3333054,-0.3333054,6.63082,47.36291,0.02267878,0.3483041,0,0,3.967535
2/8/2007 6:00:00 AM,0.00005490708,0,-74.9883,90,0,0,0,0,0,0,0,0,0,0,0,0,0,0,0,0,0,7.767827,3.63423,0,0,0,6.63082,47.36291,0.02267878,0,0,0,3.63423
2/8/2007 7:00:00 AM,0.06640208,7.444208,-72.60044,79.95028,0.06965578,0.3126151,0.6785887,0.6785887,0,0,0,0.6785887,46.06842,0,0,0,0.3126151,0.714304,0.6785887,0,0,7.767827,3.63423,0,0.4016888,-0.4016888,6.207403,44.3385,0.02267878,0.7464476,0.2500921,0,3.946845
2/8/2007 8:00:00 AM,0.116502,21.44198,-68.97381,65.57803,0.116347,0.5221654,0.9782933,0.9782933,0,0,0,0.9782933,53.37513,0,2.220446E-16,0,0.5221654,1.029782,0.9782933,0,0,8.214148,3.232541,0,0.5076171,-0.5076171,5.672328,40.51654,0.02267878,1.076123,0.4177323,0,3.754706
2/8/2007 9:00:00 AM,0.08971885,35.01102,-63.37948,51.37406,0.08937269,0.4011046,0,0,0,-1,0,0,0,0,0,0,0.4011046,0,0,0,0,8.778167,2.724924,0.4011046,0,0.4011046,6.052849,43.23455,0.02264809,0,0.3208837,0,3.126029
2/8/2007 10:00:00 AM,0.1039161,47.72284,-54.21557,37.58234,0.1034852,0.4644416,1.57005,1.57005,0,0,0,1.57005,29.58132,0,0,0,0.4644416,1.652684,1.57005,0,0,8.377062,3.085918,0,1.188243,-1.188243,4.800331,34.28801,0.02264809,1.727055,0.3715533,0,3.55036
2/8/2007 11:00:00 AM,0.1661193,58.50993,-38.0624,24.94394,0.165469,0.7426248,0,0,0,0,0,0,0,0,0,0,0.7426248,0,0,0,0,9.697332,1.897675,0.7426248,0,0.7426248,5.504847,39.32026,0.0225915,0,0.5940998,0,2.6403
2/8/2007 12:00:00 PM,0.1569965,64.76128,-10.32305,16.42768,0.1563569,0.70173,0,0,0,0,0,0,0,0,0,0,0.70173,0,0,0,0,8.954707,2.566038,0.70173,0,0.70173,6.170566,44.07539,0.02253829,0,0.561384,0,3.267768
2/8/2007 1:00:00 PM,0.3111342,63.09954,22.67662,18.86683,0.3103007,1.39263,0.4828907,0.4828907,0,0,0,0.4828907,288.3944,0,0,0,1.39263,0.508306,0.4828907,0,0,8.252977,3.197595,0.8843237,0,0.8843237,7.00951,50.06783,0.02247158,0.5311798,1.114104,0,4.590224
2/8/2007 2:00:00 PM,0.2337877,54.62331,45.56283,29.67056,0.2330156,1.045774,0.1793789,0.1793789,0,-1,0,0.1793789,582.9971,0,0,0,1.045774,0.1888199,0.1793789,0,0,7.368654,3.993486,0.856954,0,0.856954,7.822487,55.8748,0.02240732,0.1973168,0.8366191,0,5.03926
2/8/2007 3:00:00 PM,0.1900487,42.87933,58.4037,42.92119,0.1894549,0.8502734,0.6038375,0.6038375,0,0,0,0.6038375,140.8116,0,0,0,0.8502734,0.6356185,0.6038375,0,0,6.5117,4.764744,0.2146549,0,0.2146549,8.026127,57.32936,0.02239128,0.6642213,0.6802187,0,5.615018
2/8/2007 4:00:00 PM,0.04564894,29.75331,65.88535,56.92087,0.04545475,0.2040009,0,0,0,0,0,0,0,0,0,0,0.2040009,0,0,0,0,6.297045,4.957934,0.2040009,0,0.2040009,8.219659,58.71173,0.02237606,0,0.1632007,0,5.161935
2/8/2007 5:00:00 PM,0.05811418,15.98265,70.57945,71.20929,0.05798889,0.2602541,0,0,0,0,0,0,0,0,0,0,0.2602541,0,0,0,0,6.093044,5.141535,0.2602541,0,0.2602541,8.466558,60.47529,0.02235667,0,0.2082033,0,5.401789
2/8/2007 6:00:00 PM,0.02940007,1.876807,73.66209,85.61366,0.03973837,0.1783458,0.7968102,0.7968102,0,0,0,0.7968102,22.38247,0,1.110223E-16,0,0.1783458,0.8387475,0.7968102,0,0,5.83279,5.375763,0,0.6604017,-0.6604017,7.770433,55.50298,0.02235667,0.8764911,0.1426766,0,5.554109
2/8/2007 7:00:00 PM,0,0,75.66271,90,0,0,1.714933,1.714933,0,-1,0,1.714933,0,0,2.220446E-16,0,0,1.805193,1.714933,0,0,6.566569,4.715362,0,1.805193,-1.805193,5.867593,41.91129,0.02235667,1.886427,0,0,4.715362
2/8/2007 8:00:00 PM,0,0,76.76175,90,0,0,0.8398667,0.8398667,0,-1,0,0.8398667,0,0,1.110223E-16,0,0,0.8840702,0.8398667,0,0,8.572339,2.910169,0,0.8840702,-0.8840702,4.935701,35.25494,0.02235667,0.9238534,0,0,2.910169
2/8/2007 9:00:00 PM,0,0,76.82846,90,0,0,0.8835951,0.8835951,0,-1,0,0.8835951,0,0,1.110223E-16,0,0,0.9301001,0.8835951,0,0,9.55464,2.026098,0,0.9301001,-0.9301001,3.955289,28.25201,0.02235667,0.9719546,0,0,2.026098
2/8/2007 10:00:00 PM,0,0,75.12126,90,0,0,0.01985535,0.01985535,0,-1,0,0.01985535,0,0,3.469447E-18,0,0,0.02090037,0.01985535,0,0,10.58808,1.095998,0,0.02090037,-0.02090037,3.933259,28.09465,0.02235667,0.02184089,0,0,1.095998
2/8/2007 11:00:00 PM,0,0,68.46458,90,0,0,0.1523404,0.1523404,0,-1,0,0.1523404,0,0,2.775558E-17,0,0,0.1603583,0.1523404,0,0,10.61131,1.075098,0,0.1603583,-0.1603583,3.764226,26.88728,0.02235667,0.1675744,0,0,1.075098
2/9/2007 12:00:00 AM,0,0,34.07139,90,0,0,0.2246642,0.2246642,0,-1,0,0.2246642,0,0,2.775558E-17,0,0,0.2364886,0.2246642,0,0,10.78948,0.9147398,0,0.2364886,-0.2364886,3.514945,25.1067,0.02235667,0.2471306,0,0,0.9147398
2/9/2007 1:00:00 AM,0,0,-56.4362,90,0,0,0.2393651,0.2393651,0,-1,0,0.2393651,0,0,0,0,0,0.2519633,0.2393651,0,0,11.05225,0.6782511,0,0.2519633,-0.2519633,3.249352,23.20961,0.02235667,0.2633016,0,0,0.6782511
2/9/2007 2:00:00 AM,0,0,-72.83131,90,0,0,0.01887568,0.01887568,0,-1,0,0.01887568,0,0,0,0,0,0.01986914,0.01887568,0,0,11.33221,0.4262879,0,0.01986914,-0.01986914,3.228409,23.06001,0.02235667,0.02076325,0,0,0.4262879
2/9/2007 3:00:00 AM,0,0,-76.56697,90,0,0,0.1860224,0.1860224,0,-1,0,0.1860224,0,0,2.775558E-17,0,0,0.1958131,0.1860224,0,0,11.35428,0.4064187,0,0.1958131,-0.1958131,3.022003,21.5857,0.02235667,0.2046247,0,0,0.4064187
2/9/2007 4:00:00 AM,0,0,-77.3207,90,0,0,0.1655031,0.1655031,0,-1,0,0.1655031,0,0,2.775558E-17,0,0,0.1742138,0.1655031,0,0,11.57185,0.2106056,0,0.1742138,-0.1742138,2.838366,20.274,0.02235667,0.1820534,0,0,0.2106056
2/9/2007 5:00:00 AM,0,0,-76.76074,90,0,0,0.199321,0.199321,3.704584,0,1.176351,0.199321,0,0,0,0,0,0,0,3.505263,3.33,11.76542,0.03639186,3.33,0,3.33,5.997481,42.83907,0.02456342,0.2192531,0,5,0.03639186
2/9/2007 6:00:00 AM,0.00005817082,0,-75.29085,90,0,0,0.4715403,0.4715403,3.976803,0,1.250667,0.4715403,0,0,0,0,0,0,0,3.505263,3.33,8.435425,3.033392,3.33,0,3.33,9.156597,65.40413,0.02699127,0.5186943,0,5,3.033392
2/9/2007 7:00:00 AM,0.1041635,7.4848,-72.90129,79.95558,0.1267439,0.5688267,1.349632,1.349632,4.637501,0,1.431038,1.349632,42.14679,0,0,0,0.5688267,0,0,3.287869,3.123475,5.105425,6.030392,3.692302,0,3.692302,12.65942,90.42426,0.02997784,1.484596,0.4550614,5,6.599218
2/9/2007 8:00:00 AM,0.2283401,21.50834,-69.28936,65.55985,0.236924,1.063315,0.3638884,0.3638884,0,0,0,0.3638884,292.209,0,0,0,1.063315,0.3830405,0.3638884,0,0,1.413123,9.353464,0.6802744,0,0.6802744,13.30479,95.034,0.02991234,0.4002773,0.8506519,0,10.41678
2/9/2007 9:00:00 AM,0.3209956,35.11135,-63.72625,51.32645,0.3257614,1.462017,0.4309841,0.4309841,0,-1,0,0.4309841,339.2276,0.2755012,0,0,1.462017,0.4536675,0.4309841,0,0,0.7328485,9.965711,0.7328485,0,0.7328485,14.00003,100,0.0298421,0.4740825,1.169614,0,11.42773
2/9/2007 10:00:00 AM,0.3649087,47.87169,-54.6051,37.49162,0.3667248,1.645861,0.3325568,0.3325568,0,0,0,0.3325568,494.9112,1.295801,0,0,1.645861,0.3500597,0.3325568,0,0,0,10.62527,0,0,0,14.00003,100,0.0298421,0.3658124,1.316689,0,12.27114
2/9/2007 11:00:00 AM,0.2991491,58.72912,-38.45871,24.77841,0.2983668,1.33907,0,0,0,0,0,0,0,1.33907,0,0,1.33907,0,0,0,0,0,10.62527,0,0,0,14.00003,100,0.0298421,0,1.071256,0,11.96434
2/9/2007 12:00:00 PM,0.4217138,65.05271,-10.50107,16.14538,0.4224972,1.896168,2.042692,2.042692,0,0,0,2.042692,92.8269,0,0,0,1.896168,2.150202,2.042692,0,0,0,10.62527,0,0.2540344,-0.2540344,13.73225,98.08732,0.0298421,2.246961,1.516934,0,12.52144
2/9/2007 1:00:00 PM,0.5372677,63.38319,22.90058,18.60739,0.5445861,2.444103,0.4730137,0.4730137,0,0,0,0.4730137,516.7086,1.663933,0,0,2.444103,0.4979091,0.4730137,0,0,0.2822605,10.37124,0.2822605,0,0.2822605,14.00003,100,0.02981514,0.520315,1.955282,0,12.81534
2/9/2007 2:00:00 PM,0.5871649,54.84192,45.92131,29.50483,0.6046634,2.713729,0.2881878,0.2881878,0,-1,0,0.2881878,941.653,2.410373,0,0,2.713729,0.3033556,0.2881878,0,0,0,10.62527,0,0,0,14.00003,100,0.02981514,0.3170066,2.170983,0,13.339
2/9/2007 3:00:00 PM,0.4476218,43.04222,58.74964,42.81133,0.4589973,2.05998,0,0,0,0,0,0,0,2.05998,0,0,2.05998,0,0,0,0,0,10.62527,0,0,0,14.00003,100,0.02981514,0,1.647984,0,12.68525
2/9/2007 4:00:00 PM,0.2024279,29.87683,66.20178,56.8462,0.2026638,0.909555,1.455817,1.455817,0,0,0,1.455817,62.4773,0,0,0,0.909555,1.532439,1.455817,0,0,0,10.62527,0,0.6228837,-0.6228837,13.34345,95.31017,0.02981514,1.601398,0.727644,0,11.53483
2/9/2007 5:00:00 PM,0.04913905,16.07725,70.87682,71.1606,0.0490067,0.2199421,0,0,0,0,0,0,0,0,0,0,0.2199421,0,0,0,0,0.692093,10.00239,0.2199421,0,0.2199421,13.55211,96.80057,0.02979416,0,0.1759537,0,10.22233
2/9/2007 6:00:00 PM,0.02218556,1.948401,73.95466,85.5871,0.02436314,0.1093418,0,0,0,0,0,0,0,0,0,0,0.1093418,0,0,0,0,0.4721509,10.20034,0.1093418,0,0.1093418,13.65584,97.5415,0.02978374,0,0.08747341,0,10.30968
2/9/2007 7:00:00 PM,0,0,75.96638,90,0,0,0,0,0,-1,0,0,0,0,0,0,0,0,0,0,0,0.3628091,10.29875,0,0,0,13.65584,97.5415,0.02978374,0,0,0,10.29875
2/9/2007 8:00:00 PM,0,0,77.09704,90,0,0,0.9219739,0.9219739,0,-1,0,0.9219739,0,0,1.110223E-16,0,0,0.9704988,0.9219739,0,0,0.3628091,10.29875,0,0.9704988,-0.9704988,12.63284,90.2344,0.02978374,1.014171,0,0,10.29875
2/9/2007 9:00:00 PM,0,0,77.22847,90,0,0,0.1764042,0.1764042,0,-1,0,0.1764042,0,0,0,0,0,0.1856887,0.1764042,0,0,1.441141,9.328247,0,0.1856887,-0.1856887,12.43711,88.83631,0.02978374,0.1940446,0,0,9.328247
2/9/2007 10:00:00 PM,0,0,75.65372,90,0,0,0.3526756,0.3526756,0,-1,0,0.3526756,0,0,5.551115E-17,0,0,0.3712374,0.3526756,0,0,1.647462,9.142558,0,0.3712374,-0.3712374,12.04579,86.04118,0.02978374,0.3879431,0,0,9.142558
2/9/2007 11:00:00 PM,0,0,69.31308,90,0,0,0.3277837,0.3277837,0,-1,0,0.3277837,0,0,5.551115E-17,0,0,0.3450355,0.3277837,0,0,2.059948,8.771321,0,0.3450355,-0.3450355,11.68209,83.44334,0.02978374,0.3605621,0,0,8.771321
2/10/2007 12:00:00 AM,0,0,35.49219,90,0,0,0.137333,0.137333,0,-1,0,0.137333,0,0,2.775558E-17,0,0,0.1445611,0.137333,0,0,2.443321,8.426286,0,0.1445611,-0.1445611,11.52971,82.3549,0.02978374,0.1510663,0,0,8.426286
2/10/2007 1:00:00 AM,0,0,-57.65576,90,0,0,0.1295083,0.1295083,0,-1,0,0.1295083,0,0,2.775558E-17,0,0,0.1363245,0.1295083,0,0,2.603944,8.281725,0,0.1363245,-0.1363245,11.38601,81.32849,0.02978374,0.1424591,0,0,8.281725
2/10/2007 2:00:00 AM,0,0,-73.51507,90,0,0,0.04648993,0.04648993,0,-1,0,0.04648993,0,0,6.938894E-18,0,0,0.04893677,0.04648993,0,0,2.755416,8.1454,0,0.04893677,-0.04893677,11.33443,80.96003,0.02978374,0.05113892,0,0,8.1454
2/10/2007 3:00:00 AM,0,0,-77.03859,90,0,0,0,0,0,-1,0,0,0,0,0,0,0,0,0,0,0,2.80979,8.096463,0,0,0,11.33443,80.96003,0.02978374,0,0,0,8.096463
2/10/2007 4:00:00 AM,0,0,-77.69582,90,0,0,0.3581531,0.3581531,0,-1,0,0.3581531,0,0,0,0,0,0.3770033,0.3581531,0,0,2.80979,8.096463,0,0.3770033,-0.3770033,10.93703,78.12149,0.02978374,0.3939685,0,0,8.096463
2/10/2007 5:00:00 AM,0,0,-77.08822,90,0,0,0,0,0,0,0,0,0,0,0,0,0,0,0,0,0,3.228683,7.71946,0,0,0,10.93703,78.12149,0.02978374,0,0,0,7.71946
2/10/2007 6:00:00 AM,0.0001037721,0,-75.59755,90,0,0,0.1357823,0.1357823,0,0,0,0.1357823,0,0,2.775558E-17,0,0,0.1429287,0.1357823,0,0,3.228683,7.71946,0,0.1429287,-0.1429287,10.78637,77.04535,0.02978374,0.1493605,0,0,7.71946
2/10/2007 7:00:00 AM,0.1125978,7.529118,-73.20612,79.95787,0.1402185,0.6293008,0,0,0,0,0,0,0,0,0,0,0.6293008,0,0,0,0,3.387492,7.576531,0.6293008,0,0.6293008,11.38338,81.30968,0.02972393,0,0.5034406,0,8.205832
2/10/2007 8:00:00 AM,0.344536,21.57834,-69.60901,65.53878,0.3813026,1.711286,0,0,0,0,0,0,0,0,0,0,1.711286,0,0,0,0,2.758191,8.142902,1.711286,0,1.711286,13.00685,92.90586,0.02956247,0,1.369029,0,9.854188
2/10/2007 9:00:00 AM,0.5895261,35.21531,-64.07757,51.27608,0.635795,2.853448,1.034933,1.034933,0,-1,0,1.034933,275.7132,0.717139,0,0,2.853448,1.089403,1.034933,0,0,1.046906,9.68306,1.046906,0,1.046906,14.00003,100,0.02946456,1.138427,2.282758,0,12.53651
2/10/2007 10:00:00 AM,0.7864213,48.0243,-55.00013,37.39828,0.8374253,3.758365,2.068218,2.068218,0,0,0,2.068218,181.72,1.581294,0,0,3.758365,2.177071,2.068218,0,0,0,10.62527,0,0,0,14.00003,100,0.02946456,2.275039,3.006692,0,14.38364
2/10/2007 11:00:00 AM,0.9229488,58.95258,-38.86118,24.61008,0.9767959,4.38386,0.6344944,0.6344944,0,0,0,0.6344944,690.9218,3.715971,0,0,4.38386,0.6678888,0.6344944,0,0,0,10.62527,0,0,0,14.00003,100,0.02946456,0.6979439,3.507088,0,15.00913
2/10/2007 12:00:00 PM,1.054246,65.34902,-10.67789,15.85847,1.113691,4.998245,0,0,0,0,0,0,0,4.998245,0,0,4.998245,0,0,0,0,0,10.62527,0,0,0,14.00003,100,0.02946456,0,3.998596,0,15.62352
2/10/2007 1:00:00 PM,1.055577,63.66947,23.13951,18.34717,1.115864,5.007999,0.1953345,0.1953345,0,0,0,0.1953345,2563.807,4.802384,0,0,5.007999,0.2056153,0.1953345,0,0,0,10.62527,0,0,0,14.00003,100,0.02946456,0.2148679,4.0064,0,15.63327
2/10/2007 2:00:00 PM,0.9195538,55.06027,46.29324,29.34153,0.9755191,4.378129,0,0,0,-1,0,0,0,4.378129,0,0,4.378129,0,0,0,0,0,10.62527,0,0,0,14.00003,100,0.02946456,0,3.502504,0,15.0034
2/10/2007 3:00:00 PM,0.7111812,43.20358,59.10497,42.70454,0.7600539,3.411122,0.04289351,0.04289351,0,0,0,0.04289351,7952.536,3.365971,0,0,3.411122,0.04515107,0.04289351,0,0,0,10.62527,0,0,0,14.00003,100,0.02946456,0.04718286,2.728898,0,14.0364
2/10/2007 4:00:00 PM,0.4015256,29.9983,66.52518,56.7747,0.4261457,1.912542,0.9010297,0.9010297,0,0,0,0.9010297,212.2618,0.9640898,0,0,1.912542,0.9484523,0.9010297,0,0,0,10.62527,0,0,0,14.00003,100,0.02946456,0.9911327,1.530034,0,12.53782
2/10/2007 5:00:00 PM,0.2524524,16.16959,71.17989,71.11507,0.2856143,1.281837,0.4837754,0.4837754,0,0,0,0.4837754,264.9652,0.7725995,0,0,1.281837,0.5092373,0.4837754,0,0,0,10.62527,0,0,0,14.00003,100,0.02946456,0.532153,1.025469,0,11.90711
2/10/2007 6:00:00 PM,0.03011975,2.017707,74.25231,85.56364,0.03933476,0.1765344,1.857343,1.857343,0,0,0,1.857343,9.504676,0,0,0,0.1765344,1.955098,1.857343,0,0,0,10.62527,0,1.778563,-1.778563,12.12526,86.60881,0.02946456,2.043077,0.1412275,0,10.80181
2/10/2007 7:00:00 PM,0,0,76.27493,90,0,0,0.4103115,0.4103115,0,-1,0,0.4103115,0,0,5.551115E-17,0,0,0.4319069,0.4103115,0,0,1.976181,8.846711,0,0.4319069,-0.4319069,11.66999,83.35689,0.02946456,0.4513427,0,0,8.846711
2/10/2007 8:00:00 PM,0,0,77.43743,90,0,0,0,0,0,-1,0,0,0,0,0,0,0,0,0,0,0,2.456078,8.414804,0,0,0,11.66999,83.35689,0.02946456,0,0,0,8.414804
2/10/2007 9:00:00 PM,0,0,77.63435,90,0,0,0.7233746,0.7233746,0,-1,0,0.7233746,0,0,1.110223E-16,0,0,0.761447,0.7233746,0,0,2.456078,8.414804,0,0.761447,-0.761447,10.86735,77.62379,0.02946456,0.7957121,0,0,8.414804
2/10/2007 10:00:00 PM,0,0,76.1941,90,0,0,0,0,0,-1,0,0,0,0,0,0,0,0,0,0,0,3.30213,7.653357,0,0,0,10.86735,77.62379,0.02946456,0,0,0,7.653357
2/10/2007 11:00:00 PM,0,0,70.17735,90,0,0,0.07940288,0.07940288,0,-1,0,0.07940288,0,0,1.387779E-17,0,0,0.08358198,0.07940288,0,0,3.30213,7.653357,0,0.08358198,-0.08358198,10.77925,76.99448,0.02946456,0.08734316,0,0,7.653357
2/11/2007 12:00:00 AM,0,0,37.00516,90,0,0,0.02161039,0.02161039,0,-1,0,0.02161039,0,0,3.469447E-18,0,0,0.02274778,0.02161039,0,0,3.394999,7.569775,0,0.02274778,-0.02274778,10.75527,76.82321,0.02946456,0.02377143,0,0,7.569775
2/11/2007 1:00:00 AM,0,0,-58.9364,90,0,0,0.2316158,0.2316158,0,-1,0,0.2316158,0,0,0,0,0,0.2438061,0.2316158,0,0,3.420274,7.547028,0,0.2438061,-0.2438061,10.49828,74.98754,0.02946456,0.2547774,0,0,7.547028
2/11/2007 2:00:00 AM,0,0,-74.21416,90,0,0,0.2406107,0.2406107,0,-1,0,0.2406107,0,0,2.775558E-17,0,0,0.2532744,0.2406107,0,0,3.69117,7.303221,0,0.2532744,-0.2532744,10.2313,73.08058,0.02946456,0.2646717,0,0,7.303221
2/11/2007 3:00:00 AM,0,0,-77.5183,90,0,0,0.03442999,0.03442999,0,-1,0,0.03442999,0,0,0,0,0,0.03624209,0.03442999,0,0,3.972586,7.049947,0,0.03624209,-0.03624209,10.1931,72.80771,0.02946456,0.03787299,0,0,7.049947
2/11/2007 4:00:00 AM,0,0,-78.07661,90,0,0,0.2342146,0.2342146,0,-1,0,0.2342146,0,0,0,0,0,0.2465417,0.2342146,0,0,4.012855,7.013705,0,0.2465417,-0.2465417,9.933222,70.95144,0.02946456,0.2576361,0,0,7.013705
2/11/2007 5:00:00 AM,0,0,-77.42026,90,0,0,0.2880463,0.2880463,0,0,0,0.2880463,0,0,5.551115E-17,0,0,0.3032067,0.2880463,0,0,4.28679,6.767163,0,0.3032067,-0.3032067,9.613614,68.66853,0.02946456,0.316851,0,0,6.767163
2/11/2007 6:00:00 AM,0.00007434525,0,-75.90831,90,0,0,0.1571959,0.1571959,0,0,0,0.1571959,0,0,2.775558E-17,0,0,0.1654694,0.1571959,0,0,4.623686,6.463956,0,0.1654694,-0.1654694,9.439194,67.42268,0.02946456,0.1729155,0,0,6.463956
2/11/2007 7:00:00 AM,0.06866673,7.577144,-73.51484,79.95716,0.0720166,0.3232105,0,0,0,0,0,0,0,0,0,0,0.3232105,0,0,0,0,4.807541,6.298487,0.3232105,0,0.3232105,9.745818,69.61285,0.02943447,0,0.2585684,0,6.621697
2/11/2007 8:00:00 AM,0.2634795,21.65195,-69.93269,65.51484,0.2786862,1.250744,0.8384452,0.8384452,0,0,0,0.8384452,149.1742,0,0,0,1.250744,0.8825739,0.8384452,0,0,4.484331,6.589376,0.3681698,0,0.3681698,10.09509,72.10767,0.02940026,0.9222897,1.000595,0,7.84012
2/11/2007 9:00:00 AM,0.6125348,35.32285,-64.43341,51.22301,0.6606425,2.964963,1.042544,1.042544,0,-1,0,1.042544,284.3969,0,0,0,2.964963,1.097415,1.042544,0,0,4.116161,6.920729,1.867548,0,1.867548,11.86681,84.76273,0.02922795,1.146799,2.371971,0,9.885693
2/11/2007 10:00:00 AM,0.8206168,48.18057,-55.40068,37.30241,0.8735309,3.920407,0.8993272,0.8993272,0,0,0,0.8993272,435.9266,0.7251339,0,0,3.920407,0.9466602,0.8993272,0,0,2.248613,8.601522,2.248613,0,2.248613,14.00003,100,0.02902315,0.9892599,3.136325,0,12.52193
2/11/2007 11:00:00 AM,0.9553993,59.1802,-39.26998,24.43911,1.010538,4.535292,0.04410497,0.04410497,0,0,0,0.04410497,10282.95,4.488866,0,0,4.535292,0.04642628,0.04410497,0,0,0,10.62527,0,0,0,14.00003,100,0.02902315,0.04851546,3.628234,0,15.16057
2/11/2007 12:00:00 PM,0.9908854,65.65013,-10.85349,15.56701,1.045305,4.691329,0.5691717,0.5691717,0,0,0,0.5691717,824.2379,4.092201,0,0,4.691329,0.5991281,0.5691717,0,0,0,10.62527,0,0,0,14.00003,100,0.02902315,0.6260889,3.753063,0,15.3166
2/11/2007 1:00:00 PM,0.955738,63.9582,23.39391,18.08644,1.008403,4.525713,0.2916734,0.2916734,0,0,0,0.2916734,1551.637,4.218688,0,0,4.525713,0.3070246,0.2916734,0,0,0,10.62527,0,0,0,14.00003,100,0.02902315,0.3208407,3.62057,0,15.15099
2/11/2007 2:00:00 PM,1.006486,55.27819,46.67874,29.18088,1.06735,4.790268,1.048879,1.048879,0,-1,0,1.048879,456.7038,3.686186,0,0,4.790268,1.104083,1.048879,0,0,0,10.62527,0,0,0,14.00003,100,0.02902315,1.153767,3.832215,0,15.41554
2/11/2007 3:00:00 PM,0.5987748,43.36324,59.46965,42.60096,0.6315169,2.834248,1.146869,1.146869,0,0,0,1.146869,247.1292,1.627018,0,0,2.834248,1.20723,1.146869,0,0,0,10.62527,0,0,0,14.00003,100,0.02902315,1.261556,2.267398,0,13.45952
2/11/2007 4:00:00 PM,0.4353004,30.11761,66.8555,56.70647,0.4660783,2.091759,0.8687863,0.8687863,0,0,0,0.8687863,240.768,1.177247,0,0,2.091759,0.9145119,0.8687863,0,0,0,10.62527,0,0,0,14.00003,100,0.02902315,0.955665,1.673407,0,12.71703
2/11/2007 5:00:00 PM,0.1148338,16.25963,71.48859,71.07275,0.1154177,0.5179948,0.0007391079,0.0007391079,0,0,0,0.0007391079,70083.79,0.5172168,0,0,0.5179948,0.0007780083,0.0007391079,0,0,0,10.62527,0,0,0,14.00003,100,0.02902315,0.0008130187,0.4143958,0,11.14327
2/11/2007 6:00:00 PM,0.02721221,2.084696,74.55497,85.5433,0.03224405,0.1447113,0,0,0,0,0,0,0,0.1447113,0,0,0.1447113,0,0,0,0,0,10.62527,0,0,0,14.00003,100,0.02902315,0,0.115769,0,10.76999
2/11/2007 7:00:00 PM,0,0,76.58829,90,0,0,0.1208342,0.1208342,0,-1,0,0.1208342,0,0,0,0,0,0.1271939,0.1208342,0,0,0,10.62527,0,0.1271939,-0.1271939,13.86595,99.04233,0.02902315,0.1329176,0,0,10.62527
2/11/2007 8:00:00 PM,0,0,77.78284,90,0,0,1.218436,1.218436,0,-1,0,1.218436,0,0,0,0,0,1.282564,1.218436,0,0,0.1413266,10.49808,0,1.282564,-1.282564,12.51401,89.38563,0.02902315,1.340279,0,0,10.49808
2/11/2007 9:00:00 PM,0,0,78.04601,90,0,0,0.7887107,0.7887107,0,-1,0,0.7887107,0,0,1.110223E-16,0,0,0.8302218,0.7887107,0,0,1.566398,9.215516,0,0.8302218,-0.8302218,11.63888,83.1347,0.02902315,0.8675818,0,0,9.215516
2/11/2007 10:00:00 PM,0,0,76.74232,90,0,0,0.09335566,0.09335566,0,-1,0,0.09335566,0,0,1.387779E-17,0,0,0.09826911,0.09335566,0,0,2.488867,8.385294,0,0.09826911,-0.09826911,11.5353,82.39481,0.02902315,0.1026912,0,0,8.385294
2/11/2007 11:00:00 PM,0,0,71.05746,90,0,0,0.2700158,0.2700158,0,-1,0,0.2700158,0,0,0,0,0,0.2842272,0.2700158,0,0,2.598054,8.287025,0,0.2842272,-0.2842272,11.2357,80.25481,0.02902315,0.2970174,0,0,8.287025
2/12/2007 12:00:00 AM,0,0,38.6202,90,0,0,0.1968246,0.1968246,0,-1,0,0.1968246,0,0,2.775558E-17,0,0,0.2071838,0.1968246,0,0,2.913862,8.002798,0,0.2071838,-0.2071838,11.0173,78.69488,0.02902315,0.2165071,0,0,8.002798
2/12/2007 1:00:00 AM,0,0,-60.27892,90,0,0,0.102556,0.102556,0,-1,0,0.102556,0,0,1.387779E-17,0,0,0.1079537,0.102556,0,0,3.144067,7.795614,0,0.1079537,-0.1079537,10.90351,77.88206,0.02902315,0.1128116,0,0,7.795614
2/12/2007 2:00:00 AM,0,0,-74.92819,90,0,0,0.2696719,0.2696719,0,-1,0,0.2696719,0,0,0,0,0,0.2838652,0.2696719,0,0,3.264015,7.687661,0,0.2838652,-0.2838652,10.60429,75.74478,0.02902315,0.2966391,0,0,7.687661
2/12/2007 3:00:00 AM,0,0,-78.00585,90,0,0,0.3243597,0.3243597,0,-1,0,0.3243597,0,0,0,0,0,0.3414313,0.3243597,0,0,3.579421,7.403795,0,0.3414313,-0.3414313,10.24439,73.17407,0.02902315,0.3567957,0,0,7.403795
2/12/2007 4:00:00 AM,0,0,-78.46288,90,0,0,0.2177535,0.2177535,0,-1,0,0.2177535,0,0,2.775558E-17,0,0,0.2292142,0.2177535,0,0,3.958789,7.062364,0,0.2292142,-0.2292142,10.00278,71.44827,0.02902315,0.2395288,0,0,7.062364
2/12/2007 5:00:00 AM,0,0,-77.75674,90,0,0,0.3784546,0.3784546,0,0,0,0.3784546,0,0,5.551115E-17,0,0,0.3983733,0.3784546,0,0,4.213471,6.83315,0,0.3983733,-0.3983733,9.582855,68.44883,0.02902315,0.4163001,0,0,6.83315
2/12/2007 6:00:00 AM,0.00007614963,0,-76.22303,90,0,0,0,0,0,0,0,0,0,0,0,0,0,0,0,0,0,4.656108,6.434777,0,0,0,9.582855,68.44883,0.02902315,0,0,0,6.434777
2/12/2007 7:00:00 AM,0.0455809,7.62886,-73.82738,79.95345,0.04581667,0.2056252,0.8779635,0.8779635,0,0,0,0.8779635,23.4207,0,0,0,0.2056252,0.9241722,0.8779635,0,0,4.656108,6.434777,0,0.7185469,-0.7185469,8.82544,63.03873,0.02902315,0.9657599,0.1645002,0,6.640402
2/12/2007 8:00:00 AM,0.2162909,21.72914,-70.26033,65.48806,0.2221767,0.9971289,0,0,0,0,0,0,0,0,0,0,0.9971289,0,0,0,0,5.454494,5.716229,0.9971289,0,0.9971289,9.7714,69.79558,0.02893325,0,0.7977031,0,6.713358
2/12/2007 9:00:00 AM,0.3573093,35.43389,-64.79374,51.16729,0.365148,1.638784,0,0,0,-1,0,0,0,0,0,0,1.638784,0,0,0,0,4.457365,6.613646,1.638784,0,1.638784,11.32609,80.90047,0.02878669,0,1.311028,0,8.25243
2/12/2007 10:00:00 AM,0.5939444,48.34042,-55.80677,37.20411,0.6183068,2.774961,0.3491158,0.3491158,0,0,0,0.3491158,794.8539,0,0,0,2.774961,0.3674903,0.3491158,0,0,2.818581,8.088552,2.40747,0,2.40747,13.61001,97.2142,0.02857408,0.3840274,2.219969,0,10.86351
2/12/2007 11:00:00 AM,0.8087398,59.41188,-39.6853,24.26564,0.8495196,3.812644,0.1193208,0.1193208,0,0,0,0.1193208,3195.289,3.275933,0,0,3.812644,0.1256008,0.1193208,0,0,0.4111101,10.25527,0.4111101,0,0.4111101,14.00003,100,0.02853808,0.1312529,3.050115,0,14.06792
2/12/2007 12:00:00 PM,0.8875219,65.95596,-11.02789,15.27111,0.9320218,4.182914,0.791842,0.791842,0,0,0,0.791842,528.2511,3.349396,0,0,4.182914,0.8335179,0.791842,0,0,0,10.62527,0,0,0,14.00003,100,0.02853808,0.8710262,3.346331,0,14.80819
2/12/2007 1:00:00 PM,0.9228157,64.24924,23.66425,17.82548,0.9717687,4.361298,0,0,0,0,0,0,0,4.361298,0,0,4.361298,0,0,0,0,0,10.62527,0,0,0,14.00003,100,0.02853808,0,3.489038,0,14.98657
2/12/2007 2:00:00 PM,0.7349234,55.49552,47.07793,29.0231,0.7703906,3.457513,1.62781,1.62781,0,-1,0,1.62781,212.4027,1.744029,0,0,3.457513,1.713484,1.62781,0,0,0,10.62527,0,0,0,14.00003,100,0.02853808,1.790591,2.76601,0,14.08279
2/12/2007 3:00:00 PM,0.4338726,43.5211,59.84362,42.5007,0.4427364,1.987001,0.4013448,0.4013448,0,0,0,0.4013448,495.0857,1.564533,0,0,1.987001,0.4224682,0.4013448,0,0,0,10.62527,0,0,0,14.00003,100,0.02853808,0.4414793,1.589601,0,12.61228
2/12/2007 4:00:00 PM,0.2994247,30.23468,67.19263,56.64157,0.3058935,1.37285,0.8158509,0.8158509,0,0,0,0.8158509,168.2721,0.5140594,0,0,1.37285,0.8587904,0.8158509,0,0,0,10.62527,0,0,0,14.00003,100,0.02853808,0.897436,1.09828,0,11.99812
2/12/2007 5:00:00 PM,0.1208176,16.3473,71.80281,71.03369,0.1216544,0.5459847,1.687075,1.687075,0,0,0,1.687075,32.36281,0,0,0,0.5459847,1.775868,1.687075,0,0,0,10.62527,0,1.229883,-1.229883,12.70362,90.73994,0.02853808,1.855782,0.4367878,0,11.17126
2/12/2007 6:00:00 PM,0.03722164,2.149338,74.86253,85.52609,0.05592259,0.2509806,0,0,0,0,0,0,0,0,0,0,0.2509806,0,0,0,0,1.366537,9.395391,0.2509806,0,0.2509806,12.94172,92.44066,0.02851615,0,0.2007845,0,9.646372
2/12/2007 7:00:00 PM,0,0,76.90639,90,0,0,0,0,0,-1,0,0,0,0,0,0,0,0,0,0,0,1.115556,9.621273,0,0,0,12.94172,92.44066,0.02851615,0,0,0,9.621273
2/12/2007 8:00:00 PM,0,0,78.13319,90,0,0,1.036081,1.036081,0,-1,0,1.036081,0,0,0,0,0,1.090611,1.036081,0,0,1.115556,9.621273,0,1.090611,-1.090611,11.79211,84.22921,0.02851615,1.139689,0,0,9.621273
2/12/2007 9:00:00 PM,0,0,78.46339,90,0,0,1.97807,1.97807,0,-1,0,1.97807,0,0,2.220446E-16,0,0,2.082179,1.97807,0,0,2.327347,8.530663,0,2.082179,-2.082179,9.597304,68.55204,0.02851615,2.175877,0,0,8.530663
2/12/2007 10:00:00 PM,0,0,77.29832,90,0,0,0.4299363,0.4299363,0,-1,0,0.4299363,0,0,5.551115E-17,0,0,0.4525645,0.4299363,0,0,4.640878,6.448484,0,0.4525645,-0.4525645,9.120259,65.14458,0.02851615,0.4729299,0,0,6.448484
2/12/2007 11:00:00 PM,0,0,71.95347,90,0,0,0.2276009,0.2276009,0,-1,0,0.2276009,0,0,2.775558E-17,0,0,0.2395798,0.2276009,0,0,5.143728,5.995919,0,0.2395798,-0.2395798,8.867721,63.34073,0.02851615,0.2503609,0,0,5.995919
2/13/2007 12:00:00 AM,0,0,40.34837,90,0,0,0.1223553,0.1223553,0,-1,0,0.1223553,0,0,1.387779E-17,0,0,0.1287951,0.1223553,0,0,5.409927,5.75634,0,0.1287951,-0.1287951,8.731958,62.37101,0.02851615,0.1345908,0,0,5.75634
2/13/2007 1:00:00 AM,0,0,-61.68381,90,0,0,0,0,0,-1,0,0,0,0,0,0,0,0,0,0,0,5.553033,5.627544,0,0,0,8.731958,62.37101,0.02851615,0,0,0,5.627544
2/13/2007 2:00:00 AM,0,0,-75.65668,90,0,0,0.1040721,0.1040721,0,-1,0,0.1040721,0,0,1.387779E-17,0,0,0.1095496,0.1040721,0,0,5.553033,5.627544,0,0.1095496,-0.1095496,8.616483,61.54618,0.02851615,0.1144793,0,0,5.627544
2/13/2007 3:00:00 AM,0,0,-78.50099,90,0,0,0.08575873,0.08575873,0,-1,0,0.08575873,0,0,0,0,0,0.09027234,0.08575873,0,0,5.674755,5.517995,0,0.09027234,-0.09027234,8.521327,60.8665,0.02851615,0.0943346,0,0,5.517995
2/13/2007 4:00:00 AM,0,0,-78.85446,90,0,0,0.2035568,0.2035568,0,-1,0,0.2035568,0,0,2.775558E-17,0,0,0.2142703,0.2035568,0,0,5.775057,5.427722,0,0.2142703,-0.2142703,8.295466,59.25322,0.02851615,0.2239125,0,0,5.427722
2/13/2007 5:00:00 AM,0,0,-78.09753,90,0,0,0.1022875,0.1022875,0,0,0,0.1022875,0,0,0,0,0,0.1076711,0.1022875,0,0,6.013135,5.213452,0,0.1076711,-0.1076711,8.181972,58.44254,0.02851615,0.1125163,0,0,5.213452
2/13/2007 6:00:00 AM,0.00008731717,0,-76.5416,90,0,0,0.005059007,0.005059007,0,0,0,0.005059007,0,0,8.673617E-19,0,0,0.00532527,0.005059007,0,0,6.13277,5.105781,0,0.00532527,-0.00532527,8.176358,58.40244,0.02851615,0.005564907,0,0,5.105781
2/13/2007 7:00:00 AM,0.08865976,7.684241,-74.14365,79.94675,0.0989757,0.4442029,1.393455,1.393455,0,0,0,1.393455,31.87781,0,2.220446E-16,0,0.4442029,1.466795,1.393455,0,0,6.138687,5.100456,0,1.022592,-1.022592,7.098452,50.70312,0.02851615,1.5328,0.3553623,0,5.544659
2/13/2007 8:00:00 AM,0.1287222,21.80985,-70.59188,65.45848,0.1286091,0.5771977,0.2974773,0.2974773,0,0,0,0.2974773,194.0308,0,0,0,0.5771977,0.313134,0.2974773,0,0,7.2749,4.077864,0.2640637,0,0.2640637,7.348965,52.4925,0.02849312,0.327225,0.4617582,0,4.655062
2/13/2007 9:00:00 AM,0.3363257,35.54836,-65.15853,51.109,0.3417675,1.533853,0.4561407,0.4561407,0,-1,0,0.4561407,336.2675,0,0,0,1.533853,0.4801481,0.4561407,0,0,7.010837,4.315521,1.053705,0,1.053705,8.348597,59.63271,0.02840156,0.5017548,1.227082,0,5.849374
2/13/2007 10:00:00 AM,0.4173686,48.50376,-56.21845,37.10349,0.4216471,1.892352,0.7894827,0.7894827,0,0,0,0.7894827,239.6952,0,0,0,1.892352,0.8310344,0.7894827,0,0,5.957132,5.263855,1.061318,0,1.061318,9.355451,66.82452,0.02830994,0.868431,1.513882,0,7.156208
2/13/2007 11:00:00 AM,0.5455763,59.64752,-40.1073,24.08985,0.5545874,2.488988,0,0,0,0,0,0,0,0,0,0,2.488988,0,0,0,0,4.895814,6.219041,2.488988,0,2.488988,11.71671,83.69064,0.02809737,0,1.99119,0,8.70803
2/13/2007 12:00:00 PM,0.611067,66.26645,-11.20109,14.97086,0.6230194,2.796111,0.7468568,0.7468568,0,0,0,0.7468568,374.3838,0,0,0,2.796111,0.7861651,0.7468568,0,0,2.406826,8.45913,2.009946,0,2.009946,13.62351,97.31062,0.02792802,0.8215424,2.236889,0,11.25524
2/13/2007 1:00:00 PM,0.6216868,64.54243,23.95106,17.56458,0.6355038,2.852141,0.3778931,0.3778931,0,0,0,0.3778931,754.7481,2.057478,0,0,2.852141,0.3977822,0.3778931,0,0,0.3968802,10.26808,0.3968802,0,0.3968802,14.00003,100,0.02789482,0.4156824,2.281713,0,13.12022
2/13/2007 2:00:00 PM,0.5538771,55.71205,47.49093,28.86841,0.5659182,2.539841,0,0,0,-1,0,0,0,2.539841,0,0,2.539841,0,0,0,0,0,10.62527,0,0,0,14.00003,100,0.02789482,0,2.031873,0,13.16512
2/13/2007 3:00:00 PM,0.4888447,43.677,60.22683,42.40392,0.503894,2.261476,0.1686886,0.1686886,0,0,0,0.1686886,1340.621,2.083909,0,0,2.261476,0.177567,0.1686886,0,0,0,10.62527,0,0,0,14.00003,100,0.02789482,0.1855575,1.809181,0,12.88675
2/13/2007 4:00:00 PM,0.2134706,30.34943,67.53648,56.58009,0.2138417,0.9597214,0.8838533,0.8838533,0,0,0,0.8838533,108.5838,0.02934959,0,0,0.9597214,0.9303719,0.8838533,0,0,0,10.62527,0,0,0,14.00003,100,0.02789482,0.9722386,0.7677772,0,11.585
2/13/2007 5:00:00 PM,0.08166394,16.43256,72.12248,70.99791,0.08155169,0.366004,0,0,0,0,0,0,0,0.366004,0,0,0.366004,0,0,0,0,0,10.62527,0,0,0,14.00003,100,0.02789482,0,0.2928032,0,10.99128
2/13/2007 6:00:00 PM,0.03569356,2.211607,75.17492,85.51203,0.05011444,0.2249136,2.739865,2.739865,0,0,0,2.739865,8.20893,0,4.440892E-16,0,0.2249136,2.884068,2.739865,0,0,0,10.62527,0,2.659155,-2.659155,11.19703,79.97865,0.02789482,3.013852,0.1799309,0,10.85019
2/13/2007 7:00:00 PM,0,0,77.22911,90,0,0,1.722489,1.722489,0,-1,0,1.722489,0,0,2.220446E-16,0,0,1.813146,1.722489,0,0,2.954617,7.966119,0,1.813146,-1.813146,9.285809,66.32707,0.02789482,1.894738,0,0,7.966119
2/13/2007 8:00:00 PM,0,0,78.48839,90,0,0,0.44531,0.44531,0,-1,0,0.44531,0,0,5.551115E-17,0,0,0.4687474,0.44531,0,0,4.969223,6.152973,0,0.4687474,-0.4687474,8.791705,62.79777,0.02789482,0.489841,0,0,6.152973
2/13/2007 9:00:00 PM,0,0,78.88639,90,0,0,0,0,0,-1,0,0,0,0,0,0,0,0,0,0,0,5.490054,5.684226,0,0,0,8.791705,62.79777,0.02789482,0,0,0,5.684226
2/13/2007 10:00:00 PM,0,0,77.86202,90,0,0,0,0,0,-1,0,0,0,0,0,0,0,0,0,0,0,5.490054,5.684226,0,0,0,8.791705,62.79777,0.02789482,0,0,0,5.684226
2/13/2007 11:00:00 PM,0,0,72.8654,90,0,0,0,0,0,-1,0,0,0,0,0,0,0,0,0,0,0,5.490054,5.684226,0,0,0,8.791705,62.79777,0.02789482,0,0,0,5.684226
2/14/2007 12:00:00 AM,0,0,42.20191,90,0,0,0.1934379,0.1934379,0,-1,0,0.1934379,0,0,0,0,0,0.2036188,0.1934379,0,0,5.490054,5.684226,0,0.2036188,-0.2036188,8.577072,61.26468,0.02789482,0.2127817,0,0,5.684226
2/14/2007 1:00:00 AM,0,0,-63.15116,90,0,0,0.1425167,0.1425167,0,-1,0,0.1425167,0,0,2.775558E-17,0,0,0.1500176,0.1425167,0,0,5.716297,5.480607,0,0.1500176,-0.1500176,8.41894,60.13517,0.02789482,0.1567684,0,0,5.480607
2/14/2007 2:00:00 AM,0,0,-76.39915,90,0,0,0.2828838,0.2828838,0,-1,0,0.2828838,0,0,0,0,0,0.2977724,0.2828838,0,0,5.882984,5.330589,0,0.2977724,-0.2977724,8.105061,57.89317,0.02789482,0.3111722,0,0,5.330589
2/14/2007 3:00:00 AM,0,0,-79.00346,90,0,0,0.2402158,0.2402158,0,-1,0,0.2402158,0,0,2.775558E-17,0,0,0.2528587,0.2402158,0,0,6.213842,5.032816,0,0.2528587,-0.2528587,7.838524,55.98934,0.02789482,0.2642373,0,0,5.032816
2/14/2007 4:00:00 AM,0,0,-79.2512,90,0,0,0.4293019,0.4293019,0,-1,0,0.4293019,0,0,5.551115E-17,0,0,0.4518967,0.4293019,0,0,6.494796,4.779958,0,0.4518967,-0.4518967,7.362183,52.58691,0.02789482,0.4722321,0,0,4.779958
2/14/2007 5:00:00 AM,0,0,-78.44252,90,0,0,0.1895055,0.1895055,0,0,0,0.1895055,0,0,2.775558E-17,0,0,0.1994795,0.1895055,0,0,6.996903,4.328061,0,0.1994795,-0.1994795,7.151913,51.08499,0.02789482,0.2084561,0,0,4.328061
2/14/2007 6:00:00 AM,0.0001616797,0,-76.86394,90,0,0,0.2207369,0.2207369,0,0,0,0.2207369,0,0,2.775558E-17,0,0,0.2323546,0.2207369,0,0,7.218547,4.128582,0,0.2323546,-0.2323546,6.90699,49.33554,0.02789482,0.2428106,0,0,4.128582
2/14/2007 7:00:00 AM,0.09966396,7.743261,-74.46358,79.9371,0.1153029,0.5174796,0.9183509,0.9183509,0,0,0,0.9183509,56.34879,0,0,0,0.5174796,0.9666851,0.9183509,0,0,7.476719,3.896227,0,0.4492055,-0.4492055,6.433486,45.95338,0.02789482,1.010186,0.4139837,0,4.413707
2/14/2007 8:00:00 AM,0.2774237,21.89404,-70.92728,65.42615,0.2943174,1.320896,0.9910473,0.9910473,0,0,0,0.9910473,133.2829,0,0,0,1.320896,1.043208,0.9910473,0,0,7.975836,3.447021,0.2776887,0,0.2776887,6.696924,47.83508,0.02787164,1.090152,1.056717,0,4.767918
2/14/2007 9:00:00 AM,0.5766178,35.6662,-65.52773,51.04821,0.6173423,2.770632,0.8669804,0.8669804,0,-1,0,0.8669804,319.5727,0,0,0,2.770632,0.9126109,0.8669804,0,0,7.698148,3.696941,1.858021,0,1.858021,8.459598,60.42558,0.02771753,0.9536784,2.216506,0,6.467574
2/14/2007 10:00:00 AM,0.7166638,48.67048,-56.63575,37.00067,0.7563497,3.394497,1.175447,1.175447,0,0,0,1.175447,288.7837,0,0,0,3.394497,1.237312,1.175447,0,0,5.840126,5.369161,2.157185,0,2.157185,10.50608,75.0433,0.02754072,1.292991,2.715598,0,8.763658
2/14/2007 11:00:00 AM,0.980491,59.887,-40.5362,23.91188,1.03414,4.641218,0.4552291,0.4552291,0,0,0,0.4552291,1019.535,0.4790887,0,0,4.641218,0.4791886,0.4552291,0,0,3.682941,7.310627,3.682941,0,3.682941,14.00003,100,0.02724402,0.500752,3.712975,0,11.95185
2/14/2007 12:00:00 PM,1.077367,66.5815,-11.37312,14.66636,1.133986,5.089328,1.127648,1.127648,0,0,0,1.127648,451.3225,3.902331,0,0,5.089328,1.186998,1.127648,0,0,0,10.62527,0,0,0,14.00003,100,0.02724402,1.240412,4.071463,0,15.7146
2/14/2007 1:00:00 PM,1.016835,64.83759,24.25488,17.30405,1.070524,4.804509,1.25517,1.25517,0,0,0,1.25517,382.7777,3.483278,0,0,4.804509,1.321231,1.25517,0,0,0,10.62527,0,0,0,14.00003,100,0.02724402,1.380687,3.843607,0,15.42978
2/14/2007 2:00:00 PM,0.9602928,55.92762,47.91784,28.71702,1.014779,4.554327,0.605032,0.605032,0,-1,0,0.605032,752.7415,3.917451,0,0,4.554327,0.6368758,0.605032,0,0,0,10.62527,0,0,0,14.00003,100,0.02724402,0.6655352,3.643462,0,15.1796
2/14/2007 3:00:00 PM,0.7405637,43.83082,60.61921,42.31072,0.7882925,3.537857,0,0,0,0,0,0,0,3.537857,0,0,3.537857,0,0,0,0,0,10.62527,0,0,0,14.00003,100,0.02724402,0,2.830285,0,14.16313
2/14/2007 4:00:00 PM,0.4454575,30.46176,67.88697,56.5221,0.4757196,2.13503,0,0,0,0,0,0,0,2.13503,0,0,2.13503,0,0,0,0,0,10.62527,0,0,0,14.00003,100,0.02724402,0,1.708024,0,12.7603
2/14/2007 5:00:00 PM,0.1563212,16.51535,72.44749,70.96546,0.1604181,0.7199565,0,0,0,0,0,0,0,0.7199565,0,0,0.7199565,0,0,0,0,0,10.62527,0,0,0,14.00003,100,0.02724402,0,0.5759652,0,11.34523
2/14/2007 6:00:00 PM,0.01949008,2.271484,75.49203,85.50113,0.02009361,0.09018012,1.246761,1.246761,0,0,0,1.246761,7.23315,0,2.220446E-16,0,0.09018012,1.31238,1.246761,0,0,0,10.62527,0,1.2222,-1.2222,12.71172,90.79779,0.02724402,1.371437,0.0721441,0,10.71545
2/14/2007 7:00:00 PM,0,0,77.55638,90,0,0,1.026042,1.026042,0,-1,0,1.026042,0,0,2.220446E-16,0,0,1.080045,1.026042,0,0,1.358,9.403074,0,1.080045,-1.080045,11.57325,82.6659,0.02724402,1.128647,0,0,9.403074
2/14/2007 8:00:00 PM,0,0,78.84835,90,0,0,1.150441,1.150441,0,-1,0,1.150441,0,0,2.220446E-16,0,0,1.210991,1.150441,0,0,2.55805,8.32303,0,1.210991,-1.210991,10.29675,73.54809,0.02724402,1.265485,0,0,8.32303
2/14/2007 9:00:00 PM,0,0,79.31493,90,0,0,0.9151592,0.9151592,0,-1,0,0.9151592,0,0,1.110223E-16,0,0,0.9633254,0.9151592,0,0,3.903595,7.112039,0,0.9633254,-0.9633254,9.281319,66.295,0.02724402,1.006675,0,0,7.112039
2/14/2007 10:00:00 PM,0,0,78.43336,90,0,0,0.186633,0.186633,0,-1,0,0.186633,0,0,0,0,0,0.1964558,0.186633,0,0,4.973957,6.148714,0,0.1964558,-0.1964558,9.074236,64.81584,0.02724402,0.2052963,0,0,6.148714
2/14/2007 11:00:00 PM,0,0,73.79327,90,0,0,0,0,0,-1,0,0,0,0,0,0,0,0,0,0,0,5.192241,5.952258,0,0,0,9.074236,64.81584,0.02724402,0,0,0,5.952258
2/15/2007 12:00:00 AM,0,0,44.19438,90,0,0,0.2762066,0.2762066,0,-1,0,0.2762066,0,0,5.551115E-17,0,0,0.2907438,0.2762066,0,0,5.192241,5.952258,0,0.2907438,-0.2907438,8.767765,62.62677,0.02724402,0.3038272,0,0,5.952258
2/15/2007 1:00:00 AM,0,0,-64.68063,90,0,0,0.2330012,0.2330012,0,-1,0,0.2330012,0,0,2.775558E-17,0,0,0.2452644,0.2330012,0,0,5.515289,5.661514,0,0.2452644,-0.2452644,8.509233,60.78012,0.02724402,0.2563013,0,0,5.661514
2/15/2007 2:00:00 AM,0,0,-77.15504,90,0,0,0.1240002,0.1240002,0,-1,0,0.1240002,0,0,1.387779E-17,0,0,0.1305265,0.1240002,0,0,5.787805,5.416249,0,0.1305265,-0.1305265,8.371647,59.79736,0.02724402,0.1364002,0,0,5.416249
2/15/2007 3:00:00 AM,0,0,-79.51297,90,0,0,0.08797871,0.08797871,0,-1,0,0.08797871,0,0,1.387779E-17,0,0,0.09260917,0.08797871,0,0,5.932835,5.285723,0,0.09260917,-0.09260917,8.274028,59.10008,0.02724402,0.09677658,0,0,5.285723
2/15/2007 4:00:00 AM,0,0,-79.65289,90,0,0,0.1969774,0.1969774,0,-1,0,0.1969774,0,0,2.775558E-17,0,0,0.2073447,0.1969774,0,0,6.035734,5.193114,0,0.2073447,-0.2073447,8.055468,57.53894,0.02724402,0.2166752,0,0,5.193114
2/15/2007 5:00:00 AM,0,0,-78.79156,90,0,0,0.5974165,0.5974165,0,0,0,0.5974165,0,0,1.110223E-16,0,0,0.6288594,0.5974165,0,0,6.266117,4.985769,0,0.6288594,-0.6288594,7.392591,52.80412,0.02724402,0.6571581,0,0,4.985769
2/15/2007 6:00:00 AM,0.0002859533,0,-77.18993,90,0,0,0.2062842,0.2062842,0,0,0,0.2062842,0,0,2.775558E-17,0,0,0.2171412,0.2062842,0,0,6.964849,4.35691,0,0.2171412,-0.2171412,7.163705,51.16922,0.02724402,0.2269126,0,0,4.35691
2/15/2007 7:00:00 AM,0.1480755,7.805889,-74.78706,79.92449,0.1884125,0.8455951,0.0627588,0.0627588,0,0,0,0.0627588,1347.373,0,0,0,0.8455951,0.0660619,0.0627588,0,0,7.206118,4.139769,0.7795332,0,0.7795332,7.903235,56.45156,0.02718204,0.06903468,0.6764761,0,4.985363
2/15/2007 8:00:00 AM,0.3728271,21.98165,-71.26644,65.3911,0.4108486,1.843888,0.0982423,0.0982423,0,0,0,0.0982423,1876.878,0,0,0,1.843888,0.1034129,0.0982423,0,0,6.426584,4.841348,1.740475,0,1.740475,9.554395,68.24554,0.02704466,0.1080665,1.475111,0,6.685237
2/15/2007 9:00:00 AM,0.6334869,35.78732,-65.90133,50.98499,0.6796649,3.050336,0,0,0,-1,0,0,0,0,0,0,3.050336,0,0,0,0,4.686109,6.407776,3.050336,0,3.050336,12.4482,88.91552,0.02680722,0,2.440269,0,9.458113
2/15/2007 10:00:00 AM,0.7856286,48.84048,-57.0587,36.89575,0.831638,3.732391,0,0,0,0,0,0,0,2.096618,0,0,3.732391,0,0,0,0,1.635773,9.153079,1.635773,0,1.635773,14.00003,100,0.0266816,0,2.985913,0,12.88547
2/15/2007 11:00:00 AM,0.8122204,60.13022,-40.9722,23.73193,0.8507783,3.818293,0.8688429,0.8688429,0,0,0,0.8688429,439.4687,2.903721,0,0,3.818293,0.9145715,0.8688429,0,0,0,10.62527,0,0,0,14.00003,100,0.0266816,0.9557272,3.054634,0,14.44357
2/15/2007 12:00:00 PM,1.007483,66.90103,-11.54398,14.35771,1.058954,4.752586,1.409726,1.409726,0,0,0,1.409726,337.1283,3.268664,0,0,4.752586,1.483922,1.409726,0,0,0,10.62527,0,0,0,14.00003,100,0.0266816,1.550699,3.802069,0,15.37786
2/15/2007 1:00:00 PM,1.043459,65.13455,24.57625,17.04421,1.097661,4.926303,1.137916,1.137916,0,0,0,1.137916,432.9234,3.728497,0,0,4.926303,1.197806,1.137916,0,0,0,10.62527,0,0,0,14.00003,100,0.0266816,1.251707,3.941042,0,15.55158
2/15/2007 2:00:00 PM,0.9020335,56.14202,48.35876,28.56917,0.9517526,4.271466,2.75792,2.75792,0,-1,0,2.75792,154.88,1.368392,0,0,4.271466,2.903073,2.75792,0,0,0,10.62527,0,0,0,14.00003,100,0.0266816,3.033712,3.417172,0,14.89674
2/15/2007 3:00:00 PM,0.7487543,43.98243,61.02069,42.22123,0.7961504,3.573123,0,0,0,0,0,0,0,3.573123,0,0,3.573123,0,0,0,0,0,10.62527,0,0,0,14.00003,100,0.0266816,0,2.858499,0,14.1984
2/15/2007 4:00:00 PM,0.4826699,30.57159,68.24397,56.46767,0.518597,2.327463,0.4538904,0.4538904,0,0,0,0.4538904,512.7809,1.849684,0,0,2.327463,0.4777794,0.4538904,0,0,0,10.62527,0,0,0,14.00003,100,0.0266816,0.4992795,1.861971,0,12.95274
2/15/2007 5:00:00 PM,0.2650704,16.59562,72.77774,70.93637,0.2969995,1.332934,0,0,0,0,0,0,0,1.332934,0,0,1.332934,0,0,0,0,0,10.62527,0,0,0,14.00003,100,0.0266816,0,1.066347,0,11.95821
2/15/2007 6:00:00 PM,0.03398034,2.328948,75.81377,85.49339,0.04370831,0.1961629,0.3594389,0.3594389,0,0,0,0.3594389,54.57475,0,5.551115E-17,0,0.1961629,0.3783567,0.3594389,0,0,0,10.62527,0,0.1821938,-0.1821938,13.80798,98.62822,0.0266816,0.3953828,0.1569303,0,10.82144
2/15/2007 7:00:00 PM,0,0,77.88811,90,0,0,1.440739,1.440739,0,-1,0,1.440739,0,0,2.220446E-16,0,0,1.516568,1.440739,0,0,0.2024376,10.44308,0,1.516568,-1.516568,12.20938,87.20966,0.0266816,1.584813,0,0,10.44308
2/15/2007 8:00:00 PM,0,0,79.21298,90,0,0,0.5384209,0.5384209,0,-1,0,0.5384209,0,0,1.110223E-16,0,0,0.5667588,0.5384209,0,0,1.887513,8.926513,0,0.5667588,-0.5667588,11.61196,82.94241,0.0266816,0.592263,0,0,8.926513
2/15/2007 9:00:00 PM,0,0,79.74892,90,0,0,0.8187889,0.8187889,0,-1,0,0.8187889,0,0,1.110223E-16,0,0,0.8618831,0.8187889,0,0,2.517245,8.359754,0,0.8618831,-0.8618831,10.70345,76.4531,0.0266816,0.9006678,0,0,8.359754
2/15/2007 10:00:00 PM,0,0,79.01223,90,0,0,0.3164458,0.3164458,0,-1,0,0.3164458,0,0,5.551115E-17,0,0,0.3331009,0.3164458,0,0,3.474893,7.497871,0,0.3331009,-0.3331009,10.35234,73.94511,0.0266816,0.3480904,0,0,7.497871
2/15/2007 11:00:00 PM,0,0,74.73705,90,0,0,0.1025645,0.1025645,0,-1,0,0.1025645,0,0,1.387779E-17,0,0,0.1079626,0.1025645,0,0,3.845005,7.16477,0,0.1079626,-0.1079626,10.23853,73.13224,0.0266816,0.1128209,0,0,7.16477
2/16/2007 12:00:00 AM,0,0,46.3406,90,0,0,0.2251223,0.2251223,0,-1,0,0.2251223,0,0,2.775558E-17,0,0,0.2369709,0.2251223,0,0,3.964963,7.056808,0,0.2369709,-0.2369709,9.988745,71.34803,0.0266816,0.2476345,0,0,7.056808
2/16/2007 1:00:00 AM,0,0,-66.27139,90,0,0,0.02322707,0.02322707,0,-1,0,0.02322707,0,0,0,0,0,0.02444955,0.02322707,0,0,4.228264,6.819837,0,0.02444955,-0.02444955,9.962973,71.16395,0.0266816,0.02554978,0,0,6.819837
2/16/2007 2:00:00 AM,0,0,-77.92377,90,0,0,0.2542936,0.2542936,0,-1,0,0.2542936,0,0,5.551115E-17,0,0,0.2676775,0.2542936,0,0,4.25543,6.795387,0,0.2676775,-0.2676775,9.680816,69.14854,0.0266816,0.279723,0,0,6.795387
2/16/2007 3:00:00 AM,0,0,-80.02924,90,0,0,0,0,0,-1,0,0,0,0,0,0,0,0,0,0,0,4.55285,6.527709,0,0,0,9.680816,69.14854,0.0266816,0,0,0,6.527709
2/16/2007 4:00:00 AM,0,0,-80.05939,90,0,0,0.2887732,0.2887732,0,-1,0,0.2887732,0,0,5.551115E-17,0,0,0.3039718,0.2887732,0,0,4.55285,6.527709,0,0.3039718,-0.3039718,9.360401,66.85987,0.0266816,0.3176505,0,0,6.527709
2/16/2007 5:00:00 AM,0,0,-79.14452,90,0,0,0.2606657,0.2606657,0,0,0,0.2606657,0,0,5.551115E-17,0,0,0.2743849,0.2606657,0,0,4.890596,6.223738,0,0.2743849,-0.2743849,9.071174,64.79397,0.0266816,0.2867323,0,0,6.223738
2/16/2007 6:00:00 AM,0.0003252406,0,-77.51946,90,0,0,0.4161096,0.4161096,0,0,0,0.4161096,0,0,0,0,0,0.4380101,0.4161096,0,0,5.195468,5.949353,0,0.4380101,-0.4380101,8.60947,61.4961,0.0266816,0.4577206,0,0,5.949353
2/16/2007 7:00:00 AM,0.1380748,7.872089,-75.11404,79.90896,0.1732403,0.7775025,0.0632285,0.0632285,0,0,0,0.0632285,1229.671,0,0,0,0.7775025,0.06655632,0.0632285,0,0,5.682146,5.511343,0.7109463,0,0.7109463,9.283934,66.31368,0.02662737,0.06955135,0.6220021,0,6.288845
2/16/2007 8:00:00 AM,0.4251846,22.07262,-71.60932,65.35339,0.4697599,2.108282,1.21166,1.21166,0,0,0,1.21166,173.9996,0,0,0,2.108282,1.275431,1.21166,0,0,4.9712,6.151194,0.8328511,0,0.8328511,10.07405,71.95732,0.02656411,1.332826,1.686626,0,8.259477
2/16/2007 9:00:00 AM,0.6832837,35.91165,-66.27927,50.91941,0.732497,3.287447,0.7681908,0.7681908,0,-1,0,0.7681908,427.9467,0,0,0,3.287447,0.8086219,0.7681908,0,0,4.138349,6.90076,2.478825,0,2.478825,12.42566,88.75458,0.02637762,0.8450099,2.629957,0,10.18821
2/16/2007 10:00:00 AM,0.869348,49.01366,-57.48735,36.78886,0.9204128,4.130813,1.097159,1.097159,0,0,0,1.097159,376.501,1.316385,0,0,4.130813,1.154904,1.097159,0,0,1.659524,9.131702,1.659524,0,1.659524,14.00003,100,0.02625423,1.206874,3.30465,0,13.26252
2/16/2007 11:00:00 AM,1.044829,60.37705,-41.41552,23.55016,1.100198,4.93769,2.839465,2.839465,0,0,0,2.839465,173.8951,1.94878,0,0,4.93769,2.98891,2.839465,0,0,0,10.62527,0,0,0,14.00003,100,0.02625423,3.123411,3.950152,0,15.56296
2/16/2007 12:00:00 PM,1.113587,67.22496,-11.71371,14.04502,1.170084,5.251338,0.8715028,0.8715028,0,0,0,0.8715028,602.5613,4.333967,0,0,5.251338,0.9173713,0.8715028,0,0,0,10.62527,0,0,0,14.00003,100,0.02625423,0.958653,4.20107,0,15.87661
2/16/2007 1:00:00 PM,0.9489303,65.43314,24.91575,16.7854,0.9961089,4.470537,2.699541,2.699541,0,0,0,2.699541,165.6036,1.628915,0,0,4.470537,2.841622,2.699541,0,0,0,10.62527,0,0,0,14.00003,100,0.02625423,2.969495,3.576429,0,15.09581
2/16/2007 2:00:00 PM,0.8983819,56.35509,48.81378,28.42507,0.9468172,4.249315,0.6030779,0.6030779,0,-1,0,0.6030779,704.6046,3.614496,0,0,4.249315,0.6348189,0.6030779,0,0,0,10.62527,0,0,0,14.00003,100,0.02625423,0.6633857,3.399452,0,14.87459
2/16/2007 3:00:00 PM,0.7640924,44.13171,61.43118,42.13558,0.8116382,3.642632,0.2356537,0.2356537,0,0,0,0.2356537,1545.756,3.394576,0,0,3.642632,0.2480566,0.2356537,0,0,0,10.62527,0,0,0,14.00003,100,0.02625423,0.2592191,2.914106,0,14.26791
2/16/2007 4:00:00 PM,0.4924699,30.67885,68.6074,56.41685,0.5289982,2.374144,0.4388389,0.4388389,0,0,0,0.4388389,541.0057,1.912208,0,0,2.374144,0.4619357,0.4388389,0,0,0,10.62527,0,0,0,14.00003,100,0.02625423,0.4827228,1.899315,0,12.99942
2/16/2007 5:00:00 PM,0.2182845,16.67334,73.11312,70.91068,0.2355299,1.057058,0.4703678,0.4703678,0,0,0,0.4703678,224.7301,0.5619342,0,0,1.057058,0.4951241,0.4703678,0,0,0,10.62527,0,0,0,14.00003,100,0.02625423,0.5174046,0.8456466,0,11.68233
2/16/2007 6:00:00 PM,0.02550854,2.383985,76.14005,85.4888,0.02761296,0.123927,1.547178,1.547178,0,0,0,1.547178,8.009874,0,2.220446E-16,0,0.123927,1.628608,1.547178,0,0,0,10.62527,0,1.504681,-1.504681,12.41395,88.67093,0.02625423,1.701895,0.09914158,0,10.7492
2/16/2007 7:00:00 PM,0,0,78.2242,90,0,0,0.9843881,0.9843881,0,-1,0,0.9843881,0,0,0,0,0,1.036198,0.9843881,0,0,1.671868,9.120593,0,1.036198,-1.036198,11.32171,80.86917,0.02625423,1.082827,0,0,9.120593
2/16/2007 8:00:00 PM,0,0,79.58221,90,0,0,1.586756,1.586756,0,-1,0,1.586756,0,0,2.220446E-16,0,0,1.670269,1.586756,0,0,2.823199,8.084395,0,1.670269,-1.670269,9.561088,68.29335,0.02625423,1.745432,0,0,8.084395
2/16/2007 9:00:00 PM,0,0,80.18826,90,0,0,0.8432397,0.8432397,0,-1,0,0.8432397,0,0,1.110223E-16,0,0,0.8876207,0.8432397,0,0,4.679054,6.414126,0,0.8876207,-0.8876207,8.625453,61.61026,0.02625423,0.9275636,0,0,6.414126
2/16/2007 10:00:00 PM,0,0,79.59856,90,0,0,0.1044779,0.1044779,0,-1,0,0.1044779,0,0,1.387779E-17,0,0,0.1099768,0.1044779,0,0,5.665299,5.526505,0,0.1099768,-0.1099768,8.509527,60.78222,0.02625423,0.1149257,0,0,5.526505
2/16/2007 11:00:00 PM,0,0,75.69671,90,0,0,0.5023721,0.5023721,0,-1,0,0.5023721,0,0,1.110223E-16,0,0,0.5288128,0.5023721,0,0,5.787496,5.416528,0,0.5288128,-0.5288128,7.95211,56.80067,0.02625423,0.5526094,0,0,5.416528
2/17/2007 12:00:00 AM,0,0,48.65663,90,0,0,0.181863,0.181863,0,-1,0,0.181863,0,0,2.775558E-17,0,0,0.1914347,0.181863,0,0,6.375065,4.887715,0,0.1914347,-0.1914347,7.75032,55.35932,0.02625423,0.2000493,0,0,4.887715
2/17/2007 1:00:00 AM,0,0,-67.92207,90,0,0,0.1931226,0.1931226,0,-1,0,0.1931226,0,0,2.775558E-17,0,0,0.2032869,0.1931226,0,0,6.58777,4.69628,0,0.2032869,-0.2032869,7.536037,53.82873,0.02625423,0.2124349,0,0,4.69628
2/17/2007 2:00:00 AM,0,0,-78.70473,90,0,0,0.3403841,0.3403841,0,-1,0,0.3403841,0,0,0,0,0,0.3582991,0.3403841,0,0,6.813645,4.492994,0,0.3582991,-0.3582991,7.158357,51.13102,0.02625423,0.3744225,0,0,4.492994
2/17/2007 3:00:00 AM,0,0,-80.55198,90,0,0,0.1190184,0.1190184,0,-1,0,0.1190184,0,0,0,0,0,0.1252826,0.1190184,0,0,7.211755,4.134695,0,0.1252826,-0.1252826,7.026297,50.18774,0.02625423,0.1309203,0,0,4.134695
2/17/2007 4:00:00 AM,0,0,-80.47047,90,0,0,0.3243312,0.3243312,0,-1,0,0.3243312,0,0,5.551115E-17,0,0,0.3414012,0.3243312,0,0,7.350958,4.009412,0,0.3414012,-0.3414012,6.666429,47.61725,0.02625423,0.3567643,0,0,4.009412
2/17/2007 5:00:00 AM,0,0,-79.50128,90,0,0,0.06047975,0.06047975,0,0,0,0.06047975,0,0,6.938894E-18,0,0,0.06366289,0.06047975,0,0,7.730293,3.668011,0,0.06366289,-0.06366289,6.599322,47.13792,0.02625423,0.06652772,0,0,3.668011
2/17/2007 6:00:00 AM,0.0003379744,0,-77.85244,90,0,0,0.1901936,0.1901936,0,0,0,0.1901936,0,0,0,0,0,0.2002038,0.1901936,0,0,7.801029,3.604348,0,0.2002038,-0.2002038,6.388288,45.63054,0.02625423,0.2092129,0,0,3.604348
2/17/2007 7:00:00 AM,0.1452324,7.941822,-75.44441,79.89053,0.181943,0.8165601,1.339039,1.339039,0,0,0,1.339039,60.98105,0,0,0,0.8165601,1.409515,1.339039,0,0,8.023478,3.404144,0,0.5929547,-0.5929547,5.763259,41.16606,0.02625423,1.472943,0.6532481,0,4.220704
2/17/2007 8:00:00 AM,0.3752695,22.1669,-71.95585,65.31306,0.4116428,1.847453,0,0,0,0,0,0,0,0,0,0,1.847453,0,0,0,0,8.682317,2.811189,1.847453,0,1.847453,7.515907,53.68494,0.02611821,0,1.477962,0,4.658642
2/17/2007 9:00:00 AM,0.6645494,36.03909,-66.66154,50.85157,0.7111421,3.191606,0.7609042,0.7609042,0,-1,0,0.7609042,419.4491,0,0,0,3.191606,0.8009518,0.7609042,0,0,6.834863,4.473897,2.390654,0,2.390654,9.78388,69.88472,0.02594428,0.8369946,2.553285,0,7.665503
2/17/2007 10:00:00 AM,0.8746274,49.1899,-57.92174,36.68011,0.9249291,4.151082,0.5818599,0.5818599,0,0,0,0.5818599,713.4161,0,0,0,4.151082,0.6124841,0.5818599,0,0,4.44421,6.625485,3.538598,0,3.538598,13.14089,93.86331,0.02569104,0.6400459,3.320866,0,10.77657
2/17/2007 11:00:00 AM,1.056895,60.62737,-41.8664,23.36676,1.111823,4.989864,0.3446881,0.3446881,0,0,0,0.3446881,1447.646,3.721423,0,0,4.989864,0.3628296,0.3446881,0,0,0.9056115,9.810224,0.9056115,0,0.9056115,14.00003,100,0.02562702,0.3791569,3.991891,0,14.80009
2/17/2007 12:00:00 PM,1.082568,67.5532,-11.88233,13.7284,1.136164,5.099106,0.8981045,0.8981045,0,0,0,0.8981045,567.7631,4.153733,0,0,5.099106,0.9453731,0.8981045,0,0,0,10.62527,0,0,0,14.00003,100,0.02562702,0.9879149,4.079285,0,15.72438
2/17/2007 1:00:00 PM,1.008626,65.73318,25.27397,16.52797,1.058712,4.751501,1.263324,1.263324,0,0,0,1.263324,376.1109,3.421686,0,0,4.751501,1.329815,1.263324,0,0,0,10.62527,0,0,0,14.00003,100,0.02562702,1.389657,3.801201,0,15.37678
2/17/2007 2:00:00 PM,0.9239547,56.56664,49.28295,28.28495,0.972992,4.366788,0.5507004,0.5507004,0,-1,0,0.5507004,792.9517,3.787103,0,0,4.366788,0.5796846,0.5507004,0,0,0,10.62527,0,0,0,14.00003,100,0.02562702,0.6057704,3.49343,0,14.99206
2/17/2007 3:00:00 PM,0.7365539,44.27852,61.85058,42.05387,0.7808493,3.504452,0.4560137,0.4560137,0,0,0,0.4560137,768.4971,3.024437,0,0,3.504452,0.4800144,0.4560137,0,0,0,10.62527,0,0,0,14.00003,100,0.02562702,0.501615,2.803561,0,14.12973
2/17/2007 4:00:00 PM,0.5256577,30.78346,68.97712,56.36972,0.5658058,2.539336,0.920537,0.920537,0,0,0,0.920537,275.8538,1.57035,0,0,2.539336,0.9689863,0.920537,0,0,0,10.62527,0,0,0,14.00003,100,0.02562702,1.012591,2.031469,0,13.16461
2/17/2007 5:00:00 PM,0.2968388,16.74846,73.45354,70.88839,0.3343405,1.50052,0,0,0,0,0,0,0,1.50052,0,0,1.50052,0,0,0,0,0,10.62527,0,0,0,14.00003,100,0.02562702,0,1.200416,0,12.12579
2/17/2007 6:00:00 PM,0.04440818,2.436582,76.47076,85.48737,0.0680454,0.3053877,1.273555,1.273555,0,0,0,1.273555,23.97915,0,0,0,0.3053877,1.340584,1.273555,0,0,0,10.62527,0,1.035197,-1.035197,12.90884,92.20578,0.02562702,1.400911,0.2443102,0,10.93066
2/17/2007 7:00:00 PM,0,0,78.56457,90,0,0,1.470861,1.470861,0,-1,0,1.470861,0,0,2.220446E-16,0,0,1.548274,1.470861,0,0,1.150218,9.590077,0,1.548274,-1.548274,11.27681,80.54848,0.02562702,1.617947,0,0,9.590077
2/17/2007 8:00:00 PM,0,0,79.95592,90,0,0,1.106279,1.106279,0,-1,0,1.106279,0,0,2.220446E-16,0,0,1.164505,1.106279,0,0,2.870523,8.041803,0,1.164505,-1.164505,10.04931,71.78068,0.02562702,1.216907,0,0,8.041803
2/17/2007 9:00:00 PM,0,0,80.63289,90,0,0,1.569653,1.569653,0,-1,0,1.569653,0,0,2.220446E-16,0,0,1.652267,1.569653,0,0,4.164417,6.877299,0,1.652267,-1.652267,8.307673,59.3404,0.02562702,1.726619,0,0,6.877299
2/17/2007 10:00:00 PM,0,0,80.19225,90,0,0,0.2653859,0.2653859,0,-1,0,0.2653859,0,0,5.551115E-17,0,0,0.2793536,0.2653859,0,0,6.000269,5.225032,0,0.2793536,-0.2793536,8.013208,57.23709,0.02562702,0.2919245,0,0,5.225032
2/17/2007 11:00:00 PM,0,0,76.67216,90,0,0,0.1046925,0.1046925,0,-1,0,0.1046925,0,0,0,0,0,0.1102026,0.1046925,0,0,6.310662,4.945679,0,0.1102026,-0.1102026,7.897045,56.40735,0.02562702,0.1151617,0,0,4.945679
2/18/2007 12:00:00 AM,0,0,51.15955,90,0,0,0.1641557,0.1641557,0,-1,0,0.1641557,0,0,2.775558E-17,0,0,0.1727955,0.1641557,0,0,6.433109,4.835476,0,0.1727955,-0.1727955,7.714902,55.10633,0.02562702,0.1805713,0,0,4.835476
2/18/2007 1:00:00 AM,0,0,-69.63068,90,0,0,0.1176457,0.1176457,0,-1,0,0.1176457,0,0,1.387779E-17,0,0,0.1238376,0.1176457,0,0,6.625104,4.662681,0,0.1238376,-0.1238376,7.584366,54.17393,0.02562702,0.1294103,0,0,4.662681
2/18/2007 2:00:00 AM,0,0,-79.49728,90,0,0,0.1135364,0.1135364,0,-1,0,0.1135364,0,0,1.387779E-17,0,0,0.119512,0.1135364,0,0,6.762702,4.538843,0,0.119512,-0.119512,7.458389,53.27411,0.02562702,0.12489,0,0,4.538843
2/18/2007 3:00:00 AM,0,0,-81.08089,90,0,0,0.4012537,0.4012537,0,-1,0,0.4012537,0,0,5.551115E-17,0,0,0.4223723,0.4012537,0,0,6.895493,4.419331,0,0.4223723,-0.4223723,7.01317,50.09397,0.02562702,0.441379,0,0,4.419331
2/18/2007 4:00:00 AM,0,0,-80.88598,90,0,0,0.008902701,0.008902701,0,-1,0,0.008902701,0,0,1.734723E-18,0,0,0.009371264,0.008902701,0,0,7.364795,3.996958,0,0.009371264,-0.009371264,7.003292,50.02341,0.02562702,0.009792971,0,0,3.996958
2/18/2007 5:00:00 AM,0,0,-79.86169,90,0,0,0.04410403,0.04410403,0,0,0,0.04410403,0,0,6.938894E-18,0,0,0.04642529,0.04410403,0,0,7.375207,3.987587,0,0.04642529,-0.04642529,6.954355,49.67387,0.02562702,0.04851443,0,0,3.987587
2/18/2007 6:00:00 AM,0.0001886065,0,-78.18876,90,0,0,0.2041644,0.2041644,0,0,0,0.2041644,0,0,0,0,0,0.2149099,0.2041644,0,0,7.426791,3.941162,0,0.2149099,-0.2149099,6.72782,48.05576,0.02562702,0.2245809,0,0,3.941162
2/18/2007 7:00:00 AM,0.1030801,8.015046,-75.7781,79.86922,0.117346,0.526649,0.1175107,0.1175107,0,0,0,0.1175107,448.171,0,0,0,0.526649,0.1236955,0.1175107,0,0,7.66558,3.726252,0.4029535,0,0.4029535,7.110096,50.78629,0.02559864,0.1292618,0.4213192,0,4.252901
2/18/2007 8:00:00 AM,0.3524921,22.26442,-72.30595,65.27018,0.3834679,1.721004,0.6831899,0.6831899,0,0,0,0.6831899,251.9071,0,0,0,1.721004,0.7191473,0.6831899,0,0,7.262627,4.08891,1.001857,0,1.001857,8.06054,57.57517,0.02552834,0.751509,1.376803,0,5.809915
2/18/2007 9:00:00 AM,0.6230779,36.16957,-67.0481,50.78153,0.6650956,2.984949,0,0,0,-1,0,0,0,0,0,0,2.984949,0,0,0,0,6.26077,4.990582,2.984949,0,2.984949,10.89231,77.80207,0.02532118,0,2.387959,0,7.975531
2/18/2007 10:00:00 AM,0.6936252,49.36909,-58.36191,36.56963,0.7269527,3.262564,0.7021332,0.7021332,0,0,0,0.7021332,464.6646,0,0,0,3.262564,0.7390875,0.7021332,0,0,3.275821,7.677035,2.523476,0,2.523476,13.28629,94.90189,0.02514864,0.7723465,2.610051,0,10.9396
2/18/2007 11:00:00 AM,0.9889461,60.88104,-42.32507,23.18193,1.038803,4.662147,0.2566392,0.2566392,0,0,0,0.2566392,1816.615,3.639656,0,0,4.662147,0.2701465,0.2566392,0,0,0.7523443,9.948164,0.7523443,0,0.7523443,14.00003,100,0.02509766,0.2823031,3.729717,0,14.61031
2/18/2007 12:00:00 PM,1.013056,67.88566,-12.04989,13.40797,1.061734,4.76506,0.4372614,0.4372614,0,0,0,0.4372614,1089.751,4.304785,0,0,4.76506,0.4602751,0.4372614,0,0,0,10.62527,0,0,0,14.00003,100,0.02509766,0.4809875,3.812048,0,15.39033
2/18/2007 1:00:00 PM,1.007168,66.03445,25.65153,16.27231,1.056121,4.739869,0,0,0,0,0,0,0,4.739869,0,0,4.739869,0,0,0,0,0,10.62527,0,0,0,14.00003,100,0.02509766,0,3.791895,0,15.36514
2/18/2007 2:00:00 PM,0.9156044,56.77645,49.76635,28.14901,0.9630853,4.322327,0.7387785,0.7387785,0,-1,0,0.7387785,585.064,3.544665,0,0,4.322327,0.7776616,0.7387785,0,0,0,10.62527,0,0,0,14.00003,100,0.02509766,0.8126563,3.457861,0,14.9476
2/18/2007 3:00:00 PM,0.7005557,44.42275,62.2788,41.97622,0.7404041,3.322934,1.53688,1.53688,0,0,0,1.53688,216.2129,1.705165,0,0,3.322934,1.617769,1.53688,0,0,0,10.62527,0,0,0,14.00003,100,0.02509766,1.690568,2.658347,0,13.94821
2/18/2007 4:00:00 PM,0.4124185,30.88535,69.35303,56.32632,0.4336646,1.946287,0.2003734,0.2003734,0,0,0,0.2003734,971.3298,1.735367,0,0,1.946287,0.2109194,0.2003734,0,0,0,10.62527,0,0,0,14.00003,100,0.02509766,0.2204107,1.557029,0,12.57156
2/18/2007 5:00:00 PM,0.2569224,16.82095,73.79887,70.86954,0.2837223,1.273346,0.5332094,0.5332094,0,0,0,0.5332094,238.8078,0.7120726,0,0,1.273346,0.561273,0.5332094,0,0,0,10.62527,0,0,0,14.00003,100,0.02509766,0.5865303,1.018677,0,11.89862
2/18/2007 6:00:00 PM,0.03218952,2.486731,76.80581,85.48911,0.03799912,0.17054,1.324301,1.324301,0,0,0,1.324301,12.87774,0,2.220446E-16,0,0.17054,1.394001,1.324301,0,0,0,10.62527,0,1.223461,-1.223461,12.71039,90.7883,0.02509766,1.456731,0.136432,0,10.79581
2/18/2007 7:00:00 PM,0,0,78.90911,90,0,0,0.8436844,0.8436844,0,-1,0,0.8436844,0,0,1.110223E-16,0,0,0.8880889,0.8436844,0,0,1.359401,9.401814,0,0.8880889,-0.8880889,11.77426,84.10168,0.02509766,0.9280528,0,0,9.401814
2/18/2007 8:00:00 PM,0,0,80.33405,90,0,0,0,0,0,-1,0,0,0,0,0,0,0,0,0,0,0,2.346166,8.513724,0,0,0,11.77426,84.10168,0.02509766,0,0,0,8.513724
2/18/2007 9:00:00 PM,0,0,81.08269,90,0,0,1.510565,1.510565,0,-1,0,1.510565,0,0,0,0,0,1.590069,1.510565,0,0,2.346166,8.513724,0,1.590069,-1.590069,10.09818,72.12971,0.02509766,1.661622,0,0,8.513724
2/18/2007 10:00:00 PM,0,0,80.79321,90,0,0,0.005823348,0.005823348,0,-1,0,0.005823348,0,0,8.673617E-19,0,0,0.00612984,0.005823348,0,0,4.112909,6.923656,0,0.00612984,-0.00612984,10.09172,72.08356,0.02509766,0.006405683,0,0,6.923656
2/18/2007 11:00:00 PM,0,0,77.6633,90,0,0,0.0623857,0.0623857,0,-1,0,0.0623857,0,0,6.938894E-18,0,0,0.06566916,0.0623857,0,0,4.11972,6.917526,0,0.06566916,-0.06566916,10.0225,71.58912,0.02509766,0.06862427,0,0,6.917526
2/19/2007 12:00:00 AM,0,0,53.86713,90,0,0,0.11831,0.11831,0,-1,0,0.11831,0,0,1.387779E-17,0,0,0.1245369,0.11831,0,0,4.192686,6.851857,0,0.1245369,-0.1245369,9.891224,70.65146,0.02509766,0.130141,0,0,6.851857
2/19/2007 1:00:00 AM,0,0,-71.39465,90,0,0,0.3426031,0.3426031,0,-1,0,0.3426031,0,0,0,0,0,0.3606348,0.3426031,0,0,4.33106,6.72732,0,0.3606348,-0.3606348,9.511082,67.93616,0.02509766,0.3768634,0,0,6.72732
2/19/2007 2:00:00 AM,0,0,-80.30072,90,0,0,0.2705714,0.2705714,0,-1,0,0.2705714,0,0,5.551115E-17,0,0,0.284812,0.2705714,0,0,4.731765,6.366685,0,0.284812,-0.284812,9.210863,65.79175,0.02509766,0.2976286,0,0,6.366685
2/19/2007 3:00:00 AM,0,0,-81.61565,90,0,0,0.6237215,0.6237215,0,-1,0,0.6237215,0,0,1.110223E-16,0,0,0.656549,0.6237215,0,0,5.048223,6.081873,0,0.656549,-0.656549,8.5188,60.84845,0.02509766,0.6860936,0,0,6.081873
2/19/2007 4:00:00 AM,0,0,-81.3057,90,0,0,0.3440505,0.3440505,0,-1,0,0.3440505,0,0,5.551115E-17,0,0,0.3621584,0.3440505,0,0,5.777722,5.425324,0,0.3621584,-0.3621584,8.137052,58.12168,0.02509766,0.3784555,0,0,5.425324
2/19/2007 5:00:00 AM,0,0,-80.22562,90,0,0,0,0,0,0,0,0,0,0,0,0,0,0,0,0,0,6.18012,5.063166,0,0,0,8.137052,58.12168,0.02509766,0,0,0,5.063166
2/19/2007 6:00:00 AM,0.000493601,0,-78.52831,90,0,0,0.3797998,0.3797998,0,0,0,0.3797998,0,0,0,0,0,0.3997893,0.3797998,0,0,6.18012,5.063166,0,0.3997893,-0.3997893,7.715636,55.11158,0.02509766,0.4177798,0,0,5.063166
2/19/2007 7:00:00 AM,0.1557519,8.091715,-76.11502,79.84509,0.1930582,0.866445,0.7977316,0.7977316,0,0,0,0.7977316,108.6136,0,0,0,0.866445,0.8397174,0.7977316,0,0,6.624331,4.663377,0.02672757,0,0.02672757,7.740993,55.29269,0.02509585,0.8775048,0.693156,0,5.529822
2/19/2007 8:00:00 AM,0.4401433,22.36512,-72.65959,65.22479,0.4829,2.167255,0.8243064,0.8243064,0,0,0,0.8243064,262.9186,0,0,0,2.167255,0.867691,0.8243064,0,0,6.597603,4.687432,1.299564,0,1.299564,8.973867,64.09892,0.02500828,0.906737,1.733804,0,6.854687
2/19/2007 9:00:00 AM,0.6507536,36.30299,-67.4389,50.7094,0.6940921,3.115085,0.9813874,0.9813874,0,-1,0,0.9813874,317.4165,0,0,0,3.115085,1.033039,0.9813874,0,0,5.298038,5.857039,2.082046,0,2.082046,10.94907,78.20748,0.02486924,1.079526,2.492068,0,8.972125
2/19/2007 10:00:00 AM,0.9030509,49.55111,-58.8079,36.45755,0.9528739,4.276498,0.9585444,0.9585444,0,0,0,0.9585444,446.145,0.05151129,0,0,4.276498,1.008994,0.9585444,0,0,3.215993,7.730881,3.215993,0,3.215993,14.00003,100,0.0246575,1.054399,3.421198,0,12.00738
2/19/2007 11:00:00 AM,1.03248,61.13794,-42.7918,22.99587,1.083676,4.863536,1.027345,1.027345,0,0,0,1.027345,473.4085,3.782121,0,0,4.863536,1.081415,1.027345,0,0,0,10.62527,0,0,0,14.00003,100,0.0246575,1.130079,3.890829,0,15.48881
2/19/2007 12:00:00 PM,0.9686993,68.22224,-12.21644,13.08386,1.013481,4.548503,0,0,0,0,0,0,0,4.548503,0,0,4.548503,0,0,0,0,0,10.62527,0,0,0,14.00003,100,0.0246575,0,3.638803,0,15.17378
2/19/2007 1:00:00 PM,0.8728584,66.33678,26.04905,16.01879,0.9105591,4.086589,0.6153585,0.6153585,0,0,0,0.6153585,664.0989,3.438843,0,0,4.086589,0.6477458,0.6153585,0,0,0,10.62527,0,0,0,14.00003,100,0.0246575,0.6768944,3.269271,0,14.71186
2/19/2007 2:00:00 PM,0.8040533,56.98437,50.26401,28.01748,0.8414204,3.776295,0.5313394,0.5313394,0,-1,0,0.5313394,710.7123,3.21699,0,0,3.776295,0.5593047,0.5313394,0,0,0,10.62527,0,0,0,14.00003,100,0.0246575,0.5844734,3.021036,0,14.40157
2/19/2007 3:00:00 PM,0.6950744,44.56428,62.71571,41.90273,0.7333735,3.29138,0.6561792,0.6561792,0,0,0,0.6561792,501.5977,2.600665,0,0,3.29138,0.690715,0.6561792,0,0,0,10.62527,0,0,0,14.00003,100,0.0246575,0.7217972,2.633104,0,13.91665
2/19/2007 4:00:00 PM,0.4903697,30.98444,69.735,56.28671,0.5237271,2.350487,1.648798,1.648798,0,0,0,1.648798,142.5576,0.6149101,0,0,2.350487,1.735577,1.648798,0,0,0,10.62527,0,0,0,14.00003,100,0.0246575,1.813678,1.88039,0,12.97576
2/19/2007 5:00:00 PM,0.2369674,16.89076,74.14902,70.85413,0.2574051,1.155234,0,0,0,0,0,0,0,1.155234,0,0,1.155234,0,0,0,0,0,10.62527,0,0,0,14.00003,100,0.0246575,0,0.9241874,0,11.78051
2/19/2007 6:00:00 PM,0.03769487,2.534428,77.14509,85.49397,0.04864876,0.2183357,0.9755638,0.9755638,0,0,0,0.9755638,22.38046,0,0,0,0.2183357,1.026909,0.9755638,0,0,0,10.62527,0,0.8085737,-0.8085737,13.14772,93.91207,0.0246575,1.07312,0.1746685,0,10.84361
2/19/2007 7:00:00 PM,0,0,79.25773,90,0,0,0,0,0,-1,0,0,0,0,0,0,0,0,0,0,0,0.8984151,9.816701,0,0,0,13.14772,93.91207,0.0246575,0,0,0,9.816701
2/19/2007 8:00:00 PM,0,0,80.71647,90,0,0,0,0,0,-1,0,0,0,0,0,0,0,0,0,0,0,0.8984151,9.816701,0,0,0,13.14772,93.91207,0.0246575,0,0,0,9.816701
2/19/2007 9:00:00 PM,0,0,81.53757,90,0,0,0.8702788,0.8702788,0,-1,0,0.8702788,0,0,1.110223E-16,0,0,0.9160829,0.8702788,0,0,0.8984151,9.816701,0,0.9160829,-0.9160829,12.18208,87.01469,0.0246575,0.9573067,0,0,9.816701
2/19/2007 10:00:00 PM,0,0,81.40134,90,0,0,0.03327238,0.03327238,0,-1,0,0.03327238,0,0,0,0,0,0.03502356,0.03327238,0,0,1.916285,8.900618,0,0.03502356,-0.03502356,12.14516,86.75098,0.0246575,0.03659962,0,0,8.900618
2/19/2007 11:00:00 PM,0,0,78.66998,90,0,0,0.5211632,0.5211632,0,-1,0,0.5211632,0,0,1.110223E-16,0,0,0.5485929,0.5211632,0,0,1.9552,8.865594,0,0.5485929,-0.5485929,11.56689,82.62051,0.0246575,0.5732796,0,0,8.865594
2/20/2007 12:00:00 AM,0,0,56.79718,90,0,0,0,0,0,-1,0,0,0,0,0,0,0,0,0,0,0,2.564748,8.317001,0,0,0,11.56689,82.62051,0.0246575,0,0,0,8.317001
2/20/2007 1:00:00 AM,0,0,-73.21068,90,0,0,0.09794582,0.09794582,0,-1,0,0.09794582,0,0,1.387779E-17,0,0,0.1031009,0.09794582,0,0,2.564748,8.317001,0,0.1031009,-0.1031009,11.45822,81.84424,0.0246575,0.1077404,0,0,8.317001
2/20/2007 2:00:00 AM,0,0,-81.11434,90,0,0,0.16201,0.16201,0,-1,0,0.16201,0,0,0,0,0,0.1705368,0.16201,0,0,2.679304,8.213901,0,0.1705368,-0.1705368,11.27845,80.56023,0.0246575,0.178211,0,0,8.213901
2/20/2007 3:00:00 AM,0,0,-82.15594,90,0,0,0.08804496,0.08804496,0,-1,0,0.08804496,0,0,1.387779E-17,0,0,0.0926789,0.08804496,0,0,2.86879,8.043364,0,0.0926789,-0.0926789,11.18076,79.86243,0.0246575,0.09684945,0,0,8.043364
2/20/2007 4:00:00 AM,0,0,-81.72946,90,0,0,0,0,0,-1,0,0,0,0,0,0,0,0,0,0,0,2.971766,7.950685,0,0,0,11.18076,79.86243,0.0246575,0,0,0,7.950685
2/20/2007 5:00:00 AM,0,0,-80.59294,90,0,0,0.3445869,0.3445869,0,0,0,0.3445869,0,0,5.551115E-17,0,0,0.3627231,0.3445869,0,0,2.971766,7.950685,0,0.3627231,-0.3627231,10.79842,77.13141,0.0246575,0.3790456,0,0,7.950685
2/20/2007 6:00:00 AM,0.0005755717,0,-78.87099,90,0,0,0.2542966,0.2542966,0,0,0,0.2542966,0,0,0,0,0,0.2676807,0.2542966,0,0,3.374792,7.587962,0,0.2676807,-0.2676807,10.51626,75.11599,0.0246575,0.2797263,0,0,7.587962
2/20/2007 7:00:00 AM,0.1087271,8.171777,-76.45509,79.81815,0.1240771,0.5568578,1.013354,1.013354,0,0,0,1.013354,54.95198,0,2.220446E-16,0,0.5568578,1.066688,1.013354,0,0,3.672215,7.320281,0,0.5098302,-0.5098302,9.978851,71.27737,0.0246575,1.114689,0.4454863,0,7.877139
2/20/2007 8:00:00 AM,0.3359692,22.46891,-73.01667,65.17697,0.3616187,1.622945,0.8085704,0.8085704,0,0,0,0.8085704,200.7178,0,0,0,1.622945,0.8511267,0.8085704,0,0,4.238693,6.810451,0.7718179,0,0.7718179,10.71106,76.50743,0.02460722,0.8894275,1.298356,0,8.433395
2/20/2007 9:00:00 AM,0.55247,36.43925,-67.83393,50.63525,0.5841695,2.621753,1.55725,1.55725,0,-1,0,1.55725,168.3579,0,0,0,2.621753,1.63921,1.55725,0,0,3.466875,7.505087,0.9825422,0,0.9825422,11.64318,83.16543,0.02454351,1.712975,2.097402,0,10.12684
2/20/2007 10:00:00 AM,0.7142358,49.73584,-59.25977,36.34401,0.7481362,3.357635,0,0,0,0,0,0,0,0.8733022,0,0,3.357635,0,0,0,0,2.484333,8.389375,2.484333,0,2.484333,14.00003,100,0.02438387,0,2.686108,0,11.74701
2/20/2007 11:00:00 AM,0.9073964,61.39793,-43.26684,22.80879,0.9500005,4.263602,0.500091,0.500091,0,0,0,0.500091,852.5652,3.73719,0,0,4.263602,0.5264116,0.500091,0,0,0,10.62527,0,0,0,14.00003,100,0.02438387,0.5501001,3.410882,0,14.88888
2/20/2007 12:00:00 PM,1.051903,68.56287,-12.38202,12.75619,1.100499,4.939041,0.3892864,0.3892864,0,0,0,0.3892864,1268.742,4.529265,0,0,4.939041,0.4097752,0.3892864,0,0,0,10.62527,0,0,0,14.00003,100,0.02438387,0.4282151,3.951232,0,15.56431
2/20/2007 1:00:00 PM,1.001472,66.63996,26.46718,15.76784,1.047984,4.703351,1.028636,1.028636,0,0,0,1.028636,457.2417,3.620577,0,0,4.703351,1.082775,1.028636,0,0,0,10.62527,0,0,0,14.00003,100,0.02438387,1.131499,3.762681,0,15.32863
2/20/2007 2:00:00 PM,0.9074597,57.19018,50.77596,27.89056,0.9523171,4.273999,0.8967188,0.8967188,0,-1,0,0.8967188,476.6265,3.330085,0,0,4.273999,0.9439145,0.8967188,0,0,0,10.62527,0,0,0,14.00003,100,0.02438387,0.9863907,3.419199,0,14.89927
2/20/2007 3:00:00 PM,0.5979015,44.70299,63.16121,41.83351,0.623623,2.79882,1.462099,1.462099,0,0,0,1.462099,191.4248,1.259768,0,0,2.79882,1.539052,1.462099,0,0,0,10.62527,0,0,0,14.00003,100,0.02438387,1.608309,2.239056,0,13.42409
2/20/2007 4:00:00 PM,0.4529784,31.08068,70.1229,56.25092,0.4796249,2.152557,0.8406488,0.8406488,0,0,0,0.8406488,256.059,1.267663,0,0,2.152557,0.8848935,0.8406488,0,0,0,10.62527,0,0,0,14.00003,100,0.02438387,0.9247137,1.722045,0,12.77783
2/20/2007 5:00:00 PM,0.1751904,16.95788,74.50385,70.84219,0.1808345,0.8115852,0.7890453,0.7890453,0,0,0,0.7890453,102.8566,0,1.110223E-16,0,0.8115852,0.830574,0.7890453,0,0,0,10.62527,0,0.01898878,-0.01898878,13.98001,99.85703,0.02438387,0.8679498,0.6492682,0,11.43686
2/20/2007 6:00:00 PM,0.03115871,2.57967,77.48849,85.50198,0.03533834,0.1585985,1.880213,1.880213,0,0,0,1.880213,8.435132,0,0,0,0.1585985,1.979172,1.880213,0,0,0.02109865,10.60629,0,1.820573,-1.820573,12.06096,86.14954,0.02438387,2.068235,0.1268788,0,10.76488
2/20/2007 7:00:00 PM,0,0,79.61034,90,0,0,0,0,0,-1,0,0,0,0,0,0,0,0,0,0,0,2.043958,8.785712,0,0,0,12.06096,86.14954,0.02438387,0,0,0,8.785712
2/20/2007 8:00:00 PM,0,0,81.10311,90,0,0,0,0,0,-1,0,0,0,0,0,0,0,0,0,0,0,2.043958,8.785712,0,0,0,12.06096,86.14954,0.02438387,0,0,0,8.785712
2/20/2007 9:00:00 PM,0,0,81.99744,90,0,0,0.08493319,0.08493319,0,-1,0,0.08493319,0,0,0,0,0,0.08940335,0.08493319,0,0,2.043958,8.785712,0,0.08940335,-0.08940335,11.96672,85.47639,0.02438387,0.09342651,0,0,8.785712
2/20/2007 10:00:00 PM,0,0,82.0165,90,0,0,0.08161873,0.08161873,0,-1,0,0.08161873,0,0,0,0,0,0.08591445,0.08161873,0,0,2.143295,8.696308,0,0.08591445,-0.08591445,11.87616,84.82953,0.02438387,0.0897806,0,0,8.696308
2/20/2007 11:00:00 PM,0,0,79.69202,90,0,0,0.0949285,0.0949285,0,-1,0,0.0949285,0,0,1.387779E-17,0,0,0.09992474,0.0949285,0,0,2.238756,8.610394,0,0.09992474,-0.09992474,11.77083,84.07717,0.02438387,0.1044213,0,0,8.610394
2/21/2007 12:00:00 AM,0,0,59.96667,90,0,0,0.04950008,0.04950008,0,-1,0,0.04950008,0,0,6.938894E-18,0,0,0.05210535,0.04950008,0,0,2.349783,8.510469,0,0.05210535,-0.05210535,11.7159,83.68486,0.02438387,0.05445009,0,0,8.510469
2/21/2007 1:00:00 AM,0,0,-75.07487,90,0,0,0.3049381,0.3049381,0,-1,0,0.3049381,0,0,0,0,0,0.3209875,0.3049381,0,0,2.407678,8.458364,0,0.3209875,-0.3209875,11.37755,81.26807,0.02438387,0.3354319,0,0,8.458364
2/21/2007 2:00:00 AM,0,0,-81.93739,90,0,0,0.03716241,0.03716241,0,-1,0,0.03716241,0,0,0,0,0,0.03911832,0.03716241,0,0,2.764331,8.137377,0,0.03911832,-0.03911832,11.33632,80.97355,0.02438387,0.04087865,0,0,8.137377
2/21/2007 3:00:00 AM,0,0,-82.70145,90,0,0,0.2915594,0.2915594,0,-1,0,0.2915594,0,0,5.551115E-17,0,0,0.3069046,0.2915594,0,0,2.807796,8.098258,0,0.3069046,-0.3069046,11.01281,78.6628,0.02438387,0.3207153,0,0,8.098258
2/21/2007 4:00:00 AM,0,0,-82.15706,90,0,0,0.2182716,0.2182716,0,-1,0,0.2182716,0,0,2.775558E-17,0,0,0.2297596,0.2182716,0,0,3.148801,7.791354,0,0.2297596,-0.2297596,10.77063,76.93288,0.02438387,0.2400987,0,0,7.791354
2/21/2007 5:00:00 AM,0,0,-80.9635,90,0,0,0.1802607,0.1802607,0,0,0,0.1802607,0,0,2.775558E-17,0,0,0.1897481,0.1802607,0,0,3.404089,7.561594,0,0.1897481,-0.1897481,10.57061,75.50423,0.02438387,0.1982868,0,0,7.561594
2/21/2007 6:00:00 AM,0.0006024345,0,-79.2167,90,0,0,0.1218546,0.1218546,0,0,0,0.1218546,0,0,0,0,0,0.1282679,0.1218546,0,0,3.61492,7.371846,0,0.1282679,-0.1282679,10.43541,74.53848,0.02438387,0.13404,0,0,7.371846
2/21/2007 7:00:00 AM,0.07709568,8.255177,-76.79821,79.78846,0.0801904,0.3598945,1.99949,1.99949,0,0,0,1.99949,17.99932,0,2.220446E-16,0,0.3598945,2.104726,1.99949,0,0,3.75744,7.243578,0,1.744832,-1.744832,8.596193,61.40126,0.02438387,2.199439,0.2879156,0,7.603473
2/21/2007 8:00:00 AM,0.3358502,22.57573,-73.37715,65.12677,0.3605553,1.618172,0.7141206,0.7141206,0,0,0,0.7141206,226.5965,0,0,0,1.618172,0.7517059,0.7141206,0,0,5.696142,5.498746,0.8664662,0,0.8664662,9.418195,67.27269,0.02432869,0.7855327,1.294538,0,7.116918
2/21/2007 9:00:00 AM,0.4122191,36.57827,-68.23315,50.55919,0.4235061,1.900695,0.5307598,0.5307598,0,-1,0,0.5307598,358.1084,0,0,0,1.900695,0.5586945,0.5307598,0,0,4.829676,6.278566,1.342001,0,1.342001,10.69133,76.36649,0.0242437,0.5838357,1.520556,0,8.179261
2/21/2007 10:00:00 AM,0.8078281,49.92315,-59.71756,36.22915,0.8494107,3.812155,2.063144,2.063144,0,0,0,2.063144,184.7741,0,0,0,3.812155,2.17173,2.063144,0,0,3.487675,7.486367,1.640425,0,1.640425,12.24757,87.48248,0.02414062,2.269458,3.049724,0,11.29852
2/21/2007 11:00:00 AM,0.7696204,61.66086,-43.75049,22.6209,0.7984222,3.583319,1.530652,1.530652,0,0,0,1.530652,234.104,0.1248552,0,0,3.583319,1.611213,1.530652,0,0,1.84725,8.962749,1.84725,0,1.84725,14.00003,100,0.02402558,1.683718,2.866655,0,12.54607
2/21/2007 12:00:00 PM,0.6516863,68.90742,-12.5467,12.4251,0.6643527,2.981615,0.6884889,0.6884889,0,0,0,0.6884889,433.0666,2.25689,0,0,2.981615,0.7247251,0.6884889,0,0,0,10.62527,0,0,0,14.00003,100,0.02402558,0.7573378,2.385292,0,13.60689
2/21/2007 1:00:00 PM,0.6876716,66.94377,26.90661,15.51987,0.7045943,3.162219,0.5687615,0.5687615,0,0,0,0.5687615,555.9833,2.563523,0,0,3.162219,0.5986964,0.5687615,0,0,0,10.62527,0,0,0,14.00003,100,0.02402558,0.6256377,2.529775,0,13.78749
2/21/2007 2:00:00 PM,0.7758437,57.39371,51.30222,27.76847,0.8085357,3.628708,0.0514899,0.0514899,0,-1,0,0.0514899,7047.417,3.574508,0,0,3.628708,0.0541999,0.0514899,0,0,0,10.62527,0,0,0,14.00003,100,0.02402558,0.05663889,2.902966,0,14.25398
2/21/2007 3:00:00 PM,0.2552339,44.83876,63.61514,41.76863,0.2546035,1.14266,0.1441695,0.1441695,0,0,0,0.1441695,792.5811,0.9909031,0,0,1.14266,0.1517574,0.1441695,0,0,0,10.62527,0,0,0,14.00003,100,0.02402558,0.1585865,0.9141284,0,11.76793
2/21/2007 4:00:00 PM,0.1865287,31.174,70.51661,56.21901,0.1861742,0.8355499,0.508968,0.508968,0,0,0,0.508968,164.1655,0.2997941,0,0,0.8355499,0.5357558,0.508968,0,0,0,10.62527,0,0,0,14.00003,100,0.02402558,0.5598648,0.6684399,0,11.46082
2/21/2007 5:00:00 PM,0.2095947,17.02228,74.86325,70.83372,0.2217482,0.9952061,0.489249,0.489249,0,0,0,0.489249,203.415,0.4802071,0,0,0.9952061,0.514999,0.489249,0,0,0,10.62527,0,0,0,14.00003,100,0.02402558,0.5381739,0.7961649,0,11.62048
2/21/2007 6:00:00 PM,0.04027002,2.62246,77.83592,85.51308,0.05267324,0.2363975,1.131209,1.131209,0,0,0,1.131209,20.89778,0,0,0,0.2363975,1.190746,1.131209,0,0,0,10.62527,0,0.9543486,-0.9543486,12.99406,92.8145,0.02402558,1.24433,0.189118,0,10.86167
2/21/2007 7:00:00 PM,0,0,79.96683,90,0,0,1.426497,1.426497,0,-1,0,1.426497,0,0,2.220446E-16,0,0,1.501576,1.426497,0,0,1.060387,9.670925,0,1.501576,-1.501576,11.41126,81.50881,0.02402558,1.569147,0,0,9.670925
2/21/2007 8:00:00 PM,0,0,81.49387,90,0,0,0,0,0,-1,0,0,0,0,0,0,0,0,0,0,0,2.728805,8.16935,0,0,0,11.41126,81.50881,0.02402558,0,0,0,8.16935
2/21/2007 9:00:00 PM,0,0,82.4622,90,0,0,0,0,0,-1,0,0,0,0,0,0,0,0,0,0,0,2.728805,8.16935,0,0,0,11.41126,81.50881,0.02402558,0,0,0,8.16935
2/21/2007 10:00:00 PM,0,0,82.6386,90,0,0,0.126721,0.126721,0,-1,0,0.126721,0,0,2.775558E-17,0,0,0.1333906,0.126721,0,0,2.728805,8.16935,0,0.1333906,-0.1333906,11.27065,80.50449,0.02402558,0.1393932,0,0,8.16935
2/21/2007 11:00:00 PM,0,0,80.72919,90,0,0,0,0,0,-1,0,0,0,0,0,0,0,0,0,0,0,2.877017,8.035959,0,0,0,11.27065,80.50449,0.02402558,0,0,0,8.035959
2/22/2007 12:00:00 AM,0,0,63.39036,90,0,0,0.3624341,0.3624341,0,-1,0,0.3624341,0,0,5.551115E-17,0,0,0.3815096,0.3624341,0,0,2.877017,8.035959,0,0.3815096,-0.3815096,10.8685,77.63202,0.02402558,0.3986776,0,0,8.035959
2/22/2007 1:00:00 AM,0,0,-76.98261,90,0,0,0.1269548,0.1269548,0,-1,0,0.1269548,0,0,2.775558E-17,0,0,0.1336367,0.1269548,0,0,3.300916,7.65445,0,0.1336367,-0.1336367,10.72764,76.62584,0.02402558,0.1396503,0,0,7.65445
2/22/2007 2:00:00 AM,0,0,-82.7691,90,0,0,0.2913859,0.2913859,0,-1,0,0.2913859,0,0,5.551115E-17,0,0,0.306722,0.2913859,0,0,3.449401,7.520813,0,0.306722,-0.306722,10.40433,74.31646,0.02402558,0.3205245,0,0,7.520813
2/22/2007 3:00:00 AM,0,0,-83.25184,90,0,0,0.3227685,0.3227685,0,-1,0,0.3227685,0,0,5.551115E-17,0,0,0.3397563,0.3227685,0,0,3.790204,7.214091,0,0.3397563,-0.3397563,10.04619,71.75836,0.02402558,0.3550454,0,0,7.214091
2/22/2007 4:00:00 AM,0,0,-82.58829,90,0,0,0.2713377,0.2713377,0,-1,0,0.2713377,0,0,0,0,0,0.2856187,0.2713377,0,0,4.16771,6.874335,0,0.2856187,-0.2856187,9.745122,69.60788,0.02402558,0.2984715,0,0,6.874335
2/22/2007 5:00:00 AM,0,0,-81.33717,90,0,0,0,0,0,0,0,0,0,0,0,0,0,0,0,0,0,4.485065,6.588716,0,0,0,9.745122,69.60788,0.02402558,0,0,0,6.588716
2/22/2007 6:00:00 AM,0.0004685278,0,-79.56532,90,0,0,0.3372725,0.3372725,0,0,0,0.3372725,0,0,5.551115E-17,0,0,0.3550237,0.3372725,0,0,4.485065,6.588716,0,0.3550237,-0.3550237,9.370894,66.93482,0.02402558,0.3709998,0,0,6.588716
2/22/2007 7:00:00 AM,0.1152374,8.341859,-77.14432,79.75606,0.1317753,0.5914078,1.076707,1.076707,0,0,0,1.076707,54.92744,0,0,0,0.5914078,1.133376,1.076707,0,0,4.879535,6.233692,0,0.5419683,-0.5419683,8.799609,62.85423,0.02402558,1.184378,0.4731262,0,6.8251
2/22/2007 8:00:00 AM,0.2927625,22.6855,-73.74095,65.07426,0.3079813,1.38222,0,0,0,0,0,0,0,0,0,0,1.38222,0,0,0,0,5.481722,5.691724,1.38222,0,1.38222,10.1109,72.22056,0.02394022,0,1.105776,0,7.073944
2/22/2007 9:00:00 AM,0.5663064,36.71992,-68.63654,50.48131,0.5978648,2.683217,0.7251995,0.7251995,0,-1,0,0.7251995,369.9971,0,0,0,2.683217,0.7633678,0.7251995,0,0,4.099502,6.935722,1.919849,0,1.919849,11.93223,85.23003,0.02382266,0.7977194,2.146574,0,9.618939
2/22/2007 10:00:00 AM,0.8372536,50.11291,-60.18132,36.11309,0.8797342,3.948247,0,0,0,0,0,0,0,1.768594,0,0,3.948247,0,0,0,0,2.179653,8.663587,2.179653,0,2.179653,14.00003,100,0.02369058,0,3.158598,0,12.61183
2/22/2007 11:00:00 AM,0.9046205,61.92658,-44.24304,22.43243,0.9449497,4.240934,0,0,0,0,0,0,0,4.240934,0,0,4.240934,0,0,0,0,0,10.62527,0,0,0,14.00003,100,0.02369058,0,3.392747,0,14.86621
2/22/2007 12:00:00 PM,0.7497301,69.25583,-12.71056,12.09075,0.7714191,3.462129,0,0,0,0,0,0,0,3.462129,0,0,3.462129,0,0,0,0,0,10.62527,0,0,0,14.00003,100,0.02369058,0,2.769703,0,14.0874
2/22/2007 1:00:00 PM,0.7329833,67.24801,27.36802,15.27534,0.7539431,3.383697,0.7532262,0.7532262,0,0,0,0.7532262,449.2271,2.590827,0,0,3.383697,0.7928697,0.7532262,0,0,0,10.62527,0,0,0,14.00003,100,0.02369058,0.8285488,2.706957,0,14.00897
2/22/2007 2:00:00 PM,0.723955,57.59476,51.84278,27.6514,0.7502843,3.367276,1.82064,1.82064,0,-1,0,1.82064,184.9501,1.450813,0,0,3.367276,1.916463,1.82064,0,0,0,10.62527,0,0,0,14.00003,100,0.02369058,2.002704,2.69382,0,13.99255
2/22/2007 3:00:00 PM,0.7029405,44.97149,64.07738,41.70821,0.7390853,3.317015,0,0,0,0,0,0,0,3.317015,0,0,3.317015,0,0,0,0,0,10.62527,0,0,0,14.00003,100,0.02369058,0,2.653612,0,13.94229
2/22/2007 4:00:00 PM,0.4640142,31.26435,70.91596,56.19101,0.4907448,2.202462,0,0,0,0,0,0,0,2.202462,0,0,2.202462,0,0,0,0,0,10.62527,0,0,0,14.00003,100,0.02369058,0,1.76197,0,12.82774
2/22/2007 5:00:00 PM,0.1882184,17.08393,75.2271,70.82873,0.1955283,0.8775309,0.5605632,0.5605632,0,0,0,0.5605632,156.5445,0.2874644,0,0,0.8775309,0.5900666,0.5605632,0,0,0,10.62527,0,0,0,14.00003,100,0.02369058,0.6166195,0.7020248,0,11.5028
2/22/2007 6:00:00 PM,0.0396453,2.662803,78.18726,85.52728,0.05048681,0.2265848,0.4235354,0.4235354,0,0,0,0.4235354,53.49844,0,0,0,0.2265848,0.4458267,0.4235354,0,0,0,10.62527,0,0.2192419,-0.2192419,13.76893,98.34928,0.02369058,0.4658889,0.1812679,0,10.85186
2/22/2007 7:00:00 PM,0,0,80.3271,90,0,0,1.867273,1.867273,0,-1,0,1.867273,0,0,2.220446E-16,0,0,1.96555,1.867273,0,0,0.2436022,10.40603,0,1.96555,-1.96555,11.69705,83.55022,0.02369058,2.054,0,0,10.40603
2/22/2007 8:00:00 PM,0,0,81.88865,90,0,0,1.614489,1.614489,0,-1,0,1.614489,0,0,2.220446E-16,0,0,1.699463,1.614489,0,0,2.427547,8.440482,0,1.699463,-1.699463,9.905663,70.7546,0.02369058,1.775938,0,0,8.440482
2/22/2007 9:00:00 PM,0,0,82.93174,90,0,0,0.9097089,0.9097089,0,-1,0,0.9097089,0,0,0,0,0,0.9575883,0.9097089,0,0,4.315839,6.741019,0,0.9575883,-0.9575883,8.896277,63.54471,0.02369058,1.00068,0,0,6.741019
2/22/2007 10:00:00 PM,0,0,83.26752,90,0,0,0.08517621,0.08517621,0,-1,0,0.08517621,0,0,1.387779E-17,0,0,0.08965916,0.08517621,0,0,5.379826,5.783431,0,0.08965916,-0.08965916,8.801768,62.86965,0.02369058,0.09369382,0,0,5.783431
2/22/2007 11:00:00 PM,0,0,81.78122,90,0,0,0.3888582,0.3888582,0,-1,0,0.3888582,0,0,5.551115E-17,0,0,0.4093244,0.3888582,0,0,5.479447,5.693772,0,0.4093244,-0.4093244,8.370302,59.78775,0.02369058,0.427744,0,0,5.693772
2/23/2007 12:00:00 AM,0,0,67.07899,90,0,0,0,0,0,-1,0,0,0,0,0,0,0,0,0,0,0,5.934252,5.284447,0,0,0,8.370302,59.78775,0.02369058,0,0,0,5.284447
2/23/2007 1:00:00 AM,0,0,-78.9287,90,0,0,0.5068576,0.5068576,0,-1,0,0.5068576,0,0,0,0,0,0.5335343,0.5068576,0,0,5.934252,5.284447,0,0.5335343,-0.5335343,7.807908,55.77066,0.02369058,0.5575433,0,0,5.284447
2/23/2007 2:00:00 AM,0,0,-83.60867,90,0,0,0.2107522,0.2107522,0,-1,0,0.2107522,0,0,2.775558E-17,0,0,0.2218444,0.2107522,0,0,6.527068,4.750913,0,0.2218444,-0.2218444,7.574063,54.10034,0.02369058,0.2318274,0,0,4.750913
2/23/2007 3:00:00 AM,0,0,-83.80679,90,0,0,0.1024384,0.1024384,0,-1,0,0.1024384,0,0,1.387779E-17,0,0,0.1078299,0.1024384,0,0,6.773561,4.529069,0,0.1078299,-0.1078299,7.460401,53.28847,0.02369058,0.1126823,0,0,4.529069
2/23/2007 4:00:00 AM,0,0,-83.02297,90,0,0,0.1085537,0.1085537,0,-1,0,0.1085537,0,0,1.387779E-17,0,0,0.1142671,0.1085537,0,0,6.893373,4.421239,0,0.1142671,-0.1142671,7.339952,52.42813,0.02369058,0.1194091,0,0,4.421239
2/23/2007 5:00:00 AM,0,0,-81.71381,90,0,0,0,0,0,0,0,0,0,0,0,0,0,0,0,0,0,7.020336,4.306972,0,0,0,7.339952,52.42813,0.02369058,0,0,0,4.306972
2/23/2007 6:00:00 AM,0.0007216628,0,-79.91674,90,0,0,0.2756648,0.2756648,0,0,0,0.2756648,0,0,0,0,0,0.2901735,0.2756648,0,0,7.020336,4.306972,0,0.2901735,-0.2901735,7.034083,50.24335,0.02369058,0.3032313,0,0,4.306972
2/23/2007 7:00:00 AM,0.1520538,8.431759,-77.4933,79.72099,0.1827478,0.820172,0,0,0,0,0,0,0,0,0,0,0.820172,0,0,0,0,7.342751,4.016798,0.820172,0,0.820172,7.812166,55.80107,0.02364126,0,0.6561376,0,4.83697
2/23/2007 8:00:00 AM,0.3953673,22.79814,-74.10801,65.01952,0.4282942,1.922185,1.07564,1.07564,0,0,0,1.07564,178.7014,0,0,0,1.922185,1.132253,1.07564,0,0,6.522579,4.754953,0.7899315,0,0.7899315,8.561561,61.15388,0.02359395,1.183205,1.537748,0,6.677137
2/23/2007 9:00:00 AM,0.6105057,36.86411,-69.04404,50.40171,0.64593,2.898934,0.6189207,0.6189207,0,-1,0,0.6189207,468.3853,0,0,0,2.898934,0.6514955,0.6189207,0,0,5.732647,5.465891,2.247438,0,2.247438,10.69367,76.38319,0.02346039,0.6808128,2.319147,0,8.364825
2/23/2007 10:00:00 AM,0.6643953,50.30499,-60.6511,35.99599,0.6900683,3.097027,0.264285,0.264285,0,0,0,0.264285,1171.851,0,0,0,3.097027,0.2781947,0.264285,0,0,3.485209,7.488586,2.818832,0,2.818832,13.36785,95.48443,0.02329498,0.2907135,2.477621,0,10.58561
2/23/2007 11:00:00 AM,0.7945057,62.19495,-44.74479,22.24361,0.8242102,3.699055,0,0,0,0,0,0,0,3.032678,0,0,3.699055,0,0,0,0,0.6663774,10.02553,0.6663774,0,0.6663774,14.00003,100,0.02325622,0,2.959244,0,13.72459
2/23/2007 12:00:00 PM,0.7170193,69.60796,-12.87368,11.75327,0.7348408,3.297966,0.6999079,0.6999079,0,0,0,0.6999079,471.2,2.56122,0,0,3.297966,0.7367452,0.6999079,0,0,0,10.62527,0,0,0,14.00003,100,0.02325622,0.7698987,2.638372,0,13.92324
2/23/2007 1:00:00 PM,0.6454231,67.55244,27.85212,15.03471,0.6574751,2.950748,0,0,0,0,0,0,0,2.950748,0,0,2.950748,0,0,0,0,0,10.62527,0,0,0,14.00003,100,0.02325622,0,2.360599,0,13.57602
2/23/2007 2:00:00 PM,0.8116065,57.79315,52.39762,27.53957,0.8459617,3.796676,0.8037632,0.8037632,0,-1,0,0.8037632,472.3625,2.95061,0,0,3.796676,0.8460665,0.8037632,0,0,0,10.62527,0,0,0,14.00003,100,0.02325622,0.8841395,3.037341,0,14.42195
2/23/2007 3:00:00 PM,0.5343427,45.10107,64.54778,41.65232,0.5502124,2.469353,0,0,0,0,0,0,0,2.469353,0,0,2.469353,0,0,0,0,0,10.62527,0,0,0,14.00003,100,0.02325622,0,1.975483,0,13.09463
2/23/2007 4:00:00 PM,0.5016176,31.35166,71.32084,56.16695,0.5327362,2.39092,1.140629,1.140629,0,0,0,1.140629,209.6142,1.190258,0,0,2.39092,1.200662,1.140629,0,0,0,10.62527,0,0,0,14.00003,100,0.02325622,1.254692,1.912736,0,13.01619
2/23/2007 5:00:00 PM,0.2244615,17.14283,75.59528,70.82719,0.239037,1.072798,1.846289,1.846289,0,0,0,1.846289,58.10563,0,0,0,1.072798,1.943462,1.846289,0,0,0,10.62527,0,0.8706645,-0.8706645,13.08227,93.44458,0.02325622,2.030918,0.8582384,0,11.69807
2/23/2007 6:00:00 PM,0.02845538,2.700709,78.5424,85.54454,0.0304877,0.1368288,0.8680667,0.8680667,0,0,0,0.8680667,15.76247,0,0,0,0.1368288,0.9137545,0.8680667,0,0,0.967405,9.75461,0,0.7769257,-0.7769257,12.26332,87.59493,0.02325622,0.9548734,0.109463,0,9.891438
2/23/2007 7:00:00 PM,0,0,80.69105,90,0,0,0.2277374,0.2277374,0,-1,0,0.2277374,0,0,2.775558E-17,0,0,0.2397236,0.2277374,0,0,1.830656,8.977684,0,0.2397236,-0.2397236,12.01062,85.79,0.02325622,0.2505111,0,0,8.977684
2/23/2007 8:00:00 PM,0,0,82.28735,90,0,0,0.8304932,0.8304932,0,-1,0,0.8304932,0,0,1.110223E-16,0,0,0.8742034,0.8304932,0,0,2.097015,8.737961,0,0.8742034,-0.8742034,11.08913,79.20794,0.02325622,0.9135426,0,0,8.737961
2/23/2007 9:00:00 PM,0,0,83.40595,90,0,0,0.8228436,0.8228436,0,-1,0,0.8228436,0,0,1.110223E-16,0,0,0.8661511,0.8228436,0,0,3.068352,7.863757,0,0.8661511,-0.8661511,10.17613,72.6865,0.02325622,0.9051279,0,0,7.863757
2/23/2007 10:00:00 PM,0,0,83.90311,90,0,0,0.2826371,0.2826371,0,-1,0,0.2826371,0,0,0,0,0,0.2975127,0.2826371,0,0,4.030743,6.997606,0,0.2975127,-0.2975127,9.862524,70.44646,0.02325622,0.3109008,0,0,6.997606
2/23/2007 11:00:00 PM,0,0,82.8478,90,0,0,0,0,0,-1,0,0,0,0,0,0,0,0,0,0,0,4.361312,6.700093,0,0,0,9.862524,70.44646,0.02325622,0,0,0,6.700093
2/24/2007 12:00:00 AM,0,0,71.03706,90,0,0,0.1486845,0.1486845,0,-1,0,0.1486845,0,0,2.775558E-17,0,0,0.15651,0.1486845,0,0,4.361312,6.700093,0,0.15651,-0.15651,9.697548,69.26806,0.02325622,0.163553,0,0,6.700093
2/24/2007 1:00:00 AM,0,0,-80.90733,90,0,0,0.2159743,0.2159743,0,-1,0,0.2159743,0,0,2.775558E-17,0,0,0.2273414,0.2159743,0,0,4.535212,6.543583,0,0.2273414,-0.2273414,9.457909,67.55636,0.02325622,0.2375717,0,0,6.543583
2/24/2007 2:00:00 AM,0,0,-84.45528,90,0,0,0,0,0,-1,0,0,0,0,0,0,0,0,0,0,0,4.787814,6.316242,0,0,0,9.457909,67.55636,0.02325622,0,0,0,6.316242
2/24/2007 3:00:00 AM,0,0,-84.36595,90,0,0,0,0,0,-1,0,0,0,0,0,0,0,0,0,0,0,4.787814,6.316242,0,0,0,9.457909,67.55636,0.02325622,0,0,0,6.316242
2/24/2007 4:00:00 AM,0,0,-83.46089,90,0,0,0.2237312,0.2237312,0,-1,0,0.2237312,0,0,0,0,0,0.2355066,0.2237312,0,0,4.787814,6.316242,0,0.2355066,-0.2355066,9.209663,65.78318,0.02325622,0.2461044,0,0,6.316242
2/24/2007 5:00:00 AM,0,0,-82.09326,90,0,0,0,0,0,0,0,0,0,0,0,0,0,0,0,0,0,5.049488,6.080735,0,0,0,9.209663,65.78318,0.02325622,0,0,0,6.080735
2/24/2007 6:00:00 AM,0.000704311,0,-80.27087,90,0,0,0.2700053,0.2700053,0,0,0,0.2700053,0,0,5.551115E-17,0,0,0.2842162,0.2700053,0,0,5.049488,6.080735,0,0.2842162,-0.2842162,8.910073,63.64325,0.02325622,0.2970059,0,0,6.080735
2/24/2007 7:00:00 AM,0.1394732,8.524811,-77.8451,79.68331,0.1643514,0.7376091,0.119065,0.119065,0,0,0,0.119065,619.5011,0,0,0,0.7376091,0.1253316,0.119065,0,0,5.365283,5.796519,0.6122775,0,0.6122775,9.490931,67.79223,0.02322072,0.1309715,0.5900873,0,6.534128
2/24/2007 8:00:00 AM,0.3271199,22.91355,-74.47826,64.96262,0.3474402,1.559312,1.346468,1.346468,0,0,0,1.346468,115.8076,0,0,0,1.559312,1.417335,1.346468,0,0,4.753006,6.347569,0.141977,0,0.141977,9.625622,68.7543,0.0232125,1.481115,1.247449,0,7.90688
2/24/2007 9:00:00 AM,0.5035545,37.01073,-69.45564,50.32049,0.5251104,2.356696,0.8866495,0.8866495,0,-1,0,0.8866495,265.7979,0,0,0,2.356696,0.9333153,0.8866495,0,0,4.611029,6.475348,1.42338,0,1.42338,10.97596,78.39955,0.02313045,0.9753145,1.885357,0,8.832044
2/24/2007 10:00:00 AM,0.7509437,50.49924,-61.12694,35.87799,0.7846821,3.521653,0.5831918,0.5831918,0,0,0,0.5831918,603.8585,0,0,0,3.521653,0.6138861,0.5831918,0,0,3.187649,7.756391,2.907767,0,2.907767,13.73451,98.10344,0.02296461,0.641511,2.817322,0,11.27804
2/24/2007 11:00:00 AM,0.9872682,62.4658,-45.25607,22.05467,1.03038,4.624343,0.8045983,0.8045983,0,0,0,0.8045983,574.7394,3.497516,0,0,4.624343,0.8469456,0.8045983,0,0,0.2798814,10.37338,0.2798814,0,0.2798814,14.00003,100,0.02294877,0.8850582,3.699475,0,14.99772
2/24/2007 12:00:00 PM,0.8063551,69.96375,-13.03615,11.41285,0.8323004,3.735364,0,0,0,0,0,0,0,3.735364,0,0,3.735364,0,0,0,0,0,10.62527,0,0,0,14.00003,100,0.02294877,0,2.988291,0,14.36064
2/24/2007 1:00:00 PM,0.8658361,67.85683,28.35966,14.79848,0.898326,4.031687,1.239354,1.239354,0,0,0,1.239354,325.3056,2.727104,0,0,4.031687,1.304583,1.239354,0,0,0,10.62527,0,0,0,14.00003,100,0.02294877,1.363289,3.22535,0,14.65696
2/24/2007 2:00:00 PM,0.9361909,57.98868,52.9667,27.43315,0.978359,4.390875,0,0,0,-1,0,0,0,4.390875,0,0,4.390875,0,0,0,0,0,10.62527,0,0,0,14.00003,100,0.02294877,0,3.5127,0,15.01615
2/24/2007 3:00:00 PM,0.6081287,45.22739,65.02617,41.60104,0.6321394,2.837042,0.9436964,0.9436964,0,0,0,0.9436964,300.6308,1.843677,0,0,2.837042,0.9933646,0.9436964,0,0,0,10.62527,0,0,0,14.00003,100,0.02294877,1.038066,2.269633,0,13.46232
2/24/2007 4:00:00 PM,0.3795105,31.4359,71.73109,56.14685,0.3922268,1.760314,0.8763428,0.8763428,0,0,0,0.8763428,200.8705,0.8378479,0,0,1.760314,0.9224662,0.8763428,0,0,0,10.62527,0,0,0,14.00003,100,0.02294877,0.9639772,1.408251,0,12.38559
2/24/2007 5:00:00 PM,0.2453544,17.19895,75.96765,70.82913,0.264268,1.186035,1.501869,1.501869,0,0,0,1.501869,78.9706,0,0,0,1.186035,1.580915,1.501869,0,0,0,10.62527,0,0.3948798,-0.3948798,13.58379,97.02686,0.02294877,1.652056,0.9488279,0,11.81131
2/24/2007 6:00:00 PM,0.04554627,2.736191,78.90123,85.56483,0.06168713,0.2768518,0.2517588,0.2517588,0,0,0,0.2517588,109.9671,0,0,0,0.2768518,0.2650093,0.2517588,0,0,0.4387553,10.23039,0.01184253,0,0.01184253,13.59502,97.10712,0.0229481,0.2769347,0.2214815,0,10.50725
2/24/2007 7:00:00 PM,0,0,81.05857,90,0,0,2.855989,2.855989,0,-1,0,2.855989,0,0,4.440892E-16,0,0,3.006304,2.855989,0,0,0.4269128,10.24105,0,3.006304,-3.006304,10.4261,74.47199,0.0229481,3.141588,0,0,10.24105
2/24/2007 8:00:00 PM,0,0,82.68985,90,0,0,2.138244,2.138244,0,-1,0,2.138244,0,0,4.440892E-16,0,0,2.250784,2.138244,0,0,3.767251,7.234748,0,2.250784,-2.250784,8.053566,57.52535,0.0229481,2.352069,0,0,7.234748
2/24/2007 9:00:00 PM,0,0,83.88473,90,0,0,1.462351,1.462351,0,-1,0,1.462351,0,0,2.220446E-16,0,0,1.539317,1.462351,0,0,6.268122,4.983965,0,1.539317,-1.539317,6.430983,45.9355,0.0229481,1.608586,0,0,4.983965
2/24/2007 10:00:00 PM,0,0,84.54523,90,0,0,0.2127615,0.2127615,0,-1,0,0.2127615,0,0,2.775558E-17,0,0,0.2239595,0.2127615,0,0,7.978474,3.444648,0,0.2239595,-0.2239595,6.194909,44.24926,0.0229481,0.2340377,0,0,3.444648
2/24/2007 11:00:00 PM,0,0,83.92857,90,0,0,0.4516158,0.4516158,0,-1,0,0.4516158,0,0,5.551115E-17,0,0,0.4753851,0.4516158,0,0,8.227318,3.220688,0,0.4753851,-0.4753851,5.69381,40.66999,0.0229481,0.4967774,0,0,3.220688
2/25/2007 12:00:00 AM,0,0,75.26025,90,0,0,0.1614954,0.1614954,0,-1,0,0.1614954,0,0,2.775558E-17,0,0,0.1699952,0.1614954,0,0,8.755524,2.745303,0,0.1699952,-0.1699952,5.514619,39.39006,0.0229481,0.177645,0,0,2.745303
2/25/2007 1:00:00 AM,0,0,-82.91223,90,0,0,0,0,0,-1,0,0,0,0,0,0,0,0,0,0,0,8.944407,2.575308,0,0,0,5.514619,39.39006,0.0229481,0,0,0,2.575308
2/25/2007 2:00:00 AM,0,0,-85.30811,90,0,0,0,0,0,-1,0,0,0,0,0,0,0,0,0,0,0,8.944407,2.575308,0,0,0,5.514619,39.39006,0.0229481,0,0,0,2.575308
2/25/2007 3:00:00 AM,0,0,-84.92899,90,0,0,0.1763298,0.1763298,0,-1,0,0.1763298,0,0,0,0,0,0.1856103,0.1763298,0,0,8.944407,2.575308,0,0.1856103,-0.1856103,5.318968,37.99255,0.0229481,0.1939628,0,0,2.575308
2/25/2007 4:00:00 AM,0,0,-83.90185,90,0,0,0.0624759,0.0624759,0,-1,0,0.0624759,0,0,0,0,0,0.0657641,0.0624759,0,0,9.15064,2.389698,0,0.0657641,-0.0657641,5.249647,37.4974,0.0229481,0.06872348,0,0,2.389698
2/25/2007 5:00:00 AM,0,0,-82.47541,90,0,0,0.2399589,0.2399589,0,0,0,0.2399589,0,0,2.775558E-17,0,0,0.2525883,0.2399589,0,0,9.223712,2.323934,0,0.2525883,-0.2525883,4.983396,35.59561,0.0229481,0.2639547,0,0,2.323934
2/25/2007 6:00:00 AM,0.0008501397,0,-80.62759,90,0,0,0.1282448,0.1282448,0,0,0,0.1282448,0,0,0,0,0,0.1349945,0.1282448,0,0,9.504365,2.071346,0,0.1349945,-0.1349945,4.841099,34.57921,0.0229481,0.1410692,0,0,2.071346
2/25/2007 7:00:00 AM,0.09586818,8.620946,-78.19961,79.64308,0.1023353,0.4592808,0.5926739,0.5926739,0,0,0,0.5926739,77.49299,0,0,0,0.4592808,0.6238673,0.5926739,0,0,9.654359,1.936351,0,0.1645865,-0.1645865,4.667609,33.34,0.0229481,0.6519413,0.3674246,0,2.395632
2/25/2007 8:00:00 AM,0.3152555,23.03166,-74.85165,64.90363,0.3325492,1.492481,0,0,0,0,0,0,0,0,0,0,1.492481,0,0,0,0,9.837233,1.771764,1.492481,0,1.492481,6.083501,43.45349,0.02286403,0,1.193985,0,3.264245
2/25/2007 9:00:00 AM,0.3782702,37.15967,-69.87128,50.23777,0.384516,1.725708,0,0,0,-1,0,0,0,0,0,0,1.725708,0,0,0,0,8.344752,3.114997,1.725708,0,1.725708,7.720651,55.1474,0.02276757,0,1.380566,0,4.840705
2/25/2007 10:00:00 AM,0.5466543,50.69553,-61.60891,35.75925,0.5583057,2.505676,0.01182891,0.01182891,0,0,0,0.01182891,21182.65,0,0,0,2.505676,0.01245148,0.01182891,0,0,6.619045,4.668134,2.493225,0,2.493225,10.08593,72.04222,0.02262965,0.0130118,2.004541,0,7.17381
2/25/2007 11:00:00 AM,0.4570525,62.73896,-45.77721,21.86587,0.4584787,2.057652,0.1500375,0.1500375,0,0,0,0.1500375,1371.425,0,0,0,2.057652,0.1579342,0.1500375,0,0,4.12582,6.912036,1.899718,0,1.899718,11.88816,84.91528,0.02252568,0.1650413,1.646122,0,8.969688
2/25/2007 12:00:00 PM,0.8601962,70.32305,-13.19809,11.06965,0.8903391,3.995842,1.880005,1.880005,0,0,0,1.880005,212.5442,0,0,0,3.995842,1.978953,1.880005,0,0,2.226102,8.621782,2.016889,0,2.016889,13.80155,98.58231,0.02241633,2.068006,3.196673,0,12.61762
2/25/2007 1:00:00 PM,0.8358164,68.16094,28.89138,14.56714,0.8647299,3.880908,0,0,0,0,0,0,0,3.671695,0,0,3.880908,0,0,0,0,0.209213,10.43698,0.209213,0,0.209213,14.00003,100,0.02240505,0,3.104726,0,14.31789
2/25/2007 2:00:00 PM,0.9262478,58.18116,53.54996,27.33234,0.9668103,4.339045,0.6065991,0.6065991,0,-1,0,0.6065991,715.3068,3.700519,0,0,4.339045,0.6385254,0.6065991,0,0,0,10.62527,0,0,0,14.00003,100,0.02240505,0.667259,3.471236,0,14.96432
2/25/2007 3:00:00 PM,0.8103301,45.35036,65.51237,41.55443,0.8509445,3.819039,0,0,0,0,0,0,0,3.819039,0,0,3.819039,0,0,0,0,0,10.62527,0,0,0,14.00003,100,0.02240505,0,3.055231,0,14.44431
2/25/2007 4:00:00 PM,0.3603624,31.51702,72.14655,56.13074,0.3701785,1.661361,1.457988,1.457988,0,0,0,1.457988,113.9489,0.1266366,0,0,1.661361,1.534724,1.457988,0,0,0,10.62527,0,0,0,14.00003,100,0.02240505,1.603787,1.329089,0,12.28664
2/25/2007 5:00:00 PM,0.1614215,17.25228,76.3441,70.83453,0.1642555,0.7371787,0.6309991,0.6309991,0,0,0,0.6309991,116.8272,0.07296912,0,0,0.7371787,0.6642097,0.6309991,0,0,0,10.62527,0,0,0,14.00003,100,0.02240505,0.6940991,0.589743,0,11.36245
2/25/2007 6:00:00 PM,0.03915207,2.769265,79.26363,85.58812,0.04751123,0.2132304,0,0,0,0,0,0,0,0.2132304,0,0,0.2132304,0,0,0,0,0,10.62527,0,0,0,14.00003,100,0.02240505,0,0.1705843,0,10.8385
2/25/2007 7:00:00 PM,0,0,81.42957,90,0,0,1.781841,1.781841,0,-1,0,1.781841,0,0,2.220446E-16,0,0,1.875622,1.781841,0,0,0,10.62527,0,1.875622,-1.875622,12.02295,85.87804,0.02240505,1.960025,0,0,10.62527
2/25/2007 8:00:00 PM,0,0,83.09607,90,0,0,1.26919,1.26919,0,-1,0,1.26919,0,0,2.220446E-16,0,0,1.335989,1.26919,0,0,2.084024,8.749652,0,1.335989,-1.335989,10.61469,75.81908,0.02240505,1.396109,0,0,8.749652
2/25/2007 9:00:00 PM,0,0,84.36796,90,0,0,1.974055,1.974055,0,-1,0,1.974055,0,0,2.220446E-16,0,0,2.077953,1.974055,0,0,3.568457,7.413663,0,2.077953,-2.077953,8.424338,60.17373,0.02240505,2.17146,0,0,7.413663
2/25/2007 10:00:00 PM,0,0,85.19374,90,0,0,0,0,0,-1,0,0,0,0,0,0,0,0,0,0,0,5.877293,5.335711,0,0,0,8.424338,60.17373,0.02240505,0,0,0,5.335711
2/25/2007 11:00:00 PM,0,0,85.02312,90,0,0,0.2788262,0.2788262,0,-1,0,0.2788262,0,0,0,0,0,0.2935013,0.2788262,0,0,5.877293,5.335711,0,0.2935013,-0.2935013,8.114961,57.96389,0.02240505,0.3067089,0,0,5.335711
2/26/2007 12:00:00 AM,0,0,79.73293,90,0,0,0.02737401,0.02737401,0,-1,0,0.02737401,0,0,0,0,0,0.02881474,0.02737401,0,0,6.203405,5.042209,0,0.02881474,-0.02881474,8.084587,57.74694,0.02240505,0.03011141,0,0,5.042209
2/26/2007 1:00:00 AM,0,0,-84.93668,90,0,0,0,0,0,-1,0,0,0,0,0,0,0,0,0,0,0,6.235422,5.013394,0,0,0,8.084587,57.74694,0.02240505,0,0,0,5.013394
2/26/2007 2:00:00 AM,0,0,-86.1663,90,0,0,0,0,0,-1,0,0,0,0,0,0,0,0,0,0,0,6.235422,5.013394,0,0,0,8.084587,57.74694,0.02240505,0,0,0,5.013394
2/26/2007 3:00:00 AM,0,0,-85.49557,90,0,0,0.134268,0.134268,0,-1,0,0.134268,0,0,0,0,0,0.1413348,0.134268,0,0,6.235422,5.013394,0,0.1413348,-0.1413348,7.935607,56.6828,0.02240505,0.1476948,0,0,5.013394
2/26/2007 4:00:00 AM,0,0,-84.34565,90,0,0,0.4908788,0.4908788,0,-1,0,0.4908788,0,0,5.551115E-17,0,0,0.5167146,0.4908788,0,0,6.39246,4.87206,0,0.5167146,-0.5167146,7.390943,52.79234,0.02240505,0.5399667,0,0,4.87206
2/26/2007 5:00:00 AM,0,0,-82.8601,90,0,0,0.1250399,0.1250399,0,0,0,0.1250399,0,0,0,0,0,0.131621,0.1250399,0,0,6.966588,4.355345,0,0.131621,-0.131621,7.252202,51.80134,0.02240505,0.1375439,0,0,4.355345
2/26/2007 6:00:00 AM,0.0009489528,0,-80.98679,90,0,0,0.2640782,0.2640782,0,0,0,0.2640782,0,0,5.551115E-17,0,0,0.277977,0.2640782,0,0,7.112833,4.223724,0,0.277977,-0.277977,6.959188,49.70839,0.02240505,0.290486,0,0,4.223724
2/26/2007 7:00:00 AM,0.139561,8.720089,-78.55676,79.60035,0.1617757,0.7260494,0.8216717,0.8216717,0,0,0,0.8216717,88.36246,1.110223E-16,0,0,0.7260494,0.8649175,0.8216717,0,0,7.421697,3.945747,0,0.1388682,-0.1388682,6.812809,48.66282,0.02240505,0.9038388,0.5808395,0,4.671796
2/26/2007 8:00:00 AM,0.4321515,23.15236,-75.2281,64.84264,0.4656858,2.089998,0.9091615,0.9091615,0,0,0,0.9091615,229.8819,0,0,0,2.089998,0.9570121,0.9091615,0,0,7.575994,3.806879,1.132985,0,1.132985,7.887653,56.34026,0.02234415,1.000078,1.671998,0,5.896877
2/26/2007 9:00:00 AM,0.6570683,37.31081,-70.29095,50.15364,0.6929902,3.11014,1.090638,1.090638,0,-1,0,1.090638,285.167,0,0,0,3.11014,1.14804,1.090638,0,0,6.443009,4.826566,1.9621,0,1.9621,9.749064,69.63603,0.02223946,1.199702,2.488112,0,7.936706
2/26/2007 10:00:00 AM,0.8703791,50.89371,-62.09706,35.63992,0.9101619,4.084806,0.8903175,0.8903175,0,0,0,0.8903175,458.8033,0,0,0,4.084806,0.9371763,0.8903175,0,0,4.480909,6.592456,3.14763,0,3.14763,12.73517,90.96531,0.02207356,0.9793493,3.267845,0,10.67726
2/26/2007 11:00:00 AM,1.000754,63.01428,-46.30857,21.67745,1.042243,4.677589,1.324991,1.324991,0,0,0,1.324991,353.0279,1.949582,0,0,4.677589,1.394727,1.324991,0,0,1.333279,9.425323,1.333279,0,1.333279,14.00003,100,0.02200403,1.45749,3.742071,0,14.10291
2/26/2007 12:00:00 PM,1.127965,70.68578,-13.35962,10.72386,1.173304,5.265787,0.2235788,0.2235788,0,0,0,0.2235788,2355.227,5.030441,0,0,5.265787,0.2353461,0.2235788,0,0,0,10.62527,0,0,0,14.00003,100,0.02200403,0.2459366,4.212629,0,15.89106
2/26/2007 1:00:00 PM,0.9376448,68.46453,29.44805,14.34123,0.9738423,4.370604,0,0,0,0,0,0,0,4.370604,0,0,4.370604,0,0,0,0,0,10.62527,0,0,0,14.00003,100,0.02200403,0,3.496483,0,14.99588
2/26/2007 2:00:00 PM,0.8468667,58.37043,54.14732,27.23732,0.8812551,3.955073,0,0,0,-1,0,0,0,3.955073,0,0,3.955073,0,0,0,0,0,10.62527,0,0,0,14.00003,100,0.02200403,0,3.164058,0,14.58035
2/26/2007 3:00:00 PM,0.7263957,45.46989,66.00622,41.51257,0.7605631,3.413407,0.1844834,0.1844834,0,0,0,0.1844834,1850.252,3.219214,0,0,3.413407,0.1941931,0.1844834,0,0,0,10.62527,0,0,0,14.00003,100,0.02200403,0.2029318,2.730726,0,14.03868
2/26/2007 4:00:00 PM,0.5971264,31.59497,72.56707,56.11863,0.633957,2.845199,0.7103333,0.7103333,0,0,0,0.7103333,400.5443,2.09748,0,0,2.845199,0.7477192,0.7103333,0,0,0,10.62527,0,0,0,14.00003,100,0.02200403,0.7813666,2.276159,0,13.47047
2/26/2007 5:00:00 PM,0.2969351,17.30282,76.72448,70.84335,0.324919,1.458236,1.24367,1.24367,0,0,0,1.24367,117.2526,0.1491097,0,0,1.458236,1.309127,1.24367,0,0,0,10.62527,0,0,0,14.00003,100,0.02200403,1.368037,1.166589,0,12.08351
2/26/2007 6:00:00 PM,0.05364428,2.799951,79.62949,85.61437,0.07735045,0.3471488,1.288434,1.288434,0,0,0,1.288434,26.94346,0,2.220446E-16,0,0.3471488,1.356247,1.288434,0,0,0,10.62527,0,1.009098,-1.009098,12.93635,92.40228,0.02200403,1.417278,0.2777191,0,10.97242
2/26/2007 7:00:00 PM,0,0,81.80392,90,0,0,0.7091255,0.7091255,0,-1,0,0.7091255,0,0,0,0,0,0.7464479,0.7091255,0,0,1.12122,9.616177,0,0.7464479,-0.7464479,12.14952,86.78211,0.02200403,0.780038,0,0,9.616177
2/26/2007 8:00:00 PM,0,0,83.50589,90,0,0,2.607804,2.607804,0,-1,0,2.607804,0,0,0,0,0,2.745057,2.607804,0,0,1.950606,8.869728,0,2.745057,-2.745057,9.255977,66.11398,0.02200403,2.868584,0,0,8.869728
2/26/2007 9:00:00 PM,0,0,84.85553,90,0,0,0.7489209,0.7489209,0,-1,0,0.7489209,0,0,0,0,0,0.7883378,0.7489209,0,0,5.000669,6.124671,0,0.7883378,-0.7883378,8.424995,60.17842,0.02200403,0.823813,0,0,6.124671
2/26/2007 10:00:00 PM,0,0,85.84849,90,0,0,0.05986422,0.05986422,0,-1,0,0.05986422,0,0,1.387779E-17,0,0,0.06301497,0.05986422,0,0,5.8766,5.336334,0,0.06301497,-0.06301497,8.358572,59.70396,0.02200403,0.06585065,0,0,5.336334
2/26/2007 11:00:00 PM,0,0,86.131,90,0,0,0.2157192,0.2157192,0,-1,0,0.2157192,0,0,0,0,0,0.2270728,0.2157192,0,0,5.946617,5.273319,0,0.2270728,-0.2270728,8.119216,57.99429,0.02200403,0.2372911,0,0,5.273319
2/27/2007 12:00:00 AM,0,0,84.42612,90,0,0,0.3196184,0.3196184,0,-1,0,0.3196184,0,0,0,0,0,0.3364404,0.3196184,0,0,6.19892,5.046246,0,0.3364404,-0.3364404,7.764577,55.46115,0.02200403,0.3515803,0,0,5.046246
2/27/2007 1:00:00 AM,0,0,-86.97371,90,0,0,0.4149359,0.4149359,0,-1,0,0.4149359,0,0,5.551115E-17,0,0,0.4367746,0.4149359,0,0,6.572743,4.709805,0,0.4367746,-0.4367746,7.304176,52.17258,0.02200403,0.4564295,0,0,4.709805
2/27/2007 2:00:00 AM,0,0,-87.02901,90,0,0,0.208852,0.208852,0,-1,0,0.208852,0,0,0,0,0,0.2198442,0.208852,0,0,7.058048,4.273031,0,0.2198442,-0.2198442,7.07244,50.51733,0.02200403,0.2297372,0,0,4.273031
2/27/2007 3:00:00 AM,0,0,-86.06533,90,0,0,0,0,0,-1,0,0,0,0,0,0,0,0,0,0,0,7.302319,4.053187,0,0,0,7.07244,50.51733,0.02200403,0,0,0,4.053187
2/27/2007 4:00:00 AM,0,0,-84.79209,90,0,0,0.2863124,0.2863124,0,-1,0,0.2863124,0,0,0,0,0,0.3013814,0.2863124,0,0,7.302319,4.053187,0,0.3013814,-0.3013814,6.754756,48.24816,0.02200403,0.3149436,0,0,4.053187
2/27/2007 5:00:00 AM,0,0,-83.2472,90,0,0,0.3832644,0.3832644,0,0,0,0.3832644,0,0,5.551115E-17,0,0,0.4034362,0.3832644,0,0,7.637187,3.751806,0,0.4034362,-0.4034362,6.329497,45.2106,0.02200403,0.4215908,0,0,3.751806
2/27/2007 6:00:00 AM,0.001458999,0,-81.34836,90,0,0,0,0,0,0,0,0,0,0,0,0,0,0,0,0,0,8.08545,3.348369,0,0,0,6.329497,45.2106,0.02200403,0,0,0,3.348369
2/27/2007 7:00:00 AM,0.1386795,8.822163,-78.91644,79.55518,0.1592509,0.714718,0,0,0,0,0,0,0,0,0,0,0.714718,0,0,0,0,8.08545,3.348369,0.714718,0,0.714718,7.007538,50.05374,0.02196694,0,0.5717744,0,4.063087
2/27/2007 8:00:00 AM,0.2296885,23.27556,-75.60754,64.77974,0.2335039,1.047965,0,0,0,0,0,0,0,0,0,0,1.047965,0,0,0,0,7.370732,3.991615,1.047965,0,1.047965,8.001725,57.15506,0.02191277,0,0.8383723,0,5.039581
2/27/2007 9:00:00 AM,0.5823978,37.46402,-70.71461,50.06822,0.6107714,2.741142,1.715749,1.715749,0,-1,0,1.715749,159.7635,0,0,0,2.741142,1.806052,1.715749,0,0,6.322767,4.934784,0.9350902,0,0.9350902,8.888829,63.49151,0.02186467,1.887324,2.192914,0,7.675927
2/27/2007 10:00:00 AM,0.6539441,51.09364,-62.59143,35.52016,0.6753342,3.0309,0,0,0,0,0,0,0,0,0,0,3.0309,0,0,0,0,5.387676,5.776365,3.0309,0,3.0309,11.76419,84.02979,0.0217102,0,2.42472,0,8.807265
2/27/2007 11:00:00 AM,0.7334796,63.29157,-46.8505,21.48968,0.7540788,3.384306,0.4992768,0.4992768,0,0,0,0.4992768,677.8416,0.5019748,0,0,3.384306,0.5255545,0.4992768,0,0,2.356776,8.504175,2.356776,0,2.356776,14.00003,100,0.02159158,0.5492045,2.707445,0,11.88848
2/27/2007 12:00:00 PM,0.6510259,71.05183,-13.52087,10.37568,0.6612061,2.967493,1.032279,1.032279,0,0,0,1.032279,287.4702,1.880884,0,0,2.967493,1.086609,1.032279,0,0,0,10.62527,0,0,0,14.00003,100,0.02159158,1.135506,2.373994,0,13.59277
2/27/2007 1:00:00 PM,0.8391391,68.76734,30.03046,14.12129,0.8666559,3.889552,0.547634,0.547634,0,0,0,0.547634,710.2465,3.313095,0,0,3.889552,0.5764568,0.547634,0,0,0,10.62527,0,0,0,14.00003,100,0.02159158,0.6023974,3.111641,0,14.51483
2/27/2007 2:00:00 PM,0.7931873,58.55627,54.75867,27.14825,0.8222315,3.690175,0.7432739,0.7432739,0,-1,0,0.7432739,496.4759,2.907782,0,0,3.690175,0.7823935,0.7432739,0,0,0,10.62527,0,0,0,14.00003,100,0.02159158,0.8176012,2.95214,0,14.31545
2/27/2007 3:00:00 PM,0.71956,45.58588,66.50751,41.47551,0.7521656,3.375719,0,0,0,0,0,0,0,3.375719,0,0,3.375719,0,0,0,0,0,10.62527,0,0,0,14.00003,100,0.02159158,0,2.700575,0,14.00099
2/27/2007 4:00:00 PM,0.4659695,31.66973,72.99249,56.11053,0.4888615,2.19401,0.626373,0.626373,0,0,0,0.626373,350.2722,1.53467,0,0,2.19401,0.65934,0.626373,0,0,0,10.62527,0,0,0,14.00003,100,0.02159158,0.6890103,1.755208,0,12.81928
2/27/2007 5:00:00 PM,0.3222108,17.35057,77.10867,70.8556,0.3527468,1.583127,1.890249,1.890249,0,0,0,1.890249,83.75234,0,0,0,1.583127,1.989735,1.890249,0,0,0,10.62527,0,0.406608,-0.406608,13.57143,96.93856,0.02159158,2.079274,1.266502,0,12.2084
2/27/2007 6:00:00 PM,0.06186111,2.828272,79.9987,85.64353,0.09237152,0.4145634,0.3200862,0.3200862,0,0,0,0.3200862,129.5162,0,0,0,0.4145634,0.3369329,0.3200862,0,0,0.4517867,10.21867,0.07763053,0,0.07763053,13.64507,97.46461,0.02158769,0.3520949,0.3316507,0,10.63323
2/27/2007 7:00:00 PM,0,0,82.18153,90,0,0,2.02506,2.02506,0,-1,0,2.02506,0,0,0,0,0,2.131642,2.02506,0,0,0.3741561,10.28853,0,2.131642,-2.131642,11.39812,81.41502,0.02158769,2.227566,0,0,10.28853
2/27/2007 8:00:00 PM,0,0,83.91921,90,0,0,0.09663993,0.09663993,0,-1,0,0.09663993,0,0,0,0,0,0.1017262,0.09663993,0,0,2.742647,8.156892,0,0.1017262,-0.1017262,11.2909,80.64909,0.02158769,0.1063039,0,0,8.156892
2/27/2007 9:00:00 PM,0,0,85.34733,90,0,0,1.206048,1.206048,0,-1,0,1.206048,0,0,2.220446E-16,0,0,1.269524,1.206048,0,0,2.855676,8.055165,0,1.269524,-1.269524,9.9527,71.09058,0.02158769,1.326653,0,0,8.055165
2/27/2007 10:00:00 PM,0,0,86.5093,90,0,0,0.35603,0.35603,0,-1,0,0.35603,0,0,5.551115E-17,0,0,0.3747684,0.35603,0,0,4.266258,6.785642,0,0.3747684,-0.3747684,9.557659,68.26886,0.02158769,0.391633,0,0,6.785642
2/27/2007 11:00:00 PM,0,0,87.25168,90,0,0,0,0,0,-1,0,0,0,0,0,0,0,0,0,0,0,4.682668,6.410873,0,0,0,9.557659,68.26886,0.02158769,0,0,0,6.410873
2/28/2007 12:00:00 AM,0,0,89.29675,90,0,0,0.205318,0.205318,0,-1,0,0.205318,0,0,2.775558E-17,0,0,0.2161242,0.205318,0,0,4.682668,6.410873,0,0.2161242,-0.2161242,9.329844,66.64162,0.02158769,0.2258498,0,0,6.410873
2/28/2007 1:00:00 AM,0,0,-89.01615,90,0,0,0.08940609,0.08940609,0,-1,0,0.08940609,0,0,1.387779E-17,0,0,0.09411167,0.08940609,0,0,4.922806,6.194749,0,0.09411167,-0.09411167,9.230642,65.93303,0.02158769,0.0983467,0,0,6.194749
2/28/2007 2:00:00 AM,0,0,-87.89536,90,0,0,0.28315,0.28315,0,-1,0,0.28315,0,0,0,0,0,0.2980526,0.28315,0,0,5.027374,6.100637,0,0.2980526,-0.2980526,8.916467,63.68892,0.02158769,0.311465,0,0,6.100637
2/28/2007 3:00:00 AM,0,0,-86.63795,90,0,0,0.03655835,0.03655835,0,-1,0,0.03655835,0,0,0,0,0,0.03848248,0.03655835,0,0,5.358543,5.802585,0,0.03848248,-0.03848248,8.875903,63.39918,0.02158769,0.04021418,0,0,5.802585
2/28/2007 4:00:00 AM,0,0,-85.24097,90,0,0,0.2986975,0.2986975,0,-1,0,0.2986975,0,0,5.551115E-17,0,0,0.3144184,0.2986975,0,0,5.401302,5.764102,0,0.3144184,-0.3144184,8.544477,61.03186,0.02158769,0.3285672,0,0,5.764102
2/28/2007 5:00:00 AM,0,0,-83.63656,90,0,0,0.415977,0.415977,0,0,0,0.415977,0,0,0,0,0,0.4378705,0.415977,0,0,5.750656,5.449684,0,0.4378705,-0.4378705,8.082921,57.73503,0.02158769,0.4575747,0,0,5.449684
2/28/2007 6:00:00 AM,0.0007833298,0,-81.7122,90,0,0,0.08483701,0.08483701,0,0,0,0.08483701,0,0,0,0,0,0.08930212,0.08483701,0,0,6.237178,5.011814,0,0.08930212,-0.08930212,7.988788,57.06266,0.02158769,0.09332071,0,0,5.011814
2/28/2007 7:00:00 AM,0.09523463,8.927088,-79.27859,79.50764,0.100042,0.4489886,0.06306274,0.06306274,0,0,0,0.06306274,711.9713,0,0,0,0.4489886,0.06638183,0.06306274,0,0,6.336403,4.922512,0.3826068,0,0.3826068,8.351761,59.65532,0.02156857,0.06936902,0.3591909,0,5.3715
2/28/2007 8:00:00 AM,0.1577655,23.40117,-75.98991,64.715,0.1576993,0.7077547,1.266011,1.266011,0,0,0,1.266011,55.90433,0,2.220446E-16,0,0.7077547,1.332643,1.266011,0,0,5.953796,5.266858,0,0.6248879,-0.6248879,7.693071,54.9504,0.02156857,1.392612,0.5662038,0,5.974612
2/28/2007 9:00:00 AM,0.2951314,37.6192,-71.14223,49.98162,0.2958866,1.327939,0,0,0,-1,0,0,0,0,0,0,1.327939,0,0,0,0,6.648116,4.64197,1.327939,0,1.327939,8.952865,63.94891,0.02150244,0,1.062351,0,5.969909
2/28/2007 10:00:00 AM,0.5479797,51.29514,-63.09207,35.40012,0.5583956,2.506079,0,0,0,0,0,0,0,0,0,0,2.506079,0,0,0,0,5.320177,5.837115,2.506079,0,2.506079,11.33034,80.93084,0.02137875,0,2.004863,0,8.343194
2/28/2007 11:00:00 AM,0.4246474,63.57065,-47.40339,21.30283,0.4248576,1.906761,0.6599603,0.6599603,0,0,0,0.6599603,288.9205,0,0,0,1.906761,0.6946951,0.6599603,0,0,2.814098,8.092586,1.212066,0,1.212066,12.48021,89.14416,0.02131943,0.7259564,1.525409,0,9.999347
2/28/2007 12:00:00 PM,0.4624394,71.4211,-13.68201,10.02535,0.4628855,2.07743,0.7375293,0.7375293,0,0,0,0.7375293,281.6743,0,0,0,2.07743,0.7763467,0.7375293,0,0,1.602032,9.183445,1.301084,0,1.301084,13.71452,97.96069,0.02125613,0.8112823,1.661944,0,11.26088
2/28/2007 1:00:00 PM,0.444539,69.06911,30.63941,13.90787,0.444736,1.995975,1.4841,1.4841,0,0,0,1.4841,134.4906,0.1328158,0,0,1.995975,1.562211,1.4841,0,0,0.3009487,10.35442,0.3009487,0,0.3009487,14.00003,100,0.02124154,1.63251,1.59678,0,12.3504
2/28/2007 2:00:00 PM,0.6123289,58.73853,55.38388,27.06531,0.6239574,2.800321,0,0,0,-1,0,0,0,2.800321,0,0,2.800321,0,0,0,0,0,10.62527,0,0,0,14.00003,100,0.02124154,0,2.240257,0,13.4256
2/28/2007 3:00:00 PM,0.4604804,45.69825,67.01606,41.4433,0.4671498,2.096568,0.8951238,0.8951238,0,0,0,0.8951238,234.2211,1.154333,0,0,2.096568,0.9422355,0.8951238,0,0,0,10.62527,0,0,0,14.00003,100,0.02124154,0.9846361,1.677255,0,12.72184
2/28/2007 4:00:00 PM,0.2238293,31.74126,73.42263,56.10645,0.2238165,1.004489,0.9547805,0.9547805,0,0,0,0.9547805,105.2062,0,1.110223E-16,0,1.004489,1.005032,0.9547805,0,0,0,10.62527,0,0.0005434587,-0.0005434587,13.99946,99.99591,0.02124154,1.050259,0.803591,0,11.62976
2/28/2007 5:00:00 PM,0.1334749,17.39553,77.49652,70.87124,0.1340408,0.6015753,1.263006,1.263006,0,0,0,1.263006,47.63043,0,2.220446E-16,0,0.6015753,1.32948,1.263006,0,0,0.000603843,10.62473,0,0.7279049,-0.7279049,13.23218,94.51536,0.02124154,1.389307,0.4812602,0,11.22631
2/28/2007 6:00:00 PM,0.04506467,2.854257,80.37113,85.67557,0.05716598,0.2565609,1.88215,1.88215,0,0,0,1.88215,13.63126,0,2.220446E-16,0,0.2565609,1.981211,1.88215,0,0,0.809387,9.896826,0,1.72465,-1.72465,11.41424,81.53009,0.02124154,2.070365,0.2052487,0,10.15339
2/28/2007 7:00:00 PM,0,0,82.56229,90,0,0,0,0,0,-1,0,0,0,0,0,0,0,0,0,0,0,2.725665,8.172175,0,0,0,11.41424,81.53009,0.02124154,0,0,0,8.172175
2/28/2007 8:00:00 PM,0,0,84.33592,90,0,0,0.7238099,0.7238099,0,-1,0,0.7238099,0,0,1.110223E-16,0,0,0.7619051,0.7238099,0,0,2.725665,8.172175,0,0.7619051,-0.7619051,10.61112,75.79354,0.02124154,0.7961909,0,0,8.172175
2/28/2007 9:00:00 PM,0,0,85.84322,90,0,0,1.012774,1.012774,0,-1,0,1.012774,0,0,2.220446E-16,0,0,1.066078,1.012774,0,0,3.572226,7.410271,0,1.066078,-1.066078,9.487372,67.76681,0.02124154,1.114051,0,0,7.410271
2/28/2007 10:00:00 PM,0,0,87.17601,90,0,0,0.3149011,0.3149011,0,-1,0,0.3149011,0,0,5.551115E-17,0,0,0.3314748,0.3149011,0,0,4.756757,6.344193,0,0.3314748,-0.3314748,9.137967,65.27106,0.02124154,0.3463912,0,0,6.344193
2/28/2007 11:00:00 PM,0,0,88.38459,90,0,0,0.1979587,0.1979587,0,-1,0,0.1979587,0,0,2.775558E-17,0,0,0.2083776,0.1979587,0,0,5.125062,6.012718,0,0.2083776,-0.2083776,8.918318,63.70214,0.02124154,0.2177546,0,0,6.012718
3/1/2007 12:00:00 AM,0,0,94.2886,90,0,0,0.03161468,0.03161468,0,-1,0,0.03161468,0,0,0,0,0,0.03327861,0.03161468,0,0,5.356593,5.804341,0,0.03327861,-0.03327861,8.883239,63.45158,0.02124154,0.03477615,0,0,5.804341
3/1/2007 1:00:00 AM,0,0,-91.05683,90,0,0,0,0,0,-1,0,0,0,0,0,0,0,0,0,0,0,5.393569,5.771062,0,0,0,8.883239,63.45158,0.02124154,0,0,0,5.771062
3/1/2007 2:00:00 AM,0,0,-88.76452,90,0,0,0,0,0,-1,0,0,0,0,0,0,0,0,0,0,0,5.393569,5.771062,0,0,0,8.883239,63.45158,0.02124154,0,0,0,5.771062
3/1/2007 3:00:00 AM,0,0,-87.21306,90,0,0,0.4522796,0.4522796,0,-1,0,0.4522796,0,0,5.551115E-17,0,0,0.4760838,0.4522796,0,0,5.393569,5.771062,0,0.4760838,-0.4760838,8.381403,59.86704,0.02124154,0.4975076,0,0,5.771062
3/1/2007 4:00:00 AM,0,0,-85.69209,90,0,0,0.1444263,0.1444263,0,-1,0,0.1444263,0,0,0,0,0,0.1520277,0.1444263,0,0,5.922551,5.294978,0,0.1520277,-0.1520277,8.221151,58.72239,0.02124154,0.1588689,0,0,5.294978
3/1/2007 5:00:00 AM,0,0,-84.02805,90,0,0,0,0,0,0,0,0,0,0,0,0,0,0,0,0,0,6.091471,5.142951,0,0,0,8.221151,58.72239,0.02124154,0,0,0,5.142951
3/1/2007 6:00:00 AM,0.0006609199,0,-82.07821,90,0,0,0,0,0,0,0,0,0,0,0,0,0,0,0,0,0,6.091471,5.142951,0,0,0,8.221151,58.72239,0.02124154,0,0,0,5.142951
3/1/2007 7:00:00 AM,0.06790015,9.034778,-79.64311,79.45781,0.06847576,0.3073192,0.9297076,0.9297076,0,0,0,0.9297076,33.05547,0,1.110223E-16,0,0.3073192,0.9786396,0.9297076,0,0,6.091471,5.142951,0,0.6713204,-0.6713204,7.513517,53.66788,0.02124154,1.022678,0.2458554,0,5.45027
3/1/2007 8:00:00 AM,0.15879,23.52907,-76.37514,64.64852,0.1587035,0.7122612,0.2763606,0.2763606,0,0,0,0.2763606,257.7289,0,0,0,0.7122612,0.2909059,0.2763606,0,0,6.837382,4.47163,0.4213553,0,0.4213553,7.91325,56.5231,0.02122115,0.3039967,0.569809,0,5.183891
3/1/2007 9:00:00 AM,0.4896098,37.77621,-71.57375,49.89397,0.5057024,2.269593,0.3056142,0.3056142,0,-1,0,0.3056142,742.6333,0,0,0,2.269593,0.3216991,0.3056142,0,0,6.416027,4.85085,1.947893,0,1.947893,9.761185,69.7226,0.02112738,0.3361756,1.815674,0,7.120442
3/1/2007 10:00:00 AM,0.5984699,51.49808,-63.59903,35.27996,0.6129701,2.75101,0.7529185,0.7529185,0,0,0,0.7529185,365.3795,0,0,0,2.75101,0.7925459,0.7529185,0,0,4.468133,6.603954,1.958464,0,1.958464,11.61915,82.99374,0.02103393,0.8282104,2.200808,0,9.354964
3/1/2007 11:00:00 AM,0.8064872,63.85134,-47.96763,21.11717,0.8321035,3.73448,0.315941,0.315941,0,0,0,0.315941,1182.018,0.8922414,0,0,3.73448,0.3325695,0.315941,0,0,2.50967,8.366571,2.50967,0,2.50967,14.00003,100,0.02091539,0.3475351,2.987584,0,12.10105
3/1/2007 12:00:00 PM,0.8514628,71.79345,-13.84319,9.673087,0.8773956,3.937751,0.487253,0.487253,0,0,0,0.487253,808.1533,3.424853,0,0,3.937751,0.5128979,0.487253,0,0,0,10.62527,0,0,0,14.00003,100,0.02091539,0.5359783,3.150201,0,14.56303
3/1/2007 1:00:00 PM,0.8876833,69.36956,31.27571,13.70156,0.9173451,4.117045,0,0,0,0,0,0,0,4.117045,0,0,4.117045,0,0,0,0,0,10.62527,0,0,0,14.00003,100,0.02091539,0,3.293636,0,14.74232
3/1/2007 2:00:00 PM,0.8525826,58.91702,56.02283,26.98863,0.8843856,3.969123,0.7781217,0.7781217,0,-1,0,0.7781217,510.0902,3.150047,0,0,3.969123,0.8190755,0.7781217,0,0,0,10.62527,0,0,0,14.00003,100,0.02091539,0.8559339,3.175298,0,14.5944
3/1/2007 3:00:00 PM,0.6604184,45.80692,67.53165,41.41599,0.6859383,3.078491,0.1517904,0.1517904,0,0,0,0.1517904,2028.119,2.918712,0,0,3.078491,0.1597794,0.1517904,0,0,0,10.62527,0,0,0,14.00003,100,0.02091539,0.1669695,2.462793,0,13.70376
3/1/2007 4:00:00 PM,0.4546065,31.80953,73.85735,56.10637,0.4744639,2.129394,1.454648,1.454648,0,0,0,1.454648,146.3855,0.5981851,0,0,2.129394,1.531209,1.454648,0,0,0,10.62527,0,0,0,14.00003,100,0.02091539,1.600113,1.703515,0,12.75467
3/1/2007 5:00:00 PM,0.2630014,17.43771,77.8879,70.89024,0.2819322,1.265312,0.7355171,0.7355171,0,0,0,0.7355171,172.0302,0.4910833,0,0,1.265312,0.7742285,0.7355171,0,0,0,10.62527,0,0,0,14.00003,100,0.02091539,0.8090687,1.012249,0,11.89059
3/1/2007 6:00:00 PM,0.04614864,2.877936,80.74667,85.71043,0.05856053,0.2628196,1.139864,1.139864,0,0,0,1.139864,23.05711,0,0,0,0.2628196,1.199857,1.139864,0,0,0,10.62527,0,0.9370372,-0.9370372,13.0123,92.94484,0.02091539,1.25385,0.2102557,0,10.88809
3/1/2007 7:00:00 PM,0,0,82.94608,90,0,0,2.253074,2.253074,0,-1,0,2.253074,0,0,0,0,0,2.371656,2.253074,0,0,1.041152,9.688237,0,2.371656,-2.371656,10.51236,75.08813,0.02091539,2.478381,0,0,9.688237
3/1/2007 8:00:00 PM,0,0,84.75591,90,0,0,0,0,0,-1,0,0,0,0,0,0,0,0,0,0,0,3.676327,7.31658,0,0,0,10.51236,75.08813,0.02091539,0,0,0,7.31658
3/1/2007 9:00:00 PM,0,0,86.34309,90,0,0,1.90583,1.90583,0,-1,0,1.90583,0,0,2.220446E-16,0,0,2.006136,1.90583,0,0,3.676327,7.31658,0,2.006136,-2.006136,8.397705,59.98349,0.02091539,2.096413,0,0,7.31658
3/1/2007 10:00:00 PM,0,0,87.84843,90,0,0,0.1077693,0.1077693,0,-1,0,0.1077693,0,0,1.387779E-17,0,0,0.1134413,0.1077693,0,0,5.905367,5.310444,0,0.1134413,-0.1134413,8.278128,59.12936,0.02091539,0.1185462,0,0,5.310444
3/1/2007 11:00:00 PM,0,0,89.52911,90,0,0,0.2539297,0.2539297,0,-1,0,0.2539297,0,0,5.551115E-17,0,0,0.2672944,0.2539297,0,0,6.031413,5.197002,0,0.2672944,-0.2672944,7.996374,57.11684,0.02091539,0.2793227,0,0,5.197002
3/2/2007 12:00:00 AM,0,0,99.33556,90,0,0,0.1506932,0.1506932,0,-1,0,0.1506932,0,0,0,0,0,0.1586244,0.1506932,0,0,6.328407,4.929708,0,0.1586244,-0.1586244,7.82917,55.92253,0.02091539,0.1657625,0,0,4.929708
3/2/2007 1:00:00 AM,0,0,-93.08867,90,0,0,0.2061803,0.2061803,0,-1,0,0.2061803,0,0,2.775558E-17,0,0,0.217032,0.2061803,0,0,6.504656,4.771084,0,0.217032,-0.217032,7.600398,54.28845,0.02091539,0.2267984,0,0,4.771084
3/2/2007 2:00:00 AM,0,0,-89.6356,90,0,0,0.1547983,0.1547983,0,-1,0,0.1547983,0,0,2.775558E-17,0,0,0.1629456,0.1547983,0,0,6.745802,4.554052,0,0.1629456,-0.1629456,7.428638,53.0616,0.02091539,0.1702781,0,0,4.554052
3/2/2007 3:00:00 AM,0,0,-87.79034,90,0,0,0.4906705,0.4906705,0,-1,0,0.4906705,0,0,0,0,0,0.5164952,0.4906705,0,0,6.926853,4.391106,0,0.5164952,-0.5164952,6.884204,49.17279,0.02091539,0.5397375,0,0,4.391106
3/2/2007 4:00:00 AM,0,0,-86.14525,90,0,0,0,0,0,-1,0,0,0,0,0,0,0,0,0,0,0,7.500737,3.874611,0,0,0,6.884204,49.17279,0.02091539,0,0,0,3.874611
3/2/2007 5:00:00 AM,0,0,-84.42152,90,0,0,0.2019645,0.2019645,0,0,0,0.2019645,0,0,2.775558E-17,0,0,0.2125942,0.2019645,0,0,7.500737,3.874611,0,0.2125942,-0.2125942,6.66011,47.57212,0.02091539,0.2221609,0,0,3.874611
3/2/2007 6:00:00 AM,0.0006778056,0,-82.44627,90,0,0,0.122136,0.122136,0,0,0,0.122136,0,0,2.775558E-17,0,0,0.1285643,0.122136,0,0,7.736953,3.662017,0,0.1285643,-0.1285643,6.524592,46.60413,0.02091539,0.1343497,0,0,3.662017
3/2/2007 7:00:00 AM,0.07515748,9.145145,-80.00992,79.40575,0.07618523,0.3419193,0.1027954,0.1027954,0,0,0,0.1027954,332.6212,0,0,0,0.3419193,0.1082057,0.1027954,0,0,7.879802,3.533453,0.2337136,0,0.2337136,6.746312,48.18785,0.02090441,0.113075,0.2735355,0,3.875372
3/2/2007 8:00:00 AM,0.1735576,23.65917,-76.76318,64.58039,0.173742,0.7797542,1.483883,1.483883,0,0,0,1.483883,52.54824,0,2.220446E-16,0,0.7797542,1.561982,1.483883,0,0,7.646088,3.743795,0,0.7822275,-0.7822275,5.921772,42.29829,0.02090441,1.632271,0.6238034,0,4.523549
3/2/2007 9:00:00 AM,0.4330118,37.93493,-72.00914,49.80537,0.4424464,1.985699,1.206756,1.206756,0,-1,0,1.206756,164.5486,0,0,0,1.985699,1.270269,1.206756,0,0,8.51523,2.961567,0.7154303,0,0.7154303,6.600489,47.14625,0.0208709,1.327431,1.58856,0,4.947267
3/2/2007 10:00:00 AM,0.554589,51.70228,-64.11237,35.15987,0.5646608,2.534198,0.5287157,0.5287157,0,0,0,0.5287157,479.3119,0,0,0,2.534198,0.5565429,0.5287157,0,0,7.799799,3.605455,1.977655,0,1.977655,8.476657,60.54742,0.02077882,0.5815873,2.027358,0,6.139652
3/2/2007 11:00:00 AM,0.3153294,64.13344,-48.54362,20.93298,0.3142666,1.410429,0,0,0,0,0,0,0,0,0,0,1.410429,0,0,0,0,5.822145,5.385344,1.410429,0,1.410429,9.814707,70.1049,0.02071364,0,1.128343,0,6.795773
3/2/2007 12:00:00 PM,0.5092779,72.16879,-14.00463,9.319166,0.5108921,2.292884,0.2895533,0.2895533,0,0,0,0.2895533,791.8694,0,0,0,2.292884,0.3047929,0.2895533,0,0,4.411716,6.65473,1.988091,0,1.988091,11.70078,83.5768,0.02062245,0.3185086,1.834307,0,8.947614
3/2/2007 1:00:00 PM,0.3868469,69.66842,31.9402,13.50293,0.3860345,1.732523,1.341481,1.341481,0,0,0,1.341481,129.15,0,0,0,1.732523,1.412086,1.341481,0,0,2.423625,8.444012,0.3204372,0,0.3204372,12.00477,85.74818,0.02060783,1.475629,1.386018,0,10.17653
3/2/2007 2:00:00 PM,0.2070731,59.09156,56.67531,26.91838,0.2062312,0.9255656,0,0,0,-1,0,0,0,0,0,0,0.9255656,0,0,0,0,2.103188,8.732405,0.9255656,0,0.9255656,12.88284,92.02008,0.02056571,0,0.7404525,0,9.65797
3/2/2007 3:00:00 PM,0.1604006,45.91182,68.05407,41.39361,0.1597508,0.7169616,0.795855,0.795855,0,0,0,0.795855,90.08695,0,0,0,0.7169616,0.8377421,0.795855,0,0,1.177623,9.565413,0,0.1207806,-0.1207806,12.75552,91.11069,0.02056571,0.8754405,0.5735692,0,10.28238
3/2/2007 4:00:00 PM,0.1229559,31.87453,74.29645,56.11029,0.1224879,0.5497258,0,0,0,0,0,0,0,0,0,0,0.5497258,0,0,0,0,1.311823,9.444633,0.5497258,0,0.5497258,13.27704,94.8358,0.02054078,0,0.4397806,0,9.994359
3/2/2007 5:00:00 PM,0.03807778,17.47711,78.28267,70.91257,0.0379231,0.1701989,0.8464654,0.8464654,0,0,0,0.8464654,20.10701,0,1.110223E-16,0,0.1701989,0.8910162,0.8464654,0,0,0.7620974,9.939386,0,0.7208173,-0.7208173,12.51723,89.40862,0.02054078,0.931112,0.1361591,0,10.10959
3/2/2007 6:00:00 PM,0.029173,2.899343,81.12518,85.74805,0.03053868,0.1370576,0,0,0,0,0,0,0,0,0,0,0.1370576,0,0,0,0,1.563006,9.218569,0.1370576,0,0.1370576,12.64725,90.33736,0.02053457,0,0.1096461,0,9.355627
3/2/2007 7:00:00 PM,0,0,83.33278,90,0,0,1.551549,1.551549,0,-1,0,1.551549,0,0,2.220446E-16,0,0,1.63321,1.551549,0,0,1.425948,9.341921,0,1.63321,-1.63321,10.9257,78.04057,0.02053457,1.706704,0,0,9.341921
3/2/2007 8:00:00 PM,0,0,85.17905,90,0,0,0.4227731,0.4227731,0,-1,0,0.4227731,0,0,0,0,0,0.4450243,0.4227731,0,0,3.240626,7.708711,0,0.4450243,-0.4450243,10.4566,74.68988,0.02053457,0.4650504,0,0,7.708711
3/2/2007 9:00:00 PM,0,0,86.8468,90,0,0,0.4212451,0.4212451,0,-1,0,0.4212451,0,0,5.551115E-17,0,0,0.4434159,0.4212451,0,0,3.735097,7.263687,0,0.4434159,-0.4434159,9.989202,71.3513,0.02053457,0.4633696,0,0,7.263687
3/2/2007 10:00:00 PM,0,0,88.52636,90,0,0,0,0,0,-1,0,0,0,0,0,0,0,0,0,0,0,4.227781,6.820271,0,0,0,9.989202,71.3513,0.02053457,0,0,0,6.820271
3/2/2007 11:00:00 PM,0,0,90.68458,90,0,0,0.3800802,0.3800802,0,-1,0,0.3800802,0,0,5.551115E-17,0,0,0.4000844,0.3800802,0,0,4.227781,6.820271,0,0.4000844,-0.4000844,9.567476,68.33898,0.02053457,0.4180882,0,0,6.820271
3/3/2007 12:00:00 AM,0,0,104.3665,90,0,0,0.1338733,0.1338733,0,-1,0,0.1338733,0,0,2.775558E-17,0,0,0.1409193,0.1338733,0,0,4.672319,6.420187,0,0.1409193,-0.1409193,9.418935,67.27797,0.02053457,0.1472606,0,0,6.420187
3/3/2007 1:00:00 AM,0,0,-95.10483,90,0,0,0.6147513,0.6147513,0,-1,0,0.6147513,0,0,1.110223E-16,0,0,0.6471066,0.6147513,0,0,4.828897,6.279267,0,0.6471066,-0.6471066,8.736824,62.40576,0.02053457,0.6762264,0,0,6.279267
3/3/2007 2:00:00 AM,0,0,-90.50777,90,0,0,0.1577872,0.1577872,0,-1,0,0.1577872,0,0,0,0,0,0.1660918,0.1577872,0,0,5.547904,5.632161,0,0.1660918,-0.1660918,8.561749,61.15522,0.02053457,0.1735659,0,0,5.632161
3/3/2007 3:00:00 AM,0,0,-88.36943,90,0,0,0.3192549,0.3192549,0,-1,0,0.3192549,0,0,5.551115E-17,0,0,0.3360578,0.3192549,0,0,5.73245,5.466069,0,0.3360578,-0.3360578,8.207512,58.62497,0.02053457,0.3511804,0,0,5.466069
3/3/2007 4:00:00 AM,0,0,-86.60025,90,0,0,0.2804725,0.2804725,0,-1,0,0.2804725,0,0,0,0,0,0.2952341,0.2804725,0,0,6.105848,5.130011,0,0.2952341,-0.2952341,7.896308,56.40209,0.02053457,0.3085197,0,0,5.130011
3/3/2007 5:00:00 AM,0,0,-84.81685,90,0,0,0.1870555,0.1870555,0,0,0,0.1870555,0,0,2.775558E-17,0,0,0.1969006,0.1870555,0,0,6.433886,4.834777,0,0.1969006,-0.1969006,7.688756,54.91958,0.02053457,0.2057611,0,0,4.834777
3/3/2007 6:00:00 AM,0.00225014,0,-82.81628,90,0,0,0.597191,0.597191,0,0,0,0.597191,0,0,1.110223E-16,0,0,0.6286222,0.597191,0,0,6.652664,4.637877,0,0.6286222,-0.6286222,7.026131,50.18655,0.02053457,0.6569101,0,0,4.637877
3/3/2007 7:00:00 AM,0.1567603,9.2581,-80.37891,79.35153,0.1775635,0.7969049,0.6856997,0.6856997,0,0,0,0.6856997,116.2178,0,0,0,0.7969049,0.7217891,0.6856997,0,0,7.351133,4.009254,0.07511581,0,0.07511581,7.097392,50.69555,0.02053117,0.7542697,0.6375239,0,4.806159
3/3/2007 8:00:00 AM,0.4199826,23.79135,-77.15392,64.51071,0.4464126,2.0035,0.4001885,0.4001885,0,0,0,0.4001885,500.6391,0,0,0,2.0035,0.421251,0.4001885,0,0,7.276018,4.076859,1.582249,0,1.582249,8.598445,61.41734,0.02045981,0.4402073,1.6028,0,6.080359
3/3/2007 9:00:00 AM,0.629276,38.09521,-72.44837,49.71596,0.6575453,2.951063,0.9056717,0.9056717,0,-1,0,0.9056717,325.8425,0,0,0,2.951063,0.9533386,0.9056717,0,0,5.693769,5.500883,1.997725,0,1.997725,10.49365,74.95451,0.02037042,0.9962388,2.360851,0,8.451946
3/3/2007 10:00:00 AM,0.7305545,51.90759,-64.63213,35.03999,0.755673,3.39146,0.9746633,0.9746633,0,0,0,0.9746633,347.9622,0,0,0,3.39146,1.025961,0.9746633,0,0,3.696044,7.298835,2.365499,0,2.365499,12.73776,90.98383,0.02026557,1.07213,2.713168,0,10.6903
3/3/2007 11:00:00 AM,0.8904209,64.41675,-49.13179,20.75056,0.9204472,4.130967,0.4284025,0.4284025,0,0,0,0.4284025,964.2725,2.349472,0,0,4.130967,0.45095,0.4284025,0,0,1.330545,9.427784,1.330545,0,1.330545,14.00003,100,0.02020707,0.4712427,3.304774,0,13.55875
3/3/2007 12:00:00 PM,0.9099584,72.54697,-14.16654,8.963876,0.9385018,4.211996,0.9652131,0.9652131,0,0,0,0.9652131,436.3799,3.195982,0,0,4.211996,1.016014,0.9652131,0,0,0,10.62527,0,0,0,14.00003,100,0.02020707,1.061734,3.369597,0,14.83727
3/3/2007 1:00:00 PM,0.931778,69.96539,32.6337,13.31259,0.962516,4.319772,1.562199,1.562199,0,0,0,1.562199,276.5188,2.675352,0,0,4.319772,1.644419,1.562199,0,0,0,10.62527,0,0,0,14.00003,100,0.02020707,1.718418,3.455817,0,14.94505
3/3/2007 2:00:00 PM,0.9158531,59.26199,57.34115,26.85467,0.9493013,4.260464,1.822073,1.822073,0,-1,0,1.822073,233.8251,2.342493,0,0,4.260464,1.917972,1.822073,0,0,0,10.62527,0,0,0,14.00003,100,0.02020707,2.00428,3.408371,0,14.88574
3/3/2007 3:00:00 PM,0.8167078,46.01287,68.58308,41.37619,0.8507119,3.817995,0.2453169,0.2453169,0,0,0,0.2453169,1556.352,3.559767,0,0,3.817995,0.2582284,0.2453169,0,0,0,10.62527,0,0,0,14.00003,100,0.02020707,0.2698486,3.054396,0,14.44327
3/3/2007 4:00:00 PM,0.5544808,31.93623,74.73977,56.11821,0.5828255,2.615721,1.391439,1.391439,0,0,0,1.391439,187.9868,1.151048,0,0,2.615721,1.464672,1.391439,0,0,0,10.62527,0,0,0,14.00003,100,0.02020707,1.530583,2.092577,0,13.241
3/3/2007 5:00:00 PM,0.2674587,17.51376,78.68068,70.93819,0.2856102,1.281819,0.5728623,0.5728623,0,0,0,0.5728623,223.7569,0.6788057,0,0,1.281819,0.603013,0.5728623,0,0,0,10.62527,0,0,0,14.00003,100,0.02020707,0.6301485,1.025455,0,11.90709
3/3/2007 6:00:00 PM,0.05495674,2.918515,81.50655,85.78838,0.07398129,0.332028,0.7629582,0.7629582,0,0,0,0.7629582,43.51851,0,1.110223E-16,0,0.332028,0.8031139,0.7629582,0,0,0,10.62527,0,0.4710859,-0.4710859,13.50346,96.45309,0.02020707,0.839254,0.2656224,0,10.9573
3/3/2007 7:00:00 PM,0,0,83.7223,90,0,0,1.627245,1.627245,0,-1,0,1.627245,0,0,2.220446E-16,0,0,1.71289,1.627245,0,0,0.5234287,10.15419,0,1.71289,-1.71289,11.69792,83.55637,0.02020707,1.78997,0,0,10.15419
3/3/2007 8:00:00 PM,0,0,85.60526,90,0,0,0.9953514,0.9953514,0,-1,0,0.9953514,0,0,2.220446E-16,0,0,1.047738,0.9953514,0,0,2.42664,8.441298,0,1.047738,-1.047738,10.5935,75.66772,0.02020707,1.094887,0,0,8.441298
3/3/2007 9:00:00 PM,0,0,87.35423,90,0,0,2.004967,2.004967,0,-1,0,2.004967,0,0,0,0,0,2.110492,2.004967,0,0,3.590793,7.39356,0,2.110492,-2.110492,8.368849,59.77737,0.02020707,2.205464,0,0,7.39356
3/3/2007 10:00:00 PM,0,0,89.20961,90,0,0,0.2670995,0.2670995,0,-1,0,0.2670995,0,0,5.551115E-17,0,0,0.2811574,0.2670995,0,0,5.935784,5.283069,0,0.2811574,-0.2811574,8.072483,57.66048,0.02020707,0.2938095,0,0,5.283069
3/3/2007 11:00:00 PM,0,0,91.85025,90,0,0,0,0,0,-1,0,0,0,0,0,0,0,0,0,0,0,6.248181,5.001911,0,0,0,8.072483,57.66048,0.02020707,0,0,0,5.001911
3/4/2007 12:00:00 AM,0,0,109.3115,90,0,0,0.1192318,0.1192318,0,-1,0,0.1192318,0,0,1.387779E-17,0,0,0.1255071,0.1192318,0,0,6.248181,5.001911,0,0.1255071,-0.1255071,7.940187,56.71551,0.02020707,0.1311549,0,0,5.001911
3/4/2007 1:00:00 AM,0,0,-97.09882,90,0,0,0.5222922,0.5222922,0,-1,0,0.5222922,0,0,1.110223E-16,0,0,0.5497813,0.5222922,0,0,6.387633,4.876404,0,0.5497813,-0.5497813,7.360667,52.57608,0.02020707,0.5745214,0,0,4.876404
3/4/2007 2:00:00 AM,0,0,-91.38019,90,0,0,0.3703538,0.3703538,0,-1,0,0.3703538,0,0,0,0,0,0.3898461,0.3703538,0,0,6.998501,4.326623,0,0.3898461,-0.3898461,6.949733,49.64085,0.02020707,0.4073892,0,0,4.326623
3/4/2007 3:00:00 AM,0,0,-88.95001,90,0,0,0.2744435,0.2744435,0,-1,0,0.2744435,0,0,0,0,0,0.2888879,0.2744435,0,0,7.431664,3.936777,0,0.2888879,-0.2888879,6.645218,47.46575,0.02020707,0.3018878,0,0,3.936777
3/4/2007 4:00:00 AM,0,0,-87.05688,90,0,0,0.1891779,0.1891779,0,-1,0,0.1891779,0,0,0,0,0,0.1991347,0.1891779,0,0,7.75265,3.647889,0,0.1991347,-0.1991347,6.435312,45.96642,0.02020707,0.2080957,0,0,3.647889
3/4/2007 5:00:00 AM,0,0,-85.21387,90,0,0,0.211618,0.211618,0,0,0,0.211618,0,0,2.775558E-17,0,0,0.2227558,0.211618,0,0,7.973911,3.448754,0,0.2227558,-0.2227558,6.200507,44.28925,0.02020707,0.2327798,0,0,3.448754
3/4/2007 6:00:00 AM,0.001550072,0,-83.18812,90,0,0,0.0488301,0.0488301,0,0,0,0.0488301,0,0,0,0,0,0.05140011,0.0488301,0,0,8.221417,3.225998,0,0.05140011,-0.05140011,6.146326,43.90224,0.02020707,0.05371311,0,0,3.225998
3/4/2007 7:00:00 AM,0.1365116,9.373545,-80.75003,79.29524,0.150279,0.6744521,0.1048995,0.1048995,0,0,0,0.1048995,642.951,0,0,0,0.6744521,0.1104205,0.1048995,0,0,8.278529,3.174598,0.5640316,0,0.5640316,6.681414,47.72429,0.02018237,0.1153894,0.5395617,0,3.849051
3/4/2007 8:00:00 AM,0.3431348,23.92551,-77.54733,64.43958,0.3591024,1.611652,0.5509076,0.5509076,0,0,0,0.5509076,292.5448,0,0,0,1.611652,0.5799028,0.5509076,0,0,7.714497,3.682227,1.031749,0,1.031749,7.660216,54.71572,0.02013735,0.6059984,1.289321,0,5.293879
3/4/2007 9:00:00 AM,0.5857168,38.25693,-72.8914,49.62585,0.609332,2.734682,0,0,0,-1,0,0,0,0,0,0,2.734682,0,0,0,0,6.682748,4.610801,2.734682,0,2.734682,10.25456,73.24673,0.02001898,0,2.187746,0,7.345483
3/4/2007 10:00:00 AM,0.8851099,52.11383,-65.15835,34.9205,0.9185414,4.122414,1.208411,1.208411,0,0,0,1.208411,341.1432,0,0,0,4.122414,1.272012,1.208411,0,0,3.948066,7.072015,2.850402,0,2.850402,12.95869,92.5619,0.01989708,1.329252,3.297931,0,11.19443
3/4/2007 11:00:00 AM,0.9014333,64.70107,-49.73257,20.5702,0.9311182,4.178858,0,0,0,0,0,0,0,3.081194,0,0,4.178858,0,0,0,0,1.097664,9.637377,1.097664,0,1.097664,14.00003,100,0.01985053,0,3.343087,0,13.81623
3/4/2007 12:00:00 PM,0.8314183,72.92792,-14.32915,8.60754,0.8532743,3.829495,0.8397851,0.8397851,0,0,0,0.8397851,456.0089,2.945511,0,0,3.829495,0.8839843,0.8397851,0,0,0,10.62527,0,0,0,14.00003,100,0.01985053,0.9237636,3.063596,0,14.45477
3/4/2007 1:00:00 PM,1.010477,70.26018,33.35705,13.13115,1.044317,4.686893,1.664195,1.664195,0,0,0,1.664195,281.6313,2.93511,0,0,4.686893,1.751784,1.664195,0,0,0,10.62527,0,0,0,14.00003,100,0.01985053,1.830614,3.749515,0,15.31217
3/4/2007 2:00:00 PM,0.8255255,59.42813,58.02011,26.79763,0.8525042,3.826039,1.157091,1.157091,0,-1,0,1.157091,330.6602,2.608048,0,0,3.826039,1.217991,1.157091,0,0,0,10.62527,0,0,0,14.00003,100,0.01985053,1.2728,3.060831,0,14.45131
3/4/2007 3:00:00 PM,0.598699,46.11001,69.11846,41.36376,0.6159884,2.764556,0.9407539,0.9407539,0,0,0,0.9407539,293.866,1.774289,0,0,2.764556,0.9902673,0.9407539,0,0,0,10.62527,0,0,0,14.00003,100,0.01985053,1.034829,2.211645,0,13.38983
3/4/2007 4:00:00 PM,0.4173505,31.99463,75.18712,56.1301,0.4306761,1.932874,0.6456257,0.6456257,0,0,0,0.6456257,299.38,1.253268,0,0,1.932874,0.679606,0.6456257,0,0,0,10.62527,0,0,0,14.00003,100,0.01985053,0.7101883,1.5463,0,12.55815
3/4/2007 5:00:00 PM,0.2622963,17.54767,79.08179,70.96707,0.2787495,1.251028,1.39171,1.39171,0,0,0,1.39171,89.8914,0,0,0,1.251028,1.464958,1.39171,0,0,0,10.62527,0,0.2139302,-0.2139302,13.77453,98.38927,0.01985053,1.530881,1.000822,0,11.8763
3/4/2007 6:00:00 PM,0.03730434,2.935495,81.89066,85.83135,0.04152828,0.1863789,2.385689,2.385689,0,0,0,2.385689,7.81237,0,0,0,0.1863789,2.511252,2.385689,0,0,0.2377003,10.41134,0,2.324873,-2.324873,11.32389,80.8848,0.01985053,2.624259,0.1491031,0,10.59772
3/4/2007 7:00:00 PM,0,0,84.1145,90,0,0,1.072605,1.072605,0,-1,0,1.072605,0,0,0,0,0,1.129058,1.072605,0,0,2.820893,8.086471,0,1.129058,-1.129058,10.13376,72.38387,0.01985053,1.179865,0,0,8.086471
3/4/2007 8:00:00 PM,0,0,86.03438,90,0,0,0.1937681,0.1937681,0,-1,0,0.1937681,0,0,2.775558E-17,0,0,0.2039664,0.1937681,0,0,4.075401,6.957413,0,0.2039664,-0.2039664,9.918763,70.84817,0.01985053,0.2131449,0,0,6.957413
3/4/2007 9:00:00 PM,0,0,87.86523,90,0,0,0.006357805,0.006357805,0,-1,0,0.006357805,0,0,8.673617E-19,0,0,0.006692427,0.006357805,0,0,4.302031,6.753447,0,0.006692427,-0.006692427,9.911709,70.79778,0.01985053,0.006993586,0,0,6.753447
3/4/2007 10:00:00 PM,0,0,89.89796,90,0,0,0.1132807,0.1132807,0,-1,0,0.1132807,0,0,1.387779E-17,0,0,0.1192428,0.1132807,0,0,4.309467,6.746754,0,0.1192428,-0.1192428,9.786016,69.89997,0.01985053,0.1246087,0,0,6.746754
3/4/2007 11:00:00 PM,0,0,93.02534,90,0,0,0.2350323,0.2350323,0,-1,0,0.2350323,0,0,2.775558E-17,0,0,0.2474024,0.2350323,0,0,4.441959,6.627511,0,0.2474024,-0.2474024,9.52523,68.03722,0.01985053,0.2585355,0,0,6.627511
3/5/2007 12:00:00 AM,0,0,114.1073,90,0,0,0.2131128,0.2131128,0,-1,0,0.2131128,0,0,2.775558E-17,0,0,0.2243293,0.2131128,0,0,4.71685,6.380109,0,0.2243293,-0.2243293,9.288767,66.34821,0.01985053,0.2344241,0,0,6.380109
3/5/2007 1:00:00 AM,0,0,-99.06463,90,0,0,0.01834339,0.01834339,0,-1,0,0.01834339,0,0,3.469447E-18,0,0,0.01930883,0.01834339,0,0,4.966105,6.155779,0,0.01930883,-0.01930883,9.268414,66.20282,0.01985053,0.02017773,0,0,6.155779
3/5/2007 2:00:00 AM,0,0,-92.25201,90,0,0,0,0,0,-1,0,0,0,0,0,0,0,0,0,0,0,4.987559,6.136471,0,0,0,9.268414,66.20282,0.01985053,0,0,0,6.136471
3/5/2007 3:00:00 AM,0,0,-89.53174,90,0,0,0.3975309,0.3975309,0,-1,0,0.3975309,0,0,5.551115E-17,0,0,0.4184536,0.3975309,0,0,4.987559,6.136471,0,0.4184536,-0.4184536,8.827325,63.05219,0.01985053,0.4372841,0,0,6.136471
3/5/2007 4:00:00 AM,0,0,-87.51498,90,0,0,0,0,0,-1,0,0,0,0,0,0,0,0,0,0,0,5.452508,5.718017,0,0,0,8.827325,63.05219,0.01985053,0,0,0,5.718017
3/5/2007 5:00:00 AM,0,0,-85.61248,90,0,0,0.4774991,0.4774991,0,0,0,0.4774991,0,0,5.551115E-17,0,0,0.5026307,0.4774991,0,0,5.452508,5.718017,0,0.5026307,-0.5026307,8.297505,59.26778,0.01985053,0.5252491,0,0,5.718017
3/5/2007 6:00:00 AM,0.002209064,0,-83.5617,90,0,0,0,0,0,0,0,0,0,0,0,0,0,0,0,0,0,6.010986,5.215386,0,0,0,8.297505,59.26778,0.01985053,0,0,0,5.215386
3/5/2007 7:00:00 AM,0.1354339,9.491384,-81.12317,79.23695,0.1478029,0.6633394,0.4802367,0.4802367,0,0,0,0.4802367,138.1276,0,0,0,0.6633394,0.5055124,0.4802367,0,0,6.010986,5.215386,0.157827,0,0.157827,8.447233,60.33726,0.01984385,0.5282604,0.5306715,0,5.878726
3/5/2007 8:00:00 AM,0.3380435,24.06152,-77.94331,64.36708,0.3524559,1.581822,0.6474432,0.6474432,0,0,0,0.6474432,244.3183,0,0,0,1.581822,0.6815192,0.6474432,0,0,5.853159,5.357431,0.9003028,0,0.9003028,9.301335,66.43798,0.01980586,0.7121875,1.265458,0,6.939253
3/5/2007 9:00:00 AM,0.6600275,38.41996,-73.33817,49.53518,0.6880579,3.088004,1.443305,1.443305,0,-1,0,1.443305,213.9537,0,0,0,3.088004,1.519268,1.443305,0,0,4.952857,6.167703,1.568736,0,1.568736,10.78957,77.0682,0.01974001,1.587635,2.470403,0,9.255708
3/5/2007 10:00:00 AM,0.7542629,52.32084,-65.69108,34.80157,0.7792747,3.497385,1.8132,1.8132,0,0,0,1.8132,192.8846,0,0,0,3.497385,1.908632,1.8132,0,0,3.384121,7.579566,1.588753,0,1.588753,12.29679,87.83406,0.01967376,1.99452,2.797908,0,11.07695
3/5/2007 11:00:00 AM,0.7925856,64.98619,-50.3464,20.39221,0.8136857,3.651821,1.873843,1.873843,0,0,0,1.873843,194.8841,0,0,0,3.651821,1.972466,1.873843,0,0,1.795368,9.009443,1.679355,0,1.679355,13.88997,99.21386,0.01960422,2.061227,2.921457,0,12.66126
3/5/2007 12:00:00 PM,0.9411065,73.31149,-14.49275,8.250524,0.9696823,4.351934,1.624108,1.624108,0,0,0,1.624108,267.9585,2.526334,0,0,4.351934,1.709587,1.624108,0,0,0.1160128,10.52086,0.1160128,0,0.1160128,14.00003,100,0.01959943,1.786519,3.481548,0,14.8728
3/5/2007 1:00:00 PM,1.010151,70.55248,34.11109,12.9592,1.042862,4.680366,0,0,0,0,0,0,0,4.680366,0,0,4.680366,0,0,0,0,0,10.62527,0,0,0,14.00003,100,0.01959943,0,3.744293,0,15.30564
3/5/2007 2:00:00 PM,0.8224885,59.58984,58.71195,26.74737,0.8483106,3.807218,0.3769756,0.3769756,0,-1,0,0.3769756,1009.938,3.410402,0,0,3.807218,0.3968164,0.3769756,0,0,0,10.62527,0,0,0,14.00003,100,0.01959943,0.4146731,3.045775,0,14.43249
3/5/2007 3:00:00 PM,0.7201697,46.20319,69.65997,41.35632,0.7467575,3.351448,0,0,0,0,0,0,0,3.351448,0,0,3.351448,0,0,0,0,0,10.62527,0,0,0,14.00003,100,0.01959943,0,2.681158,0,13.97672
3/5/2007 4:00:00 PM,0.5339825,32.04971,75.63832,56.14593,0.5586422,2.507186,0.3401421,0.3401421,0,0,0,0.3401421,737.0997,2.149142,0,0,2.507186,0.3580443,0.3401421,0,0,0,10.62527,0,0,0,14.00003,100,0.01959943,0.3741563,2.005749,0,13.13246
3/5/2007 5:00:00 PM,0.2424098,17.57887,79.48586,70.99915,0.2547295,1.143226,0.3727757,0.3727757,0,0,0,0.3727757,306.6794,0.7508307,0,0,1.143226,0.3923954,0.3727757,0,0,0,10.62527,0,0,0,14.00003,100,0.01959943,0.4100532,0.9145809,0,11.7685
3/5/2007 6:00:00 PM,0.03821531,2.950327,82.27739,85.87691,0.04263361,0.1913397,1.177616,1.177616,0,0,0,1.177616,16.24805,0,0,0,0.1913397,1.239596,1.177616,0,0,0,10.62527,0,1.048256,-1.048256,12.89507,92.10745,0.01959943,1.295377,0.1530717,0,10.81661
3/5/2007 7:00:00 PM,0,0,84.50928,90,0,0,0.1717645,0.1717645,0,-1,0,0.1717645,0,0,0,0,0,0.1808047,0.1717645,0,0,1.164729,9.577019,0,0.1808047,-0.1808047,12.70448,90.74613,0.01959943,0.188941,0,0,9.577019
3/5/2007 8:00:00 PM,0,0,86.46632,90,0,0,2.566038,2.566038,0,-1,0,2.566038,0,0,4.440892E-16,0,0,2.701093,2.566038,0,0,1.365623,9.396214,0,2.701093,-2.701093,9.857283,70.40902,0.01959943,2.822642,0,0,9.396214
3/5/2007 9:00:00 PM,0,0,88.37968,90,0,0,0.09652429,0.09652429,0,-1,0,0.09652429,0,0,1.387779E-17,0,0,0.1016045,0.09652429,0,0,4.366837,6.695121,0,0.1016045,-0.1016045,9.750182,69.64402,0.01959943,0.1061767,0,0,6.695121
3/5/2007 10:00:00 PM,0,0,90.5912,90,0,0,0.2821905,0.2821905,0,-1,0,0.2821905,0,0,0,0,0,0.2970426,0.2821905,0,0,4.479731,6.593516,0,0.2970426,-0.2970426,9.437072,67.40752,0.01959943,0.3104095,0,0,6.593516
3/5/2007 11:00:00 PM,0,0,94.20904,90,0,0,0.2024478,0.2024478,0,-1,0,0.2024478,0,0,2.775558E-17,0,0,0.2131029,0.2024478,0,0,4.809778,6.296474,0,0.2131029,-0.2131029,9.212441,65.80302,0.01959943,0.2226925,0,0,6.296474
3/6/2007 12:00:00 AM,0,0,118.7021,90,0,0,0.2714918,0.2714918,0,-1,0,0.2714918,0,0,5.551115E-17,0,0,0.2857808,0.2714918,0,0,5.046559,6.083371,0,0.2857808,-0.2857808,8.911202,63.65132,0.01959943,0.2986409,0,0,6.083371
3/6/2007 1:00:00 AM,0,0,-100.9968,90,0,0,0,0,0,-1,0,0,0,0,0,0,0,0,0,0,0,5.364093,5.79759,0,0,0,8.911202,63.65132,0.01959943,0,0,0,5.79759
3/6/2007 2:00:00 AM,0,0,-93.12246,90,0,0,0.02182978,0.02182978,0,-1,0,0.02182978,0,0,0,0,0,0.02297872,0.02182978,0,0,5.364093,5.79759,0,0.02297872,-0.02297872,8.88698,63.47831,0.01959943,0.02401276,0,0,5.79759
3/6/2007 3:00:00 AM,0,0,-90.11429,90,0,0,0,0,0,-1,0,0,0,0,0,0,0,0,0,0,0,5.389626,5.774611,0,0,0,8.88698,63.47831,0.01959943,0,0,0,5.774611
3/6/2007 4:00:00 AM,0,0,-87.97432,90,0,0,0.276693,0.276693,0,-1,0,0.276693,0,0,5.551115E-17,0,0,0.2912557,0.276693,0,0,5.389626,5.774611,0,0.2912557,-0.2912557,8.579969,61.28538,0.01959943,0.3043622,0,0,5.774611
3/6/2007 5:00:00 AM,0,0,-86.01252,90,0,0,0.2551935,0.2551935,0,0,0,0.2551935,0,0,0,0,0,0.2686248,0.2551935,0,0,5.713243,5.483356,0,0.2686248,-0.2686248,8.296815,59.26284,0.01959943,0.2807129,0,0,5.483356
3/6/2007 6:00:00 AM,0.002695984,0,-83.9369,90,0,0,0.1704258,0.1704258,0,0,0,0.1704258,0,0,2.775558E-17,0,0,0.1793956,0.1704258,0,0,6.011715,5.214731,0,0.1793956,-0.1793956,8.107715,57.91213,0.01959943,0.1874683,0,0,5.214731
3/6/2007 7:00:00 AM,0.1533131,9.611513,-81.49825,79.17677,0.1693068,0.7598488,0.09319991,0.09319991,0,0,0,0.09319991,815.2892,0,0,0,0.7598488,0.09810517,0.09319991,0,0,6.211043,5.035335,0.6617436,0,0.6617436,8.7355,62.39631,0.01957218,0.1025199,0.6078791,0,5.795184
3/6/2007 8:00:00 AM,0.4327745,24.19928,-78.34181,64.29333,0.4567209,2.049763,1.377017,1.377017,0,0,0,1.377017,148.8554,0,0,0,2.049763,1.449491,1.377017,0,0,5.5493,5.630905,0.6002719,0,0.6002719,9.304968,66.46393,0.01954752,1.514719,1.639811,0,7.680668
3/6/2007 9:00:00 AM,0.6866172,38.58415,-73.78864,49.44406,0.7148421,3.208211,0.1795718,0.1795718,0,-1,0,0.1795718,1786.59,0,0,0,3.208211,0.189023,0.1795718,0,0,4.949028,6.171149,3.019188,0,3.019188,12.16922,86.92284,0.01942443,0.197529,2.566569,0,9.379361
3/6/2007 10:00:00 AM,0.8514245,52.52844,-66.23035,34.68338,0.8811015,3.954384,1.34211,1.34211,0,0,0,1.34211,294.6392,0.6117967,0,0,3.954384,1.412748,1.34211,0,0,1.929839,8.888419,1.929839,0,1.929839,14.00003,100,0.01934657,1.476321,3.163507,0,12.8428
3/6/2007 11:00:00 AM,0.9491757,65.27189,-50.97376,20.21688,0.9792892,4.39505,0.6627972,0.6627972,0,0,0,0.6627972,663.1063,3.697369,0,0,4.39505,0.6976813,0.6627972,0,0,0,10.62527,0,0,0,14.00003,100,0.01934657,0.729077,3.51604,0,15.02032
3/6/2007 12:00:00 PM,0.9406586,73.69755,-14.65762,7.893237,0.9682006,4.345284,1.605486,1.605486,0,0,0,1.605486,270.6523,2.655299,0,0,4.345284,1.689985,1.605486,0,0,0,10.62527,0,0,0,14.00003,100,0.01934657,1.766035,3.476227,0,14.97056
3/6/2007 1:00:00 PM,1.080702,70.84198,34.89666,12.79735,1.114882,5.003592,1.038871,1.038871,0,0,0,1.038871,481.6377,3.910045,0,0,5.003592,1.093548,1.038871,0,0,0,10.62527,0,0,0,14.00003,100,0.01934657,1.142758,4.002874,0,15.62887
3/6/2007 2:00:00 PM,0.8045853,59.74695,59.4164,26.70399,0.8282426,3.717153,1.23764,1.23764,0,-1,0,1.23764,300.3421,2.414374,0,0,3.717153,1.302778,1.23764,0,0,0,10.62527,0,0,0,14.00003,100,0.01934657,1.361404,2.973722,0,14.34243
3/6/2007 3:00:00 PM,0.6985172,46.29236,70.20734,41.35388,0.7226164,3.243103,2.444093,2.444093,0,0,0,2.444093,132.6915,0.670373,0,0,3.243103,2.57273,2.444093,0,0,0,10.62527,0,0,0,14.00003,100,0.01934657,2.688502,2.594482,0,13.86838
3/6/2007 4:00:00 PM,0.407822,32.10149,76.09319,56.16568,0.4189983,1.880464,0.5712011,0.5712011,0,0,0,0.5712011,329.2123,1.2792,0,0,1.880464,0.6012644,0.5712011,0,0,0,10.62527,0,0,0,14.00003,100,0.01934657,0.6283212,1.504371,0,12.50574
3/6/2007 5:00:00 PM,0.2215515,17.60737,79.89274,71.03437,0.2299751,1.032128,1.082467,1.082467,0,0,0,1.082467,95.34966,0,0,0,1.032128,1.139439,1.082467,0,0,0,10.62527,0,0.1073103,-0.1073103,13.88691,99.19204,0.01934657,1.190713,0.8257025,0,11.6574
3/6/2007 6:00:00 PM,0.03402318,2.963059,82.66659,85.92498,0.03636846,0.1632217,0,0,0,0,0,0,0,0.04398797,0,0,0.1632217,0,0,0,0,0.1192337,10.51796,0.1192337,0,0.1192337,14.00003,100,0.01934177,0,0.1305773,0,10.68119
3/6/2007 7:00:00 PM,0,0,84.90652,90,0,0,1.291665,1.291665,0,-1,0,1.291665,0,0,0,0,0,1.359647,1.291665,0,0,0,10.62527,0,1.359647,-1.359647,12.56683,89.76292,0.01934177,1.420831,0,0,10.62527
3/6/2007 8:00:00 PM,0,0,86.90096,90,0,0,0,0,0,-1,0,0,0,0,0,0,0,0,0,0,0,1.510719,9.265627,0,0,0,12.56683,89.76292,0.01934177,0,0,0,9.265627
3/6/2007 9:00:00 PM,0,0,88.89742,90,0,0,0.8378798,0.8378798,0,-1,0,0.8378798,0,0,1.110223E-16,0,0,0.8819788,0.8378798,0,0,1.510719,9.265627,0,0.8819788,-0.8819788,11.63715,83.12231,0.01934177,0.9216679,0,0,9.265627
3/6/2007 10:00:00 PM,0,0,91.28908,90,0,0,0.446891,0.446891,0,-1,0,0.446891,0,0,5.551115E-17,0,0,0.4704116,0.446891,0,0,2.490695,8.383649,0,0.4704116,-0.4704116,11.14129,79.58048,0.01934177,0.4915801,0,0,8.383649
3/6/2007 11:00:00 PM,0,0,95.40043,90,0,0,0.05511695,0.05511695,0,-1,0,0.05511695,0,0,6.938894E-18,0,0,0.05801784,0.05511695,0,0,3.013375,7.913237,0,0.05801784,-0.05801784,11.08013,79.14365,0.01934177,0.06062864,0,0,7.913237
3/7/2007 12:00:00 AM,0,0,123.0577,90,0,0,0.4432373,0.4432373,0,-1,0,0.4432373,0,0,0,0,0,0.4665656,0.4432373,0,0,3.077839,7.855219,0,0.4665656,-0.4665656,10.58833,75.63078,0.01934177,0.487561,0,0,7.855219
3/7/2007 1:00:00 AM,0,0,-102.8903,90,0,0,0.1667099,0.1667099,0,-1,0,0.1667099,0,0,0,0,0,0.1754841,0.1667099,0,0,3.596245,7.388653,0,0.1754841,-0.1754841,10.40335,74.30952,0.01934177,0.1833809,0,0,7.388653
3/7/2007 2:00:00 AM,0,0,-93.99072,90,0,0,0.3455963,0.3455963,0,-1,0,0.3455963,0,0,5.551115E-17,0,0,0.3637856,0.3455963,0,0,3.791228,7.21317,0,0.3637856,-0.3637856,10.01989,71.5705,0.01934177,0.380156,0,0,7.21317
3/7/2007 3:00:00 AM,0,0,-90.69734,90,0,0,0.1603604,0.1603604,0,-1,0,0.1603604,0,0,0,0,0,0.1688005,0.1603604,0,0,4.195434,6.849384,0,0.1688005,-0.1688005,9.841959,70.29957,0.01934177,0.1763965,0,0,6.849384
3/7/2007 4:00:00 AM,0,0,-88.43472,90,0,0,0.4390252,0.4390252,0,-1,0,0.4390252,0,0,0,0,0,0.4621318,0.4390252,0,0,4.38299,6.680583,0,0.4621318,-0.4621318,9.354829,66.82008,0.01934177,0.4829277,0,0,6.680583
3/7/2007 5:00:00 AM,0,0,-86.41386,90,0,0,0.1976664,0.1976664,0,0,0,0.1976664,0,0,0,0,0,0.2080699,0.1976664,0,0,4.89647,6.218451,0,0.2080699,-0.2080699,9.135504,65.25347,0.01934177,0.2174331,0,0,6.218451
3/7/2007 6:00:00 AM,0.003480305,0,-84.31362,90,0,0,0.2413561,0.2413561,0,0,0,0.2413561,0,0,2.775558E-17,0,0,0.254059,0.2413561,0,0,5.127658,6.010382,0,0.254059,-0.254059,8.867702,63.3406,0.01934177,0.2654917,0,0,6.010382
3/7/2007 7:00:00 AM,0.1830458,9.733831,-81.87517,79.11475,0.2033907,0.9128176,1.091558,1.091558,0,0,0,1.091558,83.62522,0,0,0,0.9128176,1.149008,1.091558,0,0,5.409946,5.756322,0,0.2361906,-0.2361906,8.618735,61.56227,0.01934177,1.200714,0.7302541,0,6.66914
3/7/2007 8:00:00 AM,0.4987845,24.33866,-78.74275,64.21844,0.5256586,2.359156,0,0,0,0,0,0,0,0,0,0,2.359156,0,0,0,0,5.67238,5.520132,2.359156,0,2.359156,10.85683,77.54861,0.01924748,0,1.887325,0,7.879288
3/7/2007 9:00:00 AM,0.7574822,38.74936,-74.24277,49.35263,0.7877026,3.535209,1.180047,1.180047,0,-1,0,1.180047,299.5821,0,0,0,3.535209,1.242154,1.180047,0,0,3.313225,7.643372,2.293055,0,2.293055,13.03221,93.08703,0.0191567,1.298051,2.828167,0,11.17858
3/7/2007 10:00:00 AM,0.8812147,52.73645,-66.7762,34.5661,0.9109336,4.08827,0.5046455,0.5046455,0,0,0,0.5046455,810.1271,2.536894,0,0,4.08827,0.5312058,0.5046455,0,0,1.02017,9.707121,1.02017,0,1.02017,14.00003,100,0.01911658,0.55511,3.270616,0,13.79539
3/7/2007 11:00:00 AM,1.009242,65.55795,-51.6151,20.04454,1.040621,4.670305,1.543464,1.543464,0,0,0,1.543464,302.586,3.045606,0,0,4.670305,1.624699,1.543464,0,0,0,10.62527,0,0,0,14.00003,100,0.01911658,1.69781,3.736244,0,15.29558
3/7/2007 12:00:00 PM,1.058388,74.08599,-14.82412,7.536151,1.090233,4.892967,1.414006,1.414006,0,0,0,1.414006,346.0359,3.40454,0,0,4.892967,1.488427,1.414006,0,0,0,10.62527,0,0,0,14.00003,100,0.01911658,1.555406,3.914374,0,15.51824
3/7/2007 1:00:00 PM,0.9513419,71.12835,35.71458,12.64621,0.9791059,4.394227,1.001979,1.001979,0,0,0,1.001979,438.5547,3.339512,0,0,4.394227,1.054715,1.001979,0,0,0,10.62527,0,0,0,14.00003,100,0.01911658,1.102177,3.515382,0,15.0195
3/7/2007 2:00:00 PM,0.9454984,59.89931,60.13316,26.66756,0.9757514,4.379172,0.1919224,0.1919224,0,-1,0,0.1919224,2281.741,4.177149,0,0,4.379172,0.2020236,0.1919224,0,0,0,10.62527,0,0,0,14.00003,100,0.01911658,0.2111146,3.503338,0,15.00445
3/7/2007 3:00:00 PM,0.8593131,46.37747,70.76034,41.35644,0.8903762,3.996008,0.7589439,0.7589439,0,0,0,0.7589439,526.5223,3.19712,0,0,3.996008,0.7988883,0.7589439,0,0,0,10.62527,0,0,0,14.00003,100,0.01911658,0.8348383,3.196807,0,14.62128
3/7/2007 4:00:00 PM,0.5457451,32.14995,76.55154,56.18931,0.5692192,2.554656,1.501848,1.501848,0,0,0,1.501848,170.1008,0.9737626,0,0,2.554656,1.580893,1.501848,0,0,0,10.62527,0,0,0,14.00003,100,0.01911658,1.652033,2.043725,0,13.17993
3/7/2007 5:00:00 PM,0.3098661,17.63323,80.30228,71.07269,0.3303508,1.482614,1.122168,1.122168,0,0,0,1.122168,132.1205,0.301385,0,0,1.482614,1.181229,1.122168,0,0,0,10.62527,0,0,0,14.00003,100,0.01911658,1.234385,1.186091,0,12.10789
3/7/2007 6:00:00 PM,0.05178088,2.973741,83.05815,85.97549,0.06435158,0.2888099,1.691434,1.691434,0,0,0,1.691434,17.07486,0,2.220446E-16,0,0.2888099,1.780457,1.691434,0,0,0,10.62527,0,1.491647,-1.491647,12.42769,88.76907,0.01911658,1.860577,0.2310479,0,10.91408
3/7/2007 7:00:00 PM,0,0,85.30609,90,0,0,0,0,0,-1,0,0,0,0,0,0,0,0,0,0,0,1.657385,9.133628,0,0,0,12.42769,88.76907,0.01911658,0,0,0,9.133628
3/7/2007 8:00:00 PM,0,0,87.33815,90,0,0,0.4854035,0.4854035,0,-1,0,0.4854035,0,0,5.551115E-17,0,0,0.510951,0.4854035,0,0,1.657385,9.133628,0,0.510951,-0.510951,11.8891,84.922,0.01911658,0.5339438,0,0,9.133628
3/7/2007 9:00:00 PM,0,0,89.41831,90,0,0,0,0,0,-1,0,0,0,0,0,0,0,0,0,0,0,2.225109,8.622677,0,0,0,11.8891,84.922,0.01911658,0,0,0,8.622677
3/7/2007 10:00:00 PM,0,0,91.99136,90,0,0,0,0,0,-1,0,0,0,0,0,0,0,0,0,0,0,2.225109,8.622677,0,0,0,11.8891,84.922,0.01911658,0,0,0,8.622677
3/7/2007 11:00:00 PM,0,0,96.59859,90,0,0,0.1860566,0.1860566,0,-1,0,0.1860566,0,0,0,0,0,0.1958491,0.1860566,0,0,2.225109,8.622677,0,0.1958491,-0.1958491,11.68266,83.44742,0.01911658,0.2046623,0,0,8.622677
3/8/2007 12:00:00 AM,0,0,127.15,90,0,0,0.2050113,0.2050113,0,-1,0,0.2050113,0,0,0,0,0,0.2158014,0.2050113,0,0,2.442719,8.426827,0,0.2158014,-0.2158014,11.45519,81.8226,0.01911658,0.2255125,0,0,8.426827
3/8/2007 1:00:00 AM,0,0,-104.7412,90,0,0,0.1111992,0.1111992,0,-1,0,0.1111992,0,0,1.387779E-17,0,0,0.1170518,0.1111992,0,0,2.682498,8.211026,0,0.1170518,-0.1170518,11.3318,80.94129,0.01911658,0.1223191,0,0,8.211026
3/8/2007 2:00:00 AM,0,0,-94.85605,90,0,0,0.25562,0.25562,0,-1,0,0.25562,0,0,0,0,0,0.2690737,0.25562,0,0,2.812556,8.093974,0,0.2690737,-0.2690737,11.04817,78.91537,0.01911658,0.281182,0,0,8.093974
3/8/2007 3:00:00 AM,0,0,-91.28056,90,0,0,0,0,0,-1,0,0,0,0,0,0,0,0,0,0,0,3.111526,7.8249,0,0,0,11.04817,78.91537,0.01911658,0,0,0,7.8249
3/8/2007 4:00:00 AM,0,0,-88.896,90,0,0,0.2833796,0.2833796,0,-1,0,0.2833796,0,0,5.551115E-17,0,0,0.2982943,0.2833796,0,0,3.111526,7.8249,0,0.2982943,-0.2982943,10.73374,76.66946,0.01911658,0.3117175,0,0,7.8249
3/8/2007 5:00:00 AM,0,0,-86.81636,90,0,0,0.1236293,0.1236293,0,0,0,0.1236293,0,0,1.387779E-17,0,0,0.1301361,0.1236293,0,0,3.442965,7.526606,0,0.1301361,-0.1301361,10.59657,75.68963,0.01911658,0.1359922,0,0,7.526606
3/8/2007 6:00:00 AM,0.002648127,0,-84.69176,90,0,0,0.06938954,0.06938954,0,0,0,0.06938954,0,0,0,0,0,0.07304163,0.06938954,0,0,3.58756,7.39647,0,0.07304163,-0.07304163,10.51958,75.13969,0.01911658,0.0763285,0,0,7.39647
3/8/2007 7:00:00 AM,0.1367728,9.85823,-82.25385,79.05102,0.146487,0.6574336,0.8400604,0.8400604,0,0,0,0.8400604,78.26028,0,1.110223E-16,0,0.6574336,0.8842741,0.8400604,0,0,3.668718,7.323428,0,0.2268405,-0.2268405,10.28047,73.43176,0.01911658,0.9240664,0.5259469,0,7.980862
3/8/2007 8:00:00 AM,0.4397821,24.47953,-79.14606,64.14249,0.4618378,2.072728,0.4359907,0.4359907,0,0,0,0.4359907,475.4064,0,0,0,2.072728,0.4589376,0.4359907,0,0,3.920763,7.096588,1.61379,0,1.61379,11.81144,84.36727,0.01905347,0.4795898,1.658182,0,9.169315
3/8/2007 9:00:00 AM,0.6037923,38.91544,-74.70051,49.26101,0.6247892,2.804054,1.073168,1.073168,0,-1,0,1.073168,261.2876,0,0,0,2.804054,1.12965,1.073168,0,0,2.306972,8.548999,1.674404,0,1.674404,13.39992,95.71353,0.01898843,1.180484,2.243243,0,11.35305
3/8/2007 10:00:00 AM,0.7547283,52.9447,-67.32866,34.44989,0.7768119,3.486332,0.4005248,0.4005248,0,0,0,0.4005248,870.4409,2.432158,0,0,3.486332,0.4216051,0.4005248,0,0,0.6325685,10.05596,0.6325685,0,0.6325685,14.00003,100,0.01896397,0.4405773,2.789065,0,13.54229
3/8/2007 11:00:00 AM,0.9253525,65.84412,-52.27092,19.87551,0.9521319,4.273168,0,0,0,0,0,0,0,4.273168,0,0,4.273168,0,0,0,0,0,10.62527,0,0,0,14.00003,100,0.01896397,0,3.418535,0,14.89844
3/8/2007 12:00:00 PM,1.085734,74.47668,-14.99262,7.179811,1.117322,5.014541,1.229699,1.229699,0,0,0,1.229699,407.7861,3.720121,0,0,5.014541,1.29442,1.229699,0,0,0,10.62527,0,0,0,14.00003,100,0.01896397,1.352669,4.011632,0,15.63981
3/8/2007 1:00:00 PM,1.019548,71.41127,36.56566,12.50636,1.049269,4.709121,1.197459,1.197459,0,0,0,1.197459,393.2594,3.448637,0,0,4.709121,1.260484,1.197459,0,0,0,10.62527,0,0,0,14.00003,100,0.01896397,1.317205,3.767297,0,15.3344
3/8/2007 2:00:00 PM,0.6096802,60.04678,60.86189,26.63817,0.6177675,2.77254,0.2481688,0.2481688,0,-1,0,0.2481688,1117.2,2.51131,0,0,2.77254,0.2612303,0.2481688,0,0,0,10.62527,0,0,0,14.00003,100,0.01896397,0.2729856,2.218032,0,13.39781
3/8/2007 3:00:00 PM,0.249833,46.45848,71.31869,41.36398,0.2489532,1.117302,0.2050005,0.2050005,0,0,0,0.2050005,545.0239,0.9015118,0,0,1.117302,0.21579,0.2050005,0,0,0,10.62527,0,0,0,14.00003,100,0.01896397,0.2255006,0.8938414,0,11.74258
3/8/2007 4:00:00 PM,0.242254,32.19511,77.01317,56.21678,0.2422579,1.087253,0.9341815,0.9341815,0,0,0,0.9341815,116.3857,0.1039044,0,0,1.087253,0.983349,0.9341815,0,0,0,10.62527,0,0,0,14.00003,100,0.01896397,1.0276,0.8698027,0,11.71253
3/8/2007 5:00:00 PM,0.1422079,17.65646,80.71432,71.11403,0.1426771,0.6403347,1.645507,1.645507,0,0,0,1.645507,38.91413,0,0,0,0.6403347,1.732113,1.645507,0,0,0,10.62527,0,1.091778,-1.091778,12.84919,91.77977,0.01896397,1.810058,0.5122678,0,11.26561
3/8/2007 6:00:00 PM,0.02607306,2.982428,83.45193,86.02837,0.02650824,0.118969,0.04275713,0.04275713,0,0,0,0.04275713,278.2436,0,0,0,0.118969,0.04500751,0.04275713,0,0,1.213086,9.533496,0.07396146,0,0.07396146,12.91936,92.28095,0.01896112,0.04703284,0.09517518,0,9.652465
3/8/2007 7:00:00 PM,0,0,85.70788,90,0,0,0,0,0,-1,0,0,0,0,0,0,0,0,0,0,0,1.139125,9.600061,0,0,0,12.91936,92.28095,0.01896112,0,0,0,9.600061
3/8/2007 8:00:00 PM,0,0,87.77779,90,0,0,0.04638686,0.04638686,0,-1,0,0.04638686,0,0,6.938894E-18,0,0,0.04882827,0.04638686,0,0,1.139125,9.600061,0,0.04882827,-0.04882827,12.86789,91.91331,0.01896112,0.05102555,0,0,9.600061
3/8/2007 9:00:00 PM,0,0,89.94219,90,0,0,1.77601,1.77601,0,-1,0,1.77601,0,0,2.220446E-16,0,0,1.869484,1.77601,0,0,1.193379,9.551233,0,1.869484,-1.869484,10.89728,77.83756,0.01896112,1.953611,0,0,9.551233
3/8/2007 10:00:00 PM,0,0,92.6978,90,0,0,0,0,0,-1,0,0,0,0,0,0,0,0,0,0,0,3.270583,7.68175,0,0,0,10.89728,77.83756,0.01896112,0,0,0,7.68175
3/8/2007 11:00:00 PM,0,0,97.80256,90,0,0,0.076141,0.076141,0,-1,0,0.076141,0,0,1.387779E-17,0,0,0.08014842,0.076141,0,0,3.270583,7.68175,0,0.08014842,-0.08014842,10.8128,77.23411,0.01896112,0.0837551,0,0,7.68175
3/9/2007 12:00:00 AM,0,0,130.9677,90,0,0,0.08708552,0.08708552,0,-1,0,0.08708552,0,0,1.387779E-17,0,0,0.09166896,0.08708552,0,0,3.359637,7.601601,0,0.09166896,-0.09166896,10.71617,76.54391,0.01896112,0.09579407,0,0,7.601601
3/9/2007 1:00:00 AM,0,0,-106.5456,90,0,0,0.13532,0.13532,0,-1,0,0.13532,0,0,2.775558E-17,0,0,0.1424421,0.13532,0,0,3.461491,7.509932,0,0.1424421,-0.1424421,10.56602,75.47144,0.01896112,0.148852,0,0,7.509932
3/9/2007 2:00:00 AM,0,0,-95.71771,90,0,0,0.1926495,0.1926495,0,-1,0,0.1926495,0,0,2.775558E-17,0,0,0.202789,0.1926495,0,0,3.61976,7.36749,0,0.202789,-0.202789,10.35226,73.9446,0.01896112,0.2119145,0,0,7.36749
3/9/2007 3:00:00 AM,0,0,-91.86366,90,0,0,0,0,0,-1,0,0,0,0,0,0,0,0,0,0,0,3.845081,7.164701,0,0,0,10.35226,73.9446,0.01896112,0,0,0,7.164701
3/9/2007 4:00:00 AM,0,0,-89.35796,90,0,0,0.0883079,0.0883079,0,-1,0,0.0883079,0,0,1.387779E-17,0,0,0.09295569,0.0883079,0,0,3.845081,7.164701,0,0.09295569,-0.09295569,10.25428,73.24471,0.01896112,0.0971387,0,0,7.164701
3/9/2007 5:00:00 AM,0,0,-87.2199,90,0,0,0.1009109,0.1009109,0,0,0,0.1009109,0,0,1.387779E-17,0,0,0.106222,0.1009109,0,0,3.948365,7.071745,0,0.106222,-0.106222,10.14231,72.44494,0.01896112,0.111002,0,0,7.071745
3/9/2007 6:00:00 AM,0.001476467,0,-85.07121,90,0,0,0.02030002,0.02030002,0,0,0,0.02030002,0,0,0,0,0,0.02136844,0.02030002,0,0,4.06639,6.965523,0,0.02136844,-0.02136844,10.11979,72.28405,0.01896112,0.02233002,0,0,6.965523
3/9/2007 7:00:00 AM,0.05883997,9.984599,-82.6342,78.98564,0.05875168,0.2636775,0.6170141,0.6170141,0,0,0,0.6170141,42.73444,0,0,0,0.2636775,0.6494885,0.6170141,0,0,4.090132,6.944155,0,0.3858109,-0.3858109,9.713107,69.3792,0.01896112,0.6787155,0.210942,0,7.207832
3/9/2007 8:00:00 AM,0.1632682,24.62179,-79.55166,64.06562,0.1629528,0.7313321,1.062988,1.062988,0,0,0,1.062988,68.79964,0,0,0,0.7313321,1.118935,1.062988,0,0,4.518811,6.558344,0,0.3876028,-0.3876028,9.304538,66.46085,0.01896112,1.169287,0.5850657,0,7.289676
3/9/2007 9:00:00 AM,0.3682352,39.08226,-75.1618,49.16934,0.37065,1.663477,0.4180481,0.4180481,0,-1,0,0.4180481,397.9153,0,0,0,1.663477,0.4400506,0.4180481,0,0,4.949481,6.170741,1.223427,0,1.223427,10.46518,74.75115,0.01891401,0.4598529,1.330782,0,7.834219
3/9/2007 10:00:00 AM,0.5838103,53.153,-67.88775,34.33495,0.5927356,2.660197,1.078953,1.078953,0,0,0,1.078953,246.5537,0,0,0,2.660197,1.13574,1.078953,0,0,3.726054,7.271825,1.524458,0,1.524458,11.91141,85.08133,0.01885563,1.186848,2.128158,0,9.932023
3/9/2007 11:00:00 AM,0.5167611,66.1302,-52.94172,19.71009,0.518564,2.327316,0.5390083,0.5390083,0,0,0,0.5390083,431.7773,0,0,0,2.327316,0.5673771,0.5390083,0,0,2.201596,8.643837,1.759938,0,1.759938,13.58103,97.00719,0.01878869,0.5929091,1.861852,0,10.97115
3/9/2007 12:00:00 PM,0.6861377,74.8695,-15.16353,6.824848,0.6945711,3.117235,0.5202283,0.5202283,0,0,0,0.5202283,599.2052,2.127968,0,0,3.117235,0.5476087,0.5202283,0,0,0.4416582,10.22778,0.4416582,0,0.4416582,14.00003,100,0.01877196,0.5722511,2.493788,0,13.34502
3/9/2007 1:00:00 PM,0.6771162,71.69038,37.45069,12.37836,0.6856398,3.077151,0.6656076,0.6656076,0,0,0,0.6656076,462.3072,2.376512,0,0,3.077151,0.7006395,0.6656076,0,0,0,10.62527,0,0,0,14.00003,100,0.01877196,0.7321683,2.461721,0,13.70243
3/9/2007 2:00:00 PM,0.5589325,60.18922,61.60225,26.61586,0.5637346,2.530041,0.03630104,0.03630104,0,-1,0,0.03630104,6969.609,2.491829,0,0,2.530041,0.03821163,0.03630104,0,0,0,10.62527,0,0,0,14.00003,100,0.01877196,0.03993115,2.024033,0,13.15532
3/9/2007 3:00:00 PM,0.634849,46.53535,71.88211,41.3765,0.6515821,2.9243,0.8410026,0.8410026,0,0,0,0.8410026,347.716,2.039035,0,0,2.9243,0.8852659,0.8410026,0,0,0,10.62527,0,0,0,14.00003,100,0.01877196,0.9251029,2.33944,0,13.54957
3/9/2007 4:00:00 PM,0.213634,32.23699,77.4779,56.24804,0.2131802,0.9567529,0,0,0,0,0,0,0,0.9567529,0,0,0.9567529,0,0,0,0,0,10.62527,0,0,0,14.00003,100,0.01877196,0,0.7654023,0,11.58203
3/9/2007 5:00:00 PM,0.07733987,17.67711,81.12874,71.15835,0.07706683,0.3458759,1.264743,1.264743,0,0,0,1.264743,27.34754,0,0,0,0.3458759,1.331308,1.264743,0,0,0,10.62527,0,0.9854321,-0.9854321,12.96129,92.58047,0.01877196,1.391217,0.2767008,0,10.97115
3/9/2007 6:00:00 PM,0.02952054,2.989177,83.84782,86.08353,0.03037756,0.1363345,1.435423,1.435423,0,0,0,1.435423,9.497857,0,2.220446E-16,0,0.1363345,1.510972,1.435423,0,0,1.094925,9.639842,0,1.374638,-1.374638,11.5123,82.23052,0.01877196,1.578966,0.1090676,0,9.776176
3/9/2007 7:00:00 PM,0,0,86.11176,90,0,0,0.1370004,0.1370004,0,-1,0,0.1370004,0,0,2.775558E-17,0,0,0.1442109,0.1370004,0,0,2.6223,8.265204,0,0.1442109,-0.1442109,11.36028,81.14473,0.01877196,0.1507004,0,0,8.265204
3/9/2007 8:00:00 PM,0,0,88.21976,90,0,0,0.833903,0.833903,0,-1,0,0.833903,0,0,1.110223E-16,0,0,0.8777926,0.833903,0,0,2.782534,8.120994,0,0.8777926,-0.8777926,10.43501,74.53564,0.01877196,0.9172933,0,0,8.120994
3/9/2007 9:00:00 PM,0,0,90.46891,90,0,0,2.684826,2.684826,0,-1,0,2.684826,0,0,4.440892E-16,0,0,2.826132,2.684826,0,0,3.757859,7.243201,0,2.826132,-2.826132,7.456005,53.25707,0.01877196,2.953308,0,0,7.243201
3/9/2007 10:00:00 PM,0,0,93.40812,90,0,0,0.3538294,0.3538294,0,-1,0,0.3538294,0,0,5.551115E-17,0,0,0.372452,0.3538294,0,0,6.898006,4.417068,0,0.372452,-0.372452,7.063406,50.4528,0.01877196,0.3892123,0,0,4.417068
3/9/2007 11:00:00 PM,0,0,99.0113,90,0,0,0.3370968,0.3370968,0,-1,0,0.3370968,0,0,0,0,0,0.3548388,0.3370968,0,0,7.311842,4.044617,0,0.3548388,-0.3548388,6.689373,47.78114,0.01877196,0.3708065,0,0,4.044617
3/10/2007 12:00:00 AM,0,0,134.5096,90,0,0,0.3681317,0.3681317,0,-1,0,0.3681317,0,0,5.551115E-17,0,0,0.3875071,0.3681317,0,0,7.706107,3.689778,0,0.3875071,-0.3875071,6.280905,44.86351,0.01877196,0.4049449,0,0,3.689778
3/10/2007 1:00:00 AM,0,0,-108.3009,90,0,0,0.305308,0.305308,0,-1,0,0.305308,0,0,0,0,0,0.3213768,0.305308,0,0,8.13667,3.302271,0,0.3213768,-0.3213768,5.942144,42.4438,0.01877196,0.3358387,0,0,3.302271
3/10/2007 2:00:00 AM,0,0,-96.575,90,0,0,0.1866633,0.1866633,0,-1,0,0.1866633,0,0,2.775558E-17,0,0,0.1964876,0.1866633,0,0,8.493755,2.980894,0,0.1964876,-0.1964876,5.735028,40.9644,0.01877196,0.2053296,0,0,2.980894
3/10/2007 3:00:00 AM,0,0,-92.44632,90,0,0,0.4245478,0.4245478,0,-1,0,0.4245478,0,0,5.551115E-17,0,0,0.4468924,0.4245478,0,0,8.712075,2.784406,0,0.4468924,-0.4468924,5.263962,37.59965,0.01877196,0.4670026,0,0,2.784406
3/10/2007 4:00:00 AM,0,0,-89.82043,90,0,0,0.3338101,0.3338101,0,-1,0,0.3338101,0,0,5.551115E-17,0,0,0.3513791,0.3338101,0,0,9.208623,2.337514,0,0.3513791,-0.3513791,4.893576,34.95404,0.01877196,0.3671911,0,0,2.337514
3/10/2007 5:00:00 AM,0,0,-87.62434,90,0,0,0.1202957,0.1202957,0,0,0,0.1202957,0,0,0,0,0,0.126627,0.1202957,0,0,9.599044,1.986135,0,0.126627,-0.126627,4.760099,34.00064,0.01877196,0.1323252,0,0,1.986135
3/10/2007 6:00:00 AM,0.004295409,0,-85.45186,90,0,0,0.4203242,0.4203242,0,0,0,0.4203242,0,0,5.551115E-17,0,0,0.4424465,0.4203242,0,0,9.73974,1.859508,0,0.4424465,-0.4424465,4.293719,30.66936,0.01877196,0.4623566,0,0,1.859508
3/10/2007 7:00:00 AM,0.1816516,10.11283,-83.01614,78.91872,0.1977665,0.887576,1.48715,1.48715,4.80725,0,1.477379,1.48715,59.68302,0,0,0,0.887576,0,0,3.3201,3.154095,10.23135,1.417061,4.041671,0,4.041671,8.127985,58.05692,0.02077753,1.635865,0.7100608,5,2.304637
3/10/2007 8:00:00 AM,0.4857275,24.76529,-79.95947,63.98793,0.5078633,2.27929,0.9632206,0.9632206,4.468484,0,1.384896,0.9632206,236.6322,0,0,0,2.27929,0,0,3.505263,3.33,6.189677,5.054565,5.609291,0,5.609291,13.44943,96.06713,0.02247726,1.059543,1.823432,5,7.333856
3/10/2007 9:00:00 AM,0.6676147,39.24966,-75.62658,49.07775,0.6902652,3.09791,1.978341,1.978341,0,-1,0,1.978341,156.5913,0.4350601,0,0,3.09791,2.082464,1.978341,0,0,0.5803862,10.10293,0.5803862,0,0.5803862,14.00003,100,0.0224515,2.176175,2.478328,0,13.20084
3/10/2007 10:00:00 AM,0.8708148,53.36117,-68.45351,34.22144,0.8966473,4.024153,0.7231858,0.7231858,0,0,0,0.7231858,556.448,3.262905,0,0,4.024153,0.7612482,0.7231858,0,0,0,10.62527,0,0,0,14.00003,100,0.0224515,0.7955045,3.219323,0,14.64943
3/10/2007 11:00:00 AM,0.8847174,66.4159,-53.62798,19.54863,0.9073174,4.072041,1.789783,1.789783,0,0,0,1.789783,227.5159,2.188058,0,0,4.072041,1.883982,1.789783,0,0,0,10.62527,0,0,0,14.00003,100,0.0224515,1.968761,3.257632,0,14.69731
3/10/2007 12:00:00 PM,1.09207,75.26431,-15.33734,6.472011,1.121472,5.033168,1.30456,1.30456,0,0,0,1.30456,385.8136,3.659948,0,0,5.033168,1.373221,1.30456,0,0,0,10.62527,0,0,0,14.00003,100,0.0224515,1.435016,4.026535,0,15.65844
3/10/2007 1:00:00 PM,1.04568,71.96536,38.37042,12.26275,1.073987,4.820054,0.4155368,0.4155368,0,0,0,0.4155368,1159.958,4.382647,0,0,4.820054,0.4374071,0.4155368,0,0,0,10.62527,0,0,0,14.00003,100,0.0224515,0.4570904,3.856043,0,15.44533
3/10/2007 2:00:00 PM,0.9452132,60.3265,62.35387,26.60069,0.9720396,4.362514,0.8403533,0.8403533,0,-1,0,0.8403533,519.1285,3.477931,0,0,4.362514,0.8845825,0.8403533,0,0,0,10.62527,0,0,0,14.00003,100,0.0224515,0.9243886,3.490011,0,14.98779
3/10/2007 3:00:00 PM,0.7543012,46.60808,72.45035,41.39396,0.7776327,3.490015,0,0,0,0,0,0,0,3.490015,0,0,3.490015,0,0,0,0,0,10.62527,0,0,0,14.00003,100,0.0224515,0,2.792012,0,14.11529
3/10/2007 4:00:00 PM,0.538317,32.2756,77.94553,56.28304,0.5581877,2.505147,0,0,0,0,0,0,0,2.505147,0,0,2.505147,0,0,0,0,0,10.62527,0,0,0,14.00003,100,0.0224515,0,2.004117,0,13.13042
3/10/2007 5:00:00 PM,0.2671844,17.69522,81.54536,71.20556,0.2797774,1.255641,0.01299883,0.01299883,0,0,0,0.01299883,9659.649,1.241958,0,0,1.255641,0.01368297,0.01299883,0,0,0,10.62527,0,0,0,14.00003,100,0.0224515,0.01429871,1.004513,0,11.88092
3/10/2007 6:00:00 PM,0.04485025,2.994048,84.24567,86.14091,0.05100928,0.2289297,0,0,0,0,0,0,0,0.2289297,0,0,0.2289297,0,0,0,0,0,10.62527,0,0,0,14.00003,100,0.0224515,0,0.1831437,0,10.8542
3/10/2007 7:00:00 PM,0,0,86.51762,90,0,0,0.8326566,0.8326566,0,-1,0,0.8326566,0,0,1.110223E-16,0,0,0.8764806,0.8326566,0,0,0,10.62527,0,0.8764806,-0.8764806,13.07614,93.40079,0.0224515,0.9159222,0,0,10.62527
3/10/2007 8:00:00 PM,0,0,88.6639,90,0,0,2.328358,2.328358,0,-1,0,2.328358,0,0,0,0,0,2.450903,2.328358,0,0,0.9738673,9.748794,0,2.450903,-2.450903,10.49266,74.9474,0.0224515,2.561193,0,0,9.748794
3/10/2007 9:00:00 PM,0,0,90.99831,90,0,0,1.024932,1.024932,0,-1,0,1.024932,0,0,2.220446E-16,0,0,1.078875,1.024932,0,0,3.697093,7.297891,0,1.078875,-1.078875,9.355423,66.82432,0.0224515,1.127425,0,0,7.297891
3/10/2007 10:00:00 PM,0,0,94.12206,90,0,0,0.07598504,0.07598504,0,-1,0,0.07598504,0,0,1.387779E-17,0,0,0.07998426,0.07598504,0,0,4.895843,6.219015,0,0.07998426,-0.07998426,9.271112,66.2221,0.0224515,0.08358355,0,0,6.219015
3/10/2007 11:00:00 PM,0,0,100.2238,90,0,0,0.04939857,0.04939857,0,-1,0,0.04939857,0,0,6.938894E-18,0,0,0.0519985,0.04939857,0,0,4.984715,6.139031,0,0.0519985,-0.0519985,9.216301,65.83059,0.0224515,0.05433843,0,0,6.139031
3/11/2007 12:00:00 AM,0,0,137.7829,90,0,0,0.1904992,0.1904992,0,-1,0,0.1904992,0,0,2.775558E-17,0,0,0.2005255,0.1904992,0,0,5.04249,6.087033,0,0.2005255,-0.2005255,9.004929,64.32079,0.0224515,0.2095491,0,0,6.087033
3/11/2007 1:00:00 AM,0,0,-110.0047,90,0,0,0.4512012,0.4512012,0,-1,0,0.4512012,0,0,0,0,0,0.4749486,0.4512012,0,0,5.265297,5.886507,0,0.4749486,-0.4749486,8.504289,60.7448,0.0224515,0.4963213,0,0,5.886507
3/11/2007 2:00:00 AM,0,0,-97.42723,90,0,0,0.1944636,0.1944636,0,-1,0,0.1944636,0,0,2.775558E-17,0,0,0.2046985,0.1944636,0,0,5.793017,5.411559,0,0.2046985,-0.2046985,8.288518,59.20358,0.0224515,0.2139099,0,0,5.411559
3/11/2007 3:00:00 AM,0,0,-93.02824,90,0,0,0.1320191,0.1320191,0,-1,0,0.1320191,0,0,2.775558E-17,0,0,0.1389674,0.1320191,0,0,6.02046,5.20686,0,0.1389674,-0.1389674,8.142034,58.15726,0.0224515,0.145221,0,0,5.20686
3/11/2007 4:00:00 AM,0,0,-90.28323,90,0,0,0.2367419,0.2367419,0,-1,0,0.2367419,0,0,2.775558E-17,0,0,0.249202,0.2367419,0,0,6.174869,5.067893,0,0.249202,-0.249202,7.879352,56.28097,0.0224515,0.2604161,0,0,5.067893
3/11/2007 5:00:00 AM,0,0,-88.02955,90,0,0,0.3910488,0.3910488,0,0,0,0.3910488,0,0,5.551115E-17,0,0,0.4116304,0.3910488,0,0,6.45176,4.818691,0,0.4116304,-0.4116304,7.445455,53.18171,0.0224515,0.4301538,0,0,4.818691
3/11/2007 6:00:00 AM,0.003645856,0,-85.83362,90,0,0,0,0,0,0,0,0,0,0,0,0,0,0,0,0,0,6.909127,4.40706,0,0,0,7.445455,53.18171,0.0224515,0,0,0,4.40706
3/11/2007 7:00:00 AM,0.1430446,10.2428,-83.39958,78.85036,0.1513073,0.679067,0.3911664,0.3911664,0,0,0,0.3911664,173.6005,0,0,0,0.679067,0.4117541,0.3911664,0,0,6.909127,4.40706,0.2673129,0,0.2673129,7.69905,54.99311,0.02243966,0.430283,0.5432536,0,5.086127
3/11/2007 8:00:00 AM,0.4247117,24.90991,-80.36943,63.90952,0.4422037,1.98461,1.493041,1.493041,0,0,0,1.493041,132.9241,0,0,0,1.98461,1.571622,1.493041,0,0,6.641814,4.647642,0.4129886,0,0.4129886,8.090845,57.79164,0.02242138,1.642345,1.587688,0,6.632252
3/11/2007 9:00:00 AM,0.7347106,39.4175,-76.0948,48.98637,0.7588084,3.405532,0.8637911,0.8637911,0,-1,0,0.8637911,394.2541,0,0,0,3.405532,0.9092538,0.8637911,0,0,6.228825,5.019331,2.496278,0,2.496278,10.45902,74.70716,0.02231154,0.9501702,2.724426,0,8.424864
3/11/2007 10:00:00 AM,0.9060996,53.56902,-69.02592,34.10955,0.9319105,4.182415,1.777257,1.777257,0,0,0,1.777257,235.3297,0,0,0,4.182415,1.870797,1.777257,0,0,3.732547,7.265982,2.311617,0,2.311617,12.65202,90.37136,0.02221078,1.954983,3.345932,0,11.4484
3/11/2007 11:00:00 AM,0.880522,66.70101,-54.33022,19.39144,0.9019078,4.047762,1.744672,1.744672,0,0,0,1.744672,232.0071,0.7903357,0,0,4.047762,1.836497,1.744672,0,0,1.42093,9.346437,1.42093,0,1.42093,14.00003,100,0.02214929,1.919139,3.23821,0,13.3942
3/11/2007 12:00:00 PM,1.012617,75.66098,-15.51457,6.122189,1.038304,4.65991,0.7725137,0.7725137,0,0,0,0.7725137,603.2138,3.846737,0,0,4.65991,0.8131724,0.7725137,0,0,0,10.62527,0,0,0,14.00003,100,0.02214929,0.8497651,3.727928,0,15.28518
3/11/2007 1:00:00 PM,0.9027212,72.23583,39.32556,12.16005,0.9239422,4.146653,0.3197396,0.3197396,0,0,0,0.3197396,1296.884,3.810085,0,0,4.146653,0.3365679,0.3197396,0,0,0,10.62527,0,0,0,14.00003,100,0.02214929,0.3517135,3.317322,0,14.77193
3/11/2007 2:00:00 PM,0.5868678,60.45851,63.11633,26.59266,0.5925164,2.659214,1.285892,1.285892,0,-1,0,1.285892,206.7991,1.305643,0,0,2.659214,1.353571,1.285892,0,0,0,10.62527,0,0,0,14.00003,100,0.02214929,1.414482,2.127371,0,13.28449
3/11/2007 3:00:00 PM,0.4669425,46.67662,73.0231,41.41633,0.4709795,2.113756,0.1065047,0.1065047,0,0,0,0.1065047,1984.66,2.001646,0,0,2.113756,0.1121102,0.1065047,0,0,0,10.62527,0,0,0,14.00003,100,0.02214929,0.1171551,1.691005,0,12.73903
3/11/2007 4:00:00 PM,0.3293566,32.31096,78.41586,56.32171,0.3323364,1.491526,0.8733687,0.8733687,0,0,0,0.8733687,170.7785,0.5721903,0,0,1.491526,0.9193355,0.8733687,0,0,0,10.62527,0,0,0,14.00003,100,0.02214929,0.9607056,1.193221,0,12.1168
3/11/2007 5:00:00 PM,0.09296836,17.71084,81.96404,71.25559,0.09265685,0.4158439,0.1609712,0.1609712,0,0,0,0.1609712,258.3344,0.2464006,0,0,0.4158439,0.1694434,0.1609712,0,0,0,10.62527,0,0,0,14.00003,100,0.02214929,0.1770683,0.3326752,0,11.04112
3/11/2007 6:00:00 PM,0.02821094,2.997104,84.64536,86.20039,0.02875466,0.1290509,0.4444862,0.4444862,0,0,0,0.4444862,29.03373,0,5.551115E-17,0,0.1290509,0.4678802,0.4444862,0,0,0,10.62527,0,0.3388292,-0.3388292,13.64287,97.44888,0.02214929,0.4889348,0.1032407,0,10.75432
3/11/2007 7:00:00 PM,0,0,86.92532,90,0,0,0.732113,0.732113,0,-1,0,0.732113,0,0,1.110223E-16,0,0,0.7706453,0.732113,0,0,0.3764769,10.28644,0,0.7706453,-0.7706453,12.83054,91.64652,0.02214929,0.8053243,0,0,10.28644
3/11/2007 8:00:00 PM,0,0,89.11011,90,0,0,0.4358455,0.4358455,0,-1,0,0.4358455,0,0,5.551115E-17,0,0,0.4587847,0.4358455,0,0,1.232749,9.5158,0,0.4587847,-0.4587847,12.34694,88.19224,0.02214929,0.47943,0,0,9.5158
3/11/2007 9:00:00 PM,0,0,91.53024,90,0,0,0,0,0,-1,0,0,0,0,0,0,0,0,0,0,0,1.74251,9.057014,0,0,0,12.34694,88.19224,0.02214929,0,0,0,9.057014
3/11/2007 10:00:00 PM,0,0,94.83932,90,0,0,0,0,0,-1,0,0,0,0,0,0,0,0,0,0,0,1.74251,9.057014,0,0,0,12.34694,88.19224,0.02214929,0,0,0,9.057014
3/11/2007 11:00:00 PM,0,0,101.4389,90,0,0,0.2778349,0.2778349,0,-1,0,0.2778349,0,0,0,0,0,0.2924578,0.2778349,0,0,1.74251,9.057014,0,0.2924578,-0.2924578,12.03866,85.99026,0.02214929,0.3056184,0,0,9.057014
3/12/2007 12:00:00 AM,0,0,140.8,90,0,0,0.2781528,0.2781528,0,-1,0,0.2781528,0,0,5.551115E-17,0,0,0.2927924,0.2781528,0,0,2.067463,8.764557,0,0.2927924,-0.2927924,11.73003,83.78576,0.02214929,0.305968,0,0,8.764557
3/12/2007 1:00:00 AM,0,0,-111.6553,90,0,0,0,0,0,-1,0,0,0,0,0,0,0,0,0,0,0,2.392788,8.471765,0,0,0,11.73003,83.78576,0.02214929,0,0,0,8.471765
3/12/2007 2:00:00 AM,0,0,-98.27379,90,0,0,0.2007422,0.2007422,0,-1,0,0.2007422,0,0,2.775558E-17,0,0,0.2113076,0.2007422,0,0,2.392788,8.471765,0,0.2113076,-0.2113076,11.50729,82.19478,0.02214929,0.2208164,0,0,8.471765
3/12/2007 3:00:00 AM,0,0,-93.60915,90,0,0,0.3165072,0.3165072,0,-1,0,0.3165072,0,0,5.551115E-17,0,0,0.3331655,0.3165072,0,0,2.627574,8.260457,0,0.3331655,-0.3331655,11.15611,79.6863,0.02214929,0.3481579,0,0,8.260457
3/12/2007 4:00:00 AM,0,0,-90.74617,90,0,0,0.1207311,0.1207311,0,-1,0,0.1207311,0,0,2.775558E-17,0,0,0.1270854,0.1207311,0,0,2.997758,7.927292,0,0.1270854,-0.1270854,11.02215,78.72945,0.02214929,0.1328042,0,0,7.927292
3/12/2007 5:00:00 AM,0,0,-88.43541,90,0,0,0.4404331,0.4404331,0,0,0,0.4404331,0,0,5.551115E-17,0,0,0.4636137,0.4404331,0,0,3.138964,7.800206,0,0.4636137,-0.4636137,10.53345,75.2388,0.02214929,0.4844764,0,0,7.800206
3/12/2007 6:00:00 AM,0.003216822,0,-86.21637,90,0,0,0.4865072,0.4865072,0,0,0,0.4865072,0,0,0,0,0,0.5121129,0.4865072,0,0,3.654091,7.336593,0,0.5121129,-0.5121129,9.993639,71.38299,0.02214929,0.5351579,0,0,7.336593
3/12/2007 7:00:00 AM,0.07752094,10.3744,-83.78442,78.78065,0.07766943,0.3485804,1.131467,1.131467,0,0,0,1.131467,30.80781,0,0,0,0.3485804,1.191018,1.131467,0,0,4.223105,6.82448,0,0.842438,-0.842438,9.105631,65.04009,0.02214929,1.244614,0.2788643,0,7.17306
3/12/2007 8:00:00 AM,0.3013721,25.05552,-80.78144,63.83051,0.307032,1.37796,1.101302,1.101302,0,0,0,1.101302,125.1209,0,0,0,1.37796,1.159265,1.101302,0,0,5.159147,5.982042,0.2186943,0,0.2186943,9.313103,66.52203,0.02213986,1.211432,1.102368,0,7.360001
3/12/2007 9:00:00 AM,0.3543261,39.58562,-76.5664,48.89534,0.3555816,1.59585,0.9535792,0.9535792,0,-1,0,0.9535792,167.3537,0,0,0,1.59585,1.003768,0.9535792,0,0,4.940453,6.178866,0.5920828,0,0.5920828,9.874802,70.53416,0.02211436,1.048937,1.27668,0,7.774717
3/12/2007 10:00:00 AM,0.7575402,53.77636,-69.60503,33.99944,0.7759054,3.482264,0.6104364,0.6104364,0,0,0,0.6104364,570.4547,0,0,0,3.482264,0.6425647,0.6104364,0,0,4.34837,6.711741,2.839699,0,2.839699,12.56878,89.77679,0.02199288,0.6714801,2.785811,0,10.194
3/12/2007 11:00:00 AM,0.5356048,66.98525,-55.04897,19.23885,0.5374941,2.412274,1.267042,1.267042,0,0,0,1.267042,190.3863,0,0,0,2.412274,1.333728,1.267042,0,0,1.508671,9.26747,1.078546,0,1.078546,13.59198,97.08534,0.02194709,1.393746,1.929819,0,11.67974
3/12/2007 12:00:00 PM,0.7289193,76.05937,-15.69582,5.776453,0.738439,3.314114,0.5552789,0.5552789,0,0,0,0.5552789,596.8378,2.299484,0,0,3.314114,0.5845041,0.5552789,0,0,0.4301257,10.23816,0.4301257,0,0.4301257,14.00003,100,0.02192888,0.6108068,2.651291,0,13.55228
3/12/2007 1:00:00 PM,0.8339911,72.50143,40.31678,12.07071,0.8504679,3.8169,1.332894,1.332894,0,0,0,1.332894,286.3618,2.413853,0,0,3.8169,1.403046,1.332894,0,0,0,10.62527,0,0,0,14.00003,100,0.02192888,1.466184,3.05352,0,14.44217
3/12/2007 2:00:00 PM,0.5278895,60.58513,63.88921,26.59182,0.5305473,2.381096,0.9168313,0.9168313,0,-1,0,0.9168313,259.7093,1.41601,0,0,2.381096,0.9650855,0.9168313,0,0,0,10.62527,0,0,0,14.00003,100,0.02192888,1.008514,1.904877,0,13.00637
3/12/2007 3:00:00 PM,0.3189436,46.74099,73.6001,41.44357,0.3183482,1.428747,0.7506649,0.7506649,0,0,0,0.7506649,190.3308,0.6385732,0,0,1.428747,0.7901736,0.7506649,0,0,0,10.62527,0,0,0,14.00003,100,0.02192888,0.8257315,1.142998,0,12.05402
3/12/2007 4:00:00 PM,0.2708811,32.3431,78.88871,56.36401,0.2712999,1.217594,0.1122269,0.1122269,0,0,0,0.1122269,1084.94,1.09946,0,0,1.217594,0.1181335,0.1122269,0,0,0,10.62527,0,0,0,14.00003,100,0.02192888,0.1234495,0.9740751,0,11.84287
3/12/2007 5:00:00 PM,0.1569132,17.72402,82.38461,71.30838,0.1576767,0.7076529,0.3460298,0.3460298,0,0,0,0.3460298,204.5063,0.343411,0,0,0.7076529,0.3642419,0.3460298,0,0,0,10.62527,0,0,0,14.00003,100,0.02192888,0.3806328,0.5661224,0,11.33293
3/12/2007 6:00:00 PM,0.04798984,2.998411,85.04676,86.26191,0.05474149,0.2456798,0,0,0,0,0,0,0,0.2456798,0,0,0.2456798,0,0,0,0,0,10.62527,0,0,0,14.00003,100,0.02192888,0,0.1965438,0,10.87095
3/12/2007 7:00:00 PM,0,0,87.33475,90,0,0,2.240244,2.240244,0,-1,0,2.240244,0,0,4.440892E-16,0,0,2.358152,2.240244,0,0,0,10.62527,0,2.358152,-2.358152,11.51432,82.24496,0.02192888,2.464269,0,0,10.62527
3/12/2007 8:00:00 PM,0,0,89.55823,90,0,0,1.738615,1.738615,0,-1,0,1.738615,0,0,2.220446E-16,0,0,1.830121,1.738615,0,0,2.620169,8.267122,0,1.830121,-1.830121,9.5852,68.46558,0.02192888,1.912477,0,0,8.267122
3/12/2007 9:00:00 PM,0,0,92.06451,90,0,0,0.303599,0.303599,0,-1,0,0.303599,0,0,5.551115E-17,0,0,0.3195779,0.303599,0,0,4.653637,6.437001,0,0.3195779,-0.3195779,9.248336,66.05941,0.02192888,0.333959,0,0,6.437001
3/12/2007 10:00:00 PM,0,0,95.55962,90,0,0,0,0,0,-1,0,0,0,0,0,0,0,0,0,0,0,5.008723,6.117423,0,0,0,9.248336,66.05941,0.02192888,0,0,0,6.117423
3/12/2007 11:00:00 PM,0,0,102.6555,90,0,0,0.2106344,0.2106344,0,-1,0,0.2106344,0,0,2.775558E-17,0,0,0.2217204,0.2106344,0,0,5.008723,6.117423,0,0.2217204,-0.2217204,9.014622,64.39003,0.02192888,0.2316978,0,0,6.117423
3/13/2007 12:00:00 AM,0,0,143.5765,90,0,0,0.2745401,0.2745401,0,-1,0,0.2745401,0,0,5.551115E-17,0,0,0.2889896,0.2745401,0,0,5.255079,5.895703,0,0.2889896,-0.2889896,8.71,62.21416,0.02192888,0.3019941,0,0,5.895703
3/13/2007 1:00:00 AM,0,0,-113.2518,90,0,0,0.3015203,0.3015203,0,-1,0,0.3015203,0,0,5.551115E-17,0,0,0.3173898,0.3015203,0,0,5.576179,5.606713,0,0.3173898,-0.3173898,8.375442,59.82447,0.02192888,0.3316723,0,0,5.606713
3/13/2007 2:00:00 AM,0,0,-99.11406,90,0,0,0.1649292,0.1649292,0,-1,0,0.1649292,0,0,0,0,0,0.1736096,0.1649292,0,0,5.928834,5.289323,0,0.1736096,-0.1736096,8.192441,58.51732,0.02192888,0.1814221,0,0,5.289323
3/13/2007 3:00:00 AM,0,0,-94.18875,90,0,0,0.09310154,0.09310154,0,-1,0,0.09310154,0,0,1.387779E-17,0,0,0.09800162,0.09310154,0,0,6.121734,5.115714,0,0.09800162,-0.09800162,8.089138,57.77945,0.02192888,0.1024117,0,0,5.115714
3/13/2007 4:00:00 AM,0,0,-91.20908,90,0,0,0,0,0,-1,0,0,0,0,0,0,0,0,0,0,0,6.230625,5.017712,0,0,0,8.089138,57.77945,0.02192888,0,0,0,5.017712
3/13/2007 5:00:00 AM,0,0,-88.84178,90,0,0,0,0,0,0,0,0,0,0,0,0,0,0,0,0,0,6.230625,5.017712,0,0,0,8.089138,57.77945,0.02192888,0,0,0,5.017712
3/13/2007 6:00:00 AM,0.004053215,0,-86.60001,90,0,0,0.0003068774,0.0003068774,0,0,0,0.0003068774,0,0,5.421011E-20,0,0,0.0003230289,0.0003068774,0,0,6.230625,5.017712,0,0.0003230289,-0.0003230289,8.088798,57.77701,0.02192888,0.0003375652,0,0,5.017712
3/13/2007 7:00:00 AM,0.2021887,10.5075,-84.17059,78.70969,0.2164451,0.9714057,0.5604275,0.5604275,0,0,0,0.5604275,173.333,0,0,0,0.9714057,0.5899237,0.5604275,0,0,6.230984,5.017389,0.3814819,0,0.3814819,8.450704,60.36205,0.02191276,0.6164703,0.7771246,0,5.988795
3/13/2007 8:00:00 AM,0.4509766,25.202,-81.19544,63.75101,0.4677301,2.099173,0.3649678,0.3649678,0,0,0,0.3649678,575.1666,0,0,0,2.099173,0.3841766,0.3649678,0,0,5.849502,5.360723,1.714996,0,1.714996,10.07769,71.98337,0.02184056,0.4014646,1.679338,0,7.459896
3/13/2007 9:00:00 AM,0.7054021,39.75387,-77.04131,48.8048,0.7260068,3.258318,0,0,0,-1,0,0,0,0,0,0,3.258318,0,0,0,0,4.134505,6.904219,3.258318,0,3.258318,13.1688,94.0627,0.02170471,0,2.606655,0,10.16254
3/13/2007 10:00:00 AM,0.7133946,53.98301,-70.19082,33.89129,0.7282693,3.268472,1.028598,1.028598,0,0,0,1.028598,317.76,1.309551,0,0,3.268472,1.082735,1.028598,0,0,0.876187,9.836706,0.876187,0,0.876187,14.00003,100,0.02166846,1.131458,2.614778,0,13.10518
3/13/2007 11:00:00 AM,0.690043,67.26837,-55.78474,19.09119,0.6987455,3.13597,0,0,0,0,0,0,0,3.13597,0,0,3.13597,0,0,0,0,0,10.62527,0,0,0,14.00003,100,0.02166846,0,2.508776,0,13.76124
3/13/2007 12:00:00 PM,0.8217462,76.45936,-15.88176,5.436106,0.8360391,3.752144,0.8766105,0.8766105,0,0,0,0.8766105,428.0286,2.829396,0,0,3.752144,0.9227479,0.8766105,0,0,0,10.62527,0,0,0,14.00003,100,0.02166846,0.9642715,3.001715,0,14.37742
3/13/2007 1:00:00 PM,1.133842,72.76181,41.34468,11.99516,1.161081,5.21093,1.197499,1.197499,0,0,0,1.197499,435.1509,3.950404,0,0,5.21093,1.260526,1.197499,0,0,0,10.62527,0,0,0,14.00003,100,0.02166846,1.317249,4.168744,0,15.8362
3/13/2007 2:00:00 PM,1.056843,60.70625,64.67206,26.59813,1.08343,4.862434,0.6139535,0.6139535,0,-1,0,0.6139535,791.9873,4.216167,0,0,4.862434,0.6462669,0.6139535,0,0,0,10.62527,0,0,0,14.00003,100,0.02166846,0.6753489,3.889947,0,15.48771
3/13/2007 3:00:00 PM,0.6636125,46.80115,74.18104,41.47562,0.6790603,3.047622,0.2827192,0.2827192,0,0,0,0.2827192,1077.968,2.750023,0,0,3.047622,0.2975992,0.2827192,0,0,0,10.62527,0,0,0,14.00003,100,0.02166846,0.3109911,2.438098,0,13.6729
3/13/2007 4:00:00 PM,0.4877769,32.37206,79.36386,56.40985,0.5013804,2.250195,1.039941,1.039941,0,0,0,1.039941,216.3773,1.155521,0,0,2.250195,1.094674,1.039941,0,0,0,10.62527,0,0,0,14.00003,100,0.02166846,1.143935,1.800156,0,12.87547
3/13/2007 5:00:00 PM,0.2536086,17.73481,82.80695,71.36384,0.2624334,1.177801,0.2972655,0.2972655,0,0,0,0.2972655,396.2119,0.8648902,0,0,1.177801,0.312911,0.2972655,0,0,0,10.62527,0,0,0,14.00003,100,0.02166846,0.326992,0.942241,0,11.80308
3/13/2007 6:00:00 PM,0.05391067,2.998037,85.44973,86.32536,0.06288644,0.2822343,0.382538,0.382538,0,0,0,0.382538,73.77943,0,0,0,0.2822343,0.4026716,0.382538,0,0,0,10.62527,0,0.1204372,-0.1204372,13.87308,99.0932,0.02166846,0.4207918,0.2257875,0,10.90751
3/13/2007 7:00:00 PM,0,0,87.74577,90,0,0,0,0,0,-1,0,0,0,0,0,0,0,0,0,0,0,0.1338191,10.50484,0,0,0,13.87308,99.0932,0.02166846,0,0,0,10.50484
3/13/2007 8:00:00 PM,0,0,90.00814,90,0,0,0.6012522,0.6012522,0,-1,0,0.6012522,0,0,0,0,0,0.6328971,0.6012522,0,0,0.1338191,10.50484,0,0.6328971,-0.6328971,13.20594,94.32798,0.02166846,0.6613774,0,0,10.50484
3/13/2007 9:00:00 PM,0,0,92.60095,90,0,0,0.8303133,0.8303133,0,-1,0,0.8303133,0,0,1.110223E-16,0,0,0.874014,0.8303133,0,0,0.8370381,9.87194,0,0.874014,-0.874014,12.28465,87.74734,0.02166846,0.9133446,0,0,9.87194
3/13/2007 10:00:00 PM,0,0,96.28265,90,0,0,0.4680809,0.4680809,0,-1,0,0.4680809,0,0,5.551115E-17,0,0,0.4927168,0.4680809,0,0,1.808165,8.997926,0,0.4927168,-0.4927168,11.76528,84.03757,0.02166846,0.514889,0,0,8.997926
3/13/2007 11:00:00 PM,0,0,103.8725,90,0,0,0.08606564,0.08606564,0,-1,0,0.08606564,0,0,1.387779E-17,0,0,0.0905954,0.08606564,0,0,2.355628,8.505209,0,0.0905954,-0.0905954,11.66979,83.35545,0.02166846,0.0946722,0,0,8.505209
3/14/2007 12:00:00 AM,0,0,146.1299,90,0,0,0,0,0,-1,0,0,0,0,0,0,0,0,0,0,0,2.456289,8.414614,0,0,0,11.66979,83.35545,0.02166846,0,0,0,8.414614
3/14/2007 1:00:00 AM,0,0,-114.7935,90,0,0,0.2487481,0.2487481,0,-1,0,0.2487481,0,0,2.775558E-17,0,0,0.2618401,0.2487481,0,0,2.456289,8.414614,0,0.2618401,-0.2618401,11.39378,81.384,0.02166846,0.2736229,0,0,8.414614
3/14/2007 2:00:00 AM,0,0,-99.94749,90,0,0,0,0,0,-1,0,0,0,0,0,0,0,0,0,0,0,2.747223,8.152774,0,0,0,11.39378,81.384,0.02166846,0,0,0,8.152774
3/14/2007 3:00:00 AM,0,0,-94.76678,90,0,0,0.4139808,0.4139808,0,-1,0,0.4139808,0,0,5.551115E-17,0,0,0.4357693,0.4139808,0,0,2.747223,8.152774,0,0.4357693,-0.4357693,10.93444,78.103,0.02166846,0.4553789,0,0,8.152774
3/14/2007 4:00:00 AM,0,0,-91.6718,90,0,0,0.1844829,0.1844829,0,-1,0,0.1844829,0,0,2.775558E-17,0,0,0.1941926,0.1844829,0,0,3.231411,7.717004,0,0.1941926,-0.1941926,10.72975,76.64088,0.02166846,0.2029312,0,0,7.717004
3/14/2007 5:00:00 AM,0,0,-89.24854,90,0,0,0.08871649,0.08871649,0,0,0,0.08871649,0,0,1.387779E-17,0,0,0.09338579,0.08871649,0,0,3.447181,7.522812,0,0.09338579,-0.09338579,10.63131,75.93777,0.02166846,0.09758814,0,0,7.522812
3/14/2007 6:00:00 AM,0.00239925,0,-86.98446,90,0,0,0.4157547,0.4157547,0,0,0,0.4157547,0,0,5.551115E-17,0,0,0.4376365,0.4157547,0,0,3.550942,7.429426,0,0.4376365,-0.4376365,10.17,72.6427,0.02166846,0.4573301,0,0,7.429426
3/14/2007 7:00:00 AM,0.07072626,10.64199,-84.55798,78.63759,0.07063175,0.3169953,0.3082894,0.3082894,0,0,0,0.3082894,102.8239,0,0,0,0.3169953,0.3245152,0.3082894,0,0,4.037205,6.991789,0,0.00751991,-0.00751991,10.16207,72.58608,0.02166846,0.3391184,0.2535962,0,7.308785
3/14/2007 8:00:00 AM,0.2551649,25.34919,-81.61134,63.67115,0.2569982,1.153408,1.640879,1.640879,0,0,0,1.640879,70.29207,0,0,0,1.153408,1.727241,1.640879,0,0,4.045561,6.98427,0,0.5738333,-0.5738333,9.557199,68.26557,0.02166846,1.804967,0.9227264,0,8.137677
3/14/2007 9:00:00 AM,0.5101316,39.9221,-77.51946,48.71486,0.5191132,2.32978,0.2596148,0.2596148,0,-1,0,0.2596148,897.3989,0,0,0,2.32978,0.2732787,0.2596148,0,0,4.683153,6.410436,2.056501,0,2.056501,11.50817,82.20103,0.02158386,0.2855763,1.863824,0,8.740216
3/14/2007 10:00:00 AM,0.5030086,54.18876,-70.78328,33.78528,0.5056933,2.269551,0.822181,0.822181,0,0,0,0.822181,276.0404,0,0,0,2.269551,0.8654537,0.822181,0,0,2.626652,8.261288,1.404098,0,1.404098,12.84021,91.71561,0.02152648,0.904399,1.815641,0,10.53084
3/14/2007 11:00:00 AM,0.4153049,67.55009,-56.53805,18.94879,0.4144477,1.860041,1.341631,1.341631,0,0,0,1.341631,138.6403,0,0,0,1.860041,1.412243,1.341631,0,0,1.222554,9.524976,0.4477983,0,0.4477983,13.26503,94.75002,0.02150824,1.475794,1.488033,0,11.38502
3/14/2007 12:00:00 PM,0.5922931,76.8608,-16.07315,5.102747,0.5946934,2.668984,0.4936657,0.4936657,0,0,0,0.4936657,540.6461,1.37458,0,0,2.668984,0.5196481,0.4936657,0,0,0.7747559,9.927994,0.7747559,0,0.7747559,14.00003,100,0.02147676,0.5430322,2.135187,0,12.59698
3/14/2007 1:00:00 PM,0.6547947,73.01657,42.4098,11.93376,0.6601611,2.962803,0.2915731,0.2915731,0,0,0,0.2915731,1016.144,2.655884,0,0,2.962803,0.3069191,0.2915731,0,0,0,10.62527,0,0,0,14.00003,100,0.02147676,0.3207304,2.370242,0,13.58808
3/14/2007 2:00:00 PM,0.9136656,60.82178,65.46439,26.61161,0.9349395,4.196009,1.511236,1.511236,0,-1,0,1.511236,277.6541,2.605234,0,0,4.196009,1.590774,1.511236,0,0,0,10.62527,0,0,0,14.00003,100,0.02147676,1.662359,3.356807,0,14.82128
3/14/2007 3:00:00 PM,0.7574583,46.85712,74.76563,41.51244,0.7766177,3.48546,1.173461,1.173461,0,0,0,1.173461,297.0239,2.250238,0,0,3.48546,1.235222,1.173461,0,0,0,10.62527,0,0,0,14.00003,100,0.02147676,1.290807,2.788368,0,14.11073
3/14/2007 4:00:00 PM,0.4966597,32.39788,79.84113,56.45917,0.5100046,2.2889,0.9696996,0.9696996,0,0,0,0.9696996,236.0422,1.268164,0,0,2.2889,1.020736,0.9696996,0,0,0,10.62527,0,0,0,14.00003,100,0.02147676,1.06667,1.83112,0,12.91418
3/14/2007 5:00:00 PM,0.2750778,17.74328,83.23087,71.42188,0.2853796,1.280784,1.093975,1.093975,0,0,0,1.093975,117.0762,0.1292315,0,0,1.280784,1.151552,1.093975,0,0,0,10.62527,0,0,0,14.00003,100,0.02147676,1.203372,1.024627,0,11.90606
3/14/2007 6:00:00 PM,0.04118349,2.996053,85.85413,86.39067,0.04422979,0.1985033,2.243285,2.243285,0,0,0,2.243285,8.848776,0,0,0,0.1985033,2.361353,2.243285,0,0,0,10.62527,0,2.16285,-2.16285,11.72018,83.71543,0.02147676,2.467614,0.1588026,0,10.82378
3/14/2007 7:00:00 PM,0,0,88.15827,90,0,0,1.339259,1.339259,0,-1,0,1.339259,0,0,0,0,0,1.409746,1.339259,0,0,2.403167,8.462424,0,1.409746,-1.409746,10.23418,73.10115,0.02147676,1.473185,0,0,8.462424
3/14/2007 8:00:00 PM,0,0,90.4597,90,0,0,0.3258018,0.3258018,0,-1,0,0.3258018,0,0,0,0,0,0.3429493,0.3258018,0,0,3.969551,7.052678,0,0.3429493,-0.3429493,9.872681,70.519,0.02147676,0.358382,0,0,7.052678
3/14/2007 9:00:00 PM,0,0,93.1394,90,0,0,1.426762,1.426762,0,-1,0,1.426762,0,0,0,0,0,1.501854,1.426762,0,0,4.350606,6.709729,0,1.501854,-1.501854,8.289587,59.21122,0.02147676,1.569438,0,0,6.709729
3/14/2007 10:00:00 PM,0,0,97.00809,90,0,0,0.1880215,0.1880215,0,-1,0,0.1880215,0,0,2.775558E-17,0,0,0.1979174,0.1880215,0,0,6.019333,5.207875,0,0.1979174,-0.1979174,8.080964,57.72106,0.02147676,0.2068237,0,0,5.207875
3/14/2007 11:00:00 PM,0,0,105.0888,90,0,0,0.4821977,0.4821977,0,-1,0,0.4821977,0,0,5.551115E-17,0,0,0.5075765,0.4821977,0,0,6.239241,5.009957,0,0.5075765,-0.5075765,7.545932,53.8994,0.02147676,0.5304174,0,0,5.009957
3/15/2007 12:00:00 AM,0,0,148.478,90,0,0,0.198325,0.198325,0,-1,0,0.198325,0,0,2.775558E-17,0,0,0.2087631,0.198325,0,0,6.803215,4.502381,0,0.2087631,-0.2087631,7.325876,52.32758,0.02147676,0.2181575,0,0,4.502381
3/15/2007 1:00:00 AM,0,0,-116.2803,90,0,0,0.1111251,0.1111251,0,-1,0,0.1111251,0,0,0,0,0,0.1169738,0.1111251,0,0,7.035174,4.293618,0,0.1169738,-0.1169738,7.202575,51.44686,0.02147676,0.1222376,0,0,4.293618
3/15/2007 2:00:00 AM,0,0,-100.7735,90,0,0,0.2542311,0.2542311,0,-1,0,0.2542311,0,0,0,0,0,0.2676117,0.2542311,0,0,7.165145,4.176644,0,0.2676117,-0.2676117,6.920487,49.43195,0.02147676,0.2796542,0,0,4.176644
3/15/2007 3:00:00 AM,0,0,-95.34297,90,0,0,0,0,0,-1,0,0,0,0,0,0,0,0,0,0,0,7.462491,3.909032,0,0,0,6.920487,49.43195,0.02147676,0,0,0,3.909032
3/15/2007 4:00:00 AM,0,0,-92.13416,90,0,0,0,0,0,-1,0,0,0,0,0,0,0,0,0,0,0,7.462491,3.909032,0,0,0,6.920487,49.43195,0.02147676,0,0,0,3.909032
3/15/2007 5:00:00 AM,0,0,-89.65558,90,0,0,0.4341065,0.4341065,0,0,0,0.4341065,0,0,5.551115E-17,0,0,0.4569542,0.4341065,0,0,7.462491,3.909032,0,0.4569542,-0.4569542,6.438815,45.99145,0.02147676,0.4775172,0,0,3.909032
3/15/2007 6:00:00 AM,0.005522454,0,-87.36959,90,0,0,0.2064593,0.2064593,0,0,0,0.2064593,0,0,2.775558E-17,0,0,0.2173256,0.2064593,0,0,7.970218,3.452078,0,0.2173256,-0.2173256,6.209734,44.35516,0.02147676,0.2271052,0,0,3.452078
3/15/2007 7:00:00 AM,0.1356175,10.77775,-84.9465,78.56445,0.1396871,0.6269155,1.198297,1.198297,0,0,0,1.198297,52.31721,0,2.220446E-16,0,0.6269155,1.261365,1.198297,0,0,8.211691,3.234752,0,0.6344496,-0.6344496,5.540966,39.57825,0.02147676,1.318127,0.5015324,0,3.861668
3/15/2007 8:00:00 AM,0.4056023,25.49698,-82.02905,63.59103,0.4174554,1.87354,0.07058873,0.07058873,0,0,0,0.07058873,2654.163,0,0,0,1.87354,0.07430393,0.07058873,0,0,8.916635,2.600303,1.799236,0,1.799236,7.24787,51.7704,0.02140401,0.0776476,1.498832,0,4.473843
3/15/2007 9:00:00 AM,0.6761221,40.09015,-78.00079,48.62568,0.693392,3.111943,1.4523,1.4523,0,-1,0,1.4523,214.2769,0,0,0,3.111943,1.528737,1.4523,0,0,7.117399,4.219615,1.583206,0,1.583206,8.749832,62.49867,0.02134041,1.59753,2.489555,0,7.331558
3/15/2007 10:00:00 AM,0.7872751,54.39343,-71.38239,33.68158,0.8041845,3.60918,0.4382385,0.4382385,0,0,0,0.4382385,823.5653,0,0,0,3.60918,0.4613037,0.4382385,0,0,5.534193,5.644501,3.147876,0,3.147876,11.73617,83.82961,0.02121505,0.4820623,2.887344,0,9.25368
3/15/2007 11:00:00 AM,1.047011,67.83013,-57.30942,18.81197,1.069985,4.802094,1.597601,1.597601,0,0,0,1.597601,300.5816,0.7340922,0,0,4.802094,1.681685,1.597601,0,0,2.386317,8.47759,2.386317,0,2.386317,14.00003,100,0.021121,1.757361,3.841675,0,13.27968
3/15/2007 12:00:00 PM,1.053997,77.26355,-16.27083,4.778354,1.07649,4.831286,1.173971,1.173971,0,0,0,1.173971,411.5337,3.595527,0,0,4.831286,1.235759,1.173971,0,0,0,10.62527,0,0,0,14.00003,100,0.021121,1.291368,3.865029,0,15.45656
3/15/2007 1:00:00 PM,1.073206,73.26535,43.51257,11.88682,1.096402,4.920651,0.7305614,0.7305614,0,0,0,0.7305614,673.5438,4.151639,0,0,4.920651,0.769012,0.7305614,0,0,0,10.62527,0,0,0,14.00003,100,0.021121,0.8036176,3.936521,0,15.54593
3/15/2007 2:00:00 PM,0.8599857,60.93164,66.26573,26.6322,0.8781685,3.941221,1.079018,1.079018,0,-1,0,1.079018,365.26,2.805412,0,0,3.941221,1.135808,1.079018,0,0,0,10.62527,0,0,0,14.00003,100,0.021121,1.18692,3.152976,0,14.56649
3/15/2007 3:00:00 PM,0.5548658,46.90891,75.35358,41.55395,0.5623124,2.523658,0.864296,0.864296,0,0,0,0.864296,291.9901,1.613873,0,0,2.523658,0.9097853,0.864296,0,0,0,10.62527,0,0,0,14.00003,100,0.021121,0.9507256,2.018927,0,13.14893
3/15/2007 4:00:00 PM,0.5557283,32.42059,80.3203,56.51188,0.5712779,2.563895,0.7521462,0.7521462,0,0,0,0.7521462,340.8772,1.772162,0,0,2.563895,0.7917329,0.7521462,0,0,0,10.62527,0,0,0,14.00003,100,0.021121,0.8273609,2.051116,0,13.18917
3/15/2007 5:00:00 PM,0.2347528,17.74947,83.65624,71.48241,0.2404804,1.079276,1.77128,1.77128,0,0,0,1.77128,60.93199,0,0,0,1.079276,1.864505,1.77128,0,0,0,10.62527,0,0.7852291,-0.7852291,13.17232,94.08784,0.021121,1.948408,0.8634209,0,11.70455
3/15/2007 6:00:00 PM,0.03837071,2.992532,86.25985,86.45773,0.04034462,0.1810667,1.262133,1.262133,0,0,0,1.262133,14.34608,0,0,0,0.1810667,1.328561,1.262133,0,0,0.8724768,9.840045,0,1.147494,-1.147494,11.96276,85.4481,0.021121,1.388346,0.1448533,0,10.02111
3/15/2007 7:00:00 PM,0,0,88.57211,90,0,0,0,0,0,-1,0,0,0,0,0,0,0,0,0,0,0,2.14747,8.692551,0,0,0,11.96276,85.4481,0.021121,0,0,0,8.692551
3/15/2007 8:00:00 PM,0,0,90.91277,90,0,0,1.259763,1.259763,0,-1,0,1.259763,0,0,2.220446E-16,0,0,1.326066,1.259763,0,0,2.14747,8.692551,0,1.326066,-1.326066,10.56496,75.46386,0.021121,1.385739,0,0,8.692551
3/15/2007 9:00:00 PM,0,0,93.67968,90,0,0,1.175964,1.175964,0,-1,0,1.175964,0,0,0,0,0,1.237857,1.175964,0,0,3.620878,7.366485,0,1.237857,-1.237857,9.260146,66.14377,0.021121,1.29356,0,0,7.366485
3/15/2007 10:00:00 PM,0,0,97.73564,90,0,0,0.522995,0.522995,0,-1,0,0.522995,0,0,0,0,0,0.550521,0.522995,0,0,4.996274,6.128628,0,0.550521,-0.550521,8.679847,61.99878,0.021121,0.5752945,0,0,6.128628
3/15/2007 11:00:00 PM,0,0,106.3031,90,0,0,0.1932629,0.1932629,0,-1,0,0.1932629,0,0,0,0,0,0.2034347,0.1932629,0,0,5.607964,5.578107,0,0.2034347,-0.2034347,8.465407,60.46708,0.021121,0.2125892,0,0,5.578107
3/16/2007 12:00:00 AM,0,0,150.6386,90,0,0,0.3242913,0.3242913,0,-1,0,0.3242913,0,0,0,0,0,0.3413593,0.3242913,0,0,5.834002,5.374672,0,0.3413593,-0.3413593,8.105583,57.89691,0.021121,0.3567204,0,0,5.374672
3/16/2007 1:00:00 AM,0,0,-117.7126,90,0,0,0.1640718,0.1640718,0,-1,0,0.1640718,0,0,2.775558E-17,0,0,0.1727071,0.1640718,0,0,6.21329,5.033313,0,0.1727071,-0.1727071,7.923534,56.59656,0.021121,0.1804789,0,0,5.033313
3/16/2007 2:00:00 AM,0,0,-101.5917,90,0,0,0.1410791,0.1410791,0,-1,0,0.1410791,0,0,2.775558E-17,0,0,0.1485043,0.1410791,0,0,6.405187,4.860606,0,0.1485043,-0.1485043,7.766996,55.47844,0.021121,0.155187,0,0,4.860606
3/16/2007 3:00:00 AM,0,0,-95.91708,90,0,0,0.4376989,0.4376989,0,-1,0,0.4376989,0,0,5.551115E-17,0,0,0.4607357,0.4376989,0,0,6.570192,4.712101,0,0.4607357,-0.4607357,7.281339,52.00946,0.021121,0.4814688,0,0,4.712101
3/16/2007 4:00:00 AM,0,0,-92.59599,90,0,0,0.05916796,0.05916796,0,-1,0,0.05916796,0,0,6.938894E-18,0,0,0.06228206,0.05916796,0,0,7.08212,4.251366,0,0.06228206,-0.06228206,7.215687,51.54052,0.021121,0.06508476,0,0,4.251366
3/16/2007 5:00:00 AM,0,0,-90.06276,90,0,0,0.7671064,0.7671064,0,0,0,0.7671064,0,0,0,0,0,0.8074804,0.7671064,0,0,7.151323,4.189084,0,0.8074804,-0.8074804,6.364528,45.46083,0.021121,0.8438171,0,0,4.189084
3/16/2007 6:00:00 AM,0.006059729,0,-87.75531,90,0,0,0.2060418,0.2060418,0,0,0,0.2060418,0,0,2.775558E-17,0,0,0.2168861,0.2060418,0,0,8.048523,3.381603,0,0.2168861,-0.2168861,6.135911,43.82784,0.021121,0.2266459,0,0,3.381603
3/16/2007 7:00:00 AM,0.1254508,10.91464,-85.33607,78.49039,0.1278945,0.5739906,0.5198541,0.5198541,0,0,0,0.5198541,110.4138,0,0,0,0.5739906,0.5472148,0.5198541,0,0,8.289508,3.164717,0.02677581,0,0.02677581,6.161312,44.00928,0.02111995,0.5718395,0.4591925,0,3.738708
3/16/2007 8:00:00 AM,0.2694097,25.64522,-82.44849,63.51078,0.2713982,1.218035,2.173371,2.173371,0,0,0,2.173371,56.04359,0,4.440892E-16,0,1.218035,2.287759,2.173371,0,0,8.262732,3.188815,0,1.069724,-1.069724,5.033724,35.9551,0.02111995,2.390708,0.9744281,0,4.40685
3/16/2007 9:00:00 AM,0.3606396,40.25788,-78.48521,48.53738,0.3614068,1.621994,0.131328,0.131328,0,-1,0,0.131328,1235.07,0,0,0,1.621994,0.13824,0.131328,0,0,9.451314,2.119092,1.483754,0,1.483754,6.441337,46.00945,0.0210619,0.1444608,1.297595,0,3.741085
3/16/2007 10:00:00 AM,0.6646709,54.59682,-71.98814,33.58035,0.6744462,3.026915,1.041456,1.041456,0,0,0,1.041456,290.6425,0,0,0,3.026915,1.09627,1.041456,0,0,7.96756,3.45447,1.930645,0,1.930645,8.272906,59.09207,0.02098683,1.145602,2.421532,0,6.481384
3/16/2007 11:00:00 AM,0.9330714,68.10822,-58.09937,18.68104,0.9516605,4.271052,1.262909,1.262909,0,0,0,1.262909,338.1917,0,0,0,4.271052,1.329377,1.262909,0,0,6.036916,5.19205,2.941675,0,2.941675,11.06362,79.02573,0.02087348,1.389199,3.416842,0,9.463102
3/16/2007 12:00:00 PM,0.8631439,77.66748,-16.47579,4.465392,0.877291,3.937282,0.9009084,0.9009084,0,0,0,0.9009084,437.0347,0,0,0,3.937282,0.9483246,0.9009084,0,0,3.095241,7.839557,2.988958,0,2.988958,13.8992,99.27979,0.02075956,0.9909992,3.149826,0,11.77684
3/16/2007 1:00:00 PM,0.9332499,73.50776,44.65334,11.85457,0.95106,4.268357,0.5819331,0.5819331,0,0,0,0.5819331,733.479,3.549513,0,0,4.268357,0.6125612,0.5819331,0,0,0.1062835,10.52962,0.1062835,0,0.1062835,14.00003,100,0.02075553,0.6401264,3.414686,0,14.79798
3/16/2007 2:00:00 PM,0.6282929,61.03575,67.07555,26.65988,0.6341448,2.846042,0.7859616,0.7859616,0,-1,0,0.7859616,362.1096,2.018714,0,0,2.846042,0.827328,0.7859616,0,0,0,10.62527,0,0,0,14.00003,100,0.02075553,0.8645578,2.276834,0,13.47132
3/16/2007 3:00:00 PM,0.5824092,46.95653,75.94457,41.60008,0.5908703,2.651826,0.7100325,0.7100325,0,0,0,0.7100325,373.4795,1.904423,0,0,2.651826,0.7474026,0.7100325,0,0,0,10.62527,0,0,0,14.00003,100,0.02075553,0.7810357,2.121461,0,13.2771
3/16/2007 4:00:00 PM,0.2942331,32.44024,80.80119,56.56791,0.2948841,1.32344,0,0,0,0,0,0,0,1.32344,0,0,1.32344,0,0,0,0,0,10.62527,0,0,0,14.00003,100,0.02075553,0,1.058752,0,11.94871
3/16/2007 5:00:00 PM,0.1550342,17.75346,84.0829,71.54535,0.1553667,0.6972855,1.251872,1.251872,0,0,0,1.251872,55.69943,0,0,0,0.6972855,1.31776,1.251872,0,0,0,10.62527,0,0.6204744,-0.6204744,13.34599,95.32832,0.02075553,1.377059,0.5578284,0,11.32256
3/16/2007 6:00:00 PM,0.04573319,2.987549,86.66674,86.52644,0.04946981,0.2220205,1.551011,1.551011,0,0,0,1.551011,14.31456,0,0,0,0.2220205,1.632644,1.551011,0,0,0.689416,10.0048,0,1.410623,-1.410623,11.85906,84.70743,0.02075553,1.706113,0.1776164,0,10.22682
3/16/2007 7:00:00 PM,0,0,88.98714,90,0,0,1.707849,1.707849,0,-1,0,1.707849,0,0,0,0,0,1.797736,1.707849,0,0,2.256775,8.594177,0,1.797736,-1.797736,9.964084,71.17188,0.02075553,1.878634,0,0,8.594177
3/16/2007 8:00:00 PM,0,0,91.36722,90,0,0,1.228113,1.228113,0,-1,0,1.228113,0,0,0,0,0,1.29275,1.228113,0,0,4.254259,6.796441,0,1.29275,-1.29275,8.601404,61.43848,0.02075553,1.350924,0,0,6.796441
3/16/2007 9:00:00 PM,0,0,94.22159,90,0,0,0,0,0,-1,0,0,0,0,0,0,0,0,0,0,0,5.690649,5.50369,0,0,0,8.601404,61.43848,0.02075553,0,0,0,5.50369
3/16/2007 10:00:00 PM,0,0,98.46496,90,0,0,0.3155494,0.3155494,0,-1,0,0.3155494,0,0,5.551115E-17,0,0,0.3321573,0.3155494,0,0,5.690649,5.50369,0,0.3321573,-0.3321573,8.25128,58.9376,0.02075553,0.3471044,0,0,5.50369
3/16/2007 11:00:00 PM,0,0,107.5143,90,0,0,0.1736598,0.1736598,0,-1,0,0.1736598,0,0,2.775558E-17,0,0,0.1827997,0.1736598,0,0,6.059712,5.171533,0,0.1827997,-0.1827997,8.058592,57.56126,0.02075553,0.1910257,0,0,5.171533
3/17/2007 12:00:00 AM,0,0,152.6284,90,0,0,0.2694432,0.2694432,0,-1,0,0.2694432,0,0,5.551115E-17,0,0,0.2836245,0.2694432,0,0,6.262823,4.988733,0,0.2836245,-0.2836245,7.759626,55.42579,0.02075553,0.2963876,0,0,4.988733
3/17/2007 1:00:00 AM,0,0,-119.091,90,0,0,0.3993409,0.3993409,0,-1,0,0.3993409,0,0,0,0,0,0.4203588,0.3993409,0,0,6.577961,4.705109,0,0.4203588,-0.4203588,7.316529,52.26081,0.02075553,0.439275,0,0,4.705109
3/17/2007 2:00:00 AM,0,0,-102.4016,90,0,0,0.4212433,0.4212433,0,-1,0,0.4212433,0,0,0,0,0,0.443414,0.4212433,0,0,7.045027,4.28475,0,0.443414,-0.443414,6.849129,48.92225,0.02075553,0.4633676,0,0,4.28475
3/17/2007 3:00:00 AM,0,0,-96.48888,90,0,0,0.4260354,0.4260354,0,-1,0,0.4260354,0,0,5.551115E-17,0,0,0.4484583,0.4260354,0,0,7.537709,3.841336,0,0.4484583,-0.4484583,6.376413,45.54572,0.02075553,0.468639,0,0,3.841336
3/17/2007 4:00:00 AM,0,0,-93.05714,90,0,0,0.2378106,0.2378106,0,-1,0,0.2378106,0,0,0,0,0,0.2503269,0.2378106,0,0,8.035996,3.392878,0,0.2503269,-0.2503269,6.112545,43.66095,0.02075553,0.2615916,0,0,3.392878
3/17/2007 5:00:00 AM,0,0,-90.46997,90,0,0,0.1112146,0.1112146,0,0,0,0.1112146,0,0,1.387779E-17,0,0,0.117068,0.1112146,0,0,8.314137,3.142551,0,0.117068,-0.117068,5.989144,42.77952,0.02075553,0.1223361,0,0,3.142551
3/17/2007 6:00:00 AM,0.006997067,0,-88.14153,90,0,0,0.4444496,0.4444496,0,0,0,0.4444496,0,0,5.551115E-17,0,0,0.4678417,0.4444496,0,0,8.444213,3.025483,0,0.4678417,-0.4678417,5.495996,39.25703,0.02075553,0.4888946,0,0,3.025483
3/17/2007 7:00:00 AM,0.130308,11.05254,-85.7266,78.4155,0.1327458,0.5957634,0.2626954,0.2626954,0,0,0,0.2626954,226.7887,0,0,0,0.5957634,0.2765214,0.2626954,0,0,8.964037,2.557641,0.3192419,0,0.3192419,5.798856,41.42031,0.02074344,0.2889649,0.4766107,0,3.153404
3/17/2007 8:00:00 AM,0.3850036,25.79378,-82.86958,63.4305,0.393616,1.766549,0.1719829,0.1719829,0,0,0,0.1719829,1027.166,0,0,0,1.766549,0.1810346,0.1719829,0,0,8.644794,2.844959,1.585514,0,1.585514,7.303006,52.16423,0.02068361,0.1891811,1.413239,0,4.611507
3/17/2007 9:00:00 AM,0.6736461,40.42511,-78.97263,48.45009,0.6885658,3.090283,0,0,0,-1,0,0,0,0,0,0,3.090283,0,0,0,0,7.059281,4.271922,3.090283,0,3.090283,10.23471,73.1049,0.02056797,0,2.472227,0,7.362205
3/17/2007 10:00:00 AM,0.6990902,54.79874,-72.60049,33.48178,0.709924,3.186139,0.5210208,0.5210208,0,0,0,0.5210208,611.5186,0,0,0,3.186139,0.548443,0.5210208,0,0,3.968997,7.053176,2.637696,0,2.637696,12.73704,90.97871,0.02047029,0.5731229,2.548911,0,10.23932
3/17/2007 11:00:00 AM,0.9184179,68.38407,-58.90841,18.55633,0.9354377,4.198245,0,0,0,0,0,0,0,2.866943,0,0,4.198245,0,0,0,0,1.331301,9.427103,1.331301,0,1.331301,14.00003,100,0.02042134,0,3.358596,0,13.62535
3/17/2007 12:00:00 PM,1.13477,78.07243,-16.68912,4.166933,1.15676,5.19154,0.5297711,0.5297711,0,0,0,0.5297711,979.9592,4.633886,0,0,5.19154,0.5576538,0.5297711,0,0,0,10.62527,0,0,0,14.00003,100,0.02042134,0.5827482,4.153232,0,15.81681
3/17/2007 1:00:00 PM,1.114191,73.74341,45.83232,11.83718,1.135924,5.098026,0.7516732,0.7516732,0,0,0,0.7516732,678.2238,4.306792,0,0,5.098026,0.7912349,0.7516732,0,0,0,10.62527,0,0,0,14.00003,100,0.02042134,0.8268405,4.078421,0,15.7233
3/17/2007 2:00:00 PM,0.9454609,61.13404,67.89329,26.69457,0.9643058,4.327805,0,0,0,-1,0,0,0,4.327805,0,0,4.327805,0,0,0,0,0,10.62527,0,0,0,14.00003,100,0.02042134,0,3.462244,0,14.95308
3/17/2007 3:00:00 PM,0.6494367,47,76.53831,41.65076,0.6608037,2.965687,1.447868,1.447868,0,0,0,1.447868,204.8313,1.441615,0,0,2.965687,1.524072,1.447868,0,0,0,10.62527,0,0,0,14.00003,100,0.02042134,1.592655,2.37255,0,13.59096
3/17/2007 4:00:00 PM,0.3600384,32.45689,81.28359,56.62717,0.3630399,1.629323,0.9005584,0.9005584,0,0,0,0.9005584,180.9236,0.6813668,0,0,1.629323,0.9479561,0.9005584,0,0,0,10.62527,0,0,0,14.00003,100,0.02042134,0.9906142,1.303458,0,12.2546
3/17/2007 5:00:00 PM,0.1486862,17.75532,84.5107,71.6106,0.1487723,0.6676903,1.593474,1.593474,0,0,0,1.593474,41.90156,0,2.220446E-16,0,0.6676903,1.677341,1.593474,0,0,0,10.62527,0,1.00965,-1.00965,12.93576,92.39812,0.02042134,1.752821,0.5341523,0,11.29296
3/17/2007 6:00:00 PM,0.04547512,2.981181,87.07467,86.59669,0.04866168,0.2183936,0.9478319,0.9478319,0,0,0,0.9478319,23.04139,0,1.110223E-16,0,0.2183936,0.9977178,0.9478319,0,0,1.121834,9.615623,0,0.7793242,-0.7793242,12.11428,86.53042,0.02042134,1.042615,0.1747149,0,9.834018
3/17/2007 7:00:00 PM,0,0,89.40327,90,0,0,1.632638,1.632638,0,-1,0,1.632638,0,0,0,0,0,1.718566,1.632638,0,0,1.987749,8.8363,0,1.718566,-1.718566,10.30276,73.59097,0.02042134,1.795902,0,0,8.8363
3/17/2007 8:00:00 PM,0,0,91.82289,90,0,0,1.156948,1.156948,0,-1,0,1.156948,0,0,0,0,0,1.21784,1.156948,0,0,3.897267,7.117733,0,1.21784,-1.21784,9.019039,64.42159,0.02042134,1.272643,0,0,7.117733
3/17/2007 9:00:00 PM,0,0,94.76495,90,0,0,0.04441693,0.04441693,0,-1,0,0.04441693,0,0,6.938894E-18,0,0,0.04675467,0.04441693,0,0,5.250423,5.899894,0,0.04675467,-0.04675467,8.969756,64.06956,0.02042134,0.04885863,0,0,5.899894
3/17/2007 10:00:00 PM,0,0,99.1957,90,0,0,0.3665018,0.3665018,0,-1,0,0.3665018,0,0,5.551115E-17,0,0,0.3857914,0.3665018,0,0,5.302372,5.853139,0,0.3857914,-0.3857914,8.563096,61.16485,0.02042134,0.403152,0,0,5.853139
3/17/2007 11:00:00 PM,0,0,108.7213,90,0,0,0.2630401,0.2630401,0,-1,0,0.2630401,0,0,5.551115E-17,0,0,0.2768843,0.2630401,0,0,5.73103,5.467348,0,0.2768843,-0.2768843,8.271235,59.08013,0.02042134,0.2893441,0,0,5.467348
3/18/2007 12:00:00 AM,0,0,154.4631,90,0,0,0,0,0,-1,0,0,0,0,0,0,0,0,0,0,0,6.038679,5.190464,0,0,0,8.271235,59.08013,0.02042134,0,0,0,5.190464
3/18/2007 1:00:00 AM,0,0,-120.4165,90,0,0,0,0,0,-1,0,0,0,0,0,0,0,0,0,0,0,6.038679,5.190464,0,0,0,8.271235,59.08013,0.02042134,0,0,0,5.190464
3/18/2007 2:00:00 AM,0,0,-103.2027,90,0,0,0.2571829,0.2571829,0,-1,0,0.2571829,0,0,0,0,0,0.2707188,0.2571829,0,0,6.038679,5.190464,0,0.2707188,-0.2707188,7.985872,57.04183,0.02042134,0.2829011,0,0,5.190464
3/18/2007 3:00:00 AM,0,0,-97.05811,90,0,0,0.1089077,0.1089077,0,-1,0,0.1089077,0,0,1.387779E-17,0,0,0.1146397,0.1089077,0,0,6.339478,4.919744,0,0.1146397,-0.1146397,7.865031,56.17868,0.02042134,0.1197985,0,0,4.919744
3/18/2007 4:00:00 AM,0,0,-93.51746,90,0,0,0.07272137,0.07272137,0,-1,0,0.07272137,0,0,0,0,0,0.07654881,0.07272137,0,0,6.466855,4.805105,0,0.07654881,-0.07654881,7.784341,55.60233,0.02042134,0.07999351,0,0,4.805105
3/18/2007 5:00:00 AM,0,0,-90.87709,90,0,0,0.05724343,0.05724343,0,0,0,0.05724343,0,0,6.938894E-18,0,0,0.06025625,0.05724343,0,0,6.551909,4.728556,0,0.06025625,-0.06025625,7.720826,55.14864,0.02042134,0.06296778,0,0,4.728556
3/18/2007 6:00:00 AM,0.007826667,0,-88.52812,90,0,0,0,0,0,0,0,0,0,0,0,0,0,0,0,0,0,6.61886,4.6683,0,0,0,7.720826,55.14864,0.02042134,0,0,0,4.6683
3/18/2007 7:00:00 AM,0.174164,11.19133,-86.118,78.33989,0.1800649,0.8081311,0.4245728,0.4245728,0,0,0,0.4245728,190.3398,0,0,0,0.8081311,0.4469187,0.4245728,0,0,6.61886,4.6683,0.3612124,0,0.3612124,8.063501,57.59632,0.0204081,0.46703,0.6465049,0,5.476431
3/18/2007 8:00:00 AM,0.3447281,25.94253,-83.29224,63.35032,0.3500543,1.571043,0.7531504,0.7531504,0,0,0,0.7531504,208.5963,0,0,0,1.571043,0.7927899,0.7531504,0,0,6.257648,4.993391,0.7782536,0,0.7782536,8.801818,62.87,0.02037963,0.8284654,1.256835,0,6.564435
3/18/2007 9:00:00 AM,0.6975785,40.59171,-79.46299,48.36395,0.712076,3.195797,1.484134,1.484134,0,-1,0,1.484134,215.3308,0,0,0,3.195797,1.562246,1.484134,0,0,5.479394,5.693819,1.633551,0,1.633551,10.35154,73.93943,0.02032012,1.632547,2.556638,0,8.889616
3/18/2007 10:00:00 AM,0.7215819,54.99899,-73.2194,33.38602,0.7326913,3.288319,0.2909248,0.2909248,0,0,0,0.2909248,1130.298,0,0,0,3.288319,0.3062367,0.2909248,0,0,3.845844,7.164015,2.982082,0,2.982082,13.18059,94.1469,0.02021239,0.3200173,2.630655,0,10.45233
3/18/2007 11:00:00 AM,0.9157133,68.65737,-59.73705,18.43813,0.9316143,4.181085,1.035059,1.035059,0,0,0,1.035059,403.9465,2.227788,0,0,4.181085,1.089536,1.035059,0,0,0.8637614,9.847889,0.8637614,0,0.8637614,14.00003,100,0.0201814,1.138565,3.344868,0,14.02897
3/18/2007 12:00:00 PM,0.8692573,78.47826,-16.91209,3.886801,0.8820447,3.958616,0.196911,0.196911,0,0,0,0.196911,2010.358,3.751342,0,0,3.958616,0.2072747,0.196911,0,0,0,10.62527,0,0,0,14.00003,100,0.0201814,0.2166021,3.166893,0,14.58389
3/18/2007 1:00:00 PM,0.8773788,73.97192,47.04964,11.83476,0.8910511,3.999037,0,0,0,0,0,0,0,3.999037,0,0,3.999037,0,0,0,0,0,10.62527,0,0,0,14.00003,100,0.0201814,0,3.19923,0,14.62431
3/18/2007 2:00:00 PM,0.8532774,61.22646,68.71842,26.7362,0.8682298,3.896616,0.07234091,0.07234091,0,-1,0,0.07234091,5386.461,3.820467,0,0,3.896616,0.07614833,0.07234091,0,0,0,10.62527,0,0,0,14.00003,100,0.0201814,0.079575,3.117292,0,14.52189
3/18/2007 3:00:00 PM,0.5062029,47.03936,77.13451,41.7059,0.5099266,2.288551,1.35758,1.35758,0,0,0,1.35758,168.5758,0.8595192,0,0,2.288551,1.429031,1.35758,0,0,0,10.62527,0,0,0,14.00003,100,0.0201814,1.493338,1.83084,0,12.91383
3/18/2007 4:00:00 PM,0.2409731,32.4706,81.7673,56.68956,0.2404686,1.079223,0.008502759,0.008502759,0,0,0,0.008502759,12692.62,1.070273,0,0,1.079223,0.008950273,0.008502759,0,0,0,10.62527,0,0,0,14.00003,100,0.0201814,0.009353035,0.8633785,0,11.7045
3/18/2007 5:00:00 PM,0.149261,17.75511,84.93947,71.67806,0.1492886,0.6700071,1.655185,1.655185,0,0,0,1.655185,40.47929,0,0,0,0.6700071,1.7423,1.655185,0,0,0,10.62527,0,1.072293,-1.072293,12.86973,91.92648,0.0201814,1.820703,0.5360057,0,11.29528
3/18/2007 6:00:00 PM,0.03635568,2.973507,87.4835,86.6684,0.03732601,0.1675191,2.004775,2.004775,0,0,0,2.004775,8.356005,0,0,0,0.1675191,2.11029,2.004775,0,0,1.191436,9.552981,0,1.942771,-1.942771,10.82187,77.29893,0.0201814,2.205253,0.1340153,0,9.720501
3/18/2007 7:00:00 PM,0,0,89.82035,90,0,0,0,0,0,-1,0,0,0,0,0,0,0,0,0,0,0,3.35007,7.610211,0,0,0,10.82187,77.29893,0.0201814,0,0,0,7.610211
3/18/2007 8:00:00 PM,0,0,92.27964,90,0,0,1.054342,1.054342,0,-1,0,1.054342,0,0,0,0,0,1.109834,1.054342,0,0,3.35007,7.610211,0,1.109834,-1.109834,9.652004,68.94275,0.0201814,1.159776,0,0,7.610211
3/18/2007 9:00:00 PM,0,0,95.30958,90,0,0,1.084254,1.084254,0,-1,0,1.084254,0,0,0,0,0,1.14132,1.084254,0,0,4.583219,6.500377,0,1.14132,-1.14132,8.448947,60.3495,0.0201814,1.19268,0,0,6.500377
3/18/2007 10:00:00 PM,0,0,99.92753,90,0,0,0.1474862,0.1474862,0,-1,0,0.1474862,0,0,0,0,0,0.1552486,0.1474862,0,0,5.851353,5.359056,0,0.1552486,-0.1552486,8.285301,59.1806,0.0201814,0.1622348,0,0,5.359056
3/18/2007 11:00:00 PM,0,0,109.9228,90,0,0,0,0,0,-1,0,0,0,0,0,0,0,0,0,0,0,6.023851,5.203808,0,0,0,8.285301,59.1806,0.0201814,0,0,0,5.203808
3/19/2007 12:00:00 AM,0,0,156.157,90,0,0,0.5398659,0.5398659,0,-1,0,0.5398659,0,0,0,0,0,0.5682799,0.5398659,0,0,6.023851,5.203808,0,0.5682799,-0.5682799,7.686281,54.9019,0.0201814,0.5938525,0,0,5.203808
3/19/2007 1:00:00 AM,0,0,-121.6901,90,0,0,0.1116585,0.1116585,0,-1,0,0.1116585,0,0,1.387779E-17,0,0,0.1175352,0.1116585,0,0,6.655273,4.635528,0,0.1175352,-0.1175352,7.562388,54.01695,0.0201814,0.1228243,0,0,4.635528
3/19/2007 2:00:00 AM,0,0,-103.9948,90,0,0,0.1545359,0.1545359,0,-1,0,0.1545359,0,0,2.775558E-17,0,0,0.1626693,0.1545359,0,0,6.785868,4.517993,0,0.1626693,-0.1626693,7.39092,52.79218,0.0201814,0.1699895,0,0,4.517993
3/19/2007 3:00:00 AM,0,0,-97.62456,90,0,0,0.3279031,0.3279031,0,-1,0,0.3279031,0,0,0,0,0,0.3451612,0.3279031,0,0,6.966612,4.355324,0,0.3451612,-0.3451612,7.027088,50.19339,0.0201814,0.3606935,0,0,4.355324
3/19/2007 4:00:00 AM,0,0,-93.97679,90,0,0,0.3392309,0.3392309,0,-1,0,0.3392309,0,0,5.551115E-17,0,0,0.3570851,0.3392309,0,0,7.350124,4.010162,0,0.3570851,-0.3570851,6.650687,47.50481,0.0201814,0.373154,0,0,4.010162
3/19/2007 5:00:00 AM,0,0,-91.284,90,0,0,0.1853992,0.1853992,0,0,0,0.1853992,0,0,2.775558E-17,0,0,0.1951571,0.1853992,0,0,7.746885,3.653077,0,0.1951571,-0.1951571,6.444973,46.03543,0.0201814,0.2039391,0,0,3.653077
3/19/2007 6:00:00 AM,0.00727038,0,-88.91502,90,0,0,0.2067971,0.2067971,0,0,0,0.2067971,0,0,0,0,0,0.2176811,0.2067971,0,0,7.963727,3.45792,0,0.2176811,-0.2176811,6.215518,44.39647,0.0201814,0.2274768,0,0,3.45792
3/19/2007 7:00:00 AM,0.2133551,11.33087,-86.51016,78.26368,0.2206593,0.9903187,0.3534055,0.3534055,0,0,0,0.3534055,280.2216,0,0,0,0.9903187,0.3720059,0.3534055,0,0,8.205595,3.240239,0.6183129,0,0.6183129,6.802101,48.58633,0.02015927,0.3887461,0.792255,0,4.230558
3/19/2007 8:00:00 AM,0.4754766,26.09131,-83.71635,63.27036,0.4860889,2.181567,0.8802237,0.8802237,0,0,0,0.8802237,247.8423,0,0,0,2.181567,0.9265513,0.8802237,0,0,7.587282,3.796721,1.255016,0,1.255016,7.992713,57.09069,0.02011451,0.9682461,1.745253,0,5.978288
3/19/2007 9:00:00 AM,0.7423783,40.75751,-79.95618,48.27909,0.7567255,3.396184,0.2765952,0.2765952,0,-1,0,0.2765952,1227.854,0,0,0,3.396184,0.2911528,0.2765952,0,0,6.332266,4.926235,3.105031,0,3.105031,10.9384,78.1313,0.02000462,0.3042547,2.716947,0,8.322419
3/19/2007 10:00:00 AM,0.8581721,55.19738,-73.8448,33.29323,0.8733222,3.91947,0.7198145,0.7198145,0,0,0,0.7198145,544.5111,0,0,0,3.91947,0.7576995,0.7198145,0,0,3.227235,7.720763,3.161771,0,3.161771,13.93792,99.5564,0.01989394,0.791796,3.135576,0,11.64023
3/19/2007 11:00:00 AM,1.125015,68.92783,-60.58574,18.32676,1.144738,5.137583,1.296114,1.296114,0,0,0,1.296114,396.3834,3.707788,0,0,5.137583,1.364331,1.296114,0,0,0.06546395,10.56636,0.06546395,0,0.06546395,14.00003,100,0.01989166,1.425726,4.110066,0,15.70394
3/19/2007 12:00:00 PM,1.098709,78.88482,-17.14614,3.629698,1.117507,5.01537,1.004101,1.004101,0,0,0,1.004101,499.4884,3.958421,0,0,5.01537,1.056949,1.004101,0,0,0,10.62527,0,0,0,14.00003,100,0.01989166,1.104511,4.012296,0,15.64064
3/19/2007 1:00:00 PM,0.9200504,74.19289,48.30523,11.84731,0.9344542,4.19383,0.7650501,0.7650501,0,0,0,0.7650501,548.1772,3.388515,0,0,4.19383,0.8053159,0.7650501,0,0,0,10.62527,0,0,0,14.00003,100,0.01989166,0.8415551,3.355064,0,14.8191
3/19/2007 2:00:00 PM,0.7155067,61.31297,69.55035,26.78469,0.7238532,3.248653,0.8259477,0.8259477,0,-1,0,0.8259477,393.3243,2.379234,0,0,3.248653,0.8694187,0.8259477,0,0,0,10.62527,0,0,0,14.00003,100,0.01989166,0.9085425,2.598922,0,13.87393
3/19/2007 3:00:00 PM,0.2858511,47.07462,77.73284,41.76541,0.2848346,1.278338,0.8104755,0.8104755,0,0,0,0.8104755,157.7269,0.4252056,0,0,1.278338,0.8531321,0.8104755,0,0,0,10.62527,0,0,0,14.00003,100,0.01989166,0.891523,1.02267,0,11.90361
3/19/2007 4:00:00 PM,0.3638307,32.48141,82.25212,56.75498,0.3663636,1.64424,1.041698,1.041698,0,0,0,1.041698,157.8423,0.5477157,0,0,1.64424,1.096524,1.041698,0,0,0,10.62527,0,0,0,14.00003,100,0.01989166,1.145867,1.315392,0,12.26951
3/19/2007 5:00:00 PM,0.1564198,17.7529,85.36907,71.74764,0.1565214,0.7024681,0.3874893,0.3874893,0,0,0,0.3874893,181.2871,0.2945847,0,0,0.7024681,0.4078834,0.3874893,0,0,0,10.62527,0,0,0,14.00003,100,0.01989166,0.4262382,0.5619745,0,11.32774
3/19/2007 6:00:00 PM,0.02978331,2.964609,87.8931,86.74146,0.0299992,0.1346364,1.661842,1.661842,0,0,0,1.661842,8.101634,0,2.220446E-16,0,0.1346364,1.749308,1.661842,0,0,0,10.62527,0,1.614671,-1.614671,12.29801,87.84279,0.01989166,1.828027,0.1077091,0,10.75991
3/19/2007 7:00:00 PM,0,0,90.23824,90,0,0,1.102201,1.102201,0,-1,0,1.102201,0,0,2.220446E-16,0,0,1.160212,1.102201,0,0,1.794079,9.010603,0,1.160212,-1.160212,11.07504,79.1073,0.01989166,1.212422,0,0,9.010603
3/19/2007 8:00:00 PM,0,0,92.73733,90,0,0,1.34734,1.34734,0,-1,0,1.34734,0,0,2.220446E-16,0,0,1.418252,1.34734,0,0,3.083204,7.85039,0,1.418252,-1.418252,9.580074,68.42897,0.01989166,1.482074,0,0,7.85039
3/19/2007 9:00:00 PM,0,0,95.85527,90,0,0,1.447345,1.447345,0,-1,0,1.447345,0,0,0,0,0,1.523521,1.447345,0,0,4.65904,6.432138,0,1.523521,-1.523521,7.974143,56.95805,0.01989166,1.592079,0,0,6.432138
3/19/2007 10:00:00 PM,0,0,100.6601,90,0,0,0.03109653,0.03109653,0,-1,0,0.03109653,0,0,3.469447E-18,0,0,0.03273318,0.03109653,0,0,6.351841,4.908617,0,0.03273318,-0.03273318,7.939639,56.71159,0.01989166,0.03420618,0,0,4.908617
3/19/2007 11:00:00 PM,0,0,111.1178,90,0,0,0.07754001,0.07754001,0,-1,0,0.07754001,0,0,0,0,0,0.08162107,0.07754001,0,0,6.388211,4.875884,0,0.08162107,-0.08162107,7.853602,56.09705,0.01989166,0.08529401,0,0,4.875884
3/20/2007 12:00:00 AM,0,0,157.7233,90,0,0,0.02672223,0.02672223,0,-1,0,0.02672223,0,0,3.469447E-18,0,0,0.02812866,0.02672223,0,0,6.478901,4.794263,0,0.02812866,-0.02812866,7.823952,55.88526,0.01989166,0.02939445,0,0,4.794263
3/20/2007 1:00:00 AM,0,0,-122.9134,90,0,0,0.4967516,0.4967516,0,-1,0,0.4967516,0,0,5.551115E-17,0,0,0.5228965,0.4967516,0,0,6.510155,4.766134,0,0.5228965,-0.5228965,7.272771,51.94826,0.01989166,0.5464268,0,0,4.766134
3/20/2007 2:00:00 AM,0,0,-104.7774,90,0,0,0.3705625,0.3705625,0,-1,0,0.3705625,0,0,0,0,0,0.3900658,0.3705625,0,0,7.091151,4.243238,0,0.3900658,-0.3900658,6.861606,49.01137,0.01989166,0.4076187,0,0,4.243238
3/20/2007 3:00:00 AM,0,0,-98.18802,90,0,0,0.09950885,0.09950885,0,-1,0,0.09950885,0,0,1.387779E-17,0,0,0.1047462,0.09950885,0,0,7.524558,3.853172,0,0.1047462,-0.1047462,6.751194,48.22271,0.01989166,0.1094597,0,0,3.853172
3/20/2007 4:00:00 AM,0,0,-94.43499,90,0,0,0.2864292,0.2864292,0,-1,0,0.2864292,0,0,0,0,0,0.3015045,0.2864292,0,0,7.640943,3.748426,0,0.3015045,-0.3015045,6.43338,45.95262,0.01989166,0.3150721,0,0,3.748426
3/20/2007 5:00:00 AM,0,0,-91.69059,90,0,0,0.4148044,0.4148044,0,0,0,0.4148044,0,0,5.551115E-17,0,0,0.4366362,0.4148044,0,0,7.975947,3.446922,0,0.4366362,-0.4366362,5.973125,42.66509,0.01989166,0.4562849,0,0,3.446922
3/20/2007 6:00:00 AM,0.009390201,0,-89.3021,90,0,0,0.09046347,0.09046347,0,0,0,0.09046347,0,0,0,0,0,0.0952247,0.09046347,0,0,8.461099,3.010285,0,0.0952247,-0.0952247,5.872749,41.94812,0.01989166,0.09950981,0,0,3.010285
3/20/2007 7:00:00 AM,0.2096443,11.47103,-86.90301,78.18697,0.2156086,0.9676514,0,0,0,0,0,0,0,0,0,0,0.9676514,0,0,0,0,8.566904,2.915061,0.9676514,0,0.9676514,6.790744,48.50522,0.01985804,0,0.7741211,0,3.882712
3/20/2007 8:00:00 AM,0.4645011,26.24001,-84.14183,63.19073,0.4736562,2.125769,0.5794566,0.5794566,0,0,0,0.5794566,366.8556,0,0,0,2.125769,0.6099543,0.5794566,0,0,7.599253,3.785947,1.515815,0,1.515815,8.228772,58.77682,0.0198056,0.6374022,1.700615,0,5.911716
3/20/2007 9:00:00 AM,0.763897,40.92236,-80.45212,48.19563,0.7774601,3.489241,0,0,0,-1,0,0,0,0,0,0,3.489241,0,0,0,0,6.083438,5.15018,3.489241,0,3.489241,11.53896,82.42095,0.01968594,0,2.791393,0,8.639421
3/20/2007 10:00:00 AM,0.9440574,55.39371,-74.47662,33.20359,0.959838,4.307753,0,0,0,0,0,0,0,1.713556,0,0,4.307753,0,0,0,0,2.594197,8.290497,2.594197,0,2.594197,14.00003,100,0.01959791,0,3.446203,0,12.59825
3/20/2007 11:00:00 AM,0.9670421,69.19514,-61.45498,18.22248,0.9823551,4.40881,0,0,0,0,0,0,0,4.40881,0,0,4.40881,0,0,0,0,0,10.62527,0,0,0,14.00003,100,0.01959791,0,3.527048,0,15.03408
3/20/2007 12:00:00 PM,1.12907,79.29196,-17.39292,3.401279,1.147238,5.148802,0,0,0,0,0,0,0,5.148802,0,0,5.148802,0,0,0,0,0,10.62527,0,0,0,14.00003,100,0.01959791,0,4.119042,0,15.77408
3/20/2007 1:00:00 PM,1.028183,74.40597,49.5989,11.87477,1.04459,4.68812,2.073011,2.073011,0,0,0,2.073011,226.1502,2.506002,0,0,4.68812,2.182117,2.073011,0,0,0,10.62527,0,0,0,14.00003,100,0.01959791,2.280313,3.750496,0,15.31339
3/20/2007 2:00:00 PM,0.8915195,61.39354,70.3885,26.83994,0.9056577,4.064592,0.5164214,0.5164214,0,-1,0,0.5164214,787.0688,3.52099,0,0,4.064592,0.5436015,0.5164214,0,0,0,10.62527,0,0,0,14.00003,100,0.01959791,0.5680635,3.251673,0,14.68987
3/20/2007 3:00:00 PM,0.7362055,47.10584,78.33301,41.82918,0.7482982,3.358362,0.3689471,0.3689471,0,0,0,0.3689471,910.2559,2.969997,0,0,3.358362,0.3883653,0.3689471,0,0,0,10.62527,0,0,0,14.00003,100,0.01959791,0.4058418,2.68669,0,13.98364
3/20/2007 4:00:00 PM,0.4835211,32.48941,82.73786,56.82335,0.4910617,2.203885,0.8842928,0.8842928,0,0,0,0.8842928,249.2257,1.27305,0,0,2.203885,0.9308345,0.8842928,0,0,0,10.62527,0,0,0,14.00003,100,0.01959791,0.9727221,1.763108,0,12.82916
3/20/2007 5:00:00 PM,0.2107343,17.74878,85.79935,71.81923,0.2126169,0.9542248,0.4397047,0.4397047,0,0,0,0.4397047,217.0149,0.4913777,0,0,0.9542248,0.4628471,0.4397047,0,0,0,10.62527,0,0,0,14.00003,100,0.01959791,0.4836752,0.7633798,0,11.5795
3/20/2007 6:00:00 PM,0.03504499,2.954569,88.30333,86.81576,0.03552611,0.1594412,0.09693193,0.09693193,0,0,0,0.09693193,164.4878,0.05740758,0,0,0.1594412,0.1020336,0.09693193,0,0,0,10.62527,0,0,0,14.00003,100,0.01959791,0.1066251,0.127553,0,10.78472
3/20/2007 7:00:00 PM,0,0,90.65681,90,0,0,2.345454,2.345454,0,-1,0,2.345454,0,0,4.440892E-16,0,0,2.468899,2.345454,0,0,0,10.62527,0,2.468899,-2.468899,11.39758,81.41112,0.01959791,2.58,0,0,10.62527
3/20/2007 8:00:00 PM,0,0,93.1958,90,0,0,1.808633,1.808633,0,-1,0,1.808633,0,0,2.220446E-16,0,0,1.903824,1.808633,0,0,2.743221,8.156375,0,1.903824,-1.903824,9.390773,67.07681,0.01959791,1.989496,0,0,8.156375
3/20/2007 9:00:00 PM,0,0,96.40182,90,0,0,0.2226803,0.2226803,0,-1,0,0.2226803,0,0,0,0,0,0.2344003,0.2226803,0,0,4.858582,6.252551,0,0.2344003,-0.2344003,9.143693,65.31197,0.01959791,0.2449483,0,0,6.252551
3/20/2007 10:00:00 PM,0,0,101.393,90,0,0,0.2746708,0.2746708,0,-1,0,0.2746708,0,0,0,0,0,0.2891272,0.2746708,0,0,5.119026,6.018151,0,0.2891272,-0.2891272,8.838926,63.13506,0.01959791,0.3021379,0,0,6.018151
3/20/2007 11:00:00 PM,0,0,112.305,90,0,0,0.1778046,0.1778046,0,-1,0,0.1778046,0,0,2.775558E-17,0,0,0.1871628,0.1778046,0,0,5.440279,5.729023,0,0.1871628,-0.1871628,8.64164,61.72588,0.01959791,0.1955851,0,0,5.729023
3/21/2007 12:00:00 AM,0,0,159.1739,90,0,0,0.1521192,0.1521192,0,-1,0,0.1521192,0,0,0,0,0,0.1601255,0.1521192,0,0,5.648237,5.541861,0,0.1601255,-0.1601255,8.472853,60.52026,0.01959791,0.1673311,0,0,5.541861
3/21/2007 1:00:00 AM,0,0,-124.0878,90,0,0,0.05363249,0.05363249,0,-1,0,0.05363249,0,0,6.938894E-18,0,0,0.05645525,0.05363249,0,0,5.826154,5.381735,0,0.05645525,-0.05645525,8.413343,60.09519,0.01959791,0.05899573,0,0,5.381735
3/21/2007 2:00:00 AM,0,0,-105.5503,90,0,0,0.2040338,0.2040338,0,-1,0,0.2040338,0,0,0,0,0,0.2147724,0.2040338,0,0,5.888883,5.32528,0,0.2147724,-0.2147724,8.186954,58.47812,0.01959791,0.2244372,0,0,5.32528
3/21/2007 3:00:00 AM,0,0,-98.7483,90,0,0,0.1983663,0.1983663,0,-1,0,0.1983663,0,0,2.775558E-17,0,0,0.2088066,0.1983663,0,0,6.127519,5.110507,0,0.2088066,-0.2088066,7.966852,56.90597,0.01959791,0.2182029,0,0,5.110507
3/21/2007 4:00:00 AM,0,0,-94.89192,90,0,0,0.09166733,0.09166733,0,-1,0,0.09166733,0,0,0,0,0,0.09649193,0.09166733,0,0,6.359526,4.901701,0,0.09649193,-0.09649193,7.86514,56.17946,0.01959791,0.1008341,0,0,4.901701
3/21/2007 5:00:00 AM,0,0,-92.09675,90,0,0,0.2895911,0.2895911,0,0,0,0.2895911,0,0,0,0,0,0.3048327,0.2895911,0,0,6.466739,4.805209,0,0.3048327,-0.3048327,7.543818,53.88431,0.01959791,0.3185502,0,0,4.805209
3/21/2007 6:00:00 AM,0.009014674,0,-89.68928,90,0,0,0.1251192,0.1251192,0,0,0,0.1251192,0,0,2.775558E-17,0,0,0.1317045,0.1251192,0,0,6.805442,4.500376,0,0.1317045,-0.1317045,7.40499,52.89268,0.01959791,0.1376312,0,0,4.500376
3/21/2007 7:00:00 AM,0.1882577,11.6117,-87.29644,78.10988,0.1921721,0.8624685,0.3214813,0.3214813,0,0,0,0.3214813,268.2796,0,0,0,0.8624685,0.3384013,0.3214813,0,0,6.95178,4.368672,0.5240672,0,0.5240672,7.902164,56.44391,0.01958022,0.3536294,0.6899748,0,5.23114
3/21/2007 8:00:00 AM,0.4951238,26.38847,-84.5686,63.11155,0.5038135,2.261115,0.8322585,0.8322585,0,0,0,0.8322585,271.6842,0,0,0,2.261115,0.8760616,0.8322585,0,0,6.427713,4.840332,1.385054,0,1.385054,9.216141,65.82944,0.01953362,0.9154843,1.808892,0,7.101447
3/21/2007 9:00:00 AM,0.7062443,41.08611,-80.95069,48.11372,0.7174845,3.22007,0.485981,0.485981,0,-1,0,0.485981,662.5919,0,0,0,3.22007,0.5115589,0.485981,0,0,5.04266,6.08688,2.708512,0,2.708512,11.78566,84.18312,0.01944314,0.534579,2.576056,0,9.306951
3/21/2007 10:00:00 AM,0.9380163,55.58779,-75.11478,33.11723,0.9524606,4.274643,0.9703067,0.9703067,0,0,0,0.9703067,440.5455,0.9191192,0,0,4.274643,1.021376,0.9703067,0,0,2.334148,8.524541,2.334148,0,2.334148,14.00003,100,0.01936584,1.067337,3.419714,0,12.79918
3/21/2007 11:00:00 AM,0.9810237,69.459,-62.34518,18.12559,0.9955622,4.468083,0.5650169,0.5650169,0,0,0,0.5650169,790.7876,3.873329,0,0,4.468083,0.5947546,0.5650169,0,0,0,10.62527,0,0,0,14.00003,100,0.01936584,0.6215186,3.574466,0,15.09336
3/21/2007 12:00:00 PM,0.9208643,79.69952,-17.65437,3.208061,0.9330058,4.18733,1.895758,1.895758,0,0,0,1.895758,220.8789,2.191795,0,0,4.18733,1.995535,1.895758,0,0,0,10.62527,0,0,0,14.00003,100,0.01936584,2.085334,3.349864,0,14.8126
3/21/2007 1:00:00 PM,1.090965,74.61076,50.93024,11.91703,1.107346,4.96977,0.2749649,0.2749649,0,0,0,0.2749649,1807.42,4.680334,0,0,4.96977,0.2894367,0.2749649,0,0,0,10.62527,0,0,0,14.00003,100,0.01936584,0.3024614,3.975816,0,15.59505
3/21/2007 2:00:00 PM,0.9867997,61.46813,71.23227,26.90183,1.001812,4.496131,0.9618052,0.9618052,0,-1,0,0.9618052,467.4679,3.483705,0,0,4.496131,1.012427,0.9618052,0,0,0,10.62527,0,0,0,14.00003,100,0.01936584,1.057986,3.596905,0,15.12141
3/21/2007 3:00:00 PM,0.70754,47.13307,78.9347,41.89711,0.7177557,3.221287,1.18584,1.18584,0,0,0,1.18584,271.646,1.973035,0,0,3.221287,1.248253,1.18584,0,0,0,10.62527,0,0,0,14.00003,100,0.01936584,1.304424,2.57703,0,13.84656
3/21/2007 4:00:00 PM,0.5283207,32.49465,83.22431,56.89455,0.5366371,2.408427,1.032808,1.032808,0,0,0,1.032808,233.1923,1.321262,0,0,2.408427,1.087166,1.032808,0,0,0,10.62527,0,0,0,14.00003,100,0.01936584,1.136088,1.926742,0,13.0337
3/21/2007 5:00:00 PM,0.3216129,17.74282,86.23014,71.89273,0.3278904,1.471572,1.33864,1.33864,0,0,0,1.33864,109.9304,0.06247721,0,0,1.471572,1.409095,1.33864,0,0,0,10.62527,0,0,0,14.00003,100,0.01936584,1.472504,1.177258,0,12.09685
3/21/2007 6:00:00 PM,0.04046894,2.94347,88.71407,86.89119,0.04120348,0.1849212,1.382439,1.382439,0,0,0,1.382439,13.37644,0,2.220446E-16,0,0.1849212,1.455199,1.382439,0,0,0,10.62527,0,1.270278,-1.270278,12.66104,90.4358,0.01936584,1.520684,0.147937,0,10.81019
3/21/2007 7:00:00 PM,0,0,91.07594,90,0,0,3.62234,3.33,0,-1,0,3.33,0,0,0.2923401,0.6545741,0,3.505263,3.33,0,0,1.41142,9.354996,0,3.505263,-3.505263,8.966166,64.04391,0.01936584,3.984574,0,0,9.354996
3/21/2007 8:00:00 PM,0,0,93.65491,90,0,0,2.811195,2.811195,0,-1,0,2.811195,0,0,4.440892E-16,0,0,2.959152,2.811195,0,0,5.306157,5.849733,0,2.959152,-2.959152,5.846945,41.76381,0.01936584,3.092314,0,0,5.849733
3/21/2007 9:00:00 PM,0,0,96.94905,90,0,0,1.547,1.547,0,-1,0,1.547,0,0,2.220446E-16,0,0,1.628421,1.547,0,0,8.594104,2.89058,0,1.628421,-1.628421,4.130439,29.50307,0.01936584,1.7017,0,0,2.89058
3/21/2007 10:00:00 PM,0,0,102.1259,90,0,0,0.3374041,0.3374041,0,-1,0,0.3374041,0,0,5.551115E-17,0,0,0.3551622,0.3374041,0,0,10.40346,1.26216,0,0.3551622,-0.3551622,3.756065,26.82898,0.01936584,0.3711445,0,0,1.26216
3/21/2007 11:00:00 PM,0,0,113.4835,90,0,0,0.2004564,0.2004564,0,-1,0,0.2004564,0,0,2.775558E-17,0,0,0.2110067,0.2004564,0,0,10.79809,0.9069975,0,0.2110067,-0.2110067,3.533644,25.24026,0.01936584,0.220502,0,0,0.9069975
3/22/2007 12:00:00 AM,0,0,160.5194,90,0,0,0.3456663,0.3456663,0,-1,0,0.3456663,0,0,5.551115E-17,0,0,0.3638593,0.3456663,0,0,11.03254,0.6959907,0,0.3638593,-0.3638593,3.150103,22.50069,0.01936584,0.380233,0,0,0.6959907
3/22/2007 1:00:00 AM,0,0,-125.2149,90,0,0,0.1179022,0.1179022,0,-1,0,0.1179022,0,0,1.387779E-17,0,0,0.1241076,0.1179022,0,0,11.43683,0.3321314,0,0.1241076,-0.1241076,3.019282,21.56626,0.01936584,0.1296924,0,0,0.3321314
3/22/2007 2:00:00 AM,0,0,-106.3131,90,0,0,0.2240511,0.1976226,0,-1,0,0.1976226,0,0,0.02642848,0.04883359,0,0.2080238,0.1976226,0,0,11.57472,0.2080238,0,0.2080238,-0.2080238,2.800006,20,0.01936584,0.2464562,0,0,0.2080238
3/22/2007 3:00:00 AM,0,0,-99.3052,90,0,0,0.2774547,0,0,-1,0,0,0,0,0.2774547,0.3052001,0,0,0,0,0,11.80586,0,0,0,0,2.800006,20,0.01936584,0.3052001,0,0,0
3/22/2007 4:00:00 AM,0,0,-95.34744,90,0,0,0.07231763,0,0,-1,0,0,0,0,0.07231763,0.07954939,0,0,0,0,0,11.80586,0,0,0,0,2.800006,20,0.01936584,0.07954939,0,0,0
3/22/2007 5:00:00 AM,0,0,-92.50236,90,0,0,0.1854212,0.1854212,3.690684,0,1.172557,0.1854212,0,4.440892E-16,0,0,0,0,0,3.505263,3.33,11.80586,0,3.33,0,3.33,5.959121,42.56506,0.02051058,0.2039634,0,5,0
3/22/2007 6:00:00 AM,0.009517896,0,-90.07645,90,0,0,0.03211083,0.03211083,3.537374,0,1.130703,0.03211083,0,0,0,0,0,0,0,3.505263,3.33,8.475861,2.997,3.33,0,3.33,9.118237,65.13013,0.02156417,0.03532191,0,5,2.997
3/22/2007 7:00:00 AM,0.1512069,11.75272,-87.69037,78.03252,0.1525357,0.6845803,0.436388,0.436388,3.941651,0,1.241071,0.436388,156.8742,0,0,0,0.6845803,0,0,3.505263,3.33,5.14586,5.994,4.01458,0,4.01458,12.9268,92.33411,0.02278526,0.4800268,0.5476642,5,6.67858
3/22/2007 8:00:00 AM,0.4156632,26.53656,-84.99654,63.03292,0.4211807,1.890259,0.9480051,0.9480051,0,0,0,0.9480051,199.3933,0,0,0,1.890259,0.9979001,0.9480051,0,0,1.13128,9.607122,0.8923589,0,0.8923589,13.77337,98.381,0.0227513,1.042806,1.512207,0,11.49738
3/22/2007 9:00:00 AM,0.5724691,41.24859,-81.4518,48.03346,0.5787787,2.597559,1.088161,1.088161,0,-1,0,1.088161,238.7108,1.213205,0,0,2.597559,1.145433,1.088161,0,0,0.238921,10.41024,0.238921,0,0.238921,14.00003,100,0.02274222,1.196977,2.078047,0,13.0078
3/22/2007 10:00:00 AM,0.674129,55.77943,-75.75918,33.03431,0.6802633,3.053022,0.2106907,0.2106907,0,0,0,0.2106907,1449.054,2.831242,0,0,3.053022,0.2217797,0.2106907,0,0,0,10.62527,0,0,0,14.00003,100,0.02274222,0.2317598,2.442417,0,13.6783
3/22/2007 11:00:00 AM,0.6727338,69.71908,-63.25676,18.03635,0.6763755,3.035573,0.5452479,0.5452479,0,0,0,0.5452479,556.7327,2.461628,0,0,3.035573,0.5739452,0.5452479,0,0,0,10.62527,0,0,0,14.00003,100,0.02274222,0.5997727,2.428459,0,13.66085
3/22/2007 12:00:00 PM,0.2899078,80.10735,-17.9327,3.05706,0.2886235,1.295343,1.080216,1.080216,0,0,0,1.080216,119.9151,0.1582729,0,0,1.295343,1.13707,1.080216,0,0,0,10.62527,0,0,0,14.00003,100,0.02274222,1.188238,1.036274,0,11.92062
3/22/2007 1:00:00 PM,0.7438806,74.80689,52.29869,11.97387,0.7493902,3.363263,0,0,0,0,0,0,0,3.363263,0,0,3.363263,0,0,0,0,0,10.62527,0,0,0,14.00003,100,0.02274222,0,2.690611,0,13.98854
3/22/2007 2:00:00 PM,0.554499,61.53675,72.08104,26.97024,0.5557131,2.49404,0.5256171,0.5256171,0,-1,0,0.5256171,474.4975,1.940759,0,0,2.49404,0.5532812,0.5256171,0,0,0,10.62527,0,0,0,14.00003,100,0.02274222,0.5781788,1.995232,0,13.11931
3/22/2007 3:00:00 PM,0.5425186,47.15635,79.53762,41.9691,0.546025,2.45056,0.1441047,0.1441047,0,0,0,0.1441047,1700.542,2.298871,0,0,2.45056,0.1516891,0.1441047,0,0,0,10.62527,0,0,0,14.00003,100,0.02274222,0.1585151,1.960448,0,13.07583
3/22/2007 4:00:00 PM,0.2992885,32.49721,83.71128,56.96848,0.2992586,1.343073,0,0,0,0,0,0,0,1.343073,0,0,1.343073,0,0,0,0,0,10.62527,0,0,0,14.00003,100,0.02274222,0,1.074458,0,11.96835
3/22/2007 5:00:00 PM,0.1805792,17.7351,86.6613,71.96803,0.1808579,0.81169,0.3785806,0.3785806,0,0,0,0.3785806,214.4035,0.4131841,0,0,0.81169,0.3985059,0.3785806,0,0,0,10.62527,0,0,0,14.00003,100,0.02274222,0.4164387,0.649352,0,11.43696
3/22/2007 6:00:00 PM,0.04818125,2.931398,89.12516,86.96764,0.04913302,0.220509,1.430475,1.430475,0,0,0,1.430475,15.41509,0,2.220446E-16,0,0.220509,1.505763,1.430475,0,0,0,10.62527,0,1.285254,-1.285254,12.64525,90.32304,0.02274222,1.573522,0.1764072,0,10.84578
3/22/2007 7:00:00 PM,0,0,91.49548,90,0,0,0.7395258,0.7395258,0,-1,0,0.7395258,0,0,0,0,0,0.7784482,0.7395258,0,0,1.42806,9.34002,0,0.7784482,-0.7784482,11.8247,84.46194,0.02274222,0.8134784,0,0,9.34002
3/22/2007 8:00:00 PM,0,0,94.1145,90,0,0,0.3077063,0.3077063,0,-1,0,0.3077063,0,0,5.551115E-17,0,0,0.3239014,0.3077063,0,0,2.293002,8.561572,0,0.3239014,-0.3239014,11.48327,82.02322,0.02274222,0.338477,0,0,8.561572
3/22/2007 9:00:00 PM,0,0,97.49673,90,0,0,2.900092,2.900092,0,-1,0,2.900092,0,0,4.440892E-16,0,0,3.052729,2.900092,0,0,2.652893,8.237671,0,3.052729,-3.052729,8.265414,59.03856,0.02274222,3.190102,0,0,8.237671
3/22/2007 10:00:00 PM,0,0,102.8585,90,0,0,0,0,0,-1,0,0,0,0,0,0,0,0,0,0,0,6.044814,5.184942,0,0,0,8.265414,59.03856,0.02274222,0,0,0,5.184942
3/22/2007 11:00:00 PM,0,0,114.6522,90,0,0,0.2556904,0.2556904,0,-1,0,0.2556904,0,0,5.551115E-17,0,0,0.2691478,0.2556904,0,0,6.044814,5.184942,0,0.2691478,-0.2691478,7.981708,57.01208,0.02274222,0.2812594,0,0,5.184942
3/23/2007 12:00:00 AM,0,0,161.7695,90,0,0,0,0,0,-1,0,0,0,0,0,0,0,0,0,0,0,6.343866,4.915794,0,0,0,7.981708,57.01208,0.02274222,0,0,0,4.915794
3/23/2007 1:00:00 AM,0,0,-126.2965,90,0,0,0.05819834,0.05819834,0,-1,0,0.05819834,0,0,6.938894E-18,0,0,0.06126141,0.05819834,0,0,6.343866,4.915794,0,0.06126141,-0.06126141,7.917132,56.55083,0.02274222,0.06401818,0,0,4.915794
3/23/2007 2:00:00 AM,0,0,-107.0658,90,0,0,0.2501528,0.2501528,0,-1,0,0.2501528,0,0,0,0,0,0.2633187,0.2501528,0,0,6.411935,4.854533,0,0.2633187,-0.2633187,7.63957,54.56825,0.02274222,0.275168,0,0,4.854533
3/23/2007 3:00:00 AM,0,0,-99.85854,90,0,0,0.3635445,0.3635445,0,-1,0,0.3635445,0,0,5.551115E-17,0,0,0.3826784,0.3635445,0,0,6.704511,4.591214,0,0.3826784,-0.3826784,7.236192,51.68698,0.02274222,0.3998989,0,0,4.591214
3/23/2007 4:00:00 AM,0,0,-95.80141,90,0,0,0.07711113,0.07711113,0,-1,0,0.07711113,0,0,1.387779E-17,0,0,0.08116961,0.07711113,0,0,7.129709,4.208536,0,0.08116961,-0.08116961,7.150631,51.07584,0.02274222,0.08482224,0,0,4.208536
3/23/2007 5:00:00 AM,0,0,-92.90732,90,0,0,0.214598,0.214598,0,0,0,0.214598,0,0,2.775558E-17,0,0,0.2258927,0.214598,0,0,7.219898,4.127366,0,0.2258927,-0.2258927,6.91252,49.37504,0.02274222,0.2360578,0,0,4.127366
3/23/2007 6:00:00 AM,0.007498322,0,-90.46351,90,0,0,0.02215089,0.02215089,0,0,0,0.02215089,0,0,0,0,0,0.02331672,0.02215089,0,0,7.47089,3.901474,0,0.02331672,-0.02331672,6.887942,49.19949,0.02274222,0.02436598,0,0,3.901474
3/23/2007 7:00:00 AM,0.09947668,11.89398,-88.08469,77.95499,0.09923682,0.4453749,0,0,0,0,0,0,0,0,0,0,0.4453749,0,0,0,0,7.496797,3.878157,0.4453749,0,0.4453749,7.310462,52.21748,0.02272532,0,0.3562999,0,4.323532
3/23/2007 8:00:00 AM,0.08486029,26.68414,-85.42558,62.95499,0.08446632,0.3790849,0.5808706,0.5808706,0,0,0,0.5808706,65.26149,0,0,0,0.3790849,0.6114428,0.5808706,0,0,7.051422,4.278994,0,0.2323579,-0.2323579,7.065535,50.46801,0.02272532,0.6389577,0.3032679,0,4.658079
3/23/2007 9:00:00 AM,0.2124323,41.40967,-81.95533,47.95499,0.2115032,0.9492265,0,0,0,-1,0,0,0,0,0,0,0.9492265,0,0,0,0,7.309597,4.046636,0.9492265,0,0.9492265,7.96605,56.90024,0.02268938,0,0.7593812,0,4.995863
3/23/2007 10:00:00 AM,0.4346158,55.96843,-76.40972,32.95499,0.4339885,1.947741,1.793246,1.793246,0,0,0,1.793246,108.6154,0,0,0,1.947741,1.887627,1.793246,0,0,6.360371,4.90094,0.06011352,0,0.06011352,8.023079,57.30759,0.02268711,1.97257,1.558192,0,6.84868
3/23/2007 11:00:00 AM,0.451918,69.97505,-64.19009,17.95499,0.4508127,2.023247,1.747762,1.747762,0,0,0,1.747762,115.7622,0,0,0,2.023247,1.83975,1.747762,0,0,6.300258,4.955042,0.1834976,0,0.1834976,8.19716,58.55103,0.02268018,1.922539,1.618598,0,6.97829
3/23/2007 12:00:00 PM,0.3972127,80.51528,-18.23052,2.955025,0.3957316,1.776044,1.230571,1.230571,0,0,0,1.230571,144.3268,0,0,0,1.776044,1.295338,1.230571,0,0,6.11676,5.12019,0.4807056,0,0.4807056,8.653197,61.80843,0.02266204,1.353628,1.420835,0,6.896234
3/23/2007 1:00:00 PM,0.6769034,74.99402,53.70347,12.04502,0.6797632,3.050777,2.160345,2.160345,0,0,0,2.160345,141.2171,0,0,0,3.050777,2.274048,2.160345,0,0,5.636055,5.552825,0.7767293,0,0.7767293,9.390067,67.07178,0.02263279,2.37638,2.440622,0,8.603602
3/23/2007 2:00:00 PM,0.4040722,61.59941,72.93418,27.04502,0.4029132,1.808274,0.4388807,0.4388807,0,-1,0,0.4388807,412.0195,0,0,0,1.808274,0.4619797,0.4388807,0,0,4.859325,6.251882,1.346295,0,1.346295,10.66727,76.19466,0.02258226,0.4827688,1.446619,0,8.060156
3/23/2007 3:00:00 PM,0.2898404,47.17575,80.14146,42.04502,0.2887342,1.295839,0.8599812,0.8599812,0,0,0,0.8599812,150.6823,0,0,0,1.295839,0.9052434,0.8599812,0,0,3.513031,7.463547,0.3905957,0,0.3905957,11.03783,78.84146,0.02256765,0.9459793,1.036671,0,8.759386
3/23/2007 4:00:00 PM,0.08309316,32.49717,84.19859,57.04502,0.08270262,0.3711694,0.279292,0.279292,0,0,0,0.279292,132.8965,0,0,0,0.3711694,0.2939916,0.279292,0,0,3.122435,7.815083,0.0771778,0,0.0771778,11.11104,79.36443,0.02256476,0.3072212,0.2969355,0,8.186252
3/23/2007 5:00:00 PM,0.09349261,17.7257,87.09268,72.04501,0.09307922,0.4177396,1.104953,1.104953,0,0,0,1.104953,37.8061,0,0,0,0.4177396,1.163108,1.104953,0,0,3.045257,7.884543,0,0.7453685,-0.7453685,10.32536,73.7524,0.02256476,1.215448,0.3341917,0,8.302282
3/23/2007 6:00:00 PM,0.04661082,2.918438,89.53649,87.04501,0.04687663,0.2103823,0.8776451,0.8776451,0,0,0,0.8776451,23.97123,0,0,0,0.2103823,0.9238369,0.8776451,0,0,3.873444,7.139174,0,0.7134547,-0.7134547,9.573309,68.38064,0.02256476,0.9654096,0.1683058,0,7.349556
3/23/2007 7:00:00 PM,0,0,91.91531,90,0,0,0.4359,0.4359,0,-1,0,0.4359,0,0,5.551115E-17,0,0,0.4588421,0.4359,0,0,4.666172,6.42572,0,0.4588421,-0.4588421,9.089646,64.92592,0.02256476,0.47949,0,0,6.42572
3/23/2007 8:00:00 PM,0,0,94.57442,90,0,0,1.224108,1.224108,0,-1,0,1.224108,0,0,0,0,0,1.288534,1.224108,0,0,5.175996,5.966877,0,1.288534,-1.288534,7.731412,55.22426,0.02256476,1.346518,0,0,5.966877
3/23/2007 9:00:00 PM,0,0,98.04467,90,0,0,0.8781164,0.8781164,0,-1,0,0.8781164,0,0,1.110223E-16,0,0,0.924333,0.8781164,0,0,6.607701,4.678343,0,0.924333,-0.924333,6.75708,48.26476,0.02256476,0.965928,0,0,4.678343
3/23/2007 10:00:00 PM,0,0,103.5903,90,0,0,0.273908,0.273908,0,-1,0,0.273908,0,0,0,0,0,0.2883242,0.273908,0,0,7.634738,3.75401,0,0.2883242,-0.2883242,6.453159,46.0939,0.02256476,0.3012988,0,0,3.75401
3/23/2007 11:00:00 PM,0,0,115.8099,90,0,0,0.545382,0.545382,0,-1,0,0.545382,0,0,1.110223E-16,0,0,0.5740864,0.545382,0,0,7.955098,3.465686,0,0.5740864,-0.5740864,5.848019,41.77148,0.02256476,0.5999203,0,0,3.465686
3/24/2007 12:00:00 AM,0,0,162.9326,90,0,0,0.2113694,0.2113694,0,-1,0,0.2113694,0,0,2.775558E-17,0,0,0.2224941,0.2113694,0,0,8.592972,2.8916,0,0.2224941,-0.2224941,5.61349,40.09628,0.02256476,0.2325064,0,0,2.8916
3/24/2007 1:00:00 AM,0,0,-127.3344,90,0,0,0.1332946,0.1332946,0,-1,0,0.1332946,0,0,2.775558E-17,0,0,0.1403101,0.1332946,0,0,8.840187,2.669106,0,0.1403101,-0.1403101,5.46559,39.03985,0.02256476,0.1466241,0,0,2.669106
3/24/2007 2:00:00 AM,0,0,-107.8081,90,0,0,0.1669311,0.1669311,0,-1,0,0.1669311,0,0,2.775558E-17,0,0,0.1757169,0.1669311,0,0,8.996088,2.528795,0,0.1757169,-0.1757169,5.280368,37.71684,0.02256476,0.1836242,0,0,2.528795
3/24/2007 3:00:00 AM,0,0,-100.4081,90,0,0,0,0,0,-1,0,0,0,0,0,0,0,0,0,0,0,9.191329,2.353078,0,0,0,5.280368,37.71684,0.02256476,0,0,0,2.353078
3/24/2007 4:00:00 AM,0,0,-96.25373,90,0,0,0.02097556,0.02097556,0,-1,0,0.02097556,0,0,0,0,0,0.02207953,0.02097556,0,0,9.191329,2.353078,0,0.02207953,-0.02207953,5.257094,37.5506,0.02256476,0.02307311,0,0,2.353078
3/24/2007 5:00:00 AM,0,0,-93.31152,90,0,0,0,0,0,0,0,0,0,0,0,0,0,0,0,0,0,9.215861,2.330999,0,0,0,5.257094,37.5506,0.02256476,0,0,0,2.330999
3/24/2007 6:00:00 AM,0.002493728,0,-90.85038,90,0,0,0.1866514,0.1866514,0,0,0,0.1866514,0,0,2.775558E-17,0,0,0.1964751,0.1866514,0,0,9.215861,2.330999,0,0.1964751,-0.1964751,5.049991,36.07129,0.02256476,0.2053165,0,0,2.330999
3/24/2007 7:00:00 AM,0.1333434,12.03534,-88.47932,77.8774,0.1333562,0.5985027,0.08439217,0.08439217,0,0,0,0.08439217,709.1922,0,0,0,0.5985027,0.08883386,0.08439217,0,0,9.434167,2.134524,0.5096688,0,0.5096688,5.533505,39.52496,0.02254573,0.09283139,0.4788021,0,2.733027
3/24/2007 8:00:00 AM,0.253758,26.83108,-85.85558,62.87784,0.253507,1.137739,0,0,0,0,0,0,0,0,0,0,1.137739,0,0,0,0,8.924499,2.593226,1.137739,0,1.137739,6.61286,47.23462,0.02250334,0,0.9101915,0,3.730965
3/24/2007 9:00:00 AM,0.3171498,41.56918,-82.46117,47.87842,0.3162896,1.419508,0.1026238,0.1026238,0,-1,0,0.1026238,1383.215,0,0,0,1.419508,0.108025,0.1026238,0,0,7.786759,3.617191,1.311483,0,1.311483,7.857041,56.12161,0.02245468,0.1128861,1.135606,0,5.036699
3/24/2007 10:00:00 AM,0.5600899,56.1546,-77.06627,32.87939,0.5616066,2.52049,0.7376976,0.7376976,0,0,0,0.7376976,341.6699,0,0,0,2.52049,0.7765238,0.7376976,0,0,6.475276,4.797525,1.743967,0,1.743967,9.511514,67.93925,0.02239031,0.8114673,2.016392,0,7.318016
3/24/2007 11:00:00 AM,0.713626,70.22661,-65.14548,17.88176,0.7176097,3.220632,1.118024,1.118024,0,0,0,1.118024,288.0647,0,0,0,3.220632,1.176867,1.118024,0,0,4.73131,6.367095,2.043765,0,2.043765,11.4504,81.7884,0.02231533,1.229826,2.576506,0,9.587728
3/24/2007 12:00:00 PM,0.7515272,80.92314,-18.55089,2.907317,0.7558143,3.392094,0.5686297,0.5686297,0,0,0,0.5686297,596.5383,0.1059921,0,0,3.392094,0.5985576,0.5686297,0,0,2.687545,8.206484,2.687545,0,2.687545,14.00003,100,0.0222175,0.6254927,2.713675,0,11.59858
3/24/2007 1:00:00 PM,0.8039486,75.17179,55.14358,12.13015,0.8102602,3.636448,0,0,0,0,0,0,0,3.636448,0,0,3.636448,0,0,0,0,0,10.62527,0,0,0,14.00003,100,0.0222175,0,2.909158,0,14.26172
3/24/2007 2:00:00 PM,0.3690186,61.65609,73.79108,27.12603,0.3676895,1.65019,1.284918,1.284918,0,-1,0,1.284918,128.4277,0.297645,0,0,1.65019,1.352545,1.284918,0,0,0,10.62527,0,0,0,14.00003,100,0.0222175,1.41341,1.320152,0,12.27546
3/24/2007 3:00:00 PM,0.3215436,47.19133,80.74593,42.12474,0.3204638,1.438242,1.833805,1.833805,0,0,0,1.833805,78.42935,0,0,0,1.438242,1.930321,1.833805,0,0,0,10.62527,0,0.4920799,-0.4920799,13.48133,96.29502,0.0222175,2.017186,1.150593,0,12.06352
3/24/2007 4:00:00 PM,0.4671325,32.4946,84.68601,57.12406,0.4709293,2.113531,1.722164,1.722164,0,0,0,1.722164,122.7253,0,0,0,2.113531,1.812804,1.722164,0,0,0.5467554,10.13319,0.3007262,0,0.3007262,13.76662,98.33283,0.0222066,1.894381,1.690824,0,12.24673
3/24/2007 5:00:00 PM,0.1404272,17.71471,87.52412,72.12358,0.1399751,0.6282083,0,0,0,0,0,0,0,0.3821791,0,0,0.6282083,0,0,0,0,0.2460292,10.40385,0.2460292,0,0.2460292,14.00003,100,0.0221977,0,0.5025666,0,11.03206
3/24/2007 6:00:00 PM,0.04575118,2.904679,89.94791,87.12319,0.04544707,0.2039665,0,0,0,0,0,0,0,0.2039665,0,0,0.2039665,0,0,0,0,0,10.62527,0,0,0,14.00003,100,0.0221977,0,0.1631732,0,10.82924
3/24/2007 7:00:00 PM,0,0,92.33528,90,0,0,1.062162,1.062162,0,-1,0,1.062162,0,0,2.220446E-16,0,0,1.118066,1.062162,0,0,0,10.62527,0,1.118066,-1.118066,12.82148,91.58184,0.0221977,1.168379,0,0,10.62527
3/24/2007 8:00:00 PM,0,0,95.03452,90,0,0,1.860774,1.860774,0,-1,0,1.860774,0,0,2.220446E-16,0,0,1.958709,1.860774,0,0,1.242295,9.507209,0,1.958709,-1.958709,10.75682,76.83429,0.0221977,2.046851,0,0,9.507209
3/24/2007 9:00:00 PM,0,0,98.59265,90,0,0,1.885163,1.885163,0,-1,0,1.885163,0,0,2.220446E-16,0,0,1.984382,1.885163,0,0,3.418639,7.548499,0,1.984382,-1.984382,8.665099,61.89344,0.0221977,2.07368,0,0,7.548499
3/24/2007 10:00:00 PM,0,0,104.321,90,0,0,0.1529129,0.1529129,0,-1,0,0.1529129,0,0,2.775558E-17,0,0,0.1609609,0.1529129,0,0,5.623508,5.564116,0,0.1609609,-0.1609609,8.495432,60.68153,0.0221977,0.1682042,0,0,5.564116
3/24/2007 11:00:00 PM,0,0,116.9558,90,0,0,0,0,0,-1,0,0,0,0,0,0,0,0,0,0,0,5.802354,5.403156,0,0,0,8.495432,60.68153,0.0221977,0,0,0,5.403156
3/25/2007 12:00:00 AM,0,0,164.0165,90,0,0,0.376508,0.376508,0,-1,0,0.376508,0,0,5.551115E-17,0,0,0.3963242,0.376508,0,0,5.802354,5.403156,0,0.3963242,-0.3963242,8.077669,57.69752,0.0221977,0.4141588,0,0,5.403156
3/25/2007 1:00:00 AM,0,0,-128.3302,90,0,0,0.379995,0.379995,0,-1,0,0.379995,0,0,5.551115E-17,0,0,0.3999948,0.379995,0,0,6.242714,5.006832,0,0.3999948,-0.3999948,7.656038,54.68587,0.0221977,0.4179945,0,0,5.006832
3/25/2007 2:00:00 AM,0,0,-108.5398,90,0,0,0,0,0,-1,0,0,0,0,0,0,0,0,0,0,0,6.687153,4.606837,0,0,0,7.656038,54.68587,0.0221977,0,0,0,4.606837
3/25/2007 3:00:00 AM,0,0,-100.9539,90,0,0,0.1880844,0.1880844,0,-1,0,0.1880844,0,0,2.775558E-17,0,0,0.1979836,0.1880844,0,0,6.687153,4.606837,0,0.1979836,-0.1979836,7.447345,53.19521,0.0221977,0.2068929,0,0,4.606837
3/25/2007 4:00:00 AM,0,0,-96.70425,90,0,0,0.4204235,0.4204235,0,-1,0,0.4204235,0,0,0,0,0,0.4425511,0.4204235,0,0,6.907135,4.408853,0,0.4425511,-0.4425511,6.980855,49.86315,0.0221977,0.4624659,0,0,4.408853
3/25/2007 5:00:00 AM,0,0,-93.71486,90,0,0,0.06995139,0.06995139,0,0,0,0.06995139,0,0,0,0,0,0.07363304,0.06995139,0,0,7.398858,3.966302,0,0.07363304,-0.07363304,6.903239,49.30875,0.0221977,0.07694652,0,0,3.966302
3/25/2007 6:00:00 AM,0.01115391,0,-91.23695,90,0,0,0.1650475,0.1650475,0,0,0,0.1650475,0,0,2.775558E-17,0,0,0.1737342,0.1650475,0,0,7.480672,3.892669,0,0.1737342,-0.1737342,6.720107,48.00067,0.0221977,0.1815523,0,0,3.892669
3/25/2007 7:00:00 AM,0.1710421,12.17668,-88.87415,77.79989,0.1711682,0.7682031,1.529615,1.529615,0,0,0,1.529615,50.22199,0,2.220446E-16,0,0.7682031,1.610121,1.529615,0,0,7.67371,3.718935,0,0.8419179,-0.8419179,5.832648,41.66169,0.0221977,1.682576,0.6145625,0,4.487138
3/25/2007 8:00:00 AM,0.3946222,26.97724,-86.28647,62.8016,0.396956,1.781539,0.2143956,0.2143956,0,0,0,0.2143956,830.9587,0,0,0,1.781539,0.2256795,0.2143956,0,0,8.609175,2.877017,1.555859,0,1.555859,7.308665,52.20465,0.02214155,0.2358351,1.425231,0,4.658556
3/25/2007 9:00:00 AM,0.7755276,41.72699,-82.96919,47.80388,0.7830311,3.514244,2.225803,2.225803,0,-1,0,2.225803,157.8865,0,0,0,3.514244,2.342951,2.225803,0,0,7.053316,4.27729,1.171293,0,1.171293,8.419851,60.14167,0.02209947,2.448384,2.811395,0,7.791533
3/25/2007 10:00:00 AM,0.8018008,56.33776,-77.72868,32.80766,0.8092831,3.632063,0.4596933,0.4596933,0,0,0,0.4596933,790.1057,0,0,0,3.632063,0.4838877,0.4596933,0,0,5.882023,5.331453,3.148175,0,3.148175,11.40647,81.47464,0.02198715,0.5056626,2.90565,0,8.963516
3/25/2007 11:00:00 AM,0.2975715,70.47341,-66.12323,17.81685,0.2962455,1.32955,1.520996,1.520996,0,0,0,1.520996,87.41312,0,2.220446E-16,0,1.32955,1.601048,1.520996,0,0,2.733848,8.164811,0,0.2714983,-0.2714983,11.12029,79.43047,0.02198715,1.673095,1.06364,0,9.494361
3/25/2007 12:00:00 PM,0.6971507,81.33076,-18.8974,2.916723,0.699448,3.139122,1.124019,1.124019,0,0,0,1.124019,279.2767,0,0,0,3.139122,1.183178,1.124019,0,0,3.035513,7.893313,1.955945,0,1.955945,12.97586,92.68453,0.02191794,1.236421,2.511298,0,11.03244
3/25/2007 1:00:00 PM,0.9078417,75.33987,56.61779,12.22886,0.9162861,4.112292,0.8715374,0.8715374,0,0,0,0.8715374,471.8434,2.115316,0,0,4.112292,0.9174078,0.8715374,0,0,1.079568,9.653663,1.079568,0,1.079568,14.00003,100,0.02187993,0.9586912,3.289834,0,13.76595
3/25/2007 2:00:00 PM,0.6936227,61.70685,74.65109,27.2131,0.6975468,3.13059,0.356756,0.356756,0,-1,0,0.356756,877.5158,2.755057,0,0,3.13059,0.3755326,0.356756,0,0,0,10.62527,0,0,0,14.00003,100,0.02187993,0.3924316,2.504472,0,13.75586
3/25/2007 3:00:00 PM,0.5716242,47.20317,81.35072,42.20816,0.5745296,2.578489,0.9647935,0.9647935,0,0,0,0.9647935,267.2581,1.562917,0,0,2.578489,1.015572,0.9647935,0,0,0,10.62527,0,0,0,14.00003,100,0.02187993,1.061273,2.062791,0,13.20376
3/25/2007 4:00:00 PM,0.2302404,32.48959,85.17338,57.20549,0.2293883,1.029495,0.8479836,0.8479836,0,0,0,0.8479836,121.405,0.1368803,0,0,1.029495,0.8926143,0.8479836,0,0,0,10.62527,0,0,0,14.00003,100,0.02187993,0.9327819,0.8235957,0,11.65477
3/25/2007 5:00:00 PM,0.2006011,17.70222,87.95548,72.20362,0.2005608,0.900117,1.53188,1.53188,0,0,0,1.53188,58.75898,0,2.220446E-16,0,0.900117,1.612505,1.53188,0,0,0,10.62527,0,0.712388,-0.712388,13.24911,94.63628,0.02187993,1.685068,0.7200935,0,11.52539
3/25/2007 6:00:00 PM,0.03595133,2.890207,90.35929,87.20206,0.03554181,0.1595116,1.736476,1.736476,0,0,0,1.736476,9.185942,0,0,0,0.1595116,1.827869,1.736476,0,0,0.7915423,9.912887,0,1.668357,-1.668357,11.4905,82.07485,0.02187993,1.910123,0.1276093,0,10.0724
3/25/2007 7:00:00 PM,0,0,92.75526,90,0,0,1.405621,1.405621,0,-1,0,1.405621,0,0,0,0,0,1.479601,1.405621,0,0,2.645273,8.244529,0,1.479601,-1.479601,9.930865,70.93462,0.02187993,1.546183,0,0,8.244529
3/25/2007 8:00:00 PM,0,0,95.49464,90,0,0,2.617562,2.617562,0,-1,0,2.617562,0,0,4.440892E-16,0,0,2.755329,2.617562,0,0,4.289274,6.764928,0,2.755329,-2.755329,7.026495,50.18914,0.02187993,2.879318,0,0,6.764928
3/25/2007 9:00:00 PM,0,0,99.14046,90,0,0,1.23138,1.23138,0,-1,0,1.23138,0,0,0,0,0,1.296189,1.23138,0,0,7.35075,4.009599,0,1.296189,-1.296189,5.660191,40.42985,0.02187993,1.354518,0,0,4.009599
3/25/2007 10:00:00 PM,0,0,105.0501,90,0,0,0.08949398,0.08949398,0,-1,0,0.08949398,0,0,1.387779E-17,0,0,0.09420419,0.08949398,0,0,8.79096,2.71341,0,0.09420419,-0.09420419,5.560891,39.72057,0.02187993,0.09844338,0,0,2.71341
3/25/2007 11:00:00 PM,0,0,118.0888,90,0,0,0.3329406,0.3329406,0,-1,0,0.3329406,0,0,5.551115E-17,0,0,0.3504638,0.3329406,0,0,8.895632,2.619206,0,0.3504638,-0.3504638,5.19147,37.08185,0.02187993,0.3662347,0,0,2.619206
3/26/2007 12:00:00 AM,0,0,165.028,90,0,0,0,0,0,-1,0,0,0,0,0,0,0,0,0,0,0,9.285036,2.268742,0,0,0,5.19147,37.08185,0.02187993,0,0,0,2.268742
3/26/2007 1:00:00 AM,0,0,-129.2858,90,0,0,0.1811535,0.1811535,0,-1,0,0.1811535,0,0,2.775558E-17,0,0,0.1906879,0.1811535,0,0,9.285036,2.268742,0,0.1906879,-0.1906879,4.990467,35.64612,0.02187993,0.1992689,0,0,2.268742
3/26/2007 2:00:00 AM,0,0,-109.2607,90,0,0,0,0,0,-1,0,0,0,0,0,0,0,0,0,0,0,9.496911,2.078054,0,0,0,4.990467,35.64612,0.02187993,0,0,0,2.078054
3/26/2007 3:00:00 AM,0,0,-101.4956,90,0,0,0.1928794,0.1928794,0,-1,0,0.1928794,0,0,2.775558E-17,0,0,0.2030309,0.1928794,0,0,9.496911,2.078054,0,0.2030309,-0.2030309,4.776453,34.11745,0.02187993,0.2121673,0,0,2.078054
3/26/2007 4:00:00 AM,0,0,-97.15285,90,0,0,0,0,0,-1,0,0,0,0,0,0,0,0,0,0,0,9.722502,1.875023,0,0,0,4.776453,34.11745,0.02187993,0,0,0,1.875023
3/26/2007 5:00:00 AM,0,0,-94.11723,90,0,0,0.0001584466,0.0001584466,0,0,0,0.0001584466,0,0,0,0,0,0.0001667859,0.0001584466,0,0,9.722502,1.875023,0,0.0001667859,-0.0001667859,4.776278,34.1162,0.02187993,0.0001742912,0,0,1.875023
3/26/2007 6:00:00 AM,0.004223913,0,-91.62313,90,0,0,0.09579458,0.09579458,0,0,0,0.09579458,0,0,1.387779E-17,0,0,0.1008364,0.09579458,0,0,9.722687,1.874856,0,0.1008364,-0.1008364,4.669987,33.35698,0.02187993,0.105374,0,0,1.874856
3/26/2007 7:00:00 AM,0.05736703,12.31785,-89.26908,77.72253,0.05708974,0.2562188,0.2439286,0.2439286,0,0,0,0.2439286,105.0384,0,0,0,0.2562188,0.2567669,0.2439286,0,0,9.834727,1.77402,0,0.0005481806,-0.0005481806,4.669409,33.35285,0.02187993,0.2683215,0.204975,0,2.030239
3/26/2007 8:00:00 AM,0.2862493,27.12248,-86.71812,62.72638,0.2860027,1.28358,0,0,0,0,0,0,0,0,0,0,1.28358,0,0,0,0,9.835336,1.773472,1.28358,0,1.28358,5.88712,42.05077,0.02183491,0,1.026864,0,3.057052
3/26/2007 9:00:00 AM,0.439194,41.88293,-83.47927,47.73149,0.4395047,1.972497,0,0,0,-1,0,0,0,0,0,0,1.972497,0,0,0,0,8.551756,2.928694,1.972497,0,1.972497,7.758395,55.417,0.02176608,0,1.577998,0,4.901191
3/26/2007 10:00:00 AM,0.5746548,56.51772,-78.3968,32.73992,0.5757933,2.58416,0.335441,0.335441,0,0,0,0.335441,770.377,0,0,0,2.58416,0.3530958,0.335441,0,0,6.579259,4.703941,2.231064,0,2.231064,9.874969,70.53535,0.02168874,0.3689851,2.067328,0,7.288101
3/26/2007 11:00:00 AM,0.5535372,70.71514,-67.12354,17.76046,0.5531859,2.482698,0.4175774,0.4175774,0,0,0,0.4175774,594.5481,0,0,0,2.482698,0.4395551,0.4175774,0,0,4.348195,6.711899,2.043143,0,2.043143,11.81326,84.38029,0.02161841,0.4593351,1.986159,0,9.194597
3/26/2007 12:00:00 PM,0.8523551,81.73796,-19.27437,2.982749,0.8582757,3.851941,0,0,0,0,0,0,0,1.54689,0,0,3.851941,0,0,0,0,2.305051,8.550728,2.305051,0,2.305051,14.00003,100,0.02153959,0,3.081553,0,12.40267
3/26/2007 1:00:00 PM,0.5375366,75.49796,58.12465,12.34071,0.5368,2.409158,0.6482109,0.6482109,0,0,0,0.6482109,371.6627,1.726831,0,0,2.409158,0.6823273,0.6482109,0,0,0,10.62527,0,0,0,14.00003,100,0.02153959,0.7130321,1.927327,0,13.03443
3/26/2007 2:00:00 PM,0.666178,61.75171,75.51358,27.30607,0.6688361,3.001736,2.056733,2.056733,0,-1,0,2.056733,145.9468,0.8367544,0,0,3.001736,2.164982,2.056733,0,0,0,10.62527,0,0,0,14.00003,100,0.02153959,2.262406,2.401389,0,13.62701
3/26/2007 3:00:00 PM,0.3396485,47.21134,81.95553,42.29512,0.338531,1.519327,1.04403,1.04403,0,0,0,1.04403,145.5253,0.4203487,0,0,1.519327,1.098979,1.04403,0,0,0,10.62527,0,0,0,14.00003,100,0.02153959,1.148433,1.215462,0,12.1446
3/26/2007 4:00:00 PM,0.3671594,32.48222,85.66049,57.28918,0.3674625,1.649172,2.150292,2.150292,0,0,0,2.150292,76.69523,0,4.440892E-16,0,1.649172,2.263466,2.150292,0,0,0,10.62527,0,0.6142941,-0.6142941,13.3525,95.37485,0.02153959,2.365322,1.319337,0,12.27445
3/26/2007 5:00:00 PM,0.1415386,17.68831,88.3866,72.285,0.1409762,0.6327012,0.7956847,0.7956847,0,0,0,0.7956847,79.51657,0,0,0,0.6327012,0.8375629,0.7956847,0,0,0.682549,10.01098,0,0.2048617,-0.2048617,13.13656,93.8324,0.02153959,0.8752531,0.5061609,0,10.64368
3/26/2007 6:00:00 PM,0.0395239,2.87511,90.77049,87.28151,0.03864972,0.17346,1.88997,1.88997,0,0,0,1.88997,9.177919,0,0,0,0.17346,1.989442,1.88997,0,0,0.9101731,9.806118,0,1.815982,-1.815982,11.22235,80.15947,0.02153959,2.078967,0.138768,0,9.979578
3/26/2007 7:00:00 PM,0,0,93.1751,90,0,0,0.8787751,0.8787751,0,-1,0,0.8787751,0,0,0,0,0,0.9250264,0.8787751,0,0,2.927931,7.990136,0,0.9250264,-0.9250264,10.24728,73.19475,0.02153959,0.9666526,0,0,7.990136
3/26/2007 8:00:00 PM,0,0,95.95461,90,0,0,0.9161698,0.9161698,0,-1,0,0.9161698,0,0,1.110223E-16,0,0,0.9643893,0.9161698,0,0,3.955739,7.06511,0,0.9643893,-0.9643893,9.230729,65.93365,0.02153959,1.007787,0,0,7.06511
3/26/2007 9:00:00 PM,0,0,99.68787,90,0,0,0.1677352,0.1677352,0,-1,0,0.1677352,0,0,2.775558E-17,0,0,0.1765634,0.1677352,0,0,5.027282,6.10072,0,0.1765634,-0.1765634,9.044616,64.60426,0.02153959,0.1845087,0,0,6.10072
3/26/2007 10:00:00 PM,0,0,105.7774,90,0,0,0.3566088,0.3566088,0,-1,0,0.3566088,0,0,5.551115E-17,0,0,0.3753777,0.3566088,0,0,5.223464,5.924157,0,0.3753777,-0.3753777,8.648932,61.77797,0.02153959,0.3922697,0,0,5.924157
3/26/2007 11:00:00 PM,0,0,119.2081,90,0,0,0.09004941,0.09004941,0,-1,0,0.09004941,0,0,1.387779E-17,0,0,0.09478885,0.09004941,0,0,5.64055,5.548779,0,0.09478885,-0.09478885,8.549016,61.06428,0.02153959,0.09905435,0,0,5.548779
3/27/2007 12:00:00 AM,0,0,165.9732,90,0,0,0.3979938,0.3979938,0,-1,0,0.3979938,0,0,5.551115E-17,0,0,0.4189408,0.3979938,0,0,5.745871,5.45399,0,0.4189408,-0.4189408,8.107414,57.90998,0.02153959,0.4377932,0,0,5.45399
3/27/2007 1:00:00 AM,0,0,-130.203,90,0,0,0.4249332,0.4249332,0,-1,0,0.4249332,0,0,5.551115E-17,0,0,0.4472981,0.4249332,0,0,6.21136,5.035049,0,0.4472981,-0.4472981,7.635921,54.54218,0.02153959,0.4674265,0,0,5.035049
3/27/2007 2:00:00 AM,0,0,-109.9709,90,0,0,0.4671845,0.4671845,0,-1,0,0.4671845,0,0,5.551115E-17,0,0,0.4917732,0.4671845,0,0,6.708359,4.587751,0,0.4917732,-0.4917732,7.117546,50.83951,0.02153959,0.513903,0,0,4.587751
3/27/2007 3:00:00 AM,0,0,-102.0331,90,0,0,0.2291603,0.2291603,0,-1,0,0.2291603,0,0,2.775558E-17,0,0,0.2412214,0.2291603,0,0,7.254773,4.095978,0,0.2412214,-0.2412214,6.863276,49.0233,0.02153959,0.2520764,0,0,4.095978
3/27/2007 4:00:00 AM,0,0,-97.59942,90,0,0,0.04854636,0.04854636,0,-1,0,0.04854636,0,0,6.938894E-18,0,0,0.05110143,0.04854636,0,0,7.522797,3.854757,0,0.05110143,-0.05110143,6.809411,48.63855,0.02153959,0.053401,0,0,3.854757
3/27/2007 5:00:00 AM,0,0,-94.51852,90,0,0,0.08602446,0.08602446,0,0,0,0.08602446,0,0,1.387779E-17,0,0,0.09055206,0.08602446,0,0,7.579576,3.803656,0,0.09055206,-0.09055206,6.71396,47.95676,0.02153959,0.0946269,0,0,3.803656
3/27/2007 6:00:00 AM,0.0001823233,0,-92.00882,90,0,0,0.2474996,0.2474996,0,0,0,0.2474996,0,0,2.775558E-17,0,0,0.2605259,0.2474996,0,0,7.68019,3.713104,0,0.2605259,-0.2605259,6.439342,45.99521,0.02153959,0.2722496,0,0,3.713104
3/27/2007 7:00:00 AM,0.03317993,12.45873,-89.66403,77.64547,0.03301622,0.1481768,1.208566,1.208566,0,0,0,1.208566,12.26055,0,2.220446E-16,0,0.1481768,1.272175,1.208566,0,0,7.969663,3.452578,0,1.123998,-1.123998,5.254544,37.53238,0.02153959,1.329422,0.1185414,0,3.600754
3/27/2007 8:00:00 AM,0.07182652,27.26668,-87.15044,62.65229,0.07148116,0.3208075,1.617239,1.617239,0,0,0,1.617239,19.83674,0,2.220446E-16,0,0.3208075,1.702357,1.617239,0,0,9.21855,2.32858,0,1.381549,-1.381549,3.798263,27.1304,0.02153959,1.778963,0.256646,0,2.649387
3/27/2007 9:00:00 AM,0.2090088,42.03688,-83.99127,47.66134,0.208052,0.9337372,0.4119212,0.4119212,0,-1,0,0.4119212,226.6786,0,0,0,0.9337372,0.4336013,0.4119212,0,0,10.7536,0.9470303,0.500136,0,0.500136,4.272734,30.51947,0.02152257,0.4531133,0.7469898,0,1.880768
3/27/2007 10:00:00 AM,0.1330504,56.69431,-79.07046,32.6763,0.1324178,0.5942909,0.7243381,0.7243381,0,0,0,0.7243381,82.04607,0,0,0,0.5942909,0.7624611,0.7243381,0,0,10.25347,1.397153,0,0.1681702,-0.1681702,4.095467,29.25328,0.02152257,0.7967719,0.4754328,0,1.991444
3/27/2007 11:00:00 AM,0.4528418,70.95146,-68.14657,17.71277,0.4514553,2.026132,1.321064,1.321064,0,0,0,1.321064,153.3712,0,0,0,2.026132,1.390594,1.321064,0,0,10.44032,1.228982,0.6355376,0,0.6355376,4.698391,33.55987,0.02150098,1.453171,1.620905,0,3.255114
3/27/2007 12:00:00 PM,0.1414206,82.14454,-19.68692,3.101751,0.1407466,0.6316707,0.7823884,0.7823884,0,0,0,0.7823884,80.73621,0,0,0,0.6316707,0.8235668,0.7823884,0,0,9.804787,1.800966,0,0.1918961,-0.1918961,4.496115,32.11504,0.02150098,0.8606273,0.5053366,0,2.432637
3/27/2007 1:00:00 PM,0.05094419,75.64576,59.66247,12.4652,0.05069555,0.2275216,0,0,0,0,0,0,0,0,0,0,0.2275216,0,0,0,0,10.018,1.60907,0.2275216,0,0.2275216,4.711961,33.6568,0.02149326,0,0.1820173,0,1.836592
3/27/2007 2:00:00 PM,0.06595791,61.79071,76.37791,27.40476,0.06563769,0.2945819,0.9105854,0.9105854,0,-1,0,0.9105854,32.35083,0,1.110223E-16,0,0.2945819,0.9585109,0.9105854,0,0,9.790483,1.81384,0,0.663929,-0.663929,4.012118,28.65793,0.02149326,1.001644,0.2356656,0,2.108422
3/27/2007 3:00:00 PM,0.03058268,47.21593,82.56007,42.3855,0.03043287,0.1365827,0.4170631,0.4170631,0,0,0,0.4170631,32.74869,5.551115E-17,0,0,0.1365827,0.4390138,0.4170631,0,0,10.52818,1.149911,0,0.3024311,-0.3024311,3.693328,26.38086,0.02149326,0.4587695,0.1092662,0,1.286494
3/27/2007 4:00:00 PM,0.06799591,32.47258,86.14717,57.37502,0.06766808,0.3036943,1.260713,1.260713,4.581686,0,1.4158,1.260713,24.0891,0,0,0,0.3036943,0,0,3.320973,3.154924,10.86422,0.8474797,3.458618,0,3.458618,6.974461,49.81748,0.02296278,1.386784,0.2429555,5,1.151174
3/27/2007 5:00:00 PM,0.09074304,17.67307,88.81734,72.36763,0.09030763,0.4053006,0,0,3.505263,0,1.121937,0,0,0,0,0,0.4053006,0,0,3.505263,3.33,7.405598,3.960236,3.735301,0,3.735301,10.51808,75.12898,0.0238964,0,0.3242405,5,4.365537
3/27/2007 6:00:00 PM,0.03851965,2.859478,91.18138,87.36143,0.03742157,0.167948,1.117233,1.117233,4.622497,0,1.426942,1.117233,15.03249,4.440892E-16,0,0,0.167948,0,0,3.505263,3.33,3.670297,7.322007,3.497948,0,3.497948,13.83652,98.83212,0.02535428,1.228957,0.1343584,5,7.489955
3/27/2007 7:00:00 PM,0,0,93.59469,90,0,0,0.2301638,0.2301638,0,-1,0,0.2301638,0,0,0,0,0,0.2422776,0.2301638,0,0,0.1723491,10.47016,0,0.2422776,-0.2422776,13.58114,97.00795,0.02535428,0.2531801,0,0,10.47016
3/27/2007 8:00:00 PM,0,0,96.41429,90,0,0,0.6368136,0.6368136,0,-1,0,0.6368136,0,0,0,0,0,0.6703301,0.6368136,0,0,0.4415464,10.22788,0,0.6703301,-0.6703301,12.87455,91.96089,0.02535428,0.7004949,0,0,10.22788
3/27/2007 9:00:00 PM,0,0,100.2347,90,0,0,1.591418,1.591418,0,-1,0,1.591418,0,0,2.220446E-16,0,0,1.675177,1.591418,0,0,1.186358,9.557552,0,1.675177,-1.675177,11.10876,79.34811,0.02535428,1.75056,0,0,9.557552
3/27/2007 10:00:00 PM,0,0,106.5024,90,0,0,0.1268121,0.1268121,0,-1,0,0.1268121,0,0,2.775558E-17,0,0,0.1334864,0.1268121,0,0,3.047665,7.882375,0,0.1334864,-0.1334864,10.96805,78.34307,0.02535428,0.1394933,0,0,7.882375
3/27/2007 11:00:00 PM,0,0,120.3129,90,0,0,0.1659758,0.1659758,0,-1,0,0.1659758,0,0,0,0,0,0.1747114,0.1659758,0,0,3.195984,7.748889,0,0.1747114,-0.1747114,10.78389,77.02763,0.02535428,0.1825734,0,0,7.748889
3/28/2007 12:00:00 AM,0,0,166.8576,90,0,0,0,0,0,-1,0,0,0,0,0,0,0,0,0,0,0,3.390107,7.574177,0,0,0,10.78389,77.02763,0.02535428,0,0,0,7.574177
3/28/2007 1:00:00 AM,0,0,-131.0836,90,0,0,0.448877,0.448877,0,-1,0,0.448877,0,0,0,0,0,0.4725022,0.448877,0,0,3.390107,7.574177,0,0.4725022,-0.4725022,10.28583,73.47005,0.02535428,0.4937648,0,0,7.574177
3/28/2007 2:00:00 AM,0,0,-110.6702,90,0,0,0.1306234,0.1306234,0,-1,0,0.1306234,0,0,2.775558E-17,0,0,0.1374984,0.1306234,0,0,3.91511,7.101676,0,0.1374984,-0.1374984,10.14089,72.4348,0.02535428,0.1436858,0,0,7.101676
3/28/2007 3:00:00 AM,0,0,-102.5663,90,0,0,0.2510391,0.2510391,0,-1,0,0.2510391,0,0,0,0,0,0.2642517,0.2510391,0,0,4.067886,6.964177,0,0.2642517,-0.2642517,9.862347,70.44519,0.02535428,0.276143,0,0,6.964177
3/28/2007 4:00:00 AM,0,0,-98.04385,90,0,0,0.1384341,0.1384341,0,-1,0,0.1384341,0,0,0,0,0,0.1457201,0.1384341,0,0,4.361499,6.699925,0,0.1457201,-0.1457201,9.708744,69.34804,0.02535428,0.1522775,0,0,6.699925
3/28/2007 5:00:00 AM,0,0,-94.91866,90,0,0,0.1942586,0.1942586,0,0,0,0.1942586,0,0,2.775558E-17,0,0,0.2044828,0.1942586,0,0,4.52341,6.554205,0,0.2044828,-0.2044828,9.4932,67.80844,0.02535428,0.2136845,0,0,6.554205
3/28/2007 6:00:00 AM,0.01262971,0,-92.39392,90,0,0,0,0,0,0,0,0,0,0,0,0,0,0,0,0,0,4.750613,6.349722,0,0,0,9.4932,67.80844,0.02535428,0,0,0,6.349722
3/28/2007 7:00:00 AM,0.2335235,12.59919,-90.05889,77.56879,0.2308477,1.036044,2.105965,2.105965,0,0,0,2.105965,49.19571,0,0,0,1.036044,2.216805,2.105965,0,0,4.750613,6.349722,0,1.180761,-1.180761,8.248569,58.91824,0.02535428,2.316561,0.8288354,0,7.385767
3/28/2007 8:00:00 AM,0.5266258,27.40969,-87.58331,62.57943,0.5273113,2.366573,2.619138,2.619138,0,0,0,2.619138,90.35692,0,4.440892E-16,0,2.366573,2.756988,2.619138,0,0,6.062569,5.168962,0,0.3904151,-0.3904151,7.837036,55.97872,0.02535428,2.881052,1.893258,0,7.535534
3/28/2007 9:00:00 AM,0.6448741,42.18867,-84.50506,47.59356,0.6476529,2.906666,0.2067264,0.2067264,0,-1,0,0.2067264,1406.045,0,0,0,2.906666,0.2176067,0.2067264,0,0,6.496364,4.778547,2.689059,0,2.689059,10.3881,74.20058,0.02524891,0.227399,2.325333,0,7.685213
3/28/2007 10:00:00 AM,0.9534429,56.86734,-79.74945,32.61691,0.9596329,4.306832,1.744485,1.744485,0,0,0,1.744485,246.8827,0,0,0,4.306832,1.8363,1.744485,0,0,3.807304,7.1987,2.470532,0,2.470532,12.73185,90.94164,0.02515288,1.918934,3.445466,0,11.50553
3/28/2007 11:00:00 AM,1.022952,71.18204,-69.1924,17.6739,1.03027,4.623852,0.7191173,0.7191173,0,0,0,0.7191173,642.9899,2.530114,0,0,4.623852,0.7569656,0.7191173,0,0,1.336772,9.422179,1.336772,0,1.336772,14.00003,100,0.02510121,0.791029,3.699082,0,14.04603
3/28/2007 12:00:00 PM,0.9578449,82.55031,-20.14128,3.26785,0.9643148,4.327845,1.567163,1.567163,0,0,0,1.567163,276.1579,2.678199,0,0,4.327845,1.649646,1.567163,0,0,0,10.62527,0,0,0,14.00003,100,0.02510121,1.72388,3.462276,0,14.95312
3/28/2007 1:00:00 PM,1.039322,75.78302,61.22931,12.60181,1.046878,4.698388,2.504961,2.504961,0,0,0,2.504961,187.5633,2.061586,0,0,4.698388,2.636801,2.504961,0,0,0,10.62527,0,0,0,14.00003,100,0.02510121,2.755458,3.75871,0,15.32366
3/28/2007 2:00:00 PM,1.008852,61.82392,77.24344,27.50897,1.015728,4.558589,0.5229847,0.5229847,0,-1,0,0.5229847,871.6486,4.008079,0,0,4.558589,0.5505103,0.5229847,0,0,0,10.62527,0,0,0,14.00003,100,0.02510121,0.5752832,3.646872,0,15.18386
3/28/2007 3:00:00 PM,0.8237532,47.21701,83.16407,42.47915,0.8283504,3.717637,0.6224378,0.6224378,0,0,0,0.6224378,597.2704,3.062439,0,0,3.717637,0.6551977,0.6224378,0,0,0,10.62527,0,0,0,14.00003,100,0.02510121,0.6846816,2.974109,0,14.34291
3/28/2007 4:00:00 PM,0.5175569,32.46077,86.63322,57.46287,0.5188395,2.328552,1.51781,1.51781,0,0,0,1.51781,153.4153,0.7308573,0,0,2.328552,1.597695,1.51781,0,0,0,10.62527,0,0,0,14.00003,100,0.02510121,1.669591,1.862841,0,12.95383
3/28/2007 5:00:00 PM,0.2357787,17.6566,89.24755,72.45138,0.2346802,1.053245,0.2789827,0.2789827,0,0,0,0.2789827,377.5305,0.7595788,0,0,1.053245,0.293666,0.2789827,0,0,0,10.62527,0,0,0,14.00003,100,0.02510121,0.306881,0.8425958,0,11.67852
3/28/2007 6:00:00 PM,0.02863538,2.8434,91.59183,87.44171,0.02820205,0.1265708,0.5530124,0.5530124,0,0,0,0.5530124,22.88751,0,0,0,0.1265708,0.5821183,0.5530124,0,0,0,10.62527,0,0.4555475,-0.4555475,13.51984,96.57008,0.02510121,0.6083136,0.1012566,0,10.75185
3/28/2007 7:00:00 PM,0,0,94.01386,90,0,0,1.98935,1.98935,0,-1,0,1.98935,0,0,2.220446E-16,0,0,2.094052,1.98935,0,0,0.5061639,10.16973,0,2.094052,-2.094052,11.31251,80.8035,0.02510121,2.188285,0,0,10.16973
3/28/2007 8:00:00 PM,0,0,96.87351,90,0,0,2.023582,2.023582,0,-1,0,2.023582,0,0,4.440892E-16,0,0,2.130086,2.023582,0,0,2.832889,8.075674,0,2.130086,-2.130086,9.067205,64.76562,0.02510121,2.22594,0,0,8.075674
3/28/2007 9:00:00 PM,0,0,100.7807,90,0,0,1.332944,1.332944,0,-1,0,1.332944,0,0,2.220446E-16,0,0,1.403099,1.332944,0,0,5.199651,5.945588,0,1.403099,-1.403099,7.58821,54.20139,0.02510121,1.466238,0,0,5.945588
3/28/2007 10:00:00 PM,0,0,107.2248,90,0,0,0.4488937,0.4488937,0,-1,0,0.4488937,0,0,0,0,0,0.4725196,0.4488937,0,0,6.75865,4.542489,0,0.4725196,-0.4725196,7.09013,50.64368,0.02510121,0.493783,0,0,4.542489
3/28/2007 11:00:00 PM,0,0,121.4023,90,0,0,0.3377365,0.3377365,0,-1,0,0.3377365,0,0,0,0,0,0.3555122,0.3377365,0,0,7.283672,4.06997,0,0.3555122,-0.3555122,6.715387,47.96696,0.02510121,0.3715102,0,0,4.06997
3/29/2007 12:00:00 AM,0,0,167.6861,90,0,0,0.327139,0.327139,0,-1,0,0.327139,0,0,0,0,0,0.3443569,0.327139,0,0,7.678685,3.714457,0,0.3443569,-0.3443569,6.352403,45.37422,0.02510121,0.3598529,0,0,3.714457
3/29/2007 1:00:00 AM,0,0,-131.9292,90,0,0,0.01655982,0.01655982,0,-1,0,0.01655982,0,0,0,0,0,0.01743139,0.01655982,0,0,8.061304,3.3701,0,0.01743139,-0.01743139,6.334029,45.24297,0.02510121,0.0182158,0,0,3.3701
3/29/2007 2:00:00 AM,0,0,-111.3586,90,0,0,0.2215242,0.2215242,0,-1,0,0.2215242,0,0,2.775558E-17,0,0,0.2331834,0.2215242,0,0,8.080672,3.352669,0,0.2331834,-0.2331834,6.088232,43.48729,0.02510121,0.2436766,0,0,3.352669
3/29/2007 3:00:00 AM,0,0,-103.0951,90,0,0,0.09317545,0.09317545,0,-1,0,0.09317545,0,0,0,0,0,0.09807942,0.09317545,0,0,8.339765,3.119486,0,0.09807942,-0.09807942,5.984848,42.74883,0.02510121,0.102493,0,0,3.119486
3/29/2007 4:00:00 AM,0,0,-98.48602,90,0,0,0.4335446,0.4335446,0,-1,0,0.4335446,0,0,5.551115E-17,0,0,0.4563628,0.4335446,0,0,8.448742,3.021406,0,0.4563628,-0.4563628,5.503799,39.31277,0.02510121,0.4768991,0,0,3.021406
3/29/2007 5:00:00 AM,0,0,-95.31752,90,0,0,0.4541242,0.4541242,0,0,0,0.4541242,0,0,0,0,0,0.4780255,0.4541242,0,0,8.955812,2.565043,0,0.4780255,-0.4780255,4.999916,35.71361,0.02510121,0.4995366,0,0,2.565043
3/29/2007 6:00:00 AM,0.01728116,0,-92.77835,90,0,0,0,0,0,0,0,0,0,0,0,0,0,0,0,0,0,9.486951,2.087018,0,0,0,4.999916,35.71361,0.02510121,0,0,0,2.087018
3/29/2007 7:00:00 AM,0.2166122,12.7391,-90.45357,77.49261,0.2132533,0.9570809,0.06540488,0.06540488,0,0,0,0.06540488,1463.317,0,0,0,0.9570809,0.06884724,0.06540488,0,0,9.486951,2.087018,0.8882337,0,0.8882337,5.842568,41.73255,0.02506701,0.07194537,0.7656648,0,3.044099
3/29/2007 8:00:00 AM,0.446374,27.5514,-88.0166,62.50792,0.4458593,2.001016,0.9363993,0.9363993,0,0,0,0.9363993,213.6926,0,0,0,2.001016,0.9856835,0.9363993,0,0,8.598718,2.886428,1.015333,0,1.015333,6.805798,48.61274,0.02502801,1.030039,1.600813,0,4.887444
3/29/2007 9:00:00 AM,0.7420376,42.33818,-85.02048,47.52824,0.7445218,3.341414,0,0,0,-1,0,0,0,0,0,0,3.341414,0,0,0,0,7.583385,3.800228,3.341414,0,3.341414,9.97574,71.25515,0.02490055,0,2.673131,0,7.141642
3/29/2007 10:00:00 AM,0.9095409,57.03663,-80.43358,32.56185,0.914261,4.103203,1.168641,1.168641,0,0,0,1.168641,351.109,0,0,0,4.103203,1.230148,1.168641,0,0,4.241971,6.8075,2.873055,0,2.873055,12.70136,90.72382,0.02479199,1.285505,3.282563,0,10.9107
3/29/2007 11:00:00 AM,1.086574,71.40654,-70.26102,17.64399,1.093229,4.90641,0.486986,0.486986,0,0,0,0.486986,1007.505,3.024877,0,0,4.90641,0.5126169,0.486986,0,0,1.368916,9.39325,1.368916,0,1.368916,14.00003,100,0.02474059,0.5356846,3.925128,0,14.29966
3/29/2007 12:00:00 PM,1.035431,82.95505,-20.64502,3.474142,1.041912,4.676103,0,0,0,0,0,0,0,4.676103,0,0,4.676103,0,0,0,0,0,10.62527,0,0,0,14.00003,100,0.02474059,0,3.740882,0,15.30138
3/29/2007 1:00:00 PM,1.005931,75.90949,62.82301,12.74998,1.012056,4.542107,1.262251,1.262251,0,0,0,1.262251,359.8419,3.213422,0,0,4.542107,1.328685,1.262251,0,0,0,10.62527,0,0,0,14.00003,100,0.02474059,1.388476,3.633686,0,15.16738
3/29/2007 2:00:00 PM,0.9438936,61.85141,78.10954,27.61852,0.9491194,4.259648,1.43564,1.43564,0,-1,0,1.43564,296.7071,2.748447,0,0,4.259648,1.511201,1.43564,0,0,0,10.62527,0,0,0,14.00003,100,0.02474059,1.579205,3.407718,0,14.88492
3/29/2007 3:00:00 PM,0.7276704,47.2147,83.76723,42.57594,0.730439,3.27821,0.7763019,0.7763019,0,0,0,0.7763019,422.2855,2.461051,0,0,3.27821,0.8171599,0.7763019,0,0,0,10.62527,0,0,0,14.00003,100,0.02474059,0.8539321,2.622568,0,13.90348
3/29/2007 4:00:00 PM,0.568522,32.44688,87.11846,57.55262,0.5690399,2.553851,0,0,0,0,0,0,0,2.553851,0,0,2.553851,0,0,0,0,0,10.62527,0,0,0,14.00003,100,0.02474059,0,2.043081,0,13.17912
3/29/2007 5:00:00 PM,0.2844441,17.63899,89.67708,72.53613,0.2822046,1.266534,0,0,0,0,0,0,0,1.266534,0,0,1.266534,0,0,0,0,0,10.62527,0,0,0,14.00003,100,0.02474059,0,1.013227,0,11.89181
3/29/2007 6:00:00 PM,0.04989638,2.826963,92.00169,87.52224,0.04562166,0.20475,0.9985929,0.9985929,0,0,0,0.9985929,20.50385,0,0,0,0.20475,1.05115,0.9985929,0,0,0,10.62527,0,0.8464004,-0.8464004,13.10784,93.62727,0.02474059,1.098452,0.1638,0,10.83002
3/29/2007 7:00:00 PM,0,0,94.4325,90,0,0,1.466051,1.466051,0,-1,0,1.466051,0,0,2.220446E-16,0,0,1.543211,1.466051,0,0,0.9404449,9.778873,0,1.543211,-1.543211,11.48116,82.00809,0.02474059,1.612656,0,0,9.778873
3/29/2007 8:00:00 PM,0,0,97.33211,90,0,0,2.368503,2.368503,0,-1,0,2.368503,0,0,4.440892E-16,0,0,2.49316,2.368503,0,0,2.655124,8.235662,0,2.49316,-2.49316,8.853134,63.23655,0.02474059,2.605353,0,0,8.235662
3/29/2007 9:00:00 PM,0,0,101.3256,90,0,0,1.483075,1.483075,0,-1,0,1.483075,0,0,0,0,0,1.561131,1.483075,0,0,5.425303,5.742502,0,1.561131,-1.561131,7.207557,51.48245,0.02474059,1.631382,0,0,5.742502
3/29/2007 10:00:00 PM,0,0,107.9441,90,0,0,0,0,0,-1,0,0,0,0,0,0,0,0,0,0,0,7.159893,4.181371,0,0,0,7.207557,51.48245,0.02474059,0,0,0,4.181371
3/29/2007 11:00:00 PM,0,0,122.4755,90,0,0,0.5221834,0.5221834,0,-1,0,0.5221834,0,0,1.110223E-16,0,0,0.5496668,0.5221834,0,0,7.159893,4.181371,0,0.5496668,-0.5496668,6.628158,47.34389,0.02474059,0.5744017,0,0,4.181371
3/30/2007 12:00:00 AM,0,0,168.4631,90,0,0,0.1904361,0.1904361,0,-1,0,0.1904361,0,0,2.775558E-17,0,0,0.200459,0.1904361,0,0,7.770634,3.631704,0,0.200459,-0.200459,6.416855,45.83459,0.02474059,0.2094797,0,0,3.631704
3/30/2007 1:00:00 AM,0,0,-132.7415,90,0,0,0.1968616,0.1968616,0,-1,0,0.1968616,0,0,0,0,0,0.2072227,0.1968616,0,0,7.993366,3.431245,0,0.2072227,-0.2072227,6.198423,44.27436,0.02474059,0.2165478,0,0,3.431245
3/30/2007 2:00:00 AM,0,0,-112.0361,90,0,0,0.3836083,0.3836083,0,-1,0,0.3836083,0,0,5.551115E-17,0,0,0.4037982,0.3836083,0,0,8.223614,3.224022,0,0.4037982,-0.4037982,5.772782,41.23408,0.02474059,0.4219691,0,0,3.224022
3/30/2007 3:00:00 AM,0,0,-103.6194,90,0,0,0,0,0,-1,0,0,0,0,0,0,0,0,0,0,0,8.672278,2.820224,0,0,0,5.772782,41.23408,0.02474059,0,0,0,2.820224
3/30/2007 4:00:00 AM,0,0,-98.92585,90,0,0,0,0,0,-1,0,0,0,0,0,0,0,0,0,0,0,8.672278,2.820224,0,0,0,5.772782,41.23408,0.02474059,0,0,0,2.820224
3/30/2007 5:00:00 AM,0,0,-95.71503,90,0,0,0.1794195,0.1794195,0,0,0,0.1794195,0,0,2.775558E-17,0,0,0.1888627,0.1794195,0,0,8.672278,2.820224,0,0.1888627,-0.1888627,5.573704,39.81209,0.02474059,0.1973615,0,0,2.820224
3/30/2007 6:00:00 AM,0.0170553,0,-93.16199,90,0,0,0.1861807,0.1861807,0,0,0,0.1861807,0,0,2.775558E-17,0,0,0.1959797,0.1861807,0,0,8.882126,2.631361,0,0.1959797,-0.1959797,5.367123,38.33652,0.02474059,0.2047988,0,0,2.631361
3/30/2007 7:00:00 AM,0.2349826,12.87834,-90.84795,77.41702,0.2302119,1.033191,0.787193,0.787193,0,0,0,0.787193,131.25,0,0,0,1.033191,0.8286242,0.787193,0,0,9.099881,2.435381,0.2045667,0,0.2045667,5.561192,39.72272,0.02473293,0.8659123,0.8265528,0,3.468572
3/30/2007 8:00:00 AM,0.5414281,27.69166,-88.45022,62.43785,0.5397291,2.422304,2.456988,2.456988,0,0,0,2.456988,98.58834,0,0,0,2.422304,2.586304,2.456988,0,0,8.895314,2.619492,0,0.1639995,-0.1639995,5.388321,38.48793,0.02473293,2.702687,1.937843,0,5.041796
3/30/2007 9:00:00 AM,0.7738519,42.48526,-85.53738,47.4655,0.7752813,3.479463,1.028922,1.028922,0,-1,0,1.028922,338.1657,0,0,0,3.479463,1.083076,1.028922,0,0,9.077536,2.455492,2.396386,0,2.396386,7.661733,54.72655,0.02464353,1.131815,2.78357,0,5.934955
3/30/2007 10:00:00 AM,0.8635488,57.20203,-81.1226,32.51124,0.8668541,3.890441,0.452495,0.452495,0,0,0,0.452495,859.7756,0,0,0,3.890441,0.4763105,0.452495,0,0,6.681149,4.61224,3.414131,0,3.414131,10.90066,77.86172,0.02451727,0.4977445,3.112353,0,8.502681
3/30/2007 11:00:00 AM,0.9438847,71.62465,-71.35235,17.62313,0.9482715,4.255842,1.515232,1.515232,0,0,0,1.515232,280.8707,0,0,0,4.255842,1.594981,1.515232,0,0,3.267018,7.684958,2.660861,0,2.660861,13.42498,95.8925,0.02441975,1.666755,3.404674,0,11.9408
3/30/2007 12:00:00 PM,0.9329902,83.35853,-21.20747,3.713729,0.9372121,4.206208,0.2778651,0.2778651,0,0,0,0.2778651,1513.759,3.307561,0,0,4.206208,0.2924896,0.2778651,0,0,0.606157,10.07973,0.606157,0,0.606157,14.00003,100,0.02439765,0.3056517,3.364966,0,14.28594
3/30/2007 1:00:00 PM,0.8625935,76.02499,64.44119,12.90914,0.8658479,3.885926,2.905936,2.905936,0,0,0,2.905936,133.7237,0.8270454,0,0,3.885926,3.05888,2.905936,0,0,0,10.62527,0,0,0,14.00003,100,0.02439765,3.19653,3.10874,0,14.5112
3/30/2007 2:00:00 PM,0.9170853,61.87326,78.97558,27.73319,0.9210083,4.133485,0.2981633,0.2981633,0,-1,0,0.2981633,1386.316,3.819629,0,0,4.133485,0.3138561,0.2981633,0,0,0,10.62527,0,0,0,14.00003,100,0.02439765,0.3279796,3.306788,0,14.75876
3/30/2007 3:00:00 PM,0.7314566,47.20908,84.36928,42.6757,0.7332494,3.290823,0,0,0,0,0,0,0,3.290823,0,0,3.290823,0,0,0,0,0,10.62527,0,0,0,14.00003,100,0.02439765,0,2.632658,0,13.9161
3/30/2007 4:00:00 PM,0.4811202,32.431,87.60271,57.64413,0.4804055,2.15606,0.774462,0.774462,0,0,0,0.774462,278.3945,1.340837,0,0,2.15606,0.8152232,0.774462,0,0,0,10.62527,0,0,0,14.00003,100,0.02439765,0.8519082,1.724848,0,12.78133
3/30/2007 5:00:00 PM,0.3064238,17.62032,90.10579,72.62176,0.3029018,1.359423,0.9739708,0.9739708,0,0,0,0.9739708,139.5753,0.3341908,0,0,1.359423,1.025232,0.9739708,0,0,0,10.62527,0,0,0,14.00003,100,0.02439765,1.071368,1.087538,0,11.9847
3/30/2007 6:00:00 PM,0.04252109,2.810256,92.41084,87.60291,0.03950457,0.1772965,2.016069,2.016069,0,0,0,2.016069,8.794168,0,0,0,0.1772965,2.122178,2.016069,0,0,0,10.62527,0,1.944881,-1.944881,11.94994,85.35657,0.02439765,2.217676,0.1418372,0,10.80257
3/30/2007 7:00:00 PM,0,0,94.85046,90,0,0,0,0,0,-1,0,0,0,0,0,0,0,0,0,0,0,2.160979,8.680393,0,0,0,11.94994,85.35657,0.02439765,0,0,0,8.680393
3/30/2007 8:00:00 PM,0,0,97.78992,90,0,0,1.137256,1.137256,0,-1,0,1.137256,0,0,0,0,0,1.197111,1.137256,0,0,2.160979,8.680393,0,1.197111,-1.197111,10.68808,76.34325,0.02439765,1.250981,0,0,8.680393
3/30/2007 9:00:00 PM,0,0,101.8693,90,0,0,1.337395,1.337395,0,-1,0,1.337395,0,0,2.220446E-16,0,0,1.407784,1.337395,0,0,3.491103,7.483282,0,1.407784,-1.407784,9.204142,65.74374,0.02439765,1.471135,0,0,7.483282
3/30/2007 10:00:00 PM,0,0,108.6599,90,0,0,0.2532276,0.2532276,0,-1,0,0.2532276,0,0,0,0,0,0.2665554,0.2532276,0,0,5.055308,6.075497,0,0.2665554,-0.2665554,8.923168,63.73679,0.02439765,0.2785504,0,0,6.075497
3/30/2007 11:00:00 PM,0,0,123.532,90,0,0,0.3684635,0.3684635,0,-1,0,0.3684635,0,0,5.551115E-17,0,0,0.3878564,0.3684635,0,0,5.35148,5.808942,0,0.3878564,-0.3878564,8.514332,60.81653,0.02439765,0.4053099,0,0,5.808942
3/31/2007 12:00:00 AM,0,0,169.1926,90,0,0,0.09871412,0.09871412,0,-1,0,0.09871412,0,0,1.387779E-17,0,0,0.1039096,0.09871412,0,0,5.782432,5.421085,0,0.1039096,-0.1039096,8.404801,60.03417,0.02439765,0.1085855,0,0,5.421085
3/31/2007 1:00:00 AM,0,0,-133.5222,90,0,0,0.3273403,0.3273403,0,-1,0,0.3273403,0,0,5.551115E-17,0,0,0.3445687,0.3273403,0,0,5.897887,5.317176,0,0.3445687,-0.3445687,8.041594,57.43984,0.02439765,0.3600743,0,0,5.317176
3/31/2007 2:00:00 AM,0,0,-112.7026,90,0,0,0.3472292,0.3472292,0,-1,0,0.3472292,0,0,5.551115E-17,0,0,0.3655044,0.3472292,0,0,6.280741,4.972607,0,0.3655044,-0.3655044,7.656318,54.68788,0.02439765,0.3819521,0,0,4.972607
3/31/2007 3:00:00 AM,0,0,-104.139,90,0,0,0,0,0,-1,0,0,0,0,0,0,0,0,0,0,0,6.686857,4.607103,0,0,0,7.656318,54.68788,0.02439765,0,0,0,4.607103
3/31/2007 4:00:00 AM,0,0,-99.36322,90,0,0,0.3047081,0.3047081,0,-1,0,0.3047081,0,0,5.551115E-17,0,0,0.3207453,0.3047081,0,0,6.686857,4.607103,0,0.3207453,-0.3207453,7.318223,52.27291,0.02439765,0.3351789,0,0,4.607103
3/31/2007 5:00:00 AM,0,0,-96.11107,90,0,0,0.2250137,0.2250137,0,0,0,0.2250137,0,0,2.775558E-17,0,0,0.2368565,0.2250137,0,0,7.043241,4.286357,0,0.2368565,-0.2368565,7.068554,50.48957,0.02439765,0.2475151,0,0,4.286357
3/31/2007 6:00:00 AM,0.01391713,0,-93.54478,90,0,0,0.03244738,0.03244738,0,0,0,0.03244738,0,0,6.938894E-18,0,0,0.03415514,0.03244738,0,0,7.306415,4.049501,0,0.03415514,-0.03415514,7.032552,50.23241,0.02439765,0.03569212,0,0,4.049501
3/31/2007 7:00:00 AM,0.1866243,13.01677,-91.24194,77.34216,0.1828906,0.820813,1.263293,1.263293,0,0,0,1.263293,64.97407,0,2.220446E-16,0,0.820813,1.329782,1.263293,0,0,7.344365,4.015346,0,0.5089694,-0.5089694,6.496051,46.40027,0.02439765,1.389623,0.6566504,0,4.836159
3/31/2007 8:00:00 AM,0.4319724,27.83036,-88.88403,62.36932,0.4297047,1.928515,0.9215027,0.9215027,0,0,0,0.9215027,209.2793,0,0,0,1.928515,0.9700029,0.9215027,0,0,7.909886,3.506376,0.9585117,0,0.9585117,7.405375,52.89543,0.02436278,1.013653,1.542812,0,5.434891
3/31/2007 9:00:00 AM,0.730138,42.62979,-86.0556,47.40542,0.7303477,3.277801,1.43612,1.43612,0,-1,0,1.43612,228.24,0,0,0,3.277801,1.511705,1.43612,0,0,6.951375,4.369037,1.766095,0,1.766095,9.08084,64.86301,0.02429878,1.579732,2.62224,0,7.646837
3/31/2007 10:00:00 AM,0.8797035,57.36336,-81.81629,32.46516,0.8820505,3.958642,1.407177,1.407177,0,0,0,1.407177,281.318,0,0,0,3.958642,1.481239,1.407177,0,0,5.185279,5.958523,2.477403,0,2.477403,11.43111,81.65063,0.02420958,1.547895,3.166914,0,9.917165
3/31/2007 11:00:00 AM,1.01528,71.83603,-72.46619,17.61138,1.019187,4.574112,1.330174,1.330174,0,0,0,1.330174,343.8732,0.4660524,0,0,4.574112,1.400183,1.330174,0,0,2.707876,8.188186,2.707876,0,2.707876,14.00003,100,0.02411282,1.463192,3.65929,0,12.7623
3/31/2007 12:00:00 PM,0.8418618,83.76048,-21.84023,3.980356,0.8439377,3.787592,0.03417901,0.03417901,0,0,0,0.03417901,11081.63,3.751615,0,0,3.787592,0.0359779,0.03417901,0,0,0,10.62527,0,0,0,14.00003,100,0.02411282,0.03759691,3.030074,0,14.41287
3/31/2007 1:00:00 PM,0.7580358,76.12933,66.08125,13.07868,0.7589967,3.406377,1.006445,1.006445,0,0,0,1.006445,338.4563,2.346961,0,0,3.406377,1.059416,1.006445,0,0,0,10.62527,0,0,0,14.00003,100,0.02411282,1.10709,2.725102,0,14.03165
3/31/2007 2:00:00 PM,0.9734726,61.88956,79.84094,27.85278,0.9765832,4.382905,1.89142,1.89142,0,-1,0,1.89142,231.7257,2.391937,0,0,4.382905,1.990968,1.89142,0,0,0,10.62527,0,0,0,14.00003,100,0.02411282,2.080562,3.506324,0,15.00818
3/31/2007 3:00:00 PM,0.7249215,47.20026,84.96992,42.77829,0.7256719,3.256815,1.53744,1.53744,0,0,0,1.53744,211.8337,1.638458,0,0,3.256815,1.618358,1.53744,0,0,0,10.62527,0,0,0,14.00003,100,0.02411282,1.691184,2.605452,0,13.88209
3/31/2007 4:00:00 PM,0.4060736,32.41323,88.0858,57.73727,0.4046136,1.815906,0.9494272,0.9494272,0,0,0,0.9494272,191.2633,0.8165089,0,0,1.815906,0.9993971,0.9494272,0,0,0,10.62527,0,0,0,14.00003,100,0.02411282,1.04437,1.452725,0,12.44118
3/31/2007 5:00:00 PM,0.1843147,17.6007,90.53353,72.70816,0.1827984,0.8203991,0.8323083,0.8323083,0,0,0,0.8323083,98.56914,0,0,0,0.8203991,0.876114,0.8323083,0,0,0,10.62527,0,0.05571487,-0.05571487,13.9413,99.58051,0.02411282,0.9155391,0.6563193,0,11.44567
3/31/2007 6:00:00 PM,0.03954173,2.793369,92.81915,87.68359,0.0368663,0.165456,3.392726,3.392726,1.25,0,0.50625,3.392726,4.876785,0,4.440892E-16,0,0.165456,2.255501,2.142726,0,0,0.06190541,10.56956,0,2.090045,-2.090045,11.7382,83.84411,0.02411282,3.731998,0.1323648,5,10.73501
3/31/2007 7:00:00 PM,0,0,95.26759,90,0,0,2.149664,2.149664,0,-1,0,2.149664,0,0,0,0,0,2.262804,2.149664,0,0,2.384177,8.479514,0,2.262804,-2.262804,9.352994,66.80697,0.02411282,2.36463,0,0,8.479514
3/31/2007 8:00:00 PM,0,0,98.24678,90,0,0,1.691316,1.691316,0,-1,0,1.691316,0,0,2.220446E-16,0,0,1.780332,1.691316,0,0,4.898404,6.216711,0,1.780332,-1.780332,7.476359,53.40246,0.02411282,1.860447,0,0,6.216711
3/31/2007 9:00:00 PM,0,0,102.4114,90,0,0,0,0,0,-1,0,0,0,0,0,0,0,0,0,0,0,6.876551,4.436378,0,0,0,7.476359,53.40246,0.02411282,0,0,0,4.436378
3/31/2007 10:00:00 PM,0,0,109.372,90,0,0,0.1930092,0.1930092,0,-1,0,0.1930092,0,0,2.775558E-17,0,0,0.2031676,0.1930092,0,0,6.876551,4.436378,0,0.2031676,-0.2031676,7.262202,51.87276,0.02411282,0.2123101,0,0,4.436378
3/31/2007 11:00:00 PM,0,0,124.5711,90,0,0,0.100149,0.100149,0,-1,0,0.100149,0,0,1.387779E-17,0,0,0.10542,0.100149,0,0,7.102293,4.233211,0,0.10542,-0.10542,7.151079,51.07904,0.02411282,0.1101639,0,0,4.233211
4/1/2007 12:00:00 AM,0,0,169.878,90,0,0,0.231867,0.231867,0,-1,0,0.231867,0,0,2.775558E-17,0,0,0.2440705,0.231867,0,0,7.219426,4.127791,0,0.2440705,-0.2440705,6.893806,49.24137,0.02411282,0.2550537,0,0,4.127791
4/1/2007 1:00:00 AM,0,0,-134.2728,90,0,0,0.2880946,0.2880946,0,-1,0,0.2880946,0,0,5.551115E-17,0,0,0.3032574,0.2880946,0,0,7.490615,3.88372,0,0.3032574,-0.3032574,6.574145,46.95808,0.02411282,0.316904,0,0,3.88372
4/1/2007 2:00:00 AM,0,0,-113.3581,90,0,0,0,0,0,-1,0,0,0,0,0,0,0,0,0,0,0,7.827568,3.580463,0,0,0,6.574145,46.95808,0.02411282,0,0,0,3.580463
4/1/2007 3:00:00 AM,0,0,-104.6539,90,0,0,0.2839851,0.2839851,0,-1,0,0.2839851,0,0,5.551115E-17,0,0,0.2989317,0.2839851,0,0,7.827568,3.580463,0,0.2989317,-0.2989317,6.259043,44.70736,0.02411282,0.3123836,0,0,3.580463
4/1/2007 4:00:00 AM,0,0,-99.79804,90,0,0,0.1770816,0.1770816,0,-1,0,0.1770816,0,0,2.775558E-17,0,0,0.1864017,0.1770816,0,0,8.159715,3.281531,0,0.1864017,-0.1864017,6.062559,43.30391,0.02411282,0.1947897,0,0,3.281531
4/1/2007 5:00:00 AM,0,0,-96.50555,90,0,0,0.1293502,0.1293502,0,0,0,0.1293502,0,0,2.775558E-17,0,0,0.1361581,0.1293502,0,0,8.366827,3.095129,0,0.1361581,-0.1361581,5.919035,42.27874,0.02411282,0.1422852,0,0,3.095129
4/1/2007 6:00:00 AM,0.01152266,0,-93.9266,90,0,0,0.6415274,0.6415274,0,0,0,0.6415274,0,0,1.110223E-16,0,0,0.675292,0.6415274,0,0,8.518114,2.958972,0,0.675292,-0.675292,5.207215,37.19432,0.02411282,0.7056801,0,0,2.958972
4/1/2007 7:00:00 AM,0.1533899,13.15427,-91.63544,77.2681,0.1509504,0.6774654,1.339457,1.339457,0,0,0,1.339457,50.57763,2.220446E-16,0,0,0.6774654,1.409954,1.339457,0,0,9.268438,2.283679,0,0.7324889,-0.7324889,4.435104,31.67925,0.02411282,1.473402,0.5419724,0,2.961145
4/1/2007 8:00:00 AM,0.2120253,27.96736,-89.31792,62.30244,0.2109423,0.9467092,1.416079,1.416079,0,0,0,1.416079,66.85425,0,0,0,0.9467092,1.49061,1.416079,0,0,10.08232,1.55119,0,0.5439006,-0.5439006,3.861782,27.5841,0.02411282,1.557687,0.7573673,0,2.4979
4/1/2007 9:00:00 AM,0.3649448,42.77163,-86.57499,47.3481,0.3634799,1.631298,1.209394,1.209394,0,-1,0,1.209394,134.8855,0,0,0.06346155,1.631298,1.273046,1.209394,0,0,10.68665,1.00729,0.3582514,0,0.3582514,4.20165,30.01172,0.02410008,1.330334,1.305038,0,2.638588
4/1/2007 10:00:00 AM,0.351195,57.52047,-82.51437,32.42371,0.3496604,1.569276,0.01359998,0.01359998,0,0,0,0.01359998,11538.81,0,0,0,1.569276,0.01431577,0.01359998,0,0,10.3284,1.329716,1.55496,0,1.55496,5.676814,40.54859,0.02404492,0.01495998,1.255421,0,2.898992
4/1/2007 11:00:00 AM,0.5714261,72.04037,-73.60225,17.60879,0.5700953,2.558588,0.6405959,0.6405959,0,0,0,0.6405959,399.4074,0,0,0,2.558588,0.6743115,0.6405959,0,0,8.773438,2.72918,1.884276,0,1.884276,7.464396,53.31701,0.02397842,0.7046555,2.04687,0,5.287768
4/1/2007 12:00:00 PM,0.7105181,84.16063,-22.55792,4.268677,0.7102599,3.187646,0.3623627,0.3623627,0,0,0,0.3623627,879.684,0,0,0,3.187646,0.3814344,0.3623627,0,0,6.889162,4.425029,2.806212,0,2.806212,10.1266,72.33273,0.02388007,0.3985989,2.550117,0,7.612675
4/1/2007 1:00:00 PM,0.8274058,76.22238,67.74039,13.258,0.8286608,3.71903,1.103723,1.103723,0,0,0,1.103723,336.9532,0,0,0,3.71903,1.161814,1.103723,0,0,4.08295,6.95062,2.557216,0,2.557216,12.55259,89.66118,0.02379114,1.214095,2.975224,0,10.66965
4/1/2007 2:00:00 PM,0.62625,61.90041,80.70502,27.97708,0.6255687,2.807553,0.2501079,0.2501079,0,-1,0,0.2501079,1122.537,1.018548,0,0,2.807553,0.2632714,0.2501079,0,0,1.525733,9.252114,1.525733,0,1.525733,14.00003,100,0.0237384,0.2751186,2.246042,0,12.05967
4/1/2007 3:00:00 PM,0.1667302,47.18833,85.56892,42.88357,0.1659277,0.7446836,0.831426,0.831426,0,0,0,0.831426,89.56704,0,1.110223E-16,0,0.7446836,0.8751853,0.831426,0,0,0,10.62527,0,0.1305016,-0.1305016,13.86247,99.01743,0.0237384,0.9145686,0.5957469,0,11.36996
4/1/2007 4:00:00 PM,0.09656136,32.39368,88.56754,57.83192,0.09608749,0.4312407,0.3897528,0.3897528,0,0,0,0.3897528,110.6447,0,0,0,0.4312407,0.4102661,0.3897528,0,0,0.1450018,10.49477,0.02097455,0,0.02097455,13.88237,99.15955,0.02373767,0.4287281,0.3449925,0,10.92601
4/1/2007 5:00:00 PM,0.1160263,17.58021,90.96016,72.79521,0.115376,0.5178074,0.9067392,0.9067392,0,0,0,0.9067392,57.10654,0,0,0,0.5178074,0.9544623,0.9067392,0,0,0.1240273,10.51365,0,0.4366549,-0.4366549,13.42209,95.87189,0.02373767,0.9974132,0.4142459,0,11.03146
4/1/2007 6:00:00 PM,0.0430559,2.776388,93.22648,87.76419,0.03881084,0.174183,2.266289,2.266289,0,0,0,2.266289,7.685827,0,0,0,0.174183,2.385567,2.266289,0,0,0.6091994,10.07699,0,2.211384,-2.211384,11.09109,79.22189,0.02373767,2.492918,0.1393464,0,10.25118
4/1/2007 7:00:00 PM,0,0,95.68376,90,0,0,0,0,0,-1,0,0,0,0,0,0,0,0,0,0,0,3.066293,7.865611,0,0,0,11.09109,79.22189,0.02373767,0,0,0,7.865611
4/1/2007 8:00:00 PM,0,0,98.70253,90,0,0,0,0,0,-1,0,0,0,0,0,0,0,0,0,0,0,3.066293,7.865611,0,0,0,11.09109,79.22189,0.02373767,0,0,0,7.865611
4/1/2007 9:00:00 PM,0,0,102.9519,90,0,0,0.4364279,0.4364279,0,-1,0,0.4364279,0,0,5.551115E-17,0,0,0.4593978,0.4364279,0,0,3.066293,7.865611,0,0.4593978,-0.4593978,10.60684,75.76299,0.02373767,0.4800707,0,0,7.865611
4/1/2007 10:00:00 PM,0,0,110.0798,90,0,0,0.08084615,0.08084615,0,-1,0,0.08084615,0,0,1.387779E-17,0,0,0.08510122,0.08084615,0,0,3.576735,7.406213,0,0.08510122,-0.08510122,10.51713,75.12224,0.02373767,0.08893077,0,0,7.406213
4/1/2007 11:00:00 PM,0,0,125.5922,90,0,0,0.1187951,0.1187951,0,-1,0,0.1187951,0,0,1.387779E-17,0,0,0.1250475,0.1187951,0,0,3.671292,7.321112,0,0.1250475,-0.1250475,10.38532,74.18073,0.02373767,0.1306746,0,0,7.321112
4/2/2007 12:00:00 AM,0,0,170.5227,90,0,0,0,0,0,-1,0,0,0,0,0,0,0,0,0,0,0,3.810233,7.196064,0,0,0,10.38532,74.18073,0.02373767,0,0,0,7.196064
4/2/2007 1:00:00 AM,0,0,-134.9948,90,0,0,0.4123564,0.4123564,0,-1,0,0.4123564,0,0,5.551115E-17,0,0,0.4340594,0.4123564,0,0,3.810233,7.196064,0,0.4340594,-0.4340594,9.927785,70.91261,0.02373767,0.453592,0,0,7.196064
4/2/2007 2:00:00 AM,0,0,-114.0028,90,0,0,0.03140745,0.03140745,0,-1,0,0.03140745,0,0,0,0,0,0.03306047,0.03140745,0,0,4.292521,6.762005,0,0.03306047,-0.03306047,9.892936,70.66369,0.02373767,0.03454819,0,0,6.762005
4/2/2007 3:00:00 AM,0,0,-105.164,90,0,0,0,0,0,-1,0,0,0,0,0,0,0,0,0,0,0,4.329256,6.728944,0,0,0,9.892936,70.66369,0.02373767,0,0,0,6.728944
4/2/2007 4:00:00 AM,0,0,-100.2302,90,0,0,0.405237,0.405237,0,-1,0,0.405237,0,0,0,0,0,0.4265652,0.405237,0,0,4.329256,6.728944,0,0.4265652,-0.4265652,9.443296,67.45198,0.02373767,0.4457606,0,0,6.728944
4/2/2007 5:00:00 AM,0,0,-96.8984,90,0,0,0.1125599,0.1125599,0,0,0,0.1125599,0,0,0,0,0,0.1184841,0.1125599,0,0,4.803217,6.302379,0,0.1184841,-0.1184841,9.318403,66.55989,0.02373767,0.1238158,0,0,6.302379
4/2/2007 6:00:00 AM,0.008870087,0,-94.30736,90,0,0,0.108452,0.108452,0,0,0,0.108452,0,0,1.387779E-17,0,0,0.11416,0.108452,0,0,4.934866,6.183895,0,0.11416,-0.11416,9.198068,65.70036,0.02373767,0.1192972,0,0,6.183895
4/2/2007 7:00:00 AM,0.1360176,13.29072,-92.02834,77.19496,0.134203,0.6023029,0.2654097,0.2654097,0,0,0,0.2654097,226.9333,0,0,0,0.6023029,0.2793786,0.2654097,0,0,5.06171,6.069735,0.3229243,0,0.3229243,9.504421,67.88859,0.02372654,0.2919507,0.4818423,0,6.672038
4/2/2007 8:00:00 AM,0.3313873,28.10256,-89.75176,62.2373,0.3289846,1.476483,0,0,0,0,0,0,0,0,0,0,1.476483,0,0,0,0,4.738786,6.360367,1.476483,0,1.476483,10.90514,77.89367,0.02367578,0,1.181186,0,7.83685
4/2/2007 9:00:00 AM,0.4702402,42.91066,-87.09536,47.29362,0.4685019,2.102637,0.1761889,0.1761889,0,-1,0,0.1761889,1193.399,0,0,0,2.102637,0.185462,0.1761889,0,0,3.262303,7.689201,1.917175,0,1.917175,12.72393,90.88501,0.02361018,0.1938078,1.682109,0,9.791838
4/2/2007 10:00:00 AM,0.6769472,57.6732,-83.21655,32.38694,0.6762121,3.03484,0.4319125,0.4319125,0,0,0,0.4319125,702.6516,1.235066,0,0,3.03484,0.4546447,0.4319125,0,0,1.345129,9.414659,1.345129,0,1.345129,14.00003,100,0.02356437,0.4751037,2.427872,0,12.4495
4/2/2007 11:00:00 AM,0.8517584,72.23736,-74.76012,17.61538,0.8525063,3.826049,0,0,0,0,0,0,0,3.826049,0,0,3.826049,0,0,0,0,0,10.62527,0,0,0,14.00003,100,0.02356437,0,3.060839,0,14.45132
4/2/2007 12:00:00 PM,0.9287014,84.55863,-23.37917,4.574278,0.9301944,4.174712,0.1570774,0.1570774,0,0,0,0.1570774,2657.741,4.009367,0,0,4.174712,0.1653447,0.1570774,0,0,0,10.62527,0,0,0,14.00003,100,0.02356437,0.1727852,3.33977,0,14.79999
4/2/2007 1:00:00 PM,0.5472084,76.30406,69.41566,13.44649,0.5455365,2.448368,1.224554,1.224554,0,0,0,1.224554,199.9396,1.159364,0,0,2.448368,1.289004,1.224554,0,0,0,10.62527,0,0,0,14.00003,100,0.02356437,1.347009,1.958694,0,13.07364
4/2/2007 2:00:00 PM,0.4576731,61.90593,81.56721,28.10585,0.4559619,2.046357,2.198677,2.198677,0,-1,0,2.198677,93.07217,0,0,0,2.046357,2.314397,2.198677,0,0,0,10.62527,0,0.2680404,-0.2680404,13.71749,97.98186,0.02356437,2.418545,1.637085,0,12.67163
4/2/2007 3:00:00 PM,0.5932387,47.17342,86.166,42.99136,0.5918126,2.656055,0.2916715,0.2916715,0,0,0,0.2916715,910.6322,2.051209,0,0,2.656055,0.3070227,0.2916715,0,0,0.2978226,10.35723,0.2978226,0,0.2978226,14.00003,100,0.02355425,0.3208387,2.124844,0,13.01329
4/2/2007 4:00:00 PM,0.4025539,32.37245,89.04776,57.92794,0.4001174,1.795727,0.711547,0.711547,0,0,0,0.711547,252.3694,1.04673,0,0,1.795727,0.7489969,0.711547,0,0,0,10.62527,0,0,0,14.00003,100,0.02355425,0.7827017,1.436581,0,12.421
4/2/2007 5:00:00 PM,0.08428933,17.55896,91.38554,72.8828,0.08384275,0.3762863,0.09556115,0.09556115,0,0,0,0.09556115,393.7649,0.2756956,0,0,0.3762863,0.1005907,0.09556115,0,0,0,10.62527,0,0,0,14.00003,100,0.02355425,0.1051173,0.301029,0,11.00156
4/2/2007 6:00:00 PM,0.03445963,2.759401,93.6327,87.8446,0.03249365,0.1458315,1.059791,1.059791,0,0,0,1.059791,13.7604,0,0,0,0.1458315,1.11557,1.059791,0,0,0,10.62527,0,0.9697382,-0.9697382,12.97783,92.69863,0.02355425,1.16577,0.1166652,0,10.77111
4/2/2007 7:00:00 PM,0,0,96.09883,90,0,0,2.108792,2.108792,0,-1,0,2.108792,0,0,4.440892E-16,0,0,2.219781,2.108792,0,0,1.077487,9.655536,0,2.219781,-2.219781,10.63798,75.98542,0.02355425,2.319671,0,0,9.655536
4/2/2007 8:00:00 PM,0,0,99.157,90,0,0,0,0,0,-1,0,0,0,0,0,0,0,0,0,0,0,3.54391,7.435755,0,0,0,10.63798,75.98542,0.02355425,0,0,0,7.435755
4/2/2007 9:00:00 PM,0,0,103.4904,90,0,0,1.61809,1.61809,0,-1,0,1.61809,0,0,2.220446E-16,0,0,1.703252,1.61809,0,0,3.54391,7.435755,0,1.703252,-1.703252,8.842594,63.16126,0.02355425,1.779899,0,0,7.435755
4/2/2007 10:00:00 PM,0,0,110.7831,90,0,0,0.3485875,0.3485875,0,-1,0,0.3485875,0,0,0,0,0,0.3669342,0.3485875,0,0,5.436412,5.732503,0,0.3669342,-0.3669342,8.455812,60.39853,0.02355425,0.3834463,0,0,5.732503
4/2/2007 11:00:00 PM,0,0,126.5949,90,0,0,0.1341947,0.1341947,0,-1,0,0.1341947,0,0,0,0,0,0.1412576,0.1341947,0,0,5.844117,5.365569,0,0.1412576,-0.1412576,8.306913,59.33497,0.02355425,0.1476142,0,0,5.365569
4/3/2007 12:00:00 AM,0,0,171.1295,90,0,0,0.06879807,0.06879807,0,-1,0,0.06879807,0,0,1.387779E-17,0,0,0.07241903,0.06879807,0,0,6.00107,5.224311,0,0.07241903,-0.07241903,8.230577,58.78971,0.02355425,0.07567789,0,0,5.224311
4/3/2007 1:00:00 AM,0,0,-135.6896,90,0,0,0.2308494,0.2308494,0,-1,0,0.2308494,0,0,2.775558E-17,0,0,0.2429994,0.2308494,0,0,6.081536,5.151892,0,0.2429994,-0.2429994,7.974433,56.96012,0.02355425,0.2539344,0,0,5.151892
4/3/2007 2:00:00 AM,0,0,-114.6366,90,0,0,0.4730943,0.4730943,0,-1,0,0.4730943,0,0,5.551115E-17,0,0,0.4979939,0.4730943,0,0,6.351535,4.908893,0,0.4979939,-0.4979939,7.449501,53.21062,0.02355425,0.5204037,0,0,4.908893
4/3/2007 3:00:00 AM,0,0,-105.6692,90,0,0,0.2983538,0.2983538,0,-1,0,0.2983538,0,0,5.551115E-17,0,0,0.3140567,0.2983538,0,0,6.904861,4.410899,0,0.3140567,-0.3140567,7.118456,50.84602,0.02355425,0.3281892,0,0,4.410899
4/3/2007 4:00:00 AM,0,0,-100.6596,90,0,0,0.1695625,0.1695625,0,-1,0,0.1695625,0,0,0,0,0,0.1784868,0.1695625,0,0,7.253814,4.096842,0,0.1784868,-0.1784868,6.930315,49.50215,0.02355425,0.1865187,0,0,4.096842
4/3/2007 5:00:00 AM,0,0,-97.28951,90,0,0,0,0,0,0,0,0,0,0,0,0,0,0,0,0,0,7.452132,3.918355,0,0,0,6.930315,49.50215,0.02355425,0,0,0,3.918355
4/3/2007 6:00:00 AM,0.02060946,0,-94.68697,90,0,0,0.3946515,0.3946515,0,0,0,0.3946515,0,0,0,0,0,0.4154226,0.3946515,0,0,7.452132,3.918355,0,0.4154226,-0.4154226,6.492421,46.37434,0.02355425,0.4341166,0,0,3.918355
4/3/2007 7:00:00 AM,0.2028238,13.426,-92.42055,77.12284,0.1963602,0.8812644,0.904479,0.904479,0,0,0,0.904479,97.43338,0,1.110223E-16,0,0.8812644,0.9520831,0.904479,0,0,7.913713,3.502933,0,0.0708187,-0.0708187,6.417771,45.84113,0.02355425,0.9949269,0.7050115,0,4.384197
4/3/2007 8:00:00 AM,0.3511285,28.23582,-90.18542,62.174,0.348002,1.561833,0,0,0,0,0,0,0,0,0,0,1.561833,0,0,0,0,7.9924,3.432114,1.561833,0,1.561833,7.899457,56.42458,0.02350133,0,1.249467,0,4.993947
4/3/2007 9:00:00 AM,0.7150546,43.04675,-87.61654,47.24208,0.7120578,3.195715,0.1789113,0.1789113,0,-1,0,0.1789113,1786.201,0,0,0,3.195715,0.1883277,0.1789113,0,0,6.430567,4.837764,3.007388,0,3.007388,10.75251,76.80352,0.0234001,0.1968025,2.556572,0,8.033479
4/3/2007 10:00:00 AM,0.878093,57.82141,-83.92255,32.35493,0.8772596,3.937141,0,0,0,0,0,0,0,0.5139616,0,0,3.937141,0,0,0,0,3.423179,7.544413,3.423179,0,3.423179,14.00003,100,0.02328593,0,3.149713,0,11.48155
4/3/2007 11:00:00 AM,0.848749,72.42669,-75.93927,17.63113,0.8486781,3.808867,0.8244802,0.8244802,0,0,0,0.8244802,461.972,2.940993,0,0,3.808867,0.8678738,0.8244802,0,0,0,10.62527,0,0,0,14.00003,100,0.02328593,0.9069282,3.047094,0,14.43414
4/3/2007 12:00:00 PM,0.9315376,84.95411,-24.3281,4.893588,0.9321677,4.183568,0.5376652,0.5376652,0,0,0,0.5376652,778.0992,3.617605,0,0,4.183568,0.5659634,0.5376652,0,0,0,10.62527,0,0,0,14.00003,100,0.02328593,0.5914317,3.346855,0,14.80884
4/3/2007 1:00:00 PM,1.030526,76.37431,71.10395,13.64352,1.031383,4.628846,0.4824616,0.4824616,0,0,0,0.4824616,959.4227,4.120992,0,0,4.628846,0.5078543,0.4824616,0,0,0,10.62527,0,0,0,14.00003,100,0.02328593,0.5307078,3.703077,0,15.25412
4/3/2007 2:00:00 PM,0.8433028,61.90622,82.42694,28.23888,0.8427843,3.782416,0.02526834,0.02526834,0,-1,0,0.02526834,14968.99,3.755818,0,0,3.782416,0.02659826,0.02526834,0,0,0,10.62527,0,0,0,14.00003,100,0.02328593,0.02779518,3.025933,0,14.40769
4/3/2007 3:00:00 PM,0.6363242,47.15563,86.76089,43.10152,0.6342357,2.84645,0,0,0,0,0,0,0,2.84645,0,0,2.84645,0,0,0,0,0,10.62527,0,0,0,14.00003,100,0.02328593,0,2.27716,0,13.47172
4/3/2007 4:00:00 PM,0.4430817,32.34964,89.5263,58.0252,0.4395945,1.9729,0.7727702,0.7727702,0,0,0,0.7727702,255.3023,1.159458,0,0,1.9729,0.8134423,0.7727702,0,0,0,10.62527,0,0,0,14.00003,100,0.02328593,0.8500472,1.57832,0,12.59817
4/3/2007 5:00:00 PM,0.1790251,17.53703,91.80954,72.97079,0.177021,0.7944704,0.4039578,0.4039578,0,0,0,0.4039578,196.6716,0.3692516,0,0,0.7944704,0.4252188,0.4039578,0,0,0,10.62527,0,0,0,14.00003,100,0.02328593,0.4443536,0.6355763,0,11.41974
4/3/2007 6:00:00 PM,0.04353201,2.742493,94.03767,87.9247,0.03791414,0.1701587,0,0,0,0,0,0,0,0.1701587,0,0,0.1701587,0,0,0,0,0,10.62527,0,0,0,14.00003,100,0.02328593,0,0.1361269,0,10.79543
4/3/2007 7:00:00 PM,0,0,96.51267,90,0,0,0,0,0,-1,0,0,0,0,0,0,0,0,0,0,0,0,10.62527,0,0,0,14.00003,100,0.02328593,0,0,0,10.62527
4/3/2007 8:00:00 PM,0,0,99.61003,90,0,0,0.1942609,0.1942609,0,-1,0,0.1942609,0,0,2.775558E-17,0,0,0.2044851,0.1942609,0,0,0,10.62527,0,0.2044851,-0.2044851,13.78448,98.46039,0.02328593,0.2136869,0,0,10.62527
4/3/2007 9:00:00 PM,0,0,104.0267,90,0,0,0.01733901,0.01733901,0,-1,0,0.01733901,0,0,3.469447E-18,0,0,0.01825159,0.01733901,0,0,0.2272057,10.42079,0,0.01825159,-0.01825159,13.76524,98.32297,0.02328593,0.01907291,0,0,10.42079
4/3/2007 10:00:00 PM,0,0,111.4815,90,0,0,0.1516884,0.1516884,0,-1,0,0.1516884,0,0,2.775558E-17,0,0,0.159672,0.1516884,0,0,0.2474852,10.40254,0,0.159672,-0.159672,13.59693,97.12076,0.02328593,0.1668573,0,0,10.40254
4/3/2007 11:00:00 PM,0,0,127.5786,90,0,0,0.4392577,0.4392577,0,-1,0,0.4392577,0,0,5.551115E-17,0,0,0.4623765,0.4392577,0,0,0.4248986,10.24287,0,0.4623765,-0.4623765,13.10955,93.63943,0.02328593,0.4831834,0,0,10.24287
4/4/2007 12:00:00 AM,0,0,171.701,90,0,0,0,0,0,-1,0,0,0,0,0,0,0,0,0,0,0,0.9386502,9.780489,0,0,0,13.10955,93.63943,0.02328593,0,0,0,9.780489
4/4/2007 1:00:00 AM,0,0,-136.3587,90,0,0,0.06390017,0.06390017,0,-1,0,0.06390017,0,0,0,0,0,0.06726334,0.06390017,0,0,0.9386502,9.780489,0,0.06726334,-0.06726334,13.03864,93.13299,0.02328593,0.07029019,0,0,9.780489
4/4/2007 2:00:00 AM,0,0,-115.2597,90,0,0,0.07135072,0.07135072,0,-1,0,0.07135072,0,0,1.387779E-17,0,0,0.07510602,0.07135072,0,0,1.013387,9.713225,0,0.07510602,-0.07510602,12.95948,92.5675,0.02328593,0.07848579,0,0,9.713225
4/4/2007 3:00:00 AM,0,0,-106.1694,90,0,0,0.1698098,0.1698098,0,-1,0,0.1698098,0,0,0,0,0,0.1787472,0.1698098,0,0,1.096838,9.63812,0,0.1787472,-0.1787472,12.77106,91.22167,0.02328593,0.1867908,0,0,9.63812
4/4/2007 4:00:00 AM,0,0,-101.0863,90,0,0,0.2117382,0.2117382,0,-1,0,0.2117382,0,0,2.775558E-17,0,0,0.2228823,0.2117382,0,0,1.295446,9.459373,0,0.2228823,-0.2228823,12.53612,89.54354,0.02328593,0.232912,0,0,9.459373
4/4/2007 5:00:00 AM,0,0,-97.67879,90,0,0,0.2533844,0.2533844,0,0,0,0.2533844,0,0,0,0,0,0.2667204,0.2533844,0,0,1.543093,9.23649,0,0.2667204,-0.2667204,12.25497,87.53535,0.02328593,0.2787228,0,0,9.23649
4/4/2007 6:00:00 AM,0.002809168,0,-95.06532,90,0,0,0.4661635,0.4661635,0,0,0,0.4661635,0,0,0,0,0,0.4906984,0.4661635,0,0,1.839449,8.969769,0,0.4906984,-0.4906984,11.73773,83.84077,0.02328593,0.5127798,0,0,8.969769
4/4/2007 7:00:00 AM,0.1316373,13.55999,-92.81194,77.05183,0.1298047,0.5825636,0.6313354,0.6313354,0,0,0,0.6313354,92.27482,0,0,0,0.5825636,0.6645635,0.6313354,0,0,2.38467,8.479072,0,0.08199998,-0.08199998,11.6513,83.22337,0.02328593,0.6944689,0.4660508,0,9.061635
4/4/2007 8:00:00 AM,0.3229691,28.36703,-90.61877,62.11262,0.3200574,1.436418,0.9784636,0.9784636,0,0,0,0.9784636,146.8034,0,0,0,1.436418,1.029962,0.9784636,0,0,2.475781,8.397071,0.4064559,0,0.4064559,12.03689,85.97764,0.02327245,1.07631,1.149134,0,9.833488
4/4/2007 9:00:00 AM,0.5337046,43.17978,-88.13835,47.19354,0.5308606,2.382502,1.775493,1.775493,0,-1,0,1.775493,134.1882,0,0,0,2.382502,1.86894,1.775493,0,0,2.069325,8.762881,0.5135624,0,0.5135624,12.5241,89.4577,0.02325543,1.953042,1.906002,0,11.14538
4/4/2007 10:00:00 AM,0.53885,57.96495,-84.63203,32.32775,0.5368558,2.409409,1.344383,1.344383,0,0,0,1.344383,179.2205,0,0,0,2.409409,1.41514,1.344383,0,0,1.555763,9.225088,0.9942693,0,0.9942693,13.46735,96.19515,0.02322257,1.478821,1.927527,0,11.6345
4/4/2007 11:00:00 AM,0.5809706,72.60806,-77.13905,17.656,0.579061,2.598825,0,0,0,0,0,0,0,2.037332,0,0,2.598825,0,0,0,0,0.5614933,10.11993,0.5614933,0,0.5614933,14.00003,100,0.02320405,0,2.079061,0,12.71876
4/4/2007 12:00:00 PM,0.9959746,85.34658,-25.43645,5.223736,0.995953,4.469837,0.3960124,0.3960124,0,0,0,0.3960124,1128.711,4.052982,0,0,4.469837,0.4168551,0.3960124,0,0,0,10.62527,0,0,0,14.00003,100,0.02320405,0.4356136,3.57587,0,15.09511
4/4/2007 1:00:00 PM,1.086752,76.43312,72.80206,13.84851,1.08654,4.876393,0,0,0,0,0,0,0,4.876393,0,0,4.876393,0,0,0,0,0,10.62527,0,0,0,14.00003,100,0.02320405,0,3.901114,0,15.50167
4/4/2007 2:00:00 PM,0.8912769,61.90143,83.28363,28.37593,0.8898535,3.993662,0.462256,0.462256,0,-1,0,0.462256,863.9504,3.507077,0,0,3.993662,0.4865853,0.462256,0,0,0,10.62527,0,0,0,14.00003,100,0.02320405,0.5084816,3.19493,0,14.61894
4/4/2007 3:00:00 PM,0.4696896,47.13509,87.35336,43.21387,0.4675292,2.098271,0.6614785,0.6614785,0,0,0,0.6614785,317.2092,1.401978,0,0,2.098271,0.6962932,0.6614785,0,0,0,10.62527,0,0,0,14.00003,100,0.02320405,0.7276264,1.678617,0,12.72355
4/4/2007 4:00:00 PM,0.2589343,32.32534,90.00298,58.12356,0.2574686,1.155519,0.761415,0.761415,0,0,0,0.761415,151.7594,0.3540296,0,0,1.155519,0.8014895,0.761415,0,0,0,10.62527,0,0,0,14.00003,100,0.02320405,0.8375565,0.9244152,0,11.78079
4/4/2007 5:00:00 PM,0.2340205,17.51452,92.232,73.05907,0.2290668,1.028052,1.644045,1.644045,0,0,0,1.644045,62.53187,0,0,0,1.028052,1.730573,1.644045,0,0,0,10.62527,0,0.7025215,-0.7025215,13.25951,94.71056,0.02320405,1.808449,0.8224415,0,11.65333
4/4/2007 6:00:00 PM,0.0471428,2.72575,94.44126,88.00439,0.03898246,0.1749533,2.917585,2.917585,0,0,0,2.917585,5.99651,0,0,0,0.1749533,3.071142,2.917585,0,0,0.7805794,9.922752,0,2.896189,-2.896189,10.20665,72.90453,0.02320405,3.209344,0.1399626,0,10.09771
4/4/2007 7:00:00 PM,0,0,96.92513,90,0,0,1.686192,1.686192,0,-1,0,1.686192,0,0,2.220446E-16,0,0,1.774939,1.686192,0,0,3.998567,7.026564,0,1.774939,-1.774939,8.335704,59.54063,0.02320405,1.854811,0,0,7.026564
4/4/2007 8:00:00 PM,0,0,100.0615,90,0,0,1.881569,1.881569,0,-1,0,1.881569,0,0,2.220446E-16,0,0,1.980599,1.881569,0,0,5.970722,5.251625,0,1.980599,-1.980599,6.24797,44.62827,0.02320405,2.069726,0,0,5.251625
4/4/2007 9:00:00 PM,0,0,104.5606,90,0,0,1.389213,1.389213,0,-1,0,1.389213,0,0,2.220446E-16,0,0,1.46233,1.389213,0,0,8.171387,3.271026,0,1.46233,-1.46233,4.706539,33.61806,0.02320405,1.528135,0,0,3.271026
4/4/2007 10:00:00 PM,0,0,112.1745,90,0,0,0.3429629,0.3429629,0,-1,0,0.3429629,0,0,5.551115E-17,0,0,0.3610136,0.3429629,0,0,9.796198,1.808696,0,0.3610136,-0.3610136,4.325997,30.89992,0.02320405,0.3772592,0,0,1.808696
4/4/2007 11:00:00 PM,0,0,128.543,90,0,0,0.01032677,0.01032677,0,-1,0,0.01032677,0,0,1.734723E-18,0,0,0.01087028,0.01032677,0,0,10.19732,1.447682,0,0.01087028,-0.01087028,4.314538,30.81807,0.02320405,0.01135944,0,0,1.447682
4/5/2007 12:00:00 AM,0,0,172.2395,90,0,0,0.1611069,0.1611069,0,-1,0,0.1611069,0,0,0,0,0,0.1695862,0.1611069,0,0,10.2094,1.436812,0,0.1695862,-0.1695862,4.135779,29.54122,0.02320405,0.1772176,0,0,1.436812
4/5/2007 1:00:00 AM,0,0,-137.0033,90,0,0,0.1792916,0.1792916,0,-1,0,0.1792916,0,0,2.775558E-17,0,0,0.188728,0.1792916,0,0,10.39783,1.267226,0,0.188728,-0.188728,3.936842,28.12024,0.02320405,0.1972207,0,0,1.267226
4/5/2007 2:00:00 AM,0,0,-115.872,90,0,0,0.1951426,0.1951426,0,-1,0,0.1951426,0,0,0,0,0,0.2054133,0.1951426,0,0,10.60753,1.078498,0,0.2054133,-0.2054133,3.720318,26.57364,0.02320405,0.2146569,0,0,1.078498
4/5/2007 3:00:00 AM,0,0,-106.6646,90,0,0,0.290101,0.290101,0,-1,0,0.290101,0,0,5.551115E-17,0,0,0.3053695,0.290101,0,0,10.83577,0.8730847,0,0.3053695,-0.3053695,3.39843,24.27445,0.02320405,0.3191111,0,0,0.8730847
4/5/2007 4:00:00 AM,0,0,-101.51,90,0,0,0,0,0,-1,0,0,0,0,0,0,0,0,0,0,0,11.17507,0.5677152,0,0,0,3.39843,24.27445,0.02320405,0,0,0,0.5677152
4/5/2007 5:00:00 AM,0,0,-98.06617,90,0,0,0.3901883,0.3901883,0,0,0,0.3901883,0,0,5.551115E-17,0,0,0.4107245,0.3901883,0,0,11.17507,0.5677152,0,0.4107245,-0.4107245,2.965488,21.18202,0.02320405,0.4292071,0,0,0.5677152
4/5/2007 6:00:00 AM,0.014394,0,-95.44234,90,0,0,0.3884259,0.3884259,3.893689,0,1.227977,0.3884259,0,0,0,0,0,0,0,3.505263,3.33,11.63143,0.1569907,3.33,0,3.33,6.124604,43.74708,0.02422843,0.4272684,0,5,0.1569907
4/5/2007 7:00:00 AM,0.19662,13.69256,-93.20242,76.98204,0.1895974,0.8509133,0.6897338,0.6897338,4.194997,0,1.310234,0.6897338,123.3684,0,0,0,0.8509133,0,0,3.505263,3.33,8.301426,3.153991,4.180913,0,4.180913,10.09097,72.07819,0.02534146,0.7587072,0.6807306,5,4.004904
4/5/2007 8:00:00 AM,0.4830808,28.49609,-91.05169,62.05324,0.475557,2.1343,0,0,2.090751,0,0.7357749,0,0,0,0,0,2.1343,0,0,2.090751,1.986213,4.120513,6.916813,4.120513,0,4.120513,14.00003,100,0.0255519,0,1.70744,5,9.051112
4/5/2007 9:00:00 AM,0.6985871,43.30964,-88.6606,47.14808,0.6936488,3.113096,1.428133,1.428133,0,-1,0,1.428133,217.9835,1.609797,0,0,3.113096,1.503298,1.428133,0,0,0,10.62527,0,0,0,14.00003,100,0.0255519,1.570947,2.490477,0,13.73837
4/5/2007 10:00:00 AM,0.881215,58.1037,-85.34467,32.30544,0.878296,3.941792,1.6057,1.6057,0,0,0,1.6057,245.4875,2.251582,0,0,3.941792,1.69021,1.6057,0,0,0,10.62527,0,0,0,14.00003,100,0.0255519,1.76627,3.153434,0,14.56707
4/5/2007 11:00:00 AM,0.7975914,72.78119,-78.35866,17.68992,0.7958444,3.57175,0.1958371,0.1958371,0,0,0,0.1958371,1823.838,3.365606,0,0,3.57175,0.2061443,0.1958371,0,0,0,10.62527,0,0,0,14.00003,100,0.0255519,0.2154208,2.8574,0,14.19702
4/5/2007 12:00:00 PM,0.7915576,85.73546,-26.7467,5.56242,0.7899758,3.545412,0.6100453,0.6100453,0,0,0,0.6100453,581.1719,2.903259,0,0,3.545412,0.6421529,0.6100453,0,0,0,10.62527,0,0,0,14.00003,100,0.0255519,0.6710498,2.836329,0,14.17069
4/5/2007 1:00:00 PM,0.9459621,76.48053,74.50668,14.06083,0.9446213,4.23946,0.8268108,0.8268108,0,0,0,0.8268108,512.7485,3.369133,0,0,4.23946,0.8703272,0.8268108,0,0,0,10.62527,0,0,0,14.00003,100,0.0255519,0.9094919,3.391568,0,14.86473
4/5/2007 2:00:00 PM,0.7650804,61.89168,84.13672,28.51678,0.7627746,3.423332,0,0,0,-1,0,0,0,3.423332,0,0,3.423332,0,0,0,0,0,10.62527,0,0,0,14.00003,100,0.0255519,0,2.738666,0,14.04861
4/5/2007 3:00:00 PM,0.6858793,47.1119,87.94316,43.32827,0.6819386,3.06054,0.4796537,0.4796537,0,0,0,0.4796537,638.073,2.555642,0,0,3.06054,0.5048986,0.4796537,0,0,0,10.62527,0,0,0,14.00003,100,0.0255519,0.527619,2.448432,0,13.68581
4/5/2007 4:00:00 PM,0.4995023,32.29968,90.47764,58.2229,0.4934647,2.21467,0,0,0,0,0,0,0,2.21467,0,0,2.21467,0,0,0,0,0,10.62527,0,0,0,14.00003,100,0.0255519,0,1.771736,0,12.83994
4/5/2007 5:00:00 PM,0.2337056,17.49154,92.65281,73.14754,0.2282043,1.024181,1.305252,1.305252,0,0,0,1.305252,78.46613,0,2.220446E-16,0,1.024181,1.37395,1.305252,0,0,0,10.62527,0,0.3497688,-0.3497688,13.63134,97.36652,0.0255519,1.435777,0.8193447,0,11.64946
4/5/2007 6:00:00 PM,0.0464524,2.709256,94.84335,88.08356,0.03787459,0.1699812,0.429055,0.429055,0,0,0,0.429055,39.61757,0,0,0,0.1699812,0.4516369,0.429055,0,0,0.3886319,10.27551,0,0.2816557,-0.2816557,13.33445,95.24586,0.0255519,0.4719605,0.1359849,0,10.44549
4/5/2007 7:00:00 PM,0,0,97.33607,90,0,0,0,0,0,-1,0,0,0,0,0,0,0,0,0,0,0,0.7015827,9.99385,0,0,0,13.33445,95.24586,0.0255519,0,0,0,9.99385
4/5/2007 8:00:00 PM,0,0,100.5111,90,0,0,1.925154,1.925154,0,-1,0,1.925154,0,0,2.220446E-16,0,0,2.026478,1.925154,0,0,0.7015827,9.99385,0,2.026478,-2.026478,11.19835,79.98808,0.0255519,2.117669,0,0,9.99385
4/5/2007 9:00:00 PM,0,0,105.0919,90,0,0,1.722382,1.722382,0,-1,0,1.722382,0,0,2.220446E-16,0,0,1.813033,1.722382,0,0,2.953224,7.967372,0,1.813033,-1.813033,9.287249,66.33736,0.0255519,1.89462,0,0,7.967372
4/5/2007 10:00:00 PM,0,0,112.8619,90,0,0,0.05106689,0.05106689,0,-1,0,0.05106689,0,0,6.938894E-18,0,0,0.05375462,0.05106689,0,0,4.967706,6.154339,0,0.05375462,-0.05375462,9.230586,65.93262,0.0255519,0.05617357,0,0,6.154339
4/5/2007 11:00:00 PM,0,0,129.4877,90,0,0,0.2416532,0.2416532,0,-1,0,0.2416532,0,0,0,0,0,0.2543718,0.2416532,0,0,5.027433,6.100584,0,0.2543718,-0.2543718,8.962455,64.0174,0.0255519,0.2658185,0,0,6.100584
4/6/2007 12:00:00 AM,0,0,172.7474,90,0,0,0.06243426,0.06243426,0,-1,0,0.06243426,0,0,1.387779E-17,0,0,0.06572027,0.06243426,0,0,5.310069,5.846212,0,0.06572027,-0.06572027,8.893179,63.52258,0.0255519,0.06867768,0,0,5.846212
4/6/2007 1:00:00 AM,0,0,-137.6248,90,0,0,0.5358183,0.5358183,0,-1,0,0.5358183,0,0,0,0,0,0.5640193,0.5358183,0,0,5.383091,5.780492,0,0.5640193,-0.5640193,8.298651,59.27596,0.0255519,0.5894002,0,0,5.780492
4/6/2007 2:00:00 AM,0,0,-116.4738,90,0,0,0.3287137,0.3287137,0,-1,0,0.3287137,0,0,5.551115E-17,0,0,0.3460145,0.3287137,0,0,6.009779,5.216473,0,0.3460145,-0.3460145,7.933919,56.67074,0.0255519,0.3615851,0,0,5.216473
4/6/2007 3:00:00 AM,0,0,-107.1547,90,0,0,0.1778241,0.1778241,0,-1,0,0.1778241,0,0,0,0,0,0.1871832,0.1778241,0,0,6.39424,4.870458,0,0.1871832,-0.1871832,7.736611,55.2614,0.0255519,0.1956065,0,0,4.870458
4/6/2007 4:00:00 AM,0,0,-101.9307,90,0,0,0.2314404,0.2314404,0,-1,0,0.2314404,0,0,2.775558E-17,0,0,0.2436215,0.2314404,0,0,6.602221,4.683275,0,0.2436215,-0.2436215,7.479811,53.42712,0.0255519,0.2545844,0,0,4.683275
4/6/2007 5:00:00 AM,0,0,-98.45155,90,0,0,0.2337247,0.2337247,0,0,0,0.2337247,0,0,2.775558E-17,0,0,0.246026,0.2337247,0,0,6.872912,4.439653,0,0.246026,-0.246026,7.220477,51.57473,0.0255519,0.2570972,0,0,4.439653
4/6/2007 6:00:00 AM,0.01735578,0,-95.81792,90,0,0,0.2677751,0.2677751,0,0,0,0.2677751,0,0,5.551115E-17,0,0,0.2818685,0.2677751,0,0,7.146274,4.193628,0,0.2818685,-0.2818685,6.923362,49.45248,0.0255519,0.2945526,0,0,4.193628
4/6/2007 7:00:00 AM,0.2123172,13.82361,-93.59187,76.91355,0.2032761,0.9123029,1.44123,1.44123,0,0,0,1.44123,63.30031,0,2.220446E-16,0,0.9123029,1.517084,1.44123,0,0,7.459461,3.911759,0,0.604781,-0.604781,6.285867,44.89896,0.0255519,1.585353,0.7298423,0,4.824062
4/6/2007 8:00:00 AM,0.3888366,28.62288,-91.48402,61.99596,0.3832313,1.719942,0.5291126,0.5291126,0,0,0,0.5291126,325.0616,0,0,0,1.719942,0.5569606,0.5291126,0,0,8.13144,3.306978,1.162982,0,1.162982,7.389168,52.77966,0.02551045,0.5820239,1.375954,0,5.02692
4/6/2007 9:00:00 AM,0.5394886,43.43623,-89.18309,47.10578,0.5355263,2.403442,0.5240925,0.5240925,0,-1,0,0.5240925,458.5912,0,0,0,2.403442,0.5516763,0.5240925,0,0,6.968459,4.353662,1.851766,0,1.851766,9.145906,65.32777,0.02544472,0.5765017,1.922753,0,6.757103
4/6/2007 10:00:00 AM,0.441905,58.23753,-86.06009,32.28804,0.439816,1.973894,0.01894624,0.01894624,0,0,0,0.01894624,10418.39,0,0,0,1.973894,0.01994341,0.01894624,0,0,5.116693,6.02025,1.953951,0,1.953951,10.99959,78.56832,0.02537573,0.02084087,1.579115,0,7.994144
4/6/2007 11:00:00 AM,0.3836369,72.94582,-79.59719,17.73281,0.3818316,1.71366,0.446131,0.446131,0,0,0,0.446131,384.1159,0,0,0,1.71366,0.4696116,0.446131,0,0,3.162742,7.778806,1.244049,0,1.244049,12.1798,86.99837,0.025332,0.4907441,1.370928,0,9.492466
4/6/2007 12:00:00 PM,0.3315462,86.11999,-28.31691,5.907785,0.3299588,1.480855,0.3843878,0.3843878,0,0,0,0.3843878,385.2503,0,0,0,1.480855,0.4046187,0.3843878,0,0,1.918694,8.89845,1.076236,0,1.076236,13.2008,94.29126,0.02529429,0.4228266,1.184684,0,10.3793
4/6/2007 1:00:00 PM,0.3973854,76.51661,76.21449,14.27991,0.3955287,1.775133,1.741103,1.741103,0,0,0,1.741103,101.9545,0,0,0,1.775133,1.83274,1.741103,0,0,0.8424573,9.867063,0,0.05760723,-0.05760723,13.14008,93.85752,0.02529429,1.915213,1.420106,0,11.6422
4/6/2007 2:00:00 PM,0.3086094,61.87713,84.98568,28.66119,0.3071161,1.378337,0.2207749,0.2207749,0,-1,0,0.2207749,624.3178,0.2394772,0,0,1.378337,0.2323947,0.2207749,0,0,0.9064654,9.809455,0.9064654,0,0.9064654,14.00003,100,0.02526262,0.2428524,1.10267,0,11.18779
4/6/2007 3:00:00 PM,0.5773082,47.08621,88.53004,43.44455,0.5735784,2.57422,0,0,0,0,0,0,0,2.57422,0,0,2.57422,0,0,0,0,0,10.62527,0,0,0,14.00003,100,0.02526262,0,2.059376,0,13.19949
4/6/2007 4:00:00 PM,0.3944868,32.27276,90.95012,58.32308,0.3902754,1.751556,1.180678,1.180678,0,0,0,1.180678,148.3517,0.508737,0,0,1.751556,1.242819,1.180678,0,0,0,10.62527,0,0,0,14.00003,100,0.02526262,1.298746,1.401245,0,12.37683
4/6/2007 5:00:00 PM,0.154446,17.46815,93.07181,73.23606,0.1528261,0.6858837,0.598378,0.598378,0,0,0,0.598378,114.6238,0.05601211,0,0,0.6858837,0.6298715,0.598378,0,0,0,10.62527,0,0,0,14.00003,100,0.02526262,0.6582158,0.5487069,0,11.31116
4/6/2007 6:00:00 PM,0.02606452,2.693093,95.2438,88.16211,0.02524164,0.1132845,1.138821,1.138821,0,0,0,1.138821,9.947527,0,0,0,0.1132845,1.198758,1.138821,0,0,0,10.62527,0,1.085474,-1.085474,12.85584,91.82723,0.02526262,1.252703,0.09062758,0,10.73856
4/6/2007 7:00:00 PM,0,0,97.74536,90,0,0,0,0,0,-1,0,0,0,0,0,0,0,0,0,0,0,1.206082,9.539801,0,0,0,12.85584,91.82723,0.02526262,0,0,0,9.539801
4/6/2007 8:00:00 PM,0,0,100.9588,90,0,0,1.603288,1.603288,0,-1,0,1.603288,0,0,0,0,0,1.687672,1.603288,0,0,1.206082,9.539801,0,1.687672,-1.687672,11.07688,79.12038,0.02526262,1.763617,0,0,9.539801
4/6/2007 9:00:00 PM,0,0,105.6204,90,0,0,2.157696,2.157696,0,-1,0,2.157696,0,0,0,0,0,2.271259,2.157696,0,0,3.081273,7.852128,0,2.271259,-2.271259,8.682758,62.01958,0.02526262,2.373466,0,0,7.852128
4/6/2007 10:00:00 PM,0,0,113.5433,90,0,0,0.3596219,0.3596219,0,-1,0,0.3596219,0,0,5.551115E-17,0,0,0.3785494,0.3596219,0,0,5.604894,5.580869,0,0.3785494,-0.3785494,8.283732,59.1694,0.02526262,0.3955841,0,0,5.580869
4/6/2007 11:00:00 PM,0,0,130.4125,90,0,0,0.4260397,0.4260397,0,-1,0,0.4260397,0,0,5.551115E-17,0,0,0.4484628,0.4260397,0,0,6.025505,5.20232,0,0.4484628,-0.4484628,7.811011,55.79282,0.02526262,0.4686436,0,0,5.20232
4/7/2007 12:00:00 AM,0,0,173.2264,90,0,0,0.2188283,0.2188283,0,-1,0,0.2188283,0,0,0,0,0,0.2303456,0.2188283,0,0,6.523797,4.753857,0,0.2303456,-0.2303456,7.568205,54.0585,0.02526262,0.2407111,0,0,4.753857
4/7/2007 1:00:00 AM,0,0,-138.2243,90,0,0,0.2920611,0.2920611,0,-1,0,0.2920611,0,0,0,0,0,0.3074327,0.2920611,0,0,6.779736,4.523511,0,0.3074327,-0.3074327,7.244143,51.74377,0.02526262,0.3212672,0,0,4.523511
4/7/2007 2:00:00 AM,0,0,-117.0652,90,0,0,0.1350529,0.1350529,0,-1,0,0.1350529,0,0,2.775558E-17,0,0,0.1421609,0.1350529,0,0,7.121328,4.216079,0,0.1421609,-0.1421609,7.094292,50.67342,0.02526262,0.1485582,0,0,4.216079
4/7/2007 3:00:00 AM,0,0,-107.6396,90,0,0,0.2733449,0.2733449,0,-1,0,0.2733449,0,0,0,0,0,0.2877315,0.2733449,0,0,7.279284,4.073918,0,0.2877315,-0.2877315,6.790997,48.50702,0.02526262,0.3006794,0,0,4.073918
4/7/2007 4:00:00 AM,0,0,-102.3484,90,0,0,0.3740398,0.3740398,0,-1,0,0.3740398,0,0,5.551115E-17,0,0,0.3937261,0.3740398,0,0,7.598986,3.786186,0,0.3937261,-0.3937261,6.375973,45.54257,0.02526262,0.4114438,0,0,3.786186
4/7/2007 5:00:00 AM,0,0,-98.83484,90,0,0,0.3259525,0.3259525,0,0,0,0.3259525,0,0,5.551115E-17,0,0,0.3431079,0.3259525,0,0,8.03646,3.39246,0,0.3431079,-0.3431079,6.014305,42.95924,0.02526262,0.3585478,0,0,3.39246
4/7/2007 6:00:00 AM,0.02267554,0,-96.19198,90,0,0,0.1144571,0.1144571,0,0,0,0.1144571,0,0,1.387779E-17,0,0,0.1204812,0.1144571,0,0,8.417691,3.049352,0,0.1204812,-0.1204812,5.887307,42.05211,0.02526262,0.1259028,0,0,3.049352
4/7/2007 7:00:00 AM,0.1444887,13.95303,-93.98019,76.84645,0.1416021,0.6355102,1.142583,1.142583,0,0,0,1.142583,55.6205,0,0,0,0.6355102,1.202719,1.142583,0,0,8.551558,2.928871,0,0.5672085,-0.5672085,5.289417,37.78148,0.02526262,1.256841,0.5084081,0,3.564382
4/7/2007 8:00:00 AM,0.4522723,28.74729,-91.91564,61.94084,0.4438144,1.991839,1.784331,1.784331,0,0,0,1.784331,111.6295,0,0,0,1.991839,1.878243,1.784331,0,0,9.18179,2.361663,0.1135959,0,0.1135959,5.397183,38.55123,0.02525865,1.962764,1.593471,0,4.353502
4/7/2007 9:00:00 AM,0.5444045,43.55943,-89.70562,47.06668,0.5398353,2.422781,0.306326,0.306326,0,-1,0,0.306326,790.9158,0,0,0,2.422781,0.3224484,0.306326,0,0,9.068194,2.463899,2.100332,0,2.100332,7.389734,52.78371,0.02518559,0.3369586,1.938225,0,4.88668
4/7/2007 10:00:00 AM,0.8029364,58.36631,-86.77794,32.27557,0.798457,3.583475,1.768687,1.768687,0,0,0,1.768687,202.6066,0,0,0,3.583475,1.861775,1.768687,0,0,6.967862,4.354198,1.7217,0,1.7217,9.023082,64.45045,0.02512602,1.945555,2.86678,0,7.937674
4/7/2007 11:00:00 AM,0.82411,73.10168,-80.85358,17.78454,0.8209807,3.684561,0.9034122,0.9034122,0,0,0,0.9034122,407.8495,0,0,0,3.684561,0.9509602,0.9034122,0,0,5.246162,5.903728,2.733601,0,2.733601,11.6164,82.97414,0.025032,0.9937534,2.947649,0,9.588289
4/7/2007 12:00:00 PM,0.6002948,86.49915,-30.22811,6.258328,0.5978014,2.682933,0.91084,0.91084,0,0,0,0.91084,294.5559,0,0,0,2.682933,0.9587789,0.91084,0,0,2.512561,8.36397,1.724154,0,1.724154,13.25208,94.65752,0.02497306,1.001924,2.146346,0,11.0469
4/7/2007 1:00:00 PM,0.6508011,76.54148,77.92214,14.50517,0.6481436,2.908869,1.060484,1.060484,0,0,0,1.060484,274.2963,1.004162,0,0,2.908869,1.116299,1.060484,0,0,0.7884072,9.915708,0.7884072,0,0.7884072,14.00003,100,0.02494621,1.166533,2.327095,0,12.82458
4/7/2007 2:00:00 PM,0.6512713,61.85793,85.82999,28.80893,0.648097,2.908659,0.5463486,0.5463486,0,-1,0,0.5463486,532.3815,2.333555,0,0,2.908659,0.5751038,0.5463486,0,0,0,10.62527,0,0,0,14.00003,100,0.02494621,0.6009835,2.326927,0,13.53393
4/7/2007 3:00:00 PM,0.6726042,47.05812,89.11378,43.56255,0.6670483,2.993713,0.505196,0.505196,0,0,0,0.505196,592.5844,2.461928,0,0,2.993713,0.5317853,0.505196,0,0,0,10.62527,0,0,0,14.00003,100,0.02494621,0.5557156,2.39497,0,13.61899
4/7/2007 4:00:00 PM,0.3439958,32.24468,91.42026,58.42397,0.3407024,1.529072,1.218706,1.218706,0,0,0,1.218706,125.4669,0.246224,0,0,1.529072,1.282848,1.218706,0,0,0,10.62527,0,0,0,14.00003,100,0.02494621,1.340577,1.223258,0,12.15435
4/7/2007 5:00:00 PM,0.1615544,17.44448,93.48888,73.32453,0.1595566,0.71609,0.2080102,0.2080102,0,0,0,0.2080102,344.2571,0.4971319,0,0,0.71609,0.2189581,0.2080102,0,0,0,10.62527,0,0,0,14.00003,100,0.02494621,0.2288112,0.572872,0,11.34136
4/7/2007 6:00:00 PM,0.04170726,2.677342,95.64249,88.23994,0.03466936,0.1555961,2.573678,2.573678,0,0,0,2.573678,6.04567,0,4.440892E-16,0,0.1555961,2.709135,2.573678,0,0,0,10.62527,0,2.553539,-2.553539,11.30836,80.77385,0.02494621,2.831046,0.1244769,0,10.78087
4/7/2007 7:00:00 PM,0,0,98.15285,90,0,0,2.19777,2.19777,0,-1,0,2.19777,0,0,4.440892E-16,0,0,2.313442,2.19777,0,0,2.837265,8.071735,0,2.313442,-2.313442,8.86978,63.35544,0.02494621,2.417547,0,0,8.071735
4/7/2007 8:00:00 PM,0,0,101.4044,90,0,0,0.8368925,0.8368925,0,-1,0,0.8368925,0,0,1.110223E-16,0,0,0.8809394,0.8368925,0,0,5.407757,5.758293,0,0.8809394,-0.8809394,7.941187,56.72266,0.02494621,0.9205817,0,0,5.758293
4/7/2007 9:00:00 PM,0,0,106.1457,90,0,0,0.5813153,0.5813153,0,-1,0,0.5813153,0,0,1.110223E-16,0,0,0.6119109,0.5813153,0,0,6.386579,4.877354,0,0.6119109,-0.6119109,7.296177,52.11544,0.02494621,0.6394469,0,0,4.877354
4/7/2007 10:00:00 PM,0,0,114.2183,90,0,0,0.1783868,0.1783868,0,-1,0,0.1783868,0,0,0,0,0,0.1877756,0.1783868,0,0,7.06648,4.265443,0,0.1877756,-0.1877756,7.098244,50.70164,0.02494621,0.1962255,0,0,4.265443
4/7/2007 11:00:00 PM,0,0,131.3171,90,0,0,0.213783,0.213783,0,-1,0,0.213783,0,0,2.775558E-17,0,0,0.2250347,0.213783,0,0,7.275119,4.077667,0,0.2250347,-0.2250347,6.861037,49.00731,0.02494621,0.2351613,0,0,4.077667
4/8/2007 12:00:00 AM,0,0,173.6784,90,0,0,0.08178648,0.08178648,0,-1,0,0.08178648,0,0,0,0,0,0.08609103,0.08178648,0,0,7.525157,3.852632,0,0.08609103,-0.08609103,6.770289,48.35911,0.02494621,0.08996512,0,0,3.852632
4/8/2007 1:00:00 AM,0,0,-138.803,90,0,0,0.08587664,0.08587664,0,-1,0,0.08587664,0,0,1.387779E-17,0,0,0.09039646,0.08587664,0,0,7.620814,3.766541,0,0.09039646,-0.09039646,6.675003,47.67849,0.02494621,0.09446431,0,0,3.766541
4/8/2007 2:00:00 AM,0,0,-117.6461,90,0,0,0.1037944,0.1037944,0,-1,0,0.1037944,0,0,1.387779E-17,0,0,0.1092572,0.1037944,0,0,7.721255,3.676145,0,0.1092572,-0.1092572,6.559835,46.85587,0.02494621,0.1141738,0,0,3.676145
4/8/2007 3:00:00 AM,0,0,-108.1194,90,0,0,0.1985609,0.1985609,0,-1,0,0.1985609,0,0,0,0,0,0.2090115,0.1985609,0,0,7.842652,3.566888,0,0.2090115,-0.2090115,6.339518,45.28218,0.02494621,0.218417,0,0,3.566888
4/8/2007 4:00:00 AM,0,0,-102.7629,90,0,0,0.2224394,0.2224394,0,-1,0,0.2224394,0,0,2.775558E-17,0,0,0.2341467,0.2224394,0,0,8.074886,3.357876,0,0.2341467,-0.2341467,6.092706,43.51924,0.02494621,0.2446833,0,0,3.357876
4/8/2007 5:00:00 AM,0,0,-99.21596,90,0,0,0.07235135,0.07235135,0,0,0,0.07235135,0,0,0,0,0,0.07615931,0.07235135,0,0,8.33505,3.123729,0,0.07615931,-0.07615931,6.012426,42.94582,0.02494621,0.07958648,0,0,3.123729
4/8/2007 6:00:00 AM,0.01031918,0,-96.56441,90,0,0,0,0,0,0,0,0,0,0,0,0,0,0,0,0,0,8.419671,3.04757,0,0,0,6.012426,42.94582,0.02494621,0,0,0,3.04757
4/8/2007 7:00:00 AM,0.0670765,14.08069,-94.36727,76.78084,0.06666903,0.2992106,0.1786748,0.1786748,0,0,0,0.1786748,167.461,0,0,0,0.2992106,0.1880788,0.1786748,0,0,8.419671,3.04757,0.1111318,0,0.1111318,6.117856,43.69888,0.02494242,0.1965423,0.2393685,0,3.346781
4/8/2007 8:00:00 AM,0.06186408,28.86922,-92.34641,61.88797,0.06154975,0.2762353,0,0,0,0,0,0,0,0,0,0,0.2762353,0,0,0,0,8.308539,3.147589,0.2762353,0,0.2762353,6.379915,45.57073,0.02493303,0,0.2209882,0,3.423824
4/8/2007 9:00:00 AM,0.05934181,43.67915,-90.22799,47.03085,0.0590472,0.2650039,0.7678459,0.7678459,0,-1,0,0.7678459,34.51263,0,0,0,0.2650039,0.8082588,0.7678459,0,0,8.032304,3.3962,0,0.543255,-0.543255,5.807274,41.48045,0.02493303,0.8446305,0.2120031,0,3.661204
4/8/2007 10:00:00 AM,0.2464069,58.48994,-87.49781,32.26807,0.2451897,1.100411,0,0,0,0,0,0,0,0,0,0,1.100411,0,0,0,0,8.635921,2.852946,1.100411,0,1.100411,6.851216,48.93716,0.02489568,0,0.880329,0,3.953357
4/8/2007 11:00:00 AM,0.07818483,73.24855,-82.12662,17.84498,0.07779996,0.3491662,0.8185827,0.8185827,0,0,0,0.8185827,42.65497,0,0,0,0.3491662,0.861666,0.8185827,0,0,7.53551,3.843316,0,0.5124998,-0.5124998,6.310994,45.07844,0.02489568,0.900441,0.279333,0,4.192482
4/8/2007 12:00:00 PM,0.10871,86.87151,-32.59615,6.612819,0.1081762,0.4854947,1.86504,1.86504,0,0,0,1.86504,26.03133,0,0,0,0.4854947,1.9632,1.86504,0,0,8.104954,3.330816,0,1.477705,-1.477705,4.753356,33.95247,0.02489568,2.051544,0.3883958,0,3.816311
4/8/2007 1:00:00 PM,0.3365398,76.55531,79.62633,14.73604,0.3349038,1.503048,1.87096,1.87096,4.975758,0,1.523382,1.87096,80.33568,0,0,0,1.503048,0,0,3.104798,2.949558,9.746849,1.85311,4.452606,0,4.452606,8.977468,64.12465,0.02627493,2.058056,1.202438,5,3.356158
4/8/2007 2:00:00 PM,0.6599696,61.83422,86.66917,28.95976,0.656275,2.945362,0.4189504,0.4189504,0,-1,0,0.4189504,703.0336,0,0,0,2.945362,0.4410004,0.4189504,0,0,5.294243,5.860456,2.504362,0,2.504362,11.35331,81.09494,0.02618619,0.4608454,2.35629,0,8.805818
4/8/2007 3:00:00 PM,0.4253039,47.02776,89.69417,43.6821,0.4226325,1.896775,0,0,0,0,0,0,0,0,0,0,1.896775,0,0,0,0,2.789881,8.114382,1.896775,0,1.896775,13.15275,93.94804,0.02611938,0,1.51742,0,10.01116
4/8/2007 4:00:00 PM,0.08488977,32.21555,91.88791,58.52542,0.08445854,0.3790499,1.243962,1.243962,0,0,0,1.243962,30.47119,0,0,0,0.3790499,1.309433,1.243962,0,0,0.8931064,9.821479,0,0.9303834,-0.9303834,12.17204,86.94299,0.02611938,1.368358,0.3032399,0,10.20053
4/8/2007 5:00:00 PM,0.08612762,17.42059,93.90388,73.41283,0.08562632,0.3842909,0.7958385,0.7958385,0,0,0,0.7958385,48.28755,0,0,0,0.3842909,0.8377248,0.7958385,0,0,1.926866,8.891095,0,0.4534339,-0.4534339,11.69408,83.52898,0.02611938,0.8754224,0.3074327,0,9.275386
4/8/2007 6:00:00 PM,0.03741518,2.662083,96.03929,88.31694,0.03243444,0.1455658,2.180973,2.180973,0,0,0,2.180973,6.67435,0,0,0,0.1455658,2.295761,2.180973,0,0,2.430681,8.437661,0,2.150196,-2.150196,9.427576,67.3397,0.02611938,2.399071,0.1164526,0,8.583227
4/8/2007 7:00:00 PM,0,0,98.55841,90,0,0,0.4793056,0.4793056,0,-1,0,0.4793056,0,0,0,0,0,0.5045322,0.4793056,0,0,4.819787,6.287466,0,0.5045322,-0.5045322,8.895753,63.54096,0.02611938,0.5272361,0,0,6.287466
4/8/2007 8:00:00 PM,0,0,101.8478,90,0,0,2.027036,2.027036,0,-1,0,2.027036,0,0,0,0,0,2.133723,2.027036,0,0,5.380379,5.782934,0,2.133723,-2.133723,6.646612,47.4757,0.02611938,2.22974,0,0,5.782934
4/8/2007 9:00:00 PM,0,0,106.6678,90,0,0,1.287804,1.287804,0,-1,0,1.287804,0,0,2.220446E-16,0,0,1.355583,1.287804,0,0,7.751181,3.649211,0,1.355583,-1.355583,5.217702,37.26922,0.02611938,1.416584,0,0,3.649211
4/8/2007 10:00:00 PM,0,0,114.8867,90,0,0,0.1949833,0.1949833,0,-1,0,0.1949833,0,0,2.775558E-17,0,0,0.2052456,0.1949833,0,0,9.257384,2.293628,0,0.2052456,-0.2052456,5.001354,35.72388,0.02611938,0.2144817,0,0,2.293628
4/8/2007 11:00:00 PM,0,0,132.2014,90,0,0,0.07865319,0.07865319,0,-1,0,0.07865319,0,0,0,0,0,0.08279283,0.07865319,0,0,9.485435,2.088382,0,0.08279283,-0.08279283,4.914083,35.10052,0.02611938,0.08651851,0,0,2.088382
4/9/2007 12:00:00 AM,0,0,174.105,90,0,0,0.0684199,0.0684199,0,-1,0,0.0684199,0,0,1.387779E-17,0,0,0.07202095,0.0684199,0,0,9.577428,2.005589,0,0.07202095,-0.07202095,4.838166,34.55826,0.02611938,0.07526189,0,0,2.005589
4/9/2007 1:00:00 AM,0,0,-139.3618,90,0,0,0.09814437,0.09814437,0,-1,0,0.09814437,0,0,1.387779E-17,0,0,0.1033099,0.09814437,0,0,9.657451,1.933569,0,0.1033099,-0.1033099,4.729268,33.78041,0.02611938,0.1079588,0,0,1.933569
4/9/2007 2:00:00 AM,0,0,-118.2168,90,0,0,0,0,0,-1,0,0,0,0,0,0,0,0,0,0,0,9.77224,1.830259,0,0,0,4.729268,33.78041,0.02611938,0,0,0,1.830259
4/9/2007 3:00:00 AM,0,0,-108.5939,90,0,0,0.1005111,0.1005111,0,-1,0,0.1005111,0,0,0,0,0,0.1058012,0.1005111,0,0,9.77224,1.830259,0,0.1058012,-0.1058012,4.617743,32.98381,0.02611938,0.1105622,0,0,1.830259
4/9/2007 4:00:00 AM,0,0,-103.1742,90,0,0,0.03402063,0.03402063,0,-1,0,0.03402063,0,0,0,0,0,0.03581119,0.03402063,0,0,9.889796,1.724458,0,0.03581119,-0.03581119,4.579995,32.71418,0.02611938,0.0374227,0,0,1.724458
4/9/2007 5:00:00 AM,0,0,-99.59482,90,0,0,0.007707226,0.007707226,0,0,0,0.007707226,0,0,0,0,0,0.008112869,0.007707226,0,0,9.929586,1.688646,0,0.008112869,-0.008112869,4.571444,32.6531,0.02611938,0.008477949,0,0,1.688646
4/9/2007 6:00:00 AM,0.02523001,0,-96.93513,90,0,0,0.1335185,0.1335185,0,0,0,0.1335185,0,0,2.775558E-17,0,0,0.1405458,0.1335185,0,0,9.938601,1.680533,0,0.1405458,-0.1405458,4.423295,31.5949,0.02611938,0.1468703,0,0,1.680533
4/9/2007 7:00:00 AM,0.1929148,14.20651,-94.753,76.7168,0.1846727,0.828811,0,0,0,0,0,0,0,0,0,0,0.828811,0,0,0,0,10.09476,1.539988,0.828811,0,0.828811,5.209574,37.21117,0.02609029,0,0.6630488,0,2.368799
4/9/2007 8:00:00 AM,0.3369528,28.98858,-92.77618,61.83741,0.3320777,1.490365,0.6358071,0.6358071,0,0,0,0.6358071,234.4052,0,0,0,1.490365,0.6692706,0.6358071,0,0,9.265952,2.285918,0.821094,0,0.821094,5.988533,42.77515,0.02606154,0.6993878,1.192292,0,3.776282
4/9/2007 9:00:00 AM,0.4358465,43.7953,-90.74998,46.99834,0.4324481,1.940827,1.153834,1.153834,0,-1,0,1.153834,168.2067,0,0,0,1.940827,1.214563,1.153834,0,0,8.444858,3.024902,0.7262645,0,0.7262645,6.677527,47.69653,0.02603616,1.269218,1.552662,0,4.965729
4/9/2007 10:00:00 AM,0.5403333,58.60832,-88.21931,32.26553,0.5371042,2.410524,1.446067,1.446067,0,0,0,1.446067,166.6952,0,0,0,2.410524,1.522175,1.446067,0,0,7.718593,3.67854,0.8883482,0,0.8883482,7.520288,53.71624,0.02600519,1.590673,1.928419,0,6.089064
4/9/2007 11:00:00 AM,0.8235984,73.38621,-83.41498,17.91395,0.8190531,3.67591,0.4506092,0.4506092,0,0,0,0.4506092,815.7646,0,0,0,3.67591,0.4743254,0.4506092,0,0,6.830245,4.478054,3.201585,0,3.201585,10.55758,75.41113,0.02589416,0.4956701,2.940728,0,8.153964
4/9/2007 12:00:00 PM,0.9186019,87.235,-35.59077,6.97024,0.9140739,4.102364,0.2665703,0.2665703,0,0,0,0.2665703,1538.942,0.1931031,0,0,4.102364,0.2806004,0.2665703,0,0,3.62866,7.35948,3.62866,0,3.62866,14.00003,100,0.02576946,0.2932274,3.281891,0,11.46184
4/9/2007 1:00:00 PM,0.7964594,76.55829,81.32379,14.97199,0.7922849,3.555775,0.9921857,0.9921857,0,0,0,0.9921857,358.378,2.511369,0,0,3.555775,1.044406,0.9921857,0,0,0,10.62527,0,0,0,14.00003,100,0.02576946,1.091404,2.84462,0,14.18105
4/9/2007 2:00:00 PM,0.5286204,61.8062,87.50271,29.11343,0.5256748,2.359229,0.5874461,0.5874461,0,-1,0,0.5874461,401.6077,1.740864,0,0,2.359229,0.6183643,0.5874461,0,0,0,10.62527,0,0,0,14.00003,100,0.02576946,0.6461907,1.887383,0,12.9845
4/9/2007 3:00:00 PM,0.5879248,46.99527,90.27096,43.80303,0.5822793,2.61327,0.2637562,0.2637562,0,0,0,0.2637562,990.7897,2.335631,0,0,2.61327,0.2776381,0.2637562,0,0,0,10.62527,0,0,0,14.00003,100,0.02576946,0.2901319,2.090616,0,13.23854
4/9/2007 4:00:00 PM,0.5228266,32.18547,92.35291,58.62732,0.5124426,2.299843,0.3649456,0.3649456,0,0,0,0.3649456,630.1877,1.915689,0,0,2.299843,0.3841533,0.3649456,0,0,0,10.62527,0,0,0,14.00003,100,0.02576946,0.4014402,1.839874,0,12.92512
4/9/2007 5:00:00 PM,0.1120426,17.3966,94.31668,73.50085,0.1112659,0.4993615,2.241729,2.241729,0,0,0,2.241729,22.27572,0,0,0,0.4993615,2.359715,2.241729,0,0,0,10.62527,0,1.860354,-1.860354,12.03904,85.99299,0.02576946,2.465903,0.3994892,0,11.12464
4/9/2007 6:00:00 PM,0.03873519,2.647393,96.43407,88.39301,0.03254093,0.1460437,0.993874,0.993874,0,0,0,0.993874,14.69439,0,2.220446E-16,0,0.1460437,1.046183,0.993874,0,0,2.06706,8.76492,0,0.9001395,-0.9001395,11.09021,79.21564,0.02576946,1.093261,0.116835,0,8.910964
4/9/2007 7:00:00 PM,0,0,98.96191,90,0,0,1.865212,1.865212,0,-1,0,1.865212,0,0,2.220446E-16,0,0,1.963381,1.865212,0,0,3.067215,7.864781,0,1.963381,-1.963381,9.020627,64.43292,0.02576946,2.051733,0,0,7.864781
4/9/2007 8:00:00 PM,0,0,102.2887,90,0,0,0,0,0,-1,0,0,0,0,0,0,0,0,0,0,0,5.248749,5.9014,0,0,0,9.020627,64.43292,0.02576946,0,0,0,5.9014
4/9/2007 9:00:00 PM,0,0,107.1864,90,0,0,1.224403,1.224403,0,-1,0,1.224403,0,0,2.220446E-16,0,0,1.288845,1.224403,0,0,5.248749,5.9014,0,1.288845,-1.288845,7.662066,54.72893,0.02576946,1.346843,0,0,5.9014
4/9/2007 10:00:00 PM,0,0,115.5481,90,0,0,0.4182151,0.4182151,0,-1,0,0.4182151,0,0,5.551115E-17,0,0,0.4402264,0.4182151,0,0,6.680799,4.612555,0,0.4402264,-0.4402264,7.198026,51.41437,0.02576946,0.4600366,0,0,4.612555
4/9/2007 11:00:00 PM,0,0,133.0651,90,0,0,0.02301827,0.02301827,0,-1,0,0.02301827,0,0,3.469447E-18,0,0,0.02422976,0.02301827,0,0,7.16994,4.172328,0,0.02422976,-0.02422976,7.172485,51.23194,0.02576946,0.0253201,0,0,4.172328
4/10/2007 12:00:00 AM,0,0,174.5077,90,0,0,0.4533741,0.4533741,0,-1,0,0.4533741,0,0,5.551115E-17,0,0,0.4772359,0.4533741,0,0,7.196862,4.148098,0,0.4772359,-0.4772359,6.669435,47.63873,0.02576946,0.4987115,0,0,4.148098
4/10/2007 1:00:00 AM,0,0,-139.902,90,0,0,0.095324,0.095324,0,-1,0,0.095324,0,0,1.387779E-17,0,0,0.1003411,0.095324,0,0,7.727124,3.670863,0,0.1003411,-0.1003411,6.563666,46.88324,0.02576946,0.1048564,0,0,3.670863
4/10/2007 2:00:00 AM,0,0,-118.7775,90,0,0,0.2704682,0.2704682,0,-1,0,0.2704682,0,0,5.551115E-17,0,0,0.2847034,0.2704682,0,0,7.838614,3.570522,0,0.2847034,-0.2847034,6.263562,44.73964,0.02576946,0.2975151,0,0,3.570522
4/10/2007 3:00:00 AM,0,0,-109.0632,90,0,0,0.5127836,0.5127836,0,-1,0,0.5127836,0,0,0,0,0,0.5397722,0.5127836,0,0,8.154951,3.285818,0,0.5397722,-0.5397722,5.694592,40.67558,0.02576946,0.5640619,0,0,3.285818
4/10/2007 4:00:00 AM,0,0,-103.5822,90,0,0,0.390882,0.390882,0,-1,0,0.390882,0,0,5.551115E-17,0,0,0.4114548,0.390882,0,0,8.754698,2.746046,0,0.4114548,-0.4114548,5.260881,37.57764,0.02576946,0.4299702,0,0,2.746046
4/10/2007 5:00:00 AM,0,0,-99.97135,90,0,0,0.2384532,0.2384532,0,0,0,0.2384532,0,0,2.775558E-17,0,0,0.2510034,0.2384532,0,0,9.21187,2.334591,0,0.2510034,-0.2510034,4.9963,35.68779,0.02576946,0.2622985,0,0,2.334591
4/10/2007 6:00:00 AM,0.02726948,0,-97.30402,90,0,0,0.1930809,0.1930809,0,0,0,0.1930809,0,0,2.775558E-17,0,0,0.2032431,0.1930809,0,0,9.490763,2.083588,0,0.2032431,-0.2032431,4.782063,34.15752,0.02576946,0.212389,0,0,2.083588
4/10/2007 7:00:00 AM,0.2363482,14.33037,-95.13726,76.6544,0.2223209,0.997776,0.802307,0.802307,0,0,0,0.802307,124.3634,0,0,0,0.997776,0.8445337,0.802307,0,0,9.716588,1.880345,0.1532423,0,0.1532423,4.927442,35.19594,0.02576422,0.8825377,0.7982208,0,2.878121
4/10/2007 8:00:00 AM,0.2624737,29.10526,-93.20481,61.78923,0.2600075,1.166914,0,0,0,0,0,0,0,0,0,0,1.166914,0,0,0,0,9.563346,2.018263,1.166914,0,1.166914,6.034473,43.10329,0.02572439,0,0.933531,0,3.185177
4/10/2007 9:00:00 AM,0.2236276,43.90779,-91.27138,46.9692,0.222472,0.9984542,0,0,0,-1,0,0,0,0,0,0,0.9984542,0,0,0,0,8.396432,3.068485,0.9984542,0,0.9984542,6.98169,49.86911,0.02569041,0,0.7987634,0,4.06694
4/10/2007 10:00:00 AM,0.8040929,58.72136,-88.94201,32.26797,0.7970169,3.577012,1.182308,1.182308,0,0,0,1.182308,302.5448,0,0,0,3.577012,1.244535,1.182308,0,0,7.397978,3.967094,2.332477,0,2.332477,9.194472,65.67467,0.02561138,1.300539,2.861609,0,7.544106
4/10/2007 11:00:00 AM,0.8273898,73.51447,-84.71718,17.99127,0.8221081,3.689621,0.8787359,0.8787359,0,0,0,0.8787359,419.8783,0,0,0,3.689621,0.9249852,0.8787359,0,0,5.065501,6.066323,2.764636,0,2.764636,11.81724,84.40866,0.02551833,0.9666095,2.951697,0,9.755945
4/10/2007 12:00:00 PM,0.9666824,87.58646,-39.46652,7.329742,0.9609808,4.312882,1.444988,1.444988,0,0,0,1.444988,298.4717,0.4909768,0,0,4.312882,1.521041,1.444988,0,0,2.300865,8.554496,2.300865,0,2.300865,14.00003,100,0.0254414,1.589487,3.450306,0,12.86738
4/10/2007 1:00:00 PM,0.6202492,76.55066,83.01141,15.21248,0.6168933,2.768617,0.8061194,0.8061194,0,0,0,0.8061194,343.45,1.92007,0,0,2.768617,0.8485467,0.8061194,0,0,0,10.62527,0,0,0,14.00003,100,0.0254414,0.8867313,2.214894,0,13.39389
4/10/2007 2:00:00 PM,0.3058306,61.77401,88.33018,29.26972,0.3042973,1.365686,1.637038,1.637038,0,-1,0,1.637038,83.42423,0,0,0,1.365686,1.723198,1.637038,0,0,0,10.62527,0,0.3575114,-0.3575114,13.62318,97.30822,0.0254414,1.800742,1.092549,0,11.99096
4/10/2007 3:00:00 PM,0.1598437,46.96078,90.84396,43.92519,0.1590377,0.7137613,0.8251473,0.8251473,0,0,0,0.8251473,86.50107,0,0,0,0.7137613,0.8685762,0.8251473,0,0,0.3972349,10.26776,0,0.1548149,-0.1548149,13.45999,96.14259,0.0254414,0.9076621,0.571009,0,10.98152
4/10/2007 4:00:00 PM,0.4232799,32.15457,92.81512,58.72953,0.4159504,1.866785,1.50908,1.50908,0,0,0,1.50908,123.7035,0,0,0,1.866785,1.588506,1.50908,0,0,0.5692514,10.11295,0.2782796,0,0.2782796,13.72399,98.02829,0.02543212,1.659989,1.493428,0,11.97973
4/10/2007 5:00:00 PM,0.197897,17.37258,94.72717,73.58846,0.1929716,0.8660567,0.4041154,0.4041154,0,0,0,0.4041154,214.3092,0.1497002,0,0,0.8660567,0.4253846,0.4041154,0,0,0.2909718,10.3634,0.2909718,0,0.2909718,14.00003,100,0.02542244,0.4445269,0.6928453,0,11.22946
4/10/2007 6:00:00 PM,0.04214237,2.633347,96.82671,88.46807,0.0329555,0.1479043,2.912817,2.912817,0,0,0,2.912817,5.077707,0,4.440892E-16,0,0.1479043,3.066123,2.912817,0,0,0,10.62527,0,2.918219,-2.918219,10.92395,78.0281,0.02542244,3.204099,0.1183235,0,10.77318
4/10/2007 7:00:00 PM,0,0,99.36319,90,0,0,2.681317,2.681317,0,-1,0,2.681317,0,0,4.440892E-16,0,0,2.822439,2.681317,0,0,3.242465,7.707055,0,2.822439,-2.822439,7.948843,56.77734,0.02542244,2.949449,0,0,7.707055
4/10/2007 8:00:00 PM,0,0,102.727,90,0,0,1.65218,1.65218,0,-1,0,1.65218,0,0,2.220446E-16,0,0,1.739137,1.65218,0,0,6.378509,4.884616,0,1.739137,-1.739137,6.115632,43.683,0.02542244,1.817398,0,0,4.884616
4/10/2007 9:00:00 PM,0,0,107.7012,90,0,0,1.095891,1.095891,0,-1,0,1.095891,0,0,2.220446E-16,0,0,1.15357,1.095891,0,0,8.310884,3.145479,0,1.15357,-1.15357,4.899663,34.99752,0.02542244,1.20548,0,0,3.145479
4/10/2007 10:00:00 PM,0,0,116.2022,90,0,0,0.290332,0.290332,0,-1,0,0.290332,0,0,0,0,0,0.3056126,0.290332,0,0,9.592628,1.99191,0,0.3056126,-0.3056126,4.577519,32.6965,0.02542244,0.3193652,0,0,1.99191
4/10/2007 11:00:00 PM,0,0,133.9083,90,0,0,0.3020103,0.3020103,0,-1,0,0.3020103,0,0,0,0,0,0.3179055,0.3020103,0,0,9.932197,1.686297,0,0.3179055,-0.3179055,4.242417,30.30292,0.02542244,0.3322113,0,0,1.686297
4/11/2007 12:00:00 AM,0,0,174.8879,90,0,0,0.131452,0.131452,0,-1,0,0.131452,0,0,2.775558E-17,0,0,0.1383705,0.131452,0,0,10.28543,1.368392,0,0.1383705,-0.1383705,4.096562,29.2611,0.02542244,0.1445972,0,0,1.368392
4/11/2007 1:00:00 AM,0,0,-140.4244,90,0,0,0.1897344,0.1897344,0,-1,0,0.1897344,0,0,2.775558E-17,0,0,0.1997204,0.1897344,0,0,10.43917,1.230021,0,0.1997204,-0.1997204,3.886038,27.75736,0.02542244,0.2087078,0,0,1.230021
4/11/2007 2:00:00 AM,0,0,-119.3281,90,0,0,0.2603884,0.2603884,0,-1,0,0.2603884,0,0,0,0,0,0.274093,0.2603884,0,0,10.66108,1.030301,0,0.274093,-0.274093,3.597119,25.69365,0.02542244,0.2864272,0,0,1.030301
4/11/2007 3:00:00 AM,0,0,-109.5271,90,0,0,0.05747037,0.05747037,0,-1,0,0.05747037,0,0,6.938894E-18,0,0,0.06049512,0.05747037,0,0,10.96563,0.7562077,0,0.06049512,-0.06049512,3.533351,25.23817,0.02542244,0.0632174,0,0,0.7562077
4/11/2007 4:00:00 AM,0,0,-103.9868,90,0,0,0.03100199,0.03100199,0,-1,0,0.03100199,0,0,3.469447E-18,0,0,0.03263367,0.03100199,0,0,11.03285,0.6957126,0,0.03263367,-0.03263367,3.498952,24.99247,0.02542244,0.03410219,0,0,0.6957126
4/11/2007 5:00:00 AM,0,0,-100.3455,90,0,0,0.2670235,0.2670235,0,0,0,0.2670235,0,0,5.551115E-17,0,0,0.2810774,0.2670235,0,0,11.06911,0.6630789,0,0.2810774,-0.2810774,3.202671,22.87617,0.02542244,0.2937259,0,0,0.6630789
4/11/2007 6:00:00 AM,0.02596027,0,-97.67102,90,0,0,0.2984187,0.2984187,0,0,0,0.2984187,0,0,5.551115E-17,0,0,0.3141249,0.2984187,0,0,11.38141,0.3820015,0,0.3141249,-0.3141249,2.871554,20.51106,0.02542244,0.3282605,0,0,0.3820015
4/11/2007 7:00:00 AM,0.2077707,14.45217,-95.51994,76.59374,0.1968153,0.8833069,0.06726062,0.06726062,0,0,0,0.06726062,1313.26,0,0,0,0.8833069,0.07080065,0.06726062,0,0,11.73044,0.0678766,0.8125063,0,0.8125063,3.642365,26.01684,0.02539542,0.07398668,0.7066455,0,0.9511835
4/11/2007 8:00:00 AM,0.438669,29.21919,-93.63216,61.7435,0.4277686,1.919826,1.674781,1.674781,4.648245,0,1.433971,1.674781,114.6315,0,0,0,1.919826,0,0,2.973464,2.824791,10.91794,0.7991322,4.744617,0,4.744617,8.143503,58.16777,0.02657862,1.842259,1.53586,5,2.718958
4/11/2007 9:00:00 AM,0.7208716,44.01653,-91.79196,46.94345,0.7097005,3.185136,0.08831906,0.08831906,0,-1,0,0.08831906,3606.397,0,0,0,3.185136,0.09296744,0.08831906,0,0,6.173319,5.069287,3.092168,0,3.092168,11.07699,79.12122,0.02647223,0.09715097,2.548109,0,8.254423
4/11/2007 10:00:00 AM,0.929354,58.82897,-89.66548,32.27537,0.9198079,4.128098,0.5885074,0.5885074,0,0,0,0.5885074,701.4521,0.4274658,0,0,4.128098,0.6194814,0.5885074,0,0,3.08115,7.852239,3.08115,0,3.08115,14.00003,100,0.02636706,0.6473581,3.302478,0,11.98034
4/11/2007 11:00:00 AM,0.9454147,73.63314,-86.03162,18.07673,0.9381673,4.210495,1.196387,1.196387,0,0,0,1.196387,351.9343,2.951141,0,0,4.210495,1.259354,1.196387,0,0,0,10.62527,0,0,0,14.00003,100,0.02636706,1.316025,3.368396,0,14.83577
4/11/2007 12:00:00 PM,0.9673191,87.92087,-44.61126,7.690608,0.9606977,4.311611,0.05728491,0.05728491,0,0,0,0.05728491,7526.609,4.251311,0,0,4.311611,0.0602999,0.05728491,0,0,0,10.62527,0,0,0,14.00003,100,0.02636706,0.0630134,3.449289,0,14.93689
4/11/2007 1:00:00 PM,0.9712329,76.53271,84.68614,15.457,0.9640214,4.326528,0.5370295,0.5370295,0,0,0,0.5370295,805.6406,3.761234,0,0,4.326528,0.5652943,0.5370295,0,0,0,10.62527,0,0,0,14.00003,100,0.02636706,0.5907325,3.461223,0,14.9518
4/11/2007 2:00:00 PM,0.8220657,61.73784,89.15112,29.42839,0.8144925,3.655442,0.2706068,0.2706068,0,-1,0,0.2706068,1350.832,3.370593,0,0,3.655442,0.2848493,0.2706068,0,0,0,10.62527,0,0,0,14.00003,100,0.02636706,0.2976675,2.924354,0,14.28072
4/11/2007 3:00:00 PM,0.7373439,46.92441,91.41296,44.04842,0.7270107,3.262824,0.07039474,0.07039474,0,0,0,0.07039474,4635.04,3.188725,0,0,3.262824,0.07409973,0.07039474,0,0,0,10.62527,0,0,0,14.00003,100,0.02636706,0.07743421,2.610259,0,13.8881
4/11/2007 4:00:00 PM,0.5667601,32.12293,93.27438,58.83191,0.5530146,2.481929,0.07474594,0.07474594,0,0,0,0.07474594,3320.487,2.40325,0,0,2.481929,0.07867993,0.07474594,0,0,0,10.62527,0,0,0,14.00003,100,0.02636706,0.08222053,1.985543,0,13.1072
4/11/2007 5:00:00 PM,0.3077884,17.34863,95.13519,73.67558,0.291545,1.308454,0.1412542,0.1412542,0,0,0,0.1412542,926.3115,1.159765,0,0,1.308454,0.1486886,0.1412542,0,0,0,10.62527,0,0,0,14.00003,100,0.02636706,0.1553796,1.046763,0,11.93373
4/11/2007 6:00:00 PM,0.05453826,2.620019,97.21706,88.54202,0.03375534,0.151494,0.8411753,0.8411753,0,0,0,0.8411753,18.0098,0,0,0,0.151494,0.8854477,0.8411753,0,0,0,10.62527,0,0.7339538,-0.7339538,13.22637,94.4739,0.02636706,0.9252928,0.1211952,0,10.77677
4/11/2007 7:00:00 PM,0,0,99.76213,90,0,0,2.149722,2.149722,0,-1,0,2.149722,0,0,4.440892E-16,0,0,2.262865,2.149722,0,0,0.8155042,9.89132,0,2.262865,-2.262865,10.8411,77.43629,0.02636706,2.364694,0,0,9.89132
4/11/2007 8:00:00 PM,0,0,103.1625,90,0,0,0,0,0,-1,0,0,0,0,0,0,0,0,0,0,0,3.329799,7.628455,0,0,0,10.8411,77.43629,0.02636706,0,0,0,7.628455
4/11/2007 9:00:00 PM,0,0,108.2121,90,0,0,3.878219,3.33,0,-1,0,3.33,0,0,0.5482187,0.9360405,0,3.505263,3.33,0,0,3.329799,7.628455,0,3.505263,-3.505263,7.146232,51.04441,0.02636706,4.26604,0,0,7.628455
4/11/2007 10:00:00 PM,0,0,116.8486,90,0,0,0.07551535,0.07551535,0,-1,0,0.07551535,0,0,1.387779E-17,0,0,0.07948984,0.07551535,0,0,7.224536,4.123192,0,0.07948984,-0.07948984,7.062442,50.44591,0.02636706,0.08306688,0,0,4.123192
4/11/2007 11:00:00 PM,0,0,134.7309,90,0,0,0.09155924,0.09155924,0,-1,0,0.09155924,0,0,1.387779E-17,0,0,0.09637815,0.09155924,0,0,7.312858,4.043702,0,0.09637815,-0.09637815,6.96085,49.72026,0.02636706,0.1007152,0,0,4.043702
4/12/2007 12:00:00 AM,0,0,175.2468,90,0,0,0.4625766,0.4625766,0,-1,0,0.4625766,0,0,5.551115E-17,0,0,0.4869228,0.4625766,0,0,7.419945,3.947324,0,0.4869228,-0.4869228,6.447589,46.05411,0.02636706,0.5088343,0,0,3.947324
4/12/2007 1:00:00 AM,0,0,-140.9299,90,0,0,0.1081109,0.1081109,0,-1,0,0.1081109,0,0,0,0,0,0.113801,0.1081109,0,0,7.96097,3.460401,0,0.113801,-0.113801,6.327632,45.19728,0.02636706,0.118922,0,0,3.460401
4/12/2007 2:00:00 AM,0,0,-119.8689,90,0,0,0.360736,0.360736,0,-1,0,0.360736,0,0,5.551115E-17,0,0,0.3797221,0.360736,0,0,8.087416,3.3466,0,0.3797221,-0.3797221,5.92737,42.33827,0.02636706,0.3968096,0,0,3.3466
4/12/2007 3:00:00 AM,0,0,-109.9858,90,0,0,0.3793194,0.3793194,0,-1,0,0.3793194,0,0,0,0,0,0.3992836,0.3793194,0,0,8.509329,2.966878,0,0.3992836,-0.3992836,5.506488,39.33198,0.02636706,0.4172514,0,0,2.966878
4/12/2007 4:00:00 AM,0,0,-104.3881,90,0,0,0.3716683,0.3716683,0,-1,0,0.3716683,0,0,5.551115E-17,0,0,0.3912298,0.3716683,0,0,8.952977,2.567595,0,0.3912298,-0.3912298,5.094095,36.38632,0.02636706,0.4088352,0,0,2.567595
4/12/2007 5:00:00 AM,0,0,-100.7171,90,0,0,0.2956215,0.2956215,0,0,0,0.2956215,0,0,0,0,0,0.3111805,0.2956215,0,0,9.387677,2.176365,0,0.3111805,-0.3111805,4.766082,34.04338,0.02636706,0.3251836,0,0,2.176365
4/12/2007 6:00:00 AM,0.02366503,0,-98.03602,90,0,0,0.1342432,0.1342432,0,0,0,0.1342432,0,0,2.775558E-17,0,0,0.1413086,0.1342432,0,0,9.733434,1.865184,0,0.1413086,-0.1413086,4.61713,32.97943,0.02636706,0.1476675,0,0,1.865184
4/12/2007 7:00:00 AM,0.2238188,14.57181,-95.90094,76.53488,0.2101685,0.9432364,0.2744658,0.2744658,0,0,0,0.2744658,343.6626,0,0,0,0.9432364,0.2889114,0.2744658,0,0,9.890443,1.723876,0.654325,0,0.654325,5.237877,37.41333,0.02634483,0.3019124,0.7545891,0,2.667112
4/12/2007 8:00:00 AM,0.3979489,29.33027,-94.05806,61.70027,0.3887152,1.744554,0.603505,0.603505,0,0,0,0.603505,289.0703,0,0,0,1.744554,0.6352684,0.603505,0,0,9.236118,2.312768,1.109285,0,1.109285,6.290237,44.93018,0.02630723,0.6638556,1.395643,0,4.057322
4/12/2007 9:00:00 AM,0.5438923,44.12145,-92.31151,46.92115,0.5367483,2.408926,1.649055,1.649055,0,-1,0,1.649055,146.0792,0,0,0,2.408926,1.735847,1.649055,0,0,8.126833,3.311125,0.673079,0,0.673079,6.928776,49.49116,0.02628447,1.81396,1.927141,0,5.720051
4/12/2007 10:00:00 AM,0.6919236,58.93109,-90.38927,32.28772,0.6852589,3.075442,1.620328,1.620328,0,0,0,1.620328,189.8037,0,0,0,3.075442,1.705608,1.620328,0,0,7.453753,3.916896,1.369834,0,1.369834,8.228315,58.77356,0.02623827,1.782361,2.460354,0,6.992338
4/12/2007 11:00:00 AM,0.8963041,73.7421,-87.35658,18.17011,0.8887154,3.988555,2.607054,2.607054,0,0,0,2.607054,152.9909,0,0,0,3.988555,2.744267,2.607054,0,0,6.08392,5.149746,1.244288,0,1.244288,9.408751,67.20522,0.02619645,2.867759,3.190844,0,9.138302
4/12/2007 12:00:00 PM,0.9500584,88.2299,-51.61207,8.052226,0.9427081,4.230874,0.01004558,0.01004558,0,0,0,0.01004558,42116.78,0,0,0,4.230874,0.01057429,0.01004558,0,0,4.839632,6.269606,4.2203,0,4.2203,13.41248,95.80322,0.02605557,0.01105014,3.384699,0,10.50048
4/12/2007 1:00:00 PM,0.8444153,76.50475,86.34516,15.70508,0.8377506,3.759825,0.2375127,0.2375127,0,0,0,0.2375127,1583,2.890479,0,0,3.759825,0.2500133,0.2375127,0,0,0.619332,10.06787,0.619332,0,0.619332,14.00003,100,0.02603503,0.2612639,3.00786,0,13.8277
4/12/2007 2:00:00 PM,0.6473913,61.69786,89.96515,29.5892,0.6420206,2.881388,0.6700727,0.6700727,0,-1,0,0.6700727,430.0113,2.176049,0,0,2.881388,0.7053396,0.6700727,0,0,0,10.62527,0,0,0,14.00003,100,0.02603503,0.7370799,2.305111,0,13.50666
4/12/2007 3:00:00 PM,0.6506827,46.88631,91.97778,44.17253,0.6414585,2.878866,1.15092,1.15092,0,0,0,1.15092,250.136,1.667371,0,0,2.878866,1.211495,1.15092,0,0,0,10.62527,0,0,0,14.00003,100,0.02603503,1.266012,2.303092,0,13.50414
4/12/2007 4:00:00 PM,0.474333,32.09068,93.73058,58.93435,0.4632054,2.078866,0.7841209,0.7841209,0,0,0,0.7841209,265.1205,1.253475,0,0,2.078866,0.8253905,0.7841209,0,0,0,10.62527,0,0,0,14.00003,100,0.02603503,0.862533,1.663093,0,12.70414
4/12/2007 5:00:00 PM,0.2465516,17.32483,95.54064,73.76208,0.2354623,1.056755,0.06724796,0.06724796,0,0,0,0.06724796,1571.43,0.9859673,0,0,1.056755,0.07078733,0.06724796,0,0,0,10.62527,0,0,0,14.00003,100,0.02603503,0.07397276,0.8454037,0,11.68203
4/12/2007 6:00:00 PM,0.03807294,2.607481,97.60502,88.61475,0.03096795,0.1389842,1.41547,1.41547,0,0,0,1.41547,9.818945,0,2.220446E-16,0,0.1389842,1.489968,1.41547,0,0,0,10.62527,0,1.350984,-1.350984,12.57597,89.82815,0.02603503,1.557016,0.1111873,0,10.76426
4/12/2007 7:00:00 PM,0,0,100.1586,90,0,0,0,0,0,-1,0,0,0,0,0,0,0,0,0,0,0,1.501093,9.27429,0,0,0,12.57597,89.82815,0.02603503,0,0,0,9.27429
4/12/2007 8:00:00 PM,0,0,103.5951,90,0,0,1.9484,1.9484,0,-1,0,1.9484,0,0,0,0,0,2.050947,1.9484,0,0,1.501093,9.27429,0,2.050947,-2.050947,10.41408,74.38612,0.02603503,2.14324,0,0,9.27429
4/12/2007 9:00:00 PM,0,0,108.7188,90,0,0,2.152015,2.152015,0,-1,0,2.152015,0,0,0,0,0,2.265279,2.152015,0,0,3.779923,7.223343,0,2.265279,-2.265279,8.026265,57.33035,0.02603503,2.367216,0,0,7.223343
4/12/2007 10:00:00 PM,0,0,117.4872,90,0,0,0.2198555,0.2198555,0,-1,0,0.2198555,0,0,2.775558E-17,0,0,0.2314268,0.2198555,0,0,6.296899,4.958065,0,0.2314268,-0.2314268,7.78232,55.58788,0.02603503,0.241841,0,0,4.958065
4/12/2007 11:00:00 PM,0,0,135.5328,90,0,0,0.4092484,0.4092484,0,-1,0,0.4092484,0,0,5.551115E-17,0,0,0.4307878,0.4092484,0,0,6.55404,4.726638,0,0.4307878,-0.4307878,7.328229,52.34439,0.02603503,0.4501732,0,0,4.726638
4/13/2007 12:00:00 AM,0,0,175.5856,90,0,0,0,0,0,-1,0,0,0,0,0,0,0,0,0,0,0,7.032693,4.29585,0,0,0,7.328229,52.34439,0.02603503,0,0,0,4.29585
4/13/2007 1:00:00 AM,0,0,-141.4195,90,0,0,0.2463768,0.2463768,0,-1,0,0.2463768,0,0,2.775558E-17,0,0,0.259344,0.2463768,0,0,7.032693,4.29585,0,0.259344,-0.259344,7.054857,50.39173,0.02603503,0.2710145,0,0,4.29585
4/13/2007 2:00:00 AM,0,0,-120.4001,90,0,0,0,0,0,-1,0,0,0,0,0,0,0,0,0,0,0,7.320853,4.036506,0,0,0,7.054857,50.39173,0.02603503,0,0,0,4.036506
4/13/2007 3:00:00 AM,0,0,-110.439,90,0,0,0.05583591,0.05583591,0,-1,0,0.05583591,0,0,6.938894E-18,0,0,0.05877465,0.05583591,0,0,7.320853,4.036506,0,0.05877465,-0.05877465,6.992903,49.9492,0.02603503,0.06141951,0,0,4.036506
4/13/2007 4:00:00 AM,0,0,-104.7859,90,0,0,0.07363475,0.07363475,0,-1,0,0.07363475,0,0,1.387779E-17,0,0,0.07751027,0.07363475,0,0,7.386158,3.977731,0,0.07751027,-0.07751027,6.9112,49.36561,0.02603503,0.08099823,0,0,3.977731
4/13/2007 5:00:00 AM,0,0,-101.0861,90,0,0,0.07413553,0.07413553,0,0,0,0.07413553,0,0,1.387779E-17,0,0,0.0780374,0.07413553,0,0,7.472281,3.900221,0,0.0780374,-0.0780374,6.828941,48.77805,0.02603503,0.08154909,0,0,3.900221
4/13/2007 6:00:00 AM,0.02032554,0,-98.39892,90,0,0,0.1411939,0.1411939,0,0,0,0.1411939,0,0,0,0,0,0.1486251,0.1411939,0,0,7.55899,3.822184,0,0.1486251,-0.1486251,6.672276,47.65902,0.02603503,0.1553133,0,0,3.822184
4/13/2007 7:00:00 AM,0.2171606,14.68921,-96.28013,76.47791,0.2040053,0.9155757,0,0,0,0,0,0,0,0,0,0,0.9155757,0,0,0,0,7.724128,3.673559,0.9155757,0,0.9155757,7.540868,53.86324,0.02600471,0,0.7324606,0,4.589134
4/13/2007 8:00:00 AM,0.4773136,29.43842,-94.48238,61.65959,0.4629221,2.077594,0.8289061,0.8289061,0,0,0,0.8289061,250.6429,0,0,0,2.077594,0.8725327,0.8289061,0,0,6.808553,4.497577,1.205061,0,1.205061,8.68409,62.02909,0.02596493,0.9117967,1.662075,0,6.575171
4/13/2007 9:00:00 AM,0.6116008,44.22248,-92.82979,46.9023,0.601634,2.700134,0.4406323,0.4406323,0,-1,0,0.4406323,612.7862,0,0,0,2.700134,0.4638234,0.4406323,0,0,5.603491,5.582132,2.23631,0,2.23631,10.80564,77.18298,0.0258914,0.4846955,2.160107,0,8.282266
4/13/2007 10:00:00 AM,0.9592313,59.02764,-91.1129,32.30499,0.947188,4.25098,0.8914676,0.8914676,0,0,0,0.8914676,476.8518,0,0,0,4.25098,0.938387,0.8914676,0,0,3.367181,7.594811,3.312593,0,3.312593,13.94824,99.6301,0.02578326,0.9806144,3.400784,0,11.84579
4/13/2007 11:00:00 AM,1.018882,73.84122,-88.69022,18.27115,1.008899,4.527938,1.266849,1.266849,0,0,0,1.266849,357.4174,3.139825,0,0,4.527938,1.333525,1.266849,0,0,0.0545882,10.57615,0.0545882,0,0.0545882,14.00003,100,0.02578149,1.393533,3.62235,0,15.10408
4/13/2007 12:00:00 PM,0.9873582,88.49957,-61.29634,8.414068,0.9786847,4.392337,0.7703984,0.7703984,0,0,0,0.7703984,570.1384,3.581391,0,0,4.392337,0.8109457,0.7703984,0,0,0,10.62527,0,0,0,14.00003,100,0.02578149,0.8474382,3.513869,0,15.01761
4/13/2007 1:00:00 PM,0.8835462,76.46711,87.98579,15.95623,0.8755814,3.929609,1.365811,1.365811,0,0,0,1.365811,287.7125,2.491913,0,0,3.929609,1.437696,1.365811,0,0,0,10.62527,0,0,0,14.00003,100,0.02578149,1.502392,3.143687,0,14.55488
4/13/2007 2:00:00 PM,0.7174369,61.65427,90.77186,29.75192,0.7102041,3.187396,1.675287,1.675287,0,-1,0,1.675287,190.2597,1.423936,0,0,3.187396,1.76346,1.675287,0,0,0,10.62527,0,0,0,14.00003,100,0.02578149,1.842816,2.549917,0,13.81267
4/13/2007 3:00:00 PM,0.6796418,46.84659,92.53822,44.29739,0.6687922,3.00154,0,0,0,0,0,0,0,3.00154,0,0,3.00154,0,0,0,0,0,10.62527,0,0,0,14.00003,100,0.02578149,0,2.401232,0,13.62681
4/13/2007 4:00:00 PM,0.4299748,32.0579,94.18353,59.03671,0.420483,1.887128,0.5173842,0.5173842,0,0,0,0.5173842,364.744,1.342513,0,0,1.887128,0.5446149,0.5173842,0,0,0,10.62527,0,0,0,14.00003,100,0.02578149,0.5691226,1.509702,0,12.5124
4/13/2007 5:00:00 PM,0.248629,17.30128,95.94338,73.84785,0.2365925,1.061827,1.776497,1.776497,0,0,0,1.776497,59.77084,0,0,0,1.061827,1.869997,1.776497,0,0,0,10.62527,0,0.8081695,-0.8081695,13.14814,93.91512,0.02578149,1.954147,0.8494617,0,11.6871
4/13/2007 6:00:00 PM,0.04070102,2.595801,97.99046,88.6862,0.0309015,0.1386859,1.717355,1.717355,0,0,0,1.717355,8.075553,0,0,0,0.1386859,1.807742,1.717355,0,0,0.8979661,9.817104,0,1.669056,-1.669056,11.3888,81.34843,0.02578149,1.889091,0.1109487,0,9.955791
4/13/2007 7:00:00 PM,0,0,100.5524,90,0,0,2.930752,2.930752,0,-1,0,2.930752,0,0,4.440892E-16,0,0,3.085002,2.930752,0,0,2.752473,8.148048,0,3.085002,-3.085002,8.136925,58.12078,0.02578149,3.223827,0,0,8.148048
4/13/2007 8:00:00 PM,0,0,104.0246,90,0,0,1.039319,1.039319,0,-1,0,1.039319,0,0,0,0,0,1.09402,1.039319,0,0,6.180253,5.063046,0,1.09402,-1.09402,6.983727,49.88366,0.02578149,1.143251,0,0,5.063046
4/13/2007 9:00:00 PM,0,0,109.2211,90,0,0,0,0,0,-1,0,0,0,0,0,0,0,0,0,0,0,7.395831,3.969026,0,0,0,6.983727,49.88366,0.02578149,0,0,0,3.969026
4/13/2007 10:00:00 PM,0,0,118.1176,90,0,0,0.03476258,0.03476258,0,-1,0,0.03476258,0,0,6.938894E-18,0,0,0.03659219,0.03476258,0,0,7.395831,3.969026,0,0.03659219,-0.03659219,6.945155,49.60815,0.02578149,0.03823883,0,0,3.969026
4/13/2007 11:00:00 PM,0,0,136.314,90,0,0,0.3040937,0.3040937,0,-1,0,0.3040937,0,0,5.551115E-17,0,0,0.3200987,0.3040937,0,0,7.436489,3.932434,0,0.3200987,-0.3200987,6.607741,47.19806,0.02578149,0.3345031,0,0,3.932434
4/14/2007 12:00:00 AM,0,0,175.9054,90,0,0,0.08727399,0.08727399,0,-1,0,0.08727399,0,0,1.387779E-17,0,0,0.09186735,0.08727399,0,0,7.792154,3.612335,0,0.09186735,-0.09186735,6.510905,46.50637,0.02578149,0.09600138,0,0,3.612335
4/14/2007 1:00:00 AM,0,0,-141.8939,90,0,0,0.3020037,0.3020037,0,-1,0,0.3020037,0,0,0,0,0,0.3178986,0.3020037,0,0,7.894229,3.520468,0,0.3178986,-0.3178986,6.17581,44.11284,0.02578149,0.3322041,0,0,3.520468
4/14/2007 2:00:00 AM,0,0,-120.9218,90,0,0,0.2163035,0.2163035,0,-1,0,0.2163035,0,0,2.775558E-17,0,0,0.2276879,0.2163035,0,0,8.24745,3.202569,0,0.2276879,-0.2276879,5.935806,42.39853,0.02578149,0.2379339,0,0,3.202569
4/14/2007 3:00:00 AM,0,0,-110.8869,90,0,0,0.5813591,0.5813591,0,-1,0,0.5813591,0,0,0,0,0,0.611957,0.5813591,0,0,8.500436,2.974882,0,0.611957,-0.611957,5.290747,37.79097,0.02578149,0.639495,0,0,2.974882
4/14/2007 4:00:00 AM,0,0,-105.1801,90,0,0,0.2420646,0.2420646,0,-1,0,0.2420646,0,0,2.775558E-17,0,0,0.2548048,0.2420646,0,0,9.180388,2.362925,0,0.2548048,-0.2548048,5.022159,35.87249,0.02578149,0.266271,0,0,2.362925
4/14/2007 5:00:00 AM,0,0,-101.4525,90,0,0,0,0,0,0,0,0,0,0,0,0,0,0,0,0,0,9.463505,2.10812,0,0,0,5.022159,35.87249,0.02578149,0,0,0,2.10812
4/14/2007 6:00:00 AM,0.02960883,0.1230401,-98.75964,91.24837,0.005070348,0.02275572,0,0,0,0,0,0,0,0,0,0,0.02275572,0,0,0,0,9.463505,2.10812,0.02275572,0,0.02275572,5.043747,36.02669,0.02578074,0,0.01820458,0,2.130876
4/14/2007 7:00:00 AM,0.2251494,14.80427,-96.65739,76.42287,0.2103281,0.9439527,0,0,0,0,0,0,0,0,0,0,0.9439527,0,0,0,0,9.440749,2.1286,0.9439527,0,0.9439527,5.939259,42.42319,0.0257501,0,0.7551622,0,3.072553
4/14/2007 8:00:00 AM,0.4538893,29.54356,-94.90495,61.62152,0.440018,1.974801,0.5317786,0.5317786,0,0,0,0.5317786,371.3577,0,0,0,1.974801,0.5597669,0.5317786,0,0,8.496797,2.978158,1.415034,0,1.415034,7.281678,52.01188,0.0257043,0.5849564,1.579841,0,4.952958
4/14/2007 9:00:00 AM,0.7290831,44.31956,-93.34657,46.88694,0.714819,3.208107,0.686958,0.686958,0,-1,0,0.686958,467.002,0,0,0,3.208107,0.7231136,0.686958,0,0,7.081762,4.251688,2.484994,0,2.484994,9.639151,68.85094,0.02562425,0.7556537,2.566486,0,7.459795
4/14/2007 10:00:00 AM,0.8449472,59.11858,-91.83592,32.32714,0.833689,3.741596,0.9586499,0.9586499,0,0,0,0.9586499,390.2985,0,0,0,3.741596,1.009105,0.9586499,0,0,4.596768,6.488183,2.732491,0,2.732491,12.23142,87.3671,0.02553681,1.054515,2.993277,0,10.22978
4/14/2007 11:00:00 AM,0.808417,73.9304,-90.03059,18.37961,0.8006837,3.593468,0.9758754,0.9758754,0,0,0,0.9758754,368.2302,0.7019539,0,0,3.593468,1.027237,0.9758754,0,0,1.864277,8.947425,1.864277,0,1.864277,14.00003,100,0.0254775,1.073463,2.874775,0,12.54089
4/14/2007 12:00:00 PM,0.9945394,88.70719,-74.54538,8.775672,0.9848402,4.419963,0,0,0,0,0,0,0,4.419963,0,0,4.419963,0,0,0,0,0,10.62527,0,0,0,14.00003,100,0.0254775,0,3.53597,0,15.04524
4/14/2007 1:00:00 PM,0.9778808,76.42017,89.60556,16.21001,0.9676936,4.343009,1.544792,1.544792,0,0,0,1.544792,281.1388,2.716913,0,0,4.343009,1.626096,1.544792,0,0,0,10.62527,0,0,0,14.00003,100,0.0254775,1.699271,3.474407,0,14.96828
4/14/2007 2:00:00 PM,0.7639033,61.60725,91.57088,29.91632,0.7549993,3.388437,0.8643758,0.8643758,0,-1,0,0.8643758,392.0097,2.478568,0,0,3.388437,0.9098693,0.8643758,0,0,0,10.62527,0,0,0,14.00003,100,0.0254775,0.9508134,2.71075,0,14.01371
4/14/2007 3:00:00 PM,0.582476,46.8054,93.09408,44.42283,0.5740048,2.576133,0.8305065,0.8305065,0,0,0,0.8305065,310.1882,1.701916,0,0,2.576133,0.8742173,0.8305065,0,0,0,10.62527,0,0,0,14.00003,100,0.0254775,0.9135571,2.060907,0,13.20141
4/14/2007 4:00:00 PM,0.479725,32.02472,94.63314,59.13886,0.4666943,2.094524,0.7716974,0.7716974,0,0,0,0.7716974,271.4178,1.282211,0,0,2.094524,0.812313,0.7716974,0,0,0,10.62527,0,0,0,14.00003,100,0.0254775,0.8488671,1.675619,0,12.7198
4/14/2007 5:00:00 PM,0.2277249,17.27805,96.34331,73.93282,0.2177852,0.97742,0,0,0,0,0,0,0,0.97742,0,0,0.97742,0,0,0,0,0,10.62527,0,0,0,14.00003,100,0.0254775,0,0.781936,0,11.60269
4/14/2007 6:00:00 PM,0.03751634,2.585045,98.37325,88.75626,0.02996895,0.1345007,0,0,0,0,0,0,0,0.1345007,0,0,0.1345007,0,0,0,0,0,10.62527,0,0,0,14.00003,100,0.0254775,0,0.1076005,0,10.75978
4/14/2007 7:00:00 PM,0,0,100.9435,90,0,0,0.6647933,0.6647933,0,-1,0,0.6647933,0,0,0,0,0,0.6997824,0.6647933,0,0,0,10.62527,0,0.6997824,-0.6997824,13.26239,94.73119,0.0254775,0.7312726,0,0,10.62527
4/14/2007 8:00:00 PM,0,0,104.4509,90,0,0,4.411186,3.33,0,-1,0,3.33,0,0,1.081186,1.522304,0,3.505263,3.33,0,0,0.777536,9.925491,0,3.505263,-3.505263,9.567521,68.33929,0.0254775,4.852304,0,0,9.925491
4/14/2007 9:00:00 PM,0,0,109.7188,90,0,0,1.514064,1.514064,0,-1,0,1.514064,0,0,2.220446E-16,0,0,1.593751,1.514064,0,0,4.672273,6.420228,0,1.593751,-1.593751,7.887559,56.3396,0.0254775,1.66547,0,0,6.420228
4/14/2007 10:00:00 PM,0,0,118.7395,90,0,0,0.5310058,0.5310058,0,-1,0,0.5310058,0,0,1.110223E-16,0,0,0.5589535,0.5310058,0,0,6.443108,4.826478,0,0.5589535,-0.5589535,7.298371,52.13111,0.0254775,0.5841064,0,0,4.826478
4/14/2007 11:00:00 PM,0,0,137.0748,90,0,0,0.2041837,0.2041837,0,-1,0,0.2041837,0,0,2.775558E-17,0,0,0.2149302,0.2041837,0,0,7.064167,4.267524,0,0.2149302,-0.2149302,7.071815,50.51286,0.0254775,0.2246021,0,0,4.267524
4/15/2007 12:00:00 AM,0,0,176.2071,90,0,0,0.3591675,0.3591675,0,-1,0,0.3591675,0,0,5.551115E-17,0,0,0.3780711,0.3591675,0,0,7.302979,4.052594,0,0.3780711,-0.3780711,6.673293,47.66628,0.0254775,0.3950843,0,0,4.052594
4/15/2007 1:00:00 AM,0,0,-142.3539,90,0,0,0,0,0,-1,0,0,0,0,0,0,0,0,0,0,0,7.723057,3.674523,0,0,0,6.673293,47.66628,0.0254775,0,0,0,3.674523
4/15/2007 2:00:00 AM,0,0,-121.434,90,0,0,0.190356,0.190356,0,-1,0,0.190356,0,0,0,0,0,0.2003748,0.190356,0,0,7.723057,3.674523,0,0.2003748,-0.2003748,6.462079,46.15762,0.0254775,0.2093916,0,0,3.674523
4/15/2007 3:00:00 AM,0,0,-111.3294,90,0,0,0.3235719,0.3235719,0,-1,0,0.3235719,0,0,5.551115E-17,0,0,0.340602,0.3235719,0,0,7.945696,3.474148,0,0.340602,-0.340602,6.103053,43.59315,0.0254775,0.3559291,0,0,3.474148
4/15/2007 4:00:00 AM,0,0,-105.5707,90,0,0,0,0,0,-1,0,0,0,0,0,0,0,0,0,0,0,8.324142,3.133546,0,0,0,6.103053,43.59315,0.0254775,0,0,0,3.133546
4/15/2007 5:00:00 AM,0,0,-101.8161,90,0,0,0,0,0,0,0,0,0,0,0,0,0,0,0,0,0,8.324142,3.133546,0,0,0,6.103053,43.59315,0.0254775,0,0,0,3.133546
4/15/2007 6:00:00 AM,0.03505765,0.2485556,-99.11806,91.17997,0.002372055,0.01064578,0,0,0,0,0,0,0,0,0,0,0.01064578,0,0,0,0,8.324142,3.133546,0.01064578,0,0.01064578,6.113153,43.66529,0.02547716,0,0.008516627,0,3.144192
4/15/2007 7:00:00 AM,0.2784618,14.91691,-97.03263,76.36986,0.2564691,1.151033,0.6327026,0.6327026,0,0,0,0.6327026,181.9233,0,0,0,1.151033,0.6660028,0.6327026,0,0,8.313497,3.143127,0.4850305,0,0.4850305,6.573293,46.952,0.02546177,0.6959729,0.9208266,0,4.29416
4/15/2007 8:00:00 AM,0.4724914,29.64563,-95.32563,61.5861,0.456771,2.049988,0.9976081,0.9976081,0,0,0,0.9976081,205.4903,0,0,0,2.049988,1.050114,0.9976081,0,0,7.828466,3.579654,0.9998744,0,0.9998744,7.521857,53.72744,0.02543011,1.097369,1.639991,0,5.629642
4/15/2007 9:00:00 AM,0.7381301,44.41262,-93.8616,46.87507,0.722678,3.243379,1.14081,1.14081,0,-1,0,1.14081,284.3049,0,0,0,3.243379,1.200853,1.14081,0,0,6.828592,4.479541,2.042526,0,2.042526,9.459567,67.56821,0.02536568,1.254891,2.594703,0,7.72292
4/15/2007 10:00:00 AM,0.7228433,59.20386,-92.55785,32.35413,0.7136548,3.202883,0.5233041,0.5233041,0,0,0,0.5233041,612.05,0,0,0,3.202883,0.5508464,0.5233041,0,0,4.786066,6.317815,2.652036,0,2.652036,11.97551,85.53918,0.02528251,0.5756345,2.562306,0,9.520698
4/15/2007 11:00:00 AM,0.8793856,74.00961,-91.37566,18.4952,0.8696157,3.902835,0.6139754,0.6139754,0,0,0,0.6139754,635.6664,1.122516,0,0,3.902835,0.6462899,0.6139754,0,0,2.134029,8.704648,2.134029,0,2.134029,14.00003,100,0.02521598,0.675373,3.122268,0,12.60748
4/15/2007 12:00:00 PM,1.015947,88.82208,-91.41393,9.136633,1.00501,4.510485,0.9159753,0.9159753,0,0,0,0.9159753,492.4243,3.5463,0,0,4.510485,0.9641845,0.9159753,0,0,0,10.62527,0,0,0,14.00003,100,0.02521598,1.007573,3.608388,0,15.13576
4/15/2007 1:00:00 PM,0.9716127,76.36431,91.20223,16.46599,0.9605593,4.31099,0.7551868,0.7551868,0,0,0,0.7551868,570.8508,3.516057,0,0,4.31099,0.7949334,0.7551868,0,0,0,10.62527,0,0,0,14.00003,100,0.02521598,0.8307055,3.448792,0,14.93626
4/15/2007 2:00:00 PM,0.8486964,61.557,92.36188,30.08216,0.8371149,3.756971,0.1098413,0.1098413,0,-1,0,0.1098413,3420.365,3.641349,0,0,3.756971,0.1156224,0.1098413,0,0,0,10.62527,0,0,0,14.00003,100,0.02521598,0.1208254,3.005577,0,14.38225
4/15/2007 3:00:00 PM,0.6718059,46.76287,93.6452,44.54868,0.6594983,2.959828,1.027063,1.027063,0,0,0,1.027063,288.1837,1.878709,0,0,2.959828,1.081119,1.027063,0,0,0,10.62527,0,0,0,14.00003,100,0.02521598,1.12977,2.367863,0,13.5851
4/15/2007 4:00:00 PM,0.5151721,31.99123,95.07925,59.24068,0.4993769,2.241204,0.331943,0.331943,0,0,0,0.331943,675.1773,1.89179,0,0,2.241204,0.3494137,0.331943,0,0,0,10.62527,0,0,0,14.00003,100,0.02521598,0.3651373,1.792963,0,12.86648
4/15/2007 5:00:00 PM,0.2593791,17.25523,96.74028,74.01685,0.2444554,1.097116,0,0,0,0,0,0,0,1.097116,0,0,1.097116,0,0,0,0,0,10.62527,0,0,0,14.00003,100,0.02521598,0,0.8776928,0,11.72239
4/15/2007 6:00:00 PM,0.04183555,2.575278,98.75329,88.82485,0.0297108,0.1333421,0.9080936,0.9080936,0,0,0,0.9080936,14.68374,0,0,0,0.1333421,0.955888,0.9080936,0,0,0,10.62527,0,0.8225459,-0.8225459,13.13299,93.80687,0.02521598,0.9989029,0.1066737,0,10.75862
4/15/2007 7:00:00 PM,0,0,101.3317,90,0,0,0.1788956,0.1788956,0,-1,0,0.1788956,0,0,0,0,0,0.1883111,0.1788956,0,0,0.9139399,9.802729,0,0.1883111,-0.1883111,12.93449,92.38904,0.02521598,0.1967851,0,0,9.802729
4/15/2007 8:00:00 PM,0,0,104.8738,90,0,0,0.4476759,0.4476759,0,-1,0,0.4476759,0,0,0,0,0,0.4712377,0.4476759,0,0,1.123174,9.614417,0,0.4712377,-0.4712377,12.43776,88.84099,0.02521598,0.4924435,0,0,9.614417
4/15/2007 9:00:00 PM,0,0,110.2118,90,0,0,0.7371017,0.7371017,0,-1,0,0.7371017,0,0,0,0,0,0.7758966,0.7371017,0,0,1.646772,9.143179,0,0.7758966,-0.7758966,11.6199,82.99909,0.02521598,0.8108119,0,0,9.143179
4/15/2007 10:00:00 PM,0,0,119.3527,90,0,0,0.1346486,0.1346486,0,-1,0,0.1346486,0,0,0,0,0,0.1417354,0.1346486,0,0,2.508879,8.367283,0,0.1417354,-0.1417354,11.47049,81.93194,0.02521598,0.1481135,0,0,8.367283
4/15/2007 11:00:00 PM,0,0,137.8151,90,0,0,0.1841878,0.1841878,0,-1,0,0.1841878,0,0,0,0,0,0.1938819,0.1841878,0,0,2.666363,8.225548,0,0.1938819,-0.1938819,11.26612,80.47216,0.02521598,0.2026066,0,0,8.225548
4/16/2007 12:00:00 AM,0,0,176.4916,90,0,0,0.2702667,0.2702667,0,-1,0,0.2702667,0,0,5.551115E-17,0,0,0.2844913,0.2702667,0,0,2.881787,8.031666,0,0.2844913,-0.2844913,10.96624,78.33016,0.02521598,0.2972934,0,0,8.031666
4/16/2007 1:00:00 AM,0,0,-142.8002,90,0,0,0.1892255,0.1892255,0,-1,0,0.1892255,0,0,2.775558E-17,0,0,0.1991847,0.1892255,0,0,3.197889,7.747174,0,0.1991847,-0.1991847,10.75629,76.83045,0.02521598,0.208148,0,0,7.747174
4/16/2007 2:00:00 AM,0,0,-121.9371,90,0,0,0.1053615,0.1053615,0,-1,0,0.1053615,0,0,1.387779E-17,0,0,0.1109068,0.1053615,0,0,3.419205,7.547989,0,0.1109068,-0.1109068,10.63938,75.99541,0.02521598,0.1158976,0,0,7.547989
4/16/2007 3:00:00 AM,0,0,-111.7665,90,0,0,0.1243987,0.1243987,0,-1,0,0.1243987,0,0,1.387779E-17,0,0,0.130946,0.1243987,0,0,3.542435,7.437083,0,0.130946,-0.130946,10.50135,75.00949,0.02521598,0.1368385,0,0,7.437083
4/16/2007 4:00:00 AM,0,0,-105.9576,90,0,0,0.2008731,0.2008731,0,-1,0,0.2008731,0,0,0,0,0,0.2114454,0.2008731,0,0,3.68793,7.306137,0,0.2114454,-0.2114454,10.27847,73.41747,0.02521598,0.2209604,0,0,7.306137
4/16/2007 5:00:00 AM,0,0,-102.1769,90,0,0,0.2357565,0.2357565,0,0,0,0.2357565,0,0,2.775558E-17,0,0,0.2481648,0.2357565,0,0,3.92287,7.094691,0,0.2481648,-0.2481648,10.01688,71.54899,0.02521598,0.2593322,0,0,7.094691
4/16/2007 6:00:00 AM,0.01136845,0.3720751,-99.47412,91.11311,0.01098867,0.04931713,0.2290839,0.2290839,0,0,0,0.2290839,21.52798,0,2.775558E-17,0,0.04931713,0.2411409,0.2290839,0,0,4.198608,6.846527,0,0.1918238,-0.1918238,9.814678,70.10471,0.02521598,0.2519923,0.0394537,0,6.895844
4/16/2007 7:00:00 AM,0.1437276,15.02705,-97.40571,76.31891,0.1402955,0.6296461,0.6044207,0.6044207,0,0,0,0.6044207,104.1735,0,0,0,0.6296461,0.6362323,0.6044207,0,0,4.411746,6.654703,0,0.006586239,-0.006586239,9.807735,70.05511,0.02521598,0.6648628,0.5037169,0,7.284349
4/16/2007 8:00:00 AM,0.3962946,29.74455,-95.74426,61.55336,0.3852111,1.728827,0.491704,0.491704,0,0,0,0.491704,351.5992,0,0,0,1.728827,0.5175832,0.491704,0,0,4.419064,6.648117,1.211244,0,1.211244,10.95682,78.26286,0.02517837,0.5408745,1.383062,0,8.376945
4/16/2007 9:00:00 AM,0.4557553,44.50162,-94.37466,46.86671,0.4501939,2.02047,0,0,0,-1,0,0,0,0,0,0,2.02047,0,0,0,0,3.20782,7.738236,2.02047,0,2.02047,12.87361,91.95417,0.02511588,0,1.616376,0,9.758707
4/16/2007 10:00:00 AM,0.6772247,59.28345,-93.27818,32.3859,0.668738,3.001296,0.9278905,0.9278905,0,0,0,0.9278905,323.4537,0.8372199,0,0,3.001296,0.9767268,0.9278905,0,0,1.187349,9.55666,1.187349,0,1.187349,14.00003,100,0.02507931,1.02068,2.401037,0,12.55796
4/16/2007 11:00:00 AM,0.6623686,74.07879,-92.72334,18.61764,0.6565504,2.946598,1.307285,1.307285,0,0,0,1.307285,225.3983,1.570509,0,0,2.946598,1.37609,1.307285,0,0,0,10.62527,0,0,0,14.00003,100,0.02507931,1.438014,2.357279,0,13.57187
4/16/2007 12:00:00 PM,0.4936732,88.81956,-109.8054,9.496589,0.4907545,2.202507,0.8347733,0.8347733,0,0,0,0.8347733,263.8448,1.323798,0,0,2.202507,0.8787088,0.8347733,0,0,0,10.62527,0,0,0,14.00003,100,0.02507931,0.9182506,1.762005,0,12.82778
4/16/2007 1:00:00 PM,0.7270312,76.29996,92.77377,16.72375,0.7200483,3.231577,1.417453,1.417453,0,0,0,1.417453,227.9847,1.739521,0,0,3.231577,1.492056,1.417453,0,0,0,10.62527,0,0,0,14.00003,100,0.02507931,1.559198,2.585262,0,13.85685
4/16/2007 2:00:00 PM,0.8092114,61.50369,93.14452,30.24923,0.7976762,3.579971,0.2302233,0.2302233,0,-1,0,0.2302233,1554.999,3.337631,0,0,3.579971,0.2423403,0.2302233,0,0,0,10.62527,0,0,0,14.00003,100,0.02507931,0.2532457,2.863977,0,14.20525
4/16/2007 3:00:00 PM,0.6440133,46.71914,94.19142,44.67479,0.6319089,2.836007,0,0,0,0,0,0,0,2.836007,0,0,2.836007,0,0,0,0,0,10.62527,0,0,0,14.00003,100,0.02507931,0,2.268806,0,13.46128
4/16/2007 4:00:00 PM,0.3954744,31.95754,95.52174,59.34206,0.3864549,1.734409,1.007237,1.007237,0,0,0,1.007237,172.1948,0.6741601,0,0,1.734409,1.060249,1.007237,0,0,0,10.62527,0,0,0,14.00003,100,0.02507931,1.107961,1.387528,0,12.35968
4/16/2007 5:00:00 PM,0.219238,17.23289,97.13419,74.09985,0.2094398,0.939966,0.8532518,0.8532518,0,0,0,0.8532518,110.1628,0.04180621,0,0,0.939966,0.8981598,0.8532518,0,0,0,10.62527,0,0,0,14.00003,100,0.02507931,0.938577,0.7519728,0,11.56524
4/16/2007 6:00:00 PM,0.03119649,2.56656,99.13043,88.8919,0.02745027,0.1231968,0.7359114,0.7359114,0,0,0,0.7359114,16.74071,0,1.110223E-16,0,0.1231968,0.7746436,0.7359114,0,0,0,10.62527,0,0.6514468,-0.6514468,13.31334,95.09512,0.02507931,0.8095025,0.09855745,0,10.74847
4/16/2007 7:00:00 PM,0,0,101.7169,90,0,0,2.468249,2.468249,0,-1,0,2.468249,0,0,0,0,0,2.598156,2.468249,0,0,0.7238297,9.973827,0,2.598156,-2.598156,10.57465,75.53303,0.02507931,2.715074,0,0,9.973827
4/16/2007 8:00:00 PM,0,0,105.2931,90,0,0,1.747229,1.747229,0,-1,0,1.747229,0,0,2.220446E-16,0,0,1.839189,1.747229,0,0,3.61067,7.375671,0,1.839189,-1.839189,8.63597,61.68538,0.02507931,1.921952,0,0,7.375671
4/16/2007 9:00:00 PM,0,0,110.6997,90,0,0,1.808569,1.808569,0,-1,0,1.808569,0,0,2.220446E-16,0,0,1.903757,1.808569,0,0,5.654213,5.536482,0,1.903757,-1.903757,6.629234,47.35158,0.02507931,1.989426,0,0,5.536482
4/16/2007 10:00:00 PM,0,0,119.957,90,0,0,0,0,0,-1,0,0,0,0,0,0,0,0,0,0,0,7.769498,3.632725,0,0,0,6.629234,47.35158,0.02507931,0,0,0,3.632725
4/16/2007 11:00:00 PM,0,0,138.535,90,0,0,0.1792822,0.1792822,0,-1,0,0.1792822,0,0,2.775558E-17,0,0,0.1887182,0.1792822,0,0,7.769498,3.632725,0,0.1887182,-0.1887182,6.430308,45.93068,0.02507931,0.1972105,0,0,3.632725
4/17/2007 12:00:00 AM,0,0,176.7598,90,0,0,0.05761771,0.05761771,0,-1,0,0.05761771,0,0,6.938894E-18,0,0,0.06065022,0.05761771,0,0,7.979186,3.444007,0,0.06065022,-0.06065022,6.366377,45.47403,0.02507931,0.06337948,0,0,3.444007
4/17/2007 1:00:00 AM,0,0,-143.2336,90,0,0,0.03488962,0.03488962,0,-1,0,0.03488962,0,0,6.938894E-18,0,0,0.03672592,0.03488962,0,0,8.046575,3.383357,0,0.03672592,-0.03672592,6.327665,45.19751,0.02507931,0.03837859,0,0,3.383357
4/17/2007 2:00:00 AM,0,0,-122.4311,90,0,0,0.02430734,0.02430734,0,-1,0,0.02430734,0,0,3.469447E-18,0,0,0.02558667,0.02430734,0,0,8.087381,3.346631,0,0.02558667,-0.02558667,6.300694,45.00487,0.02507931,0.02673807,0,0,3.346631
4/17/2007 3:00:00 AM,0,0,-112.1982,90,0,0,0,0,0,-1,0,0,0,0,0,0,0,0,0,0,0,8.11581,3.321044,0,0,0,6.300694,45.00487,0.02507931,0,0,0,3.321044
4/17/2007 4:00:00 AM,0,0,-106.3409,90,0,0,0.08672649,0.08672649,0,-1,0,0.08672649,0,0,1.387779E-17,0,0,0.09129105,0.08672649,0,0,8.11581,3.321044,0,0.09129105,-0.09129105,6.204465,44.31752,0.02507931,0.09539914,0,0,3.321044
4/17/2007 5:00:00 AM,0,0,-102.5349,90,0,0,0.2680985,0.2680985,0,0,0,0.2680985,0,0,5.551115E-17,0,0,0.282209,0.2680985,0,0,8.217245,3.229753,0,0.282209,-0.282209,5.906991,42.1927,0.02507931,0.2949084,0,0,3.229753
4/17/2007 6:00:00 AM,0.01554102,0.4935045,-99.82771,91.04788,0.01419634,0.06371318,0.4170722,0.4170722,0,0,0,0.4170722,15.27629,0,0,0,0.06371318,0.4390234,0.4170722,0,0,8.53081,2.947545,0,0.3753102,-0.3753102,5.511379,39.36691,0.02507931,0.4587795,0.05097054,0,3.011258
4/17/2007 7:00:00 AM,0.1031201,15.13459,-97.77652,76.2701,0.1021025,0.4582362,0.6900132,0.6900132,0,0,0,0.6900132,66.40977,0,1.110223E-16,0,0.4582362,0.7263297,0.6900132,0,0,8.947823,2.572234,0,0.2680935,-0.2680935,5.228783,37.34838,0.02507931,0.7590145,0.366589,0,3.030471
4/17/2007 8:00:00 AM,0.2049697,29.84027,-96.16068,61.52335,0.2034611,0.9131335,0.7020684,0.7020684,0,0,0,0.7020684,130.0633,0,0,0,0.9131335,0.7390193,0.7020684,0,0,9.245704,2.304141,0.1741141,0,0.1741141,5.393962,38.52822,0.02507395,0.7722752,0.7305068,0,3.217274
4/17/2007 9:00:00 AM,0.5367856,44.58651,-94.88549,46.86187,0.5275593,2.367687,0.08331793,0.08331793,0,-1,0,0.08331793,2841.749,0,0,0,2.367687,0.08770308,0.08331793,0,0,9.071589,2.460844,2.279983,0,2.279983,7.556944,53.97807,0.02500405,0.09164972,1.894149,0,4.82853
4/17/2007 10:00:00 AM,0.9004342,59.35733,-93.99641,32.42239,0.8852574,3.973035,0.4003289,0.4003289,0,0,0,0.4003289,992.4428,0,0,0,3.973035,0.4213988,0.4003289,0,0,6.791606,4.512828,3.551636,0,3.551636,10.92632,78.04501,0.02489593,0.4403617,3.178428,0,8.485864
4/17/2007 11:00:00 AM,0.9993179,74.13795,-94.07146,18.74663,0.9856082,4.423409,0,0,0,0,0,0,0,1.183439,0,0,4.423409,0,0,0,0,3.23997,7.709301,3.23997,0,3.23997,14.00003,100,0.02479811,0,3.538728,0,12.13271
4/17/2007 12:00:00 PM,1.106941,88.70284,-126.3083,9.855215,1.092764,4.904323,1.379694,1.379694,0,0,0,1.379694,355.4645,3.452013,0,0,4.904323,1.45231,1.379694,0,0,0,10.62527,0,0,0,14.00003,100,0.02479811,1.517664,3.923458,0,15.5296
4/17/2007 1:00:00 PM,0.6785734,76.22755,94.31839,16.98289,0.6722375,3.017002,0.5545008,0.5545008,0,0,0,0.5545008,544.0933,2.433316,0,0,3.017002,0.583685,0.5545008,0,0,0,10.62527,0,0,0,14.00003,100,0.02479811,0.6099508,2.413601,0,13.64228
4/17/2007 2:00:00 PM,0.6172877,61.44753,93.9185,30.41729,0.6105604,2.740195,2.174138,2.174138,0,-1,0,2.174138,126.0359,0.4516292,0,0,2.740195,2.288566,2.174138,0,0,0,10.62527,0,0,0,14.00003,100,0.02479811,2.391551,2.192156,0,13.36547
4/17/2007 3:00:00 PM,0.4282294,46.67432,94.73257,44.80101,0.4238806,1.902376,0.5340334,0.5340334,0,0,0,0.5340334,356.2279,1.340236,0,0,1.902376,0.5621405,0.5340334,0,0,0,10.62527,0,0,0,14.00003,100,0.02479811,0.5874367,1.521901,0,12.52765
4/17/2007 4:00:00 PM,0.3634962,31.92375,95.96048,59.44286,0.3561546,1.598422,1.356902,1.356902,0,0,0,1.356902,117.7993,0.1701037,0,0,1.598422,1.428318,1.356902,0,0,0,10.62527,0,0,0,14.00003,100,0.02479811,1.492593,1.278738,0,12.2237
4/17/2007 5:00:00 PM,0.2270467,17.21113,97.52492,74.18174,0.215571,0.9674827,0,0,0,0,0,0,0,0.9674827,0,0,0.9674827,0,0,0,0,0,10.62527,0,0,0,14.00003,100,0.02479811,0,0.7739862,0,11.59276
4/17/2007 6:00:00 PM,0.03378778,2.55895,99.50457,88.95733,0.02812801,0.1262385,0.5728235,0.5728235,0,0,0,0.5728235,22.03795,0,0,0,0.1262385,0.602972,0.5728235,0,0,0,10.62527,0,0.4767335,-0.4767335,13.49751,96.41057,0.02479811,0.6301058,0.1009908,0,10.75151
4/17/2007 7:00:00 PM,0,0,102.099,90,0,0,1.464093,1.464093,0,-1,0,1.464093,0,0,2.220446E-16,0,0,1.541151,1.464093,0,0,0.5297039,10.14854,0,1.541151,-1.541151,11.87299,84.80691,0.02479811,1.610503,0,0,10.14854
4/17/2007 8:00:00 PM,0,0,105.7087,90,0,0,0.4453256,0.4453256,0,-1,0,0.4453256,0,0,5.551115E-17,0,0,0.4687637,0.4453256,0,0,2.242094,8.607389,0,0.4687637,-0.4687637,11.37887,81.27748,0.02479811,0.4898581,0,0,8.607389
4/17/2007 9:00:00 PM,0,0,111.1825,90,0,0,2.32569,2.32569,0,-1,0,2.32569,0,0,4.440892E-16,0,0,2.448095,2.32569,0,0,2.762943,8.138626,0,2.448095,-2.448095,8.798352,62.84525,0.02479811,2.558259,0,0,8.138626
4/17/2007 10:00:00 PM,0,0,120.5522,90,0,0,0.1909033,0.1909033,0,-1,0,0.1909033,0,0,2.775558E-17,0,0,0.2009508,0.1909033,0,0,5.483047,5.690531,0,0.2009508,-0.2009508,8.586532,61.33224,0.02479811,0.2099936,0,0,5.690531
4/17/2007 11:00:00 PM,0,0,139.2348,90,0,0,0.1038853,0.1038853,0,-1,0,0.1038853,0,0,0,0,0,0.1093529,0.1038853,0,0,5.706326,5.489581,0,0.1093529,-0.1093529,8.471263,60.5089,0.02479811,0.1142738,0,0,5.489581
4/18/2007 12:00:00 AM,0,0,177.0125,90,0,0,0,0,0,-1,0,0,0,0,0,0,0,0,0,0,0,5.82783,5.380228,0,0,0,8.471263,60.5089,0.02479811,0,0,0,5.380228
4/18/2007 1:00:00 AM,0,0,-143.6547,90,0,0,0.32344,0.32344,0,-1,0,0.32344,0,0,0,0,0,0.3404632,0.32344,0,0,5.82783,5.380228,0,0.3404632,-0.3404632,8.112384,57.94548,0.02479811,0.355784,0,0,5.380228
4/18/2007 2:00:00 AM,0,0,-122.9161,90,0,0,0.3151302,0.3151302,0,-1,0,0.3151302,0,0,0,0,0,0.331716,0.3151302,0,0,6.206122,5.039764,0,0.331716,-0.331716,7.762724,55.44792,0.02479811,0.3466432,0,0,5.039764
4/18/2007 3:00:00 AM,0,0,-112.6245,90,0,0,0.1527899,0.1527899,0,-1,0,0.1527899,0,0,2.775558E-17,0,0,0.1608315,0.1527899,0,0,6.574696,4.708048,0,0.1608315,-0.1608315,7.593193,54.23698,0.02479811,0.1680689,0,0,4.708048
4/18/2007 4:00:00 AM,0,0,-106.7203,90,0,0,0.30101,0.30101,0,-1,0,0.30101,0,0,0,0,0,0.3168526,0.30101,0,0,6.753397,4.547217,0,0.3168526,-0.3168526,7.259201,51.85133,0.02479811,0.331111,0,0,4.547217
4/18/2007 5:00:00 AM,0,0,-102.8898,90,0,0,0,0,0,0,0,0,0,0,0,0,0,0,0,0,0,7.105455,4.230364,0,0,0,7.259201,51.85133,0.02479811,0,0,0,4.230364
4/18/2007 6:00:00 AM,0.02314965,0.6127532,-100.1787,90.98434,0.01513697,0.06793474,0.1539392,0.1539392,0,0,0,0.1539392,44.13088,0,0,0,0.06793474,0.1620413,0.1539392,0,0,7.105455,4.230364,0,0.09410655,-0.09410655,7.160004,51.14278,0.02479811,0.1693331,0.05434779,0,4.298299
4/18/2007 7:00:00 AM,0.2004824,15.23948,-98.14494,76.22347,0.18856,0.8462574,0.7371935,0.7371935,0,0,0,0.7371935,114.7945,0,0,0,0.8462574,0.7759932,0.7371935,0,0,7.210018,4.136258,0.07026427,0,0.07026427,7.226663,51.61892,0.024796,0.8109128,0.6770059,0,4.982515
4/18/2007 8:00:00 AM,0.4818576,29.93272,-96.57473,61.4961,0.4632416,2.079028,0.7207416,0.7207416,0,0,0,0.7207416,288.4568,0,0,0,2.079028,0.7586754,0.7207416,0,0,7.139754,4.199495,1.320353,0,1.320353,8.479259,60.56602,0.02475636,0.7928158,1.663223,0,6.278524
4/18/2007 9:00:00 AM,0.7900162,44.66726,-95.39386,46.86052,0.770265,3.456949,0.1359854,0.1359854,0,-1,0,0.1359854,2542.146,0,0,0,3.456949,0.1431426,0.1359854,0,0,5.819401,5.387813,3.313807,0,3.313807,11.62301,83.02135,0.02465744,0.149584,2.765559,0,8.844763
4/18/2007 10:00:00 AM,0.9293702,59.42549,-94.71206,32.46352,0.9126469,4.09596,1.397027,1.397027,0,0,0,1.397027,293.1912,0.1198104,0,0,4.09596,1.470555,1.397027,0,0,2.505594,8.370239,2.505594,0,2.505594,14.00003,100,0.02458317,1.53673,3.276767,0,12.4662
4/18/2007 11:00:00 AM,1.002439,74.18712,-95.41783,18.88188,0.9877063,4.432826,0.4691167,0.4691167,0,0,0,0.4691167,944.9303,3.939019,0,0,4.432826,0.4938071,0.4691167,0,0,0,10.62527,0,0,0,14.00003,100,0.02458317,0.5160284,3.546261,0,15.0581
4/18/2007 12:00:00 PM,1.044944,88.50062,-139.1003,10.21222,1.030649,4.625553,0.544318,0.544318,0,0,0,0.544318,849.7888,4.052587,0,0,4.625553,0.5729663,0.544318,0,0,0,10.62527,0,0,0,14.00003,100,0.02458317,0.5987498,3.700442,0,15.25083
4/18/2007 1:00:00 PM,0.8805353,76.14751,95.83453,17.24305,0.8686729,3.898604,0.7376822,0.7376822,0,0,0,0.7376822,528.4937,3.122097,0,0,3.898604,0.7765076,0.7376822,0,0,0,10.62527,0,0,0,14.00003,100,0.02458317,0.8114504,3.118883,0,14.52388
4/18/2007 2:00:00 PM,0.8777105,61.38871,94.68356,30.58612,0.8627048,3.871819,0.6789701,0.6789701,0,-1,0,0.6789701,570.2488,3.157114,0,0,3.871819,0.7147053,0.6789701,0,0,0,10.62527,0,0,0,14.00003,100,0.02458317,0.7468671,3.097455,0,14.49709
4/18/2007 3:00:00 PM,0.761036,46.62857,95.26848,44.92717,0.7430995,3.33503,0,0,0,0,0,0,0,3.33503,0,0,3.33503,0,0,0,0,0,10.62527,0,0,0,14.00003,100,0.02458317,0,2.668024,0,13.9603
4/18/2007 4:00:00 PM,0.4177849,31.88995,96.39535,59.54297,0.4061064,1.822605,1.09489,1.09489,0,0,0,1.09489,166.4647,0.6700894,0,0,1.822605,1.152516,1.09489,0,0,0,10.62527,0,0,0,14.00003,100,0.02458317,1.204379,1.458084,0,12.44788
4/18/2007 5:00:00 PM,0.2556763,17.19001,97.91235,74.26241,0.2390134,1.072692,0,0,0,0,0,0,0,1.072692,0,0,1.072692,0,0,0,0,0,10.62527,0,0,0,14.00003,100,0.02458317,0,0.8581535,0,11.69797
4/18/2007 6:00:00 PM,0.04047452,2.552504,99.87559,89.02106,0.02804838,0.1258811,0.5229805,0.5229805,0,0,0,0.5229805,24.06995,0,1.110223E-16,0,0.1258811,0.5505057,0.5229805,0,0,0,10.62527,0,0.4246246,-0.4246246,13.55243,96.80291,0.02458317,0.5752785,0.1007049,0,10.75115
4/18/2007 7:00:00 PM,0,0,102.4778,90,0,0,0.7196469,0.7196469,0,-1,0,0.7196469,0,0,1.110223E-16,0,0,0.7575231,0.7196469,0,0,0.4718051,10.20065,0,0.7575231,-0.7575231,12.75393,91.09935,0.02458317,0.7916117,0,0,10.20065
4/18/2007 8:00:00 PM,0,0,106.1204,90,0,0,1.763311,1.763311,0,-1,0,1.763311,0,0,0,0,0,1.856117,1.763311,0,0,1.313497,9.443127,0,1.856117,-1.856117,10.79742,77.12424,0.02458317,1.939642,0,0,9.443127
4/18/2007 9:00:00 PM,0,0,111.6599,90,0,0,0,0,0,-1,0,0,0,0,0,0,0,0,0,0,0,3.375849,7.587009,0,0,0,10.79742,77.12424,0.02458317,0,0,0,7.587009
4/18/2007 10:00:00 PM,0,0,121.1379,90,0,0,0.3353892,0.3353892,0,-1,0,0.3353892,0,0,0,0,0,0.3530412,0.3353892,0,0,3.375849,7.587009,0,0.3530412,-0.3530412,10.42528,74.46612,0.02458317,0.3689281,0,0,7.587009
4/18/2007 11:00:00 PM,0,0,139.9145,90,0,0,0.1461266,0.1461266,0,-1,0,0.1461266,0,0,0,0,0,0.1538175,0.1461266,0,0,3.768118,7.233968,0,0.1538175,-0.1538175,10.26314,73.308,0.02458317,0.1607393,0,0,7.233968
4/19/2007 12:00:00 AM,0,0,177.2504,90,0,0,0.5360176,0.5360176,0,-1,0,0.5360176,0,0,0,0,0,0.564229,0.5360176,0,0,3.939026,7.080151,0,0.564229,-0.564229,9.66839,69.05979,0.02458317,0.5896193,0,0,7.080151
4/19/2007 1:00:00 AM,0,0,-144.064,90,0,0,0.05157603,0.05157603,0,-1,0,0.05157603,0,0,0,0,0,0.05429056,0.05157603,0,0,4.565947,6.515922,0,0.05429056,-0.05429056,9.611163,68.65102,0.02458317,0.05673363,0,0,6.515922
4/19/2007 2:00:00 AM,0,0,-123.3925,90,0,0,0.2083701,0.2083701,0,-1,0,0.2083701,0,0,2.775558E-17,0,0,0.219337,0.2083701,0,0,4.62627,6.461631,0,0.219337,-0.219337,9.379962,66.99959,0.02458317,0.2292071,0,0,6.461631
4/19/2007 3:00:00 AM,0,0,-113.0453,90,0,0,0,0,0,-1,0,0,0,0,0,0,0,0,0,0,0,4.869977,6.242294,0,0,0,9.379962,66.99959,0.02458317,0,0,0,6.242294
4/19/2007 4:00:00 AM,0,0,-107.0959,90,0,0,0.5956156,0.5956156,0,-1,0,0.5956156,0,0,0,0,0,0.6269637,0.5956156,0,0,4.869977,6.242294,0,0.6269637,-0.6269637,8.719084,62.27905,0.02458317,0.6551771,0,0,6.242294
4/19/2007 5:00:00 AM,0,0,-103.2417,90,0,0,0.07380617,0.07380617,0,0,0,0.07380617,0,0,0,0,0,0.07769071,0.07380617,0,0,5.566604,5.615331,0,0.07769071,-0.07769071,8.637191,61.6941,0.02458317,0.08118679,0,0,5.615331
4/19/2007 6:00:00 AM,0.03564679,0.7297339,-100.5271,90.92256,0.004799041,0.0215381,0.1303841,0.1303841,0,0,0,0.1303841,16.51896,0,2.775558E-17,0,0.0215381,0.1372464,0.1303841,0,0,5.652927,5.53764,0,0.1157083,-0.1157083,8.515224,60.8229,0.02458317,0.1434225,0.01723048,0,5.559178
4/19/2007 7:00:00 AM,0.2650692,15.34165,-98.51086,76.17908,0.2415075,1.083886,1.50744,1.50744,0,0,0,1.50744,71.90238,0,2.220446E-16,0,1.083886,1.586779,1.50744,0,0,5.781492,5.421932,0,0.5028938,-0.5028938,7.985126,57.03651,0.02458317,1.658185,0.8671085,0,6.505817
4/19/2007 8:00:00 AM,0.5234367,30.02185,-96.98627,61.47162,0.5015396,2.25091,1.082263,1.082263,0,0,0,1.082263,207.9818,0,0,0,2.25091,1.139224,1.082263,0,0,6.340263,4.919038,1.111686,0,1.111686,9.039764,64.56962,0.02455035,1.190489,1.800728,0,7.169948
4/19/2007 9:00:00 AM,0.7131665,44.74382,-95.89952,46.86267,0.6947545,3.118058,0.2841985,0.2841985,0,-1,0,0.2841985,1097.141,0,0,0,3.118058,0.2991563,0.2841985,0,0,5.228577,5.919555,2.818902,0,2.818902,11.71401,83.67133,0.02446755,0.3126183,2.494447,0,9.037613
4/19/2007 10:00:00 AM,0.9038402,59.48792,-95.42461,32.50922,0.8866698,3.979374,0.8401989,0.8401989,0,0,0,0.8401989,473.6228,0.685279,0,0,3.979374,0.8844199,0.8401989,0,0,2.409675,8.456567,2.409675,0,2.409675,14.00003,100,0.0243972,0.9242188,3.183499,0,12.43594
4/19/2007 11:00:00 AM,0.8598436,74.22637,-96.76023,19.02305,0.8474794,3.803488,1.035747,1.035747,0,0,0,1.035747,367.2216,2.713227,0,0,3.803488,1.09026,1.035747,0,0,0,10.62527,0,0,0,14.00003,100,0.0243972,1.139322,3.04279,0,14.42876
4/19/2007 12:00:00 PM,0.895861,88.24419,-148.4056,10.56734,0.883781,3.966409,1.107017,1.107017,0,0,0,1.107017,358.2971,2.801129,0,0,3.966409,1.165281,1.107017,0,0,0,10.62527,0,0,0,14.00003,100,0.0243972,1.217718,3.173127,0,14.59168
4/19/2007 1:00:00 PM,0.9014823,76.0603,97.32088,17.50385,0.8883053,3.986714,0.6122939,0.6122939,0,0,0,0.6122939,651.1112,3.342194,0,0,3.986714,0.6445199,0.6122939,0,0,0,10.62527,0,0,0,14.00003,100,0.0243972,0.6735233,3.189371,0,14.61199
4/19/2007 2:00:00 PM,0.8963973,61.32744,95.43941,30.75551,0.8799907,3.949398,0.1795499,0.1795499,0,-1,0,0.1795499,2199.611,3.760398,0,0,3.949398,0.1889999,0.1795499,0,0,0,10.62527,0,0,0,14.00003,100,0.0243972,0.1975048,3.159518,0,14.57467
4/19/2007 3:00:00 PM,0.6533737,46.58201,95.79902,45.05314,0.6385627,2.86587,0.09398104,0.09398104,0,0,0,0.09398104,3049.412,2.766942,0,0,2.86587,0.09892741,0.09398104,0,0,0,10.62527,0,0,0,14.00003,100,0.0243972,0.1033791,2.292696,0,13.49114
4/19/2007 4:00:00 PM,0.3953088,31.85625,96.82622,59.64227,0.3848505,1.727209,0.866847,0.866847,0,0,0,0.866847,199.2519,0.8147386,0,0,1.727209,0.9124705,0.866847,0,0,0,10.62527,0,0,0,14.00003,100,0.0243972,0.9535316,1.381767,0,12.35248
4/19/2007 5:00:00 PM,0.2651671,17.16961,98.29637,74.34177,0.2462343,1.1051,0.6166873,0.6166873,0,0,0,0.6166873,179.1993,0.455955,0,0,1.1051,0.6491445,0.6166873,0,0,0,10.62527,0,0,0,14.00003,100,0.0243972,0.6783561,0.8840796,0,11.73037
4/19/2007 6:00:00 PM,0.0400073,2.547273,100.2434,89.08303,0.02758549,0.1238037,1.189072,1.189072,0,0,0,1.189072,10.41179,0,0,0,0.1238037,1.251655,1.189072,0,0,0,10.62527,0,1.127851,-1.127851,12.81117,91.50816,0.0243972,1.307979,0.09904294,0,10.74908
4/19/2007 7:00:00 PM,0,0,102.8531,90,0,0,0.1928441,0.1928441,0,-1,0,0.1928441,0,0,2.775558E-17,0,0,0.2029938,0.1928441,0,0,1.253168,9.497423,0,0.2029938,-0.2029938,12.59719,89.97978,0.0243972,0.2121285,0,0,9.497423
4/19/2007 8:00:00 PM,0,0,106.5281,90,0,0,0.8335308,0.8335308,0,-1,0,0.8335308,0,0,0,0,0,0.8774009,0.8335308,0,0,1.478716,9.29443,0,0.8774009,-0.8774009,11.67233,83.37364,0.0243972,0.9168839,0,0,9.29443
4/19/2007 9:00:00 PM,0,0,112.1317,90,0,0,1.112119,1.112119,0,-1,0,1.112119,0,0,0,0,0,1.170652,1.112119,0,0,2.453606,8.417028,0,1.170652,-1.170652,10.43836,74.55955,0.0243972,1.223331,0,0,8.417028
4/19/2007 10:00:00 PM,0,0,121.7141,90,0,0,0.3462797,0.3462797,0,-1,0,0.3462797,0,0,5.551115E-17,0,0,0.3645049,0.3462797,0,0,3.75433,7.246377,0,0.3645049,-0.3645049,10.05414,71.81511,0.0243972,0.3809077,0,0,7.246377
4/19/2007 11:00:00 PM,0,0,140.5744,90,0,0,0.3925488,0.3925488,0,-1,0,0.3925488,0,0,5.551115E-17,0,0,0.4132092,0.3925488,0,0,4.159336,6.881872,0,0.4132092,-0.4132092,9.618575,68.70397,0.0243972,0.4318036,0,0,6.881872
4/20/2007 12:00:00 AM,0,0,177.4742,90,0,0,0.1673494,0.1673494,0,-1,0,0.1673494,0,0,2.775558E-17,0,0,0.1761573,0.1673494,0,0,4.618457,6.468663,0,0.1761573,-0.1761573,9.432889,67.37764,0.0243972,0.1840843,0,0,6.468663
4/20/2007 1:00:00 AM,0,0,-144.4622,90,0,0,0,0,0,-1,0,0,0,0,0,0,0,0,0,0,0,4.814188,6.292506,0,0,0,9.432889,67.37764,0.0243972,0,0,0,6.292506
4/20/2007 2:00:00 AM,0,0,-123.8602,90,0,0,0.3530125,0.3530125,0,-1,0,0.3530125,0,0,0,0,0,0.3715921,0.3530125,0,0,4.814188,6.292506,0,0.3715921,-0.3715921,9.041197,64.57984,0.0243972,0.3883138,0,0,6.292506
4/20/2007 3:00:00 AM,0,0,-113.4607,90,0,0,0.3615777,0.3615777,0,-1,0,0.3615777,0,0,0,0,0,0.3806081,0.3615777,0,0,5.227067,5.920913,0,0.3806081,-0.3806081,8.64,61.71416,0.0243972,0.3977355,0,0,5.920913
4/20/2007 4:00:00 AM,0,0,-107.4677,90,0,0,0.1218934,0.1218934,0,-1,0,0.1218934,0,0,1.387779E-17,0,0,0.1283089,0.1218934,0,0,5.649965,5.540305,0,0.1283089,-0.1283089,8.50475,60.7481,0.0243972,0.1340828,0,0,5.540305
4/20/2007 5:00:00 AM,0,0,-103.5905,90,0,0,0,0,0,0,0,0,0,0,0,0,0,0,0,0,0,5.792531,5.411996,0,0,0,8.50475,60.7481,0.0243972,0,0,0,5.411996
4/20/2007 6:00:00 AM,0.02130751,0.8443631,-100.8727,90.86262,0.01674301,0.07514265,0.3600748,0.3600748,0,0,0,0.3600748,20.86862,0,5.551115E-17,0,0.07514265,0.3790261,0.3600748,0,0,5.792531,5.411996,0,0.3038835,-0.3038835,8.184429,58.46009,0.0243972,0.3960823,0.06011412,0,5.487139
4/20/2007 7:00:00 AM,0.2103808,15.44101,-98.87415,76.13697,0.1960541,0.879891,0.5337367,0.5337367,0,0,0,0.5337367,164.8549,0,0,0,0.879891,0.5618281,0.5337367,0,0,6.130179,5.108113,0.3180629,0,0.3180629,8.486171,60.61538,0.02438795,0.5871103,0.7039128,0,5.988004
4/20/2007 8:00:00 AM,0.4939818,30.10762,-97.39511,61.44995,0.4730041,2.122843,1.408739,1.408739,0,0,0,1.408739,150.6909,0,0,0,2.122843,1.482884,1.408739,0,0,5.812116,5.39437,0.6399587,0,0.6399587,9.093288,64.95193,0.02436935,1.549613,1.698274,0,7.517212
4/20/2007 9:00:00 AM,0.7293363,44.81619,-96.40221,46.8683,0.7094562,3.184039,0.4649545,0.4649545,0,-1,0,0.4649545,684.8066,0,0,0,3.184039,0.4894258,0.4649545,0,0,5.172157,5.970333,2.694613,0,2.694613,11.64962,83.21143,0.02429134,0.51145,2.547231,0,9.154372
4/20/2007 10:00:00 AM,0.8421496,59.54464,-96.13356,32.55939,0.8256994,3.705739,1.114995,1.114995,0,0,0,1.114995,332.3549,0.05451644,0,0,3.705739,1.173679,1.114995,0,0,2.477544,8.395485,2.477544,0,2.477544,14.00003,100,0.02422006,1.226494,2.964591,0,12.10122
4/20/2007 11:00:00 AM,0.9360784,74.25579,-98.09644,19.16985,0.9209196,4.133087,2.130659,2.130659,0,0,0,2.130659,193.9817,1.890289,0,0,4.133087,2.242799,2.130659,0,0,0,10.62527,0,0,0,14.00003,100,0.02422006,2.343724,3.30647,0,14.75836
4/20/2007 12:00:00 PM,0.905566,87.95567,-155.1265,10.92031,0.8924837,4.005467,1.075466,1.075466,0,0,0,1.075466,372.4401,2.873397,0,0,4.005467,1.132069,1.075466,0,0,0,10.62527,0,0,0,14.00003,100,0.02422006,1.183013,3.204374,0,14.63074
4/20/2007 1:00:00 PM,0.7873644,75.96638,98.77632,17.76496,0.7767169,3.485906,0.1802968,0.1802968,0,0,0,0.1802968,1933.427,3.296119,0,0,3.485906,0.1897861,0.1802968,0,0,0,10.62527,0,0,0,14.00003,100,0.02422006,0.1983264,2.788724,0,14.11118
4/20/2007 2:00:00 PM,0.8380693,61.2639,96.18584,30.92524,0.8223521,3.690716,0.7434693,0.7434693,0,-1,0,0.7434693,496.4181,2.908117,0,0,3.690716,0.7825992,0.7434693,0,0,0,10.62527,0,0,0,14.00003,100,0.02422006,0.8178162,2.952573,0,14.31599
4/20/2007 3:00:00 PM,0.5808654,46.53477,96.32404,45.17876,0.5689692,2.553534,0.9484787,0.9484787,0,0,0,0.9484787,269.2242,1.555135,0,0,2.553534,0.9983987,0.9484787,0,0,0,10.62527,0,0,0,14.00003,100,0.02422006,1.043327,2.042827,0,13.17881
4/20/2007 4:00:00 PM,0.4874063,31.82275,97.25298,59.74066,0.4689221,2.104522,1.693478,1.693478,0,0,0,1.693478,124.2722,0.321914,0,0,2.104522,1.782608,1.693478,0,0,0,10.62527,0,0,0,14.00003,100,0.02422006,1.862826,1.683618,0,12.7298
4/20/2007 5:00:00 PM,0.196753,17.15001,98.67686,74.41973,0.1886584,0.8466989,0.6650304,0.6650304,0,0,0,0.6650304,127.3173,0.146667,0,0,0.8466989,0.7000319,0.6650304,0,0,0,10.62527,0,0,0,14.00003,100,0.02422006,0.7315334,0.6773592,0,11.47197
4/20/2007 6:00:00 PM,0.03309702,2.543309,100.6078,89.14317,0.02720295,0.1220868,2.522325,2.522325,0,0,0,2.522325,4.84025,0,0,0,0.1220868,2.655079,2.522325,0,0,0,10.62527,0,2.532992,-2.532992,11.33002,80.92855,0.02422006,2.774558,0.09766946,0,10.74736
4/20/2007 7:00:00 PM,0,0,103.225,90,0,0,0.8626687,0.8626687,0,-1,0,0.8626687,0,0,0,0,0,0.9080723,0.8626687,0,0,2.814436,8.092282,0,0.9080723,-0.9080723,10.37283,74.09148,0.02422006,0.9489356,0,0,8.092282
4/20/2007 8:00:00 PM,0,0,106.9317,90,0,0,2.46226,2.46226,0,-1,0,2.46226,0,0,4.440892E-16,0,0,2.591853,2.46226,0,0,3.823405,7.18421,0,2.591853,-2.591853,7.640774,54.57685,0.02422006,2.708487,0,0,7.18421
4/20/2007 9:00:00 PM,0,0,112.5978,90,0,0,0,0,0,-1,0,0,0,0,0,0,0,0,0,0,0,6.703242,4.592357,0,0,0,7.640774,54.57685,0.02422006,0,0,0,4.592357
4/20/2007 10:00:00 PM,0,0,122.2805,90,0,0,0.1302278,0.1302278,0,-1,0,0.1302278,0,0,2.775558E-17,0,0,0.1370819,0.1302278,0,0,6.703242,4.592357,0,0.1370819,-0.1370819,7.496277,53.54473,0.02422006,0.1432506,0,0,4.592357
4/20/2007 11:00:00 PM,0,0,141.2147,90,0,0,0.03055157,0.03055157,0,-1,0,0.03055157,0,0,6.938894E-18,0,0,0.03215954,0.03055157,0,0,6.855555,4.455275,0,0.03215954,-0.03215954,7.462378,53.3026,0.02422006,0.03360672,0,0,4.455275
4/21/2007 12:00:00 AM,0,0,177.6845,90,0,0,0.2398193,0.2398193,0,-1,0,0.2398193,0,0,2.775558E-17,0,0,0.2524414,0.2398193,0,0,6.891288,4.423115,0,0.2524414,-0.2524414,7.196281,51.40191,0.02422006,0.2638013,0,0,4.423115
4/21/2007 1:00:00 AM,0,0,-144.8498,90,0,0,0.1580839,0.1580839,0,-1,0,0.1580839,0,0,2.775558E-17,0,0,0.1664041,0.1580839,0,0,7.171778,4.170674,0,0.1664041,-0.1664041,7.020876,50.14902,0.02422006,0.1738923,0,0,4.170674
4/21/2007 2:00:00 AM,0,0,-124.3194,90,0,0,0.1655701,0.1655701,0,-1,0,0.1655701,0,0,2.775558E-17,0,0,0.1742843,0.1655701,0,0,7.356672,4.00427,0,0.1742843,-0.1742843,6.837164,48.83679,0.02422006,0.1821271,0,0,4.00427
4/21/2007 3:00:00 AM,0,0,-113.8706,90,0,0,0.1041628,0.1041628,0,-1,0,0.1041628,0,0,1.387779E-17,0,0,0.1096451,0.1041628,0,0,7.550321,3.829985,0,0.1096451,-0.1096451,6.721589,48.01125,0.02422006,0.1145791,0,0,3.829985
4/21/2007 4:00:00 AM,0,0,-107.8354,90,0,0,0.1083248,0.1083248,0,-1,0,0.1083248,0,0,0,0,0,0.1140262,0.1083248,0,0,7.672149,3.72034,0,0.1140262,-0.1140262,6.601394,47.15272,0.02422006,0.1191573,0,0,3.72034
4/21/2007 5:00:00 AM,0,0,-103.9361,90,0,0,0.4362682,0.4362682,0,0,0,0.4362682,0,0,5.551115E-17,0,0,0.4592297,0.4362682,0,0,7.798845,3.606314,0,0.4592297,-0.4592297,6.117324,43.69508,0.02422006,0.4798951,0,0,3.606314
4/21/2007 6:00:00 AM,0.02204533,0.9565609,-101.2154,90.80457,0.01718014,0.07710446,0.243282,0.243282,0,0,0,0.243282,31.69346,0,2.775558E-17,0,0.07710446,0.2560863,0.243282,0,0,8.3091,3.147084,0,0.1789818,-0.1789818,5.92866,42.34749,0.02422006,0.2676102,0.06168357,0,3.224189
4/21/2007 7:00:00 AM,0.1942787,15.53752,-99.2347,76.09719,0.1829499,0.8210793,1.042416,1.042416,0,0,0,1.042416,78.76694,0,0,0,0.8210793,1.09728,1.042416,0,0,8.507969,2.968102,0,0.2762008,-0.2762008,5.637519,40.26791,0.02422006,1.146658,0.6568635,0,3.789182
4/21/2007 8:00:00 AM,0.5360995,30.18998,-97.80111,61.43109,0.5117795,2.296866,1.224296,1.224296,0,0,0,1.224296,187.6071,0,0,0,2.296866,1.288733,1.224296,0,0,8.814858,2.691902,1.008133,0,1.008133,6.593918,47.09932,0.02419117,1.346726,1.837493,0,4.988768
4/21/2007 9:00:00 AM,0.7209571,44.88433,-96.9017,46.87738,0.7004898,3.143798,0.5623859,0.5623859,0,-1,0,0.5623859,559.0109,0,0,0,3.143798,0.5919851,0.5623859,0,0,7.806725,3.599222,2.551813,0,2.551813,9.014781,64.39116,0.02411836,0.6186244,2.515038,0,6.74302
4/21/2007 10:00:00 AM,0.9237719,59.59566,-96.83839,32.61394,0.9042326,4.058196,0.8613003,0.8613003,0,0,0,0.8613003,471.1709,0,0,0,4.058196,0.9066319,0.8613003,0,0,5.254912,5.895854,3.151564,0,3.151564,12.00462,85.74709,0.02402904,0.9474303,3.246557,0,9.954049
4/21/2007 11:00:00 AM,0.8455178,74.27551,-99.42428,19.32194,0.832151,3.734694,0.9320405,0.9320405,0,0,0,0.9320405,400.7008,0.6502506,0,0,3.734694,0.9810953,0.9320405,0,0,2.103348,8.732262,2.103348,0,2.103348,14.00003,100,0.0239698,1.025244,2.987755,0,12.46696
4/21/2007 12:00:00 PM,0.982571,87.64848,-160.0644,11.27093,0.9667214,4.338645,0.8319574,0.8319574,0,0,0,0.8319574,521.4985,3.462901,0,0,4.338645,0.8757446,0.8319574,0,0,0,10.62527,0,0,0,14.00003,100,0.0239698,0.9151531,3.470916,0,14.96392
4/21/2007 1:00:00 PM,0.9792095,75.86621,100.2,18.02604,0.962386,4.319189,0.8278961,0.8278961,0,0,0,0.8278961,521.7066,3.447719,0,0,4.319189,0.8714696,0.8278961,0,0,0,10.62527,0,0,0,14.00003,100,0.0239698,0.9106857,3.455351,0,14.94446
4/21/2007 2:00:00 PM,0.8057981,61.1983,96.92262,31.09511,0.7903231,3.54697,1.455854,1.455854,0,-1,0,1.455854,243.635,2.014492,0,0,3.54697,1.532478,1.455854,0,0,0,10.62527,0,0,0,14.00003,100,0.0239698,1.60144,2.837576,0,14.17224
4/21/2007 3:00:00 PM,0.6649855,46.48698,96.84339,45.30388,0.6480452,2.908427,1.383609,1.383609,0,0,0,1.383609,210.2058,1.451996,0,0,2.908427,1.456431,1.383609,0,0,0,10.62527,0,0,0,14.00003,100,0.0239698,1.52197,2.326741,0,13.5337
4/21/2007 4:00:00 PM,0.4289971,31.78953,97.6755,59.83801,0.4146077,1.860759,1.015947,1.015947,0,0,0,1.015947,183.1552,0.7913417,0,0,1.860759,1.069418,1.015947,0,0,0,10.62527,0,0,0,14.00003,100,0.0239698,1.117541,1.488608,0,12.48603
4/21/2007 5:00:00 PM,0.1604823,17.13126,99.05373,74.49622,0.1566419,0.7030088,0,0,0,0,0,0,0,0.7030088,0,0,0.7030088,0,0,0,0,0,10.62527,0,0,0,14.00003,100,0.0239698,0,0.5624071,0,11.32828
4/21/2007 6:00:00 PM,0.03737647,2.540657,100.9688,89.2014,0.02707573,0.1215159,3.676365,3.676365,1.25,0,0.50625,3.676365,3.305326,0,0,0,0.1215159,2.554069,2.426365,0,0,0,10.62527,0,2.432553,-2.432553,11.43589,81.68478,0.0239698,4.044002,0.09721269,5,10.74679
4/21/2007 7:00:00 PM,0,0,103.5932,90,0,0,1.000094,1.000094,0,-1,0,1.000094,0,0,2.220446E-16,0,0,1.05273,1.000094,0,0,2.702837,8.192721,0,1.05273,-1.05273,10.32622,73.75854,0.0239698,1.100103,0,0,8.192721
4/21/2007 8:00:00 PM,0,0,107.3309,90,0,0,0.1599313,0.1599313,0,-1,0,0.1599313,0,0,2.775558E-17,0,0,0.1683488,0.1599313,0,0,3.872537,7.139991,0,0.1683488,-0.1683488,10.14876,72.49101,0.0239698,0.1759245,0,0,7.139991
4/21/2007 9:00:00 PM,0,0,113.058,90,0,0,2.2735,2.2735,0,-1,0,2.2735,0,0,4.440892E-16,0,0,2.393158,2.2735,0,0,4.059591,6.971642,0,2.393158,-2.393158,7.626152,54.4724,0.0239698,2.50085,0,0,6.971642
4/21/2007 10:00:00 PM,0,0,122.837,90,0,0,0.1837548,0.1837548,0,-1,0,0.1837548,0,0,2.775558E-17,0,0,0.1934261,0.1837548,0,0,6.718655,4.578485,0,0.1934261,-0.1934261,7.422263,53.01606,0.0239698,0.2021302,0,0,4.578485
4/21/2007 11:00:00 PM,0,0,141.8356,90,0,0,0.09908137,0.09908137,0,-1,0,0.09908137,0,0,1.387779E-17,0,0,0.1042962,0.09908137,0,0,6.933573,4.385058,0,0.1042962,-0.1042962,7.312325,52.23079,0.0239698,0.1089895,0,0,4.385058
4/22/2007 12:00:00 AM,0,0,177.8819,90,0,0,0.4677348,0.4677348,0,-1,0,0.4677348,0,0,5.551115E-17,0,0,0.4923524,0.4677348,0,0,7.049458,4.280762,0,0.4923524,-0.4923524,6.79334,48.52376,0.0239698,0.5145082,0,0,4.280762
4/22/2007 1:00:00 AM,0,0,-145.2274,90,0,0,0,0,0,-1,0,0,0,0,0,0,0,0,0,0,0,7.596516,3.78841,0,0,0,6.79334,48.52376,0.0239698,0,0,0,3.78841
4/22/2007 2:00:00 AM,0,0,-124.7704,90,0,0,0,0,0,-1,0,0,0,0,0,0,0,0,0,0,0,7.596516,3.78841,0,0,0,6.79334,48.52376,0.0239698,0,0,0,3.78841
4/22/2007 3:00:00 AM,0,0,-114.2751,90,0,0,0,0,0,-1,0,0,0,0,0,0,0,0,0,0,0,7.596516,3.78841,0,0,0,6.79334,48.52376,0.0239698,0,0,0,3.78841
4/22/2007 4:00:00 AM,0,0,-108.1992,90,0,0,0.2468391,0.2468391,0,-1,0,0.2468391,0,0,0,0,0,0.2598307,0.2468391,0,0,7.596516,3.78841,0,0.2598307,-0.2598307,6.519455,46.56744,0.0239698,0.2715231,0,0,3.78841
4/22/2007 5:00:00 AM,0,0,-104.2784,90,0,0,0.1340661,0.1340661,0,0,0,0.1340661,0,0,0,0,0,0.1411223,0.1340661,0,0,7.885217,3.528579,0,0.1411223,-0.1411223,6.370699,45.5049,0.0239698,0.1474728,0,0,3.528579
4/22/2007 6:00:00 AM,0.03364542,1.066251,-101.5552,90.74848,0.009957276,0.04468826,0.2265496,0.2265496,0,0,0,0.2265496,19.72559,0,2.775558E-17,0,0.04468826,0.2384733,0.2265496,0,0,8.042019,3.387457,0,0.193785,-0.193785,6.166431,44.04585,0.0239698,0.2492046,0.03575061,0,3.432145
4/22/2007 7:00:00 AM,0.2334096,15.63111,-99.59239,76.05977,0.2137255,0.9591998,0.9892797,0.9892797,0,0,0,0.9892797,96.95943,0,0,0,0.9591998,1.041347,0.9892797,0,0,8.257336,3.193672,0,0.08214714,-0.08214714,6.079841,43.42735,0.0239698,1.088208,0.7673599,0,4.152872
4/22/2007 8:00:00 AM,0.4733184,30.26889,-98.20411,61.41506,0.4524069,2.030402,0,0,0,0,0,0,0,0,0,0,2.030402,0,0,0,0,8.34861,3.111525,2.030402,0,2.030402,8.006049,57.18595,0.02391289,0,1.624322,0,5.141927
4/22/2007 9:00:00 AM,0.6048396,44.94824,-97.39774,46.8899,0.5893673,2.645081,1.098803,1.098803,0,-1,0,1.098803,240.7239,0,0,0,2.645081,1.156634,1.098803,0,0,6.318208,4.938887,1.488446,0,1.488446,9.418114,67.2721,0.02387134,1.208683,2.116065,0,7.583967
4/22/2007 10:00:00 AM,0.6706049,59.64103,-97.53859,32.67277,0.6593723,2.959263,0.7873802,0.7873802,0,0,0,0.7873802,375.8365,0,0,0,2.959263,0.8288213,0.7873802,0,0,4.829762,6.278489,2.130441,0,2.130441,11.43923,81.7086,0.02381211,0.8661183,2.36741,0,9.237751
4/22/2007 11:00:00 AM,0.8523004,74.28568,-100.7416,19.479,0.8380157,3.761014,0,0,0,0,0,0,0,1.061694,0,0,3.761014,0,0,0,0,2.699321,8.195886,2.699321,0,2.699321,14.00003,100,0.0237375,0,3.008811,0,11.9569
4/22/2007 12:00:00 PM,0.837624,87.33052,-163.7801,11.61897,0.8251655,3.703342,0.0137645,0.0137645,0,0,0,0.0137645,26905.03,3.688854,0,0,3.703342,0.01448895,0.0137645,0,0,0,10.62527,0,0,0,14.00003,100,0.0237375,0.01514095,2.962674,0,14.32862
4/22/2007 1:00:00 PM,0.894778,75.76026,101.5911,18.28678,0.8793877,3.946692,2.628694,2.628694,0,0,0,2.628694,150.1389,1.179646,0,0,3.946692,2.767046,2.628694,0,0,0,10.62527,0,0,0,14.00003,100,0.0237375,2.891563,3.157354,0,14.57197
4/22/2007 2:00:00 PM,0.849848,61.13082,97.64954,31.26491,0.832022,3.734115,1.181394,1.181394,0,-1,0,1.181394,316.077,2.490542,0,0,3.734115,1.243572,1.181394,0,0,0,10.62527,0,0,0,14.00003,100,0.0237375,1.299533,2.987292,0,14.35939
4/22/2007 3:00:00 PM,0.6343704,46.43877,97.35696,45.42837,0.618269,2.774791,1.436507,1.436507,0,0,0,1.436507,193.1624,1.262679,0,0,2.774791,1.512113,1.436507,0,0,0,10.62527,0,0,0,14.00003,100,0.0237375,1.580158,2.219833,0,13.40007
4/22/2007 4:00:00 PM,0.3723625,31.75669,98.09368,59.93422,0.3624763,1.626794,0.3686845,0.3686845,0,0,0,0.3686845,441.2428,1.238705,0,0,1.626794,0.3880889,0.3686845,0,0,0,10.62527,0,0,0,14.00003,100,0.0237375,0.4055529,1.301435,0,12.25207
4/22/2007 5:00:00 PM,0.181075,17.11343,99.42684,74.57114,0.1746671,0.7839062,0,0,0,0,0,0,0,0.7839062,0,0,0.7839062,0,0,0,0,0,10.62527,0,0,0,14.00003,100,0.0237375,0,0.627125,0,11.40918
4/22/2007 6:00:00 PM,0.02868102,2.53936,101.3261,89.25768,0.02542906,0.1141256,1.866407,1.866407,0,0,0,1.866407,6.114725,0,2.220446E-16,0,0.1141256,1.964639,1.866407,0,0,0,10.62527,0,1.850513,-1.850513,12.04942,86.06709,0.0237375,2.053047,0.0913005,0,10.7394
4/22/2007 7:00:00 PM,0,0,103.9576,90,0,0,0,0,0,-1,0,0,0,0,0,0,0,0,0,0,0,2.056126,8.774761,0,0,0,12.04942,86.06709,0.0237375,0,0,0,8.774761
4/22/2007 8:00:00 PM,0,0,107.7256,90,0,0,0.5896974,0.5896974,0,-1,0,0.5896974,0,0,0,0,0,0.6207341,0.5896974,0,0,2.056126,8.774761,0,0.6207341,-0.6207341,11.3951,81.39344,0.0237375,0.6486672,0,0,8.774761
4/22/2007 9:00:00 PM,0,0,113.5121,90,0,0,1.21312,1.21312,0,-1,0,1.21312,0,0,2.220446E-16,0,0,1.276968,1.21312,0,0,2.74583,8.154027,0,1.276968,-1.276968,10.04906,71.77887,0.0237375,1.334432,0,0,8.154027
4/22/2007 10:00:00 PM,0,0,123.3833,90,0,0,0.3510819,0.3510819,0,-1,0,0.3510819,0,0,0,0,0,0.3695599,0.3510819,0,0,4.164684,6.877059,0,0.3695599,-0.3695599,9.659512,68.99638,0.0237375,0.3861901,0,0,6.877059
4/22/2007 11:00:00 PM,0,0,142.4374,90,0,0,0,0,0,-1,0,0,0,0,0,0,0,0,0,0,0,4.575306,6.507499,0,0,0,9.659512,68.99638,0.0237375,0,0,0,6.507499
4/23/2007 12:00:00 AM,0,0,178.067,90,0,0,0.2394501,0.2394501,0,-1,0,0.2394501,0,0,2.775558E-17,0,0,0.2520527,0.2394501,0,0,4.575306,6.507499,0,0.2520527,-0.2520527,9.393825,67.09862,0.0237375,0.2633951,0,0,6.507499
4/23/2007 1:00:00 AM,0,0,-145.5953,90,0,0,0.2706939,0.2706939,0,-1,0,0.2706939,0,0,5.551115E-17,0,0,0.284941,0.2706939,0,0,4.855364,6.255446,0,0.284941,-0.284941,9.093471,64.95323,0.0237375,0.2977633,0,0,6.255446
4/23/2007 2:00:00 AM,0,0,-125.2132,90,0,0,0.1213689,0.1213689,0,-1,0,0.1213689,0,0,1.387779E-17,0,0,0.1277568,0.1213689,0,0,5.171966,5.970505,0,0.1277568,-0.1277568,8.958803,63.99132,0.0237375,0.1335058,0,0,5.970505
4/23/2007 3:00:00 AM,0,0,-114.6741,90,0,0,0.2464232,0.2464232,0,-1,0,0.2464232,0,0,0,0,0,0.2593929,0.2464232,0,0,5.313918,5.842748,0,0.2593929,-0.2593929,8.685379,62.0383,0.0237375,0.2710656,0,0,5.842748
4/23/2007 4:00:00 AM,0,0,-108.559,90,0,0,0.2441887,0.2441887,0,-1,0,0.2441887,0,0,2.775558E-17,0,0,0.2570407,0.2441887,0,0,5.602132,5.583355,0,0.2570407,-0.2570407,8.414434,60.10298,0.0237375,0.2686075,0,0,5.583355
4/23/2007 5:00:00 AM,0,0,-104.6173,90,0,0,0.4824015,0.4824015,0,0,0,0.4824015,0,0,5.551115E-17,0,0,0.5077911,0.4824015,0,0,5.887733,5.326315,0,0.5077911,-0.5077911,7.879176,56.27971,0.0237375,0.5306417,0,0,5.326315
4/23/2007 6:00:00 AM,0.03260601,1.173361,-101.892,90.6944,0.01218743,0.05469719,0.3028076,0.3028076,0,0,0,0.3028076,18.06334,0,5.551115E-17,0,0.05469719,0.3187449,0.3028076,0,0,6.451945,4.818524,0,0.2640477,-0.2640477,7.600845,54.29164,0.0237375,0.3330884,0.04375775,0,4.873221
4/23/2007 7:00:00 AM,0.2235227,15.72174,-99.94711,76.02474,0.2055851,0.922666,1.809689,1.809689,0,0,0,1.809689,50.98476,0,0,0,0.922666,1.904936,1.809689,0,0,6.745331,4.554476,0,0.9822704,-0.9822704,6.565441,46.89591,0.0237375,1.990658,0.7381327,0,5.477142
4/23/2007 8:00:00 AM,0.5127019,30.34433,-98.60394,61.40187,0.488069,2.190454,1.245466,1.245466,0,0,0,1.245466,175.8742,0,0,0,2.190454,1.311017,1.245466,0,0,7.836743,3.572206,0.8794364,0,0.8794364,7.399748,52.85524,0.02371329,1.370013,1.752363,0,5.762659
4/23/2007 9:00:00 AM,0.5376189,45.00791,-97.89006,46.90582,0.5257522,2.359576,0.6405849,0.6405849,0,-1,0,0.6405849,368.3471,0,0,0,2.359576,0.6742999,0.6405849,0,0,6.957306,4.363698,1.685276,0,1.685276,8.998541,64.27516,0.02366704,0.7046434,1.887661,0,6.723275
4/23/2007 10:00:00 AM,0.6962119,59.68076,-98.23367,32.73576,0.6833383,3.066822,1.599114,1.599114,0,0,0,1.599114,191.7826,0,0,0,3.066822,1.683278,1.599114,0,0,5.27203,5.880447,1.383544,0,1.383544,10.31109,73.65047,0.0236292,1.759025,2.453458,0,8.947269
4/23/2007 11:00:00 AM,0.669227,74.28647,-102.0462,19.64071,0.6608974,2.966108,0,0,0,0,0,0,0,0,0,0,2.966108,0,0,0,0,3.888486,7.125637,2.966108,0,2.966108,13.12498,93.74969,0.02354849,0,2.372886,0,10.09174
4/23/2007 12:00:00 PM,0.9108135,87.00661,-166.6429,11.96424,0.8953088,4.018146,0.2714846,0.2714846,0,0,0,0.2714846,1480.064,2.809994,0,0,4.018146,0.2857733,0.2714846,0,0,0.9223782,9.795134,0.9223782,0,0.9223782,14.00003,100,0.0235235,0.2986331,3.214517,0,13.81328
4/23/2007 1:00:00 PM,0.9651461,75.64899,102.9493,18.54689,0.9468639,4.249526,0.350844,0.350844,0,0,0,0.350844,1211.229,3.880216,0,0,4.249526,0.3693095,0.350844,0,0,0,10.62527,0,0,0,14.00003,100,0.0235235,0.3859284,3.39962,0,14.8748
4/23/2007 2:00:00 PM,0.9695781,61.06167,98.36643,31.43444,0.9474797,4.252289,0.7447891,0.7447891,0,-1,0,0.7447891,570.9387,3.468301,0,0,4.252289,0.7839886,0.7447891,0,0,0,10.62527,0,0,0,14.00003,100,0.0235235,0.819268,3.401831,0,14.87756
4/23/2007 3:00:00 PM,0.7749147,46.39026,97.8646,45.55207,0.751574,3.373064,0.01124768,0.01124768,0,0,0,0.01124768,29988.98,3.361225,0,0,3.373064,0.01183966,0.01124768,0,0,0,10.62527,0,0,0,14.00003,100,0.0235235,0.01237245,2.698451,0,13.99834
4/23/2007 4:00:00 PM,0.3611768,31.72431,98.5074,60.02919,0.3518713,1.579199,0.9511243,0.9511243,0,0,0,0.9511243,166.0349,0.5780151,0,0,1.579199,1.001184,0.9511243,0,0,0,10.62527,0,0,0,14.00003,100,0.0235235,1.046237,1.263359,0,12.20447
4/23/2007 5:00:00 PM,0.2264301,17.0966,99.7961,74.64442,0.2118553,0.9508064,1.495504,1.495504,0,0,0,1.495504,63.57765,0,0,0,0.9508064,1.574215,1.495504,0,0,0,10.62527,0,0.6234085,-0.6234085,13.3429,95.30622,0.0235235,1.645055,0.7606452,0,11.57608
4/23/2007 6:00:00 PM,0.02894463,2.53946,101.6798,89.31194,0.02543183,0.1141381,2.397444,2.397444,0,0,0,2.397444,4.760822,0,4.440892E-16,0,0.1141381,2.523626,2.397444,0,0,0.6926761,10.00187,0,2.409487,-2.409487,10.80307,77.16467,0.0235235,2.637189,0.09131045,0,10.116
4/23/2007 7:00:00 PM,0,0,104.3181,90,0,0,1.234431,1.234431,0,-1,0,1.234431,0,0,2.220446E-16,0,0,1.299401,1.234431,0,0,3.369884,7.592378,0,1.299401,-1.299401,9.433386,67.3812,0.0235235,1.357874,0,0,7.592378
4/23/2007 8:00:00 PM,0,0,108.1158,90,0,0,0.5902363,0.5902363,0,-1,0,0.5902363,0,0,1.110223E-16,0,0,0.6213014,0.5902363,0,0,4.813663,6.292977,0,0.6213014,-0.6213014,8.778477,62.70328,0.0235235,0.6492599,0,0,6.292977
4/23/2007 9:00:00 PM,0,0,113.96,90,0,0,0.3642524,0.3642524,0,-1,0,0.3642524,0,0,0,0,0,0.3834236,0.3642524,0,0,5.503998,5.671676,0,0.3834236,-0.3834236,8.374312,59.8164,0.0235235,0.4006776,0,0,5.671676
4/23/2007 10:00:00 PM,0,0,123.9194,90,0,0,0.00942386,0.00942386,0,-1,0,0.00942386,0,0,1.734723E-18,0,0,0.009919853,0.00942386,0,0,5.930025,5.288252,0,0.009919853,-0.009919853,8.363856,59.74171,0.0235235,0.01036625,0,0,5.288252
4/23/2007 11:00:00 PM,0,0,143.0203,90,0,0,0.1576005,0.1576005,0,-1,0,0.1576005,0,0,0,0,0,0.1658952,0.1576005,0,0,5.941047,5.278332,0,0.1658952,-0.1658952,8.188988,58.49265,0.0235235,0.1733605,0,0,5.278332
4/24/2007 12:00:00 AM,0,0,178.2403,90,0,0,0.1589818,0.1589818,0,-1,0,0.1589818,0,0,0,0,0,0.1673493,0.1589818,0,0,6.125375,5.112437,0,0.1673493,-0.1673493,8.012586,57.23264,0.0235235,0.17488,0,0,5.112437
4/24/2007 1:00:00 AM,0,0,-145.9541,90,0,0,0.09230581,0.09230581,0,-1,0,0.09230581,0,0,0,0,0,0.09716401,0.09230581,0,0,6.311318,4.945088,0,0.09716401,-0.09716401,7.910166,56.50107,0.0235235,0.1015364,0,0,4.945088
4/24/2007 2:00:00 AM,0,0,-125.6479,90,0,0,0.1145552,0.1145552,0,-1,0,0.1145552,0,0,1.387779E-17,0,0,0.1205844,0.1145552,0,0,6.419278,4.847924,0,0.1205844,-0.1205844,7.783059,55.59317,0.0235235,0.1260107,0,0,4.847924
4/24/2007 3:00:00 AM,0,0,-115.0677,90,0,0,0.2370519,0.2370519,0,-1,0,0.2370519,0,0,0,0,0,0.2495284,0.2370519,0,0,6.553261,4.727339,0,0.2495284,-0.2495284,7.520033,53.71441,0.0235235,0.2607571,0,0,4.727339
4/24/2007 4:00:00 AM,0,0,-108.9146,90,0,0,0.196989,0.196989,0,-1,0,0.196989,0,0,2.775558E-17,0,0,0.2073568,0.196989,0,0,6.830514,4.477811,0,0.2073568,-0.2073568,7.30146,52.15318,0.0235235,0.2166879,0,0,4.477811
4/24/2007 5:00:00 AM,0,0,-104.9528,90,0,0,0.1133385,0.1133385,0,0,0,0.1133385,0,0,1.387779E-17,0,0,0.1193037,0.1133385,0,0,7.060911,4.270454,0,0.1193037,-0.1193037,7.175703,51.25491,0.0235235,0.1246724,0,0,4.270454
4/24/2007 6:00:00 AM,0.02390491,1.277823,-102.2257,90.6424,0.0184599,0.08284803,0.2363786,0.2363786,0,0,0,0.2363786,35.04888,0,2.775558E-17,0,0.08284803,0.2488195,0.2363786,0,0,7.193471,4.151151,0,0.1659715,-0.1659715,7.000753,50.00528,0.0235235,0.2600164,0.06627842,0,4.233999
4/24/2007 7:00:00 AM,0.1380929,15.80935,-100.2987,75.99215,0.1349727,0.6057575,0.5190372,0.5190372,0,0,0,0.5190372,116.7079,0,0,0,0.6057575,0.5463549,0.5190372,0,0,7.377883,3.985179,0.0594025,0,0.0594025,7.057107,50.40781,0.02352189,0.5709409,0.484606,0,4.590937
4/24/2007 8:00:00 AM,0.4357257,30.41625,-99.00044,61.39152,0.4170551,1.871743,0,0,0,0,0,0,0,0,0,0,1.871743,0,0,0,0,7.318481,4.038641,1.871743,0,1.871743,8.832799,63.0913,0.02347136,0,1.497395,0,5.910385
4/24/2007 9:00:00 AM,0.3979318,45.06335,-98.37843,46.92508,0.393131,1.764372,0.4966571,0.4966571,0,-1,0,0.4966571,355.2495,0,0,0,1.764372,0.5227969,0.4966571,0,0,5.446738,5.72321,1.241575,0,1.241575,10.01066,71.50458,0.02343796,0.5463228,1.411498,0,7.487582
4/24/2007 10:00:00 AM,0.5459149,59.71492,-98.92311,32.8028,0.5391288,2.41961,1.1233,1.1233,0,0,0,1.1233,215.4019,0,0,0,2.41961,1.182421,1.1233,0,0,4.205163,6.840628,1.237189,0,1.237189,11.18436,79.88814,0.02340477,1.23563,1.935688,0,9.260239
4/24/2007 11:00:00 AM,0.8295462,74.27811,-103.3361,19.80673,0.8147256,3.656488,0.2434791,0.2434791,0,0,0,0.2434791,1501.767,0.4322212,0,0,3.656488,0.2562938,0.2434791,0,0,2.967973,7.954098,2.967973,0,2.967973,14.00003,100,0.02332553,0.267827,2.925191,0,11.61059
4/24/2007 12:00:00 PM,0.8461349,86.67976,-168.8955,12.30656,0.8321305,3.734601,0.2795576,0.2795576,0,0,0,0.2795576,1335.897,3.440331,0,0,3.734601,0.2942712,0.2795576,0,0,0,10.62527,0,0,0,14.00003,100,0.02332553,0.3075134,2.987681,0,14.35988
4/24/2007 1:00:00 PM,0.9678379,75.53286,104.2742,18.80607,0.9485928,4.257285,0.1779134,0.1779134,0,0,0,0.1779134,2392.896,4.070007,0,0,4.257285,0.1872773,0.1779134,0,0,0,10.62527,0,0,0,14.00003,100,0.02332553,0.1957048,3.405828,0,14.88256
4/24/2007 2:00:00 PM,0.6306999,60.99103,99.07313,31.6035,0.6207851,2.786084,0,0,0,-1,0,0,0,2.786084,0,0,2.786084,0,0,0,0,0,10.62527,0,0,0,14.00003,100,0.02332553,0,2.228867,0,13.41136
4/24/2007 3:00:00 PM,0.5228261,46.34158,98.3662,45.67486,0.5122566,2.299008,0.3446181,0.3446181,0,0,0,0.3446181,667.1174,1.936252,0,0,2.299008,0.362756,0.3446181,0,0,0,10.62527,0,0,0,14.00003,100,0.02332553,0.37908,1.839206,0,12.92428
4/24/2007 4:00:00 PM,0.2748975,31.6925,98.91656,60.12282,0.2711774,1.217044,0.2193957,0.2193957,0,0,0,0.2193957,554.7255,0.9861012,0,0,1.217044,0.2309428,0.2193957,0,0,0,10.62527,0,0,0,14.00003,100,0.02332553,0.2413353,0.9736352,0,11.84232
4/24/2007 5:00:00 PM,0.1263558,17.08081,100.1614,74.71597,0.1246976,0.5596428,0.4760017,0.4760017,0,0,0,0.4760017,117.5716,0.05858834,0,0,0.5596428,0.5010545,0.4760017,0,0,0,10.62527,0,0,0,14.00003,100,0.02332553,0.5236019,0.4477142,0,11.18492
4/24/2007 6:00:00 PM,0.03767157,2.540992,102.0297,89.36413,0.02593717,0.116406,1.176986,1.176986,0,0,0,1.176986,9.890178,0,2.220446E-16,0,0.116406,1.238933,1.176986,0,0,0,10.62527,0,1.122527,-1.122527,12.81678,91.54825,0.02332553,1.294685,0.09312481,0,10.74168
4/24/2007 7:00:00 PM,0,0,104.6746,90,0,0,1.635145,1.635145,0,-1,0,1.635145,0,0,0,0,0,1.721205,1.635145,0,0,1.247252,9.502748,0,1.721205,-1.721205,11.00247,78.58892,0.02332553,1.798659,0,0,9.502748
4/24/2007 8:00:00 PM,0,0,108.5012,90,0,0,0,0,0,-1,0,0,0,0,0,0,0,0,0,0,0,3.159702,7.781542,0,0,0,11.00247,78.58892,0.02332553,0,0,0,7.781542
4/24/2007 9:00:00 PM,0,0,114.4014,90,0,0,2.208635,2.208635,0,-1,0,2.208635,0,0,4.440892E-16,0,0,2.324878,2.208635,0,0,3.159702,7.781542,0,2.324878,-2.324878,8.551834,61.08441,0.02332553,2.429498,0,0,7.781542
4/24/2007 10:00:00 PM,0,0,124.4452,90,0,0,0.3255493,0.3255493,0,-1,0,0.3255493,0,0,5.551115E-17,0,0,0.3426834,0.3255493,0,0,5.7429,5.456664,0,0.3426834,-0.3426834,8.190615,58.50427,0.02332553,0.3581042,0,0,5.456664
4/24/2007 11:00:00 PM,0,0,143.5847,90,0,0,0.3160959,0.3160959,0,-1,0,0.3160959,0,0,5.551115E-17,0,0,0.3327326,0.3160959,0,0,6.12366,5.11398,0,0.3327326,-0.3327326,7.839883,55.99905,0.02332553,0.3477055,0,0,5.11398
4/25/2007 12:00:00 AM,0,0,178.4023,90,0,0,0.0635148,0.0635148,0,-1,0,0.0635148,0,0,1.387779E-17,0,0,0.06685769,0.0635148,0,0,6.493362,4.781248,0,0.06685769,-0.06685769,7.769409,55.49567,0.02332553,0.06986628,0,0,4.781248
4/25/2007 1:00:00 AM,0,0,-146.3041,90,0,0,0,0,0,-1,0,0,0,0,0,0,0,0,0,0,0,6.567649,4.71439,0,0,0,7.769409,55.49567,0.02332553,0,0,0,4.71439
4/25/2007 2:00:00 AM,0,0,-126.0748,90,0,0,0.5464076,0.5464076,0,-1,0,0.5464076,0,0,0,0,0,0.5751659,0.5464076,0,0,6.567649,4.71439,0,0.5751659,-0.5751659,7.163131,51.16512,0.02332553,0.6010484,0,0,4.71439
4/25/2007 3:00:00 AM,0,0,-115.4558,90,0,0,0.1629218,0.1629218,0,-1,0,0.1629218,0,0,2.775558E-17,0,0,0.1714966,0.1629218,0,0,7.206722,4.139224,0,0.1714966,-0.1714966,6.982358,49.87388,0.02332553,0.179214,0,0,4.139224
4/25/2007 4:00:00 AM,0,0,-109.2661,90,0,0,0.1547995,0.1547995,0,-1,0,0.1547995,0,0,2.775558E-17,0,0,0.1629469,0.1547995,0,0,7.397274,3.967728,0,0.1629469,-0.1629469,6.810596,48.64702,0.02332553,0.1702795,0,0,3.967728
4/25/2007 5:00:00 AM,0,0,-105.2849,90,0,0,0.08372595,0.08372595,0,0,0,0.08372595,0,0,0,0,0,0.08813258,0.08372595,0,0,7.578326,3.804781,0,0.08813258,-0.08813258,6.717697,47.98345,0.02332553,0.09209855,0,0,3.804781
4/25/2007 6:00:00 AM,0.02142797,1.379571,-102.5561,90.5925,0.01847326,0.082908,0,0,0,0,0,0,0,0,0,0,0.082908,0,0,0,0,7.676251,3.716648,0.082908,0,0.082908,6.79635,48.54526,0.02332332,0,0.0663264,0,3.799556
4/25/2007 7:00:00 AM,0.1217803,15.89389,-100.6471,75.96201,0.119888,0.5380574,0.6450234,0.6450234,0,0,0,0.6450234,83.41672,0,1.110223E-16,0,0.5380574,0.678972,0.6450234,0,0,7.593343,3.791265,0,0.1409146,-0.1409146,6.647813,47.48428,0.02332332,0.7095258,0.4304459,0,4.329323
4/25/2007 8:00:00 AM,0.3901811,30.48466,-99.39346,61.384,0.3758865,1.686978,0.5148534,0.5148534,0,0,0,0.5148534,327.6619,0,0,0,1.686978,0.541951,0.5148534,0,0,7.749915,3.650351,1.145028,0,1.145028,7.734082,55.24333,0.0232929,0.5663388,1.349583,0,5.337329
4/25/2007 9:00:00 AM,0.555281,45.11455,-98.8626,46.94767,0.5413855,2.429738,0.7949591,0.7949591,0,-1,0,0.7949591,305.6432,0,0,0,2.429738,0.836799,0.7949591,0,0,6.604887,4.680875,1.592939,0,1.592939,9.245276,66.03755,0.02325071,0.874455,1.94379,0,7.110613
4/25/2007 10:00:00 AM,0.7883942,59.74358,-99.60643,32.87376,0.7700283,3.455887,1.293189,1.293189,0,0,0,1.293189,267.2376,0,0,0,3.455887,1.361251,1.293189,0,0,5.011949,6.114521,2.094636,0,2.094636,11.23242,80.23143,0.02319547,1.422508,2.76471,0,9.570408
4/25/2007 11:00:00 AM,0.9464676,74.26084,-104.6095,19.97674,0.9267675,4.159332,0,0,0,0,0,0,0,1.24202,0,0,4.159332,0,0,0,0,2.917313,7.999693,2.917313,0,2.917313,14.00003,100,0.02311896,0,3.327466,0,12.15903
4/25/2007 12:00:00 PM,0.9634578,86.35194,-170.7,12.64574,0.9447227,4.239915,0,0,0,0,0,0,0,4.239915,0,0,4.239915,0,0,0,0,0,10.62527,0,0,0,14.00003,100,0.02311896,0,3.391932,0,14.86519
4/25/2007 1:00:00 PM,0.8468257,75.41232,105.5657,19.06406,0.830902,3.729088,0,0,0,0,0,0,0,3.729088,0,0,3.729088,0,0,0,0,0,10.62527,0,0,0,14.00003,100,0.02311896,0,2.983271,0,14.35436
4/25/2007 2:00:00 PM,0.7820097,60.91911,99.76949,31.7719,0.7644455,3.430832,0.5400063,0.5400063,0,-1,0,0.5400063,635.3317,2.862404,0,0,3.430832,0.5684277,0.5400063,0,0,0,10.62527,0,0,0,14.00003,100,0.02311896,0.594007,2.744665,0,14.05611
4/25/2007 3:00:00 PM,0.4401185,46.29285,98.86166,45.7966,0.4337347,1.946601,0.6399873,0.6399873,0,0,0,0.6399873,304.1624,1.27293,0,0,1.946601,0.6736709,0.6399873,0,0,0,10.62527,0,0,0,14.00003,100,0.02311896,0.7039861,1.557281,0,12.57188
4/25/2007 4:00:00 PM,0.2078984,31.66132,99.32106,60.215,0.2062876,0.9258189,0.7133521,0.7133521,0,0,0,0.7133521,129.7843,0.1749219,0,0,0.9258189,0.7508969,0.7133521,0,0,0,10.62527,0,0,0,14.00003,100,0.02311896,0.7846873,0.7406551,0,11.55109
4/25/2007 5:00:00 PM,0.1518794,17.06614,100.5227,74.78574,0.1483727,0.6658968,0,0,0,0,0,0,0,0.6658968,0,0,0.6658968,0,0,0,0,0,10.62527,0,0,0,14.00003,100,0.02311896,0,0.5327175,0,11.29117
4/25/2007 6:00:00 PM,0.02487295,2.543992,102.3756,89.4142,0.02310553,0.1036976,0.02845766,0.02845766,0,0,0,0.02845766,364.3927,0.0737422,0,0,0.1036976,0.02995543,0.02845766,0,0,0,10.62527,0,0,0,14.00003,100,0.02311896,0.03130342,0.0829581,0,10.72897
4/25/2007 7:00:00 PM,0,0,105.0269,90,0,0,0,0,0,-1,0,0,0,0,0,0,0,0,0,0,0,0,10.62527,0,0,0,14.00003,100,0.02311896,0,0,0,10.62527
4/25/2007 8:00:00 PM,0,0,108.8818,90,0,0,0,0,0,-1,0,0,0,0,0,0,0,0,0,0,0,0,10.62527,0,0,0,14.00003,100,0.02311896,0,0,0,10.62527
4/25/2007 9:00:00 PM,0,0,114.8363,90,0,0,1.256525,1.256525,0,-1,0,1.256525,0,0,2.220446E-16,0,0,1.322658,1.256525,0,0,0,10.62527,0,1.322658,-1.322658,12.60582,90.04142,0.02311896,1.382178,0,0,10.62527
4/25/2007 10:00:00 PM,0,0,124.9604,90,0,0,0.1747552,0.1747552,0,-1,0,0.1747552,0,0,2.775558E-17,0,0,0.1839528,0.1747552,0,0,1.46962,9.302616,0,0.1839528,-0.1839528,12.41192,88.6564,0.02311896,0.1922307,0,0,9.302616
4/25/2007 11:00:00 PM,0,0,144.1307,90,0,0,0,0,0,-1,0,0,0,0,0,0,0,0,0,0,0,1.674012,9.118664,0,0,0,12.41192,88.6564,0.02311896,0,0,0,9.118664
4/26/2007 12:00:00 AM,0,0,178.5534,90,0,0,0,0,0,-1,0,0,0,0,0,0,0,0,0,0,0,1.674012,9.118664,0,0,0,12.41192,88.6564,0.02311896,0,0,0,9.118664
4/26/2007 1:00:00 AM,0,0,-146.6458,90,0,0,0,0,0,-1,0,0,0,0,0,0,0,0,0,0,0,1.674012,9.118664,0,0,0,12.41192,88.6564,0.02311896,0,0,0,9.118664
4/26/2007 2:00:00 AM,0,0,-126.4939,90,0,0,0,0,0,-1,0,0,0,0,0,0,0,0,0,0,0,1.674012,9.118664,0,0,0,12.41192,88.6564,0.02311896,0,0,0,9.118664
4/26/2007 3:00:00 AM,0,0,-115.8385,90,0,0,0.2414306,0.2414306,0,-1,0,0.2414306,0,0,0,0,0,0.2541375,0.2414306,0,0,1.674012,9.118664,0,0.2541375,-0.2541375,12.14404,86.74294,0.02311896,0.2655737,0,0,9.118664
4/26/2007 4:00:00 AM,0,0,-109.6134,90,0,0,0.2982846,0.2982846,0,-1,0,0.2982846,0,0,5.551115E-17,0,0,0.3139838,0.2982846,0,0,1.956387,8.864526,0,0.3139838,-0.3139838,11.81307,84.37889,0.02311896,0.3281131,0,0,8.864526
4/26/2007 5:00:00 AM,0,0,-105.6133,90,0,0,0.2561629,0.2561629,0,0,0,0.2561629,0,0,0,0,0,0.2696452,0.2561629,0,0,2.305258,8.550542,0,0.2696452,-0.2696452,11.52884,82.34867,0.02311896,0.2817792,0,0,8.550542
4/26/2007 6:00:00 AM,0.02889364,1.478545,-102.8832,90.54477,0.01806798,0.08108908,0.05398965,0.05398965,0,0,0,0.05398965,150.1938,0,0,0,0.08108908,0.0568312,0.05398965,0,0,2.604864,8.280897,0.02425788,0,0.02425788,11.55185,82.51305,0.02311833,0.05938861,0.06487127,0,8.361986
4/26/2007 7:00:00 AM,0.2057881,15.97534,-100.9921,75.93433,0.1911259,0.8577732,0,0,0,0,0,0,0,0,0,0,0.8577732,0,0,0,0,2.580606,8.302729,0.8577732,0,0.8577732,12.36561,88.32558,0.02309593,0,0.6862186,0,9.160502
4/26/2007 8:00:00 AM,0.408804,30.54951,-99.78282,61.3793,0.3920465,1.759505,0,0,0,0,0,0,0,0.03667221,0,0,1.759505,0,0,0,0,1.722833,9.074725,1.722833,0,1.722833,14.00003,100,0.02305108,0,1.407604,0,10.83423
4/26/2007 9:00:00 AM,0.707438,45.16154,-99.34232,46.97351,0.6833427,3.066842,0.9984885,0.9984885,0,-1,0,0.9984885,307.1485,2.015802,0,0,3.066842,1.051041,0.9984885,0,0,0,10.62527,0,0,0,14.00003,100,0.02305108,1.098337,2.453474,0,13.69212
4/26/2007 10:00:00 AM,0.7276582,59.76678,-100.2831,32.94851,0.7115744,3.193546,0.622223,0.622223,0,0,0,0.622223,513.2478,2.538574,0,0,3.193546,0.6549716,0.622223,0,0,0,10.62527,0,0,0,14.00003,100,0.02305108,0.6844453,2.554837,0,13.81882
4/26/2007 11:00:00 AM,0.8891011,74.2349,-105.8643,20.15042,0.8706001,3.907253,0.1663571,0.1663571,0,0,0,0.1663571,2348.715,3.732141,0,0,3.907253,0.1751127,0.1663571,0,0,0,10.62527,0,0,0,14.00003,100,0.02305108,0.1829928,3.125803,0,14.53253
4/26/2007 12:00:00 PM,0.9697078,86.0245,-172.1677,12.98163,0.9499514,4.263382,0,0,0,0,0,0,0,4.263382,0,0,4.263382,0,0,0,0,0,10.62527,0,0,0,14.00003,100,0.02305108,0,3.410706,0,14.88866
4/26/2007 1:00:00 PM,0.8549857,75.28783,106.8237,19.3206,0.8380458,3.76115,1.870044,1.870044,0,0,0,1.870044,201.1263,1.792682,0,0,3.76115,1.968468,1.870044,0,0,0,10.62527,0,0,0,14.00003,100,0.02305108,2.057049,3.00892,0,14.38642
4/26/2007 2:00:00 PM,0.742425,60.84608,100.4554,31.93946,0.7260679,3.258593,0.7331956,0.7331956,0,-1,0,0.7331956,444.437,2.486808,0,0,3.258593,0.7717848,0.7331956,0,0,0,10.62527,0,0,0,14.00003,100,0.02305108,0.8065152,2.606874,0,13.88387
4/26/2007 3:00:00 PM,0.5266101,46.24419,99.35084,45.91716,0.514976,2.311212,0,0,0,0,0,0,0,2.311212,0,0,2.311212,0,0,0,0,0,10.62527,0,0,0,14.00003,100,0.02305108,0,1.84897,0,12.93649
4/26/2007 4:00:00 PM,0.4733456,31.63087,99.72078,60.30564,0.4513242,2.025543,0.3646837,0.3646837,0,0,0,0.3646837,555.4245,1.641665,0,0,2.025543,0.3838776,0.3646837,0,0,0,10.62527,0,0,0,14.00003,100,0.02305108,0.4011521,1.620434,0,12.65082
4/26/2007 5:00:00 PM,0.2845501,17.05262,100.8798,74.85364,0.2566108,1.151669,0.7391672,0.7391672,0,0,0,0.7391672,155.8063,0.3735984,0,0,1.151669,0.7780707,0.7391672,0,0,0,10.62527,0,0,0,14.00003,100,0.02305108,0.8130838,0.9213352,0,11.77694
4/26/2007 6:00:00 PM,0.05254794,2.548488,102.7176,89.4621,0.0171776,0.07709309,0.8863364,0.8863364,0,0,0,0.8863364,8.697948,0,1.110223E-16,0,0.07709309,0.9329857,0.8863364,0,0,0,10.62527,0,0.8558927,-0.8558927,13.09784,93.5558,0.02305108,0.9749701,0.06167447,0,10.70237
4/26/2007 7:00:00 PM,0,0,105.375,90,0,0,1.222247,1.222247,0,-1,0,1.222247,0,0,0,0,0,1.286576,1.222247,0,0,0.9509918,9.769382,0,1.286576,-1.286576,11.74167,83.86889,0.02305108,1.344472,0,0,9.769382
4/26/2007 8:00:00 PM,0,0,109.2573,90,0,0,2.357894,2.357894,0,-1,0,2.357894,0,0,0,0,0,2.481994,2.357894,0,0,2.380521,8.482805,0,2.481994,-2.481994,9.125417,65.18141,0.02305108,2.593684,0,0,8.482805
4/26/2007 9:00:00 PM,0,0,115.2645,90,0,0,0.4057072,0.4057072,0,-1,0,0.4057072,0,0,5.551115E-17,0,0,0.4270602,0.4057072,0,0,5.138292,6.000812,0,0.4270602,-0.4270602,8.675256,61.96598,0.02305108,0.4462779,0,0,6.000812
4/26/2007 10:00:00 PM,0,0,125.465,90,0,0,0.1179982,0.1179982,0,-1,0,0.1179982,0,0,1.387779E-17,0,0,0.1242086,0.1179982,0,0,5.612803,5.573751,0,0.1242086,-0.1242086,8.544328,61.03079,0.02305108,0.129798,0,0,5.573751
4/26/2007 11:00:00 PM,0,0,144.6586,90,0,0,0.5070954,0.5070954,0,-1,0,0.5070954,0,0,0,0,0,0.5337846,0.5070954,0,0,5.750813,5.449543,0,0.5337846,-0.5337846,7.981669,57.01181,0.02305108,0.5578049,0,0,5.449543
4/27/2007 12:00:00 AM,0,0,178.6942,90,0,0,0.2118842,0.2118842,0,-1,0,0.2118842,0,0,2.775558E-17,0,0,0.223036,0.2118842,0,0,6.343907,4.915758,0,0.223036,-0.223036,7.746569,55.33252,0.02305108,0.2330727,0,0,4.915758
4/27/2007 1:00:00 AM,0,0,-146.9796,90,0,0,0.2307942,0.2307942,0,-1,0,0.2307942,0,0,0,0,0,0.2429413,0.2307942,0,0,6.591724,4.692722,0,0.2429413,-0.2429413,7.490486,53.50337,0.02305108,0.2538737,0,0,4.692722
4/27/2007 2:00:00 AM,0,0,-126.9054,90,0,0,0.1081583,0.1081583,0,-1,0,0.1081583,0,0,1.387779E-17,0,0,0.1138509,0.1081583,0,0,6.86166,4.449781,0,0.1138509,-0.1138509,7.370477,52.64616,0.02305108,0.1189742,0,0,4.449781
4/27/2007 3:00:00 AM,0,0,-116.2157,90,0,0,0.2346471,0.2346471,0,-1,0,0.2346471,0,0,2.775558E-17,0,0,0.2469969,0.2346471,0,0,6.98816,4.33593,0,0.2469969,-0.2469969,7.110119,50.78646,0.02305108,0.2581118,0,0,4.33593
4/27/2007 4:00:00 AM,0,0,-109.9565,90,0,0,0.1338872,0.1338872,0,-1,0,0.1338872,0,0,2.775558E-17,0,0,0.1409339,0.1338872,0,0,7.262601,4.088933,0,0.1409339,-0.1409339,6.961562,49.72534,0.02305108,0.147276,0,0,4.088933
4/27/2007 5:00:00 AM,0,0,-105.9381,90,0,0,0,0,0,0,0,0,0,0,0,0,0,0,0,0,0,7.419195,3.947999,0,0,0,6.961562,49.72534,0.02305108,0,0,0,3.947999
4/27/2007 6:00:00 AM,0.03201129,1.574688,-103.2068,90.49924,0.01670076,0.074953,0.1488379,0.1488379,0,0,0,0.1488379,50.3588,0,0,0,0.074953,0.1566715,0.1488379,0,0,7.419195,3.947999,0,0.08171852,-0.08171852,6.875423,49.11007,0.02305108,0.1637217,0.0599624,0,4.022952
4/27/2007 7:00:00 AM,0.2165625,16.05364,-101.3337,75.90916,0.1991467,0.8937702,0.0832902,0.0832902,0,0,0,0.0832902,1073.08,0,0,0,0.8937702,0.0876739,0.0832902,0,0,7.509993,3.866281,0.8060963,0,0.8060963,7.640153,54.57241,0.02303015,0.09161922,0.7150161,0,4.760051
4/27/2007 8:00:00 AM,0.2889527,30.61082,-100.1684,61.37743,0.2835759,1.272689,0.6080341,0.6080341,0,0,0,0.6080341,209.312,0,0,0,1.272689,0.6400359,0.6080341,0,0,6.703897,4.591767,0.6326526,0,0.6326526,8.24034,58.85946,0.02301375,0.6688375,1.018151,0,5.864456
4/27/2007 9:00:00 AM,0.407914,45.20435,-99.81735,47.00256,0.4023108,1.805571,0.6935004,0.6935004,0,-1,0,0.6935004,260.3562,0,0,0,1.805571,0.7300004,0.6935004,0,0,6.071244,5.161154,1.075571,0,1.075571,9.260716,66.14784,0.02298593,0.7628505,1.444457,0,6.966725
4/27/2007 10:00:00 AM,0.7927694,59.78463,-100.9528,33.02692,0.7727705,3.468194,0,0,0,0,0,0,0,0,0,0,3.468194,0,0,0,0,4.995674,6.129168,3.468194,0,3.468194,12.55093,89.64935,0.02289666,0,2.774555,0,9.597362
4/27/2007 11:00:00 AM,0.7364754,74.20058,-107.099,20.32744,0.7239184,3.248946,0.9385841,0.9385841,0,0,0,0.9385841,346.1539,0.7334828,0,0,3.248946,0.9879833,0.9385841,0,0,1.52748,9.250543,1.52748,0,1.52748,14.00003,100,0.02285757,1.032443,2.599157,0,12.49949
4/27/2007 12:00:00 PM,0.8105251,85.69839,-173.3763,13.31406,0.7961477,3.573111,1.458611,1.458611,0,0,0,1.458611,244.9666,2.03773,0,0,3.573111,1.53538,1.458611,0,0,0,10.62527,0,0,0,14.00003,100,0.02285757,1.604473,2.858489,0,14.19839
4/27/2007 1:00:00 PM,0.7819524,75.15981,108.0483,19.57543,0.7675306,3.444677,1.746901,1.746901,0,0,0,1.746901,197.1879,1.605834,0,0,3.444677,1.838843,1.746901,0,0,0,10.62527,0,0,0,14.00003,100,0.02285757,1.921591,2.755742,0,14.06995
4/27/2007 2:00:00 PM,0.4985995,60.77214,101.1306,32.10599,0.4931254,2.213147,1.686581,1.686581,0,-1,0,1.686581,131.2209,0.4377985,0,0,2.213147,1.775348,1.686581,0,0,0,10.62527,0,0,0,14.00003,100,0.02285757,1.855239,1.770518,0,12.83842
4/27/2007 3:00:00 PM,0.430251,46.19572,99.83364,46.03641,0.4239368,1.902628,0.8440331,0.8440331,0,0,0,0.8440331,225.4211,1.014172,0,0,1.902628,0.8884559,0.8440331,0,0,0,10.62527,0,0,0,14.00003,100,0.02285757,0.9284364,1.522103,0,12.5279
4/27/2007 4:00:00 PM,0.2264595,31.60122,100.1156,60.39465,0.224343,1.006852,2.081222,2.081222,0,0,0,2.081222,48.37791,0,0,0,1.006852,2.19076,2.081222,0,0,0,10.62527,0,1.183908,-1.183908,12.75208,91.0861,0.02285757,2.289344,0.8054813,0,11.63213
4/27/2007 5:00:00 PM,0.1438203,17.04033,101.2326,74.91961,0.1408506,0.6321375,0,0,0,0,0,0,0,0,0,0,0.6321375,0,0,0,0,1.315454,9.441366,0.6321375,0,0.6321375,13.35178,95.36965,0.02284143,0,0.50571,0,10.0735
4/27/2007 6:00:00 PM,0.01629132,2.554509,103.0554,89.5078,0.01591468,0.07142508,0,0,0,0,0,0,0,0,0,0,0.07142508,0,0,0,0,0.6833161,10.01029,0.07142508,0,0.07142508,13.41954,95.85365,0.02283961,0,0.05714006,0,10.08171
4/27/2007 7:00:00 PM,0,0,105.7187,90,0,0,1.011564,1.011564,0,-1,0,1.011564,0,0,2.220446E-16,0,0,1.064805,1.011564,0,0,0.611891,10.07457,0,1.064805,-1.064805,12.29713,87.8365,0.02283961,1.112721,0,0,10.07457
4/27/2007 8:00:00 PM,0,0,109.6277,90,0,0,1.516976,1.516976,0,-1,0,1.516976,0,0,0,0,0,1.596817,1.516976,0,0,1.795007,9.009768,0,1.596817,-1.596817,10.61394,75.81372,0.02283961,1.668674,0,0,9.009768
4/27/2007 9:00:00 PM,0,0,115.6858,90,0,0,1.234672,1.234672,0,-1,0,1.234672,0,0,2.220446E-16,0,0,1.299655,1.234672,0,0,3.569248,7.412951,0,1.299655,-1.299655,9.243985,66.02834,0.02283961,1.358139,0,0,7.412951
4/27/2007 10:00:00 PM,0,0,125.9589,90,0,0,0.4088994,0.4088994,0,-1,0,0.4088994,0,0,5.551115E-17,0,0,0.4304204,0.4088994,0,0,5.013309,6.113296,0,0.4304204,-0.4304204,8.790282,62.78761,0.02283961,0.4497893,0,0,6.113296
4/27/2007 11:00:00 PM,0,0,145.1689,90,0,0,0.02177118,0.02177118,0,-1,0,0.02177118,0,0,0,0,0,0.02291703,0.02177118,0,0,5.491554,5.682876,0,0.02291703,-0.02291703,8.766126,62.61506,0.02283961,0.0239483,0,0,5.682876
4/28/2007 12:00:00 AM,0,0,178.8249,90,0,0,0.1809109,0.1809109,0,-1,0,0.1809109,0,0,2.775558E-17,0,0,0.1904325,0.1809109,0,0,5.517017,5.659959,0,0.1904325,-0.1904325,8.565392,61.18125,0.02283961,0.199002,0,0,5.659959
4/28/2007 1:00:00 AM,0,0,-147.3057,90,0,0,0.442865,0.442865,0,-1,0,0.442865,0,0,0,0,0,0.4661736,0.442865,0,0,5.728609,5.469526,0,0.4661736,-0.4661736,8.074002,57.67133,0.02283961,0.4871515,0,0,5.469526
4/28/2007 2:00:00 AM,0,0,-127.3094,90,0,0,0,0,0,-1,0,0,0,0,0,0,0,0,0,0,0,6.24658,5.003353,0,0,0,8.074002,57.67133,0.02283961,0,0,0,5.003353
4/28/2007 3:00:00 AM,0,0,-116.5874,90,0,0,0.1227335,0.1227335,0,-1,0,0.1227335,0,0,0,0,0,0.1291932,0.1227335,0,0,6.24658,5.003353,0,0.1291932,-0.1291932,7.93782,56.6986,0.02283961,0.1350069,0,0,5.003353
4/28/2007 4:00:00 AM,0,0,-110.2952,90,0,0,0.3498307,0.3498307,0,-1,0,0.3498307,0,0,0,0,0,0.3682428,0.3498307,0,0,6.390128,4.874159,0,0.3682428,-0.3682428,7.549659,53.92603,0.02283961,0.3848138,0,0,4.874159
4/28/2007 5:00:00 AM,0,0,-106.2592,90,0,0,0.1186426,0.1186426,0,0,0,0.1186426,0,0,0,0,0,0.124887,0.1186426,0,0,6.799286,4.505917,0,0.124887,-0.124887,7.418016,52.98573,0.02283961,0.1305069,0,0,4.505917
4/28/2007 6:00:00 AM,0.03813354,1.667947,-103.527,90.45596,0.01160935,0.05210275,0,0,0,0,0,0,0,0,0,0,0.05210275,0,0,0,0,6.93805,4.38103,0.05210275,0,0.05210275,7.467445,53.33879,0.02283828,0,0.0416822,0,4.433132
4/28/2007 7:00:00 AM,0.2095983,16.12878,-101.6718,75.88649,0.1936519,0.8691097,0.9206036,0.9206036,0,0,0,0.9206036,94.40651,0,0,0,0.8691097,0.9690564,0.9206036,0,0,6.885947,4.427922,0,0.09994669,-0.09994669,7.362092,52.58627,0.02283828,1.012664,0.6952878,0,5.297032
4/28/2007 8:00:00 AM,0.2234637,30.66855,-100.55,61.37835,0.2212375,0.992914,1.209162,1.209162,0,0,0,1.209162,82.11586,0,0,0,0.992914,1.272802,1.209162,0,0,6.996999,4.327975,0,0.2798884,-0.2798884,7.067064,50.47893,0.02283828,1.330078,0.7943311,0,5.320889
4/28/2007 9:00:00 AM,0.2255213,45.24298,-100.2875,47.03476,0.2242032,1.006224,1.189741,1.189741,0,-1,0,1.189741,84.57506,0,0,0,1.006224,1.252359,1.189741,0,0,7.307986,4.048087,0,0.2461347,-0.2461347,6.807615,48.62572,0.02283828,1.308715,0.8049791,0,5.054311
4/28/2007 10:00:00 AM,0.701449,59.7972,-101.6148,33.10885,0.6856686,3.077281,0,0,0,0,0,0,0,0,0,0,3.077281,0,0,0,0,7.581469,3.801952,3.077281,0,3.077281,9.72698,69.47829,0.02276005,0,2.461825,0,6.879233
4/28/2007 11:00:00 AM,0.6814864,74.15819,-108.3119,20.50749,0.6709805,3.01136,0.5198047,0.5198047,0,0,0,0.5198047,579.3253,0,0,0,3.01136,0.5471628,0.5198047,0,0,4.504188,6.571505,2.464197,0,2.464197,12.06472,86.17642,0.0226978,0.5717852,2.409088,0,9.582866
4/28/2007 12:00:00 PM,0.8061383,85.37434,-174.3819,13.64289,0.791405,3.551826,1.397538,1.397538,0,0,0,1.397538,254.1488,0.04074278,0,0,3.551826,1.471092,1.397538,0,0,2.03999,8.789283,2.03999,0,2.03999,14.00003,100,0.02264652,1.537292,2.84146,0,12.34111
4/28/2007 1:00:00 PM,1.026018,75.02868,109.2398,19.82833,1.001551,4.494959,0,0,0,0,0,0,0,4.494959,0,0,4.494959,0,0,0,0,0,10.62527,0,0,0,14.00003,100,0.02264652,0,3.595967,0,15.12023
4/28/2007 2:00:00 PM,0.7194827,60.69746,101.7952,32.27132,0.7031068,3.155543,0,0,0,-1,0,0,0,3.155543,0,0,3.155543,0,0,0,0,0,10.62527,0,0,0,14.00003,100,0.02264652,0,2.524435,0,13.78082
4/28/2007 3:00:00 PM,0.3380341,46.14754,100.31,46.15422,0.3350077,1.503515,0.009219032,0.009219032,0,0,0,0.009219032,16308.81,1.49381,0,0,1.503515,0.009704244,0.009219032,0,0,0,10.62527,0,0,0,14.00003,100,0.02264652,0.01014093,1.202812,0,12.12879
4/28/2007 4:00:00 PM,0.2735431,31.57245,100.5055,60.48193,0.2694604,1.209338,0,0,0,0,0,0,0,1.209338,0,0,1.209338,0,0,0,0,0,10.62527,0,0,0,14.00003,100,0.02264652,0,0.9674708,0,11.83461
4/28/2007 5:00:00 PM,0.05983131,17.02929,101.581,74.9836,0.05943525,0.2667454,0,0,0,0,0,0,0,0.2667454,0,0,0.2667454,0,0,0,0,0,10.62527,0,0,0,14.00003,100,0.02264652,0,0.2133963,0,10.89202
4/28/2007 6:00:00 PM,0.01291164,2.562078,103.389,89.55126,0.01266451,0.05683831,0.5911911,0.5911911,0,0,0,0.5911911,9.614203,0,1.110223E-16,0,0.05683831,0.6223063,0.5911911,0,0,0,10.62527,0,0.5654681,-0.5654681,13.40397,95.74247,0.02264652,0.6503102,0.04547065,0,10.68211
4/28/2007 7:00:00 PM,0,0,106.0579,90,0,0,0,0,0,-1,0,0,0,0,0,0,0,0,0,0,0,0.6282978,10.05981,0,0,0,13.40397,95.74247,0.02264652,0,0,0,10.05981
4/28/2007 8:00:00 PM,0,0,109.9928,90,0,0,0,0,0,-1,0,0,0,0,0,0,0,0,0,0,0,0.6282978,10.05981,0,0,0,13.40397,95.74247,0.02264652,0,0,0,10.05981
4/28/2007 9:00:00 PM,0,0,116.1001,90,0,0,0.0683514,0.0683514,0,-1,0,0.0683514,0,0,1.387779E-17,0,0,0.07194883,0.0683514,0,0,0.6282978,10.05981,0,0.07194883,-0.07194883,13.32813,95.20075,0.02264652,0.07518654,0,0,10.05981
4/28/2007 10:00:00 PM,0,0,126.442,90,0,0,0.1222008,0.1222008,0,-1,0,0.1222008,0,0,2.775558E-17,0,0,0.1286325,0.1222008,0,0,0.708241,9.987857,0,0.1286325,-0.1286325,13.19254,94.23225,0.02264652,0.1344209,0,0,9.987857
4/28/2007 11:00:00 PM,0,0,145.6617,90,0,0,0,0,0,-1,0,0,0,0,0,0,0,0,0,0,0,0.851166,9.859225,0,0,0,13.19254,94.23225,0.02264652,0,0,0,9.859225
4/29/2007 12:00:00 AM,0,0,178.946,90,0,0,0,0,0,-1,0,0,0,0,0,0,0,0,0,0,0,0.851166,9.859225,0,0,0,13.19254,94.23225,0.02264652,0,0,0,9.859225
4/29/2007 1:00:00 AM,0,0,-147.6246,90,0,0,0,0,0,-1,0,0,0,0,0,0,0,0,0,0,0,0.851166,9.859225,0,0,0,13.19254,94.23225,0.02264652,0,0,0,9.859225
4/29/2007 2:00:00 AM,0,0,-127.706,90,0,0,0.1992383,0.1992383,0,-1,0,0.1992383,0,0,2.775558E-17,0,0,0.2097245,0.1992383,0,0,0.851166,9.859225,0,0.2097245,-0.2097245,12.97147,92.65318,0.02264652,0.2191621,0,0,9.859225
4/29/2007 3:00:00 AM,0,0,-116.9537,90,0,0,0.1518123,0.1518123,0,-1,0,0.1518123,0,0,0,0,0,0.1598025,0.1518123,0,0,1.084193,9.6495,0,0.1598025,-0.1598025,12.80303,91.45,0.02264652,0.1669936,0,0,9.6495
4/29/2007 4:00:00 AM,0,0,-110.6296,90,0,0,0.1072373,0.1072373,0,-1,0,0.1072373,0,0,1.387779E-17,0,0,0.1128814,0.1072373,0,0,1.261751,9.489697,0,0.1128814,-0.1128814,12.68404,90.60009,0.02264652,0.117961,0,0,9.489697
4/29/2007 5:00:00 AM,0,0,-106.5765,90,0,0,0.4816144,0.4816144,0,0,0,0.4816144,0,0,5.551115E-17,0,0,0.5069625,0.4816144,0,0,1.387175,9.376817,0,0.5069625,-0.5069625,12.14965,86.78306,0.02264652,0.5297759,0,0,9.376817
4/29/2007 6:00:00 AM,0.01909613,1.758273,-103.8436,90.41496,0.01788321,0.08025983,0.3755075,0.3755075,0,0,0,0.3755075,21.37369,0,0,0,0.08025983,0.3952711,0.3755075,0,0,1.950467,8.869854,0,0.3150113,-0.3150113,11.8176,84.41127,0.02264652,0.4130583,0.06420787,0,8.950114
4/29/2007 7:00:00 AM,0.09940643,16.20072,-102.0061,75.86633,0.09844583,0.4418249,1.396873,1.396873,0,0,0,1.396873,31.62956,0,2.220446E-16,0,0.4418249,1.470393,1.396873,0,0,2.300479,8.554843,0,1.028568,-1.028568,10.7334,76.66696,0.02264652,1.536561,0.3534599,0,8.996668
4/29/2007 8:00:00 AM,0.1749469,30.72273,-100.9274,61.38205,0.1737471,0.7797771,0.2974741,0.2974741,0,0,0,0.2974741,262.1328,0,0,0,0.7797771,0.3131306,0.2974741,0,0,3.443333,7.526275,0.4666465,0,0.4666465,11.1761,79.82909,0.02263482,0.3272215,0.6238217,0,8.306052
4/29/2007 9:00:00 AM,0.2531251,45.27748,-100.7524,47.07004,0.251531,1.128871,1.633133,1.633133,0,-1,0,1.633133,69.12304,0,0,0,1.128871,1.719088,1.633133,0,0,2.976686,7.946257,0,0.5902163,-0.5902163,10.55395,75.38522,0.02263482,1.796447,0.903097,0,9.075128
4/29/2007 10:00:00 AM,0.415651,59.80459,-102.2689,33.19416,0.4121739,1.849836,1.129357,1.129357,0,0,0,1.129357,163.7955,0,0,0,1.849836,1.188797,1.129357,0,0,3.632482,7.35604,0.6610395,0,0.6610395,11.18107,79.86462,0.02261827,1.242293,1.479869,0,9.205876
4/29/2007 11:00:00 AM,0.3009869,74.10803,-109.5014,20.69025,0.2993425,1.343449,0,0,0,0,0,0,0,0,0,0,1.343449,0,0,0,0,2.971443,7.950976,1.343449,0,1.343449,12.45558,88.96823,0.02258471,0,1.074759,0,9.294425
4/29/2007 12:00:00 PM,0.2220014,85.05287,-175.2255,13.96798,0.2208372,0.9911174,0.07012406,0.07012406,0,0,0,0.07012406,1413.377,0,0,0,0.9911174,0.0738148,0.07012406,0,0,1.627994,9.16008,0.9173025,0,0.9173025,13.32581,95.18414,0.02256185,0.07713647,0.7928939,0,10.1512
4/29/2007 1:00:00 PM,0.1686234,74.89487,110.3986,20.07907,0.1677492,0.7528584,1.381832,1.381832,0,0,0,1.381832,54.48264,0,0,0,0.7528584,1.45456,1.381832,0,0,0.7106912,9.985652,0,0.7017012,-0.7017012,12.58615,89.90089,0.02256185,1.520015,0.6022867,0,10.73851
4/29/2007 2:00:00 PM,0.3931797,60.62224,102.4491,32.43526,0.3902234,1.751322,0.5788323,0.5788323,0,-1,0,0.5788323,302.5612,0,0,0,1.751322,0.6092972,0.5788323,0,0,1.490359,9.283951,1.142025,0,1.142025,13.66957,97.63959,0.02253346,0.6367155,1.401058,0,11.03527
4/29/2007 3:00:00 PM,0.2176074,46.09979,100.7797,46.27048,0.2163534,0.9709942,0.2979148,0.2979148,0,0,0,0.2979148,325.9301,0.3090656,0,0,0.9709942,0.3135945,0.2979148,0,0,0.348334,10.31177,0.348334,0,0.348334,14.00003,100,0.02252481,0.3277063,0.7767953,0,11.28277
4/29/2007 4:00:00 PM,0.1707961,31.54464,100.8903,60.5674,0.1696794,0.7615213,0,0,0,0,0,0,0,0.7615213,0,0,0.7615213,0,0,0,0,0,10.62527,0,0,0,14.00003,100,0.02252481,0,0.609217,0,11.3868
4/29/2007 5:00:00 PM,0.03590121,17.01957,101.925,75.04552,0.03568864,0.1601706,1.583189,1.583189,0,0,0,1.583189,10.11696,0,0,0,0.1601706,1.666514,1.583189,0,0,0,10.62527,0,1.506344,-1.506344,12.4122,88.65841,0.02252481,1.741508,0.1281365,0,10.78545
4/29/2007 6:00:00 PM,0.0187295,2.571217,103.7183,89.59243,0.01817594,0.08157361,1.283258,1.283258,0,0,0,1.283258,6.356759,0,0,0,0.08157361,1.350798,1.283258,0,0,1.673715,9.118931,0,1.269224,-1.269224,11.07432,79.10214,0.02252481,1.411584,0.06525889,0,9.200504
4/29/2007 7:00:00 PM,0,0,106.3926,90,0,0,1.131969,1.131969,0,-1,0,1.131969,0,0,0,0,0,1.191546,1.131969,0,0,3.083965,7.849706,0,1.191546,-1.191546,9.818322,70.13074,0.02252481,1.245166,0,0,7.849706
4/29/2007 8:00:00 PM,0,0,110.3526,90,0,0,0.3601379,0.3601379,0,-1,0,0.3601379,0,0,5.551115E-17,0,0,0.3790925,0.3601379,0,0,4.407905,6.65816,0,0.3790925,-0.3790925,9.418724,67.27647,0.02252481,0.3961516,0,0,6.65816
4/29/2007 9:00:00 PM,0,0,116.5073,90,0,0,0.3577794,0.3577794,0,-1,0,0.3577794,0,0,5.551115E-17,0,0,0.3766099,0.3577794,0,0,4.829119,6.279068,0,0.3766099,-0.3766099,9.021742,64.44089,0.02252481,0.3935574,0,0,6.279068
4/29/2007 10:00:00 PM,0,0,126.9143,90,0,0,0.105795,0.105795,0,-1,0,0.105795,0,0,1.387779E-17,0,0,0.1113632,0.105795,0,0,5.247574,5.902458,0,0.1113632,-0.1113632,8.904355,63.60241,0.02252481,0.1163745,0,0,5.902458
4/29/2007 11:00:00 PM,0,0,146.1374,90,0,0,0.4228128,0.4228128,0,-1,0,0.4228128,0,0,5.551115E-17,0,0,0.4450661,0.4228128,0,0,5.371311,5.791094,0,0.4450661,-0.4450661,8.435214,60.25141,0.02252481,0.4650941,0,0,5.791094
4/30/2007 12:00:00 AM,0,0,179.0578,90,0,0,0.08180917,0.08180917,0,-1,0,0.08180917,0,0,0,0,0,0.08611491,0.08180917,0,0,5.865829,5.346028,0,0.08611491,-0.08611491,8.344441,59.60303,0.02252481,0.08999009,0,0,5.346028
4/30/2007 1:00:00 AM,0,0,-147.9365,90,0,0,0.4016462,0.4016462,0,-1,0,0.4016462,0,0,5.551115E-17,0,0,0.4227854,0.4016462,0,0,5.961512,5.259913,0,0.4227854,-0.4227854,7.898786,56.41979,0.02252481,0.4418108,0,0,5.259913
4/30/2007 2:00:00 AM,0,0,-128.0954,90,0,0,0.0101693,0.0101693,0,-1,0,0.0101693,0,0,1.734723E-18,0,0,0.01070453,0.0101693,0,0,6.431273,4.837128,0,0.01070453,-0.01070453,7.887503,56.33919,0.02252481,0.01118623,0,0,4.837128
4/30/2007 3:00:00 AM,0,0,-117.3145,90,0,0,0.08478538,0.08478538,0,-1,0,0.08478538,0,0,0,0,0,0.08924777,0.08478538,0,0,6.443168,4.826424,0,0.08924777,-0.08924777,7.793427,55.66722,0.02252481,0.09326392,0,0,4.826424
4/30/2007 4:00:00 AM,0,0,-110.9596,90,0,0,0.05083976,0.05083976,0,-1,0,0.05083976,0,0,6.938894E-18,0,0,0.05351553,0.05083976,0,0,6.542332,4.737175,0,0.05351553,-0.05351553,7.737017,55.2643,0.02252481,0.05592373,0,0,4.737175
4/30/2007 5:00:00 AM,0,0,-106.8899,90,0,0,0.1870213,0.1870213,0,0,0,0.1870213,0,0,2.775558E-17,0,0,0.1968646,0.1870213,0,0,6.601793,4.68366,0,0.1968646,-0.1968646,7.529503,53.78206,0.02252481,0.2057235,0,0,4.68366
4/30/2007 6:00:00 AM,0.04392761,1.845621,-104.1565,90.37627,0.007580967,0.03402338,0.4809269,0.4809269,0,0,0,0.4809269,7.074543,0,1.110223E-16,0,0.03402338,0.5062388,0.4809269,0,0,6.820532,4.486795,0,0.4722154,-0.4722154,7.031744,50.22665,0.02252481,0.5290195,0.0272187,0,4.520819
4/30/2007 7:00:00 AM,0.28125,16.26944,-102.3366,75.8487,0.248263,1.114204,0,0,0,0,0,0,0,0,0,0,1.114204,0,0,0,0,7.345216,4.01458,1.114204,0,1.114204,8.088772,57.77682,0.0224972,0,0.8913635,0,5.128785
4/30/2007 8:00:00 AM,0.4722993,30.77334,-101.3006,61.3885,0.446224,2.002653,0.8328829,0.8328829,0,0,0,0.8328829,240.4483,0,0,0,2.002653,0.8767189,0.8328829,0,0,6.231011,5.017364,1.125934,0,1.125934,9.156927,65.40649,0.02246937,0.9161713,1.602123,0,7.020017
4/30/2007 9:00:00 AM,0.6419718,45.30789,-101.2119,47.10834,0.6190084,2.77811,0.9778776,0.9778776,0,-1,0,0.9778776,284.0959,0,0,0,2.77811,1.029345,0.9778776,0,0,5.105077,6.030705,1.748765,0,1.748765,10.81595,77.25664,0.02242627,1.075665,2.222488,0,8.808815
4/30/2007 10:00:00 AM,0.9013832,59.80691,-102.9145,33.28269,0.874363,3.924141,0.1343798,0.1343798,0,0,0,0.1343798,2920.186,0.4263768,0,0,3.924141,0.1414524,0.1343798,0,0,3.356312,7.604593,3.356312,0,3.356312,14.00003,100,0.02234403,0.1478178,3.139313,0,11.52873
4/30/2007 11:00:00 AM,0.9360687,74.05045,-110.6664,20.87541,0.9126742,4.096082,0.8647296,0.8647296,0,0,0,0.8647296,473.6835,3.18584,0,0,4.096082,0.9102417,0.8647296,0,0,0,10.62527,0,0,0,14.00003,100,0.02234403,0.9512026,3.276865,0,14.72136
4/30/2007 12:00:00 PM,0.9056826,84.73442,-175.9378,14.28918,0.8852608,3.973051,0.7131149,0.7131149,0,0,0,0.7131149,557.1403,3.222403,0,0,3.973051,0.7506473,0.7131149,0,0,0,10.62527,0,0,0,14.00003,100,0.02234403,0.7844264,3.17844,0,14.59832
4/30/2007 1:00:00 PM,0.8390289,74.75878,111.5249,20.32743,0.8201115,3.68066,0.3351079,0.3351079,0,0,0,0.3351079,1098.351,3.327915,0,0,3.68066,0.3527452,0.3351079,0,0,0,10.62527,0,0,0,14.00003,100,0.02234403,0.3686187,2.944528,0,14.30593
4/30/2007 2:00:00 PM,0.7764084,60.54664,103.092,32.59767,0.7555735,3.391014,0,0,0,-1,0,0,0,3.391014,0,0,3.391014,0,0,0,0,0,10.62527,0,0,0,14.00003,100,0.02234403,0,2.712811,0,14.01629
4/30/2007 3:00:00 PM,0.6060562,46.05255,101.2428,46.38507,0.5865126,2.632269,0.8694043,0.8694043,0,0,0,0.8694043,302.7669,1.717106,0,0,2.632269,0.9151623,0.8694043,0,0,0,10.62527,0,0,0,14.00003,100,0.02234403,0.9563447,2.105815,0,13.25754
4/30/2007 4:00:00 PM,0.5307387,31.51785,101.27,60.65099,0.5002934,2.245317,0.1476703,0.1476703,0,0,0,0.1476703,1520.494,2.089874,0,0,2.245317,0.1554424,0.1476703,0,0,0,10.62527,0,0,0,14.00003,100,0.02234403,0.1624373,1.796253,0,12.87059
4/30/2007 5:00:00 PM,0.2575868,17.0112,102.2645,75.10535,0.2319729,1.041094,2.79998,2.79998,0,0,0,2.79998,37.18221,0,4.440892E-16,0,1.041094,2.947347,2.79998,0,0,0,10.62527,0,1.906253,-1.906253,11.99066,85.64741,0.02234403,3.079978,0.8328754,0,11.66637
4/30/2007 6:00:00 PM,0.03877406,2.581941,104.0432,89.63129,0.02381548,0.1068839,1.972344,1.972344,0,0,0,1.972344,5.41913,0,2.220446E-16,0,0.1068839,2.076152,1.972344,0,0,2.118059,8.719022,0,1.969268,-1.969268,9.91487,70.82037,0.02234403,2.169579,0.08550712,0,8.825905
4/30/2007 7:00:00 PM,0,0,106.7225,90,0,0,1.188688,1.188688,0,-1,0,1.188688,0,0,2.220446E-16,0,0,1.251251,1.188688,0,0,4.306134,6.749753,0,1.251251,-1.251251,8.595937,61.39943,0.02234403,1.307557,0,0,6.749753
4/30/2007 8:00:00 PM,0,0,110.7069,90,0,0,1.052568,1.052568,0,-1,0,1.052568,0,0,0,0,0,1.107966,1.052568,0,0,5.696413,5.498503,0,1.107966,-1.107966,7.428038,53.05731,0.02234403,1.157824,0,0,5.498503
4/30/2007 9:00:00 PM,0,0,116.9072,90,0,0,0.1721409,0.1721409,0,-1,0,0.1721409,0,0,2.775558E-17,0,0,0.1812009,0.1721409,0,0,6.927485,4.390537,0,0.1812009,-0.1812009,7.237036,51.69301,0.02234403,0.189355,0,0,4.390537
4/30/2007 10:00:00 PM,0,0,127.3756,90,0,0,0.1329555,0.1329555,0,-1,0,0.1329555,0,0,0,0,0,0.1399532,0.1329555,0,0,7.12882,4.209336,0,0.1399532,-0.1399532,7.089512,50.63927,0.02234403,0.1462511,0,0,4.209336
4/30/2007 11:00:00 PM,0,0,146.5962,90,0,0,0.3382358,0.3382358,0,-1,0,0.3382358,0,0,0,0,0,0.3560376,0.3382358,0,0,7.284324,4.069383,0,0.3560376,-0.3560376,6.714215,47.95858,0.02234403,0.3720593,0,0,4.069383
5/1/2007 12:00:00 AM,0,0,179.1608,90,0,0,0.2499274,0.2499274,0,-1,0,0.2499274,0,0,2.775558E-17,0,0,0.2630815,0.2499274,0,0,7.679921,3.713345,0,0.2630815,-0.2630815,6.436903,45.97779,0.02234403,0.2749202,0,0,3.713345
5/1/2007 1:00:00 AM,0,0,-148.2417,90,0,0,0.2615051,0.2615051,0,-1,0,0.2615051,0,0,0,0,0,0.2752686,0.2615051,0,0,7.972234,3.450264,0,0.2752686,-0.2752686,6.146745,43.90523,0.02234403,0.2876556,0,0,3.450264
5/1/2007 2:00:00 AM,0,0,-128.4776,90,0,0,0.09849365,0.09849365,0,-1,0,0.09849365,0,0,1.387779E-17,0,0,0.1036775,0.09849365,0,0,8.278088,3.174995,0,0.1036775,-0.1036775,6.037459,43.12462,0.02234403,0.108343,0,0,3.174995
5/1/2007 3:00:00 AM,0,0,-117.6698,90,0,0,0.3215093,0.3215093,0,-1,0,0.3215093,0,0,5.551115E-17,0,0,0.3384308,0.3215093,0,0,8.393285,3.071318,0,0.3384308,-0.3384308,5.680721,40.5765,0.02234403,0.3536602,0,0,3.071318
5/1/2007 4:00:00 AM,0,0,-111.2852,90,0,0,0.01353891,0.01353891,0,-1,0,0.01353891,0,0,1.734723E-18,0,0,0.01425148,0.01353891,0,0,8.76932,2.732887,0,0.01425148,-0.01425148,5.665699,40.4692,0.02234403,0.0148928,0,0,2.732887
5/1/2007 5:00:00 AM,0,0,-107.1994,90,0,0,0.2494226,0.2494226,0,0,0,0.2494226,0,0,5.551115E-17,0,0,0.2625501,0.2494226,0,0,8.785154,2.718636,0,0.2625501,-0.2625501,5.388947,38.4924,0.02234403,0.2743648,0,0,2.718636
5/1/2007 6:00:00 AM,0.02670548,1.929951,-104.4656,90.33991,0.02120928,0.09518725,0.4889805,0.4889805,0,0,0,0.4889805,19.46647,0,0,0,0.09518725,0.5147163,0.4889805,0,0,9.076877,2.456085,0,0.4195291,-0.4195291,4.946724,35.33368,0.02234403,0.5378785,0.07614981,0,2.551273
5/1/2007 7:00:00 AM,0.1658048,16.33492,-102.6632,75.83359,0.1588663,0.712992,0,0,0,0,0,0,0,0,0,0,0.712992,0,0,0,0,9.543019,2.036556,0.712992,0,0.712992,5.623128,40.16512,0.02232663,0,0.5703936,0,2.749548
5/1/2007 8:00:00 AM,0.2989953,30.8204,-101.6694,61.39767,0.2924165,1.312365,0.3611242,0.3611242,0,0,0,0.3611242,363.411,0,0,0,1.312365,0.3801308,0.3611242,0,0,8.830028,2.678249,0.9322344,0,0.9322344,6.507524,46.48222,0.02230393,0.3972366,1.049892,0,3.990614
5/1/2007 9:00:00 AM,0.3862151,45.33425,-101.6658,47.14957,0.3811193,1.710463,0.2514895,0.2514895,0,-1,0,0.2514895,680.1329,0,0,0,1.710463,0.2647259,0.2514895,0,0,7.897793,3.51726,1.445737,0,1.445737,7.87907,56.27896,0.02226881,0.2766385,1.368371,0,5.227723
5/1/2007 10:00:00 AM,0.7311748,59.80428,-103.5512,33.37429,0.7119941,3.19543,1.548006,1.548006,0,0,0,1.548006,206.4223,0,0,0,3.19543,1.62948,1.548006,0,0,6.452056,4.818424,1.565949,0,1.565949,9.36466,66.8903,0.0222309,1.702807,2.556344,0,8.013853
5/1/2007 11:00:00 AM,0.5740443,73.98577,-111.8055,21.06267,0.5671608,2.545418,1.478878,1.478878,0,0,0,1.478878,172.1182,0,0,0,2.545418,1.556714,1.478878,0,0,4.886106,6.227778,0.988704,0,0.988704,10.30263,73.59005,0.02220703,1.626766,2.036334,0,8.773196
5/1/2007 12:00:00 PM,0.7528583,84.41932,-176.5423,14.60637,0.7391741,3.317413,0.5945579,0.5945579,0,0,0,0.5945579,557.9631,0,0,0,3.317413,0.6258504,0.5945579,0,0,3.897403,7.117612,2.691563,0,2.691563,12.85607,91.82887,0.02214231,0.6540136,2.653931,0,10.43503
5/1/2007 1:00:00 PM,0.6613824,74.6208,112.6194,20.57321,0.6509206,2.921331,0.4209915,0.4209915,0,0,0,0.4209915,693.9169,1.272343,0,0,2.921331,0.443149,0.4209915,0,0,1.20584,9.540019,1.20584,0,1.20584,14.00003,100,0.02211344,0.4630907,2.337065,0,12.46135
5/1/2007 2:00:00 PM,0.5477498,60.47084,103.724,32.75837,0.5395438,2.421473,0.6999131,0.6999131,0,-1,0,0.6999131,345.9676,1.684722,0,0,2.421473,0.7367506,0.6999131,0,0,0,10.62527,0,0,0,14.00003,100,0.02211344,0.7699044,1.937178,0,13.04675
5/1/2007 3:00:00 PM,0.4387859,46.00595,101.6992,46.49788,0.4312269,1.935346,0.3410469,0.3410469,0,0,0,0.3410469,567.4722,1.576349,0,0,1.935346,0.3589967,0.3410469,0,0,0,10.62527,0,0,0,14.00003,100,0.02211344,0.3751515,1.548277,0,12.56062
5/1/2007 4:00:00 PM,0.1262657,31.49216,101.6443,60.7326,0.1255076,0.5632782,0.1176082,0.1176082,0,0,0,0.1176082,478.9445,0.43948,0,0,0.5632782,0.1237981,0.1176082,0,0,0,10.62527,0,0,0,14.00003,100,0.02211344,0.1293691,0.4506226,0,11.18855
5/1/2007 5:00:00 PM,0.03290159,17.00423,102.5993,75.16302,0.03270802,0.1467936,0.9047689,0.9047689,0,0,0,0.9047689,16.22443,0,1.110223E-16,0,0.1467936,0.9523884,0.9047689,0,0,0,10.62527,0,0.8055948,-0.8055948,13.15086,93.9345,0.02211344,0.9952459,0.1174349,0,10.77207
5/1/2007 6:00:00 PM,0.01896575,2.594266,104.3635,89.66781,0.0183743,0.08246385,0.6653297,0.6653297,0,0,0,0.6653297,12.39443,0,1.110223E-16,0,0.08246385,0.7003471,0.6653297,0,0,0.8951053,9.819679,0,0.6178832,-0.6178832,12.49955,89.28233,0.02211344,0.7318627,0.06597108,0,9.902143
5/1/2007 7:00:00 PM,0,0,107.0476,90,0,0,3.539067,3.33,0,-1,0,3.33,0,0,0.2090666,0.5629733,0,3.505263,3.33,0,0,1.581642,9.201797,0,3.505263,-3.505263,8.804679,62.89043,0.02211344,3.892973,0,0,9.201797
5/1/2007 8:00:00 PM,0,0,111.0555,90,0,0,0,0,0,-1,0,0,0,0,0,0,0,0,0,0,0,5.476379,5.696533,0,0,0,8.804679,62.89043,0.02211344,0,0,0,5.696533
5/1/2007 9:00:00 PM,0,0,117.2998,90,0,0,1.486737,1.486737,0,-1,0,1.486737,0,0,0,0,0,1.564986,1.486737,0,0,5.476379,5.696533,0,1.564986,-1.564986,7.155038,51.10731,0.02211344,1.635411,0,0,5.696533
5/1/2007 10:00:00 PM,0,0,127.8259,90,0,0,0.192579,0.192579,0,-1,0,0.192579,0,0,2.775558E-17,0,0,0.2027148,0.192579,0,0,7.215253,4.131546,0,0.2027148,-0.2027148,6.941358,49.58103,0.02211344,0.2118369,0,0,4.131546
5/1/2007 11:00:00 PM,0,0,147.0386,90,0,0,0.1573172,0.1573172,0,-1,0,0.1573172,0,0,0,0,0,0.165597,0.1573172,0,0,7.440492,3.928832,0,0.165597,-0.165597,6.766803,48.33421,0.02211344,0.1730489,0,0,3.928832
5/2/2007 12:00:00 AM,0,0,179.2552,90,0,0,0.2446347,0.2446347,0,-1,0,0.2446347,0,0,2.775558E-17,0,0,0.2575103,0.2446347,0,0,7.624488,3.763235,0,0.2575103,-0.2575103,6.495364,46.39536,0.02211344,0.2690982,0,0,3.763235
5/2/2007 1:00:00 AM,0,0,-148.5405,90,0,0,0.1249777,0.1249777,0,-1,0,0.1249777,0,0,0,0,0,0.1315555,0.1249777,0,0,7.910611,3.505724,0,0.1315555,-0.1315555,6.356692,45.40485,0.02211344,0.1374754,0,0,3.505724
5/2/2007 2:00:00 AM,0,0,-128.8528,90,0,0,0,0,0,-1,0,0,0,0,0,0,0,0,0,0,0,8.056784,3.374169,0,0,0,6.356692,45.40485,0.02211344,0,0,0,3.374169
5/2/2007 3:00:00 AM,0,0,-118.0197,90,0,0,0.1280265,0.1280265,0,-1,0,0.1280265,0,0,0,0,0,0.1347648,0.1280265,0,0,8.056784,3.374169,0,0.1347648,-0.1347648,6.214638,44.39018,0.02211344,0.1408292,0,0,3.374169
5/2/2007 4:00:00 AM,0,0,-111.6062,90,0,0,0.05829394,0.05829394,0,-1,0,0.05829394,0,0,6.938894E-18,0,0,0.06136204,0.05829394,0,0,8.206522,3.239404,0,0.06136204,-0.06136204,6.149956,43.92817,0.02211344,0.06412333,0,0,3.239404
5/2/2007 5:00:00 AM,0,0,-107.5049,90,0,0,0.1843221,0.1843221,0,0,0,0.1843221,0,0,0,0,0,0.1940232,0.1843221,0,0,8.274702,3.178042,0,0.1940232,-0.1940232,5.945438,42.46733,0.02211344,0.2027543,0,0,3.178042
5/2/2007 6:00:00 AM,0.04733057,2.011225,-104.7708,90.30592,0.006218752,0.02790976,0.03303755,0.03303755,0,0,0,0.03303755,84.4789,0,0,0,0.02790976,0.03477637,0.03303755,0,0,8.490284,2.984019,0,0.006866612,-0.006866612,5.9382,42.41563,0.02211344,0.03634131,0.02232781,0,3.011929
5/2/2007 7:00:00 AM,0.3038918,16.39715,-102.9858,75.821,0.2661634,1.194542,0.2694288,0.2694288,0,0,0,0.2694288,443.3607,0,0,0,1.194542,0.2836093,0.2694288,0,0,8.497913,2.977152,0.9109322,0,0.9109322,6.802386,48.58838,0.02209167,0.2963717,0.9556332,0,4.171694
5/2/2007 8:00:00 AM,0.5712148,30.86392,-102.0336,61.40954,0.5353341,2.402579,1.024474,1.024474,0,0,0,1.024474,234.5183,0,0,0,2.402579,1.078394,1.024474,0,0,7.586981,3.796991,1.324185,0,1.324185,8.058619,57.56144,0.02206011,1.126922,1.922063,0,6.199571
5/2/2007 9:00:00 AM,0.7027292,45.35661,-102.1139,47.19366,0.6742245,3.025919,0.3895883,0.3895883,0,-1,0,0.3895883,776.6966,0,0,0,3.025919,0.410093,0.3895883,0,0,6.262795,4.988758,2.615826,0,2.615826,10.54021,75.28706,0.02199804,0.4285472,2.420736,0,8.014678
5/2/2007 10:00:00 AM,0.9242906,59.7968,-104.1786,33.4688,0.8947657,4.015708,0.2837737,0.2837737,0,0,0,0.2837737,1415.109,0.07003007,0,0,4.015708,0.2987092,0.2837737,0,0,3.646969,7.343002,3.646969,0,3.646969,14.00003,100,0.02191207,0.3121511,3.212567,0,11.35871
5/2/2007 11:00:00 AM,0.9859233,73.91438,-112.9178,21.25173,0.9590555,4.304241,0,0,0,0,0,0,0,4.304241,0,0,4.304241,0,0,0,0,0,10.62527,0,0,0,14.00003,100,0.02191207,0,3.443393,0,14.92951
5/2/2007 12:00:00 PM,1.072938,84.10785,-177.0571,14.91942,1.044933,4.689657,1.090381,1.090381,0,0,0,1.090381,430.0934,3.541888,0,0,4.689657,1.14777,1.090381,0,0,0,10.62527,0,0,0,14.00003,100,0.02191207,1.199419,3.751726,0,15.31493
5/2/2007 1:00:00 PM,0.7829679,74.4813,113.6825,20.81622,0.7657694,3.436773,0,0,0,0,0,0,0,3.436773,0,0,3.436773,0,0,0,0,0,10.62527,0,0,0,14.00003,100,0.02191207,0,2.749418,0,14.06205
5/2/2007 2:00:00 PM,0.9303482,60.39502,104.3451,32.91721,0.9008778,4.043139,2.166726,2.166726,0,-1,0,2.166726,186.6013,1.762375,0,0,4.043139,2.280765,2.166726,0,0,0,10.62527,0,0,0,14.00003,100,0.02191207,2.383399,3.234512,0,14.66841
5/2/2007 3:00:00 PM,0.7702328,45.96008,102.1486,46.60879,0.738664,3.315124,0.6580291,0.6580291,0,0,0,0.6580291,503.7959,2.622462,0,0,3.315124,0.6926622,0.6580291,0,0,0,10.62527,0,0,0,14.00003,100,0.02191207,0.723832,2.652099,0,13.9404
5/2/2007 4:00:00 PM,0.5452806,31.46763,102.0134,60.81216,0.5119978,2.297846,0.1296724,0.1296724,0,0,0,0.1296724,1772.04,2.161349,0,0,2.297846,0.1364973,0.1296724,0,0,0,10.62527,0,0,0,14.00003,100,0.02191207,0.1426396,1.838277,0,12.92312
5/2/2007 5:00:00 PM,0.220415,16.99868,102.9294,75.21848,0.2029092,0.9106564,0.4059702,0.4059702,0,0,0,0.4059702,224.3161,0.4833194,0,0,0.9106564,0.427337,0.4059702,0,0,0,10.62527,0,0,0,14.00003,100,0.02191207,0.4465672,0.7285251,0,11.53593
5/2/2007 6:00:00 PM,0.02483847,2.608202,104.6792,89.70197,0.02287434,0.1026601,1.571639,1.571639,0,0,0,1.571639,6.53204,0,2.220446E-16,0,0.1026601,1.654356,1.571639,0,0,0,10.62527,0,1.551696,-1.551696,12.3644,88.31694,0.02191207,1.728802,0.08212805,0,10.72793
5/2/2007 7:00:00 PM,0,0,107.3678,90,0,0,0.9864028,0.9864028,0,-1,0,0.9864028,0,0,1.110223E-16,0,0,1.038319,0.9864028,0,0,1.724107,9.073578,0,1.038319,-1.038319,11.26991,80.49921,0.02191207,1.085043,0,0,9.073578
5/2/2007 8:00:00 PM,0,0,111.3984,90,0,0,2.331071,2.331071,0,-1,0,2.331071,0,0,0,0,0,2.453759,2.331071,0,0,2.877795,8.035259,0,2.453759,-2.453759,8.683423,62.02433,0.02191207,2.564178,0,0,8.035259
5/2/2007 9:00:00 PM,0,0,117.685,90,0,0,2.328768,2.328768,0,-1,0,2.328768,0,0,4.440892E-16,0,0,2.451335,2.328768,0,0,5.604194,5.5815,0,2.451335,-2.451335,6.09949,43.5677,0.02191207,2.561645,0,0,5.5815
5/2/2007 10:00:00 PM,0,0,128.2652,90,0,0,0.3230913,0.3230913,0,-1,0,0.3230913,0,0,0,0,0,0.3400961,0.3230913,0,0,8.327899,3.130165,0,0.3400961,-0.3400961,5.740997,41.00704,0.02191207,0.3554004,0,0,3.130165
5/2/2007 11:00:00 PM,0,0,147.4648,90,0,0,0.2494919,0.2494919,0,-1,0,0.2494919,0,0,5.551115E-17,0,0,0.262623,0.2494919,0,0,8.705783,2.790069,0,0.262623,-0.262623,5.464168,39.02969,0.02191207,0.274441,0,0,2.790069
5/3/2007 12:00:00 AM,0,0,179.3414,90,0,0,0.1455638,0.1455638,0,-1,0,0.1455638,0,0,0,0,0,0.1532251,0.1455638,0,0,8.997586,2.527446,0,0.1532251,-0.1532251,5.302654,37.87603,0.02191207,0.1601202,0,0,2.527446
5/3/2007 1:00:00 AM,0,0,-148.8331,90,0,0,0,0,0,-1,0,0,0,0,0,0,0,0,0,0,0,9.167837,2.374221,0,0,0,5.302654,37.87603,0.02191207,0,0,0,2.374221
5/3/2007 2:00:00 AM,0,0,-129.221,90,0,0,0.18349,0.18349,0,-1,0,0.18349,0,0,2.775558E-17,0,0,0.1931474,0.18349,0,0,9.167837,2.374221,0,0.1931474,-0.1931474,5.099059,36.42178,0.02191207,0.201839,0,0,2.374221
5/3/2007 3:00:00 AM,0,0,-118.3641,90,0,0,0.06846833,0.06846833,0,-1,0,0.06846833,0,0,1.387779E-17,0,0,0.07207193,0.06846833,0,0,9.382445,2.181074,0,0.07207193,-0.07207193,5.023088,35.87913,0.02191207,0.07531517,0,0,2.181074
5/3/2007 4:00:00 AM,0,0,-111.9228,90,0,0,0.06186468,0.06186468,0,-1,0,0.06186468,0,0,6.938894E-18,0,0,0.06512072,0.06186468,0,0,9.462525,2.109002,0,0.06512072,-0.06512072,4.954445,35.38882,0.02191207,0.06805115,0,0,2.109002
5/3/2007 5:00:00 AM,0,0,-107.8062,90,0,0,0.163878,0.163878,0,0,0,0.163878,0,0,0,0,0,0.1725032,0.163878,0,0,9.534882,2.043881,0,0.1725032,-0.1725032,4.772611,34.09001,0.02191207,0.1802658,0,0,2.043881
5/3/2007 6:00:00 AM,0.02744045,2.089411,-105.0721,90.27431,0.02189709,0.09827415,0.409045,0.409045,0,0,0,0.409045,24.02527,0,5.551115E-17,0,0.09827415,0.4305737,0.409045,0,0,9.726551,1.871378,0,0.3322995,-0.3322995,4.422337,31.58805,0.02191207,0.4499495,0.07861932,0,1.969652
5/3/2007 7:00:00 AM,0.2043993,16.45612,-103.3042,75.81093,0.1888628,0.8476163,0,0,0,0,0,0,0,0,0,0,0.8476163,0,0,0,0,10.09577,1.539078,0.8476163,0,0.8476163,5.226456,37.33175,0.02189218,0,0.6780931,0,2.386695
5/3/2007 8:00:00 AM,0.3657347,30.90392,-102.393,61.42406,0.3517309,1.578568,0.6418757,0.6418757,0,0,0,0.6418757,245.9305,0,0,0,1.578568,0.6756587,0.6418757,0,0,9.248157,2.301933,0.9029098,0,0.9029098,6.083032,43.45014,0.02187104,0.7060633,1.262855,0,3.880502
5/3/2007 9:00:00 AM,0.6335932,45.37503,-102.5558,47.24053,0.6093979,2.734978,0.2472329,0.2472329,0,-1,0,0.2472329,1106.235,0,0,0,2.734978,0.2602452,0.2472329,0,0,8.345247,3.114552,2.474733,0,2.474733,8.430769,60.21966,0.02181331,0.2719562,2.187982,0,5.84953
5/3/2007 10:00:00 AM,0.9147214,59.78461,-104.7963,33.56607,0.8846942,3.970508,0,0,0,0,0,0,0,0,0,0,3.970508,0,0,0,0,5.870514,5.341811,3.970508,0,3.970508,12.19752,87.12499,0.02172131,0,3.176406,0,9.312319
5/3/2007 11:00:00 AM,0.9379946,73.83661,-114.0022,21.4423,0.9121994,4.093951,1.693462,1.693462,0,0,0,1.693462,241.7504,0.4113522,0,0,4.093951,1.782592,1.693462,0,0,1.900007,8.915268,1.900007,0,1.900007,14.00003,100,0.02167755,1.862808,3.275161,0,13.00922
5/3/2007 12:00:00 PM,0.9557343,83.80025,-177.4964,15.22822,0.9309676,4.178183,0.8303058,0.8303058,0,0,0,0.8303058,503.2101,3.304177,0,0,4.178183,0.8740062,0.8303058,0,0,0,10.62527,0,0,0,14.00003,100,0.02167755,0.9133364,3.342546,0,14.80346
5/3/2007 1:00:00 PM,1.042104,74.34064,114.7149,21.05626,1.012704,4.545018,0,0,0,0,0,0,0,4.545018,0,0,4.545018,0,0,0,0,0,10.62527,0,0,0,14.00003,100,0.02167755,0,3.636014,0,15.17029
5/3/2007 2:00:00 PM,0.8754423,60.31934,104.9551,33.07403,0.8472799,3.802592,0,0,0,-1,0,0,0,3.802592,0,0,3.802592,0,0,0,0,0,10.62527,0,0,0,14.00003,100,0.02167755,0,3.042074,0,14.42787
5/3/2007 3:00:00 PM,0.7582174,45.91504,102.5912,46.7177,0.7263274,3.259757,0.6609055,0.6609055,0,0,0,0.6609055,493.2259,2.564067,0,0,3.259757,0.69569,0.6609055,0,0,0,10.62527,0,0,0,14.00003,100,0.02167755,0.7269961,2.607806,0,13.88503
5/3/2007 4:00:00 PM,0.529616,31.44431,102.377,60.88961,0.4967471,2.229401,0.2053497,0.2053497,0,0,0,0.2053497,1085.661,2.013244,0,0,2.229401,0.2161575,0.2053497,0,0,0,10.62527,0,0,0,14.00003,100,0.02167755,0.2258846,1.783521,0,12.85468
5/3/2007 5:00:00 PM,0.2159354,16.9946,103.2546,75.27169,0.1991631,0.8938439,0.2861427,0.2861427,0,0,0,0.2861427,312.377,0.5926411,0,0,0.8938439,0.3012028,0.2861427,0,0,0,10.62527,0,0,0,14.00003,100,0.02167755,0.314757,0.7150751,0,11.51912
5/3/2007 6:00:00 PM,0.04415739,2.623755,104.9902,89.73373,0.01945439,0.08731131,0.5232754,0.5232754,0,0,0,0.5232754,16.68554,0,1.110223E-16,0,0.08731131,0.5508162,0.5232754,0,0,0,10.62527,0,0.4635049,-0.4635049,13.51145,96.51017,0.02167755,0.5756029,0.06984905,0,10.71259
5/3/2007 7:00:00 PM,0,0,107.683,90,0,0,0.432909,0.432909,0,-1,0,0.432909,0,0,0,0,0,0.4556937,0.432909,0,0,0.5150055,10.16177,0,0.4556937,-0.4556937,13.03111,93.07915,0.02167755,0.4761999,0,0,10.16177
5/3/2007 8:00:00 PM,0,0,111.7355,90,0,0,0,0,0,-1,0,0,0,0,0,0,0,0,0,0,0,1.021332,9.706076,0,0,0,13.03111,93.07915,0.02167755,0,0,0,9.706076
5/3/2007 9:00:00 PM,0,0,118.0625,90,0,0,0,0,0,-1,0,0,0,0,0,0,0,0,0,0,0,1.021332,9.706076,0,0,0,13.03111,93.07915,0.02167755,0,0,0,9.706076
5/3/2007 10:00:00 PM,0,0,128.6935,90,0,0,0.3325064,0.3325064,0,-1,0,0.3325064,0,0,0,0,0,0.3500068,0.3325064,0,0,1.021332,9.706076,0,0.3500068,-0.3500068,12.66217,90.44388,0.02167755,0.3657571,0,0,9.706076
5/3/2007 11:00:00 PM,0,0,147.8751,90,0,0,0.09923809,0.09923809,0,-1,0,0.09923809,0,0,1.387779E-17,0,0,0.1044611,0.09923809,0,0,1.410228,9.356069,0,0.1044611,-0.1044611,12.55206,89.65736,0.02167755,0.1091619,0,0,9.356069
5/4/2007 12:00:00 AM,0,0,179.4196,90,0,0,0.3360745,0.3360745,0,-1,0,0.3360745,0,0,5.551115E-17,0,0,0.3537627,0.3360745,0,0,1.526296,9.251608,0,0.3537627,-0.3537627,12.17916,86.99381,0.02167755,0.369682,0,0,9.251608
5/4/2007 1:00:00 AM,0,0,-149.1198,90,0,0,0.1371541,0.1371541,0,-1,0,0.1371541,0,0,0,0,0,0.1443727,0.1371541,0,0,1.919366,8.897845,0,0.1443727,-0.1443727,12.02698,85.9068,0.02167755,0.1508695,0,0,8.897845
5/4/2007 2:00:00 AM,0,0,-129.5824,90,0,0,0.3036667,0.3036667,0,-1,0,0.3036667,0,0,5.551115E-17,0,0,0.3196492,0.3036667,0,0,2.07978,8.753472,0,0.3196492,-0.3196492,11.69004,83.50009,0.02167755,0.3340334,0,0,8.753472
5/4/2007 3:00:00 AM,0,0,-118.703,90,0,0,0.3219941,0.3219941,0,-1,0,0.3219941,0,0,0,0,0,0.3389412,0.3219941,0,0,2.434946,8.433823,0,0.3389412,-0.3389412,11.33276,80.94813,0.02167755,0.3541935,0,0,8.433823
5/4/2007 4:00:00 AM,0,0,-112.2347,90,0,0,0.1942786,0.1942786,0,-1,0,0.1942786,0,0,2.775558E-17,0,0,0.2045038,0.1942786,0,0,2.811547,8.094882,0,0.2045038,-0.2045038,11.11719,79.40837,0.02167755,0.2137065,0,0,8.094882
5/4/2007 5:00:00 AM,0,0,-108.1034,90,0,0,0.1452653,0.1452653,0,0,0,0.1452653,0,0,0,0,0,0.1529108,0.1452653,0,0,3.038774,7.890378,0,0.1529108,-0.1529108,10.95601,78.25707,0.02167755,0.1597918,0,0,7.890378
5/4/2007 6:00:00 AM,0.01772479,2.164479,-105.3693,90.24509,0.01705996,0.0765651,0.2294078,0.2294078,0,0,0,0.2294078,33.37511,0,2.775558E-17,0,0.0765651,0.2414819,0.2294078,0,0,3.208674,7.737467,0,0.1649168,-0.1649168,10.78218,77.01538,0.02167755,0.2523486,0.06125208,0,7.814033
5/4/2007 7:00:00 AM,0.1606976,16.51182,-103.6183,75.80336,0.1544562,0.6931994,1.2064,1.2064,0,0,0,1.2064,57.46018,0,0,0,0.6931994,1.269894,1.2064,0,0,3.391915,7.57255,0,0.576695,-0.576695,10.17428,72.67332,0.02167755,1.32704,0.5545595,0,8.26575
5/4/2007 8:00:00 AM,0.202746,30.94041,-102.7476,61.44118,0.2009702,0.9019541,0.4901026,0.4901026,0,0,0,0.4901026,184.0337,0,0,0,0.9019541,0.5158975,0.4901026,0,0,4.032688,6.995855,0.3860566,0,0.3860566,10.54053,75.28935,0.02166869,0.5391129,0.7215633,0,7.89781
5/4/2007 9:00:00 AM,0.3555632,45.38957,-102.9915,47.29009,0.3514788,1.577437,1.739445,1.739445,0,-1,0,1.739445,90.6862,0,0,0,1.577437,1.830995,1.739445,0,0,3.646631,7.343307,0,0.2535583,-0.2535583,10.27326,73.38026,0.02166869,1.91339,1.261949,0,8.920743
5/4/2007 10:00:00 AM,0.5737963,59.76785,-105.404,33.66594,0.5633097,2.528134,0.6344312,0.6344312,0,0,0,0.6344312,398.4883,0,0,0,2.528134,0.6678223,0.6344312,0,0,3.928362,7.089748,1.860312,0,1.860312,12.0381,85.98627,0.02162605,0.6978743,2.022507,0,9.617882
5/4/2007 11:00:00 AM,0.7475349,73.75285,-115.0581,21.63409,0.7312272,3.281748,0.01598308,0.01598308,0,0,0,0.01598308,20532.63,1.196873,0,0,3.281748,0.0168243,0.01598308,0,0,2.068051,8.764029,2.068051,0,2.068051,14.00003,100,0.02157886,0.01758139,2.625398,0,12.04578
5/4/2007 12:00:00 PM,0.7061387,83.49674,-177.8717,15.53263,0.6936607,3.113149,0.3151023,0.3151023,0,0,0,0.3151023,987.9805,2.781462,0,0,3.113149,0.3316866,0.3151023,0,0,0,10.62527,0,0,0,14.00003,100,0.02157886,0.3466125,2.490519,0,13.73842
5/4/2007 1:00:00 PM,0.9491339,74.19919,115.7172,21.29316,0.9222161,4.138906,1.450399,1.450399,0,0,0,1.450399,285.3632,2.61217,0,0,4.138906,1.526736,1.450399,0,0,0,10.62527,0,0,0,14.00003,100,0.02157886,1.595439,3.311125,0,14.76418
5/4/2007 2:00:00 PM,0.9559953,60.24396,105.554,33.22869,0.9238406,4.146197,1.005497,1.005497,0,-1,0,1.005497,412.353,3.087779,0,0,4.146197,1.058418,1.005497,0,0,0,10.62527,0,0,0,14.00003,100,0.02157886,1.106047,3.316957,0,14.77147
5/4/2007 3:00:00 PM,0.7950113,45.87093,103.0267,46.82452,0.760515,3.413191,0,0,0,0,0,0,0,3.413191,0,0,3.413191,0,0,0,0,0,10.62527,0,0,0,14.00003,100,0.02157886,0,2.730553,0,14.03847
5/4/2007 4:00:00 PM,0.4248967,31.42228,102.7351,60.96486,0.4034241,1.810568,0.9647966,0.9647966,0,0,0,0.9647966,187.6631,0.7949922,0,0,1.810568,1.015575,0.9647966,0,0,0,10.62527,0,0,0,14.00003,100,0.02157886,1.061276,1.448454,0,12.43584
5/4/2007 5:00:00 PM,0.2373247,16.99201,103.5749,75.32261,0.2144562,0.9624793,0.8239256,0.8239256,0,0,0,0.8239256,116.8163,0.09518924,0,0,0.9624793,0.86729,0.8239256,0,0,0,10.62527,0,0,0,14.00003,100,0.02157886,0.9063181,0.7699834,0,11.58775
5/4/2007 6:00:00 PM,0.04288077,2.640932,105.2964,89.76311,0.02033386,0.09125838,0.7286084,0.7286084,0,0,0,0.7286084,12.52502,0,0,0,0.09125838,0.7669563,0.7286084,0,0,0,10.62527,0,0.6756979,-0.6756979,13.28778,94.91252,0.02157886,0.8014693,0.0730067,0,10.71653
5/4/2007 7:00:00 PM,0,0,107.9931,90,0,0,1.307476,1.307476,0,-1,0,1.307476,0,0,0,0,0,1.37629,1.307476,0,0,0.7507754,9.949576,0,1.37629,-1.37629,11.83704,84.55013,0.02157886,1.438223,0,0,9.949576
5/4/2007 8:00:00 PM,0,0,112.0666,90,0,0,0,0,0,-1,0,0,0,0,0,0,0,0,0,0,0,2.279987,8.573286,0,0,0,11.83704,84.55013,0.02157886,0,0,0,8.573286
5/4/2007 9:00:00 PM,0,0,118.4324,90,0,0,1.963712,1.963712,0,-1,0,1.963712,0,0,2.220446E-16,0,0,2.067065,1.963712,0,0,2.279987,8.573286,0,2.067065,-2.067065,9.658165,68.98676,0.02157886,2.160083,0,0,8.573286
5/4/2007 10:00:00 PM,0,0,129.1107,90,0,0,0.2883237,0.2883237,0,-1,0,0.2883237,0,0,5.551115E-17,0,0,0.3034987,0.2883237,0,0,4.576725,6.506221,0,0.3034987,-0.3034987,9.338249,66.70164,0.02157886,0.3171561,0,0,6.506221
5/4/2007 11:00:00 PM,0,0,148.2698,90,0,0,0.2726375,0.2726375,0,-1,0,0.2726375,0,0,5.551115E-17,0,0,0.2869869,0.2726375,0,0,4.913946,6.202723,0,0.2869869,-0.2869869,9.035738,64.54086,0.02157886,0.2999013,0,0,6.202723
5/5/2007 12:00:00 AM,0,0,179.4902,90,0,0,0,0,0,-1,0,0,0,0,0,0,0,0,0,0,0,5.232821,5.915736,0,0,0,9.035738,64.54086,0.02157886,0,0,0,5.915736
5/5/2007 1:00:00 AM,0,0,-149.4008,90,0,0,0.3183587,0.3183587,0,-1,0,0.3183587,0,0,5.551115E-17,0,0,0.3351144,0.3183587,0,0,5.232821,5.915736,0,0.3351144,-0.3351144,8.682497,62.01771,0.02157886,0.3501945,0,0,5.915736
5/5/2007 2:00:00 AM,0,0,-129.9371,90,0,0,0.2036575,0.2036575,0,-1,0,0.2036575,0,0,2.775558E-17,0,0,0.2143763,0.2036575,0,0,5.60517,5.580621,0,0.2143763,-0.2143763,8.456525,60.40363,0.02157886,0.2240233,0,0,5.580621
5/5/2007 3:00:00 AM,0,0,-119.0364,90,0,0,0,0,0,-1,0,0,0,0,0,0,0,0,0,0,0,5.843366,5.366245,0,0,0,8.456525,60.40363,0.02157886,0,0,0,5.366245
5/5/2007 4:00:00 AM,0,0,-112.542,90,0,0,0.1946918,0.1946918,0,-1,0,0.1946918,0,0,2.775558E-17,0,0,0.2049387,0.1946918,0,0,5.843366,5.366245,0,0.2049387,-0.2049387,8.2405,58.8606,0.02157886,0.214161,0,0,5.366245
5/5/2007 5:00:00 AM,0,0,-108.3964,90,0,0,0.01648758,0.01648758,0,0,0,0.01648758,0,0,0,0,0,0.01735535,0.01648758,0,0,6.071075,5.161306,0,0.01735535,-0.01735535,8.222206,58.72992,0.02157886,0.01813634,0,0,5.161306
5/5/2007 6:00:00 AM,0.04629005,2.236404,-105.6623,90.2183,0.00937029,0.04205386,0.2380845,0.2380845,0,0,0,0.2380845,17.66342,0,2.775558E-17,0,0.04205386,0.2506152,0.2380845,0,0,6.090359,5.143951,0,0.2085614,-0.2085614,8.002363,57.15962,0.02157886,0.2618929,0.03364309,0,5.186005
5/5/2007 7:00:00 AM,0.3004156,16.56425,-103.9281,75.79828,0.2611701,1.172132,1.115117,1.115117,0,0,0,1.115117,105.1129,0,0,0,1.172132,1.173807,1.115117,0,0,6.322094,4.93539,0,0.00167557,-0.00167557,8.000597,57.147,0.02157886,1.226629,0.9377053,0,6.107521
5/5/2007 8:00:00 AM,0.4832171,30.97343,-103.0971,61.46088,0.4528051,2.032189,1.044701,1.044701,0,0,0,1.044701,194.5236,0,0,0,2.032189,1.099685,1.044701,0,0,6.323956,4.933714,0.9325047,0,0.9325047,8.885248,63.46593,0.02155764,1.149171,1.625751,0,6.965903
5/5/2007 9:00:00 AM,0.7152381,45.4003,-103.4206,47.34225,0.6837162,3.068518,0.7032837,0.7032837,0,-1,0,0.7032837,436.313,0,0,0,3.068518,0.7402986,0.7032837,0,0,5.391451,5.772968,2.32822,0,2.32822,11.09399,79.24264,0.02150486,0.773612,2.454815,0,8.841486
5/5/2007 10:00:00 AM,0.9067246,59.74664,-106.0012,33.76823,0.8753737,3.928677,0.4247802,0.4247802,0,0,0,0.4247802,924.873,0.4183084,0,0,3.928677,0.447137,0.4247802,0,0,3.063231,7.868366,3.063231,0,3.063231,14.00003,100,0.02143581,0.4672582,3.142941,0,11.79704
5/5/2007 11:00:00 AM,1.06537,73.66348,-116.0847,21.82682,1.03338,4.637809,1.444856,1.444856,0,0,0,1.444856,320.9877,3.116908,0,0,4.637809,1.520901,1.444856,0,0,0,10.62527,0,0,0,14.00003,100,0.02143581,1.589342,3.710248,0,15.26308
5/5/2007 12:00:00 PM,1.100749,83.19749,-178.192,15.83256,1.069285,4.79895,0.7895015,0.7895015,0,0,0,0.7895015,607.8456,3.967896,0,0,4.79895,0.8310542,0.7895015,0,0,0,10.62527,0,0,0,14.00003,100,0.02143581,0.8684517,3.83916,0,15.42422
5/5/2007 1:00:00 PM,1.097563,74.05727,116.6901,21.52676,1.064605,4.777948,1.596286,1.596286,0,0,0,1.596286,299.3166,3.097648,0,0,4.777948,1.680301,1.596286,0,0,0,10.62527,0,0,0,14.00003,100,0.02143581,1.755914,3.822359,0,15.40322
5/5/2007 2:00:00 PM,0.9487224,60.16904,106.1419,33.38106,0.9159691,4.110869,0.7072697,0.7072697,0,-1,0,0.7072697,581.2308,3.366375,0,0,4.110869,0.7444944,0.7072697,0,0,0,10.62527,0,0,0,14.00003,100,0.02143581,0.7779967,3.288695,0,14.73614
5/5/2007 3:00:00 PM,0.7961438,45.82784,103.4552,46.92913,0.7607104,3.414068,2.041761,2.041761,0,0,0,2.041761,167.212,1.264847,0,0,3.414068,2.149222,2.041761,0,0,0,10.62527,0,0,0,14.00003,100,0.02143581,2.245937,2.731255,0,14.03934
5/5/2007 4:00:00 PM,0.5154429,31.40159,103.0876,61.03787,0.4822949,2.164539,1.048958,1.048958,0,0,0,1.048958,206.3513,1.060373,0,0,2.164539,1.104167,1.048958,0,0,0,10.62527,0,0,0,14.00003,100,0.02143581,1.153854,1.731632,0,12.78981
5/5/2007 5:00:00 PM,0.2569104,16.99095,103.8902,75.37119,0.2283034,1.024626,0.008934513,0.008934513,0,0,0,0.008934513,11468.18,1.015221,0,0,1.024626,0.009404751,0.008934513,0,0,0,10.62527,0,0,0,14.00003,100,0.02143581,0.009827964,0.8197007,0,11.6499
5/5/2007 6:00:00 PM,0.0337843,2.659732,105.5976,89.79006,0.02505546,0.1124489,1.955325,1.955325,0,0,0,1.955325,5.750906,0,2.220446E-16,0,0.1124489,2.058237,1.955325,0,0,0,10.62527,0,1.945788,-1.945788,11.94899,85.34974,0.02143581,2.150857,0.08995911,0,10.73772
5/5/2007 7:00:00 PM,0,0,108.298,90,0,0,0.9252371,0.9252371,0,-1,0,0.9252371,0,0,1.110223E-16,0,0,0.9739337,0.9252371,0,0,2.161986,8.679486,0,0.9739337,-0.9739337,10.92237,78.01678,0.02143581,1.017761,0,0,8.679486
5/5/2007 8:00:00 PM,0,0,112.3917,90,0,0,1.544255,1.544255,0,-1,0,1.544255,0,0,2.220446E-16,0,0,1.625532,1.544255,0,0,3.244135,7.705553,0,1.625532,-1.625532,9.208911,65.7778,0.02143581,1.698681,0,0,7.705553
5/5/2007 9:00:00 PM,0,0,118.7946,90,0,0,0.3476004,0.3476004,0,-1,0,0.3476004,0,0,5.551115E-17,0,0,0.3658952,0.3476004,0,0,5.050281,6.080021,0,0.3658952,-0.3658952,8.823223,63.0229,0.02143581,0.3823604,0,0,6.080021
5/5/2007 10:00:00 PM,0,0,129.5169,90,0,0,0.3527316,0.3527316,0,-1,0,0.3527316,0,0,5.551115E-17,0,0,0.3712964,0.3527316,0,0,5.456831,5.714126,0,0.3712964,-0.3712964,8.431843,60.22733,0.02143581,0.3880048,0,0,5.714126
5/5/2007 11:00:00 PM,0,0,148.6493,90,0,0,0,0,0,-1,0,0,0,0,0,0,0,0,0,0,0,5.869383,5.342829,0,0,0,8.431843,60.22733,0.02143581,0,0,0,5.342829
5/6/2007 12:00:00 AM,0,0,179.5534,90,0,0,0.4322937,0.4322937,0,-1,0,0.4322937,0,0,5.551115E-17,0,0,0.455046,0.4322937,0,0,5.869383,5.342829,0,0.455046,-0.455046,7.952182,56.80119,0.02143581,0.4755231,0,0,5.342829
5/6/2007 1:00:00 AM,0,0,-149.6762,90,0,0,0.07285775,0.07285775,0,-1,0,0.07285775,0,0,0,0,0,0.07669237,0.07285775,0,0,6.37499,4.887784,0,0.07669237,-0.07669237,7.871341,56.22375,0.02143581,0.08014353,0,0,4.887784
5/6/2007 2:00:00 AM,0,0,-130.2851,90,0,0,0.4161247,0.4161247,0,-1,0,0.4161247,0,0,0,0,0,0.438026,0.4161247,0,0,6.460204,4.811091,0,0.438026,-0.438026,7.409621,52.92576,0.02143581,0.4577372,0,0,4.811091
5/6/2007 3:00:00 AM,0,0,-119.3643,90,0,0,0.5061507,0.5061507,0,-1,0,0.5061507,0,0,1.110223E-16,0,0,0.5327902,0.5061507,0,0,6.946899,4.373065,0,0.5327902,-0.5327902,6.848011,48.91426,0.02143581,0.5567657,0,0,4.373065
5/6/2007 4:00:00 AM,0,0,-112.8446,90,0,0,0.1414251,0.1414251,0,-1,0,0.1414251,0,0,2.775558E-17,0,0,0.1488686,0.1414251,0,0,7.538888,3.840275,0,0.1488686,-0.1488686,6.69109,47.7934,0.02143581,0.1555676,0,0,3.840275
5/6/2007 5:00:00 AM,0,0,-108.6851,90,0,0,0,0,0,0,0,0,0,0,0,0,0,0,0,0,0,7.704298,3.691406,0,0,0,6.69109,47.7934,0.02143581,0,0,0,3.691406
5/6/2007 6:00:00 AM,0.04424053,2.305166,-105.9511,90.19392,0.01227391,0.05508531,0,0,0,0,0,0,0,0,0,0,0.05508531,0,0,0,0,7.704298,3.691406,0.05508531,0,0.05508531,6.743348,48.16668,0.02143457,0,0.04406825,0,3.746492
5/6/2007 7:00:00 AM,0.2722722,16.61342,-104.2334,75.79568,0.2378038,1.067263,0.5397958,0.5397958,0,0,0,0.5397958,197.7162,0,0,0,1.067263,0.5682061,0.5397958,0,0,7.649212,3.740983,0.4990574,0,0.4990574,7.216795,51.54844,0.02142336,0.5937754,0.8538108,0,4.808247
5/6/2007 8:00:00 AM,0.5161514,31.00301,-103.4414,61.48309,0.4815445,2.161172,0.9523268,0.9523268,0,0,0,0.9523268,226.936,0,0,0,2.161172,1.002449,0.9523268,0,0,7.150155,4.190135,1.158723,0,1.158723,8.316056,59.40028,0.02139739,1.047559,1.728938,0,6.351306
5/6/2007 9:00:00 AM,0.689225,45.40728,-103.843,47.39692,0.6587485,2.956463,0,0,0,-1,0,0,0,0,0,0,2.956463,0,0,0,0,5.991432,5.232985,2.956463,0,2.956463,11.1208,79.43415,0.02133139,0,2.365171,0,8.189448
5/6/2007 10:00:00 AM,0.9141693,59.72115,-106.5876,33.87279,0.8817226,3.957171,1.592696,1.592696,0,0,0,1.592696,248.4574,0,0,0,3.957171,1.676522,1.592696,0,0,3.034969,7.893802,2.280649,0,2.280649,13.28442,94.8885,0.02128076,1.751966,3.165737,0,11.85097
5/6/2007 11:00:00 AM,1.001793,73.56886,-117.0816,22.02022,0.9711114,4.358348,1.784702,1.784702,0,0,0,1.784702,244.2059,1.725394,0,0,4.358348,1.878634,1.784702,0,0,0.7543204,9.946385,0.7543204,0,0.7543204,14.00003,100,0.02126407,1.963172,3.486678,0,14.30473
5/6/2007 12:00:00 PM,0.9522313,82.90266,-178.4648,16.1279,0.9254093,4.153237,0,0,0,0,0,0,0,4.153237,0,0,4.153237,0,0,0,0,0,10.62527,0,0,0,14.00003,100,0.02126407,0,3.322589,0,14.77851
5/6/2007 1:00:00 PM,0.9377912,73.9152,117.6342,21.75688,0.9098564,4.083436,0.6485251,0.6485251,0,0,0,0.6485251,629.6496,3.400777,0,0,4.083436,0.682658,0.6485251,0,0,0,10.62527,0,0,0,14.00003,100,0.02126407,0.7133776,3.266748,0,14.70871
5/6/2007 2:00:00 PM,0.8313178,60.09474,106.7186,33.53098,0.8030815,3.604229,0.4991689,0.4991689,0,-1,0,0.4991689,722.0461,3.078789,0,0,3.604229,0.525441,0.4991689,0,0,0,10.62527,0,0,0,14.00003,100,0.02126407,0.5490858,2.883384,0,14.2295
5/6/2007 3:00:00 PM,0.7616363,45.78587,103.8765,47.03145,0.7270649,3.263067,1.281519,1.281519,0,0,0,1.281519,254.6249,1.9141,0,0,3.263067,1.348968,1.281519,0,0,0,10.62527,0,0,0,14.00003,100,0.02126407,1.409671,2.610454,0,13.88834
5/6/2007 4:00:00 PM,0.5452705,31.38228,103.4344,61.10856,0.5086676,2.282901,1.489475,1.489475,0,0,0,1.489475,153.2688,0.7150325,0,0,2.282901,1.567868,1.489475,0,0,0,10.62527,0,0,0,14.00003,100,0.02126407,1.638422,1.82632,0,12.90817
5/6/2007 5:00:00 PM,0.2696763,16.99142,104.2004,75.41741,0.2372693,1.064865,0.03572743,0.03572743,0,0,0,0.03572743,2980.525,1.027257,0,0,1.064865,0.03760782,0.03572743,0,0,0,10.62527,0,0,0,14.00003,100,0.02126407,0.03930017,0.8518919,0,11.69014
5/6/2007 6:00:00 PM,0.04001876,2.680153,105.8939,89.8146,0.02235397,0.1003246,0,0,0,0,0,0,0,0.1003246,0,0,0.1003246,0,0,0,0,0,10.62527,0,0,0,14.00003,100,0.02126407,0,0.08025969,0,10.7256
5/6/2007 7:00:00 PM,0,0,108.5975,90,0,0,0.4609518,0.4609518,0,-1,0,0.4609518,0,0,5.551115E-17,0,0,0.4852124,0.4609518,0,0,0,10.62527,0,0.4852124,-0.4852124,13.48857,96.34673,0.02126407,0.507047,0,0,10.62527
5/6/2007 8:00:00 PM,0,0,112.7106,90,0,0,2.431148,2.431148,0,-1,0,2.431148,0,0,4.440892E-16,0,0,2.559103,2.431148,0,0,0.5391249,10.14006,0,2.559103,-2.559103,10.79104,77.07868,0.02126407,2.674263,0,0,10.14006
5/6/2007 9:00:00 PM,0,0,119.1489,90,0,0,2.50627,2.50627,0,-1,0,2.50627,0,0,0,0,0,2.638179,2.50627,0,0,3.382573,7.580958,0,2.638179,-2.638179,8.010152,57.21526,0.02126407,2.756897,0,0,7.580958
5/6/2007 10:00:00 PM,0,0,129.9119,90,0,0,0.3536261,0.3536261,0,-1,0,0.3536261,0,0,0,0,0,0.372238,0.3536261,0,0,6.313883,4.942779,0,0.372238,-0.372238,7.617779,54.4126,0.02126407,0.3889887,0,0,4.942779
5/6/2007 11:00:00 PM,0,0,149.0138,90,0,0,0.339592,0.339592,0,-1,0,0.339592,0,0,5.551115E-17,0,0,0.3574652,0.339592,0,0,6.727481,4.570541,0,0.3574652,-0.3574652,7.240978,51.72116,0.02126407,0.3735512,0,0,4.570541
5/7/2007 12:00:00 AM,0,0,179.6095,90,0,0,0,0,0,-1,0,0,0,0,0,0,0,0,0,0,0,7.124665,4.213076,0,0,0,7.240978,51.72116,0.02126407,0,0,0,4.213076
5/7/2007 1:00:00 AM,0,0,-149.9464,90,0,0,0,0,0,-1,0,0,0,0,0,0,0,0,0,0,0,7.124665,4.213076,0,0,0,7.240978,51.72116,0.02126407,0,0,0,4.213076
5/7/2007 2:00:00 AM,0,0,-130.6265,90,0,0,0,0,0,-1,0,0,0,0,0,0,0,0,0,0,0,7.124665,4.213076,0,0,0,7.240978,51.72116,0.02126407,0,0,0,4.213076
5/7/2007 3:00:00 AM,0,0,-119.6867,90,0,0,0.3230363,0.3230363,0,-1,0,0.3230363,0,0,0,0,0,0.3400382,0.3230363,0,0,7.124665,4.213076,0,0.3400382,-0.3400382,6.882546,49.16095,0.02126407,0.3553399,0,0,4.213076
5/7/2007 4:00:00 AM,0,0,-113.1425,90,0,0,0.2834747,0.2834747,0,-1,0,0.2834747,0,0,0,0,0,0.2983944,0.2834747,0,0,7.502485,3.873038,0,0.2983944,-0.2983944,6.568011,46.91427,0.02126407,0.3118222,0,0,3.873038
5/7/2007 5:00:00 AM,0,0,-108.9695,90,0,0,0.1492818,0.1492818,0,0,0,0.1492818,0,0,0,0,0,0.1571388,0.1492818,0,0,7.834034,3.574643,0,0.1571388,-0.1571388,6.402372,45.73114,0.02126407,0.16421,0,0,3.574643
5/7/2007 6:00:00 AM,0.0245217,2.370745,-106.2356,90.17196,0.02194495,0.09848896,0.0006909596,0.0006909596,0,0,0,0.0006909596,14253.94,0,0,0,0.09848896,0.0007273259,0.0006909596,0,0,8.008633,3.417505,0.09776163,0,0.09776163,6.495117,46.3936,0.02126191,0.0007600556,0.07879116,0,3.515994
5/7/2007 7:00:00 AM,0.09996331,16.65933,-104.534,75.79553,0.09895366,0.444104,0.4549185,0.4549185,0,0,0,0.4549185,97.62277,0,0,0,0.444104,0.4788615,0.4549185,0,0,7.910871,3.50549,0,0.03475753,-0.03475753,6.458479,46.1319,0.02126191,0.5004103,0.3552832,0,3.949594
5/7/2007 8:00:00 AM,0.2891192,31.02918,-103.7804,61.50776,0.2827085,1.268796,0.4648954,0.4648954,0,0,0,0.4648954,272.9207,0,0,0,1.268796,0.4893636,0.4648954,0,0,7.949491,3.470733,0.779432,0,0.779432,7.197913,51.41356,0.02124469,0.5113849,1.015036,0,4.739528
5/7/2007 9:00:00 AM,0.3988416,45.41059,-104.2585,47.45401,0.3924581,1.761352,1.016868,1.016868,0,-1,0,1.016868,173.2135,0,0,0,1.761352,1.070387,1.016868,0,0,7.170059,4.172221,0.6909649,0,0.6909649,7.85342,56.09575,0.02122945,1.118555,1.409082,0,5.933573
5/7/2007 10:00:00 AM,0.5835328,59.69151,-107.163,33.97945,0.5716618,2.565618,0.5620738,0.5620738,0,0,0,0.5620738,456.4558,0,0,0,2.565618,0.5916566,0.5620738,0,0,6.479094,4.79409,1.973962,0,1.973962,9.726085,69.47189,0.02118604,0.6182812,2.052495,0,7.359708
5/7/2007 11:00:00 AM,0.4591917,73.46938,-118.0482,22.21403,0.4551919,2.042901,0.1001099,0.1001099,0,0,0,0.1001099,2040.658,0,0,0,2.042901,0.1053789,0.1001099,0,0,4.505132,6.570655,1.937522,0,1.937522,11.56418,82.60112,0.02114359,0.1101209,1.634321,0,8.613557
5/7/2007 12:00:00 PM,0.3749148,82.6124,-178.6962,16.41854,0.3725766,1.672124,0.1068799,0.1068799,0,0,0,0.1068799,1564.489,0,0,0,1.672124,0.1125051,0.1068799,0,0,2.56761,8.314425,1.559618,0,1.559618,13.04376,93.16956,0.02110955,0.1175679,1.337699,0,9.986549
5/7/2007 1:00:00 PM,0.1009554,73.77329,118.5502,21.98338,0.1004372,0.450762,0,0,0,0,0,0,0,0,0,0,0.450762,0,0,0,0,1.007991,9.718082,0.450762,0,0.450762,13.47139,96.22405,0.02109973,0,0.3606096,0,10.16884
5/7/2007 2:00:00 PM,0.1085126,60.0212,107.2842,33.67834,0.1079462,0.4844624,1.253726,1.253726,0,-1,0,1.253726,38.64183,0,0,0,0.4844624,1.319711,1.253726,0,0,0.5572293,10.12377,0,0.8352486,-0.8352486,12.59096,89.93528,0.02109973,1.379098,0.38757,0,10.60823
5/7/2007 3:00:00 PM,0.2853185,45.74511,104.2906,47.13139,0.2831302,1.270689,0.3891654,0.3891654,0,0,0,0.3891654,326.5163,0,0,0,1.270689,0.4096478,0.3891654,0,0,1.485283,9.288519,0.8610407,0,0.8610407,13.40782,95.76995,0.021081,0.4280819,1.016551,0,10.55921
5/7/2007 4:00:00 PM,0.1277863,31.36442,103.7754,61.17688,0.1269922,0.569941,0.2922624,0.2922624,0,0,0,0.2922624,195.01,0,0,0,0.569941,0.3076446,0.2922624,0,0,0.6242425,10.06346,0.2622963,0,0.2622963,13.65666,97.54735,0.0210753,0.3214886,0.4559528,0,10.6334
5/7/2007 5:00:00 PM,0.03168957,16.99347,104.5054,75.46123,0.03150004,0.1413722,0.774021,0.774021,0,0,0,0.774021,18.26464,0,1.110223E-16,0,0.1413722,0.814759,0.774021,0,0,0.3619462,10.29952,0,0.6733868,-0.6733868,12.94684,92.47727,0.0210753,0.8514231,0.1130977,0,10.4409
5/7/2007 6:00:00 PM,0.04465287,2.70219,106.1851,89.8367,0.01854943,0.08324982,1.800977,1.800977,0,0,0,1.800977,4.622482,0,2.220446E-16,0,0.08324982,1.895765,1.800977,0,0,1.110154,9.626136,0,1.812515,-1.812515,11.03629,78.83045,0.0210753,1.981074,0.06659985,0,9.709386
5/7/2007 7:00:00 PM,0,0,108.8917,90,0,0,2.29207,2.29207,0,-1,0,2.29207,0,0,0,0,0,2.412705,2.29207,0,0,3.124059,7.813621,0,2.412705,-2.412705,8.493071,60.66467,0.0210753,2.521277,0,0,7.813621
5/7/2007 8:00:00 PM,0,0,113.0233,90,0,0,2.567123,2.567123,0,-1,0,2.567123,0,0,4.440892E-16,0,0,2.702235,2.567123,0,0,5.804843,5.400916,0,2.702235,-2.702235,5.644665,40.31895,0.0210753,2.823836,0,0,5.400916
5/7/2007 9:00:00 PM,0,0,119.4953,90,0,0,0,0,0,-1,0,0,0,0,0,0,0,0,0,0,0,8.807326,2.69868,0,0,0,5.644665,40.31895,0.0210753,0,0,0,2.69868
5/7/2007 10:00:00 PM,0,0,130.2959,90,0,0,0.2046912,0.2046912,0,-1,0,0.2046912,0,0,0,0,0,0.2154644,0.2046912,0,0,8.807326,2.69868,0,0.2154644,-0.2154644,5.417545,38.69667,0.0210753,0.2251603,0,0,2.69868
5/7/2007 11:00:00 PM,0,0,149.3637,90,0,0,0.3551386,0.3551386,0,-1,0,0.3551386,0,0,5.551115E-17,0,0,0.3738301,0.3551386,0,0,9.046731,2.483216,0,0.3738301,-0.3738301,5.023494,35.88203,0.0210753,0.3906525,0,0,2.483216
5/8/2007 12:00:00 AM,0,0,179.6587,90,0,0,0.1325829,0.1325829,0,-1,0,0.1325829,0,0,2.775558E-17,0,0,0.139561,0.1325829,0,0,9.462098,2.109386,0,0.139561,-0.139561,4.876383,34.83124,0.0210753,0.1458412,0,0,2.109386
5/8/2007 1:00:00 AM,0,0,-150.2114,90,0,0,0.5432304,0.5432304,0,-1,0,0.5432304,0,0,1.110223E-16,0,0,0.5718215,0.5432304,0,0,9.617166,1.969825,0,0.5718215,-0.5718215,4.273631,30.52587,0.0210753,0.5975535,0,0,1.969825
5/8/2007 2:00:00 AM,0,0,-130.9615,90,0,0,0,0,0,-1,0,0,0,0,0,0,0,0,0,0,0,10.25252,1.398003,0,0,0,4.273631,30.52587,0.0210753,0,0,0,1.398003
5/8/2007 3:00:00 AM,0,0,-120.0037,90,0,0,0.3105054,0.3105054,0,-1,0,0.3105054,0,0,0,0,0,0.3268478,0.3105054,0,0,10.25252,1.398003,0,0.3268478,-0.3268478,3.929103,28.06496,0.0210753,0.341556,0,0,1.398003
5/8/2007 4:00:00 AM,0,0,-113.4355,90,0,0,0.1294803,0.1294803,0,-1,0,0.1294803,0,0,2.775558E-17,0,0,0.1362951,0.1294803,0,0,10.61569,1.071156,0,0.1362951,-0.1362951,3.785435,27.03877,0.0210753,0.1424283,0,0,1.071156
5/8/2007 5:00:00 AM,0,0,-109.2493,90,0,0,0.3113467,0.3113467,0,0,0,0.3113467,0,0,5.551115E-17,0,0,0.3277334,0.3113467,0,0,10.76713,0.9348606,0,0.3277334,-0.3277334,3.439974,24.57119,0.0210753,0.3424814,0,0,0.9348606
5/8/2007 6:00:00 AM,0.03760911,2.433131,-106.5157,90.15244,0.02021722,0.09073487,0.1056594,0.1056594,0,0,0,0.1056594,85.87486,0,0,0,0.09073487,0.1112204,0.1056594,0,0,11.13127,0.6071272,0,0.02048556,-0.02048556,3.41838,24.41695,0.0210753,0.1162253,0.0725879,0,0.6978621
5/8/2007 7:00:00 AM,0.1670352,16.70198,-104.83,75.79781,0.1594779,0.715737,0.94806,0.94806,4.453323,0,1.380757,0.94806,75.49491,4.440892E-16,0,0,0.715737,0,0,3.505263,3.33,11.15404,0.5866416,4.045737,0,4.045737,7.256504,51.83206,0.02198509,1.042866,0.5725896,5,1.302379
5/8/2007 8:00:00 AM,0.07588403,31.05199,-104.114,61.53484,0.07545318,0.3386339,0,0,3.505263,0,1.121937,0,0,0,0,0,0.3386339,0,0,3.505263,3.33,7.108299,4.227805,3.668634,0,3.668634,10.73687,76.69181,0.02260212,0,0.2709071,5,4.566439
5/8/2007 9:00:00 AM,0.1256104,45.41033,-104.6669,47.5134,0.1249175,0.5606296,1.33131,1.33131,0,-1,0,1.33131,42.11114,0,2.220446E-16,0,0.5606296,1.401379,1.33131,0,0,3.439665,7.529575,0,0.8407489,-0.8407489,9.850648,70.36163,0.02260212,1.464441,0.4485037,0,8.090205
5/8/2007 10:00:00 AM,0.3915848,59.65789,-107.7269,34.08803,0.3882088,1.742281,0.002146956,0.002146956,0,0,0,0.002146956,81151.23,0,0,0,1.742281,0.002259953,0.002146956,0,0,4.373831,6.688827,1.740021,0,1.740021,11.50138,82.15253,0.02256198,0.002361651,1.393825,0,8.431108
5/8/2007 11:00:00 AM,0.2881403,73.36539,-118.9844,22.40798,0.2865201,1.285902,0.2066595,0.2066595,0,0,0,0.2066595,622.2325,0,0,0,1.285902,0.2175363,0.2066595,0,0,2.63381,8.254846,1.068366,0,1.068366,12.51492,89.39209,0.0225374,0.2273254,1.028722,0,9.540748
5/8/2007 12:00:00 PM,0.3720041,82.32684,-178.8913,16.70438,0.3696821,1.659133,0,0,0,0,0,0,0,0.09368964,0,0,1.659133,0,0,0,0,1.565444,9.216374,1.565444,0,1.565444,14.00003,100,0.02250149,0,1.327307,0,10.87551
5/8/2007 1:00:00 PM,0.3761754,73.63184,119.4389,22.2061,0.3736956,1.677146,0.90417,0.90417,0,0,0,0.90417,185.4901,0.7253878,0,0,1.677146,0.9517578,0.90417,0,0,0,10.62527,0,0,0,14.00003,100,0.02250149,0.994587,1.341717,0,12.30242
5/8/2007 2:00:00 PM,0.3947158,59.94857,107.8386,33.823,0.3912886,1.756103,0.7791777,0.7791777,0,-1,0,0.7791777,225.3791,0.9359163,0,0,1.756103,0.820187,0.7791777,0,0,0,10.62527,0,0,0,14.00003,100,0.02250149,0.8570954,1.404883,0,12.38138
5/8/2007 3:00:00 PM,0.2938817,45.70562,104.6974,47.22886,0.2914922,1.308217,0.425458,0.425458,0,0,0,0.425458,307.4844,0.8603663,0,0,1.308217,0.4478505,0.425458,0,0,0,10.62527,0,0,0,14.00003,100,0.02250149,0.4680038,1.046573,0,11.93349
5/8/2007 4:00:00 PM,0.03538782,31.34804,104.1106,61.24277,0.03520172,0.1579853,1.174747,1.174747,0,0,0,1.174747,13.44845,0,2.220446E-16,0,0.1579853,1.236576,1.174747,0,0,0,10.62527,0,1.078591,-1.078591,12.86309,91.87906,0.02250149,1.292222,0.1263883,0,10.78326
5/8/2007 5:00:00 PM,0.1166824,16.9971,104.8052,75.50262,0.1150803,0.5164806,0,0,0,0,0,0,0,0,0,0,0.5164806,0,0,0,0,1.198434,9.546683,0.5164806,0,0.5164806,13.35307,95.37888,0.02248966,0,0.4131845,0,10.06316
5/8/2007 6:00:00 PM,0.03901522,2.725834,106.4712,89.85637,0.02305698,0.1034797,0,0,0,0,0,0,0,0,0,0,0.1034797,0,0,0,0,0.6819537,10.01152,0.1034797,0,0.1034797,13.45124,96.08009,0.02248729,0,0.08278378,0,10.115
5/8/2007 7:00:00 PM,0,0,109.1804,90,0,0,0.01484373,0.01484373,0,-1,0,0.01484373,0,0,1.734723E-18,0,0,0.01562498,0.01484373,0,0,0.5784739,10.10465,0,0.01562498,-0.01562498,13.43477,95.96245,0.02248729,0.0163281,0,0,10.10465
5/8/2007 8:00:00 PM,0,0,113.3297,90,0,0,0,0,0,-1,0,0,0,0,0,0,0,0,0,0,0,0.595835,10.08902,0,0,0,13.43477,95.96245,0.02248729,0,0,0,10.08902
5/8/2007 9:00:00 PM,0,0,119.8336,90,0,0,0.2853864,0.2853864,0,-1,0,0.2853864,0,0,0,0,0,0.3004068,0.2853864,0,0,0.595835,10.08902,0,0.3004068,-0.3004068,13.11811,93.70061,0.02248729,0.3139251,0,0,10.08902
5/8/2007 10:00:00 PM,0,0,130.6689,90,0,0,0.3805653,0.3805653,0,-1,0,0.3805653,0,0,0,0,0,0.400595,0.3805653,0,0,0.9296203,9.788616,0,0.400595,-0.400595,12.69585,90.68445,0.02248729,0.4186218,0,0,9.788616
5/8/2007 11:00:00 PM,0,0,149.6993,90,0,0,0.06085704,0.06085704,0,-1,0,0.06085704,0,0,0,0,0,0.06406005,0.06085704,0,0,1.374726,9.388021,0,0.06406005,-0.06406005,12.62832,90.20213,0.02248729,0.06694274,0,0,9.388021
5/9/2007 12:00:00 AM,0,0,179.7013,90,0,0,0,0,0,-1,0,0,0,0,0,0,0,0,0,0,0,1.445904,9.323961,0,0,0,12.62832,90.20213,0.02248729,0,0,0,9.323961
5/9/2007 1:00:00 AM,0,0,-150.4714,90,0,0,0.04534792,0.04534792,0,-1,0,0.04534792,0,0,0,0,0,0.04773465,0.04534792,0,0,1.445904,9.323961,0,0.04773465,-0.04773465,12.57801,89.84273,0.02248729,0.04988271,0,0,9.323961
5/9/2007 2:00:00 AM,0,0,-131.29,90,0,0,0.1858425,0.1858425,0,-1,0,0.1858425,0,0,0,0,0,0.1956237,0.1858425,0,0,1.498942,9.276226,0,0.1956237,-0.1956237,12.3718,88.36983,0.02248729,0.2044268,0,0,9.276226
5/9/2007 3:00:00 AM,0,0,-120.315,90,0,0,0.204889,0.204889,0,-1,0,0.204889,0,0,2.775558E-17,0,0,0.2156727,0.204889,0,0,1.716302,9.080603,0,0.2156727,-0.2156727,12.14446,86.74599,0.02248729,0.2253779,0,0,9.080603
5/9/2007 4:00:00 AM,0,0,-113.7238,90,0,0,0.04727646,0.04727646,0,-1,0,0.04727646,0,0,6.938894E-18,0,0,0.0497647,0.04727646,0,0,1.955938,8.86493,0,0.0497647,-0.0497647,12.09201,86.37129,0.02248729,0.05200411,0,0,8.86493
5/9/2007 5:00:00 AM,0,0,-109.5247,90,0,0,0.1162513,0.1162513,0,0,0,0.1162513,0,0,1.387779E-17,0,0,0.1223698,0.1162513,0,0,2.011232,8.815166,0,0.1223698,-0.1223698,11.96302,85.44994,0.02248729,0.1278764,0,0,8.815166
5/9/2007 6:00:00 AM,0.05033067,2.492311,-106.7913,90.13534,0.008224348,0.03691087,0.1731727,0.1731727,0,0,0,0.1731727,21.31449,0,0,0,0.03691087,0.182287,0.1731727,0,0,2.147199,8.692796,0,0.1453761,-0.1453761,11.80978,84.35538,0.02248729,0.1904899,0.0295287,0,8.729706
5/9/2007 7:00:00 AM,0.1935564,16.74141,-105.1212,75.8025,0.179956,0.8076424,0.06921474,0.06921474,0,0,0,0.06921474,1166.865,0,0,0,0.8076424,0.07285762,0.06921474,0,0,2.308728,8.54742,0.7347848,0,0.7347848,12.50686,89.3345,0.0224705,0.07613621,0.6461139,0,9.355062
5/9/2007 8:00:00 AM,0.2665864,31.07147,-104.442,61.56427,0.2617505,1.174736,0.9150125,0.9150125,0,0,0,0.9150125,128.3847,0,0,0,1.174736,0.9631711,0.9150125,0,0,1.573943,9.208726,0.211565,0,0.211565,12.70756,90.76813,0.02246566,1.006514,0.9397889,0,10.38346
5/9/2007 9:00:00 AM,0.4117689,45.40656,-105.068,47.575,0.4043573,1.814756,1.373956,1.373956,0,-1,0,1.373956,132.0825,0,0,0,1.814756,1.446269,1.373956,0,0,1.362378,9.399134,0.3684863,0,0.3684863,13.05714,93.2651,0.02245725,1.511351,1.451805,0,11.21389
5/9/2007 10:00:00 AM,0.4368204,59.62045,-108.2791,34.19837,0.4320626,1.939097,0.6123851,0.6123851,0,0,0,0.6123851,316.6467,0.3005894,0,0,1.939097,0.6446159,0.6123851,0,0,0.9938917,9.730772,0.9938917,0,0.9938917,14.00003,100,0.0224346,0.6736236,1.551278,0,11.66987
5/9/2007 11:00:00 AM,0.565796,73.2573,-119.89,22.60183,0.5579271,2.503977,0.07281473,0.07281473,0,0,0,0.07281473,3438.833,2.42733,0,0,2.503977,0.07664708,0.07281473,0,0,0,10.62527,0,0,0,14.00003,100,0.0224346,0.0800962,2.003181,0,13.12925
5/9/2007 12:00:00 PM,0.8123282,82.0461,-179.0542,16.98532,0.7914975,3.552241,1.232713,1.232713,0,0,0,1.232713,288.1645,2.254648,0,0,3.552241,1.297593,1.232713,0,0,0,10.62527,0,0,0,14.00003,100,0.0224346,1.355984,2.841793,0,14.17752
5/9/2007 1:00:00 PM,0.7842082,73.49113,120.3009,22.42491,0.763292,3.425655,1.135343,1.135343,0,0,0,1.135343,301.7285,2.230556,0,0,3.425655,1.195098,1.135343,0,0,0,10.62527,0,0,0,14.00003,100,0.0224346,1.248878,2.740524,0,14.05093
5/9/2007 2:00:00 PM,0.8797463,59.877,108.382,33.96484,0.8466858,3.799926,0.3496203,0.3496203,0,-1,0,0.3496203,1086.872,3.431905,0,0,3.799926,0.3680214,0.3496203,0,0,0,10.62527,0,0,0,14.00003,100,0.0224346,0.3845824,3.039941,0,14.4252
5/9/2007 3:00:00 PM,0.6482153,45.66751,105.0968,47.32378,0.6194308,2.780005,0.2299082,0.2299082,0,0,0,0.2299082,1209.18,2.537997,0,0,2.780005,0.2420087,0.2299082,0,0,0,10.62527,0,0,0,14.00003,100,0.0224346,0.2528991,2.224004,0,13.40528
5/9/2007 4:00:00 PM,0.4491809,31.33319,104.4399,61.30619,0.4215298,1.891826,0.3038727,0.3038727,0,0,0,0.3038727,622.5717,1.57196,0,0,1.891826,0.3198661,0.3038727,0,0,0,10.62527,0,0,0,14.00003,100,0.0224346,0.33426,1.513461,0,12.5171
5/9/2007 5:00:00 PM,0.2170826,17.00232,105.0997,75.54157,0.1978484,0.8879437,1.572693,1.572693,0,0,0,1.572693,56.46008,0,2.220446E-16,0,0.8879437,1.655466,1.572693,0,0,0,10.62527,0,0.7675225,-0.7675225,13.19099,94.22115,0.0224346,1.729962,0.710355,0,11.51322
5/9/2007 6:00:00 PM,0.04679951,2.751074,106.752,89.87361,0.01654579,0.07425752,0,0,0,0,0,0,0,0,0,0,0.07425752,0,0,0,0,0.8528028,9.857752,0.07425752,0,0.07425752,13.26144,94.72435,0.02243291,0,0.05940602,0,9.932009
5/9/2007 7:00:00 PM,0,0,109.4635,90,0,0,1.94262,1.94262,0,-1,0,1.94262,0,0,0,0,0,2.044863,1.94262,0,0,0.7785453,9.924583,0,2.044863,-2.044863,11.10596,79.32813,0.02243291,2.136882,0,0,9.924583
5/9/2007 8:00:00 PM,0,0,113.6297,90,0,0,3.150544,3.150544,0,-1,0,3.150544,0,0,4.440892E-16,0.1355982,0,3.316362,3.150544,0,0,3.050615,7.879721,0,3.316362,-3.316362,7.610208,54.35852,0.02243291,3.465598,0,0,7.879721
5/9/2007 9:00:00 PM,0,0,120.164,90,0,0,2.285434,2.285434,0,-1,0,2.285434,0,0,0,0,0,2.40572,2.285434,0,0,6.735462,4.563359,0,2.40572,-2.40572,5.074356,36.24533,0.02243291,2.513978,0,0,4.563359
5/9/2007 10:00:00 PM,0,0,131.0308,90,0,0,0.334124,0.334124,0,-1,0,0.334124,0,0,5.551115E-17,0,0,0.3517095,0.334124,0,0,9.408484,2.157638,0,0.3517095,-0.3517095,4.703621,33.59723,0.02243291,0.3675364,0,0,2.157638
5/9/2007 11:00:00 PM,0,0,150.0208,90,0,0,0,0,0,-1,0,0,0,0,0,0,0,0,0,0,0,9.799273,1.805929,0,0,0,4.703621,33.59723,0.02243291,0,0,0,1.805929
5/10/2007 12:00:00 AM,0,0,179.7376,90,0,0,0.3910142,0.3910142,0,-1,0,0.3910142,0,0,5.551115E-17,0,0,0.4115939,0.3910142,0,0,9.799273,1.805929,0,0.4115939,-0.4115939,4.269763,30.49825,0.02243291,0.4301157,0,0,1.805929
5/10/2007 1:00:00 AM,0,0,-150.7266,90,0,0,0,0,0,-1,0,0,0,0,0,0,0,0,0,0,0,10.2566,1.394335,0,0,0,4.269763,30.49825,0.02243291,0,0,0,1.394335
5/10/2007 2:00:00 AM,0,0,-131.6122,90,0,0,0.3472952,0.3472952,0,-1,0,0.3472952,0,0,0,0,0,0.3655739,0.3472952,0,0,10.2566,1.394335,0,0.3655739,-0.3655739,3.884415,27.74576,0.02243291,0.3820247,0,0,1.394335
5/10/2007 3:00:00 AM,0,0,-120.6209,90,0,0,0.4684338,0.4684338,0,-1,0,0.4684338,0,0,5.551115E-17,0,0,0.4930882,0.4684338,0,0,10.66279,1.028761,0,0.4930882,-0.4930882,3.364654,24.0332,0.02243291,0.5152771,0,0,1.028761
5/10/2007 4:00:00 AM,0,0,-114.0071,90,0,0,0.3181051,0.3181051,0,-1,0,0.3181051,0,0,0,0,0,0.3348475,0.3181051,0,0,11.21067,0.5356727,0,0.3348475,-0.3348475,3.011694,21.51206,0.02243291,0.3499156,0,0,0.5356727
5/10/2007 5:00:00 AM,0,0,-109.7955,90,0,0,0.08627298,0.08627298,0,0,0,0.08627298,0,0,0,0,0,0.09081367,0.08627298,0,0,11.58272,0.2008252,0,0.09081367,-0.09081367,2.915968,20.8283,0.02243291,0.09490028,0,0,0.2008252
5/10/2007 6:00:00 AM,0.03485022,2.54828,-107.0623,90.12067,0.02290945,0.1028176,0.4584064,0.4584064,3.96367,0,1.247082,0.4584064,22.42936,4.440892E-16,0,0,0.1028176,0,0,3.505263,3.33,11.68363,0.1100115,3.432818,0,3.432818,6.172625,44.09009,0.02318751,0.504247,0.08225407,5,0.2128291
5/10/2007 7:00:00 AM,0.2106407,16.77761,-105.4074,75.80955,0.1921265,0.862264,2.169773,2.169773,5,0,1.53,2.169773,39.73983,0,0,0,0.862264,0,0,2.830227,2.688716,8.250808,3.199547,3.55098,0,3.55098,9.54138,68.15258,0.02422006,2.38675,0.6898112,5,4.061811
5/10/2007 8:00:00 AM,0.5021545,31.08767,-104.7642,61.59598,0.4664124,2.093259,1.099952,1.099952,3.843709,0,1.214332,1.099952,190.3046,0,0,0,2.093259,0,0,2.743757,2.606569,4.699828,6.395429,4.699828,0,4.699828,14.00003,100,0.02489499,1.209947,1.674607,5,8.488688
5/10/2007 9:00:00 AM,0.4734447,45.39937,-105.4617,47.6387,0.4611239,2.069524,0.4024675,0.4024675,0,-1,0,0.4024675,514.209,1.645874,0,0,2.069524,0.42365,0.4024675,0,0,0,10.62527,0,0,0,14.00003,100,0.02489499,0.4427142,1.655619,0,12.6948
5/10/2007 10:00:00 AM,0.4718063,59.57935,-108.8194,34.3103,0.4655835,2.089539,0.6330263,0.6330263,0,0,0,0.6330263,330.0872,1.423195,0,0,2.089539,0.6663435,0.6330263,0,0,0,10.62527,0,0,0,14.00003,100,0.02489499,0.6963289,1.671631,0,12.71481
5/10/2007 11:00:00 AM,0.6084702,73.14547,-120.7648,22.79532,0.5983014,2.685177,0.5571644,0.5571644,0,0,0,0.5571644,481.9362,2.098688,0,0,2.685177,0.5864888,0.5571644,0,0,0,10.62527,0,0,0,14.00003,100,0.02489499,0.6128808,2.148141,0,13.31045
5/10/2007 12:00:00 PM,0.9316679,81.77029,-179.1888,17.26128,0.9031141,4.053176,0.3832771,0.3832771,0,0,0,0.3832771,1057.505,3.649726,0,0,4.053176,0.4034496,0.3832771,0,0,0,10.62527,0,0,0,14.00003,100,0.02489499,0.4216048,3.242541,0,14.67845
5/10/2007 1:00:00 PM,0.844815,73.35143,121.1371,22.63968,0.8193635,3.677304,0.9975525,0.9975525,0,0,0,0.9975525,368.6326,2.627248,0,0,3.677304,1.050055,0.9975525,0,0,0,10.62527,0,0,0,14.00003,100,0.02489499,1.097308,2.941843,0,14.30258
5/10/2007 2:00:00 PM,0.666524,59.80661,108.9141,34.10375,0.6476896,2.906831,0,0,0,-1,0,0,0,2.906831,0,0,2.906831,0,0,0,0,0,10.62527,0,0,0,14.00003,100,0.02489499,0,2.325465,0,13.53211
5/10/2007 3:00:00 PM,0.5628698,45.63083,105.4888,47.41606,0.5419827,2.432418,0.5461429,0.5461429,0,0,0,0.5461429,445.3813,1.857531,0,0,2.432418,0.5748872,0.5461429,0,0,0,10.62527,0,0,0,14.00003,100,0.02489499,0.6007571,1.945935,0,13.05769
5/10/2007 4:00:00 PM,0.3327618,31.3199,104.7632,61.36708,0.3216243,1.44345,1.286833,1.286833,0,0,0,1.286833,112.1708,0.08888925,0,0,1.44345,1.354561,1.286833,0,0,0,10.62527,0,0,0,14.00003,100,0.02489499,1.415516,1.15476,0,12.06872
5/10/2007 5:00:00 PM,0.1798453,17.00916,105.3887,75.57804,0.1700162,0.7630328,1.239329,1.239329,0,0,0,1.239329,61.56824,0,0,0,0.7630328,1.304556,1.239329,0,0,0,10.62527,0,0.5415236,-0.5415236,13.42921,95.92275,0.02489499,1.363261,0.6104262,0,11.38831
5/10/2007 6:00:00 PM,0.04120214,2.777896,107.0275,89.88843,0.02171924,0.09747595,0.966734,0.966734,0,0,0,0.966734,10.08302,0,1.110223E-16,0,0.09747595,1.017615,0.966734,0,0,0.6016929,10.08375,0,0.9201388,-0.9201388,12.4593,88.99483,0.02489499,1.063407,0.07798076,0,10.18123
5/10/2007 7:00:00 PM,0,0,109.741,90,0,0,1.204797,1.204797,0,-1,0,1.204797,0,0,2.220446E-16,0,0,1.268208,1.204797,0,0,1.624069,9.163611,0,1.268208,-1.268208,11.12249,79.44621,0.02489499,1.325277,0,0,9.163611
5/10/2007 8:00:00 PM,0,0,113.9232,90,0,0,3.160263,3.160263,0,-1,0,3.160263,0,0,4.440892E-16,0.1462894,0,3.326593,3.160263,0,0,3.033189,7.895404,0,3.326593,-3.326593,7.615956,54.39957,0.02489499,3.47629,0,0,7.895404
5/10/2007 9:00:00 PM,0,0,120.4862,90,0,0,1.53357,1.53357,0,-1,0,1.53357,0,0,0,0,0,1.614285,1.53357,0,0,6.729403,4.568811,0,1.614285,-1.614285,5.914351,42.24528,0.02489499,1.686927,0,0,4.568811
5/10/2007 10:00:00 PM,0,0,131.3818,90,0,0,0.1022247,0.1022247,0,-1,0,0.1022247,0,0,1.387779E-17,0,0,0.1076049,0.1022247,0,0,8.523052,2.954527,0,0.1076049,-0.1076049,5.800925,41.43509,0.02489499,0.1124472,0,0,2.954527
5/10/2007 11:00:00 PM,0,0,150.3286,90,0,0,0.3118428,0.3118428,0,-1,0,0.3118428,0,0,0,0,0,0.3282555,0.3118428,0,0,8.642613,2.846922,0,0.3282555,-0.3282555,5.454913,38.96359,0.02489499,0.343027,0,0,2.846922
5/11/2007 12:00:00 AM,0,0,179.7677,90,0,0,0.1605208,0.1605208,0,-1,0,0.1605208,0,0,2.775558E-17,0,0,0.1689693,0.1605208,0,0,9.007342,2.518667,0,0.1689693,-0.1689693,5.276804,37.69138,0.02489499,0.1765729,0,0,2.518667
5/11/2007 1:00:00 AM,0,0,-150.9771,90,0,0,0.03838597,0.03838597,0,-1,0,0.03838597,0,0,0,0,0,0.04040628,0.03838597,0,0,9.195086,2.349697,0,0.04040628,-0.04040628,5.234212,37.38715,0.02489499,0.04222456,0,0,2.349697
5/11/2007 2:00:00 AM,0,0,-131.9281,90,0,0,0.3162397,0.3162397,0,-1,0,0.3162397,0,0,5.551115E-17,0,0,0.3328839,0.3162397,0,0,9.239982,2.309291,0,0.3328839,-0.3328839,4.883321,34.8808,0.02489499,0.3478636,0,0,2.309291
5/11/2007 3:00:00 AM,0,0,-120.9212,90,0,0,0.2230157,0.2230157,0,-1,0,0.2230157,0,0,0,0,0,0.2347534,0.2230157,0,0,9.609853,1.976407,0,0.2347534,-0.2347534,4.63587,33.11329,0.02489499,0.2453173,0,0,1.976407
5/11/2007 4:00:00 AM,0,0,-114.2856,90,0,0,0.1719198,0.1719198,0,-1,0,0.1719198,0,0,2.775558E-17,0,0,0.1809682,0.1719198,0,0,9.870689,1.741654,0,0.1809682,-0.1809682,4.445113,31.75074,0.02489499,0.1891118,0,0,1.741654
5/11/2007 5:00:00 AM,0,0,-110.0616,90,0,0,0.3288749,0.3288749,0,0,0,0.3288749,0,0,0,0,0,0.346184,0.3288749,0,0,10.07176,1.560685,0,0.346184,-0.346184,4.080203,29.14425,0.02489499,0.3617623,0,0,1.560685
5/11/2007 6:00:00 AM,0.02878,2.601035,-107.3286,90.10841,0.02398614,0.1076498,0.200787,0.200787,0,0,0,0.200787,53.61394,0,0,0,0.1076498,0.2113547,0.200787,0,0,10.45641,1.214501,0,0.1037049,-0.1037049,3.970888,28.36343,0.02489499,0.2208657,0.08611984,0,1.322151
5/11/2007 7:00:00 AM,0.2386414,16.81062,-105.6886,75.81894,0.2113117,0.9483671,0.6961293,0.6961293,0,0,0,0.6961293,136.2343,0,0,0,0.9483671,0.7327677,0.6961293,0,0,10.57164,1.110796,0.2155994,0,0.2155994,4.175424,29.82439,0.02488961,0.7657422,0.7586937,0,2.059164
5/11/2007 8:00:00 AM,0.3984205,31.10064,-105.0806,61.62991,0.377211,1.692923,0.968574,0.968574,0,0,0,0.968574,174.7851,0,0,0,1.692923,1.019552,0.968574,0,0,10.35604,1.304836,0.6733716,0,0.6733716,4.81424,34.38736,0.02487282,1.065431,1.354339,0,2.997759
5/11/2007 9:00:00 AM,0.4586246,45.38887,-105.8476,47.7044,0.4473701,2.007797,0.7847239,0.7847239,0,-1,0,0.7847239,255.8603,0,0,0,2.007797,0.8260252,0.7847239,0,0,9.682671,1.91087,1.181772,0,1.181772,5.935367,42.39539,0.0248434,0.8631963,1.606238,0,3.918668
5/11/2007 10:00:00 AM,0.5513047,59.53475,-109.3474,34.42365,0.5405824,2.426134,0.5157937,0.5157937,0,0,0,0.5157937,470.369,0,0,0,2.426134,0.5429407,0.5157937,0,0,8.500899,2.974465,1.883193,0,1.883193,7.721921,55.15647,0.02479666,0.5673731,1.940907,0,5.400599
5/11/2007 11:00:00 AM,0.5655516,73.03024,-121.6089,22.98824,0.557382,2.501531,1.077385,1.077385,0,0,0,1.077385,232.1855,0,0,0,2.501531,1.134089,1.077385,0,0,6.617706,4.669339,1.367441,0,1.367441,9.01919,64.42265,0.02476283,1.185123,2.001225,0,7.170869
5/11/2007 12:00:00 PM,0.6053082,81.49951,-179.2978,17.53216,0.596194,2.675719,0.9564717,0.9564717,0,0,0,0.9564717,279.7488,0,0,0,2.675719,1.006812,0.9564717,0,0,5.250265,5.900036,1.668906,0,1.668906,10.60245,75.73166,0.02472167,1.052119,2.140575,0,8.575755
5/11/2007 1:00:00 PM,0.7748808,73.21301,121.948,22.85028,0.7536272,3.382279,1.06598,1.06598,0,0,0,1.06598,317.2928,0,0,0,3.382279,1.122084,1.06598,0,0,3.581358,7.402052,2.260195,0,2.260195,12.74666,91.0474,0.02466614,1.172578,2.705823,0,10.78433
5/11/2007 2:00:00 PM,0.46455,59.73754,109.4351,34.23961,0.4585805,2.05811,0.2217719,0.2217719,0,-1,0,0.2217719,928.0299,0.5035018,0,0,2.05811,0.2334441,0.2217719,0,0,1.321164,9.436227,1.321164,0,1.321164,14.00003,100,0.0246338,0.2439491,1.646488,0,11.49434
5/11/2007 3:00:00 PM,0.2894042,45.59567,105.8733,47.50564,0.2870336,1.288207,0.39636,0.39636,0,0,0,0.39636,325.0093,0.8709857,0,0,1.288207,0.4172211,0.39636,0,0,0,10.62527,0,0,0,14.00003,100,0.0246338,0.435996,1.030566,0,11.91348
5/11/2007 4:00:00 PM,0.2687383,31.30823,105.0804,61.4254,0.2637233,1.18359,0.09302161,0.09302161,0,0,0,0.09302161,1272.382,1.085672,0,0,1.18359,0.09791748,0.09302161,0,0,0,10.62527,0,0,0,14.00003,100,0.0246338,0.1023238,0.9468719,0,11.80886
5/11/2007 5:00:00 PM,0.1652999,17.01761,105.6722,75.61203,0.1582339,0.7101539,0.806106,0.806106,0,0,0,0.806106,88.09685,0,1.110223E-16,0,0.7101539,0.8485326,0.806106,0,0,0,10.62527,0,0.1383786,-0.1383786,13.85416,98.95811,0.0246338,0.8867165,0.5681232,0,11.33543
5/11/2007 6:00:00 PM,0.05196075,2.806283,107.2975,89.90083,0.01173244,0.05265518,0,0,0,0,0,0,0,0,0,0,0.05265518,0,0,0,0,0.1537541,10.4869,0.05265518,0,0.05265518,13.90412,99.31493,0.02463251,0,0.04212414,0,10.53955
5/11/2007 7:00:00 PM,0,0,110.0127,90,0,0,1.569122,1.569122,0,-1,0,1.569122,0,0,2.220446E-16,0,0,1.651708,1.569122,0,0,0.1010989,10.53429,0,1.651708,-1.651708,12.16306,86.87886,0.02463251,1.726035,0,0,10.53429
5/11/2007 8:00:00 PM,0,0,114.2102,90,0,0,1.201491,1.201491,0,-1,0,1.201491,0,0,2.220446E-16,0,0,1.264727,1.201491,0,0,1.93633,8.882578,0,1.264727,-1.264727,10.82992,77.35645,0.02463251,1.32164,0,0,8.882578
5/11/2007 9:00:00 PM,0,0,120.8002,90,0,0,0.08611427,0.08611427,0,-1,0,0.08611427,0,0,1.387779E-17,0,0,0.0906466,0.08611427,0,0,3.341582,7.61785,0,0.0906466,-0.0906466,10.73438,76.67395,0.02463251,0.09472571,0,0,7.61785
5/11/2007 10:00:00 PM,0,0,131.7218,90,0,0,0.5827726,0.5827726,0,-1,0,0.5827726,0,0,1.110223E-16,0,0,0.6134449,0.5827726,0,0,3.442301,7.527204,0,0.6134449,-0.6134449,10.08775,72.05519,0.02463251,0.6410499,0,0,7.527204
5/11/2007 11:00:00 PM,0,0,150.623,90,0,0,0.1485263,0.1485263,0,-1,0,0.1485263,0,0,0,0,0,0.1563435,0.1485263,0,0,4.123906,6.913759,0,0.1563435,-0.1563435,9.922947,70.87805,0.02463251,0.1633789,0,0,6.913759
5/12/2007 12:00:00 AM,0,0,179.7918,90,0,0,0.1509416,0.1509416,0,-1,0,0.1509416,0,0,2.775558E-17,0,0,0.1588859,0.1509416,0,0,4.297621,6.757415,0,0.1588859,-0.1588859,9.755466,69.68176,0.02463251,0.1660358,0,0,6.757415
5/12/2007 1:00:00 AM,0,0,-151.223,90,0,0,0.1040313,0.1040313,0,-1,0,0.1040313,0,0,0,0,0,0.1095067,0.1040313,0,0,4.474161,6.598529,0,0.1095067,-0.1095067,9.640036,68.85726,0.02463251,0.1144345,0,0,6.598529
5/12/2007 2:00:00 AM,0,0,-132.2378,90,0,0,0.07722331,0.07722331,0,-1,0,0.07722331,0,0,1.387779E-17,0,0,0.0812877,0.07722331,0,0,4.595835,6.489023,0,0.0812877,-0.0812877,9.554352,68.24523,0.02463251,0.08494564,0,0,6.489023
5/12/2007 3:00:00 AM,0,0,-121.2159,90,0,0,0,0,0,-1,0,0,0,0,0,0,0,0,0,0,0,4.686155,6.407735,0,0,0,9.554352,68.24523,0.02463251,0,0,0,6.407735
5/12/2007 4:00:00 AM,0,0,-114.559,90,0,0,0.288343,0.288343,0,-1,0,0.288343,0,0,5.551115E-17,0,0,0.3035189,0.288343,0,0,4.686155,6.407735,0,0.3035189,-0.3035189,9.234414,65.95997,0.02463251,0.3171773,0,0,6.407735
5/12/2007 5:00:00 AM,0,0,-110.3231,90,0,0,0.2633525,0.2633525,0,0,0,0.2633525,0,0,5.551115E-17,0,0,0.2772131,0.2633525,0,0,5.023398,6.104216,0,0.2772131,-0.2772131,8.942206,63.87277,0.02463251,0.2896877,0,0,6.104216
5/12/2007 6:00:00 AM,0.05352127,2.650577,-107.5902,90.09856,0.007046473,0.03162457,0,0,0,0,0,0,0,0,0,0,0.03162457,0,0,0,0,5.331412,5.827003,0.03162457,0,0.03162457,8.972208,64.08707,0.02463174,0,0.02529966,0,5.858627
5/12/2007 7:00:00 AM,0.2811494,16.84046,-105.9647,75.83064,0.2415852,1.084234,1.3635,1.3635,0,0,0,1.3635,79.51849,0,0,0,1.084234,1.435263,1.3635,0,0,5.299788,5.855465,0,0.3510286,-0.3510286,8.602191,61.4441,0.02463174,1.49985,0.8673875,0,6.939699
5/12/2007 8:00:00 AM,0.5212601,31.11045,-105.391,61.666,0.4821277,2.163789,1.917856,1.917856,0,0,0,1.917856,112.8234,0,0,0,2.163789,2.018795,1.917856,0,0,5.68982,5.504436,0.1449938,0,0.1449938,8.739744,62.42662,0.0246282,2.109641,1.731031,0,7.668226
5/12/2007 9:00:00 AM,0.7539176,45.37514,-106.2258,47.77198,0.7149526,3.208708,1.408606,1.408606,0,-1,0,1.408606,227.7931,0,0,0,3.208708,1.482744,1.408606,0,0,5.544826,5.634931,1.725964,0,1.725964,10.37714,74.12226,0.02458609,1.549467,2.566966,0,8.843638
5/12/2007 10:00:00 AM,0.6770912,59.48682,-109.863,34.53824,0.6564286,2.946052,0,0,0,0,0,0,0,0,0,0,2.946052,0,0,0,0,3.818862,7.188299,2.946052,0,2.946052,13.17201,94.08558,0.02451455,0,2.356841,0,10.13435
5/12/2007 11:00:00 AM,0.8964961,72.912,-122.4224,23.18033,0.8665531,3.889091,0.5831773,0.5831773,0,0,0,0.5831773,666.8796,2.402409,0,0,3.889091,0.6138709,0.5831773,0,0,0.8728102,9.839745,0.8728102,0,0.8728102,14.00003,100,0.02449344,0.641495,3.111272,0,13.72884
5/12/2007 12:00:00 PM,1.042367,81.23387,-179.384,17.79787,1.007303,4.520774,0.8162125,0.8162125,0,0,0,0.8162125,553.8721,3.661603,0,0,4.520774,0.8591711,0.8162125,0,0,0,10.62527,0,0,0,14.00003,100,0.02449344,0.8978338,3.616619,0,15.14605
5/12/2007 1:00:00 PM,0.7437452,73.07609,122.7343,23.05657,0.7242602,3.25048,0.3768275,0.3768275,0,0,0,0.3768275,862.5909,2.853819,0,0,3.25048,0.3966605,0.3768275,0,0,0,10.62527,0,0,0,14.00003,100,0.02449344,0.4145102,2.600384,0,13.87575
5/12/2007 2:00:00 PM,0.5872302,59.66992,109.945,34.37232,0.5738556,2.575464,0,0,0,-1,0,0,0,2.575464,0,0,2.575464,0,0,0,0,0,10.62527,0,0,0,14.00003,100,0.02449344,0,2.060371,0,13.20074
5/12/2007 3:00:00 PM,0.6660185,45.5621,106.2502,47.59245,0.6337475,2.844259,0.9723575,0.9723575,0,0,0,0.9723575,292.5116,1.820724,0,0,2.844259,1.023534,0.9723575,0,0,0,10.62527,0,0,0,14.00003,100,0.02449344,1.069593,2.275407,0,13.46953
5/12/2007 4:00:00 PM,0.422779,31.29819,105.3914,61.48112,0.3976619,1.784707,1.855755,1.855755,0,0,0,1.855755,96.17148,0,0,0,1.784707,1.953426,1.855755,0,0,0,10.62527,0,0.1687192,-0.1687192,13.82218,98.72968,0.02449344,2.04133,1.427765,0,12.40998
5/12/2007 5:00:00 PM,0.1946588,17.02769,105.9501,75.64352,0.1809147,0.8119451,0.1851179,0.1851179,0,0,0,0.1851179,438.6097,0.4296184,0,0,0.8119451,0.1948609,0.1851179,0,0,0.1874658,10.45656,0.1874658,0,0.1874658,14.00003,100,0.02448891,0.2036297,0.6495561,0,11.2685
5/12/2007 6:00:00 PM,0.03194328,2.836213,107.5621,89.91081,0.02553412,0.1145971,2.245303,2.245303,0,0,0,2.245303,5.10386,0,0,0,0.1145971,2.363477,2.245303,0,0,0,10.62527,0,2.24888,-2.24888,11.6295,83.0677,0.02448891,2.469833,0.09167771,0,10.73987
5/12/2007 7:00:00 PM,0,0,110.2787,90,0,0,1.285935,1.285935,0,-1,0,1.285935,0,0,0,0,0,1.353616,1.285935,0,0,2.498755,8.376394,0,1.353616,-1.353616,10.20266,72.87602,0.02448891,1.414529,0,0,8.376394
5/12/2007 8:00:00 PM,0,0,114.4905,90,0,0,1.688292,1.688292,0,-1,0,1.688292,0,0,0,0,0,1.777149,1.688292,0,0,4.002773,7.022778,0,1.777149,-1.777149,8.329384,59.49548,0.02448891,1.857121,0,0,7.022778
5/12/2007 9:00:00 PM,0,0,121.106,90,0,0,0.05506117,0.05506117,0,-1,0,0.05506117,0,0,6.938894E-18,0,0,0.05795913,0.05506117,0,0,5.977384,5.245629,0,0.05795913,-0.05795913,8.26829,59.05909,0.02448891,0.06056729,0,0,5.245629
5/12/2007 10:00:00 PM,0,0,132.0509,90,0,0,0.4023175,0.4023175,0,-1,0,0.4023175,0,0,5.551115E-17,0,0,0.4234921,0.4023175,0,0,6.041783,5.18767,0,0.4234921,-0.4234921,7.821889,55.87053,0.02448891,0.4425493,0,0,5.18767
5/12/2007 11:00:00 PM,0,0,150.9042,90,0,0,0.2862217,0.2862217,0,-1,0,0.2862217,0,0,0,0,0,0.301286,0.2862217,0,0,6.51233,4.764177,0,0.301286,-0.301286,7.504306,53.60208,0.02448891,0.3148439,0,0,4.764177
5/13/2007 12:00:00 AM,0,0,179.8102,90,0,0,0.4747812,0.4747812,0,-1,0,0.4747812,0,0,5.551115E-17,0,0,0.4997697,0.4747812,0,0,6.847092,4.462892,0,0.4997697,-0.4997697,6.977503,49.83921,0.02448891,0.5222593,0,0,4.462892
5/13/2007 1:00:00 AM,0,0,-151.4645,90,0,0,0.3339173,0.3339173,0,-1,0,0.3339173,0,0,5.551115E-17,0,0,0.351492,0.3339173,0,0,7.402391,3.963122,0,0.351492,-0.351492,6.606997,47.19275,0.02448891,0.3673091,0,0,3.963122
5/13/2007 2:00:00 AM,0,0,-132.5413,90,0,0,0.2109404,0.2109404,0,-1,0,0.2109404,0,0,0,0,0,0.2220425,0.2109404,0,0,7.792938,3.61163,0,0.2220425,-0.2220425,6.372944,45.52094,0.02448891,0.2320344,0,0,3.61163
5/13/2007 3:00:00 AM,0,0,-121.5051,90,0,0,0.05579096,0.05579096,0,-1,0,0.05579096,0,0,0,0,0,0.05872733,0.05579096,0,0,8.039652,3.389587,0,0.05872733,-0.05872733,6.31104,45.07877,0.02448891,0.06137006,0,0,3.389587
5/13/2007 4:00:00 AM,0,0,-114.8274,90,0,0,0.04807939,0.04807939,0,-1,0,0.04807939,0,0,6.938894E-18,0,0,0.05060988,0.04807939,0,0,8.104905,3.33086,0,0.05060988,-0.05060988,6.257693,44.69772,0.02448891,0.05288732,0,0,3.33086
5/13/2007 5:00:00 AM,0,0,-110.5797,90,0,0,0.3029124,0.3029124,0,0,0,0.3029124,0,0,5.551115E-17,0,0,0.3188552,0.3029124,0,0,8.161138,3.28025,0,0.3188552,-0.3188552,5.92159,42.29699,0.02448891,0.3332037,0,0,3.28025
5/13/2007 6:00:00 AM,0.01259209,2.696912,-107.8469,90.09109,0.01232132,0.05529808,0.003320919,0.003320919,0,0,0,0.003320919,1665.144,0,0,0,0.05529808,0.003495704,0.003320919,0,0,8.515422,2.961395,0.05180237,0,0.05180237,5.970734,42.64801,0.02448766,0.003653011,0.04423846,0,3.016693
5/13/2007 7:00:00 AM,0.1438648,16.86716,-106.2356,75.84459,0.1396869,0.626915,0,0,0,0,0,0,0,0,0,0,0.626915,0,0,0,0,8.463619,3.008017,0.626915,0,0.626915,6.565478,46.89618,0.02447252,0,0.501532,0,3.634932
5/13/2007 8:00:00 AM,0.204628,31.11714,-105.6953,61.70417,0.2026457,0.9094741,0.7463166,0.7463166,0,0,0,0.7463166,121.8617,0,0,0,0.9094741,0.7855964,0.7463166,0,0,7.836704,3.572241,0.1238777,0,0.1238777,6.682998,47.73561,0.02446953,0.8209482,0.7275792,0,4.481715
5/13/2007 9:00:00 AM,0.2287758,45.35829,-106.5959,47.84135,0.227316,1.020194,0.7656984,0.7656984,0,-1,0,0.7656984,133.2371,0,0,0,1.020194,0.8059984,0.7656984,0,0,7.712826,3.68373,0.214196,0,0.214196,6.886202,49.18706,0.02446437,0.8422683,0.8161554,0,4.703925
5/13/2007 10:00:00 AM,0.1700102,59.43575,-110.3659,34.65392,0.1690766,0.7588159,0,0,0,0,0,0,0,0,0,0,0.7588159,0,0,0,0,7.498631,3.876507,0.7588159,0,0.7588159,7.606079,54.32902,0.02444608,0,0.6070527,0,4.635323
5/13/2007 11:00:00 AM,0.2212356,72.79108,-123.2054,23.37139,0.2200187,0.9874438,0.9847525,0.9847525,0,0,0,0.9847525,100.2733,0,0,0,0.9874438,1.036582,0.9847525,0,0,6.739815,4.559441,0,0.04913776,-0.04913776,7.554283,53.95905,0.02444608,1.083228,0.789955,0,5.546885
5/13/2007 12:00:00 PM,0.08049066,80.97346,-179.4497,18.05833,0.08007973,0.3593978,0.08510111,0.08510111,0,0,0,0.08510111,422.3186,0,0,0,0.3593978,0.08958011,0.08510111,0,0,6.794412,4.510303,0.2698177,0,0.2698177,7.810254,55.78742,0.02443959,0.09361121,0.2875182,0,4.869701
5/13/2007 1:00:00 PM,0.08999776,72.94092,123.4968,23.25846,0.08953481,0.4018323,0.07765811,0.07765811,0,0,0,0.07765811,517.4376,0,0,0,0.4018323,0.08174538,0.07765811,0,0,6.524594,4.753139,0.3200869,0,0.3200869,8.113915,57.95642,0.02443189,0.08542392,0.3214658,0,5.154972
5/13/2007 2:00:00 PM,0.1069414,59.60386,110.4437,34.50178,0.1063782,0.4774255,0.7496324,0.7496324,0,-1,0,0.7496324,63.68794,0,0,0,0.4774255,0.7890868,0.7496324,0,0,6.204508,5.041217,0,0.3116613,-0.3116613,7.785396,55.60986,0.02443189,0.8245957,0.3819404,0,5.518643
5/13/2007 3:00:00 PM,0.1824415,45.53018,106.6195,47.67641,0.1813601,0.8139441,1.24688,1.24688,0,0,0,1.24688,65.27849,0,2.220446E-16,0,0.8139441,1.312505,1.24688,0,0,6.550798,4.729556,0,0.4985607,-0.4985607,7.259866,51.85608,0.02443189,1.371567,0.6511553,0,5.5435
5/13/2007 4:00:00 PM,0.09238365,31.28982,105.6962,61.53419,0.09183489,0.412155,0,0,0,0,0,0,0,0,0,0,0.412155,0,0,0,0,7.104754,4.230995,0.412155,0,0.412155,7.650871,54.64897,0.02442198,0,0.329724,0,4.64315
5/13/2007 5:00:00 PM,0.1575754,17.03939,106.2224,75.67249,0.1516508,0.6806086,1.650299,1.650299,0,0,0,1.650299,41.24152,0,0,0,0.6806086,1.737157,1.650299,0,0,6.692599,4.601935,0,1.056548,-1.056548,6.537171,46.69398,0.02442198,1.815329,0.5444869,0,5.282543
5/13/2007 6:00:00 PM,0.03958273,2.867664,107.8211,89.91841,0.02341164,0.1050714,2.213134,2.213134,0,0,0,2.213134,4.74763,0,4.440892E-16,0,0.1050714,2.329615,2.213134,0,0,7.866542,3.545386,0,2.224544,-2.224544,4.192296,29.94491,0.02442198,2.434448,0.08405713,0,3.650458
5/13/2007 7:00:00 PM,0,0,110.5387,90,0,0,1.010017,1.010017,0,-1,0,1.010017,0,0,0,0,0,1.063176,1.010017,0,0,10.33826,1.320843,0,1.063176,-1.063176,3.07161,21.94003,0.02442198,1.111019,0,0,1.320843
5/13/2007 8:00:00 PM,0,0,114.764,90,0,0,1.499747,0.2447836,0,-1,0,0.2447836,0,0,1.254964,1.404939,0,0.2576669,0.2447836,0,0,11.51956,0.2576669,0,0.2576669,-0.2576669,2.800006,20,0.02442198,1.649722,0,0,0.2576669
5/13/2007 9:00:00 PM,0,0,121.4035,90,0,0,1.187685,0,0,-1,0,0,0,0,1.187685,1.306454,0,0,0,0,0,11.80586,0,0,0,0,2.800006,20,0.02442198,1.306454,0,0,0
5/13/2007 10:00:00 PM,0,0,132.3691,90,0,0,0.08735822,0,0,-1,0,0,0,0,0.08735822,0.09609405,0,0,0,0,0,11.80586,0,0,0,0,2.800006,20,0.02442198,0.09609405,0,0,0
5/13/2007 11:00:00 PM,0,0,151.1725,90,0,0,0.2986905,0,0,-1,0,0,0,0,0.2986905,0.3285596,0,0,0,0,0,11.80586,0,0,0,0,2.800006,20,0.02442198,0.3285596,0,0,0
5/14/2007 12:00:00 AM,0,0,179.8231,90,0,0,0.1978829,0,0,-1,0,0,0,0,0.1978829,0.2176712,0,0,0,0,0,11.80586,0,0,0,0,2.800006,20,0.02442198,0.2176712,0,0,0
5/14/2007 1:00:00 AM,0,0,-151.7016,90,0,0,0.29431,0,0,-1,0,0,0,0,0.29431,0.323741,0,0,0,0,0,11.80586,0,0,0,0,2.800006,20,0.02442198,0.323741,0,0,0
5/14/2007 2:00:00 AM,0,0,-132.8387,90,0,0,0.1581618,0,0,-1,0,0,0,0,0.1581618,0.173978,0,0,0,0,0,11.80586,0,0,0,0,2.800006,20,0.02442198,0.173978,0,0,0
5/14/2007 3:00:00 AM,0,0,-121.7887,90,0,0,0.1181786,0,0,-1,0,0,0,0,0.1181786,0.1299964,0,0,0,0,0,11.80586,0,0,0,0,2.800006,20,0.02442198,0.1299964,0,0,0
5/14/2007 4:00:00 AM,0,0,-115.0907,90,0,0,0.3295151,0,0,-1,0,0,0,0,0.3295151,0.3624666,0,0,0,0,0,11.80586,0,0,0,0,2.800006,20,0.02442198,0.3624666,0,0,0
5/14/2007 5:00:00 AM,0,0,-110.8315,90,0,0,0.1475725,0.1475725,3.652836,0,1.162224,0.1475725,0,0,0,0,0,0,0,3.505263,3.33,11.80586,0,3.33,0,3.33,5.959121,42.56506,0.02505702,0.1623297,0,5,0
5/14/2007 6:00:00 AM,0.06184984,2.740045,-108.0988,90.08601,0.003631478,0.01629807,0.4150953,0.4150953,3.920358,0,1.235258,0.4150953,3.926345,0,0,0,0.01629807,0,0,3.505263,3.33,8.475861,2.997,3.346298,0,3.346298,9.133698,65.24057,0.02576684,0.4566048,0.01303846,5,3.013298
5/14/2007 7:00:00 AM,0.2428463,16.89075,-106.5012,75.86076,0.2131994,0.9568389,1.694659,1.694659,4.807274,0,1.477386,1.694659,56.46202,0,0,0,0.9568389,0,0,3.112615,2.956984,5.129562,6.008668,3.913823,0,3.913823,12.84668,91.7618,0.02671937,1.864125,0.7654712,5,6.965507
5/14/2007 8:00:00 AM,0.4844538,31.12077,-105.9934,61.74434,0.4485745,2.013203,0.5034804,0.5034804,0,0,0,0.5034804,399.8572,0.2674843,0,0,2.013203,0.5299793,0.5034804,0,0,1.215739,9.531109,1.215739,0,1.215739,14.00003,100,0.02668778,0.5538284,1.610562,0,11.54431
5/14/2007 9:00:00 AM,0.6838495,45.33841,-106.958,47.91237,0.6485705,2.910785,0.3296393,0.3296393,0,-1,0,0.3296393,883.0211,2.563796,0,0,2.910785,0.3469888,0.3296393,0,0,0,10.62527,0,0,0,14.00003,100,0.02668778,0.3626032,2.328628,0,13.53606
5/14/2007 10:00:00 AM,0.6683186,59.38168,-110.856,34.77051,0.6475872,2.906372,1.500544,1.500544,0,0,0,1.500544,193.6878,1.326851,0,0,2.906372,1.57952,1.500544,0,0,0,10.62527,0,0,0,14.00003,100,0.02668778,1.650599,2.325097,0,13.53165
5/14/2007 11:00:00 AM,0.8607366,72.66785,-123.9581,23.5612,0.8318629,3.733401,1.570775,1.570775,0,0,0,1.570775,237.6789,2.079954,0,0,3.733401,1.653447,1.570775,0,0,0,10.62527,0,0,0,14.00003,100,0.02668778,1.727852,2.986721,0,14.35868
5/14/2007 12:00:00 PM,0.8632525,80.71835,-179.4966,18.31347,0.8364525,3.753999,1.079305,1.079305,0,0,0,1.079305,347.8163,2.617888,0,0,3.753999,1.13611,1.079305,0,0,0,10.62527,0,0,0,14.00003,100,0.02668778,1.187235,3.003199,0,14.37927
5/14/2007 1:00:00 PM,0.78263,72.80772,124.2361,23.45584,0.7594044,3.408207,1.494684,1.494684,0,0,0,1.494684,228.0219,1.834855,0,0,3.408207,1.573352,1.494684,0,0,0,10.62527,0,0,0,14.00003,100,0.02668778,1.644152,2.726566,0,14.03348
5/14/2007 2:00:00 PM,0.8502647,59.53949,110.9314,34.62789,0.8153473,3.659279,1.389839,1.389839,0,-1,0,1.389839,263.288,2.19629,0,0,3.659279,1.462988,1.389839,0,0,0,10.62527,0,0,0,14.00003,100,0.02668778,1.528823,2.927423,0,14.28455
5/14/2007 3:00:00 PM,0.6572664,45.49997,106.9812,47.75747,0.6246002,2.803206,1.814773,1.814773,0,0,0,1.814773,154.4659,0.8929186,0,0,2.803206,1.910287,1.814773,0,0,0,10.62527,0,0,0,14.00003,100,0.02668778,1.99625,2.242565,0,13.42848
5/14/2007 4:00:00 PM,0.3691773,31.28315,105.9948,61.58458,0.3519521,1.579561,1.165894,1.165894,0,0,0,1.165894,135.4806,0.3523038,0,0,1.579561,1.227257,1.165894,0,0,0,10.62527,0,0,0,14.00003,100,0.02668778,1.282484,1.263649,0,12.20483
5/14/2007 5:00:00 PM,0.1702067,17.05271,106.489,75.69895,0.1619137,0.7266688,0.5572018,0.5572018,0,0,0,0.5572018,130.4139,0.1401406,0,0,0.7266688,0.5865282,0.5572018,0,0,0,10.62527,0,0,0,14.00003,100,0.02668778,0.612922,0.5813351,0,11.35194
5/14/2007 6:00:00 PM,0.02627468,2.90061,108.0745,89.92363,0.02390761,0.1072974,2.023236,2.023236,0,0,0,2.023236,5.303255,0,0,0,0.1072974,2.129722,2.023236,0,0,0,10.62527,0,2.022425,-2.022425,11.86821,84.77273,0.02668778,2.225559,0.08583789,0,10.73257
5/14/2007 7:00:00 PM,0,0,110.7928,90,0,0,1.834429,1.834429,0,-1,0,1.834429,0,0,2.220446E-16,0,0,1.930978,1.834429,0,0,2.247139,8.60285,0,1.930978,-1.930978,9.832776,70.23397,0.02668778,2.017872,0,0,8.60285
5/14/2007 8:00:00 PM,0,0,115.0309,90,0,0,2.17373,2.17373,0,-1,0,2.17373,0,0,4.440892E-16,0,0,2.288137,2.17373,0,0,4.392669,6.671872,0,2.288137,-2.288137,7.420867,53.00609,0.02668778,2.391104,0,0,6.671872
5/14/2007 9:00:00 PM,0,0,121.6928,90,0,0,2.483286,2.483286,0,-1,0,2.483286,0,0,4.440892E-16,0,0,2.613986,2.483286,0,0,6.935044,4.383734,0,2.613986,-2.613986,4.665485,33.32483,0.02668778,2.731615,0,0,4.383734
5/14/2007 10:00:00 PM,0,0,132.6766,90,0,0,0.1686345,0.1686345,0,-1,0,0.1686345,0,0,0,0,0,0.17751,0.1686345,0,0,9.839473,1.769749,0,0.17751,-0.17751,4.478373,31.98831,0.02668778,0.1854979,0,0,1.769749
5/14/2007 11:00:00 PM,0,0,151.4283,90,0,0,0.08665714,0.08665714,0,-1,0,0.08665714,0,0,1.387779E-17,0,0,0.09121804,0.08665714,0,0,10.03671,1.592239,0,0.09121804,-0.09121804,4.382221,31.30151,0.02668778,0.09532285,0,0,1.592239
5/15/2007 12:00:00 AM,0,0,179.8306,90,0,0,0.1577825,0.1577825,0,-1,0,0.1577825,0,0,2.775558E-17,0,0,0.1660868,0.1577825,0,0,10.13806,1.501021,0,0.1660868,-0.1660868,4.20715,30.05101,0.02668778,0.1735607,0,0,1.501021
5/15/2007 1:00:00 AM,0,0,-151.9346,90,0,0,0.3341135,0.3341135,0,-1,0,0.3341135,0,0,5.551115E-17,0,0,0.3516984,0.3341135,0,0,10.3226,1.334934,0,0.3516984,-0.3516984,3.836427,27.403,0.02668778,0.3675249,0,0,1.334934
5/15/2007 2:00:00 AM,0,0,-133.1301,90,0,0,0.2801818,0.2801818,0,-1,0,0.2801818,0,0,0,0,0,0.2949282,0.2801818,0,0,10.71338,0.9832357,0,0.2949282,-0.2949282,3.525545,25.18242,0.02668778,0.3081999,0,0,0.9832357
5/15/2007 3:00:00 AM,0,0,-122.0666,90,0,0,0.1749955,0.1749955,0,-1,0,0.1749955,0,0,2.775558E-17,0,0,0.1842058,0.1749955,0,0,11.04107,0.6883075,0,0.1842058,-0.1842058,3.331375,23.79549,0.02668778,0.1924951,0,0,0.6883075
5/15/2007 4:00:00 AM,0,0,-115.3489,90,0,0,0.1437844,0.1437844,0,-1,0,0.1437844,0,0,2.775558E-17,0,0,0.151352,0.1437844,0,0,11.24575,0.5041017,0,0.151352,-0.151352,3.171836,22.65593,0.02668778,0.1581628,0,0,0.5041017
5/15/2007 5:00:00 AM,0,0,-111.0783,90,0,0,0.08615237,0.08615237,0,0,0,0.08615237,0,0,1.387779E-17,0,0,0.09068672,0.08615237,0,0,11.41392,0.3527497,0,0.09068672,-0.09068672,3.076244,21.97313,0.02668778,0.09476762,0,0,0.3527497
5/15/2007 6:00:00 AM,0.04170835,2.77999,-108.3456,90.08327,0.02018695,0.09059905,0,0,0,0,0,0,0,0,0,0,0.09059905,0,0,0,0,11.51468,0.262063,0.09059905,0,0.09059905,3.162194,22.58706,0.02668543,0,0.07247924,0,0.352662
5/15/2007 7:00:00 AM,0.2279197,16.91127,-106.7613,75.8791,0.2028063,0.9101948,0.5674054,0.5674054,4.072669,0,1.276839,0.5674054,160.4135,0,0,0,0.9101948,0,0,3.505263,3.33,11.42408,0.3436022,4.240195,0,4.240195,7.184796,51.31987,0.02740511,0.6241459,0.7281559,5,1.253797
5/15/2007 8:00:00 AM,0.4303167,31.12142,-106.2851,61.78645,0.4022914,1.805484,0.9404938,0.9404938,4.445757,0,1.378692,0.9404938,191.9719,0,0,0,1.805484,0,0,3.505263,3.33,7.183885,4.159778,5.135484,0,5.135484,12.05674,86.11942,0.02820371,1.034543,1.444387,5,5.965261
5/15/2007 9:00:00 AM,0.5756624,45.31562,-107.3117,47.98494,0.5509995,2.472885,1.050037,1.050037,0,-1,0,1.050037,235.5045,0,0,0,2.472885,1.105303,1.050037,0,0,2.048402,8.781713,1.367583,0,1.367583,13.35415,95.38657,0.02816658,1.155041,1.978308,0,11.2546
5/15/2007 10:00:00 AM,0.5553203,59.32482,-111.3331,34.88784,0.5434831,2.439152,0.9449782,0.9449782,0,0,0,0.9449782,258.1173,0.7636194,0,0,2.439152,0.9947138,0.9449782,0,0,0.6808188,10.01254,0.6808188,0,0.6808188,14.00003,100,0.02814814,1.039476,1.951322,0,12.45169
5/15/2007 11:00:00 AM,0.7547777,72.54261,-124.681,23.74954,0.7331735,3.290483,0.3554314,0.3554314,0,0,0,0.3554314,925.7716,2.916344,0,0,3.290483,0.3741383,0.3554314,0,0,0,10.62527,0,0,0,14.00003,100,0.02814814,0.3909745,2.632386,0,13.91576
5/15/2007 12:00:00 PM,1.041375,80.46865,-179.5266,18.56319,1.004219,4.506936,0,0,0,0,0,0,0,4.506936,0,0,4.506936,0,0,0,0,0,10.62527,0,0,0,14.00003,100,0.02814814,0,3.605549,0,15.13221
5/15/2007 1:00:00 PM,0.9515561,72.6767,124.9528,23.64858,0.9166303,4.113837,1.692929,1.692929,0,0,0,1.692929,243.0011,2.331806,0,0,4.113837,1.78203,1.692929,0,0,0,10.62527,0,0,0,14.00003,100,0.02814814,1.862222,3.291069,0,14.73911
5/15/2007 2:00:00 PM,0.8925873,59.47691,111.4079,34.75055,0.8545969,3.835431,0,0,0,-1,0,0,0,3.835431,0,0,3.835431,0,0,0,0,0,10.62527,0,0,0,14.00003,100,0.02814814,0,3.068345,0,14.4607
5/15/2007 3:00:00 PM,0.7486748,45.47153,107.3351,47.83556,0.7080947,3.177929,1.515594,1.515594,0,0,0,1.515594,209.682,1.582566,0,0,3.177929,1.595363,1.515594,0,0,0,10.62527,0,0,0,14.00003,100,0.02814814,1.667154,2.542343,0,13.8032
5/15/2007 4:00:00 PM,0.5036648,31.27819,106.2869,61.63226,0.4650067,2.08695,0.6832534,0.6832534,0,0,0,0.6832534,305.4431,1.367736,0,0,2.08695,0.7192141,0.6832534,0,0,0,10.62527,0,0,0,14.00003,100,0.02814814,0.7515787,1.66956,0,12.71222
5/15/2007 5:00:00 PM,0.2069125,17.06766,106.7498,75.72289,0.189105,0.8487033,1.769228,1.769228,0,0,0,1.769228,47.97026,0,2.220446E-16,0,0.8487033,1.862345,1.769228,0,0,0,10.62527,0,1.013642,-1.013642,12.93156,92.36806,0.02814814,1.946151,0.6789626,0,11.47398
5/15/2007 6:00:00 PM,0.04463609,2.935024,108.3222,89.92649,0.01995813,0.0895721,0.3948983,0.3948983,0,0,0,0.3948983,22.68233,0,0,0,0.0895721,0.4156824,0.3948983,0,0,1.126269,9.611632,0,0.3261103,-0.3261103,12.5878,89.91271,0.02814814,0.4343881,0.07165768,0,9.701204
5/15/2007 7:00:00 PM,0,0,111.0409,90,0,0,3.34665,3.33,0,-1,0,3.33,0,0,0.0166501,0.3513151,0,3.505263,3.33,0,0,1.488614,9.285522,0,3.505263,-3.505263,8.892933,63.52082,0.02814814,3.681315,0,0,9.285522
5/15/2007 8:00:00 PM,0,0,115.2908,90,0,0,0,0,0,-1,0,0,0,0,0,0,0,0,0,0,0,5.38335,5.780259,0,0,0,8.892933,63.52082,0.02814814,0,0,0,5.780259
5/15/2007 9:00:00 PM,0,0,121.9736,90,0,0,0.1704827,0.1704827,0,-1,0,0.1704827,0,0,2.775558E-17,0,0,0.1794555,0.1704827,0,0,5.38335,5.780259,0,0.1794555,-0.1794555,8.703771,62.16967,0.02814814,0.187531,0,0,5.780259
5/15/2007 10:00:00 PM,0,0,132.9733,90,0,0,0.2672656,0.2672656,0,-1,0,0.2672656,0,0,5.551115E-17,0,0,0.2813322,0.2672656,0,0,5.582746,5.600803,0,0.2813322,-0.2813322,8.40722,60.05145,0.02814814,0.2939922,0,0,5.600803
5/15/2007 11:00:00 PM,0,0,151.6718,90,0,0,0.1800921,0.1800921,0,-1,0,0.1800921,0,0,0,0,0,0.1895707,0.1800921,0,0,5.895337,5.319471,0,0.1895707,-0.1895707,8.207396,58.62413,0.02814814,0.1981013,0,0,5.319471
5/16/2007 12:00:00 AM,0,0,179.833,90,0,0,0.1212708,0.1212708,0,-1,0,0.1212708,0,0,0,0,0,0.1276534,0.1212708,0,0,6.105971,5.1299,0,0.1276534,-0.1276534,8.072837,57.66301,0.02814814,0.1333978,0,0,5.1299
5/16/2007 1:00:00 AM,0,0,-152.1633,90,0,0,0,0,0,-1,0,0,0,0,0,0,0,0,0,0,0,6.247808,5.002247,0,0,0,8.072837,57.66301,0.02814814,0,0,0,5.002247
5/16/2007 2:00:00 AM,0,0,-133.4154,90,0,0,0.1775952,0.1775952,0,-1,0,0.1775952,0,0,0,0,0,0.1869424,0.1775952,0,0,6.247808,5.002247,0,0.1869424,-0.1869424,7.875782,56.25547,0.02814814,0.1953548,0,0,5.002247
5/16/2007 3:00:00 AM,0,0,-122.3389,90,0,0,0.3701101,0.3701101,0,-1,0,0.3701101,0,0,0,0,0,0.3895896,0.3701101,0,0,6.455522,4.815305,0,0.3895896,-0.3895896,7.465119,53.32217,0.02814814,0.4071211,0,0,4.815305
5/16/2007 4:00:00 AM,0,0,-115.6019,90,0,0,0.2787917,0.2787917,0,-1,0,0.2787917,0,0,5.551115E-17,0,0,0.293465,0.2787917,0,0,6.888399,4.425715,0,0.293465,-0.293465,7.155779,51.11261,0.02814814,0.3066709,0,0,4.425715
5/16/2007 5:00:00 AM,0,0,-111.3202,90,0,0,0.3868029,0.3868029,0,0,0,0.3868029,0,0,5.551115E-17,0,0,0.4071609,0.3868029,0,0,7.214471,4.13225,0,0.4071609,-0.4071609,6.726594,48.047,0.02814814,0.4254832,0,0,4.13225
5/16/2007 6:00:00 AM,0.06174981,2.816759,-108.5873,90.08286,0.003853196,0.01729314,0.3135436,0.3135436,0,0,0,0.3135436,5.515388,0,5.551115E-17,0,0.01729314,0.3300458,0.3135436,0,0,7.666873,3.725089,0,0.3127527,-0.3127527,6.396924,45.69222,0.02814814,0.3448979,0.01383451,0,3.742382
5/16/2007 7:00:00 AM,0.2893015,16.92875,-107.0159,75.89956,0.2457706,1.103019,1.380891,1.380891,0,0,0,1.380891,79.8773,0,2.220446E-16,0,1.103019,1.45357,1.380891,0,0,8.014376,3.412336,0,0.350551,-0.350551,6.027411,43.05285,0.02814814,1.51898,0.8824149,0,4.515355
5/16/2007 8:00:00 AM,0.5642096,31.11915,-106.5704,61.83042,0.5184475,2.326792,1.982652,1.982652,0,0,0,1.982652,117.3576,0,0,0,2.326792,2.087002,1.982652,0,0,8.403876,3.061785,0.2397904,0,0.2397904,6.254896,44.67774,0.02814165,2.180917,1.861434,0,5.388578
5/16/2007 9:00:00 AM,0.8135304,45.29001,-107.6571,48.05895,0.7681454,3.447437,0.9469559,0.9469559,0,-1,0,0.9469559,364.0546,0,0,0,3.447437,0.9967957,0.9469559,0,0,8.164086,3.277597,2.450641,0,2.450641,8.579778,61.28401,0.02807549,1.041651,2.757949,0,6.725033
5/16/2007 10:00:00 AM,0.9397737,59.26533,-111.7971,35.00574,0.8987316,4.033508,0.9293478,0.9293478,0,0,0,0.9293478,434.0149,0,0,0,4.033508,0.9782608,0.9293478,0,0,5.713445,5.483174,3.055247,0,3.055247,11.47824,81.98726,0.02799344,1.022283,3.226806,0,9.516682
5/16/2007 11:00:00 AM,0.9004847,72.41571,-125.3742,23.93622,0.8678458,3.894892,1.080176,1.080176,0,0,0,1.080176,360.5793,0.09966578,0,0,3.894892,1.137028,1.080176,0,0,2.658198,8.232896,2.658198,0,2.658198,14.00003,100,0.02792244,1.188194,3.115913,0,12.12779
5/16/2007 12:00:00 PM,0.8990806,80.22442,-179.5411,18.80743,0.8687982,3.899166,1.018116,1.018116,0,0,0,1.018116,382.9784,2.827465,0,0,3.899166,1.071702,1.018116,0,0,0,10.62527,0,0,0,14.00003,100,0.02792244,1.119928,3.119333,0,14.52444
5/16/2007 1:00:00 PM,0.7971922,72.54805,125.6475,23.83661,0.7719283,3.464414,0.7945147,0.7945147,0,0,0,0.7945147,436.0415,2.628083,0,0,3.464414,0.8363312,0.7945147,0,0,0,10.62527,0,0,0,14.00003,100,0.02792244,0.8739662,2.771531,0,14.08969
5/16/2007 2:00:00 PM,0.6658663,59.41624,111.8733,34.86968,0.644673,2.893293,0.7449483,0.7449483,0,-1,0,0.7449483,388.3884,2.109137,0,0,2.893293,0.7841561,0.7449483,0,0,0,10.62527,0,0,0,14.00003,100,0.02792244,0.8194431,2.314634,0,13.51857
5/16/2007 3:00:00 PM,0.4916406,45.44492,107.6812,47.91063,0.4762067,2.137216,1.485859,1.485859,0,0,0,1.485859,143.837,0.5731531,0,0,2.137216,1.564062,1.485859,0,0,0,10.62527,0,0,0,14.00003,100,0.02792244,1.634445,1.709772,0,12.76249
5/16/2007 4:00:00 PM,0.4127104,31.27498,106.5727,61.67721,0.3876107,1.739597,0,0,0,0,0,0,0,1.739597,0,0,1.739597,0,0,0,0,0,10.62527,0,0,0,14.00003,100,0.02792244,0,1.391677,0,12.36487
5/16/2007 5:00:00 PM,0.2227374,17.08422,107.0047,75.74429,0.1997195,0.8963413,1.378781,1.378781,0,0,0,1.378781,65.00972,0,0,0,0.8963413,1.451348,1.378781,0,0,0,10.62527,0,0.5550066,-0.5550066,13.415,95.82124,0.02792244,1.516659,0.7170731,0,11.52162
5/16/2007 6:00:00 PM,0.03364566,2.970873,108.5641,89.92702,0.02608278,0.1170595,1.419634,1.419634,0,0,0,1.419634,8.245756,0,2.220446E-16,0,0.1170595,1.494351,1.419634,0,0,0.616674,10.07027,0,1.377292,-1.377292,11.96321,85.45131,0.02792244,1.561597,0.09364761,0,10.18733
5/16/2007 7:00:00 PM,0,0,111.2829,90,0,0,0,0,0,-1,0,0,0,0,0,0,0,0,0,0,0,2.146998,8.692976,0,0,0,11.96321,85.45131,0.02792244,0,0,0,8.692976
5/16/2007 8:00:00 PM,0,0,115.5439,90,0,0,1.165843,1.165843,0,-1,0,1.165843,0,0,2.220446E-16,0,0,1.227204,1.165843,0,0,2.146998,8.692976,0,1.227204,-1.227204,10.66962,76.21143,0.02792244,1.282428,0,0,8.692976
5/16/2007 9:00:00 PM,0,0,122.2462,90,0,0,2.653392,2.653392,0,-1,0,2.653392,0,0,4.440892E-16,0,0,2.793044,2.653392,0,0,3.510557,7.465773,0,2.793044,-2.793044,7.725494,55.18199,0.02792244,2.918731,0,0,7.465773
5/16/2007 10:00:00 PM,0,0,133.2594,90,0,0,0.4276888,0.4276888,0,-1,0,0.4276888,0,0,5.551115E-17,0,0,0.4501988,0.4276888,0,0,6.61394,4.672729,0,0.4501988,-0.4501988,7.250943,51.79234,0.02792244,0.4704577,0,0,4.672729
5/16/2007 11:00:00 PM,0,0,151.9032,90,0,0,0.2425295,0.2425295,0,-1,0,0.2425295,0,0,2.775558E-17,0,0,0.2552942,0.2425295,0,0,7.114161,4.22253,0,0.2552942,-0.2552942,6.981839,49.87018,0.02792244,0.2667824,0,0,4.22253
5/17/2007 12:00:00 AM,0,0,179.8304,90,0,0,0.01866665,0.01866665,0,-1,0,0.01866665,0,0,3.469447E-18,0,0,0.0196491,0.01866665,0,0,7.39782,3.967236,0,0.0196491,-0.0196491,6.961127,49.72224,0.02792244,0.02053331,0,0,3.967236
5/17/2007 1:00:00 AM,0,0,-152.388,90,0,0,0.1861316,0.1861316,0,-1,0,0.1861316,0,0,2.775558E-17,0,0,0.195928,0.1861316,0,0,7.419653,3.947587,0,0.195928,-0.195928,6.754601,48.24705,0.02792244,0.2047447,0,0,3.947587
5/17/2007 2:00:00 AM,0,0,-133.6947,90,0,0,0.3298331,0.3298331,0,-1,0,0.3298331,0,0,5.551115E-17,0,0,0.3471927,0.3298331,0,0,7.637351,3.751658,0,0.3471927,-0.3471927,6.388628,45.63297,0.02792244,0.3628164,0,0,3.751658
5/17/2007 3:00:00 AM,0,0,-122.6056,90,0,0,0.1176549,0.1176549,0,-1,0,0.1176549,0,0,1.387779E-17,0,0,0.1238473,0.1176549,0,0,8.02312,3.404466,0,0.1238473,-0.1238473,6.258081,44.70049,0.02792244,0.1294204,0,0,3.404466
5/17/2007 4:00:00 AM,0,0,-115.8497,90,0,0,0,0,0,-1,0,0,0,0,0,0,0,0,0,0,0,8.160728,3.280619,0,0,0,6.258081,44.70049,0.02792244,0,0,0,3.280619
5/17/2007 5:00:00 AM,0,0,-111.557,90,0,0,0.1696723,0.1696723,0,0,0,0.1696723,0,0,0,0,0,0.1786025,0.1696723,0,0,8.160728,3.280619,0,0.1786025,-0.1786025,6.069818,43.35575,0.02792244,0.1866396,0,0,3.280619
5/17/2007 6:00:00 AM,0.01003188,2.850372,-108.8239,90.08476,0.009857412,0.04424007,0.1359357,0.1359357,0,0,0,0.1359357,32.54486,0,0,0,0.04424007,0.1430902,0.1359357,0,0,8.359176,3.102016,0,0.09885012,-0.09885012,5.965621,42.61149,0.02792244,0.1495292,0.03539205,0,3.146256
5/17/2007 7:00:00 AM,0.02562845,16.94324,-107.265,75.9221,0.02547648,0.1143385,0,0,0,0,0,0,0,0,0,0,0.1143385,0,0,0,0,8.469009,3.003166,0.1143385,0,0.1143385,6.074091,43.38628,0.02791939,0,0.09147076,0,3.117504
5/17/2007 8:00:00 AM,0.1243037,31.11403,-106.8491,61.87616,0.1235006,0.5542707,0.8637425,0.8637425,0,0,0,0.8637425,64.17083,0,1.110223E-16,0,0.5542707,0.9092026,0.8637425,0,0,8.354671,3.106071,0,0.3549319,-0.3549319,5.69996,40.71392,0.02791939,0.9501168,0.4434166,0,3.660341
5/17/2007 9:00:00 AM,0.04492777,45.2617,-107.9939,48.13427,0.04469546,0.2005932,0.07409623,0.07409623,0,-1,0,0.07409623,270.7199,0,0,0,0.2005932,0.07799602,0.07409623,0,0,8.74904,2.751139,0.1225972,0,0.1225972,5.816267,41.54468,0.02791613,0.08150584,0.1604746,0,2.951732
5/17/2007 10:00:00 AM,0.1533204,59.20338,-112.2477,35.12405,0.1524809,0.6843344,0.4225215,0.4225215,0,0,0,0.4225215,161.9644,0,0,0,0.6843344,0.4447595,0.4225215,0,0,8.626442,2.861476,0.2395749,0,0.2395749,6.043547,43.16811,0.02790975,0.4647737,0.5474675,0,3.545811
5/17/2007 11:00:00 AM,0.1482821,72.28746,-126.0381,24.12104,0.1474919,0.6619437,0,0,0,0,0,0,0,0,0,0,0.6619437,0,0,0,0,8.386868,3.077094,0.6619437,0,0.6619437,6.671522,47.65363,0.02789214,0,0.529555,0,3.739037
5/17/2007 12:00:00 PM,0.1677322,79.98574,-179.5413,19.04611,0.1668352,0.7487562,1.120411,1.120411,0,0,0,1.120411,66.8287,0,0,0,0.7487562,1.17938,1.120411,0,0,7.724924,3.672843,0,0.430624,-0.430624,6.217604,44.41137,0.02789214,1.232452,0.5990049,0,4.421599
5/17/2007 1:00:00 PM,0.07494998,72.42198,126.321,24.01981,0.07456587,0.3346516,0,0,0,0,0,0,0,0,0,0,0.3346516,0,0,0,0,8.203395,3.242219,0.3346516,0,0.3346516,6.535083,46.67907,0.02788325,0,0.2677213,0,3.57687
5/17/2007 2:00:00 PM,0.1778006,59.35759,112.3276,34.98519,0.1768099,0.7935228,0.7418935,0.7418935,0,-1,0,0.7418935,106.9591,0,0,0,0.7935228,0.7809405,0.7418935,0,0,7.868743,3.543405,0.01258228,0,0.01258228,6.547019,46.76433,0.02788291,0.8160829,0.6348183,0,4.336928
5/17/2007 3:00:00 PM,0.1757614,45.42019,108.0195,47.98263,0.1747132,0.784113,0.5183808,0.5183808,0,0,0,0.5183808,151.262,0,0,0,0.784113,0.545664,0.5183808,0,0,7.856161,3.554729,0.238449,0,0.238449,6.773232,48.38013,0.02787658,0.5702189,0.6272904,0,4.338842
5/17/2007 4:00:00 PM,0.09752052,31.27353,106.8519,61.7194,0.09692772,0.4350116,1.247098,1.247098,0,0,0,1.247098,34.88191,0,0,0,0.4350116,1.312735,1.247098,0,0,7.617712,3.769333,0,0.877723,-0.877723,5.848031,41.77156,0.02787658,1.371808,0.3480093,0,4.204345
5/17/2007 5:00:00 PM,0.02137966,17.10239,107.2537,75.76318,0.02125691,0.09540101,0.5486239,0.5486239,0,0,0,0.5486239,17.38914,0,0,0,0.09540101,0.5774989,0.5486239,0,0,8.592959,2.89161,0,0.4820979,-0.4820979,5.339855,38.14174,0.02787658,0.6034864,0.07632081,0,2.987011
5/17/2007 6:00:00 PM,0.04063006,3.008125,108.8002,89.92524,0.02386938,0.1071258,1.379591,1.379591,0,0,0,1.379591,7.765038,0,2.220446E-16,0,0.1071258,1.452201,1.379591,0,0,9.128624,2.409513,0,1.345076,-1.345076,3.922021,28.01438,0.02787658,1.51755,0.08570064,0,2.516638
5/17/2007 7:00:00 PM,0,0,111.5187,90,0,0,1.703598,1.011215,0,-1,0,1.011215,0,0,0.6923834,0.8627433,0,1.064437,1.011215,0,0,10.62315,1.064437,0,1.064437,-1.064437,2.800006,20,0.02787658,1.873958,0,0,1.064437
5/17/2007 8:00:00 PM,0,0,115.7901,90,0,0,1.391634,0,0,-1,0,0,0,0,1.391634,1.530798,0,0,0,0,0,11.80586,0,0,0,0,2.800006,20,0.02787658,1.530798,0,0,0
5/17/2007 9:00:00 PM,0,0,122.5103,90,0,0,0.9794278,0,0,-1,0,0,0,0,0.9794278,1.077371,0,0,0,0,0,11.80586,0,0,0,0,2.800006,20,0.02787658,1.077371,0,0,0
5/17/2007 10:00:00 PM,0,0,133.5349,90,0,0,0,0,0,-1,0,0,0,0,0,0,0,0,0,0,0,11.80586,0,0,0,0,2.800006,20,0.02787658,0,0,0,0
5/17/2007 11:00:00 PM,0,0,152.1228,90,0,0,0.2256062,0,0,-1,0,0,0,0,0.2256062,0.2481669,0,0,0,0,0,11.80586,0,0,0,0,2.800006,20,0.02787658,0.2481669,0,0,0
5/18/2007 12:00:00 AM,0,0,179.823,90,0,0,0,0,0,-1,0,0,0,0,0,0,0,0,0,0,0,11.80586,0,0,0,0,2.800006,20,0.02787658,0,0,0,0
5/18/2007 1:00:00 AM,0,0,-152.6088,90,0,0,0.001981007,0,0,-1,0,0,0,0,0.001981007,0.002179107,0,0,0,0,0,11.80586,0,0,0,0,2.800006,20,0.02787658,0.002179107,0,0,0
5/18/2007 2:00:00 AM,0,0,-133.9681,90,0,0,0.2232294,0,0,-1,0,0,0,0,0.2232294,0.2455524,0,0,0,0,0,11.80586,0,0,0,0,2.800006,20,0.02787658,0.2455524,0,0,0
5/18/2007 3:00:00 AM,0,0,-122.8666,90,0,0,0.05182326,0,0,-1,0,0,0,0,0.05182326,0.05700558,0,0,0,0,0,11.80586,0,0,0,0,2.800006,20,0.02787658,0.05700558,0,0,0
5/18/2007 4:00:00 AM,0,0,-116.0922,90,0,0,0,0,0,-1,0,0,0,0,0,0,0,0,0,0,0,11.80586,0,0,0,0,2.800006,20,0.02787658,0,0,0,0
5/18/2007 5:00:00 AM,0,0,-111.7887,90,0,0,0.339629,0.339629,3.844892,0,1.214656,0.339629,0,0,0,0,0,0,0,3.505263,3.33,11.80586,0,3.33,0,3.33,5.959121,42.56506,0.02853584,0.3735919,0,5,0
5/18/2007 6:00:00 AM,0.04396896,2.880848,-109.0553,90.08894,0.01910947,0.08576329,0.2003306,0.2003306,3.705594,0,1.176627,0.2003306,42.81087,0,0,0,0.08576329,0,0,3.505263,3.33,8.475861,2.997,3.415763,0,3.415763,9.199598,65.71129,0.02914859,0.2203637,0.06861063,5,3.082763
5/18/2007 7:00:00 AM,0.20309,16.95477,-107.5083,75.94665,0.1852998,0.8316257,1.033108,1.033108,4.538371,0,1.403975,1.033108,80.49749,0,0,0,0.8316257,0,0,3.505263,3.33,5.060097,6.071187,4.161626,0,4.161626,13.14766,93.91169,0.02997462,1.136418,0.6653005,5,6.902812
5/18/2007 8:00:00 AM,0.1181017,31.10612,-107.1212,61.92359,0.1173464,0.5266505,0.6821471,0.6821471,0,0,0,0.6821471,77.20484,0,1.110223E-16,0,0.5266505,0.7180496,0.6821471,0,0,0.8984712,9.81665,0,0.191399,-0.191399,12.94591,92.47061,0.02997462,0.7503618,0.4213205,0,10.3433
5/18/2007 9:00:00 AM,0.2977905,45.2308,-108.322,48.21079,0.2950146,1.324026,1.811036,1.811036,0,-1,0,1.811036,73.10874,0,0,0,1.324026,1.906354,1.811036,0,0,1.111137,9.625251,0,0.582328,-0.582328,12.33208,88.08614,0.02997462,1.99214,1.05922,0,10.94928
5/18/2007 10:00:00 AM,0.3629808,59.13916,-112.6849,35.24262,0.3599305,1.615368,1.326355,1.326355,0,0,0,1.326355,121.7901,0,0,0,1.615368,1.396163,1.326355,0,0,1.758168,9.042923,0.2192053,0,0.2192053,12.54004,89.57153,0.02996842,1.45899,1.292294,0,10.65829
5/18/2007 11:00:00 AM,0.412049,72.15817,-126.6733,24.30381,0.4086649,1.834088,0,0,0,0,0,0,0,0.2951256,0,0,1.834088,0,0,0,0,1.538963,9.240208,1.538963,0,1.538963,14.00003,100,0.02992501,0,1.467271,0,11.0743
5/18/2007 12:00:00 PM,0.2307047,79.75268,-179.5285,19.27916,0.229426,1.029664,0.198138,0.198138,0,0,0,0.198138,519.6702,0.8210977,0,0,1.029664,0.2085663,0.198138,0,0,0,10.62527,0,0,0,14.00003,100,0.02992501,0.2179518,0.8237312,0,11.65494
5/18/2007 1:00:00 PM,0.207988,72.29865,126.9736,24.19811,0.206839,0.9282935,0.6508129,0.6508129,0,0,0,0.6508129,142.636,0.2432273,0,0,0.9282935,0.6850662,0.6508129,0,0,0,10.62527,0,0,0,14.00003,100,0.02992501,0.7158942,0.7426348,0,11.55357
5/18/2007 2:00:00 PM,0.2673178,59.30103,112.7709,35.097,0.265702,1.192471,1.485585,1.485585,0,-1,0,1.485585,80.26944,0,0,0,1.192471,1.563773,1.485585,0,0,0,10.62527,0,0.3713028,-0.3713028,13.60864,97.20438,0.02992501,1.634143,0.9539764,0,11.81774
5/18/2007 3:00:00 PM,0.05614489,45.39739,108.3499,48.05151,0.055851,0.2506593,0.6717966,0.6717966,0,0,0,0.6717966,37.31179,0,1.110223E-16,0,0.2506593,0.7071543,0.6717966,0,0,0.4125587,10.25397,0,0.456495,-0.456495,13.12745,93.76733,0.02992501,0.7389762,0.2005274,0,10.50463
5/18/2007 4:00:00 PM,0.1803191,31.27385,107.1246,61.75882,0.1788749,0.8027907,0.686891,0.686891,0,0,0,0.686891,116.8731,0,0,0,0.8027907,0.7230431,0.686891,0,0,0.9197753,9.797477,0.07974752,0,0.07974752,13.20311,94.30772,0.02992277,0.7555801,0.6422325,0,10.60027
5/18/2007 5:00:00 PM,0.1184841,17.12215,107.4967,75.77956,0.1166236,0.5234066,0.6122653,0.6122653,0,0,0,0.6122653,85.48691,0,0,0,0.5234066,0.6444898,0.6122653,0,0,0.8400278,9.869249,0,0.1210831,-0.1210831,13.07547,93.39606,0.02992277,0.6734918,0.4187253,0,10.39266
5/18/2007 6:00:00 PM,0.03825349,3.046743,109.0304,89.92119,0.02546807,0.1143007,2.993284,2.993284,0,0,0,2.993284,3.818572,0,4.440892E-16,0,0.1143007,3.150825,2.993284,0,0,0.9745646,9.748166,0,3.036525,-3.036525,9.874697,70.53341,0.02992277,3.292612,0.09144057,0,9.862467
5/18/2007 7:00:00 PM,0,0,111.7483,90,0,0,0.6000159,0.6000159,0,-1,0,0.6000159,0,0,1.110223E-16,0,0,0.6315957,0.6000159,0,0,4.348481,6.711641,0,0.6315957,-0.6315957,9.208937,65.77798,0.02992277,0.6600175,0,0,6.711641
5/18/2007 8:00:00 PM,0,0,116.0292,90,0,0,2.008391,2.008391,0,-1,0,2.008391,0,0,4.440892E-16,0,0,2.114096,2.008391,0,0,5.050254,6.080046,0,2.114096,-2.114096,6.980484,49.8605,0.02992277,2.20923,0,0,6.080046
5/18/2007 9:00:00 PM,0,0,122.766,90,0,0,1.283193,1.283193,0,-1,0,1.283193,0,0,0,0,0,1.350729,1.283193,0,0,7.39925,3.96595,0,1.350729,-1.350729,5.55669,39.69056,0.02992277,1.411512,0,0,3.96595
5/18/2007 10:00:00 PM,0,0,133.7998,90,0,0,0.3619284,0.3619284,0,-1,0,0.3619284,0,0,0,0,0,0.3809773,0.3619284,0,0,8.90006,2.615221,0,0.3809773,-0.3809773,5.155105,36.8221,0.02992277,0.3981213,0,0,2.615221
5/18/2007 11:00:00 PM,0,0,152.331,90,0,0,0.09446763,0.09446763,0,-1,0,0.09446763,0,0,0,0,0,0.09943961,0.09446763,0,0,9.323368,2.234243,0,0.09943961,-0.09943961,5.050286,36.0734,0.02992277,0.1039144,0,0,2.234243
5/19/2007 12:00:00 AM,0,0,179.8109,90,0,0,0.1474357,0.1474357,0,-1,0,0.1474357,0,0,0,0,0,0.1551955,0.1474357,0,0,9.433856,2.134804,0,0.1551955,-0.1551955,4.886696,34.9049,0.02992277,0.1621793,0,0,2.134804
5/19/2007 1:00:00 AM,0,0,-152.8255,90,0,0,0,0,0,-1,0,0,0,0,0,0,0,0,0,0,0,9.606296,1.979608,0,0,0,4.886696,34.9049,0.02992277,0,0,0,1.979608
5/19/2007 2:00:00 AM,0,0,-134.2355,90,0,0,0.3219303,0.3219303,0,-1,0,0.3219303,0,0,5.551115E-17,0,0,0.338874,0.3219303,0,0,9.606296,1.979608,0,0.338874,-0.338874,4.529491,32.35344,0.02992277,0.3541234,0,0,1.979608
5/19/2007 3:00:00 AM,0,0,-123.1219,90,0,0,0.006978403,0.006978403,0,-1,0,0.006978403,0,0,8.673617E-19,0,0,0.007345687,0.006978403,0,0,9.982822,1.640734,0,0.007345687,-0.007345687,4.521748,32.29814,0.02992277,0.007676243,0,0,1.640734
5/19/2007 4:00:00 AM,0,0,-116.3294,90,0,0,0,0,0,-1,0,0,0,0,0,0,0,0,0,0,0,9.990984,1.633388,0,0,0,4.521748,32.29814,0.02992277,0,0,0,1.633388
5/19/2007 5:00:00 AM,0,0,-112.0152,90,0,0,0.187207,0.187207,0,0,0,0.187207,0,0,2.775558E-17,0,0,0.19706,0.187207,0,0,9.990984,1.633388,0,0.19706,-0.19706,4.314029,30.81443,0.02992277,0.2059277,0,0,1.633388
5/19/2007 6:00:00 AM,0.04778024,2.908211,-109.2813,90.09535,0.01545095,0.06934389,0.04485047,0.04485047,0,0,0,0.04485047,154.6113,0,0,0,0.06934389,0.04721102,0.04485047,0,0,10.20994,1.436329,0.02213286,0,0.02213286,4.335026,30.96441,0.02992214,0.04933552,0.05547511,0,1.505672
5/19/2007 7:00:00 AM,0.2335473,16.96341,-107.7459,75.97316,0.20533,0.9215212,0.8401793,0.8401793,0,0,0,0.8401793,109.6815,0,0,0,0.9215212,0.8843992,0.8401793,0,0,10.18781,1.456248,0.03712195,0,0.03712195,4.370243,31.21596,0.0299211,0.9241972,0.7372169,0,2.377769
5/19/2007 8:00:00 AM,0.3617567,31.09552,-107.3865,61.97263,0.3441363,1.544484,0.5460598,0.5460598,0,0,0,0.5460598,282.8415,0,0,0,1.544484,0.5747998,0.5460598,0,0,10.15069,1.489658,0.9696839,0,0.9696839,5.290166,37.78682,0.02989382,0.6006659,1.235587,0,3.034142
5/19/2007 9:00:00 AM,0.770986,45.19742,-108.6413,48.28839,0.7262474,3.259398,0.4703592,0.4703592,0,-1,0,0.4703592,692.9594,0,0,0,3.259398,0.495115,0.4703592,0,0,9.181001,2.362373,2.764283,0,2.764283,7.912595,56.51842,0.02981632,0.5173951,2.607519,0,5.621772
5/19/2007 10:00:00 AM,0.8230247,59.07284,-113.1085,35.36127,0.7867884,3.531106,2.124662,2.124662,0,0,0,2.124662,166.1961,0,0,0,3.531106,2.236487,2.124662,0,0,6.416718,4.850228,1.29462,0,1.29462,9.140779,65.29115,0.02978017,2.337129,2.824885,0,8.381335
5/19/2007 11:00:00 AM,0.9012855,72.02814,-127.2801,24.48436,0.8668614,3.890474,0.8120914,0.8120914,0,0,0,0.8120914,479.0685,0,0,0,3.890474,0.854833,0.8120914,0,0,5.122098,6.015386,3.035641,0,3.035641,12.02064,85.86155,0.02969573,0.8933005,3.112379,0,9.90586
5/19/2007 12:00:00 PM,0.8004593,79.52531,-179.5037,19.50651,0.7758623,3.48207,0.3658428,0.3658428,0,0,0,0.3658428,951.7942,1.010515,0,0,3.48207,0.3850976,0.3658428,0,0,2.086457,8.747463,2.086457,0,2.086457,14.00003,100,0.02963798,0.402427,2.785656,0,12.22953
5/19/2007 1:00:00 PM,0.5999483,72.17825,127.6061,24.37141,0.588541,2.641372,0,0,0,0,0,0,0,2.641372,0,0,2.641372,0,0,0,0,0,10.62527,0,0,0,14.00003,100,0.02963798,0,2.113098,0,13.26665
5/19/2007 2:00:00 PM,0.5935702,59.24668,113.2031,35.20505,0.5778647,2.593457,0,0,0,-1,0,0,0,2.593457,0,0,2.593457,0,0,0,0,0,10.62527,0,0,0,14.00003,100,0.02963798,0,2.074765,0,13.21873
5/19/2007 3:00:00 PM,0.4832261,45.37656,108.6724,48.11722,0.4679612,2.10021,0,0,0,0,0,0,0,2.10021,0,0,2.10021,0,0,0,0,0,10.62527,0,0,0,14.00003,100,0.02963798,0,1.680168,0,12.72548
5/19/2007 4:00:00 PM,0.4750603,31.27595,107.3907,61.79544,0.4382668,1.966941,0.6388196,0.6388196,0,0,0,0.6388196,307.9025,1.2945,0,0,1.966941,0.6724417,0.6388196,0,0,0,10.62527,0,0,0,14.00003,100,0.02963798,0.7027015,1.573553,0,12.59222
5/19/2007 5:00:00 PM,0.2148455,17.14349,107.7336,75.79342,0.1937707,0.8696431,0.6356431,0.6356431,0,0,0,0.6356431,136.8131,0.2005451,0,0,0.8696431,0.669098,0.6356431,0,0,0,10.62527,0,0,0,14.00003,100,0.02963798,0.6992074,0.6957145,0,11.49492
5/19/2007 6:00:00 PM,0.02590073,3.08669,109.2546,89.91489,0.02396343,0.1075479,0,0,0,0,0,0,0,0.1075479,0,0,0.1075479,0,0,0,0,0,10.62527,0,0,0,14.00003,100,0.02963798,0,0.08603829,0,10.73282
5/19/2007 7:00:00 PM,0,0,111.9716,90,0,0,0.4666191,0.4666191,0,-1,0,0.4666191,0,0,5.551115E-17,0,0,0.491178,0.4666191,0,0,0,10.62527,0,0.491178,-0.491178,13.48228,96.30181,0.02963798,0.513281,0,0,10.62527
5/19/2007 8:00:00 PM,0,0,116.2613,90,0,0,0,0,0,-1,0,0,0,0,0,0,0,0,0,0,0,0.5457534,10.1341,0,0,0,13.48228,96.30181,0.02963798,0,0,0,10.1341
5/19/2007 9:00:00 PM,0,0,123.0133,90,0,0,0.6544182,0.6544182,0,-1,0,0.6544182,0,0,0,0,0,0.6888612,0.6544182,0,0,0.5457534,10.1341,0,0.6888612,-0.6888612,12.75616,91.11523,0.02963798,0.71986,0,0,10.1341
5/19/2007 10:00:00 PM,0,0,134.0544,90,0,0,0.05487583,0.05487583,0,-1,0,0.05487583,0,0,6.938894E-18,0,0,0.05776403,0.05487583,0,0,1.311155,9.445235,0,0.05776403,-0.05776403,12.69527,90.68031,0.02963798,0.06036342,0,0,9.445235
5/19/2007 11:00:00 PM,0,0,152.5279,90,0,0,0.1900488,0.1900488,0,-1,0,0.1900488,0,0,2.775558E-17,0,0,0.2000513,0.1900488,0,0,1.375337,9.387471,0,0.2000513,-0.2000513,12.4844,89.17408,0.02963798,0.2090537,0,0,9.387471
5/20/2007 12:00:00 AM,0,0,179.7944,90,0,0,0.2997183,0.2997183,0,-1,0,0.2997183,0,0,5.551115E-17,0,0,0.3154929,0.2997183,0,0,1.597616,9.18742,0,0.3154929,-0.3154929,12.15184,86.79867,0.02963798,0.3296901,0,0,9.18742
5/20/2007 1:00:00 AM,0,0,-153.0385,90,0,0,0.2841885,0.2841885,0,-1,0,0.2841885,0,0,5.551115E-17,0,0,0.2991458,0.2841885,0,0,1.948164,8.871926,0,0.2991458,-0.2991458,11.83651,84.54633,0.02963798,0.3126073,0,0,8.871926
5/20/2007 2:00:00 AM,0,0,-134.4971,90,0,0,0.2393834,0.2393834,0,-1,0,0.2393834,0,0,0,0,0,0.2519825,0.2393834,0,0,2.280548,8.572781,0,0.2519825,-0.2519825,11.5709,82.6491,0.02963798,0.2633217,0,0,8.572781
5/20/2007 3:00:00 AM,0,0,-123.3715,90,0,0,0.3968912,0.3968912,0,-1,0,0.3968912,0,0,5.551115E-17,0,0,0.4177802,0.3968912,0,0,2.560529,8.320799,0,0.4177802,-0.4177802,11.13052,79.50354,0.02963798,0.4365803,0,0,8.320799
5/20/2007 4:00:00 AM,0,0,-116.5611,90,0,0,0.1836217,0.1836217,0,-1,0,0.1836217,0,0,2.775558E-17,0,0,0.193286,0.1836217,0,0,3.024729,7.903018,0,0.193286,-0.193286,10.92678,78.04825,0.02963798,0.2019839,0,0,7.903018
5/20/2007 5:00:00 AM,0,0,-112.2365,90,0,0,0.3900558,0.3900558,0,0,0,0.3900558,0,0,5.551115E-17,0,0,0.410585,0.3900558,0,0,3.239491,7.709732,0,0.410585,-0.410585,10.49398,74.95686,0.02963798,0.4290614,0,0,7.709732
5/20/2007 6:00:00 AM,0.05450057,2.932487,-109.502,90.10397,0.008845544,0.03969881,0.3168364,0.3168364,0,0,0,0.3168364,12.52975,0,0,0,0.03969881,0.333512,0.3168364,0,0,3.695697,7.299147,0,0.2938132,-0.2938132,10.18428,72.74468,0.02963798,0.34852,0.03175904,0,7.338846
5/20/2007 7:00:00 AM,0.2677636,16.96919,-107.9777,76.00159,0.2279306,1.022952,0.03553468,0.03553468,0,0,0,0.03553468,2878.744,0,0,0,1.022952,0.03740493,0.03553468,0,0,4.022156,7.005334,0.9855475,0,0.9855475,11.11925,79.42304,0.02961077,0.03908815,0.818362,0,8.028286
5/20/2007 8:00:00 AM,0.4605879,31.08229,-107.645,62.0232,0.4251963,1.908281,1.153044,1.153044,0,0,0,1.153044,165.4994,0,0,0,1.908281,1.21373,1.153044,0,0,3.036608,7.892327,0.6945504,0,0.6945504,11.77816,84.12952,0.02959163,1.268348,1.526625,0,9.800608
5/20/2007 9:00:00 AM,0.7073641,45.16168,-108.9517,48.36695,0.6664895,2.991205,0.7143944,0.7143944,0,-1,0,0.7143944,418.705,0,0,0,2.991205,0.7519941,0.7143944,0,0,2.342058,8.517422,2.239211,0,2.239211,13.90246,99.30308,0.02953009,0.7858338,2.392964,0,11.50863
5/20/2007 10:00:00 AM,0.6615173,59.0046,-113.5186,35.47984,0.6391454,2.868484,0.2009917,0.2009917,0,0,0,0.2009917,1427.166,2.554067,0,0,2.868484,0.2115702,0.2009917,0,0,0.1028469,10.53271,0.1028469,0,0.1028469,14.00003,100,0.02952727,0.2210909,2.294788,0,13.4012
5/20/2007 11:00:00 AM,0.8910845,71.89766,-127.8591,24.6625,0.8567945,3.845294,1.317335,1.317335,0,0,0,1.317335,291.8994,2.458625,0,0,3.845294,1.386669,1.317335,0,0,0,10.62527,0,0,0,14.00003,100,0.02952727,1.449069,3.076235,0,14.47057
5/20/2007 12:00:00 PM,0.9436874,79.30368,-179.4677,19.72811,0.9083243,4.07656,1.941095,1.941095,0,0,0,1.941095,210.0134,2.033302,0,0,4.07656,2.043258,1.941095,0,0,0,10.62527,0,0,0,14.00003,100,0.02952727,2.135205,3.261247,0,14.70183
5/20/2007 1:00:00 PM,0.8672386,72.06094,128.2189,24.53964,0.8347044,3.746153,0,0,0,0,0,0,0,3.746153,0,0,3.746153,0,0,0,0,0,10.62527,0,0,0,14.00003,100,0.02952727,0,2.996922,0,14.37143
5/20/2007 2:00:00 PM,0.9093505,59.19461,113.6242,35.30926,0.8673107,3.89249,0.2321231,0.2321231,0,-1,0,0.2321231,1676.908,3.64815,0,0,3.89249,0.2443401,0.2321231,0,0,0,10.62527,0,0,0,14.00003,100,0.02952727,0.2553354,3.113992,0,14.51777
5/20/2007 3:00:00 PM,0.6777475,45.35774,108.9868,48.17973,0.6397724,2.871299,0.5514925,0.5514925,0,0,0,0.5514925,520.6415,2.29078,0,0,2.871299,0.5805184,0.5514925,0,0,0,10.62527,0,0,0,14.00003,100,0.02952727,0.6066417,2.297039,0,13.49657
5/20/2007 4:00:00 PM,0.5028484,31.27984,107.6501,61.82925,0.4615454,2.071416,0.2071453,0.2071453,0,0,0,0.2071453,999.9824,1.853368,0,0,2.071416,0.2180476,0.2071453,0,0,0,10.62527,0,0,0,14.00003,100,0.02952727,0.2278598,1.657133,0,12.69669
5/20/2007 5:00:00 PM,0.2540476,17.16639,107.9644,75.80479,0.2194815,0.9850328,0.4038751,0.4038751,0,0,0,0.4038751,243.8954,0.5599011,0,0,0.9850328,0.4251317,0.4038751,0,0,0,10.62527,0,0,0,14.00003,100,0.02952727,0.4442627,0.7880263,0,11.61031
5/20/2007 6:00:00 PM,0.03355821,3.127925,109.4728,89.90637,0.02684051,0.1204602,0.614552,0.614552,0,0,0,0.614552,19.6013,0,1.110223E-16,0,0.1204602,0.6468968,0.614552,0,0,0,10.62527,0,0.5264366,-0.5264366,13.44512,96.03635,0.02952727,0.6760072,0.09636816,0,10.74573
5/20/2007 7:00:00 PM,0,0,112.1886,90,0,0,3.602276,3.33,0,-1,0,3.33,0,0,0.2722761,0.6325037,0,3.505263,3.33,0,0,0.5849296,10.09884,0,3.505263,-3.505263,9.750243,69.64445,0.02952727,3.962504,0,0,10.09884
5/20/2007 8:00:00 PM,0,0,116.4864,90,0,0,0,0,0,-1,0,0,0,0,0,0,0,0,0,0,0,4.479666,6.593575,0,0,0,9.750243,69.64445,0.02952727,0,0,0,6.593575
5/20/2007 9:00:00 PM,0,0,123.2522,90,0,0,0.7619495,0.7619495,0,-1,0,0.7619495,0,0,1.110223E-16,0,0,0.8020521,0.7619495,0,0,4.479666,6.593575,0,0.8020521,-0.8020521,8.904806,63.60563,0.02952727,0.8381444,0,0,6.593575
5/20/2007 10:00:00 PM,0,0,134.2985,90,0,0,0.3443275,0.3443275,0,-1,0,0.3443275,0,0,5.551115E-17,0,0,0.36245,0.3443275,0,0,5.370835,5.791523,0,0.36245,-0.36245,8.52275,60.87667,0.02952727,0.3787602,0,0,5.791523
5/20/2007 11:00:00 PM,0,0,152.7138,90,0,0,0.3049833,0.3049833,0,-1,0,0.3049833,0,0,0,0,0,0.321035,0.3049833,0,0,5.773558,5.429072,0,0.321035,-0.321035,8.18435,58.45952,0.02952727,0.3354816,0,0,5.429072
5/21/2007 12:00:00 AM,0,0,179.7737,90,0,0,0.2072564,0.2072564,0,-1,0,0.2072564,0,0,0,0,0,0.2181646,0.2072564,0,0,6.130263,5.108037,0,0.2181646,-0.2181646,7.954384,56.81691,0.02952727,0.227982,0,0,5.108037
5/21/2007 1:00:00 AM,0,0,-153.2476,90,0,0,0,0,0,-1,0,0,0,0,0,0,0,0,0,0,0,6.372668,4.889873,0,0,0,7.954384,56.81691,0.02952727,0,0,0,4.889873
5/21/2007 2:00:00 AM,0,0,-134.7527,90,0,0,0.06192138,0.06192138,0,-1,0,0.06192138,0,0,0,0,0,0.0651804,0.06192138,0,0,6.372668,4.889873,0,0.0651804,-0.0651804,7.885678,56.32616,0.02952727,0.06811351,0,0,4.889873
5/21/2007 3:00:00 AM,0,0,-123.6153,90,0,0,0.3753936,0.3753936,0,-1,0,0.3753936,0,0,5.551115E-17,0,0,0.3951512,0.3753936,0,0,6.445091,4.824692,0,0.3951512,-0.3951512,7.469152,53.35098,0.02952727,0.412933,0,0,4.824692
5/21/2007 4:00:00 AM,0,0,-116.7875,90,0,0,0,0,0,-1,0,0,0,0,0,0,0,0,0,0,0,6.884148,4.429541,0,0,0,7.469152,53.35098,0.02952727,0,0,0,4.429541
5/21/2007 5:00:00 AM,0,0,-112.4524,90,0,0,0,0,0,0,0,0,0,0,0,0,0,0,0,0,0,6.884148,4.429541,0,0,0,7.469152,53.35098,0.02952727,0,0,0,4.429541
5/21/2007 6:00:00 AM,0.04418025,2.953706,-109.7172,90.11478,0.01963983,0.08814355,0.2810372,0.2810372,0,0,0,0.2810372,31.36366,0,5.551115E-17,0,0.08814355,0.2958287,0.2810372,0,0,6.884148,4.429541,0,0.2076851,-0.2076851,7.250233,51.78727,0.02952727,0.309141,0.07051484,0,4.517685
5/21/2007 7:00:00 AM,0.1826603,16.97217,-108.2035,76.03185,0.1703155,0.7643759,0.02416237,0.02416237,0,0,0,0.02416237,3163.497,0,0,0,0.7643759,0.02543407,0.02416237,0,0,7.114909,4.221856,0.7389418,0,0.7389418,7.951254,56.79456,0.02950702,0.02657861,0.6115007,0,4.986232
5/21/2007 8:00:00 AM,0.3996894,31.06651,-107.8965,62.07521,0.3747651,1.681946,0,0,0,0,0,0,0,0,0,0,1.681946,0,0,0,0,6.375967,4.886904,1.681946,0,1.681946,9.546888,68.19193,0.02946103,0,1.345557,0,6.56885
5/21/2007 9:00:00 AM,0.5758101,45.1237,-109.2532,48.44636,0.5486409,2.462301,0.5711306,0.5711306,0,-1,0,0.5711306,431.1274,0,0,0,2.462301,0.6011901,0.5711306,0,0,4.694021,6.400655,1.86111,0,1.86111,11.31249,80.80336,0.02941031,0.6282437,1.96984,0,8.862955
5/21/2007 10:00:00 AM,0.6560903,58.9346,-113.915,35.59818,0.6338934,2.844913,0,0,0,0,0,0,0,0.01200248,0,0,2.844913,0,0,0,0,2.832911,8.075654,2.832911,0,2.832911,14.00003,100,0.02933344,0,2.275931,0,10.92057
5/21/2007 11:00:00 AM,0.6767932,71.767,-128.4107,24.83807,0.659315,2.959006,0,0,0,0,0,0,0,2.959006,0,0,2.959006,0,0,0,0,0,10.62527,0,0,0,14.00003,100,0.02933344,0,2.367204,0,13.58428
5/21/2007 12:00:00 PM,0.6728199,79.08788,-179.4213,19.94387,0.6574746,2.950746,0,0,0,0,0,0,0,2.950746,0,0,2.950746,0,0,0,0,0,10.62527,0,0,0,14.00003,100,0.02933344,0,2.360597,0,13.57602
5/21/2007 1:00:00 PM,0.674419,71.94686,128.8125,24.70272,0.6571899,2.949468,0.4522372,0.4522372,0,0,0,0.4522372,652.1949,2.473429,0,0,2.949468,0.4760392,0.4522372,0,0,0,10.62527,0,0,0,14.00003,100,0.02933344,0.497461,2.359575,0,13.57474
5/21/2007 2:00:00 PM,0.7207119,59.14492,114.0344,35.40955,0.6923843,3.107421,0.04186147,0.04186147,0,-1,0,0.04186147,7423.104,3.063356,0,0,3.107421,0.04406471,0.04186147,0,0,0,10.62527,0,0,0,14.00003,100,0.02933344,0.04604762,2.485937,0,13.73269
5/21/2007 3:00:00 PM,0.6409464,45.34097,109.2932,48.239,0.606299,2.72107,1.59838,1.59838,0,0,0,1.59838,170.2392,1.038564,0,0,2.72107,1.682505,1.59838,0,0,0,10.62527,0,0,0,14.00003,100,0.02933344,1.758218,2.176856,0,13.34634
5/21/2007 4:00:00 PM,0.4841275,31.28554,107.9027,61.86025,0.4450163,1.997233,1.39265,1.39265,0,0,0,1.39265,143.4124,0.5312857,0,0,1.997233,1.465948,1.39265,0,0,0,10.62527,0,0,0,14.00003,100,0.02933344,1.531915,1.597787,0,12.62251
5/21/2007 5:00:00 PM,0.2379811,17.19083,108.189,75.81367,0.2086115,0.9362484,1.237681,1.237681,0,0,0,1.237681,75.64538,0,0,0,0.9362484,1.302822,1.237681,0,0,0,10.62527,0,0.3665736,-0.3665736,13.61363,97.23999,0.02933344,1.361449,0.7489988,0,11.56152
5/21/2007 6:00:00 PM,0.04141315,3.170405,109.6849,89.89568,0.02493989,0.1119302,1.951453,1.951453,0,0,0,1.951453,5.735737,0,2.220446E-16,0,0.1119302,2.054161,1.951453,0,0,0.407304,10.2587,0,1.942231,-1.942231,11.56633,82.61651,0.02933344,2.146599,0.08954418,0,10.37063
5/21/2007 7:00:00 PM,0,0,112.3992,90,0,0,0,0,0,-1,0,0,0,0,0,0,0,0,0,0,0,2.565338,8.316469,0,0,0,11.56633,82.61651,0.02933344,0,0,0,8.316469
5/21/2007 8:00:00 PM,0,0,116.7042,90,0,0,0.2995344,0.2995344,0,-1,0,0.2995344,0,0,5.551115E-17,0,0,0.3152993,0.2995344,0,0,2.565338,8.316469,0,0.3152993,-0.3152993,11.23398,80.24255,0.02933344,0.3294878,0,0,8.316469
5/21/2007 9:00:00 PM,0,0,123.4826,90,0,0,0.08224664,0.08224664,0,-1,0,0.08224664,0,0,1.387779E-17,0,0,0.0865754,0.08224664,0,0,2.915671,8.00117,0,0.0865754,-0.0865754,11.14272,79.59071,0.02933344,0.0904713,0,0,8.00117
5/21/2007 10:00:00 PM,0,0,134.5324,90,0,0,0.1133046,0.1133046,0,-1,0,0.1133046,0,0,1.387779E-17,0,0,0.119268,0.1133046,0,0,3.011866,7.914595,0,0.119268,-0.119268,11.017,78.69271,0.02933344,0.1246351,0,0,7.914595
5/21/2007 11:00:00 PM,0,0,152.8889,90,0,0,0,0,0,-1,0,0,0,0,0,0,0,0,0,0,0,3.144386,7.795327,0,0,0,11.017,78.69271,0.02933344,0,0,0,7.795327
5/22/2007 12:00:00 AM,0,0,179.7487,90,0,0,0.04657388,0.04657388,0,-1,0,0.04657388,0,0,6.938894E-18,0,0,0.04902514,0.04657388,0,0,3.144386,7.795327,0,0.04902514,-0.04902514,10.96532,78.32359,0.02933344,0.05123127,0,0,7.795327
5/22/2007 1:00:00 AM,0,0,-153.4529,90,0,0,0.1547399,0.1547399,0,-1,0,0.1547399,0,0,2.775558E-17,0,0,0.1628841,0.1547399,0,0,3.198858,7.746302,0,0.1628841,-0.1628841,10.79363,77.0972,0.02933344,0.1702139,0,0,7.746302
5/22/2007 2:00:00 AM,0,0,-135.0026,90,0,0,0.1823328,0.1823328,0,-1,0,0.1823328,0,0,2.775558E-17,0,0,0.1919293,0.1823328,0,0,3.379841,7.583417,0,0.1919293,-0.1919293,10.59132,75.65212,0.02933344,0.2005661,0,0,7.583417
5/22/2007 3:00:00 AM,0,0,-123.8533,90,0,0,0.1724874,0.1724874,0,-1,0,0.1724874,0,0,0,0,0,0.1815657,0.1724874,0,0,3.593096,7.391488,0,0.1815657,-0.1815657,10.39993,74.28507,0.02933344,0.1897361,0,0,7.391488
5/22/2007 4:00:00 AM,0,0,-117.0083,90,0,0,0.1001003,0.1001003,0,-1,0,0.1001003,0,0,1.387779E-17,0,0,0.1053687,0.1001003,0,0,3.794835,7.209923,0,0.1053687,-0.1053687,10.28886,73.49173,0.02933344,0.1101103,0,0,7.209923
5/22/2007 5:00:00 AM,0,0,-112.663,90,0,0,0.4420501,0.4420501,0,0,0,0.4420501,0,0,5.551115E-17,0,0,0.4653159,0.4420501,0,0,3.911911,7.104554,0,0.4653159,-0.4653159,9.798377,69.98827,0.02933344,0.4862551,0,0,7.104554
5/22/2007 6:00:00 AM,0.008795401,2.971901,-109.9269,90.12771,0.008659258,0.03886275,0.132432,0.132432,0,0,0,0.132432,29.34545,0,0,0,0.03886275,0.139402,0.132432,0,0,4.428929,6.639238,0,0.1005393,-0.1005393,9.692399,69.23129,0.02933344,0.1456751,0.0310902,0,6.678101
5/22/2007 7:00:00 AM,0.1315367,16.97241,-108.4232,76.0639,0.1284541,0.5765023,0,0,0,0,0,0,0,0,0,0,0.5765023,0,0,0,0,4.540639,6.538699,0.5765023,0,0.5765023,10.23932,73.13783,0.02931785,0,0.4612018,0,7.115201
5/22/2007 8:00:00 AM,0.1818304,31.04826,-108.1409,62.12857,0.1803023,0.8091968,0,0,0,0,0,0,0,0,0,0,0.8091968,0,0,0,0,3.964137,7.05755,0.8091968,0,0.8091968,11.00699,78.62119,0.02929599,0,0.6473575,0,7.866747
5/22/2007 9:00:00 AM,0.4065328,45.08358,-109.5455,48.52649,0.3978537,1.785568,0,0,0,-1,0,0,0,0,0,0,1.785568,0,0,0,0,3.15494,7.785828,1.785568,0,1.785568,12.70093,90.72073,0.02924787,0,1.428454,0,9.571395
5/22/2007 10:00:00 AM,0.5239103,58.86304,-114.2976,35.71614,0.5130752,2.302681,0,0,0,0,0,0,0,0.9333084,0,0,2.302681,0,0,0,0,1.369373,9.392838,1.369373,0,1.369373,14.00003,100,0.02921107,0,1.842145,0,11.69552
5/22/2007 11:00:00 AM,0.684491,71.63644,-128.9354,25.0109,0.6661096,2.9895,0.8907322,0.8907322,0,0,0,0.8907322,335.6227,2.051887,0,0,2.9895,0.9376129,0.8907322,0,0,0,10.62527,0,0,0,14.00003,100,0.02921107,0.9798055,2.3916,0,13.61477
5/22/2007 12:00:00 PM,0.703765,78.87794,-179.3653,20.15376,0.6858237,3.077976,1.022835,1.022835,0,0,0,1.022835,300.9261,2.001309,0,0,3.077976,1.076668,1.022835,0,0,0,10.62527,0,0,0,14.00003,100,0.02921107,1.125118,2.462381,0,13.70325
5/22/2007 1:00:00 PM,0.6443013,71.83616,129.3874,24.86058,0.6291811,2.823765,0.5274917,0.5274917,0,0,0,0.5274917,535.3193,2.268511,0,0,2.823765,0.5552545,0.5274917,0,0,0,10.62527,0,0,0,14.00003,100,0.02921107,0.5802409,2.259012,0,13.44904
5/22/2007 2:00:00 PM,0.6985611,59.09768,114.4335,35.50588,0.6719909,3.015895,0,0,0,-1,0,0,0,3.015895,0,0,3.015895,0,0,0,0,0,10.62527,0,0,0,14.00003,100,0.02921107,0,2.412716,0,13.64117
5/22/2007 3:00:00 PM,0.492157,45.32628,109.5915,48.29499,0.4752342,2.132851,0.3126346,0.3126346,0,0,0,0.3126346,682.2185,1.803762,0,0,2.132851,0.329089,0.3126346,0,0,0,10.62527,0,0,0,14.00003,100,0.02921107,0.3438981,1.706281,0,12.75813
5/22/2007 4:00:00 PM,0.2564729,31.29303,108.1486,61.88842,0.251675,1.129518,1.086845,1.086845,0,0,0,1.086845,103.9263,2.220446E-16,0,0,1.129518,1.144047,1.086845,0,0,0,10.62527,0,0.01452954,-0.01452954,13.98471,99.8906,0.02921107,1.195529,0.9036141,0,11.75479
5/22/2007 5:00:00 PM,0.08246961,17.2168,108.4074,75.82008,0.08175443,0.3669139,0.8694879,0.8694879,0,0,0,0.8694879,42.19885,0,0,0,0.3669139,0.9152504,0.8694879,0,0,0.01614393,10.61074,0,0.5483365,-0.5483365,13.40672,95.76206,0.02921107,0.9564366,0.2935311,0,10.97766
5/22/2007 6:00:00 PM,0.02588687,3.214085,109.8908,89.88285,0.02413215,0.1083051,1.383571,1.383571,0,0,0,1.383571,7.827941,0,2.220446E-16,0,0.1083051,1.45639,1.383571,0,0,0.6254067,10.06241,0,1.348085,-1.348085,11.98571,85.61203,0.02921107,1.521928,0.08664408,0,10.17071
5/22/2007 7:00:00 PM,0,0,112.6034,90,0,0,2.157298,2.157298,0,-1,0,2.157298,0,0,0,0,0,2.27084,2.157298,0,0,2.123279,8.714323,0,2.27084,-2.27084,9.592033,68.51439,0.02921107,2.373028,0,0,8.714323
5/22/2007 8:00:00 PM,0,0,116.915,90,0,0,0,0,0,-1,0,0,0,0,0,0,0,0,0,0,0,4.646434,6.443483,0,0,0,9.592033,68.51439,0.02921107,0,0,0,6.443483
5/22/2007 9:00:00 PM,0,0,123.7046,90,0,0,2.712043,2.712043,0,-1,0,2.712043,0,0,4.440892E-16,0,0,2.854782,2.712043,0,0,4.646434,6.443483,0,2.854782,-2.854782,6.582829,47.02011,0.02921107,2.983247,0,0,6.443483
5/22/2007 10:00:00 PM,0,0,134.7562,90,0,0,0.1712238,0.1712238,0,-1,0,0.1712238,0,0,2.775558E-17,0,0,0.1802356,0.1712238,0,0,7.818414,3.588702,0,0.1802356,-0.1802356,6.392844,45.66308,0.02921107,0.1883462,0,0,3.588702
5/22/2007 11:00:00 PM,0,0,153.0535,90,0,0,0.5462335,0.5462335,0,-1,0,0.5462335,0,0,1.110223E-16,0,0,0.5749826,0.5462335,0,0,8.018676,3.408466,0,0.5749826,-0.5749826,5.786759,41.33391,0.02921107,0.6008568,0,0,3.408466
5/23/2007 12:00:00 AM,0,0,179.7197,90,0,0,0.1002877,0.1002877,0,-1,0,0.1002877,0,0,0,0,0,0.105566,0.1002877,0,0,8.657545,2.833483,0,0.105566,-0.105566,5.675483,40.53909,0.02921107,0.1103165,0,0,2.833483
5/23/2007 1:00:00 AM,0,0,-153.6545,90,0,0,0.1920338,0.1920338,0,-1,0,0.1920338,0,0,2.775558E-17,0,0,0.2021408,0.1920338,0,0,8.77484,2.727917,0,0.2021408,-0.2021408,5.462408,39.01712,0.02921107,0.2112372,0,0,2.727917
5/23/2007 2:00:00 AM,0,0,-135.2465,90,0,0,0.05137921,0.05137921,0,-1,0,0.05137921,0,0,6.938894E-18,0,0,0.05408338,0.05137921,0,0,8.999442,2.525777,0,0.05408338,-0.05408338,5.405399,38.60992,0.02921107,0.05651713,0,0,2.525777
5/23/2007 3:00:00 AM,0,0,-124.0856,90,0,0,0.2273005,0.2273005,0,-1,0,0.2273005,0,0,2.775558E-17,0,0,0.2392637,0.2273005,0,0,9.059534,2.471693,0,0.2392637,-0.2392637,5.153193,36.80845,0.02921107,0.2500306,0,0,2.471693
5/23/2007 4:00:00 AM,0,0,-117.2236,90,0,0,0.004324012,0.004324012,0,-1,0,0.004324012,0,0,0,0,0,0.004551592,0.004324012,0,0,9.325383,2.23243,0,0.004551592,-0.004551592,5.148395,36.77418,0.02921107,0.004756413,0,0,2.23243
5/23/2007 5:00:00 AM,0,0,-112.8682,90,0,0,0.4255766,0.4255766,0,0,0,0.4255766,0,0,0,0,0,0.4479754,0.4255766,0,0,9.330441,2.227878,0,0.4479754,-0.4479754,4.676188,33.40128,0.02921107,0.4681343,0,0,2.227878
5/23/2007 6:00:00 AM,0.03290914,2.987105,-110.131,90.14273,0.02583403,0.1159431,0,0,0,0,0,0,0,0,0,0,0.1159431,0,0,0,0,9.828191,1.779903,0.1159431,0,0.1159431,4.786181,34.18694,0.02920796,0,0.09275449,0,1.895846
5/23/2007 7:00:00 AM,0.1886643,16.96995,-108.6369,76.09766,0.1743324,0.7824038,1.123417,1.123417,0,0,0,1.123417,69.64503,0,0,0,0.7824038,1.182544,1.123417,0,0,9.712248,1.884251,0,0.40014,-0.40014,4.364397,31.1742,0.02920796,1.235758,0.625923,0,2.666655
5/23/2007 8:00:00 AM,0.469216,31.02763,-108.3782,62.18319,0.4309603,1.93415,0.9342506,0.9342506,0,0,0,0.9342506,207.0269,0,0,0,1.93415,0.9834217,0.9342506,0,0,10.15685,1.484111,0.9507284,0,0.9507284,5.266336,37.61662,0.02918247,1.027676,1.54732,0,3.418262
5/23/2007 9:00:00 AM,0.4577324,45.04145,-109.8287,48.60722,0.4441624,1.993401,0,0,0,-1,0,0,0,0,0,0,1.993401,0,0,0,0,9.20612,2.339767,1.993401,0,1.993401,7.157443,51.12449,0.02912918,0,1.594721,0,4.333168
5/23/2007 10:00:00 AM,0.5563198,58.79008,-114.6665,35.83355,0.5427834,2.436012,2.111264,2.111264,0,0,0,2.111264,115.3817,0,0,0,2.436012,2.222383,2.111264,0,0,7.212718,4.133828,0.2136293,0,0.2136293,7.360109,52.57211,0.02912348,2.32239,1.94881,0,6.56984
5/23/2007 11:00:00 AM,0.5155063,71.50623,-129.4338,25.18084,0.5082908,2.281209,0.5364701,0.5364701,0,0,0,0.5364701,425.2257,0,0,0,2.281209,0.5647054,0.5364701,0,0,6.999089,4.326094,1.716504,0,1.716504,8.988527,64.20364,0.02907776,0.5901172,1.824967,0,6.607303
5/23/2007 12:00:00 PM,0.8574422,78.67393,-179.3004,20.35769,0.8266256,3.709896,0,0,0,0,0,0,0,0,0,0,3.709896,0,0,0,0,5.282585,5.870947,3.709896,0,3.709896,12.50804,89.34299,0.02897943,0,2.967917,0,9.580843
5/23/2007 1:00:00 PM,0.7634753,71.72898,129.9441,25.01315,0.7380733,3.312473,0.2955378,0.2955378,0,0,0,0.2955378,1120.829,1.428692,0,0,3.312473,0.3110924,0.2955378,0,0,1.572689,9.209854,1.572689,0,1.572689,14.00003,100,0.02893795,0.3250916,2.649979,0,12.52233
5/23/2007 2:00:00 PM,0.5853104,59.05297,114.8216,35.59818,0.5694083,2.555505,0,0,0,-1,0,0,0,2.555505,0,0,2.555505,0,0,0,0,0,10.62527,0,0,0,14.00003,100,0.02893795,0,2.044404,0,13.18078
5/23/2007 3:00:00 PM,0.6995335,45.3137,109.8817,48.34768,0.6579928,2.953072,0.5669862,0.5669862,0,0,0,0.5669862,520.8367,2.356244,0,0,2.953072,0.5968276,0.5669862,0,0,0,10.62527,0,0,0,14.00003,100,0.02893795,0.6236848,2.362458,0,13.57835
5/23/2007 4:00:00 PM,0.4639742,31.30232,108.3875,61.91377,0.4272525,1.917509,0.6417494,0.6417494,0,0,0,0.6417494,298.7941,1.241983,0,0,1.917509,0.6755257,0.6417494,0,0,0,10.62527,0,0,0,14.00003,100,0.02893795,0.7059243,1.534007,0,12.54278
5/23/2007 5:00:00 PM,0.1604055,17.24425,108.6194,75.82405,0.1534967,0.688893,0.7075443,0.7075443,0,0,0,0.7075443,97.36393,0,0,0,0.688893,0.7447835,0.7075443,0,0,0,10.62527,0,0.05589053,-0.05589053,13.94111,99.57919,0.02893795,0.7782987,0.5511144,0,11.31417
5/23/2007 6:00:00 PM,0.05539664,3.258919,110.0905,89.86793,0.01366163,0.06131339,0,0,0,0,0,0,0,0,0,0,0.06131339,0,0,0,0,0.06210059,10.56938,0.06131339,0,0.06131339,13.99928,99.99467,0.02893633,0,0.04905071,0,10.6307
5/23/2007 7:00:00 PM,0,0,112.8011,90,0,0,2.038719,2.038719,0,-1,0,2.038719,0,0,4.440892E-16,0,0,2.14602,2.038719,0,0,0.0007871931,10.62457,0,2.14602,-2.14602,11.73718,83.83681,0.02893633,2.242591,0,0,10.62457
5/23/2007 8:00:00 PM,0,0,117.1185,90,0,0,1.555176,1.555176,0,-1,0,1.555176,0,0,2.220446E-16,0,0,1.637028,1.555176,0,0,2.385254,8.478545,0,1.637028,-1.637028,10.0116,71.51128,0.02893633,1.710694,0,0,8.478545
5/23/2007 9:00:00 PM,0,0,123.9181,90,0,0,1.165275,1.165275,0,-1,0,1.165275,0,0,2.220446E-16,0,0,1.226605,1.165275,0,0,4.204174,6.841518,0,1.226605,-1.226605,8.718643,62.2759,0.02893633,1.281802,0,0,6.841518
5/23/2007 10:00:00 PM,0,0,134.9698,90,0,0,0.3579171,0.3579171,0,-1,0,0.3579171,0,0,0,0,0,0.3767549,0.3579171,0,0,5.567068,5.614913,0,0.3767549,-0.3767549,8.321509,59.43923,0.02893633,0.3937088,0,0,5.614913
5/23/2007 11:00:00 PM,0,0,153.2078,90,0,0,0.3395061,0.3395061,0,-1,0,0.3395061,0,0,0,0,0,0.3573749,0.3395061,0,0,5.985684,5.238158,0,0.3573749,-0.3573749,7.944803,56.74848,0.02893633,0.3734567,0,0,5.238158
5/24/2007 12:00:00 AM,0,0,179.6869,90,0,0,0.4273668,0.4273668,0,-1,0,0.4273668,0,0,0,0,0,0.4498598,0.4273668,0,0,6.382768,4.880783,0,0.4498598,-0.4498598,7.470609,53.36139,0.02893633,0.4701035,0,0,4.880783
5/24/2007 1:00:00 AM,0,0,-153.8524,90,0,0,0.3647223,0.3647223,0,-1,0,0.3647223,0,0,5.551115E-17,0,0,0.3839182,0.3647223,0,0,6.882612,4.430923,0,0.3839182,-0.3839182,7.065924,50.47078,0.02893633,0.4011945,0,0,4.430923
5/24/2007 2:00:00 AM,0,0,-135.4846,90,0,0,0.1057785,0.1057785,0,-1,0,0.1057785,0,0,1.387779E-17,0,0,0.1113458,0.1057785,0,0,7.309187,4.047005,0,0.1113458,-0.1113458,6.948555,49.63243,0.02893633,0.1163563,0,0,4.047005
5/24/2007 3:00:00 AM,0,0,-124.312,90,0,0,0.1432497,0.1432497,0,-1,0,0.1432497,0,0,2.775558E-17,0,0,0.1507891,0.1432497,0,0,7.432905,3.93566,0,0.1507891,-0.1507891,6.789609,48.49711,0.02893633,0.1575746,0,0,3.93566
5/24/2007 4:00:00 AM,0,0,-117.4333,90,0,0,0.4621744,0.4621744,0,-1,0,0.4621744,0,0,5.551115E-17,0,0,0.4864994,0.4621744,0,0,7.600449,3.78487,0,0.4864994,-0.4864994,6.276794,44.83415,0.02893633,0.5083919,0,0,3.78487
5/24/2007 5:00:00 AM,0,0,-113.0678,90,0,0,0.2354415,0.2354415,0,0,0,0.2354415,0,0,0,0,0,0.2478331,0.2354415,0,0,8.141004,3.298371,0,0.2478331,-0.2478331,6.015555,42.96816,0.02893633,0.2589856,0,0,3.298371
5/24/2007 6:00:00 AM,0.05057393,2.999356,-110.3295,90.15981,0.01337768,0.06003904,0.2877864,0.2877864,0,0,0,0.2877864,20.86236,0,5.551115E-17,0,0.06003904,0.3029331,0.2877864,0,0,8.416373,3.050538,0,0.242894,-0.242894,5.759522,41.13936,0.02893633,0.316565,0.04803123,0,3.110577
5/24/2007 7:00:00 AM,0.265969,16.96487,-108.8445,76.13309,0.2248892,1.009303,0.3296955,0.3296955,0,0,0,0.3296955,306.1318,0,0,0,1.009303,0.3470479,0.3296955,0,0,8.686255,2.807644,0.6622548,0,0.6622548,6.387792,45.627,0.0289189,0.362665,0.8074421,0,3.816947
5/24/2007 8:00:00 AM,0.4861401,31.0047,-108.6084,62.23898,0.444711,1.995863,0.1559571,0.1559571,0,0,0,0.1559571,1279.751,0,0,0,1.995863,0.1641653,0.1559571,0,0,8.024001,3.403673,1.831697,0,1.831697,8.125493,58.03912,0.0288708,0.1715528,1.59669,0,5.399536
5/24/2007 9:00:00 AM,0.6518868,44.99743,-110.1026,48.68845,0.6142588,2.756793,1.256998,1.256998,0,-1,0,1.256998,219.3157,0,0,0,2.756793,1.323156,1.256998,0,0,6.192304,5.052201,1.433638,0,1.433638,9.485561,67.75388,0.02883327,1.382698,2.205435,0,7.808994
5/24/2007 10:00:00 AM,0.7487236,58.71589,-115.0215,35.95027,0.7162282,3.214432,1.184289,1.184289,0,0,0,1.184289,271.4229,0,0,0,3.214432,1.24662,1.184289,0,0,4.758666,6.342475,1.967812,0,1.967812,11.35239,81.08835,0.0287819,1.302718,2.571546,0,9.556907
5/24/2007 11:00:00 AM,1.016276,71.37662,-129.9064,25.34773,0.9726607,4.365301,0.004836676,0.004836676,0,0,0,0.004836676,90254.16,1.569356,0,0,4.365301,0.005091238,0.004836676,0,0,2.790854,8.113505,2.790854,0,2.790854,14.00003,100,0.02870937,0.005320344,3.492241,0,12.47881
5/24/2007 12:00:00 PM,0.8830972,78.47591,-179.227,20.55563,0.8498579,3.814162,0,0,0,0,0,0,0,3.814162,0,0,3.814162,0,0,0,0,0,10.62527,0,0,0,14.00003,100,0.02870937,0,3.05133,0,14.43944
5/24/2007 1:00:00 PM,0.9486613,71.62544,130.4831,25.16036,0.9086271,4.077919,0.9246954,0.9246954,0,0,0,0.9246954,441.0013,3.104555,0,0,4.077919,0.9733636,0.9246954,0,0,0,10.62527,0,0,0,14.00003,100,0.02870937,1.017165,3.262335,0,14.70319
5/24/2007 2:00:00 PM,0.8352409,59.01085,115.1987,35.68639,0.7956025,3.570664,0,0,0,-1,0,0,0,3.570664,0,0,3.570664,0,0,0,0,0,10.62527,0,0,0,14.00003,100,0.02870937,0,2.856531,0,14.19594
5/24/2007 3:00:00 PM,0.6720924,45.30327,110.1636,48.39704,0.6327255,2.839672,0,0,0,0,0,0,0,2.839672,0,0,2.839672,0,0,0,0,0,10.62527,0,0,0,14.00003,100,0.02870937,0,2.271737,0,13.46495
5/24/2007 4:00:00 PM,0.465599,31.31341,108.6196,61.93629,0.4282226,1.921863,0.1571749,0.1571749,0,0,0,0.1571749,1222.754,1.756416,0,0,1.921863,0.1654473,0.1571749,0,0,0,10.62527,0,0,0,14.00003,100,0.02870937,0.1728924,1.53749,0,12.54714
5/24/2007 5:00:00 PM,0.2321013,17.27317,108.8251,75.82559,0.2042538,0.9166912,1.264245,1.264245,0,0,0,1.264245,72.50897,0,0,0,0.9166912,1.330784,1.264245,0,0,0,10.62527,0,0.4140932,-0.4140932,13.56354,96.8822,0.02870937,1.39067,0.733353,0,11.54197
5/24/2007 6:00:00 PM,0.03593108,3.304858,110.284,89.85095,0.02781788,0.1248467,0.0992894,0.0992894,0,0,0,0.0992894,125.7402,0,0,0,0.1248467,0.1045152,0.0992894,0,0,0.4601036,10.21118,0.0203315,0,0.0203315,13.58282,97.01997,0.02870885,0.1092183,0.09987733,0,10.33603
5/24/2007 7:00:00 PM,0,0,112.9922,90,0,0,0,0,0,-1,0,0,0,0,0,0,0,0,0,0,0,0.4397721,10.22948,0,0,0,13.58282,97.01997,0.02870885,0,0,0,10.22948
5/24/2007 8:00:00 PM,0,0,117.3148,90,0,0,0.9561258,0.9561258,0,-1,0,0.9561258,0,0,0,0,0,1.006448,0.9561258,0,0,0.4397721,10.22948,0,1.006448,-1.006448,12.52193,89.44221,0.02870885,1.051738,0,0,10.22948
5/24/2007 9:00:00 PM,0,0,124.1233,90,0,0,1.181279,1.181279,0,-1,0,1.181279,0,0,2.220446E-16,0,0,1.243451,1.181279,0,0,1.558048,9.223031,0,1.243451,-1.243451,11.21122,80.07999,0.02870885,1.299407,0,0,9.223031
5/24/2007 10:00:00 PM,0,0,135.1735,90,0,0,0.2430176,0.2430176,0,-1,0,0.2430176,0,0,2.775558E-17,0,0,0.255808,0.2430176,0,0,2.93966,7.97958,0,0.255808,-0.255808,10.94158,78.15396,0.02870885,0.2673193,0,0,7.97958
5/24/2007 11:00:00 PM,0,0,153.352,90,0,0,0.1994816,0.1994816,0,-1,0,0.1994816,0,0,2.775558E-17,0,0,0.2099806,0.1994816,0,0,3.223891,7.723772,0,0.2099806,-0.2099806,10.72024,76.57297,0.02870885,0.2194297,0,0,7.723772
5/25/2007 12:00:00 AM,0,0,179.6504,90,0,0,0.2039783,0.2039783,0,-1,0,0.2039783,0,0,2.775558E-17,0,0,0.214714,0.2039783,0,0,3.457203,7.513792,0,0.214714,-0.214714,10.49391,74.95634,0.02870885,0.2243761,0,0,7.513792
5/25/2007 1:00:00 AM,0,0,-154.0467,90,0,0,0.231219,0.231219,0,-1,0,0.231219,0,0,0,0,0,0.2433884,0.231219,0,0,3.695774,7.299078,0,0.2433884,-0.2433884,10.23735,73.12382,0.02870885,0.2543409,0,0,7.299078
5/25/2007 2:00:00 AM,0,0,-135.7169,90,0,0,0.2327391,0.2327391,0,-1,0,0.2327391,0,0,2.775558E-17,0,0,0.2449885,0.2327391,0,0,3.966206,7.055689,0,0.2449885,-0.2449885,9.979115,71.27924,0.02870885,0.256013,0,0,7.055689
5/25/2007 3:00:00 AM,0,0,-124.5325,90,0,0,0.03001395,0.03001395,0,-1,0,0.03001395,0,0,6.938894E-18,0,0,0.03159363,0.03001395,0,0,4.238415,6.8107,0,0.03159363,-0.03159363,9.945811,71.04137,0.02870885,0.03301535,0,0,6.8107
5/25/2007 4:00:00 AM,0,0,-117.6374,90,0,0,0,0,0,-1,0,0,0,0,0,0,0,0,0,0,0,4.27352,6.779107,0,0,0,9.945811,71.04137,0.02870885,0,0,0,6.779107
5/25/2007 5:00:00 AM,0,0,-113.2619,90,0,0,0,0,0,0,0,0,0,0,0,0,0,0,0,0,0,4.27352,6.779107,0,0,0,9.945811,71.04137,0.02870885,0,0,0,6.779107
5/25/2007 6:00:00 AM,0.03894568,3.008694,-110.5222,90.17889,0.02415599,0.1084121,0.2183165,0.2183165,0,0,0,0.2183165,49.65822,0,0,0,0.1084121,0.2298069,0.2183165,0,0,4.27352,6.779107,0,0.1213948,-0.1213948,9.81785,70.12737,0.02870885,0.2401482,0.08672968,0,6.887519
5/25/2007 7:00:00 AM,0.2854019,16.95721,-109.0457,76.1701,0.2382433,1.069236,0.7020385,0.7020385,0,0,0,0.7020385,152.3044,0,0,0,1.069236,0.7389879,0.7020385,0,0,4.408402,6.657712,0.3302478,0,0.3302478,10.13115,72.36522,0.02870029,0.7722423,0.8553885,0,7.726948
5/25/2007 8:00:00 AM,0.3917148,30.97956,-108.8312,62.29585,0.3669738,1.646978,1.068342,1.068342,0,0,0,1.068342,154.162,0,0,0,1.646978,1.124571,1.068342,0,0,4.078155,6.954935,0.5224074,0,0.5224074,10.62675,75.9052,0.02868676,1.175177,1.317583,0,8.601913
5/25/2007 9:00:00 AM,0.6287432,44.95163,-110.3672,48.77003,0.5933142,2.662794,1.694965,1.694965,0,-1,0,1.694965,157.1003,0,0,0,2.662794,1.784173,1.694965,0,0,3.555747,7.425102,0.878621,0,0.878621,11.46028,81.859,0.02866404,1.864461,2.130235,0,10.0879
5/25/2007 10:00:00 AM,0.7493531,58.64063,-115.3627,36.06615,0.7163584,3.215016,1.283683,1.283683,0,0,0,1.283683,250.4524,0,0,0,3.215016,1.351246,1.283683,0,0,2.677126,8.21586,1.863771,0,1.863771,13.22841,94.48846,0.02861595,1.412052,2.572013,0,11.43088
5/25/2007 11:00:00 AM,0.7172815,71.24785,-130.3538,25.51144,0.6952026,3.12007,0,0,0,0,0,0,0,2.306714,0,0,3.12007,0,0,0,0,0.8133556,9.893254,0.8133556,0,0.8133556,14.00003,100,0.02859502,0,2.496056,0,13.01332
5/25/2007 12:00:00 PM,0.7598576,78.28391,-179.1458,20.74751,0.7363993,3.30496,1.330796,1.330796,0,0,0,1.330796,248.3445,1.904122,0,0,3.30496,1.400838,1.330796,0,0,0,10.62527,0,0,0,14.00003,100,0.02859502,1.463876,2.643968,0,13.93023
5/25/2007 1:00:00 PM,0.7773731,71.52568,131.0047,25.30216,0.7500234,3.366105,0.04604371,0.04604371,0,0,0,0.04604371,7310.673,3.317638,0,0,3.366105,0.04846707,0.04604371,0,0,0,10.62527,0,0,0,14.00003,100,0.02859502,0.05064808,2.692884,0,13.99138
5/25/2007 2:00:00 PM,0.7885059,58.97139,115.5648,35.77047,0.752186,3.375811,1.028488,1.028488,0,-1,0,1.028488,328.2305,2.293192,0,0,3.375811,1.082619,1.028488,0,0,0,10.62527,0,0,0,14.00003,100,0.02859502,1.131337,2.700649,0,14.00109
5/25/2007 3:00:00 PM,0.6341589,45.29499,110.4373,48.44304,0.5985748,2.686404,0.1428023,0.1428023,0,0,0,0.1428023,1881.205,2.536086,0,0,2.686404,0.1503182,0.1428023,0,0,0,10.62527,0,0,0,14.00003,100,0.02859502,0.1570825,2.149123,0,13.31168
5/25/2007 4:00:00 PM,0.2835091,31.32629,108.8446,61.95598,0.2761663,1.239434,0.6083637,0.6083637,0,0,0,0.6083637,203.7325,0.5990515,0,0,1.239434,0.6403829,0.6083637,0,0,0,10.62527,0,0,0,14.00003,100,0.02859502,0.6692001,0.9915475,0,11.86471
5/25/2007 5:00:00 PM,0.1529592,17.30353,109.0244,75.82474,0.1473032,0.6610969,1.03863,1.03863,0,0,0,1.03863,63.65089,0,0,0,0.6610969,1.093294,1.03863,0,0,0,10.62527,0,0.4321972,-0.4321972,13.54445,96.7459,0.02859502,1.142492,0.5288776,0,11.28637
5/25/2007 6:00:00 PM,0.02989247,3.351851,110.4712,89.83197,0.02668272,0.119752,0.9241216,0.9241216,0,0,0,0.9241216,12.95847,0,1.110223E-16,0,0.119752,0.9727595,0.9241216,0,0,0.4802192,10.19308,0,0.8530075,-0.8530075,12.6453,90.32342,0.02859502,1.016534,0.09580164,0,10.31283
5/25/2007 7:00:00 PM,0,0,113.1768,90,0,0,0.8863503,0.8863503,0,-1,0,0.8863503,0,0,1.110223E-16,0,0,0.9330003,0.8863503,0,0,1.428005,9.34007,0,0.9330003,-0.9330003,11.66183,83.29865,0.02859502,0.9749854,0,0,9.34007
5/25/2007 8:00:00 PM,0,0,117.5039,90,0,0,0,0,0,-1,0,0,0,0,0,0,0,0,0,0,0,2.464672,8.407069,0,0,0,11.66183,83.29865,0.02859502,0,0,0,8.407069
5/25/2007 9:00:00 PM,0,0,124.32,90,0,0,0.923281,0.923281,0,-1,0,0.923281,0,0,0,0,0,0.9718747,0.923281,0,0,2.464672,8.407069,0,0.9718747,-0.9718747,10.63739,75.98119,0.02859502,1.015609,0,0,8.407069
5/25/2007 10:00:00 PM,0,0,135.3672,90,0,0,0.08755323,0.08755323,0,-1,0,0.08755323,0,0,1.387779E-17,0,0,0.09216129,0.08755323,0,0,3.544533,7.435194,0,0.09216129,-0.09216129,10.54024,75.28729,0.02859502,0.09630855,0,0,7.435194
5/25/2007 11:00:00 PM,0,0,153.4864,90,0,0,0.2018107,0.2018107,0,-1,0,0.2018107,0,0,2.775558E-17,0,0,0.2124324,0.2018107,0,0,3.646935,7.343033,0,0.2124324,-0.2124324,10.31632,73.68784,0.02859502,0.2219918,0,0,7.343033
5/26/2007 12:00:00 AM,0,0,179.6103,90,0,0,0,0,0,-1,0,0,0,0,0,0,0,0,0,0,0,3.88297,7.130601,0,0,0,10.31632,73.68784,0.02859502,0,0,0,7.130601
5/26/2007 1:00:00 AM,0,0,-154.2372,90,0,0,0.2363746,0.2363746,0,-1,0,0.2363746,0,0,2.775558E-17,0,0,0.2488153,0.2363746,0,0,3.88297,7.130601,0,0.2488153,-0.2488153,10.05404,71.81446,0.02859502,0.260012,0,0,7.130601
5/26/2007 2:00:00 AM,0,0,-135.9434,90,0,0,0,0,0,-1,0,0,0,0,0,0,0,0,0,0,0,4.159432,6.881785,0,0,0,10.05404,71.81446,0.02859502,0,0,0,6.881785
5/26/2007 3:00:00 AM,0,0,-124.7471,90,0,0,0,0,0,-1,0,0,0,0,0,0,0,0,0,0,0,4.159432,6.881785,0,0,0,10.05404,71.81446,0.02859502,0,0,0,6.881785
5/26/2007 4:00:00 AM,0,0,-117.8358,90,0,0,0.5344904,0.5344904,0,-1,0,0.5344904,0,0,1.110223E-16,0,0,0.5626215,0.5344904,0,0,4.159432,6.881785,0,0.5626215,-0.5626215,9.460989,67.57836,0.02859502,0.5879394,0,0,6.881785
5/26/2007 5:00:00 AM,0,0,-113.4504,90,0,0,0,0,0,0,0,0,0,0,0,0,0,0,0,0,0,4.784567,6.319164,0,0,0,9.460989,67.57836,0.02859502,0,0,0,6.319164
5/26/2007 6:00:00 AM,0.01310411,3.01516,-110.7092,90.19992,0.01282532,0.05756005,0.07792664,0.07792664,0,0,0,0.07792664,73.8644,0,0,0,0.05756005,0.08202804,0.07792664,0,0,4.784567,6.319164,0,0.02446799,-0.02446799,9.435198,67.39413,0.02859502,0.0857193,0.04604804,0,6.376724
5/26/2007 7:00:00 AM,0.137029,16.94705,-109.2407,76.20862,0.1331824,0.5977228,0.6413064,0.6413064,0,0,0,0.6413064,93.20393,0,0,0,0.5977228,0.6750594,0.6413064,0,0,4.811754,6.294696,0,0.07733665,-0.07733665,9.353678,66.81185,0.02859502,0.7054371,0.4781782,0,6.892419
5/26/2007 8:00:00 AM,0.3697599,30.95229,-109.0467,62.35372,0.3489023,1.565874,1.84381,1.84381,0,0,0,1.84381,84.92597,0,0,0,1.565874,1.940853,1.84381,0,0,4.897683,6.21736,0,0.374979,-0.374979,8.958415,63.98855,0.02859502,2.028191,1.252699,0,7.783233
5/26/2007 9:00:00 AM,0.3141702,44.90417,-110.6223,48.85188,0.310608,1.394009,0.9198986,0.9198986,0,-1,0,0.9198986,151.5394,0,0,0,1.394009,0.9683143,0.9198986,0,0,5.314326,5.842381,0.4256942,0,0.4256942,9.362265,66.87318,0.02858408,1.011889,1.115207,0,7.236389
5/26/2007 10:00:00 AM,0.5782525,58.56449,-115.6901,36.18106,0.5621746,2.523039,0.1732315,0.1732315,0,0,0,0.1732315,1456.456,0,0,0,2.523039,0.1823489,0.1732315,0,0,4.888632,6.225505,2.34069,0,2.34069,11.58284,82.73439,0.02852405,0.1905546,2.018431,0,8.748545
5/26/2007 11:00:00 AM,0.7239317,71.12015,-130.7764,25.67181,0.7009503,3.145865,0,0,0,0,0,0,0,0.597923,0,0,3.145865,0,0,0,0,2.547942,8.332127,2.547942,0,2.547942,14.00003,100,0.028459,0,2.516692,0,11.47799
5/26/2007 12:00:00 PM,0.6635681,78.09801,-179.0571,20.93329,0.6478135,2.907387,0,0,0,0,0,0,0,2.907387,0,0,2.907387,0,0,0,0,0,10.62527,0,0,0,14.00003,100,0.028459,0,2.32591,0,13.53266
5/26/2007 1:00:00 PM,0.5904251,71.4298,131.5093,25.43849,0.5785211,2.596403,0,0,0,0,0,0,0,2.596403,0,0,2.596403,0,0,0,0,0,10.62527,0,0,0,14.00003,100,0.028459,0,2.077122,0,13.22168
5/26/2007 2:00:00 PM,0.4834291,58.93467,115.9199,35.85037,0.4749627,2.131633,0.9595363,0.9595363,0,-1,0,0.9595363,222.1524,1.121594,0,0,2.131633,1.010038,0.9595363,0,0,0,10.62527,0,0,0,14.00003,100,0.028459,1.05549,1.705306,0,12.75691
5/26/2007 3:00:00 PM,0.4471718,45.28891,110.7027,48.48567,0.4344864,1.949975,0.3371125,0.3371125,0,0,0,0.3371125,578.4344,1.59512,0,0,1.949975,0.3548553,0.3371125,0,0,0,10.62527,0,0,0,14.00003,100,0.028459,0.3708238,1.55998,0,12.57525
5/26/2007 4:00:00 PM,0.2233479,31.34094,109.0626,61.97286,0.2204354,0.9893143,1.264672,1.264672,0,0,0,1.264672,78.22694,0,0,0,0.9893143,1.331234,1.264672,0,0,0,10.62527,0,0.3419195,-0.3419195,13.63961,97.42561,0.028459,1.391139,0.7914514,0,11.61459
5/26/2007 5:00:00 PM,0.1819729,17.33529,109.2172,75.82151,0.170164,0.7636958,1.125577,1.125577,0,0,0,1.125577,67.84929,0,0,0,0.7636958,1.184818,1.125577,0,0,0.3799106,10.28335,0,0.4211217,-0.4211217,13.19571,94.2549,0.028459,1.238134,0.6109567,0,11.04705
5/26/2007 6:00:00 PM,0.02825492,3.399845,110.652,89.81104,0.0259252,0.1163523,0.4772938,0.4772938,0,0,0,0.4772938,24.3775,0,1.110223E-16,0,0.1163523,0.5024145,0.4772938,0,0,0.8478236,9.862233,0,0.3860623,-0.3860623,12.78877,91.34815,0.028459,0.5250232,0.09308182,0,9.978585
5/26/2007 7:00:00 PM,0,0,113.3548,90,0,0,0,0,0,-1,0,0,0,0,0,0,0,0,0,0,0,1.276782,9.476171,0,0,0,12.78877,91.34815,0.028459,0,0,0,9.476171
5/26/2007 8:00:00 PM,0,0,117.6856,90,0,0,0.8862479,0.8862479,0,-1,0,0.8862479,0,0,1.110223E-16,0,0,0.9328926,0.8862479,0,0,1.276782,9.476171,0,0.9328926,-0.9328926,11.80541,84.3242,0.028459,0.9748727,0,0,9.476171
5/26/2007 9:00:00 PM,0,0,124.5083,90,0,0,0,0,0,-1,0,0,0,0,0,0,0,0,0,0,0,2.313329,8.543278,0,0,0,11.80541,84.3242,0.028459,0,0,0,8.543278
5/26/2007 10:00:00 PM,0,0,135.5512,90,0,0,0.1467227,0.1467227,0,-1,0,0.1467227,0,0,2.775558E-17,0,0,0.154445,0.1467227,0,0,2.313329,8.543278,0,0.154445,-0.154445,11.64261,83.16135,0.028459,0.161395,0,0,8.543278
5/26/2007 11:00:00 PM,0,0,153.6112,90,0,0,0,0,0,-1,0,0,0,0,0,0,0,0,0,0,0,2.484935,8.388833,0,0,0,11.64261,83.16135,0.028459,0,0,0,8.388833
5/27/2007 12:00:00 AM,0,0,179.5668,90,0,0,0,0,0,-1,0,0,0,0,0,0,0,0,0,0,0,2.484935,8.388833,0,0,0,11.64261,83.16135,0.028459,0,0,0,8.388833
5/27/2007 1:00:00 AM,0,0,-154.4242,90,0,0,0.2350376,0.2350376,0,-1,0,0.2350376,0,0,2.775558E-17,0,0,0.247408,0.2350376,0,0,2.484935,8.388833,0,0.247408,-0.247408,11.38182,81.29856,0.028459,0.2585413,0,0,8.388833
5/27/2007 2:00:00 AM,0,0,-136.1641,90,0,0,0.5605227,0.5605227,0,-1,0,0.5605227,0,0,0,0,0,0.5900239,0.5605227,0,0,2.759832,8.141425,0,0.5900239,-0.5900239,10.75988,76.85614,0.028459,0.616575,0,0,8.141425
5/27/2007 3:00:00 AM,0,0,-124.9558,90,0,0,0.2102553,0.2102553,0,-1,0,0.2102553,0,0,2.775558E-17,0,0,0.2213214,0.2102553,0,0,3.415414,7.551401,0,0.2213214,-0.2213214,10.52659,75.18977,0.028459,0.2312808,0,0,7.551401
5/27/2007 4:00:00 AM,0,0,-118.0284,90,0,0,0,0,0,-1,0,0,0,0,0,0,0,0,0,0,0,3.661327,7.33008,0,0,0,10.52659,75.18977,0.028459,0,0,0,7.33008
5/27/2007 5:00:00 AM,0,0,-113.6332,90,0,0,0.03119744,0.03119744,0,0,0,0.03119744,0,0,0,0,0,0.03283941,0.03119744,0,0,3.661327,7.33008,0,0.03283941,-0.03283941,10.49197,74.94251,0.028459,0.03431718,0,0,7.33008
5/27/2007 6:00:00 AM,0.0470049,3.0188,-110.8902,90.22285,0.01729348,0.07761313,0.273937,0.273937,0,0,0,0.273937,28.33248,0,0,0,0.07761313,0.2883547,0.273937,0,0,3.697815,7.29724,0,0.2107416,-0.2107416,10.26983,73.35579,0.028459,0.3013307,0.0620905,0,7.374854
5/27/2007 7:00:00 AM,0.2304589,16.93445,-109.4293,76.2486,0.2007071,0.9007736,0,0,0,0,0,0,0,0,0,0,0.9007736,0,0,0,0,3.931973,7.086499,0.9007736,0,0.9007736,11.12438,79.4597,0.02843607,0,0.7206189,0,7.987273
5/27/2007 8:00:00 AM,0.4299474,30.92299,-109.2548,62.41248,0.3970374,1.781904,1.152455,1.152455,0,0,0,1.152455,154.6181,0,0,0,1.781904,1.21311,1.152455,0,0,3.031199,7.897195,0.5687937,0,0.5687937,11.66399,83.31401,0.02842161,1.2677,1.425523,0,9.679099
5/27/2007 9:00:00 AM,0.6512883,44.85519,-110.868,48.93385,0.6123196,2.74809,1.802095,1.802095,0,-1,0,1.802095,152.4942,0,0,0,2.74809,1.896942,1.802095,0,0,2.462405,8.409109,0.8511481,0,0.8511481,12.47146,89.08164,0.0284,1.982305,2.198472,0,11.1572
5/27/2007 10:00:00 AM,0.8311166,58.48761,-116.0037,36.29483,0.7900687,3.545828,0,0,0,0,0,0,0,1.934571,0,0,3.545828,0,0,0,0,1.611257,9.175142,1.611257,0,1.611257,14.00003,100,0.02835919,0,2.836663,0,12.72097
5/27/2007 11:00:00 AM,0.934044,70.99374,-131.1749,25.82872,0.8933008,4.009134,0.5581903,0.5581903,0,0,0,0.5581903,718.2378,3.421565,0,0,4.009134,0.5875688,0.5581903,0,0,0,10.62527,0,0,0,14.00003,100,0.02835919,0.6140094,3.207307,0,14.63441
5/27/2007 12:00:00 PM,1.062979,77.91824,-178.9616,21.11291,1.017633,4.567139,0.4152552,0.4152552,0,0,0,0.4152552,1099.839,4.130028,0,0,4.567139,0.4371107,0.4152552,0,0,0,10.62527,0,0,0,14.00003,100,0.02835919,0.4567807,3.653711,0,15.19241
5/27/2007 1:00:00 PM,1.055695,71.33791,131.9973,25.56928,1.008654,4.526841,1.610216,1.610216,0,0,0,1.610216,281.1325,2.831877,0,0,4.526841,1.694965,1.610216,0,0,0,10.62527,0,0,0,14.00003,100,0.02835919,1.771238,3.621473,0,15.15211
5/27/2007 2:00:00 PM,0.9072076,58.90071,116.264,35.92605,0.8614905,3.866369,0.4294278,0.4294278,0,-1,0,0.4294278,900.3538,3.41434,0,0,3.866369,0.4520293,0.4294278,0,0,0,10.62527,0,0,0,14.00003,100,0.02835919,0.4723706,3.093096,0,14.49164
5/27/2007 3:00:00 PM,0.7023757,45.28502,110.9597,48.52491,0.6587251,2.956358,0,0,0,0,0,0,0,2.956358,0,0,2.956358,0,0,0,0,0,10.62527,0,0,0,14.00003,100,0.02835919,0,2.365087,0,13.58163
5/27/2007 4:00:00 PM,0.4530424,31.35737,109.2735,61.98692,0.4168769,1.870944,0.7495992,0.7495992,0,0,0,0.7495992,249.5925,1.081892,0,0,1.870944,0.7890518,0.7495992,0,0,0,10.62527,0,0,0,14.00003,100,0.02835919,0.8245591,1.496755,0,12.49622
5/27/2007 5:00:00 PM,0.2265216,17.36843,109.4035,75.81593,0.2003407,0.8991292,0.3852825,0.3852825,0,0,0,0.3852825,233.3688,0.4935687,0,0,0.8991292,0.4055605,0.3852825,0,0,0,10.62527,0,0,0,14.00003,100,0.02835919,0.4238107,0.7193034,0,11.5244
5/27/2007 6:00:00 PM,0.05210947,3.448787,110.8265,89.78819,0.01990986,0.08935545,0,0,0,0,0,0,0,0.08935545,0,0,0.08935545,0,0,0,0,0,10.62527,0,0,0,14.00003,100,0.02835919,0,0.07148436,0,10.71463
5/27/2007 7:00:00 PM,0,0,113.5261,90,0,0,1.034772,1.034772,0,-1,0,1.034772,0,0,0,0,0,1.089233,1.034772,0,0,0,10.62527,0,1.089233,-1.089233,12.85188,91.79893,0.02835919,1.138249,0,0,10.62527
5/27/2007 8:00:00 PM,0,0,117.8601,90,0,0,1.45173,1.45173,0,-1,0,1.45173,0,0,2.220446E-16,0,0,1.528137,1.45173,0,0,1.210259,9.53604,0,1.528137,-1.528137,11.24108,80.29324,0.02835919,1.596904,0,0,9.53604
5/27/2007 9:00:00 PM,0,0,124.6882,90,0,0,0,0,0,-1,0,0,0,0,0,0,0,0,0,0,0,2.90819,8.007903,0,0,0,11.24108,80.29324,0.02835919,0,0,0,8.007903
5/27/2007 10:00:00 PM,0,0,135.7255,90,0,0,0.1803772,0.1803772,0,-1,0,0.1803772,0,0,0,0,0,0.1898708,0.1803772,0,0,2.90819,8.007903,0,0.1898708,-0.1898708,11.04094,78.86367,0.02835919,0.198415,0,0,8.007903
5/27/2007 11:00:00 PM,0,0,153.7265,90,0,0,0,0,0,-1,0,0,0,0,0,0,0,0,0,0,0,3.119157,7.818033,0,0,0,11.04094,78.86367,0.02835919,0,0,0,7.818033
5/28/2007 12:00:00 AM,0,0,179.52,90,0,0,0.01441713,0.01441713,0,-1,0,0.01441713,0,0,1.734723E-18,0,0,0.01517592,0.01441713,0,0,3.119157,7.818033,0,0.01517592,-0.01517592,11.02494,78.7494,0.02835919,0.01585884,0,0,7.818033
5/28/2007 1:00:00 AM,0,0,-154.6075,90,0,0,0.1147258,0.1147258,0,-1,0,0.1147258,0,0,1.387779E-17,0,0,0.120764,0.1147258,0,0,3.136019,7.802857,0,0.120764,-0.120764,10.89764,77.84015,0.02835919,0.1261984,0,0,7.802857
5/28/2007 2:00:00 AM,0,0,-136.3789,90,0,0,0.3569795,0.3569795,0,-1,0,0.3569795,0,0,5.551115E-17,0,0,0.3757679,0.3569795,0,0,3.270202,7.682093,0,0.3757679,-0.3757679,10.50155,75.01091,0.02835919,0.3926774,0,0,7.682093
5/28/2007 3:00:00 AM,0,0,-125.1586,90,0,0,0.3141374,0.3141374,0,-1,0,0.3141374,0,0,0,0,0,0.330671,0.3141374,0,0,3.687721,7.306325,0,0.330671,-0.330671,10.15299,72.52122,0.02835919,0.3455512,0,0,7.306325
5/28/2007 4:00:00 AM,0,0,-118.2153,90,0,0,0,0,0,-1,0,0,0,0,0,0,0,0,0,0,0,4.055134,6.975654,0,0,0,10.15299,72.52122,0.02835919,0,0,0,6.975654
5/28/2007 5:00:00 AM,0,0,-113.8102,90,0,0,0.128068,0.128068,0,0,0,0.128068,0,0,2.775558E-17,0,0,0.1348084,0.128068,0,0,4.055134,6.975654,0,0.1348084,-0.1348084,10.01089,71.50621,0.02835919,0.1408748,0,0,6.975654
5/28/2007 6:00:00 AM,0.03508375,3.019659,-111.0654,90.24765,0.02566622,0.11519,0.2801785,0.2801785,0,0,0,0.2801785,41.11308,0,5.551115E-17,0,0.11519,0.2949247,0.2801785,0,0,4.204921,6.840846,0,0.1797347,-0.1797347,9.821433,70.15295,0.02835919,0.3081963,0.09215199,0,6.956036
5/28/2007 7:00:00 AM,0.169218,16.91948,-109.6115,76.28994,0.1593806,0.7153003,0.9885564,0.9885564,0,0,0,0.9885564,72.35806,0,1.110223E-16,0,0.7153003,1.040586,0.9885564,0,0,4.404626,6.661111,0,0.3252855,-0.3252855,9.478552,67.7038,0.02835919,1.087412,0.5722402,0,7.376411
5/28/2007 8:00:00 AM,0.1953479,30.89174,-109.4554,62.47205,0.1933956,0.8679596,0,0,0,0,0,0,0,0,0,0,0.8679596,0,0,0,0,4.766054,6.335825,0.8679596,0,0.8679596,10.30197,73.58536,0.02833725,0,0.6943676,0,7.203785
5/28/2007 9:00:00 AM,0.4608452,44.80478,-111.1042,49.01584,0.4459889,2.001598,0.5840281,0.5840281,0,-1,0,0.5840281,342.7229,0,0,0,2.001598,0.6147664,0.5840281,0,0,3.898095,7.116989,1.386832,0,1.386832,11.61763,82.98294,0.02830227,0.6424308,1.601278,0,9.118587
5/28/2007 10:00:00 AM,0.7646645,58.41017,-116.3035,36.40734,0.7289199,3.271393,0.2701502,0.2701502,0,0,0,0.2701502,1210.953,0.4757607,0,0,3.271393,0.2843687,0.2701502,0,0,2.511263,8.365137,2.511263,0,2.511263,14.00003,100,0.02823914,0.2971652,2.617114,0,11.63653
5/28/2007 11:00:00 AM,0.4659854,70.86882,-131.5497,25.98203,0.4605646,2.067014,0.09916066,0.09916066,0,0,0,0.09916066,2084.51,1.962634,0,0,2.067014,0.1043796,0.09916066,0,0,0,10.62527,0,0,0,14.00003,100,0.02823914,0.1090767,1.653611,0,12.69229
5/28/2007 12:00:00 PM,0.4886677,77.74464,-178.8595,21.28632,0.4829657,2.16755,1.121937,1.121937,0,0,0,1.121937,193.1971,0.9865637,0,0,2.16755,1.180987,1.121937,0,0,0,10.62527,0,0,0,14.00003,100,0.02823914,1.234131,1.73404,0,12.79282
5/28/2007 1:00:00 PM,0.7372795,71.25011,132.4691,25.69451,0.7126296,3.198282,1.155029,1.155029,0,0,0,1.155029,276.9006,1.982462,0,0,3.198282,1.21582,1.155029,0,0,0,10.62527,0,0,0,14.00003,100,0.02823914,1.270532,2.558625,0,13.82356
5/28/2007 2:00:00 PM,0.659334,58.8696,116.5971,35.99747,0.63489,2.849386,1.010741,1.010741,0,-1,0,1.010741,281.9106,1.785448,0,0,2.849386,1.063938,1.010741,0,0,0,10.62527,0,0,0,14.00003,100,0.02823914,1.111815,2.279509,0,13.47466
5/28/2007 3:00:00 PM,0.5193676,45.28334,111.2083,48.56074,0.4978069,2.234157,0.7033728,0.7033728,0,0,0,0.7033728,317.6349,1.493765,0,0,2.234157,0.7403925,0.7033728,0,0,0,10.62527,0,0,0,14.00003,100,0.02823914,0.7737101,1.787326,0,12.85943
5/28/2007 4:00:00 PM,0.3104968,31.37555,109.4773,61.99819,0.2997377,1.345223,0,0,0,0,0,0,0,1.345223,0,0,1.345223,0,0,0,0,0,10.62527,0,0,0,14.00003,100,0.02823914,0,1.076178,0,11.9705
5/28/2007 5:00:00 PM,0.117995,17.40289,109.5832,75.80805,0.1161157,0.5211273,0,0,0,0,0,0,0,0.5211273,0,0,0.5211273,0,0,0,0,0,10.62527,0,0,0,14.00003,100,0.02823914,0,0.4169019,0,11.1464
5/28/2007 6:00:00 PM,0.03492564,3.498621,110.9945,89.76348,0.02882023,0.1293452,0.9001933,0.9001933,0,0,0,0.9001933,14.3686,0,1.110223E-16,0,0.1293452,0.9475719,0.9001933,0,0,0,10.62527,0,0.8182266,-0.8182266,13.13754,93.83939,0.02823914,0.9902126,0.1034762,0,10.75462
5/28/2007 7:00:00 PM,0,0,113.6907,90,0,0,1.158037,1.158037,0,-1,0,1.158037,0,0,0,0,0,1.218987,1.158037,0,0,0.9091407,9.807048,0,1.218987,-1.218987,11.85262,84.66138,0.02823914,1.273841,0,0,9.807048
5/28/2007 8:00:00 PM,0,0,118.0273,90,0,0,0.5971746,0.5971746,0,-1,0,0.5971746,0,0,0,0,0,0.6286049,0.5971746,0,0,2.26357,8.58806,0,0.6286049,-0.6286049,11.19001,79.92847,0.02823914,0.6568921,0,0,8.58806
5/28/2007 9:00:00 PM,0,0,124.8598,90,0,0,1.709311,1.709311,0,-1,0,1.709311,0,0,2.220446E-16,0,0,1.799275,1.709311,0,0,2.96202,7.959456,0,1.799275,-1.799275,9.293406,66.38134,0.02823914,1.880242,0,0,7.959456
5/28/2007 10:00:00 PM,0,0,135.8902,90,0,0,0.3132186,0.3132186,0,-1,0,0.3132186,0,0,5.551115E-17,0,0,0.3297038,0.3132186,0,0,4.961215,6.160181,0,0.3297038,-0.3297038,8.945868,63.89893,0.02823914,0.3445405,0,0,6.160181
5/28/2007 11:00:00 PM,0,0,153.8327,90,0,0,0.05670274,0.05670274,0,-1,0,0.05670274,0,0,6.938894E-18,0,0,0.0596871,0.05670274,0,0,5.327552,5.830477,0,0.0596871,-0.0596871,8.882953,63.44954,0.02823914,0.06237302,0,0,5.830477
5/29/2007 12:00:00 AM,0,0,179.47,90,0,0,0,0,0,-1,0,0,0,0,0,0,0,0,0,0,0,5.393871,5.77079,0,0,0,8.882953,63.44954,0.02823914,0,0,0,5.77079
5/29/2007 1:00:00 AM,0,0,-154.7872,90,0,0,0,0,0,-1,0,0,0,0,0,0,0,0,0,0,0,5.393871,5.77079,0,0,0,8.882953,63.44954,0.02823914,0,0,0,5.77079
5/29/2007 2:00:00 AM,0,0,-136.5878,90,0,0,0.2165079,0.2165079,0,-1,0,0.2165079,0,0,2.775558E-17,0,0,0.2279031,0.2165079,0,0,5.393871,5.77079,0,0.2279031,-0.2279031,8.642721,61.7336,0.02823914,0.2381587,0,0,5.77079
5/29/2007 3:00:00 AM,0,0,-125.3553,90,0,0,0,0,0,-1,0,0,0,0,0,0,0,0,0,0,0,5.647097,5.542887,0,0,0,8.642721,61.7336,0.02823914,0,0,0,5.542887
5/29/2007 4:00:00 AM,0,0,-118.3963,90,0,0,0.1353257,0.1353257,0,-1,0,0.1353257,0,0,0,0,0,0.1424481,0.1353257,0,0,5.647097,5.542887,0,0.1424481,-0.1424481,8.492568,60.66108,0.02823914,0.1488583,0,0,5.542887
5/29/2007 5:00:00 AM,0,0,-113.9815,90,0,0,0,0,0,0,0,0,0,0,0,0,0,0,0,0,0,5.805373,5.400439,0,0,0,8.492568,60.66108,0.02823914,0,0,0,5.400439
5/29/2007 6:00:00 AM,0.02165663,3.017786,-111.2346,90.27424,0.02071756,0.09298039,0,0,0,0,0,0,0,0,0,0,0.09298039,0,0,0,0,5.805373,5.400439,0.09298039,0,0.09298039,8.580777,61.29114,0.02823681,0,0.07438432,0,5.493419
5/29/2007 7:00:00 AM,0.2942077,16.90219,-109.7872,76.3326,0.2429015,1.090142,0.9720796,0.9720796,0,0,0,0.9720796,112.1453,0,0,0,1.090142,1.023242,0.9720796,0,0,5.712392,5.484121,0.06690039,0,0.06690039,8.644244,61.74448,0.02823513,1.069288,0.8721136,0,6.574263
5/29/2007 8:00:00 AM,0.3383861,30.85863,-109.6485,62.53233,0.3224783,1.447283,2.283744,2.283744,0,0,0,2.283744,63.37325,0,0,0,1.447283,2.403941,2.283744,0,0,5.645492,5.544332,0,0.9566581,-0.9566581,7.635838,54.54159,0.02823513,2.512118,1.157826,0,6.991614
5/29/2007 9:00:00 AM,0.6591805,44.75307,-111.3309,49.09773,0.6184286,2.775508,0.4118861,0.4118861,0,-1,0,0.4118861,673.8532,0,0,0,2.775508,0.4335643,0.4118861,0,0,6.708445,4.587674,2.341943,0,2.341943,9.8576,70.41129,0.02817653,0.4530747,2.220406,0,7.363181
5/29/2007 10:00:00 AM,0.8215913,58.33232,-116.5895,36.51845,0.7803712,3.502306,1.233273,1.233273,0,0,0,1.233273,283.9846,0,0,0,3.502306,1.298182,1.233273,0,0,4.366502,6.695423,2.204124,0,2.204124,11.94862,85.34708,0.0281216,1.3566,2.801845,0,10.19773
5/29/2007 11:00:00 AM,0.8226912,70.74561,-131.9015,26.13162,0.7896623,3.544004,0.2135715,0.2135715,0,0,0,0.2135715,1659.4,1.156814,0,0,3.544004,0.2248121,0.2135715,0,0,2.162378,8.679134,2.162378,0,2.162378,14.00003,100,0.02806791,0.2349286,2.835203,0,12.22314
5/29/2007 12:00:00 PM,0.894081,77.57726,-178.7512,21.45349,0.8578601,3.850076,1.53818,1.53818,0,0,0,1.53818,250.3008,2.23094,0,0,3.850076,1.619137,1.53818,0,0,0,10.62527,0,0,0,14.00003,100,0.02806791,1.691998,3.080061,0,14.47535
5/29/2007 1:00:00 PM,0.6224157,71.1665,132.9249,25.81411,0.6076763,2.727252,1.505534,1.505534,0,0,0,1.505534,181.1484,1.142479,0,0,2.727252,1.584773,1.505534,0,0,0,10.62527,0,0,0,14.00003,100,0.02806791,1.656087,2.181801,0,13.35253
5/29/2007 2:00:00 PM,0.5314019,58.84137,116.9192,36.06459,0.5191593,2.329987,0.9765506,0.9765506,0,-1,0,0.9765506,238.5936,1.302039,0,0,2.329987,1.027948,0.9765506,0,0,0,10.62527,0,0,0,14.00003,100,0.02806791,1.074206,1.86399,0,12.95526
5/29/2007 3:00:00 PM,0.6029519,45.28388,111.4484,48.59316,0.569901,2.557716,1.020519,1.020519,0,0,0,1.020519,250.629,1.483486,0,0,2.557716,1.07423,1.020519,0,0,0,10.62527,0,0,0,14.00003,100,0.02806791,1.122571,2.046173,0,13.18299
5/29/2007 4:00:00 PM,0.2361011,31.39546,109.6738,62.00666,0.2324583,1.043273,2.082567,2.082567,0,0,0,2.082567,50.09554,0,0,0,1.043273,2.192176,2.082567,0,0,0,10.62527,0,1.148903,-1.148903,12.78898,91.34966,0.02806791,2.290823,0.8346184,0,11.66855
5/29/2007 5:00:00 PM,0.161552,17.43865,109.7563,75.7979,0.1543588,0.6927621,0.8238795,0.8238795,0,0,0,0.8238795,84.08536,0,0,0,0.6927621,0.8672416,0.8238795,0,0,1.276559,9.476372,0,0.1744796,-0.1744796,12.60506,90.03596,0.02806791,0.9062675,0.5542096,0,10.16913
5/29/2007 6:00:00 PM,0.04181582,3.549289,111.156,89.73697,0.02852229,0.128008,0.3901062,0.3901062,0,0,0,0.3901062,32.81364,0,0,0,0.128008,0.4106381,0.3901062,0,0,1.470425,9.301892,0,0.2826301,-0.2826301,12.30714,87.90798,0.02806791,0.4291168,0.1024064,0,9.4299
5/29/2007 7:00:00 PM,0,0,113.8486,90,0,0,0.4436245,0.4436245,0,-1,0,0.4436245,0,0,5.551115E-17,0,0,0.4669732,0.4436245,0,0,1.784458,9.019262,0,0.4669732,-0.4669732,11.81491,84.39204,0.02806791,0.487987,0,0,9.019262
5/29/2007 8:00:00 PM,0,0,118.1871,90,0,0,2.279089,2.279089,0,-1,0,2.279089,0,0,0,0,0,2.399041,2.279089,0,0,2.303317,8.552289,0,2.399041,-2.399041,9.286098,66.32914,0.02806791,2.506998,0,0,8.552289
5/29/2007 9:00:00 PM,0,0,125.023,90,0,0,0.08580534,0.08580534,0,-1,0,0.08580534,0,0,1.387779E-17,0,0,0.09032141,0.08580534,0,0,4.968919,6.153247,0,0.09032141,-0.09032141,9.19089,65.64909,0.02806791,0.09438588,0,0,6.153247
5/29/2007 10:00:00 PM,0,0,136.0453,90,0,0,0.01982248,0.01982248,0,-1,0,0.01982248,0,0,0,0,0,0.02086577,0.01982248,0,0,5.069276,6.062926,0,0.02086577,-0.02086577,9.168896,65.49198,0.02806791,0.02180473,0,0,6.062926
5/29/2007 11:00:00 PM,0,0,153.9298,90,0,0,0.1287304,0.1287304,0,-1,0,0.1287304,0,0,2.775558E-17,0,0,0.1355056,0.1287304,0,0,5.09246,6.04206,0,0.1355056,-0.1355056,9.026061,64.47173,0.02806791,0.1416034,0,0,6.04206
5/30/2007 12:00:00 AM,0,0,179.4169,90,0,0,0.05874173,0.05874173,0,-1,0,0.05874173,0,0,6.938894E-18,0,0,0.0618334,0.05874173,0,0,5.243022,5.906554,0,0.0618334,-0.0618334,8.960882,64.00617,0.02806791,0.06461591,0,0,5.906554
5/30/2007 1:00:00 AM,0,0,-154.9633,90,0,0,0.1670326,0.1670326,0,-1,0,0.1670326,0,0,2.775558E-17,0,0,0.1758238,0.1670326,0,0,5.311726,5.844721,0,0.1758238,-0.1758238,8.775548,62.68236,0.02806791,0.1837358,0,0,5.844721
5/30/2007 2:00:00 AM,0,0,-136.791,90,0,0,0,0,0,-1,0,0,0,0,0,0,0,0,0,0,0,5.507085,5.668897,0,0,0,8.775548,62.68236,0.02806791,0,0,0,5.668897
5/30/2007 3:00:00 AM,0,0,-125.5459,90,0,0,0.2017733,0.2017733,0,-1,0,0.2017733,0,0,2.775558E-17,0,0,0.2123929,0.2017733,0,0,5.507085,5.668897,0,0.2123929,-0.2123929,8.551666,61.08321,0.02806791,0.2219506,0,0,5.668897
5/30/2007 4:00:00 AM,0,0,-118.5714,90,0,0,0,0,0,-1,0,0,0,0,0,0,0,0,0,0,0,5.743078,5.456504,0,0,0,8.551666,61.08321,0.02806791,0,0,0,5.456504
5/30/2007 5:00:00 AM,0,0,-114.147,90,0,0,0.2073923,0.2073923,0,0,0,0.2073923,0,0,2.775558E-17,0,0,0.2183077,0.2073923,0,0,5.743078,5.456504,0,0.2183077,-0.2183077,8.321549,59.43952,0.02806791,0.2281315,0,0,5.456504
5/30/2007 6:00:00 AM,0.04604275,3.013231,-111.3978,90.30257,0.01806895,0.08109343,0,0,0,0,0,0,0,0,0,0,0.08109343,0,0,0,0,5.985641,5.238197,0.08109343,0,0.08109343,8.398481,59.98904,0.0280659,0,0.06487475,0,5.31929
5/30/2007 7:00:00 AM,0.3091934,16.88267,-109.9563,76.37647,0.2542374,1.141017,0,0,0,0,0,0,0,0,0,0,1.141017,0,0,0,0,5.904548,5.311181,1.141017,0,1.141017,9.480946,67.72091,0.02803766,0,0.912814,0,6.452198
5/30/2007 8:00:00 AM,0.5518748,30.82375,-109.8339,62.59322,0.4992609,2.240683,1.545912,1.545912,0,0,0,1.545912,144.9425,0,0,0,2.240683,1.627276,1.545912,0,0,4.763531,6.338097,0.6134075,0,0.6134075,10.06288,71.87754,0.02802251,1.700503,1.792547,0,8.578779
5/30/2007 9:00:00 AM,0.779116,44.70019,-111.5479,49.17941,0.7275499,3.265244,0.9192958,0.9192958,0,-1,0,0.9192958,355.1897,0,0,0,3.265244,0.9676798,0.9192958,0,0,4.150123,6.890163,2.297564,0,2.297564,12.24254,87.44651,0.02796588,1.011225,2.612195,0,10.15541
5/30/2007 10:00:00 AM,0.9451352,58.25422,-116.8617,36.62803,0.8954726,4.018881,0.4164517,0.4164517,0,0,0,0.4164517,965.0294,1.727952,0,0,4.018881,0.4383702,0.4164517,0,0,1.852559,8.957971,1.852559,0,1.852559,14.00003,100,0.02792038,0.4580968,3.215105,0,12.97685
5/30/2007 11:00:00 AM,1.031351,70.62428,-132.2306,26.27738,0.98389,4.415698,0.9626141,0.9626141,0,0,0,0.9626141,458.7195,3.40242,0,0,4.415698,1.013278,0.9626141,0,0,0,10.62527,0,0,0,14.00003,100,0.02792038,1.058875,3.532559,0,15.04097
5/30/2007 12:00:00 PM,1.047706,77.41614,-178.637,21.61436,1.001642,4.495367,0,0,0,0,0,0,0,4.495367,0,0,4.495367,0,0,0,0,0,10.62527,0,0,0,14.00003,100,0.02792038,0,3.596293,0,15.12064
5/30/2007 1:00:00 PM,0.9592802,71.08717,133.3651,25.92804,0.9157935,4.110082,0,0,0,0,0,0,0,4.110082,0,0,4.110082,0,0,0,0,0,10.62527,0,0,0,14.00003,100,0.02792038,0,3.288065,0,14.73536
5/30/2007 2:00:00 PM,0.9007825,58.81605,117.2303,36.12739,0.8540695,3.833064,0.5986452,0.5986452,0,-1,0,0.5986452,640.2897,3.202911,0,0,3.833064,0.6301528,0.5986452,0,0,0,10.62527,0,0,0,14.00003,100,0.02792038,0.6585097,3.066451,0,14.45834
5/30/2007 3:00:00 PM,0.6502617,45.28664,111.6801,48.62217,0.6109559,2.74197,0.5512387,0.5512387,0,0,0,0.5512387,497.4198,2.161719,0,0,2.74197,0.5802512,0.5512387,0,0,0,10.62527,0,0,0,14.00003,100,0.02792038,0.6063625,2.193576,0,13.36724
5/30/2007 4:00:00 PM,0.3952166,31.41709,109.8631,62.01237,0.369617,1.658841,1.638481,1.638481,0,0,0,1.638481,101.2427,0,0,0,1.658841,1.724716,1.638481,0,0,0,10.62527,0,0.06587516,-0.06587516,13.93059,99.50401,0.02792038,1.802329,1.327073,0,12.28412
5/30/2007 5:00:00 PM,0.2422417,17.47566,109.9227,75.7855,0.2100489,0.9426996,0.8722758,0.8722758,0,0,0,0.8722758,108.0736,0,0,0,0.9426996,0.9181851,0.8722758,0,0,0.07319462,10.5594,0.02451449,0,0.02451449,13.95385,99.67013,0.02791978,0.9595034,0.7541596,0,11.5021
5/30/2007 6:00:00 PM,0.04281213,3.600732,111.3109,89.70872,0.02865796,0.1286169,0,0,0,0,0,0,0,0.07993681,0,0,0.1286169,0,0,0,0,0.04868013,10.58146,0.04868013,0,0.04868013,14.00003,100,0.02791858,0,0.1028935,0,10.71008
5/30/2007 7:00:00 PM,0,0,113.9998,90,0,0,0,0,0,-1,0,0,0,0,0,0,0,0,0,0,0,0,10.62527,0,0,0,14.00003,100,0.02791858,0,0,0,10.62527
5/30/2007 8:00:00 PM,0,0,118.3396,90,0,0,1.242667,1.242667,0,-1,0,1.242667,0,0,0,0,0,1.30807,1.242667,0,0,0,10.62527,0,1.30807,-1.30807,12.6212,90.15125,0.02791858,1.366934,0,0,10.62527
5/30/2007 9:00:00 PM,0,0,125.1779,90,0,0,1.731959,1.731959,0,-1,0,1.731959,0,0,2.220446E-16,0,0,1.823115,1.731959,0,0,1.453412,9.317204,0,1.823115,-1.823115,10.69947,76.42463,0.02791858,1.905155,0,0,9.317204
5/30/2007 10:00:00 PM,0,0,136.1911,90,0,0,0.02180392,0.02180392,0,-1,0,0.02180392,0,0,3.469447E-18,0,0,0.02295149,0.02180392,0,0,3.479095,7.494089,0,0.02295149,-0.02295149,10.67528,76.25182,0.02791858,0.02398431,0,0,7.494089
5/30/2007 11:00:00 PM,0,0,154.0182,90,0,0,0.3431305,0.3431305,0,-1,0,0.3431305,0,0,5.551115E-17,0,0,0.36119,0.3431305,0,0,3.504596,7.471138,0,0.36119,-0.36119,10.29455,73.53234,0.02791858,0.3774435,0,0,7.471138
5/31/2007 12:00:00 AM,0,0,179.361,90,0,0,0.06880513,0.06880513,0,-1,0,0.06880513,0,0,0,0,0,0.07242645,0.06880513,0,0,3.905918,7.109948,0,0.07242645,-0.07242645,10.2182,72.98703,0.02791858,0.07568564,0,0,7.109948
5/31/2007 1:00:00 AM,0,0,-155.1357,90,0,0,0.1557458,0.1557458,0,-1,0,0.1557458,0,0,2.775558E-17,0,0,0.163943,0.1557458,0,0,3.986392,7.037521,0,0.163943,-0.163943,10.04539,71.75266,0.02791858,0.1713204,0,0,7.037521
5/31/2007 2:00:00 AM,0,0,-136.9882,90,0,0,0.07904033,0.07904033,0,-1,0,0.07904033,0,0,1.387779E-17,0,0,0.08320034,0.07904033,0,0,4.168551,6.873578,0,0.08320034,-0.08320034,9.957692,71.12623,0.02791858,0.08694436,0,0,6.873578
5/31/2007 3:00:00 AM,0,0,-125.7305,90,0,0,0,0,0,-1,0,0,0,0,0,0,0,0,0,0,0,4.260996,6.790378,0,0,0,9.957692,71.12623,0.02791858,0,0,0,6.790378
5/31/2007 4:00:00 AM,0,0,-118.7406,90,0,0,0.3412344,0.3412344,0,-1,0,0.3412344,0,0,5.551115E-17,0,0,0.3591941,0.3412344,0,0,4.260996,6.790378,0,0.3591941,-0.3591941,9.579068,68.42178,0.02791858,0.3753579,0,0,6.790378
5/31/2007 5:00:00 AM,0,0,-114.3065,90,0,0,0.02932037,0.02932037,0,0,0,0.02932037,0,0,3.469447E-18,0,0,0.03086355,0.02932037,0,0,4.6601,6.431184,0,0.03086355,-0.03086355,9.546535,68.1894,0.02791858,0.03225241,0,0,6.431184
5/31/2007 6:00:00 AM,0.03387904,3.006047,-111.5548,90.3326,0.02570436,0.1153612,0,0,0,0,0,0,0,0,0,0,0.1153612,0,0,0,0,4.694393,6.40032,0.1153612,0,0.1153612,9.655976,68.97112,0.02791576,0,0.09228894,0,6.515681
5/31/2007 7:00:00 AM,0.1318606,16.86098,-110.1188,76.42152,0.1284075,0.5762931,0.2015536,0.2015536,0,0,0,0.2015536,285.9254,0,0,0,0.5762931,0.2121617,0.2015536,0,0,4.579032,6.504145,0.3641313,0,0.3641313,10.00142,71.43858,0.02790683,0.221709,0.4610344,0,7.080438
5/31/2007 8:00:00 AM,0.345681,30.7872,-110.0117,62.65465,0.3280814,1.472429,0,0,0,0,0,0,0,0,0,0,1.472429,0,0,0,0,4.214901,6.831863,1.472429,0,1.472429,11.39829,81.4162,0.02787081,0,1.177944,0,8.304293
5/31/2007 9:00:00 AM,0.4195511,44.64624,-111.7553,49.26076,0.4086133,1.833856,0.5666426,0.5666426,0,-1,0,0.5666426,323.6355,0,0,0,1.833856,0.5964659,0.5666426,0,0,2.742471,8.15705,1.237391,0,1.237391,12.57218,89.80112,0.02784061,0.6233069,1.467085,0,9.990907
5/31/2007 10:00:00 AM,0.514766,58.17603,-117.1202,36.73594,0.5033582,2.259072,0,0,0,0,0,0,0,0.7539907,0,0,2.259072,0,0,0,0,1.505081,9.270701,1.505081,0,1.505081,14.00003,100,0.02780397,0,1.807257,0,11.52977
5/31/2007 11:00:00 AM,0.78533,70.50504,-132.5377,26.41917,0.7550265,3.388559,0.9712332,0.9712332,0,0,0,0.9712332,348.8924,2.366208,0,0,3.388559,1.022351,0.9712332,0,0,0,10.62527,0,0,0,14.00003,100,0.02780397,1.068357,2.710847,0,14.01383
5/31/2007 12:00:00 PM,0.8217024,77.26131,-178.5173,21.7689,0.7908389,3.549285,0.8398473,0.8398473,0,0,0,0.8398473,422.6108,2.665235,0,0,3.549285,0.8840498,0.8398473,0,0,0,10.62527,0,0,0,14.00003,100,0.02780397,0.923832,2.839428,0,14.17456
5/31/2007 1:00:00 PM,0.606345,71.01219,133.79,26.03626,0.5925753,2.659478,0,0,0,0,0,0,0,2.659478,0,0,2.659478,0,0,0,0,0,10.62527,0,0,0,14.00003,100,0.02780397,0,2.127582,0,13.28475
5/31/2007 2:00:00 PM,0.6353396,58.7937,117.5304,36.18583,0.6127616,2.750074,0.4891188,0.4891188,0,-1,0,0.4891188,562.2508,2.235212,0,0,2.750074,0.5148618,0.4891188,0,0,0,10.62527,0,0,0,14.00003,100,0.02780397,0.5380306,2.200059,0,13.37535
5/31/2007 3:00:00 PM,0.5632591,45.29165,111.9032,48.64774,0.5350896,2.401482,1.477425,1.477425,0,0,0,1.477425,162.5451,0.8462976,0,0,2.401482,1.555184,1.477425,0,0,0,10.62527,0,0,0,14.00003,100,0.02780397,1.625168,1.921185,0,13.02676
5/31/2007 4:00:00 PM,0.1500224,31.44041,110.0451,62.01533,0.1489536,0.6685036,0.0815703,0.0815703,0,0,0,0.0815703,819.543,0.5826402,0,0,0.6685036,0.08586347,0.0815703,0,0,0,10.62527,0,0,0,14.00003,100,0.02780397,0.08972733,0.5348029,0,11.29378
5/31/2007 5:00:00 PM,0.05160891,17.51388,110.0824,75.7709,0.05123566,0.2299457,1.393097,1.393097,0,0,0,1.393097,16.50608,0,0,0,0.2299457,1.466418,1.393097,0,0,0,10.62527,0,1.236472,-1.236472,12.69667,90.69033,0.02780397,1.532407,0.1839565,0,10.85522
5/31/2007 6:00:00 PM,0.03923124,3.65289,111.4594,89.67877,0.02993852,0.1343641,0,0,0,0,0,0,0,0,0,0,0.1343641,0,0,0,0,1.373858,9.388803,0.1343641,0,0.1343641,12.82414,91.60082,0.02780071,0,0.1074913,0,9.523167
5/31/2007 7:00:00 PM,0,0,114.1442,90,0,0,0,0,0,-1,0,0,0,0,0,0,0,0,0,0,0,1.239494,9.509729,0,0,0,12.82414,91.60082,0.02780071,0,0,0,9.509729
5/31/2007 8:00:00 PM,0,0,118.4847,90,0,0,0,0,0,-1,0,0,0,0,0,0,0,0,0,0,0,1.239494,9.509729,0,0,0,12.82414,91.60082,0.02780071,0,0,0,9.509729
5/31/2007 9:00:00 PM,0,0,125.3245,90,0,0,0,0,0,-1,0,0,0,0,0,0,0,0,0,0,0,1.239494,9.509729,0,0,0,12.82414,91.60082,0.02780071,0,0,0,9.509729
5/31/2007 10:00:00 PM,0,0,136.3276,90,0,0,0.2471219,0.2471219,0,-1,0,0.2471219,0,0,0,0,0,0.2601283,0.2471219,0,0,1.239494,9.509729,0,0.2601283,-0.2601283,12.54994,89.64226,0.02780071,0.2718341,0,0,9.509729
5/31/2007 11:00:00 PM,0,0,154.0979,90,0,0,0.2662744,0.2662744,0,-1,0,0.2662744,0,0,0,0,0,0.2802888,0.2662744,0,0,1.528525,9.249601,0,0.2802888,-0.2802888,12.25449,87.53191,0.02780071,0.2929018,0,0,9.249601
6/1/2007 12:00:00 AM,0,0,179.3022,90,0,0,0.01043693,0.01043693,0,-1,0,0.01043693,0,0,0,0,0,0.01098624,0.01043693,0,0,1.839957,8.969313,0,0.01098624,-0.01098624,12.24291,87.44919,0.02780071,0.01148062,0,0,8.969313
6/1/2007 1:00:00 AM,0,0,-155.3045,90,0,0,0.5475783,0.5475783,0,-1,0,0.5475783,0,0,1.110223E-16,0,0,0.5763982,0.5475783,0,0,1.852164,8.958326,0,0.5763982,-0.5763982,11.63533,83.10936,0.02780071,0.6023361,0,0,8.958326
6/1/2007 2:00:00 AM,0,0,-137.1796,90,0,0,0.3679153,0.3679153,0,-1,0,0.3679153,0,0,0,0,0,0.3872792,0.3679153,0,0,2.492607,8.381928,0,0.3872792,-0.3872792,11.22711,80.19345,0.02780071,0.4047068,0,0,8.381928
6/1/2007 3:00:00 AM,0,0,-125.9089,90,0,0,0.3805154,0.3805154,0,-1,0,0.3805154,0,0,5.551115E-17,0,0,0.4005426,0.3805154,0,0,2.922917,7.994649,0,0.4005426,-0.4005426,10.8049,77.17768,0.02780071,0.418567,0,0,7.994649
6/1/2007 4:00:00 AM,0,0,-118.9038,90,0,0,0.3691756,0.3691756,0,-1,0,0.3691756,0,0,5.551115E-17,0,0,0.3886059,0.3691756,0,0,3.367964,7.594107,0,0.3886059,-0.3886059,10.39527,74.25178,0.02780071,0.4060932,0,0,7.594107
6/1/2007 5:00:00 AM,0,0,-114.4601,90,0,0,0.2203038,0.2203038,0,0,0,0.2203038,0,0,2.775558E-17,0,0,0.2318987,0.2203038,0,0,3.799748,7.205501,0,0.2318987,-0.2318987,10.15083,72.50577,0.02780071,0.2423341,0,0,7.205501
6/1/2007 6:00:00 AM,0.04971797,2.996289,-111.7058,90.36425,0.01383241,0.06207987,0.05107966,0.05107966,0,0,0,0.05107966,121.5354,0,0,0,0.06207987,0.05376806,0.05107966,0,0,4.057414,6.973602,0.008311809,0,0.008311809,10.15871,72.56209,0.0278005,0.05618763,0.0496639,0,7.035682
6/1/2007 7:00:00 AM,0.2513917,16.83719,-110.2747,76.46763,0.2118567,0.9508129,1.192534,1.192534,0,0,0,1.192534,79.73048,0,2.220446E-16,0,0.9508129,1.255299,1.192534,0,0,4.049102,6.981082,0,0.3044858,-0.3044858,9.837756,70.26955,0.0278005,1.311787,0.7606503,0,7.931895
6/1/2007 8:00:00 AM,0.4749129,30.74907,-110.1818,62.71651,0.431649,1.93724,0.8408033,0.8408033,0,0,0,0.8408033,230.4035,0,0,0,1.93724,0.8850561,0.8408033,0,0,4.38742,6.676597,1.052184,0,1.052184,10.83595,77.39946,0.02777495,0.9248835,1.549792,0,8.613837
6/1/2007 9:00:00 AM,0.742757,44.59135,-111.953,49.34167,0.6929539,3.109977,0.9241232,0.9241232,0,-1,0,0.9241232,336.5327,0,0,0,3.109977,0.9727613,0.9241232,0,0,3.335235,7.623563,2.137216,0,2.137216,12.86349,91.88187,0.02772319,1.016536,2.487982,0,10.73354
6/1/2007 10:00:00 AM,0.9031448,58.09788,-117.3651,36.84206,0.8550295,3.837373,0.3789867,0.3789867,0,0,0,0.3789867,1012.535,2.24042,0,0,3.837373,0.3989333,0.3789867,0,0,1.198019,9.547057,1.198019,0,1.198019,14.00003,100,0.02769426,0.4168853,3.069898,0,13.38443
6/1/2007 11:00:00 AM,0.9346542,70.38804,-132.8231,26.55691,0.8916722,4.001825,1.917027,1.917027,0,0,0,1.917027,208.7516,1.983901,0,0,4.001825,2.017924,1.917027,0,0,0,10.62527,0,0,0,14.00003,100,0.02769426,2.10873,3.20146,0,14.6271
6/1/2007 12:00:00 PM,0.8173791,77.11282,-178.3923,21.91706,0.786594,3.530234,0.8458877,0.8458877,0,0,0,0.8458877,417.3408,2.639826,0,0,3.530234,0.8904081,0.8458877,0,0,0,10.62527,0,0,0,14.00003,100,0.02769426,0.9304765,2.824187,0,14.15551
6/1/2007 1:00:00 PM,0.9673198,70.94164,134.1998,26.13875,0.9225492,4.140401,0,0,0,0,0,0,0,4.140401,0,0,4.140401,0,0,0,0,0,10.62527,0,0,0,14.00003,100,0.02769426,0,3.31232,0,14.76567
6/1/2007 2:00:00 PM,0.8772205,58.77435,117.8195,36.23989,0.8311486,3.730195,1.235719,1.235719,0,-1,0,1.235719,301.8644,2.429438,0,0,3.730195,1.300757,1.235719,0,0,0,10.62527,0,0,0,14.00003,100,0.02769426,1.359291,2.984156,0,14.35547
6/1/2007 3:00:00 PM,0.7222809,45.29887,112.1177,48.6699,0.6749117,3.029003,0.1894957,0.1894957,0,0,0,0.1894957,1598.455,2.829534,0,0,3.029003,0.1994691,0.1894957,0,0,0,10.62527,0,0,0,14.00003,100,0.02769426,0.2084452,2.423203,0,13.65428
6/1/2007 4:00:00 PM,0.4200711,31.46539,110.2197,62.01556,0.3891414,1.746467,0.08208235,0.08208235,0,0,0,0.08208235,2127.701,1.660064,0,0,1.746467,0.08640247,0.08208235,0,0,0,10.62527,0,0,0,14.00003,100,0.02769426,0.09029058,1.397173,0,12.37174
6/1/2007 5:00:00 PM,0.2168066,17.55327,110.2354,75.75414,0.1939601,0.8704932,0,0,0,0,0,0,0,0.8704932,0,0,0.8704932,0,0,0,0,0,10.62527,0,0,0,14.00003,100,0.02769426,0,0.6963945,0,11.49577
6/1/2007 6:00:00 PM,0.0402987,3.705701,111.6012,89.64719,0.03022958,0.1356704,1.257344,1.257344,0,0,0,1.257344,10.79024,0,2.220446E-16,0,0.1356704,1.32352,1.257344,0,0,0,10.62527,0,1.187849,-1.187849,12.74792,91.05643,0.02769426,1.383078,0.1085363,0,10.76094
6/1/2007 7:00:00 PM,0,0,114.2818,90,0,0,0.4406827,0.4406827,0,-1,0,0.4406827,0,0,5.551115E-17,0,0,0.4638766,0.4406827,0,0,1.319833,9.437425,0,0.4638766,-0.4638766,12.25896,87.5638,0.02769426,0.484751,0,0,9.437425
6/1/2007 8:00:00 PM,0,0,118.6225,90,0,0,0.1131851,0.1131851,0,-1,0,0.1131851,0,0,1.387779E-17,0,0,0.1191422,0.1131851,0,0,1.835251,8.973548,0,0.1191422,-0.1191422,12.13337,86.66675,0.02769426,0.1245036,0,0,8.973548
6/1/2007 9:00:00 PM,0,0,125.4629,90,0,0,2.231792,2.231792,0,-1,0,2.231792,0,0,4.440892E-16,0,0,2.349255,2.231792,0,0,1.967631,8.854406,0,2.349255,-2.349255,9.657037,68.9787,0.02769426,2.454971,0,0,8.854406
6/1/2007 10:00:00 PM,0,0,136.4549,90,0,0,0.4917532,0.4917532,0,-1,0,0.4917532,0,0,5.551115E-17,0,0,0.517635,0.4917532,0,0,4.577914,6.505151,0,0.517635,-0.517635,9.111403,65.08131,0.02769426,0.5409285,0,0,6.505151
6/1/2007 11:00:00 PM,0,0,154.1692,90,0,0,0.04635508,0.04635508,0,-1,0,0.04635508,0,0,6.938894E-18,0,0,0.04879482,0.04635508,0,0,5.153064,5.987516,0,0.04879482,-0.04879482,9.059968,64.71393,0.02769426,0.05099059,0,0,5.987516
6/2/2007 12:00:00 AM,0,0,179.2407,90,0,0,0.2195303,0.2195303,0,-1,0,0.2195303,0,0,2.775558E-17,0,0,0.2310846,0.2195303,0,0,5.207281,5.938722,0,0.2310846,-0.2310846,8.816383,62.97404,0.02769426,0.2414834,0,0,5.938722
6/2/2007 1:00:00 AM,0,0,-155.4697,90,0,0,0.1771293,0.1771293,0,-1,0,0.1771293,0,0,0,0,0,0.1864519,0.1771293,0,0,5.464041,5.707637,0,0.1864519,-0.1864519,8.619845,61.5702,0.02769426,0.1948422,0,0,5.707637
6/2/2007 2:00:00 AM,0,0,-137.365,90,0,0,0.2113101,0.2113101,0,-1,0,0.2113101,0,0,0,0,0,0.2224317,0.2113101,0,0,5.67121,5.521185,0,0.2224317,-0.2224317,8.385382,59.89547,0.02769426,0.2324411,0,0,5.521185
6/2/2007 3:00:00 AM,0,0,-126.0812,90,0,0,0,0,0,-1,0,0,0,0,0,0,0,0,0,0,0,5.918356,5.298753,0,0,0,8.385382,59.89547,0.02769426,0,0,0,5.298753
6/2/2007 4:00:00 AM,0,0,-119.0609,90,0,0,0.1411247,0.1411247,0,-1,0,0.1411247,0,0,0,0,0,0.1485523,0.1411247,0,0,5.918356,5.298753,0,0.1485523,-0.1485523,8.228794,58.77699,0.02769426,0.1552371,0,0,5.298753
6/2/2007 5:00:00 AM,0,0,-114.6077,90,0,0,0.216186,0.216186,0,0,0,0.216186,0,0,0,0,0,0.2275642,0.216186,0,0,6.083415,5.150201,0,0.2275642,-0.2275642,7.988921,57.0636,0.02769426,0.2378046,0,0,5.150201
6/2/2007 6:00:00 AM,0.03349987,2.984011,-111.8505,90.39747,0.02557327,0.1147728,0.03785653,0.03785653,0,0,0,0.03785653,303.1784,0,0,0,0.1147728,0.03984898,0.03785653,0,0,6.336264,4.922637,0.07492384,0,0.07492384,8.059999,57.57131,0.02769245,0.04164219,0.09181827,0,5.03741
6/2/2007 7:00:00 AM,0.2375662,16.81139,-110.4239,76.51475,0.2028986,0.9106088,0.8429263,0.8429263,0,0,0,0.8429263,108.0295,0,0,0,0.9106088,0.8872908,0.8429263,0,0,6.26134,4.990068,0.02331799,0,0.02331799,8.082121,57.72932,0.02769189,0.9272189,0.7284871,0,5.900677
6/2/2007 8:00:00 AM,0.4831751,30.70944,-110.3442,62.77871,0.4381126,1.966249,2.681952,2.681952,0,0,0,2.681952,73.31411,0,0,0,1.966249,2.823108,2.681952,0,0,6.238022,5.011055,0,0.8568583,-0.8568583,7.178913,51.27785,0.02769189,2.950148,1.573,0,6.977304
6/2/2007 9:00:00 AM,0.5871993,44.53563,-112.141,49.42204,0.5540661,2.486648,0.7347392,0.7347392,0,-1,0,0.7347392,338.4396,0,0,0,2.486648,0.7734097,0.7347392,0,0,7.190086,4.154196,1.713239,0,1.713239,8.804234,62.88726,0.02765063,0.8082132,1.989319,0,6.640845
6/2/2007 10:00:00 AM,0.9195975,58.01993,-117.5964,36.94627,0.8700793,3.904916,0.3461573,0.3461573,0,0,0,0.3461573,1128.075,0,0,0,3.904916,0.3643761,0.3461573,0,0,5.476848,5.696111,3.54054,0,3.54054,12.16308,86.87901,0.02756575,0.3807731,3.123933,0,9.601027
6/2/2007 11:00:00 AM,1.041205,70.27346,-133.0875,26.69047,0.9918928,4.451615,1.225376,1.225376,0,0,0,1.225376,363.2857,1.225438,0,0,4.451615,1.289869,1.225376,0,0,1.936308,8.882597,1.936308,0,1.936308,14.00003,100,0.02751955,1.347913,3.561292,0,13.33421
6/2/2007 12:00:00 PM,1.061487,76.97071,-178.2623,22.05881,1.013454,4.548381,0.9632543,0.9632543,0,0,0,0.9632543,472.189,3.534429,0,0,4.548381,1.013952,0.9632543,0,0,0,10.62527,0,0,0,14.00003,100,0.02751955,1.05958,3.638705,0,15.17365
6/2/2007 1:00:00 PM,0.8580988,70.8756,134.5947,26.23545,0.8208406,3.683933,0.6239615,0.6239615,0,0,0,0.6239615,590.4102,3.027131,0,0,3.683933,0.6568016,0.6239615,0,0,0,10.62527,0,0,0,14.00003,100,0.02751955,0.6863576,2.947146,0,14.30921
6/2/2007 2:00:00 PM,0.6974885,58.75803,118.0975,36.28955,0.6676128,2.996246,0,0,0,-1,0,0,0,2.996246,0,0,2.996246,0,0,0,0,0,10.62527,0,0,0,14.00003,100,0.02751955,0,2.396997,0,13.62152
6/2/2007 3:00:00 PM,0.435867,45.30833,112.3235,48.68864,0.423621,1.901211,0.3919689,0.3919689,0,0,0,0.3919689,485.0413,1.488612,0,0,1.901211,0.4125989,0.3919689,0,0,0,10.62527,0,0,0,14.00003,100,0.02751955,0.4311658,1.520969,0,12.52649
6/2/2007 4:00:00 PM,0.2213474,31.49202,110.387,62.01308,0.2184461,0.9803861,0,0,0,0,0,0,0,0.9803861,0,0,0.9803861,0,0,0,0,0,10.62527,0,0,0,14.00003,100,0.02751955,0,0.7843089,0,11.60566
6/2/2007 5:00:00 PM,0.2097646,17.59377,110.3815,75.73527,0.1894134,0.8500872,1.151186,1.151186,0,0,0,1.151186,73.84444,0,0,0,0.8500872,1.211775,1.151186,0,0,0,10.62527,0,0.361688,-0.361688,13.61878,97.27677,0.02751955,1.266305,0.6800697,0,11.47536
6/2/2007 6:00:00 PM,0.03662789,3.759103,111.7363,89.61404,0.03042902,0.1365655,1.099565,1.099565,0,0,0,1.099565,12.41996,0,0,0,0.1365655,1.157437,1.099565,0,0,0.4018755,10.26359,0,1.020871,-1.020871,12.54268,89.59041,0.02751955,1.209521,0.1092524,0,10.40015
6/2/2007 7:00:00 PM,0,0,114.4126,90,0,0,0.7280082,0.7280082,0,-1,0,0.7280082,0,0,1.110223E-16,0,0,0.7663244,0.7280082,0,0,1.536177,9.242715,0,0.7663244,-0.7663244,11.73491,83.82059,0.02751955,0.800809,0,0,9.242715
6/2/2007 8:00:00 PM,0,0,118.7529,90,0,0,0.8835748,0.8835748,0,-1,0,0.8835748,0,0,1.110223E-16,0,0,0.9300787,0.8835748,0,0,2.387648,8.476391,0,0.9300787,-0.9300787,10.75452,76.81783,0.02751955,0.9719322,0,0,8.476391
6/2/2007 9:00:00 PM,0,0,125.593,90,0,0,0,0,0,-1,0,0,0,0,0,0,0,0,0,0,0,3.421069,7.546312,0,0,0,10.75452,76.81783,0.02751955,0,0,0,7.546312
6/2/2007 10:00:00 PM,0,0,136.5731,90,0,0,0.09575178,0.09575178,0,-1,0,0.09575178,0,0,1.387779E-17,0,0,0.1007913,0.09575178,0,0,3.421069,7.546312,0,0.1007913,-0.1007913,10.64827,76.05894,0.02751955,0.105327,0,0,7.546312
6/2/2007 11:00:00 PM,0,0,154.2322,90,0,0,0.2585401,0.2585401,0,-1,0,0.2585401,0,0,0,0,0,0.2721474,0.2585401,0,0,3.53306,7.44552,0,0.2721474,-0.2721474,10.3614,74.00989,0.02751955,0.2843941,0,0,7.44552
6/3/2007 12:00:00 AM,0,0,179.1767,90,0,0,0.03692731,0.03692731,0,-1,0,0.03692731,0,0,0,0,0,0.03887085,0.03692731,0,0,3.835446,7.173373,0,0.03887085,-0.03887085,10.32043,73.71722,0.02751955,0.04062004,0,0,7.173373
6/3/2007 1:00:00 AM,0,0,-155.6312,90,0,0,0.01290454,0.01290454,0,-1,0,0.01290454,0,0,1.734723E-18,0,0,0.01358373,0.01290454,0,0,3.878635,7.134502,0,0.01358373,-0.01358373,10.30611,73.61494,0.02751955,0.014195,0,0,7.134502
6/3/2007 2:00:00 AM,0,0,-137.5446,90,0,0,0,0,0,-1,0,0,0,0,0,0,0,0,0,0,0,3.893728,7.120919,0,0,0,10.30611,73.61494,0.02751955,0,0,0,7.120919
6/3/2007 3:00:00 AM,0,0,-126.2473,90,0,0,0.03805846,0.03805846,0,-1,0,0.03805846,0,0,6.938894E-18,0,0,0.04006154,0.03805846,0,0,3.893728,7.120919,0,0.04006154,-0.04006154,10.26388,73.31331,0.02751955,0.04186431,0,0,7.120919
6/3/2007 4:00:00 AM,0,0,-119.212,90,0,0,0.4169098,0.4169098,0,-1,0,0.4169098,0,0,5.551115E-17,0,0,0.4388525,0.4169098,0,0,3.938241,7.080857,0,0.4388525,-0.4388525,9.801293,70.00909,0.02751955,0.4586008,0,0,7.080857
6/3/2007 5:00:00 AM,0,0,-114.7493,90,0,0,0.3691521,0.3691521,0,0,0,0.3691521,0,0,5.551115E-17,0,0,0.3885812,0.3691521,0,0,4.425855,6.642004,0,0.3885812,-0.3885812,9.391692,67.08338,0.02751955,0.4060673,0,0,6.642004
6/3/2007 6:00:00 AM,0.03522776,2.969272,-111.9891,90.4322,0.02514071,0.1128315,0,0,0,0,0,0,0,0,0,0,0.1128315,0,0,0,0,4.857612,6.253423,0.1128315,0,0.1128315,9.498734,67.84796,0.02751686,0,0.09026522,0,6.366255
6/3/2007 7:00:00 AM,0.2077108,16.78363,-110.5662,76.5628,0.1844424,0.8277777,0.0546281,0.0546281,0,0,0,0.0546281,1515.297,0,0,0,0.8277777,0.05750326,0.0546281,0,0,4.744781,6.354972,0.7702745,0,0.7702745,10.22948,73.06757,0.02749853,0.06009091,0.6622221,0,7.182749
6/3/2007 8:00:00 AM,0.3279953,30.66842,-110.4988,62.84115,0.3129449,1.404497,0.7494126,0.7494126,0,0,0,0.7494126,187.413,0,0,0,1.404497,0.7888554,0.7494126,0,0,3.974506,7.048219,0.6156413,0,0.6156413,10.81353,77.23934,0.0274839,0.8243539,1.123597,0,8.452715
6/3/2007 9:00:00 AM,0.2270124,44.47919,-112.3193,49.50175,0.2254338,1.011747,0.2305041,0.2305041,0,-1,0,0.2305041,438.9281,0,0,0,1.011747,0.2426358,0.2305041,0,0,3.358865,7.602296,0.7691112,0,0.7691112,11.54317,82.45107,0.02746564,0.2535545,0.8093976,0,8.614043
6/3/2007 10:00:00 AM,0.4436702,57.94233,-117.8141,37.04844,0.436811,1.960408,1.061995,1.061995,0,0,0,1.061995,184.5967,0,0,0,1.960408,1.11789,1.061995,0,0,2.589754,8.294496,0.8425182,0,0.8425182,12.34245,88.16022,0.02744566,1.168195,1.568326,0,10.2549
6/3/2007 11:00:00 AM,0.3450792,70.16145,-133.3313,26.81977,0.3426566,1.537843,1.079109,1.079109,0,0,0,1.079109,142.5104,0,0,0,1.537843,1.135904,1.079109,0,0,1.747236,9.052762,0.4019385,0,0.4019385,12.72377,90.88387,0.02743614,1.18702,1.230274,0,10.5906
6/3/2007 12:00:00 PM,0.5870132,76.835,-178.1275,22.19411,0.5756716,2.583614,0.3399206,0.3399206,0,0,0,0.3399206,760.0639,0.8805057,0,0,2.583614,0.3578112,0.3399206,0,0,1.345297,9.414507,1.345297,0,1.345297,14.00003,100,0.02740433,0.3739127,2.066891,0,11.99812
6/3/2007 1:00:00 PM,0.6407655,70.81413,134.975,26.32635,0.6237295,2.799298,0.7565069,0.7565069,0,0,0,0.7565069,370.0294,2.002975,0,0,2.799298,0.796323,0.7565069,0,0,0,10.62527,0,0,0,14.00003,100,0.02740433,0.8321575,2.239438,0,13.42457
6/3/2007 2:00:00 PM,0.461206,58.74477,118.3644,36.33479,0.4535526,2.035544,2.109596,2.109596,0,-1,0,2.109596,96.48975,0,0,0,2.035544,2.220628,2.109596,0,0,0,10.62527,0,0.1850834,-0.1850834,13.80493,98.60647,0.02740433,2.320556,1.628435,0,12.66082
6/3/2007 3:00:00 PM,0.1400064,45.32,112.5206,48.70396,0.1391786,0.6246338,0.749948,0.749948,0,0,0,0.749948,83.29028,0,0,0,0.6246338,0.789419,0.749948,0,0,0.2056482,10.44019,0,0.1647852,-0.1647852,13.63123,97.36576,0.02740433,0.8249428,0.499707,0,11.06483
6/3/2007 4:00:00 PM,0.2224047,31.52025,110.5467,62.00793,0.2194453,0.9848706,0,0,0,0,0,0,0,0.5961277,0,0,0.9848706,0,0,0,0,0.3887428,10.27541,0.3887428,0,0.3887428,14.00003,100,0.02739515,0,0.7878965,0,11.26028
6/3/2007 5:00:00 PM,0.1532029,17.63535,110.5208,75.71432,0.1475553,0.662228,0.7914732,0.7914732,0,0,0,0.7914732,83.6703,0,1.110223E-16,0,0.662228,0.8331297,0.7914732,0,0,0,10.62527,0,0.1709016,-0.1709016,13.81988,98.71324,0.02739515,0.8706205,0.5297825,0,11.2875
6/3/2007 6:00:00 PM,0.0771016,3.813031,111.8649,89.57938,0.01231597,0.05527407,0,0,0,0,0,0,0,0,0,0,0.05527407,0,0,0,0,0.1898907,10.45437,0.05527407,0,0.05527407,13.87232,99.0878,0.02739384,0,0.04421926,0,10.50965
6/3/2007 7:00:00 PM,0,0,114.5365,90,0,0,2.487601,2.487601,0,-1,0,2.487601,0,0,4.440892E-16,0,0,2.618528,2.487601,0,0,0.1346166,10.50412,0,2.618528,-2.618528,11.11215,79.37233,0.02739384,2.736362,0,0,10.50412
6/3/2007 8:00:00 PM,0,0,118.876,90,0,0,0.4910751,0.4910751,0,-1,0,0.4910751,0,0,1.110223E-16,0,0,0.5169212,0.4910751,0,0,3.044092,7.885592,0,0.5169212,-0.5169212,10.56727,75.48032,0.02739384,0.5401826,0,0,7.885592
6/3/2007 9:00:00 PM,0,0,125.7149,90,0,0,2.904437,2.904437,0,-1,0,2.904437,0,0,4.440892E-16,0,0,3.057302,2.904437,0,0,3.618449,7.36867,0,3.057302,-3.057302,7.344586,52.46123,0.02739384,3.194881,0,0,7.36867
6/3/2007 10:00:00 PM,0,0,136.6823,90,0,0,0.3610051,0.3610051,0,-1,0,0.3610051,0,0,5.551115E-17,0,0,0.3800054,0.3610051,0,0,7.015451,4.311368,0,0.3800054,-0.3800054,6.944026,49.60008,0.02739384,0.3971056,0,0,4.311368
6/3/2007 11:00:00 PM,0,0,154.2872,90,0,0,0.5601572,0.5601572,0,-1,0,0.5601572,0,0,1.110223E-16,0,0,0.5896391,0.5601572,0,0,7.437679,3.931363,0,0.5896391,-0.5896391,6.322492,45.16056,0.02739384,0.6161729,0,0,3.931363
6/4/2007 12:00:00 AM,0,0,179.1102,90,0,0,0.1611352,0.1611352,0,-1,0,0.1611352,0,0,2.775558E-17,0,0,0.169616,0.1611352,0,0,8.092834,3.341723,0,0.169616,-0.169616,6.143701,43.88349,0.02739384,0.1772487,0,0,3.341723
6/4/2007 1:00:00 AM,0,0,-155.789,90,0,0,0.3482918,0.3482918,0,-1,0,0.3482918,0,0,0,0,0,0.366623,0.3482918,0,0,8.281297,3.172107,0,0.366623,-0.366623,5.757246,41.1231,0.02739384,0.383121,0,0,3.172107
6/4/2007 2:00:00 AM,0,0,-137.7181,90,0,0,0.3691157,0.3691157,0,-1,0,0.3691157,0,0,5.551115E-17,0,0,0.3885428,0.3691157,0,0,8.688655,2.805485,0,0.3885428,-0.3885428,5.347686,38.19768,0.02739384,0.4060272,0,0,2.805485
6/4/2007 3:00:00 AM,0,0,-126.4071,90,0,0,0.1773437,0.1773437,0,-1,0,0.1773437,0,0,2.775558E-17,0,0,0.1866775,0.1773437,0,0,9.120369,2.416942,0,0.1866775,-0.1866775,5.15091,36.79214,0.02739384,0.195078,0,0,2.416942
6/4/2007 4:00:00 AM,0,0,-119.3569,90,0,0,0.4689024,0.4689024,0,-1,0,0.4689024,0,0,5.551115E-17,0,0,0.4935814,0.4689024,0,0,9.327789,2.230264,0,0.4935814,-0.4935814,4.63063,33.07586,0.02739384,0.5157926,0,0,2.230264
6/4/2007 5:00:00 AM,0,0,-114.8847,90,0,0,0.1160496,0.1160496,0,0,0,0.1160496,0,0,1.387779E-17,0,0,0.1221575,0.1160496,0,0,9.876213,1.736683,0,0.1221575,-0.1221575,4.501864,32.15611,0.02739384,0.1276546,0,0,1.736683
6/4/2007 6:00:00 AM,0.05506032,2.95213,-112.1213,90.46837,0.007920607,0.03554768,0.3074394,0.3074394,0,0,0,0.3074394,11.5625,0,0,0,0.03554768,0.3236203,0.3074394,0,0,10.01194,1.614525,0,0.2880727,-0.2880727,4.198209,29.98715,0.02739384,0.3381833,0.02843815,0,1.650073
6/4/2007 7:00:00 AM,0.2808858,16.75401,-110.7018,76.61169,0.2302836,1.033513,1.23902,1.23902,0,0,0,1.23902,83.41374,0,0,0,1.033513,1.304231,1.23902,0,0,10.33202,1.326453,0,0.2707185,-0.2707185,3.912847,27.94885,0.02739384,1.362922,0.8268102,0,2.359965
6/4/2007 8:00:00 AM,0.4439397,30.62609,-110.6455,62.90374,0.4052456,1.818742,0.1590252,0.1590252,0,0,0,0.1590252,1143.682,0,0,0,1.818742,0.1673949,0.1590252,0,0,10.63282,1.055734,1.651347,0,1.651347,5.479453,39.13887,0.02735492,0.1749277,1.454994,0,2.874476
6/4/2007 9:00:00 AM,0.7402364,44.42215,-112.4878,49.58069,0.6893861,3.093965,1.324133,1.324133,0,-1,0,1.324133,233.6597,0,0,0,3.093965,1.393824,1.324133,0,0,8.981475,2.541947,1.700141,0,1.700141,7.092348,50.65952,0.02731497,1.456546,2.475172,0,5.635911
6/4/2007 10:00:00 AM,0.7998644,57.8652,-118.0184,37.14846,0.7581207,3.402446,0,0,0,0,0,0,0,0,0,0,3.402446,0,0,0,0,7.281334,4.072073,3.402446,0,3.402446,10.32019,73.7155,0.02723536,0,2.721956,0,7.474519
6/4/2007 11:00:00 AM,0.9904364,70.05219,-133.5549,26.94469,0.9430098,4.232228,0.580542,0.580542,0,0,0,0.580542,729.0132,0,0,0,4.232228,0.6110968,0.580542,0,0,3.878889,7.134274,3.621131,0,3.621131,13.7555,98.25336,0.02715114,0.6385962,3.385782,0,11.3665
6/4/2007 12:00:00 PM,0.9476747,76.70572,-177.9881,22.32293,0.9053032,4.063001,1.391285,1.391285,0,0,0,1.391285,292.0323,2.340733,0,0,4.063001,1.464511,1.391285,0,0,0.2577577,10.39329,0.2577577,0,0.2577577,14.00003,100,0.02714516,1.530414,3.250401,0,14.45629
6/4/2007 1:00:00 PM,0.7904143,70.75729,135.3409,26.41141,0.7587836,3.405421,0.883575,0.883575,0,0,0,0.883575,385.4139,2.475342,0,0,3.405421,0.9300789,0.883575,0,0,0,10.62527,0,0,0,14.00003,100,0.02714516,0.9719324,2.724337,0,14.03069
6/4/2007 2:00:00 PM,0.6538383,58.73458,118.6202,36.3756,0.6284403,2.82044,0.5920725,0.5920725,0,-1,0,0.5920725,476.3674,2.197206,0,0,2.82044,0.6232342,0.5920725,0,0,0,10.62527,0,0,0,14.00003,100,0.02714516,0.6512797,2.256352,0,13.44571
6/4/2007 3:00:00 PM,0.5161362,45.33388,112.709,48.71589,0.4938398,2.216353,0.3571689,0.3571689,0,0,0,0.3571689,620.5336,1.840386,0,0,2.216353,0.3759673,0.3571689,0,0,0,10.62527,0,0,0,14.00003,100,0.02714516,0.3928858,1.773082,0,12.84163
6/4/2007 4:00:00 PM,0.4927785,31.55006,110.699,62.00013,0.447633,2.008977,0,0,0,0,0,0,0,2.008977,0,0,2.008977,0,0,0,0,0,10.62527,0,0,0,14.00003,100,0.02714516,0,1.607181,0,12.63425
6/4/2007 5:00:00 PM,0.2426624,17.67794,110.6532,75.69136,0.2102111,0.9434274,0.9644688,0.9644688,0,0,0,0.9644688,97.81834,0,1.110223E-16,0,0.9434274,1.01523,0.9644688,0,0,0,10.62527,0,0.07180291,-0.07180291,13.92434,99.45938,0.02714516,1.060916,0.7547419,0,11.5687
6/4/2007 6:00:00 PM,0.04348638,3.867419,111.9867,89.54327,0.03103647,0.1392917,0.9490954,0.9490954,0,0,0,0.9490954,14.67626,0,1.110223E-16,0,0.1392917,0.9990478,0.9490954,0,0,0.07978101,10.55347,0,0.8597561,-0.8597561,13.01808,92.98609,0.02714516,1.044005,0.1114334,0,10.69276
6/4/2007 7:00:00 PM,0,0,114.6536,90,0,0,0.4763896,0.4763896,0,-1,0,0.4763896,0,0,1.110223E-16,0,0,0.5014627,0.4763896,0,0,1.035066,9.693715,0,0.5014627,-0.5014627,12.48949,89.21046,0.02714516,0.5240285,0,0,9.693715
6/4/2007 8:00:00 PM,0,0,118.9917,90,0,0,1.674093,1.674093,0,-1,0,1.674093,0,0,0,0,0,1.762203,1.674093,0,0,1.592246,9.192252,0,1.762203,-1.762203,10.63196,75.94246,0.02714516,1.841502,0,0,9.192252
6/4/2007 9:00:00 PM,0,0,125.8287,90,0,0,0.7756041,0.7756041,0,-1,0,0.7756041,0,0,1.110223E-16,0,0,0.8164254,0.7756041,0,0,3.55025,7.430049,0,0.8164254,-0.8164254,9.771378,69.79541,0.02714516,0.8531646,0,0,7.430049
6/4/2007 10:00:00 PM,0,0,136.7826,90,0,0,0.2061388,0.2061388,0,-1,0,0.2061388,0,0,2.775558E-17,0,0,0.2169882,0.2061388,0,0,4.457389,6.613624,0,0.2169882,-0.2169882,9.542651,68.16166,0.02714516,0.2267527,0,0,6.613624
6/4/2007 11:00:00 PM,0,0,154.3343,90,0,0,0,0,0,-1,0,0,0,0,0,0,0,0,0,0,0,4.698487,6.396636,0,0,0,9.542651,68.16166,0.02714516,0,0,0,6.396636
6/5/2007 12:00:00 AM,0,0,179.0414,90,0,0,0,0,0,-1,0,0,0,0,0,0,0,0,0,0,0,4.698487,6.396636,0,0,0,9.542651,68.16166,0.02714516,0,0,0,6.396636
6/5/2007 1:00:00 AM,0,0,-155.9431,90,0,0,0.06170519,0.06170519,0,-1,0,0.06170519,0,0,0,0,0,0.06495284,0.06170519,0,0,4.698487,6.396636,0,0.06495284,-0.06495284,9.474185,67.67262,0.02714516,0.06787571,0,0,6.396636
6/5/2007 2:00:00 AM,0,0,-137.8857,90,0,0,0.08972983,0.08972983,0,-1,0,0.08972983,0,0,1.387779E-17,0,0,0.09445245,0.08972983,0,0,4.770657,6.331683,0,0.09445245,-0.09445245,9.374623,66.96146,0.02714516,0.09870281,0,0,6.331683
6/5/2007 3:00:00 AM,0,0,-126.5606,90,0,0,0.02261285,0.02261285,0,-1,0,0.02261285,0,0,0,0,0,0.023803,0.02261285,0,0,4.875604,6.23723,0,0.023803,-0.023803,9.349533,66.78224,0.02714516,0.02487413,0,0,6.23723
6/5/2007 4:00:00 AM,0,0,-119.4956,90,0,0,0.2073386,0.2073386,0,-1,0,0.2073386,0,0,0,0,0,0.2182511,0.2073386,0,0,4.902052,6.213427,0,0.2182511,-0.2182511,9.119476,65.13898,0.02714516,0.2280724,0,0,6.213427
6/5/2007 5:00:00 AM,0,0,-115.014,90,0,0,0.1746627,0.1746627,0,0,0,0.1746627,0,0,0,0,0,0.1838555,0.1746627,0,0,5.144553,5.995176,0,0.1838555,-0.1838555,8.925675,63.7547,0.02714516,0.192129,0,0,5.995176
6/5/2007 6:00:00 AM,0.02832981,2.932647,-112.2472,90.50592,0.02462043,0.1104965,0,0,0,0,0,0,0,0,0,0,0.1104965,0,0,0,0,5.348837,5.811321,0.1104965,0,0.1104965,9.030501,64.50346,0.0271426,0,0.0883972,0,5.921817
6/5/2007 7:00:00 AM,0.09567133,16.72258,-110.8306,76.66135,0.09458929,0.4245167,1.465076,1.465076,0,0,0,1.465076,28.97576,0,0,0,0.4245167,1.542185,1.465076,0,0,5.238341,5.910768,0,1.117668,-1.117668,7.852376,56.08829,0.0271426,1.611583,0.3396134,0,6.335284
6/5/2007 8:00:00 AM,0.2361591,30.58255,-110.7844,62.9664,0.2320035,1.041232,1.247078,1.247078,0,0,0,1.247078,83.49372,2.220446E-16,0,0,1.041232,1.312714,1.247078,0,0,6.480195,4.793099,0,0.2714818,-0.2714818,7.566209,54.04424,0.0271426,1.371786,0.8329854,0,5.834331
6/5/2007 9:00:00 AM,0.3318295,44.36462,-112.6466,49.65877,0.3270875,1.467969,1.082378,1.082378,0,-1,0,1.082378,135.6244,0,0,0,1.467969,1.139345,1.082378,0,0,6.781841,4.521617,0.3286235,0,0.3286235,7.877969,56.27109,0.02713499,1.190616,1.174375,0,5.989586
6/5/2007 10:00:00 AM,0.4447507,57.78869,-118.2093,37.24621,0.4377092,1.964439,0.3833135,0.3833135,0,0,0,0.3833135,512.4888,0,0,0,1.964439,0.4034879,0.3833135,0,0,6.453217,4.817379,1.560951,0,1.560951,9.358816,66.84856,0.02709889,0.4216448,1.571551,0,6.781817
6/5/2007 11:00:00 AM,0.5207554,69.94578,-133.7588,27.06516,0.512202,2.298763,0.5229593,0.5229593,0,0,0,0.5229593,439.5682,0,0,0,2.298763,0.5504835,0.5229593,0,0,4.892266,6.222234,1.748279,0,1.748279,11.01738,78.69541,0.02705857,0.5752552,1.83901,0,8.520997
6/5/2007 12:00:00 PM,0.54511,76.58291,-177.8444,22.44523,0.536223,2.406569,0.8385776,0.8385776,0,0,0,0.8385776,286.9822,0,0,0,2.406569,0.8827133,0.8385776,0,0,3.143987,7.795686,1.523855,0,1.523855,12.46304,89.02151,0.02702352,0.9224354,1.925255,0,10.20225
6/5/2007 1:00:00 PM,0.5916538,70.70513,135.6925,26.49061,0.5784507,2.596087,0.966499,0.966499,0,0,0,0.966499,268.6073,0,0,0,2.596087,1.017367,0.966499,0,0,1.620132,9.167155,1.578719,0,1.578719,13.96074,99.71938,0.02698731,1.063149,2.076869,0,11.76324
6/5/2007 2:00:00 PM,0.4240725,58.72749,118.865,36.41197,0.4183435,1.877525,0.7094858,0.7094858,0,-1,0,0.7094858,264.6319,1.089286,0,0,1.877525,0.7468272,0.7094858,0,0,0.04141228,10.588,0.04141228,0,0.04141228,14.00003,100,0.02698636,0.7804344,1.50202,0,12.46553
6/5/2007 3:00:00 PM,0.1684198,45.34995,112.8885,48.72442,0.1673826,0.7512129,0.2984176,0.2984176,0,0,0,0.2984176,251.7321,0.4370891,0,0,0.7512129,0.3141238,0.2984176,0,0,0,10.62527,0,0,0,14.00003,100,0.02698636,0.3282593,0.6009703,0,11.37649
6/5/2007 4:00:00 PM,0.1902975,31.5814,110.8437,61.98972,0.1885201,0.846078,0.6871697,0.6871697,0,0,0,0.6871697,123.125,0.1227415,0,0,0.846078,0.7233366,0.6871697,0,0,0,10.62527,0,0,0,14.00003,100,0.02698636,0.7558867,0.6768624,0,11.47135
6/5/2007 5:00:00 PM,0.1331477,17.7215,110.7786,75.66642,0.1301195,0.5839761,0,0,0,0,0,0,0,0.5839761,0,0,0.5839761,0,0,0,0,0,10.62527,0,0,0,14.00003,100,0.02698636,0,0.4671809,0,11.20925
6/5/2007 6:00:00 PM,0.05621321,3.922203,112.1018,89.50578,0.02442745,0.1096304,0.9408568,0.9408568,0,0,0,0.9408568,11.65219,0,0,0,0.1096304,0.9903756,0.9408568,0,0,0,10.62527,0,0.8807452,-0.8807452,13.07164,93.36868,0.02698636,1.034943,0.08770432,0,10.7349
6/5/2007 7:00:00 PM,0,0,114.7638,90,0,0,1.102075,1.102075,0,-1,0,1.102075,0,0,0,0,0,1.160079,1.102075,0,0,0.9786057,9.744529,0,1.160079,-1.160079,11.84881,84.63419,0.02698636,1.212282,0,0,9.744529
6/5/2007 8:00:00 PM,0,0,119.1001,90,0,0,0,0,0,-1,0,0,0,0,0,0,0,0,0,0,0,2.267582,8.584451,0,0,0,11.84881,84.63419,0.02698636,0,0,0,8.584451
6/5/2007 9:00:00 PM,0,0,125.9344,90,0,0,0.3034464,0.3034464,0,-1,0,0.3034464,0,0,0,0,0,0.3194173,0.3034464,0,0,2.267582,8.584451,0,0.3194173,-0.3194173,11.51212,82.22923,0.02698636,0.3337911,0,0,8.584451
6/5/2007 10:00:00 PM,0,0,136.8741,90,0,0,0.2156787,0.2156787,0,-1,0,0.2156787,0,0,2.775558E-17,0,0,0.2270302,0.2156787,0,0,2.62249,8.265033,0,0.2270302,-0.2270302,11.2728,80.51987,0.02698636,0.2372466,0,0,8.265033
6/5/2007 11:00:00 PM,0,0,154.3736,90,0,0,0.3890906,0.3890906,0,-1,0,0.3890906,0,0,5.551115E-17,0,0,0.409569,0.3890906,0,0,2.874746,8.038003,0,0.409569,-0.409569,10.84108,77.43613,0.02698636,0.4279996,0,0,8.038003
6/6/2007 12:00:00 AM,0,0,178.9703,90,0,0,0.3112616,0.3112616,0,-1,0,0.3112616,0,0,5.551115E-17,0,0,0.3276438,0.3112616,0,0,3.329823,7.628434,0,0.3276438,-0.3276438,10.49571,74.96924,0.02698636,0.3423878,0,0,7.628434
6/6/2007 1:00:00 AM,0,0,-156.0935,90,0,0,0.1489277,0.1489277,0,-1,0,0.1489277,0,0,0,0,0,0.156766,0.1489277,0,0,3.693871,7.30079,0,0.156766,-0.156766,10.33047,73.78891,0.02698636,0.1638205,0,0,7.30079
6/6/2007 2:00:00 AM,0,0,-138.0473,90,0,0,0.1042229,0.1042229,0,-1,0,0.1042229,0,0,1.387779E-17,0,0,0.1097083,0.1042229,0,0,3.868056,7.144024,0,0.1097083,-0.1097083,10.21483,72.96289,0.02698636,0.1146452,0,0,7.144024
6/6/2007 3:00:00 AM,0,0,-126.7078,90,0,0,0.103718,0.103718,0,-1,0,0.103718,0,0,1.387779E-17,0,0,0.1091769,0.103718,0,0,3.989954,7.034316,0,0.1091769,-0.1091769,10.09974,72.14088,0.02698636,0.1140898,0,0,7.034316
6/6/2007 4:00:00 AM,0,0,-119.6281,90,0,0,0,0,0,-1,0,0,0,0,0,0,0,0,0,0,0,4.111261,6.925139,0,0,0,10.09974,72.14088,0.02698636,0,0,0,6.925139
6/6/2007 5:00:00 AM,0,0,-115.1371,90,0,0,0.1357492,0.1357492,0,0,0,0.1357492,0,0,2.775558E-17,0,0,0.1428939,0.1357492,0,0,4.111261,6.925139,0,0.1428939,-0.1428939,9.94912,71.06499,0.02698636,0.1493241,0,0,6.925139
6/6/2007 6:00:00 AM,0.04575311,2.910884,-112.3667,90.54479,0.01671461,0.07501518,0,0,0,0,0,0,0,0,0,0,0.07501518,0,0,0,0,4.270032,6.782245,0.07501518,0,0.07501518,10.02029,71.57333,0.02698464,0,0.06001214,0,6.85726
6/6/2007 7:00:00 AM,0.2568852,16.68944,-110.9524,76.71171,0.2132357,0.9570017,0.4253708,0.4253708,0,0,0,0.4253708,224.9806,0,0,0,0.9570017,0.4477587,0.4253708,0,0,4.195017,6.849759,0.509243,0,0.509243,10.5034,75.0241,0.02697298,0.4679078,0.7656014,0,7.80676
6/6/2007 8:00:00 AM,0.4485467,30.53788,-110.9154,63.02903,0.4082312,1.832142,0,0,0,0,0,0,0,0,0,0,1.832142,0,0,0,0,3.685774,7.308077,1.832142,0,1.832142,12.24152,87.43924,0.02693112,0,1.465713,0,9.140219
6/6/2007 9:00:00 AM,0.530754,44.30671,-112.7956,49.73586,0.5046607,2.264917,0.6251335,0.6251335,0,-1,0,0.6251335,362.3094,0,0,0,2.264917,0.6580353,0.6251335,0,0,1.853633,8.957005,1.606882,0,1.606882,13.76594,98.32794,0.02689452,0.6876469,1.811934,0,11.22192
6/6/2007 10:00:00 AM,0.770041,57.71293,-118.3869,37.34159,0.7304853,3.278418,0.3294463,0.3294463,0,0,0,0.3294463,995.1296,2.684882,0,0,3.278418,0.3467856,0.3294463,0,0,0.2467507,10.4032,0.2467507,0,0.2467507,14.00003,100,0.02688891,0.362391,2.622735,0,13.68162
6/6/2007 11:00:00 AM,0.9314632,69.84238,-133.9434,27.18107,0.8868985,3.9804,1.016831,1.016831,0,0,0,1.016831,391.4516,2.910052,0,0,3.9804,1.070348,1.016831,0,0,0,10.62527,0,0,0,14.00003,100,0.02688891,1.118514,3.18432,0,14.60567
6/6/2007 12:00:00 PM,0.7579779,76.46658,-177.6965,22.56098,0.7315367,3.283137,1.460928,1.460928,0,0,0,1.460928,224.7295,1.745318,0,0,3.283137,1.537819,1.460928,0,0,0,10.62527,0,0,0,14.00003,100,0.02688891,1.607021,2.626509,0,13.90841
6/6/2007 1:00:00 PM,0.9168343,70.65771,136.03,26.56392,0.8736973,3.921153,1.925605,1.925605,0,0,0,1.925605,203.6323,1.894201,0,0,3.921153,2.026952,1.925605,0,0,0,10.62527,0,0,0,14.00003,100,0.02688891,2.118165,3.136923,0,14.54643
6/6/2007 2:00:00 PM,0.6888193,58.7235,119.0985,36.44389,0.6590711,2.957911,0.5194511,0.5194511,0,-1,0,0.5194511,569.4302,2.411121,0,0,2.957911,0.5467906,0.5194511,0,0,0,10.62527,0,0,0,14.00003,100,0.02688891,0.5713962,2.366329,0,13.58319
6/6/2007 3:00:00 PM,0.5093331,45.3682,113.0592,48.72957,0.4877417,2.188985,1.015365,1.015365,0,0,0,1.015365,215.586,1.12018,0,0,2.188985,1.068805,1.015365,0,0,0,10.62527,0,0,0,14.00003,100,0.02688891,1.116902,1.751188,0,12.81426
6/6/2007 4:00:00 PM,0.2681872,31.61425,110.9808,61.97673,0.2619857,1.175792,0.04972434,0.04972434,0,0,0,0.04972434,2364.62,1.12345,0,0,1.175792,0.05234142,0.04972434,0,0,0,10.62527,0,0,0,14.00003,100,0.02688891,0.05469678,0.9406334,0,11.80107
6/6/2007 5:00:00 PM,0.1592826,17.76597,110.8971,75.63956,0.1526738,0.6851999,0.8252005,0.8252005,0,0,0,0.8252005,83.03436,0,0,0,0.6851999,0.8686321,0.8252005,0,0,0,10.62527,0,0.1834321,-0.1834321,13.80667,98.6189,0.02688891,0.9077205,0.54816,0,11.31047
6/6/2007 6:00:00 PM,0.03527275,3.977313,112.2101,89.46696,0.03097253,0.1390047,1.237631,1.237631,0,0,0,1.237631,11.23152,0,2.220446E-16,0,0.1390047,1.302769,1.237631,0,0,0.2038135,10.44184,0,1.163764,-1.163764,12.57996,89.85667,0.02688891,1.361394,0.1112038,0,10.58085
6/6/2007 7:00:00 PM,0,0,114.8671,90,0,0,0.4113892,0.4113892,0,-1,0,0.4113892,0,0,5.551115E-17,0,0,0.4330413,0.4113892,0,0,1.496885,9.278078,0,0.4330413,-0.4330413,12.12349,86.5962,0.02688891,0.4525281,0,0,9.278078
6/6/2007 8:00:00 PM,0,0,119.2011,90,0,0,0,0,0,-1,0,0,0,0,0,0,0,0,0,0,0,1.978042,8.845037,0,0,0,12.12349,86.5962,0.02688891,0,0,0,8.845037
6/6/2007 9:00:00 PM,0,0,126.032,90,0,0,0.1660293,0.1660293,0,-1,0,0.1660293,0,0,0,0,0,0.1747677,0.1660293,0,0,1.978042,8.845037,0,0.1747677,-0.1747677,11.93927,85.28034,0.02688891,0.1826323,0,0,8.845037
6/6/2007 10:00:00 PM,0,0,136.957,90,0,0,0.07613985,0.07613985,0,-1,0,0.07613985,0,0,1.387779E-17,0,0,0.08014721,0.07613985,0,0,2.172228,8.670269,0,0.08014721,-0.08014721,11.85479,84.6769,0.02688891,0.08375384,0,0,8.670269
6/6/2007 11:00:00 PM,0,0,154.4053,90,0,0,0.1069359,0.1069359,0,-1,0,0.1069359,0,0,1.387779E-17,0,0,0.1125641,0.1069359,0,0,2.261281,8.590121,0,0.1125641,-0.1125641,11.73614,83.82938,0.02688891,0.1176295,0,0,8.590121
6/7/2007 12:00:00 AM,0,0,178.8971,90,0,0,0.2573068,0.2573068,0,-1,0,0.2573068,0,0,0,0,0,0.2708493,0.2573068,0,0,2.386352,8.477557,0,0.2708493,-0.2708493,11.45064,81.79009,0.02688891,0.2830375,0,0,8.477557
6/7/2007 1:00:00 AM,0,0,-156.2401,90,0,0,0.2863361,0.2863361,0,-1,0,0.2863361,0,0,5.551115E-17,0,0,0.3014064,0.2863361,0,0,2.687296,8.206708,0,0.3014064,-0.3014064,11.13293,79.52074,0.02688891,0.3149697,0,0,8.206708
6/7/2007 2:00:00 AM,0,0,-138.2028,90,0,0,0.153659,0.153659,0,-1,0,0.153659,0,0,0,0,0,0.1617463,0.153659,0,0,3.022192,7.905302,0,0.1617463,-0.1617463,10.96243,78.30291,0.02688891,0.1690249,0,0,7.905302
6/7/2007 3:00:00 AM,0,0,-126.8486,90,0,0,0.230348,0.230348,0,-1,0,0.230348,0,0,2.775558E-17,0,0,0.2424716,0.230348,0,0,3.20191,7.743556,0,0.2424716,-0.2424716,10.70684,76.47729,0.02688891,0.2533828,0,0,7.743556
6/7/2007 4:00:00 AM,0,0,-119.7543,90,0,0,0.09354641,0.09354641,0,-1,0,0.09354641,0,0,0,0,0,0.0984699,0.09354641,0,0,3.471323,7.501084,0,0.0984699,-0.0984699,10.60305,75.73589,0.02688891,0.102901,0,0,7.501084
6/7/2007 5:00:00 AM,0,0,-115.2539,90,0,0,0.3875566,0.3875566,0,0,0,0.3875566,0,0,5.551115E-17,0,0,0.4079543,0.3875566,0,0,3.580734,7.402614,0,0.4079543,-0.4079543,10.17302,72.66431,0.02688891,0.4263123,0,0,7.402614
6/7/2007 6:00:00 AM,0.01886862,2.886904,-112.4798,90.58491,0.01825076,0.08190942,0.2690256,0.2690256,0,0,0,0.2690256,30.4467,0,0,0,0.08190942,0.2831849,0.2690256,0,0,4.034016,6.994659,0,0.2012754,-0.2012754,9.960861,71.14886,0.02688891,0.2959282,0.06552754,0,7.076569
6/7/2007 7:00:00 AM,0.07009064,16.65465,-111.0673,76.76267,0.06947888,0.3118212,0.3838666,0.3838666,0,0,0,0.3838666,81.23165,5.551115E-17,0,0,0.3118212,0.4040701,0.3838666,0,0,4.257656,6.793384,0,0.09224893,-0.09224893,9.863623,70.45431,0.02688891,0.4222533,0.249457,0,7.105205
6/7/2007 8:00:00 AM,0.1692526,30.49219,-111.0385,63.09153,0.1678416,0.753273,2.326756,2.326756,0,0,0,2.326756,32.37439,0,0,0,0.753273,2.449216,2.326756,0,0,4.360155,6.701135,0,1.695943,-1.695943,8.075941,57.68518,0.02688891,2.559431,0.6026184,0,7.454408
6/7/2007 9:00:00 AM,0.3455477,44.24853,-112.9349,49.81189,0.3399372,1.525638,1.485492,1.485492,0,-1,0,1.485492,102.7025,0,0,0,1.525638,1.563676,1.485492,0,0,6.244536,5.005192,0,0.03803809,-0.03803809,8.035845,57.39878,0.02688891,1.634042,1.22051,0,6.53083
6/7/2007 10:00:00 AM,0.4238048,57.63805,-118.5512,37.43449,0.4177945,1.875062,1.715912,1.715912,0,0,0,1.715912,109.2749,0,0,0,1.875062,1.806223,1.715912,0,0,6.2868,4.967154,0.06883841,0,0.06883841,8.101151,57.86525,0.02688734,1.887503,1.500049,0,6.842216
6/7/2007 11:00:00 AM,0.3412043,69.74212,-134.1091,27.29236,0.3388069,1.520565,0.5384517,0.5384517,0,0,0,0.5384517,282.3959,0,0,0,1.520565,0.5667913,0.5384517,0,0,6.217962,5.029108,0.9537741,0,0.9537741,9.00598,64.32831,0.02686567,0.5922969,1.216452,0,6.549674
6/7/2007 12:00:00 PM,0.7288458,76.35678,-177.5446,22.67016,0.7050337,3.164191,1.459235,1.459235,0,0,0,1.459235,216.8391,0,0,0,3.164191,1.536037,1.459235,0,0,5.264188,5.887505,1.628154,0,1.628154,10.55058,75.36116,0.02682876,1.605158,2.531353,0,9.051696
6/7/2007 1:00:00 PM,0.5989471,70.61507,136.3536,26.63133,0.5849816,2.625397,0.4904064,0.4904064,0,0,0,0.4904064,535.3514,0,0,0,2.625397,0.5162172,0.4904064,0,0,3.636034,7.352844,2.10918,0,2.10918,12.55153,89.65359,0.0267811,0.539447,2.100318,0,9.978241
6/7/2007 2:00:00 PM,0.6739022,58.72263,119.3209,36.47135,0.6456986,2.897895,1.665106,1.665106,0,-1,0,1.665106,174.0367,0,0,0,2.897895,1.752743,1.665106,0,0,1.526854,9.251106,1.145152,0,1.145152,13.63791,97.41348,0.02675529,1.831617,2.318316,0,12.149
6/7/2007 3:00:00 PM,0.2622419,45.38861,113.221,48.73137,0.2601059,1.167355,1.028397,1.028397,0,0,0,1.028397,113.5122,0,0,0,1.167355,1.082523,1.028397,0,0,0.3817018,10.28174,0.08483254,0,0.08483254,13.71839,97.98833,0.02675338,1.131236,0.9338843,0,11.4491
6/7/2007 4:00:00 PM,0.2133261,31.64856,111.1103,61.9612,0.2107638,0.9459081,0.9018797,0.9018797,0,0,0,0.9018797,104.8819,0,0,0,0.9459081,0.949347,0.9018797,0,0,0.2968692,10.35809,0,0.003438929,-0.003438929,13.71477,97.96243,0.02675338,0.9920676,0.7567265,0,11.304
6/7/2007 5:00:00 PM,0.1336098,17.81129,111.0087,75.61082,0.1305683,0.5859907,1.439288,1.439288,0,0,0,1.439288,40.71394,0,0,0,0.5859907,1.515039,1.439288,0,0,0.3006903,10.35465,0,0.9290488,-0.9290488,12.73547,90.96742,0.02675338,1.583216,0.4687925,0,10.94064
6/7/2007 6:00:00 PM,0.04031365,4.032682,112.3116,89.4269,0.0325222,0.1459596,1.559423,1.559423,0,0,0,1.559423,9.359851,2.220446E-16,0,0,0.1459596,1.641497,1.559423,0,0,1.332967,9.425604,0,1.495538,-1.495538,11.15903,79.70719,0.02675338,1.715365,0.1167677,0,9.571564
6/7/2007 7:00:00 PM,0,0,114.9635,90,0,0,3.241694,3.241694,0,-1,0,3.241694,0,0,4.440892E-16,0.235863,0,3.412309,3.241694,0,0,2.994675,7.930066,0,3.412309,-3.412309,7.56214,54.01517,0.02675338,3.565863,0,0,7.930066
6/7/2007 8:00:00 PM,0,0,119.2947,90,0,0,2.699295,2.699295,0,-1,0,2.699295,0,0,0,0,0,2.841363,2.699295,0,0,6.78613,4.517757,0,2.841363,-2.841363,4.56708,32.62194,0.02675338,2.969224,0,0,4.517757
6/7/2007 9:00:00 PM,0,0,126.1215,90,0,0,2.28124,1.592575,0,-1,0,1.592575,0,0,0.688665,0.9167889,0,1.676394,1.592575,0,0,9.9432,1.676394,0,1.676394,-1.676394,2.800006,20,0.02675338,2.509364,0,0,1.676394
6/7/2007 10:00:00 PM,0,0,137.0312,90,0,0,0,0,0,-1,0,0,0,0,0,0,0,0,0,0,0,11.80586,0,0,0,0,2.800006,20,0.02675338,0,0,0,0
6/7/2007 11:00:00 PM,0,0,154.4297,90,0,0,0.1104683,0,0,-1,0,0,0,0,0.1104683,0.1215151,0,0,0,0,0,11.80586,0,0,0,0,2.800006,20,0.02675338,0.1215151,0,0,0
6/8/2007 12:00:00 AM,0,0,178.8219,90,0,0,0.5268601,0,0,-1,0,0,0,0,0.5268601,0.579546,0,0,0,0,0,11.80586,0,0,0,0,2.800006,20,0.02675338,0.579546,0,0,0
6/8/2007 1:00:00 AM,0,0,-156.3829,90,0,0,0.146519,0,0,-1,0,0,0,0,0.146519,0.1611709,0,0,0,0,0,11.80586,0,0,0,0,2.800006,20,0.02675338,0.1611709,0,0,0
6/8/2007 2:00:00 AM,0,0,-138.3522,90,0,0,0.1833997,0,0,-1,0,0,0,0,0.1833997,0.2017397,0,0,0,0,0,11.80586,0,0,0,0,2.800006,20,0.02675338,0.2017397,0,0,0
6/8/2007 3:00:00 AM,0,0,-126.9829,90,0,0,0.1985359,0,0,-1,0,0,0,0,0.1985359,0.2183895,0,0,0,0,0,11.80586,0,0,0,0,2.800006,20,0.02675338,0.2183895,0,0,0
6/8/2007 4:00:00 AM,0,0,-119.8741,90,0,0,0.03477423,0,0,-1,0,0,0,0,0.03477423,0.03825166,0,0,0,0,0,11.80586,0,0,0,0,2.800006,20,0.02675338,0.03825166,0,0,0
6/8/2007 5:00:00 AM,0,0,-115.3644,90,0,0,0.1357597,0.1357597,3.641023,0,1.158999,0.1357597,0,4.440892E-16,0,0,0,0,0,3.505263,3.33,11.80586,0,3.33,0,3.33,5.959121,42.56506,0.02728721,0.1493357,0,5,0
6/8/2007 6:00:00 AM,0.04005014,2.860773,-112.5864,90.6262,0.02141925,0.0961296,0.1968811,0.1968811,3.702144,0,1.175685,0.1968811,48.82622,0,0,0,0.0961296,0,0,3.505263,3.33,8.475861,2.997,3.42613,0,3.42613,9.209433,65.78153,0.02783133,0.2165692,0.07690368,5,3.09313
6/8/2007 7:00:00 AM,0.1940582,16.6183,-111.1753,76.81417,0.174567,0.7834566,0.001303299,0.001303299,3.506567,0,1.122293,0.001303299,60113.35,0,0,0,0.7834566,0,0,3.505263,3.33,5.049731,6.080517,4.113457,0,4.113457,13.1118,93.65553,0.02830663,0.001433629,0.6267653,5,6.863973
6/8/2007 8:00:00 AM,0.3454296,30.44556,-111.1536,63.15382,0.3262587,1.464249,0.8593938,0.8593938,0,0,0,0.8593938,170.3817,0,0,0,1.464249,0.9046251,0.8593938,0,0,0.936274,9.782628,0.5596243,0,0.5596243,13.64271,97.44771,0.02829342,0.9453332,1.171399,0,11.24688
6/8/2007 9:00:00 AM,0.7008868,44.19019,-113.0645,49.88673,0.6519273,2.92585,0.03943283,0.03943283,0,-1,0,0.03943283,7419.832,2.507692,0,0,2.92585,0.04150824,0.03943283,0,0,0.3766497,10.28629,0.3766497,0,0.3766497,14.00003,100,0.02828454,0.04337611,2.34068,0,13.21214
6/8/2007 10:00:00 AM,0.8277037,57.56417,-118.7024,37.5248,0.7822511,3.510743,1.175297,1.175297,0,0,0,1.175297,298.7111,2.273588,0,0,3.510743,1.237155,1.175297,0,0,0,10.62527,0,0,0,14.00003,100,0.02828454,1.292827,2.808594,0,14.13602
6/8/2007 11:00:00 AM,0.8316483,69.64512,-134.2564,27.39893,0.7946364,3.566328,0.658538,0.658538,0,0,0,0.658538,541.5523,2.87313,0,0,3.566328,0.693198,0.658538,0,0,0,10.62527,0,0,0,14.00003,100,0.02828454,0.7243919,2.853062,0,14.1916
6/8/2007 12:00:00 PM,0.7394075,76.25352,-177.3889,22.77274,0.7144017,3.206235,0,0,0,0,0,0,0,3.206235,0,0,3.206235,0,0,0,0,0,10.62527,0,0,0,14.00003,100,0.02828454,0,2.564988,0,13.83151
6/8/2007 1:00:00 PM,0.7527019,70.57725,136.6634,26.69281,0.723991,3.249272,0.9129683,0.9129683,0,0,0,0.9129683,355.9019,2.288252,0,0,3.249272,0.9610193,0.9129683,0,0,0,10.62527,0,0,0,14.00003,100,0.02828454,1.004265,2.599417,0,13.87455
6/8/2007 2:00:00 PM,0.5854555,58.72489,119.532,36.49436,0.5670367,2.544861,2.358215,2.358215,0,-1,0,2.358215,107.9147,0.06252963,0,0,2.544861,2.482331,2.358215,0,0,0,10.62527,0,0,0,14.00003,100,0.02828454,2.594036,2.035889,0,13.17014
6/8/2007 3:00:00 PM,0.5667914,45.41116,113.3738,48.72983,0.5367414,2.408895,0.2162999,0.2162999,0,0,0,0.2162999,1113.683,2.181211,0,0,2.408895,0.2276841,0.2162999,0,0,0,10.62527,0,0,0,14.00003,100,0.02828454,0.2379299,1.927116,0,13.03417
6/8/2007 4:00:00 PM,0.26729,31.68428,111.2321,61.94316,0.2611611,1.172091,0.3604207,0.3604207,0,0,0,0.3604207,325.2008,0.7927006,0,0,1.172091,0.3793902,0.3604207,0,0,0,10.62527,0,0,0,14.00003,100,0.02828454,0.3964628,0.9376727,0,11.79737
6/8/2007 5:00:00 PM,0.2179016,17.85742,111.1132,75.58027,0.1950084,0.8751975,1.727284,1.727284,0,0,0,1.727284,50.66899,0,2.220446E-16,0,0.8751975,1.818194,1.727284,0,0,0,10.62527,0,0.9429964,-0.9429964,13.00602,92.89997,0.02828454,1.900013,0.700158,0,11.50047
6/8/2007 6:00:00 PM,0.04913,4.088242,112.4064,89.38566,0.03150445,0.141392,0.7294341,0.7294341,0,0,0,0.7294341,19.38379,0,0,0,0.141392,0.7678254,0.7294341,0,0,1.047774,9.682278,0,0.6264334,-0.6264334,12.3457,88.18342,0.02828454,0.8023776,0.1131136,0,9.823669
6/8/2007 7:00:00 PM,0,0,115.053,90,0,0,0,0,0,-1,0,0,0,0,0,0,0,0,0,0,0,1.743811,9.055844,0,0,0,12.3457,88.18342,0.02828454,0,0,0,9.055844
6/8/2007 8:00:00 PM,0,0,119.3811,90,0,0,2.081095,2.081095,0,-1,0,2.081095,0,0,4.440892E-16,0,0,2.190627,2.081095,0,0,1.743811,9.055844,0,2.190627,-2.190627,10.03658,71.68971,0.02828454,2.289205,0,0,9.055844
6/8/2007 9:00:00 PM,0,0,126.2031,90,0,0,1.900017,1.900017,0,-1,0,1.900017,0,0,0,0,0,2.000018,1.900017,0,0,4.177841,6.865218,0,2.000018,-2.000018,7.928377,56.63115,0.02828454,2.090018,0,0,6.865218
6/8/2007 10:00:00 PM,0,0,137.0969,90,0,0,0.166233,0.166233,0,-1,0,0.166233,0,0,2.775558E-17,0,0,0.1749821,0.166233,0,0,6.400083,4.8652,0,0.1749821,-0.1749821,7.743929,55.31367,0.02828454,0.1828563,0,0,4.8652
6/8/2007 11:00:00 PM,0,0,154.4467,90,0,0,0,0,0,-1,0,0,0,0,0,0,0,0,0,0,0,6.594507,4.690218,0,0,0,7.743929,55.31367,0.02828454,0,0,0,4.690218
6/9/2007 12:00:00 AM,0,0,178.7448,90,0,0,0.3700762,0.3700762,0,-1,0,0.3700762,0,0,5.551115E-17,0,0,0.3895539,0.3700762,0,0,6.594507,4.690218,0,0.3895539,-0.3895539,7.333303,52.38063,0.02828454,0.4070838,0,0,4.690218
6/9/2007 1:00:00 AM,0,0,-156.5219,90,0,0,0.07228102,0.07228102,0,-1,0,0.07228102,0,0,1.387779E-17,0,0,0.07608528,0.07228102,0,0,7.027345,4.300664,0,0.07608528,-0.07608528,7.253102,51.80777,0.02828454,0.07950912,0,0,4.300664
6/9/2007 2:00:00 AM,0,0,-138.4955,90,0,0,0.2844392,0.2844392,0,-1,0,0.2844392,0,0,0,0,0,0.2994097,0.2844392,0,0,7.111884,4.224579,0,0.2994097,-0.2994097,6.937497,49.55345,0.02828454,0.3128831,0,0,4.224579
6/9/2007 3:00:00 AM,0,0,-127.1107,90,0,0,0.2087063,0.2087063,0,-1,0,0.2087063,0,0,0,0,0,0.2196908,0.2087063,0,0,7.444561,3.925169,0,0.2196908,-0.2196908,6.705923,47.89935,0.02828454,0.2295769,0,0,3.925169
6/9/2007 4:00:00 AM,0,0,-119.9876,90,0,0,0.2376651,0.2376651,0,-1,0,0.2376651,0,0,5.551115E-17,0,0,0.2501738,0.2376651,0,0,7.688663,3.705478,0,0.2501738,-0.2501738,6.442216,46.01574,0.02828454,0.2614316,0,0,3.705478
6/9/2007 5:00:00 AM,0,0,-115.4687,90,0,0,0.203276,0.203276,0,0,0,0.203276,0,0,2.775558E-17,0,0,0.2139748,0.203276,0,0,7.966633,3.455304,0,0.2139748,-0.2139748,6.216667,44.40467,0.02828454,0.2236036,0,0,3.455304
6/9/2007 6:00:00 AM,0.03539034,2.832556,-112.6865,90.66861,0.02393989,0.1074422,0.4301252,0.4301252,0,0,0,0.4301252,24.97929,0,5.551115E-17,0,0.1074422,0.4527634,0.4301252,0,0,8.204383,3.24133,0,0.3453212,-0.3453212,5.852666,41.80468,0.02828454,0.4731378,0.08595378,0,3.348772
6/9/2007 7:00:00 AM,0.1459209,16.58046,-111.2762,76.86613,0.1398074,0.6274557,1.442771,1.442771,0,0,0,1.442771,43.48962,0,0,0,0.6274557,1.518706,1.442771,0,0,8.588073,2.896008,0,0.8912507,-0.8912507,4.913206,35.09426,0.02828454,1.587048,0.5019646,0,3.523464
6/9/2007 8:00:00 AM,0.3088947,30.39808,-111.2607,63.21581,0.296113,1.328955,1.064518,1.064518,0,0,0,1.064518,124.841,0,0,0,1.328955,1.120546,1.064518,0,0,9.578352,2.004758,0.2084097,0,0.2084097,5.11092,36.5065,0.02827963,1.17097,1.063164,0,3.333713
6/9/2007 9:00:00 AM,0.5395824,44.13178,-113.1842,49.96029,0.511478,2.295513,0.5520041,0.5520041,0,-1,0,0.5520041,415.8508,0,0,0,2.295513,0.581057,0.5520041,0,0,9.369942,2.192326,1.714456,0,1.714456,6.737397,48.12416,0.0282393,0.6072045,1.836411,0,4.48784
6/9/2007 10:00:00 AM,0.8426586,57.49141,-118.8405,37.61242,0.7957196,3.57119,0.1212956,0.1212956,0,0,0,0.1212956,2944.205,0,0,0,3.57119,0.1276795,0.1212956,0,0,7.655486,3.735337,3.44351,0,3.44351,10.0042,71.4584,0.02815864,0.1334251,2.856952,0,7.306527
6/9/2007 11:00:00 AM,0.8592983,69.5515,-134.3856,27.5007,0.8195338,3.678068,2.018761,2.018761,0,0,0,2.018761,182.1943,0,0,0,3.678068,2.125011,2.018761,0,0,4.211976,6.834496,1.553056,0,1.553056,11.47756,81.98238,0.02812241,2.220637,2.942454,0,10.51256
6/9/2007 12:00:00 PM,0.857704,76.15684,-177.2294,22.86869,0.8211446,3.685297,0.2146258,0.2146258,0,0,0,0.2146258,1717.08,0.800456,0,0,3.685297,0.2259219,0.2146258,0,0,2.658919,8.232246,2.658919,0,2.658919,14.00003,100,0.02806061,0.2360884,2.948238,0,11.91754
6/9/2007 1:00:00 PM,0.8525432,70.54428,136.9595,26.74837,0.8139166,3.652858,0.5742869,0.5742869,0,0,0,0.5742869,636.0684,3.048345,0,0,3.652858,0.6045125,0.5742869,0,0,0,10.62527,0,0,0,14.00003,100,0.02806061,0.6317156,2.922286,0,14.27813
6/9/2007 2:00:00 PM,0.5973203,58.73027,119.7319,36.51292,0.5775451,2.592022,1.405088,1.405088,0,-1,0,1.405088,184.4741,1.112983,0,0,2.592022,1.47904,1.405088,0,0,0,10.62527,0,0,0,14.00003,100,0.02806061,1.545596,2.073618,0,13.2173
6/9/2007 3:00:00 PM,0.7012579,45.43581,113.5176,48.72498,0.6537288,2.933935,0,0,0,0,0,0,0,2.933935,0,0,2.933935,0,0,0,0,0,10.62527,0,0,0,14.00003,100,0.02806061,0,2.347148,0,13.55921
6/9/2007 4:00:00 PM,0.4002606,31.72137,111.3462,61.92267,0.3726393,1.672405,0,0,0,0,0,0,0,1.672405,0,0,1.672405,0,0,0,0,0,10.62527,0,0,0,14.00003,100,0.02806061,0,1.337924,0,12.29768
6/9/2007 5:00:00 PM,0.1184642,17.90429,111.2106,75.54796,0.1166272,0.5234229,1.658108,1.658108,0,0,0,1.658108,31.56749,0,2.220446E-16,0,0.5234229,1.745376,1.658108,0,0,0,10.62527,0,1.221954,-1.221954,12.71198,90.79964,0.02806061,1.823918,0.4187383,0,11.1487
6/9/2007 6:00:00 PM,0.0333672,4.143919,112.4944,89.3433,0.03053563,0.1370439,0.5946127,0.5946127,0,0,0,0.5946127,23.04759,0,0,0,0.1370439,0.6259081,0.5946127,0,0,1.357726,9.40332,0,0.4888642,-0.4888642,12.19667,87.11888,0.02806061,0.654074,0.1096351,0,9.540364
6/9/2007 7:00:00 PM,0,0,115.1355,90,0,0,2.724926,2.724926,0,-1,0,2.724926,0,0,4.440892E-16,0,0,2.868344,2.724926,0,0,1.900909,8.914456,0,2.868344,-2.868344,9.173168,65.5225,0.02806061,2.997419,0,0,8.914456
6/9/2007 8:00:00 PM,0,0,119.4601,90,0,0,1.9507,1.9507,0,-1,0,1.9507,0,0,4.440892E-16,0,0,2.053368,1.9507,0,0,5.087957,6.046113,0,2.053368,-2.053368,7.008728,50.06224,0.02806061,2.14577,0,0,6.046113
6/9/2007 9:00:00 PM,0,0,126.2767,90,0,0,1.080087,1.080087,0,-1,0,1.080087,0,0,2.220446E-16,0,0,1.136934,1.080087,0,0,7.369477,3.992745,0,1.136934,-1.136934,5.810295,41.50202,0.02806061,1.188096,0,0,3.992745
6/9/2007 10:00:00 PM,0,0,137.1543,90,0,0,0.2536571,0.2536571,0,-1,0,0.2536571,0,0,0,0,0,0.2670075,0.2536571,0,0,8.632737,2.855811,0,0.2670075,-0.2670075,5.528844,39.49166,0.02806061,0.2790228,0,0,2.855811
6/9/2007 11:00:00 PM,0,0,154.4567,90,0,0,0.3992465,0.3992465,0,-1,0,0.3992465,0,0,0,0,0,0.4202594,0.3992465,0,0,8.929412,2.588804,0,0.4202594,-0.4202594,5.085852,36.32744,0.02806061,0.4391711,0,0,2.588804
6/10/2007 12:00:00 AM,0,0,178.6658,90,0,0,0.2320381,0.2320381,0,-1,0,0.2320381,0,0,2.775558E-17,0,0,0.2442506,0.2320381,0,0,9.396367,2.168544,0,0.2442506,-0.2442506,4.828389,34.48842,0.02806061,0.2552419,0,0,2.168544
6/10/2007 1:00:00 AM,0,0,-156.657,90,0,0,0.03482806,0.03482806,0,-1,0,0.03482806,0,0,6.938894E-18,0,0,0.03666112,0.03482806,0,0,9.667756,1.924294,0,0.03666112,-0.03666112,4.789745,34.21239,0.02806061,0.03831087,0,0,1.924294
6/10/2007 2:00:00 AM,0,0,-138.6325,90,0,0,0.1405798,0.1405798,0,-1,0,0.1405798,0,0,2.775558E-17,0,0,0.1479787,0.1405798,0,0,9.708491,1.887632,0,0.1479787,-0.1479787,4.633761,33.09823,0.02806061,0.1546377,0,0,1.887632
6/10/2007 3:00:00 AM,0,0,-127.2321,90,0,0,0.3585827,0.3585827,0,-1,0,0.3585827,0,0,0,0,0,0.3774555,0.3585827,0,0,9.872911,1.739654,0,0.3774555,-0.3774555,4.235888,30.25629,0.02806061,0.394441,0,0,1.739654
6/10/2007 4:00:00 AM,0,0,-120.0947,90,0,0,0.06575147,0.06575147,0,-1,0,0.06575147,0,0,0,0,0,0.06921207,0.06575147,0,0,10.29231,1.362198,0,0.06921207,-0.06921207,4.162932,29.73517,0.02806061,0.07232662,0,0,1.362198
6/10/2007 5:00:00 AM,0,0,-115.5665,90,0,0,0,0,0,0,0,0,0,0,0,0,0,0,0,0,0,10.36921,1.292986,0,0,0,4.162932,29.73517,0.02806061,0,0,0,1.292986
6/10/2007 6:00:00 AM,0.04080074,2.80232,-112.7801,90.71206,0.02007839,0.09011181,0.167674,0.167674,0,0,0,0.167674,53.74226,0,0,0,0.09011181,0.176499,0.167674,0,0,10.36921,1.292986,0,0.08638717,-0.08638717,4.071873,29.08475,0.02806061,0.1844414,0.07208946,0,1.383098
6/10/2007 7:00:00 AM,0.2299686,16.54121,-111.3702,76.91845,0.1953497,0.8767294,0.8644834,0.8644834,0,0,0,0.8644834,101.4166,0,0,0,0.8767294,0.9099826,0.8644834,0,0,10.46519,1.206599,0,0.03325313,-0.03325313,4.036821,28.83438,0.02806061,0.9509317,0.7013835,0,2.083328
6/10/2007 8:00:00 AM,0.4505658,30.34985,-111.3599,63.27741,0.4085298,1.833482,2.055187,2.055187,5,0,1.53,2.055187,89.21242,0,0,0,1.833482,0,0,2.944813,2.797573,10.50214,1.173346,4.631054,0,4.631054,8.430224,60.21577,0.02889025,2.260705,1.466785,5,3.006827
6/10/2007 9:00:00 AM,0.6705676,44.07343,-113.2943,50.03248,0.6241429,2.801153,0,0,0,-1,0,0,0,0,0,0,2.801153,0,0,0,0,5.871089,5.341295,2.801153,0,2.801153,11.08763,79.19721,0.02882377,0,2.240922,0,8.142447
6/10/2007 10:00:00 AM,0.6984763,57.41989,-118.9657,37.69725,0.6657181,2.987743,0.7937014,0.7937014,0,0,0,0.7937014,376.4316,0,0,0,2.987743,0.8354751,0.7937014,0,0,3.069935,7.862332,2.152268,0,2.152268,13.12945,93.78162,0.02877289,0.8730716,2.390194,0,10.85008
6/10/2007 11:00:00 AM,0.9597269,69.46136,-134.4971,27.59762,0.9121861,4.093892,1.398305,1.398305,0,0,0,1.398305,292.7753,1.704324,0,0,4.093892,1.4719,1.398305,0,0,0.9176675,9.799374,0.9176675,0,0.9176675,14.00003,100,0.02875126,1.538135,3.275113,0,13.89326
6/10/2007 12:00:00 PM,0.8906752,76.06673,-177.0664,22.95799,0.8510283,3.819415,0,0,0,0,0,0,0,3.819415,0,0,3.819415,0,0,0,0,0,10.62527,0,0,0,14.00003,100,0.02875126,0,3.055532,0,14.44469
6/10/2007 1:00:00 PM,0.6049984,70.51621,137.2419,26.79797,0.5902902,2.649223,0,0,0,0,0,0,0,2.649223,0,0,2.649223,0,0,0,0,0,10.62527,0,0,0,14.00003,100,0.02875126,0,2.119378,0,13.2745
6/10/2007 2:00:00 PM,0.4997812,58.73878,119.9205,36.52704,0.4891339,2.195233,0,0,0,-1,0,0,0,2.195233,0,0,2.195233,0,0,0,0,0,10.62527,0,0,0,14.00003,100,0.02875126,0,1.756186,0,12.82051
6/10/2007 3:00:00 PM,0.4554946,45.46254,113.6523,48.71684,0.440581,1.977327,0.8032537,0.8032537,0,0,0,0.8032537,246.1648,1.131797,0,0,1.977327,0.8455302,0.8032537,0,0,0,10.62527,0,0,0,14.00003,100,0.02875126,0.883579,1.581862,0,12.6026
6/10/2007 4:00:00 PM,0.4200212,31.7598,111.4525,61.89976,0.388198,1.742233,0.7601953,0.7601953,0,0,0,0.7601953,229.1823,0.9420272,0,0,1.742233,0.8002055,0.7601953,0,0,0,10.62527,0,0,0,14.00003,100,0.02875126,0.8362148,1.393786,0,12.36751
6/10/2007 5:00:00 PM,0.2465823,17.95183,111.3009,75.51395,0.2130413,0.9561292,1.067271,1.067271,0,0,0,1.067271,89.58632,2.220446E-16,0,0,0.9561292,1.123444,1.067271,0,0,0,10.62527,0,0.1673144,-0.1673144,13.82366,98.74025,0.02875126,1.173999,0.7649034,0,11.5814
6/10/2007 6:00:00 PM,0.03857232,4.199646,112.5755,89.29989,0.03306452,0.1483936,0,0,0,0,0,0,0,0,0,0,0.1483936,0,0,0,0,0.1859049,10.45796,0.1483936,0,0.1483936,13.96444,99.74581,0.02874776,0,0.1187148,0,10.60635
6/10/2007 7:00:00 PM,0,0,115.2112,90,0,0,1.036185,1.036185,0,-1,0,1.036185,0,0,0,0,0,1.090721,1.036185,0,0,0.03751138,10.59151,0,1.090721,-1.090721,12.81472,91.53354,0.02874776,1.139803,0,0,10.59151
6/10/2007 8:00:00 PM,0,0,119.5318,90,0,0,2.200761,2.200761,0,-1,0,2.200761,0,0,0,0,0,2.316591,2.200761,0,0,1.249424,9.500793,0,2.316591,-2.316591,10.37282,74.09142,0.02874776,2.420837,0,0,9.500793
6/10/2007 9:00:00 PM,0,0,126.3425,90,0,0,1.03822,1.03822,0,-1,0,1.03822,0,0,0,0,0,1.092863,1.03822,0,0,3.823413,7.184202,0,1.092863,-1.092863,9.22084,65.86301,0.02874776,1.142042,0,0,7.184202
6/10/2007 10:00:00 PM,0,0,137.2034,90,0,0,0.2244077,0.2244077,0,-1,0,0.2244077,0,0,2.775558E-17,0,0,0.2362186,0.2244077,0,0,5.037706,6.091339,0,0.2362186,-0.2362186,8.971845,64.08447,0.02874776,0.2468484,0,0,6.091339
6/10/2007 11:00:00 PM,0,0,154.4596,90,0,0,0.2589419,0.2589419,0,-1,0,0.2589419,0,0,5.551115E-17,0,0,0.2725705,0.2589419,0,0,5.300171,5.85512,0,0.2725705,-0.2725705,8.68453,62.03223,0.02874776,0.2848361,0,0,5.85512
6/11/2007 12:00:00 AM,0,0,178.5852,90,0,0,0.1144802,0.1144802,0,-1,0,0.1144802,0,0,1.387779E-17,0,0,0.1205055,0.1144802,0,0,5.603027,5.58255,0,0.1205055,-0.1205055,8.557506,61.12492,0.02874776,0.1259282,0,0,5.58255
6/11/2007 1:00:00 AM,0,0,-156.7881,90,0,0,0.1052149,0.1052149,0,-1,0,0.1052149,0,0,1.387779E-17,0,0,0.1107525,0.1052149,0,0,5.736922,5.462044,0,0.1107525,-0.1107525,8.440763,60.29104,0.02874776,0.1157364,0,0,5.462044
6/11/2007 2:00:00 AM,0,0,-138.7634,90,0,0,0.3426899,0.3426899,0,-1,0,0.3426899,0,0,0,0,0,0.3607262,0.3426899,0,0,5.859981,5.351292,0,0.3607262,-0.3607262,8.060524,57.57505,0.02874776,0.3769589,0,0,5.351292
6/11/2007 3:00:00 AM,0,0,-127.3468,90,0,0,0.1392976,0.1392976,0,-1,0,0.1392976,0,0,0,0,0,0.146629,0.1392976,0,0,6.260787,4.990566,0,0.146629,-0.146629,7.905963,56.47105,0.02874776,0.1532273,0,0,4.990566
6/11/2007 4:00:00 AM,0,0,-120.1952,90,0,0,0.3454407,0.3454407,0,-1,0,0.3454407,0,0,5.551115E-17,0,0,0.3636218,0.3454407,0,0,6.423708,4.843936,0,0.3636218,-0.3636218,7.522672,53.73326,0.02874776,0.3799848,0,0,4.843936
6/11/2007 5:00:00 AM,0,0,-115.6579,90,0,0,0.07828823,0.07828823,0,0,0,0.07828823,0,0,1.387779E-17,0,0,0.08240867,0.07828823,0,0,6.827733,4.480315,0,0.08240867,-0.08240867,7.435806,53.11279,0.02874776,0.08611706,0,0,4.480315
6/11/2007 6:00:00 AM,0.02339565,2.770132,-112.8671,90.75648,0.0217398,0.09756821,0.4596207,0.4596207,0,0,0,0.4596207,21.22799,0,0,0,0.09756821,0.4838112,0.4596207,0,0,6.919298,4.397906,0,0.386243,-0.386243,7.02867,50.20469,0.02874776,0.5055827,0.07805456,0,4.495474
6/11/2007 7:00:00 AM,0.1677805,16.50063,-111.4571,76.97107,0.1563048,0.7014958,0.7921071,0.7921071,0,0,0,0.7921071,88.56072,0,1.110223E-16,0,0.7014958,0.8337969,0.7921071,0,0,7.348457,4.011663,0,0.1323012,-0.1323012,6.889212,49.20856,0.02874776,0.8713178,0.5611966,0,4.713159
6/11/2007 8:00:00 AM,0.1796551,30.30095,-111.4511,63.33853,0.1779758,0.7987553,0.4130646,0.4130646,0,0,0,0.4130646,193.3729,0,0,0,0.7987553,0.4348049,0.4130646,0,0,7.495458,3.879362,0.3639504,0,0.3639504,7.234486,51.67479,0.02873919,0.4543711,0.6390042,0,4.678117
6/11/2007 9:00:00 AM,0.295506,44.01522,-113.3946,50.1032,0.2922198,1.311482,0.9410609,0.9410609,0,-1,0,0.9410609,139.3621,0,0,0,1.311482,0.9905904,0.9410609,0,0,7.131508,4.206917,0.320892,0,0.320892,7.53891,53.84925,0.02873164,1.035167,1.049186,0,5.5184
6/11/2007 10:00:00 AM,0.3804257,57.34972,-119.078,37.77921,0.3761891,1.688337,0.04840547,0.04840547,0,0,0,0.04840547,3487.905,0,0,0,1.688337,0.05095313,0.04840547,0,0,6.810616,4.49572,1.637384,0,1.637384,9.092269,64.94465,0.02869317,0.05324602,1.350669,0,6.184057
6/11/2007 11:00:00 AM,0.3621298,69.3748,-134.5912,27.6896,0.3593389,1.612713,1.843485,1.843485,0,0,0,1.843485,87.48173,0,0,0,1.612713,1.940511,1.843485,0,0,5.173232,5.969365,0,0.327798,-0.327798,8.746739,62.47659,0.02869317,2.027834,1.29017,0,7.582078
6/11/2007 12:00:00 PM,0.7282642,75.98324,-176.9,23.04062,0.7039024,3.159114,0.6328406,0.6328406,0,0,0,0.6328406,499.1958,0,0,0,3.159114,0.6661481,0.6328406,0,0,5.537452,5.641567,2.492966,0,2.492966,11.11178,79.36966,0.02863479,0.6961247,2.527291,0,8.800681
6/11/2007 1:00:00 PM,0.5004466,70.49305,137.5107,26.84162,0.4929056,2.21216,1.052948,1.052948,0,0,0,1.052948,210.0922,0,0,0,2.21216,1.108366,1.052948,0,0,3.044486,7.885237,1.103794,0,1.103794,12.15893,86.8493,0.02860901,1.158242,1.769728,0,10.0974
6/11/2007 2:00:00 PM,0.5056843,58.7504,120.0977,36.53672,0.494531,2.219455,1.391054,1.391054,0,-1,0,1.391054,159.552,0,0,0,2.219455,1.464267,1.391054,0,0,1.940692,8.878652,0.7551877,0,0.7551877,12.87536,91.96667,0.02859141,1.530159,1.775564,0,11.09811
6/11/2007 3:00:00 PM,0.4214323,45.49131,113.778,48.70544,0.4102203,1.841069,0,0,0,0,0,0,0,0.6555649,0,0,1.841069,0,0,0,0,1.185504,9.558321,1.185504,0,1.185504,14.00003,100,0.02856381,0,1.472855,0,11.39939
6/11/2007 4:00:00 PM,0.2804397,31.79949,111.551,61.87448,0.2729928,1.225191,0.8235173,0.8235173,0,0,0,0.8235173,148.7754,0.3583311,0,0,1.225191,0.8668603,0.8235173,0,0,0,10.62527,0,0,0,14.00003,100,0.02856381,0.9058691,0.9801532,0,11.85047
6/11/2007 5:00:00 PM,0.09660929,17.99999,111.3842,75.47829,0.09564038,0.4292341,0,0,0,0,0,0,0,0.4292341,0,0,0.4292341,0,0,0,0,0,10.62527,0,0,0,14.00003,100,0.02856381,0,0.3433872,0,11.05451
6/11/2007 6:00:00 PM,0.01065889,4.255351,112.6497,89.25551,0.01051769,0.04720338,1.949647,1.949647,0,0,0,1.949647,2.421124,0,6.661338E-16,0,0.04720338,2.05226,1.949647,0,0,0,10.62527,0,2.005057,-2.005057,11.88651,84.90349,0.02856381,2.144612,0.0377627,0,10.67248
6/11/2007 7:00:00 PM,0,0,115.2799,90,0,0,0.7177815,0.7177815,0,-1,0,0.7177815,0,0,1.110223E-16,0,0,0.7555594,0.7177815,0,0,2.227841,8.620217,0,0.7555594,-0.7555594,11.09008,79.21472,0.02856381,0.7895596,0,0,8.620217
6/11/2007 8:00:00 PM,0,0,119.5963,90,0,0,0.6560644,0.6560644,0,-1,0,0.6560644,0,0,1.110223E-16,0,0,0.6905941,0.6560644,0,0,3.067352,7.864658,0,0.6905941,-0.6905941,10.36213,74.01508,0.02856381,0.7216708,0,0,7.864658
6/11/2007 9:00:00 PM,0,0,126.4004,90,0,0,0,0,0,-1,0,0,0,0,0,0,0,0,0,0,0,3.834678,7.174064,0,0,0,10.36213,74.01508,0.02856381,0,0,0,7.174064
6/11/2007 10:00:00 PM,0,0,137.2442,90,0,0,0.5552427,0.5552427,0,-1,0,0.5552427,0,0,1.110223E-16,0,0,0.584466,0.5552427,0,0,3.834678,7.174064,0,0.584466,-0.584466,9.746052,69.61452,0.02856381,0.6107669,0,0,7.174064
6/11/2007 11:00:00 PM,0,0,154.4558,90,0,0,0,0,0,-1,0,0,0,0,0,0,0,0,0,0,0,4.484085,6.589598,0,0,0,9.746052,69.61452,0.02856381,0,0,0,6.589598
6/12/2007 12:00:00 AM,0,0,178.5029,90,0,0,0.3380033,0.3380033,0,-1,0,0.3380033,0,0,0,0,0,0.3557929,0.3380033,0,0,4.484085,6.589598,0,0.3557929,-0.3557929,9.371013,66.93567,0.02856381,0.3718036,0,0,6.589598
6/12/2007 1:00:00 AM,0,0,-156.9152,90,0,0,0.1225261,0.1225261,0,-1,0,0.1225261,0,0,2.775558E-17,0,0,0.1289749,0.1225261,0,0,4.87941,6.233805,0,0.1289749,-0.1289749,9.235062,65.96459,0.02856381,0.1347787,0,0,6.233805
6/12/2007 2:00:00 AM,0,0,-138.888,90,0,0,0.0650107,0.0650107,0,-1,0,0.0650107,0,0,0,0,0,0.06843232,0.0650107,0,0,5.022716,6.10483,0,0.06843232,-0.06843232,9.162928,65.44935,0.02856381,0.07151177,0,0,6.10483
6/12/2007 3:00:00 AM,0,0,-127.4549,90,0,0,0.2513213,0.2513213,0,-1,0,0.2513213,0,0,5.551115E-17,0,0,0.2645487,0.2513213,0,0,5.098752,6.036397,0,0.2645487,-0.2645487,8.884068,63.4575,0.02856381,0.2764534,0,0,6.036397
6/12/2007 4:00:00 AM,0,0,-120.2892,90,0,0,0.2289538,0.2289538,0,-1,0,0.2289538,0,0,2.775558E-17,0,0,0.241004,0.2289538,0,0,5.392695,5.771849,0,0.241004,-0.241004,8.630028,61.64293,0.02856381,0.2518492,0,0,5.771849
6/12/2007 5:00:00 AM,0,0,-115.7429,90,0,0,0.1284375,0.1284375,0,0,0,0.1284375,0,0,0,0,0,0.1351974,0.1284375,0,0,5.660477,5.530845,0,0.1351974,-0.1351974,8.487517,60.625,0.02856381,0.1412813,0,0,5.530845
6/12/2007 6:00:00 AM,0.04899216,2.736061,-112.9474,90.80181,0.01076548,0.04831549,0.1749599,0.1749599,0,0,0,0.1749599,27.61518,0,0,0,0.04831549,0.1841683,0.1749599,0,0,5.810696,5.395648,0,0.1358528,-0.1358528,8.344316,59.60214,0.02856381,0.1924559,0.03865239,0,5.443963
6/12/2007 7:00:00 AM,0.2028782,16.4588,-111.5369,77.0239,0.1788836,0.8028294,0.750109,0.750109,0,0,0,0.750109,107.0284,0,0,0,0.8028294,0.7895884,0.750109,0,0,5.961644,5.259795,0.01324104,0,0.01324104,8.356877,59.69186,0.0285635,0.8251199,0.6422636,0,6.062624
6/12/2007 8:00:00 AM,0.3374211,30.25148,-111.5343,63.39907,0.3190992,1.432117,0.6332406,0.6332406,0,0,0,0.6332406,226.1568,0,0,0,1.432117,0.6665691,0.6332406,0,0,5.948403,5.271711,0.765548,0,0.765548,9.08314,64.87944,0.02854571,0.6965647,1.145694,0,6.703829
6/12/2007 9:00:00 AM,0.4936171,43.95727,-113.4852,50.17236,0.4717858,2.117375,0.641688,0.641688,0,-1,0,0.641688,329.9695,0,0,0,2.117375,0.6754611,0.641688,0,0,5.182855,5.960705,1.441914,0,1.441914,10.45106,74.65028,0.02851226,0.7058568,1.6939,0,8.078079
6/12/2007 10:00:00 AM,0.7782048,57.28101,-119.1775,37.85819,0.7362379,3.304236,0.4837781,0.4837781,0,0,0,0.4837781,683.0065,0,0,0,3.304236,0.5092401,0.4837781,0,0,3.740941,7.258427,2.794996,0,2.794996,13.10263,93.59,0.02844765,0.5321559,2.643389,0,10.56266
6/12/2007 11:00:00 AM,0.8012911,69.29193,-134.6684,27.77658,0.7663515,3.439385,1.74325,1.74325,0,0,0,1.74325,197.2973,0.6584396,0,0,3.439385,1.835,1.74325,0,0,0.9459453,9.773923,0.9459453,0,0.9459453,14.00003,100,0.02842585,1.917575,2.751508,0,13.21331
6/12/2007 12:00:00 PM,0.8037749,75.90636,-176.7303,23.11655,0.7717624,3.46367,0,0,0,0,0,0,0,3.46367,0,0,3.46367,0,0,0,0,0,10.62527,0,0,0,14.00003,100,0.02842585,0,2.770936,0,14.08894
6/12/2007 1:00:00 PM,0.5488558,70.47483,137.7661,26.8793,0.5383248,2.416002,0,0,0,0,0,0,0,2.416002,0,0,2.416002,0,0,0,0,0,10.62527,0,0,0,14.00003,100,0.02842585,0,1.932801,0,13.04128
6/12/2007 2:00:00 PM,0.6925484,58.76513,120.2634,36.54197,0.6615081,2.968848,0.6647681,0.6647681,0,-1,0,0.6647681,446.5991,2.269093,0,0,2.968848,0.6997558,0.6647681,0,0,0,10.62527,0,0,0,14.00003,100,0.02842585,0.7312449,2.375079,0,13.59412
6/12/2007 3:00:00 PM,0.4895128,45.52209,113.8944,48.69083,0.4702165,2.110332,0.1496605,0.1496605,0,0,0,0.1496605,1410.08,1.952794,0,0,2.110332,0.1575373,0.1496605,0,0,0,10.62527,0,0,0,14.00003,100,0.02842585,0.1646265,1.688265,0,12.73561
6/12/2007 4:00:00 PM,0.4173661,31.84041,111.6416,61.84687,0.3860663,1.732665,1.458378,1.458378,0,0,0,1.458378,118.8077,0.1975304,0,0,1.732665,1.535135,1.458378,0,0,0,10.62527,0,0,0,14.00003,100,0.02842585,1.604216,1.386132,0,12.35794
6/12/2007 5:00:00 PM,0.2542984,18.04871,111.4602,75.44106,0.2180516,0.9786158,0.06114138,0.06114138,0,0,0,0.06114138,1600.578,0.9142564,0,0,0.9786158,0.06435934,0.06114138,0,0,0,10.62527,0,0,0,14.00003,100,0.02842585,0.06725552,0.7828926,0,11.60389
6/12/2007 6:00:00 PM,0.05006257,4.310959,112.7171,89.21022,0.03380972,0.151738,2.21356,2.21356,0,0,0,2.21356,6.85493,4.440892E-16,0,0,0.151738,2.330064,2.21356,0,0,0,10.62527,0,2.178325,-2.178325,11.70387,83.59892,0.02842585,2.434916,0.1213904,0,10.77701
6/12/2007 7:00:00 PM,0,0,115.3417,90,0,0,1.761913,1.761913,0,-1,0,1.761913,0,0,0,0,0,1.854645,1.761913,0,0,2.420362,8.446949,0,1.854645,-1.854645,9.748904,69.63489,0.02842585,1.938104,0,0,8.446949
6/12/2007 8:00:00 PM,0,0,119.6534,90,0,0,0.05637572,0.05637572,0,-1,0,0.05637572,0,0,6.938894E-18,0,0,0.05934286,0.05637572,0,0,4.481079,6.592304,0,0.05934286,-0.05934286,9.686351,69.18808,0.02842585,0.06201329,0,0,6.592304
6/12/2007 9:00:00 PM,0,0,126.4504,90,0,0,0.9237917,0.9237917,0,-1,0,0.9237917,0,0,0,0,0,0.9724123,0.9237917,0,0,4.547015,6.532961,0,0.9724123,-0.9724123,8.661338,61.86658,0.02842585,1.016171,0,0,6.532961
6/12/2007 10:00:00 PM,0,0,137.277,90,0,0,0.1720656,0.1720656,0,-1,0,0.1720656,0,0,0,0,0,0.1811217,0.1720656,0,0,5.627473,5.560548,0,0.1811217,-0.1811217,8.470419,60.50287,0.02842585,0.1892722,0,0,5.560548
6/12/2007 11:00:00 PM,0,0,154.4452,90,0,0,0.221723,0.221723,0,-1,0,0.221723,0,0,0,0,0,0.2333926,0.221723,0,0,5.82872,5.379427,0,0.2333926,-0.2333926,8.224401,58.74561,0.02842585,0.2438953,0,0,5.379427
6/13/2007 12:00:00 AM,0,0,178.4191,90,0,0,0.1116814,0.1116814,0,-1,0,0.1116814,0,0,1.387779E-17,0,0,0.1175594,0.1116814,0,0,6.088045,5.146034,0,0.1175594,-0.1175594,8.100483,57.86048,0.02842585,0.1228495,0,0,5.146034
6/13/2007 1:00:00 AM,0,0,-157.0383,90,0,0,0.3597214,0.3597214,0,-1,0,0.3597214,0,0,5.551115E-17,0,0,0.3786541,0.3597214,0,0,6.218666,5.028475,0,0.3786541,-0.3786541,7.701347,55.00951,0.02842585,0.3956935,0,0,5.028475
6/13/2007 2:00:00 AM,0,0,-139.0062,90,0,0,0.1047733,0.1047733,0,-1,0,0.1047733,0,0,1.387779E-17,0,0,0.1102876,0.1047733,0,0,6.639393,4.649821,0,0.1102876,-0.1102876,7.585093,54.17913,0.02842585,0.1152506,0,0,4.649821
6/13/2007 3:00:00 AM,0,0,-127.5563,90,0,0,0.04207513,0.04207513,0,-1,0,0.04207513,0,0,6.938894E-18,0,0,0.04428962,0.04207513,0,0,6.761935,4.539533,0,0.04428962,-0.04428962,7.538408,53.84566,0.02842585,0.04628265,0,0,4.539533
6/13/2007 4:00:00 AM,0,0,-120.3767,90,0,0,0.270339,0.270339,0,-1,0,0.270339,0,0,0,0,0,0.2845674,0.270339,0,0,6.811145,4.495244,0,0.2845674,-0.2845674,7.238448,51.70309,0.02842585,0.2973729,0,0,4.495244
6/13/2007 5:00:00 AM,0,0,-115.8213,90,0,0,0,0,0,0,0,0,0,0,0,0,0,0,0,0,0,7.127331,4.210676,0,0,0,7.238448,51.70309,0.02842585,0,0,0,4.210676
6/13/2007 6:00:00 AM,0.05506247,2.700178,-113.0212,90.84796,0.005311368,0.02383742,0.2401017,0.2401017,0,0,0,0.2401017,9.92805,0,8.326673E-17,0,0.02383742,0.2527386,0.2401017,0,0,7.127331,4.210676,0,0.2289012,-0.2289012,6.997165,49.97965,0.02842585,0.2641119,0.01906993,0,4.234513
6/13/2007 7:00:00 AM,0.2330798,16.4158,-111.6096,77.07686,0.1960384,0.8798204,0.01524483,0.01524483,0,0,0,0.01524483,5771.271,0,0,0,0.8798204,0.01604719,0.01524483,0,0,7.381666,3.981775,0.8637732,0,0.8637732,7.816612,55.83283,0.02840597,0.01676931,0.7038563,0,4.861595
6/13/2007 8:00:00 AM,0.3384276,30.20152,-111.6095,63.45897,0.319742,1.435002,0.9145805,0.9145805,0,0,0,0.9145805,156.9028,0,0,0,1.435002,0.9627163,0.9145805,0,0,6.517893,4.759171,0.4722858,0,0.4722858,8.264662,59.03318,0.02839511,1.006039,1.148002,0,6.194173
6/13/2007 9:00:00 AM,0.569523,43.89965,-113.5661,50.23987,0.5359949,2.405545,0,0,0,-1,0,0,0,0,0,0,2.405545,0,0,0,0,6.045607,5.184228,2.405545,0,2.405545,10.54676,75.33387,0.02833994,0,1.924436,0,7.589773
6/13/2007 10:00:00 AM,0.8116729,57.21387,-119.2643,37.93412,0.7663264,3.439273,0.01957851,0.01957851,0,0,0,0.01957851,17566.57,0,0,0,3.439273,0.02060896,0.01957851,0,0,3.640062,7.349219,3.418664,0,3.418664,13.78999,98.49975,0.02826189,0.02153636,2.751418,0,10.78849
6/13/2007 11:00:00 AM,0.7752613,69.21284,-134.7288,27.8585,0.7428046,3.333707,1.719061,1.719061,0,0,0,1.719061,193.9261,1.302772,0,0,3.333707,1.809537,1.719061,0,0,0.2213975,10.42602,0.2213975,0,0.2213975,14.00003,100,0.02825685,1.890967,2.666966,0,13.75972
6/13/2007 12:00:00 PM,0.8338056,75.83614,-176.5573,23.18577,0.7987309,3.584704,0,0,0,0,0,0,0,3.584704,0,0,3.584704,0,0,0,0,0,10.62527,0,0,0,14.00003,100,0.02825685,0,2.867763,0,14.20998
6/13/2007 1:00:00 PM,0.7534412,70.46156,138.0079,26.91102,0.7239473,3.249076,0,0,0,0,0,0,0,3.249076,0,0,3.249076,0,0,0,0,0,10.62527,0,0,0,14.00003,100,0.02825685,0,2.599261,0,13.87435
6/13/2007 2:00:00 PM,0.7580619,58.78295,120.4177,36.54282,0.7194881,3.229063,0.5057752,0.5057752,0,-1,0,0.5057752,638.4383,2.696668,0,0,3.229063,0.532395,0.5057752,0,0,0,10.62527,0,0,0,14.00003,100,0.02825685,0.5563527,2.58325,0,13.85434
6/13/2007 3:00:00 PM,0.7414122,45.55485,114.0016,48.67302,0.6896141,3.094988,1.476434,1.476434,0,0,0,1.476434,209.6258,1.540847,0,0,3.094988,1.554142,1.476434,0,0,0,10.62527,0,0,0,14.00003,100,0.02825685,1.624078,2.475991,0,13.72026
6/13/2007 4:00:00 PM,0.5106939,31.8825,111.7244,61.817,0.4615501,2.071437,0.9583532,0.9583532,0,0,0,0.9583532,216.1454,1.062644,0,0,2.071437,1.008793,0.9583532,0,0,0,10.62527,0,0,0,14.00003,100,0.02825685,1.054188,1.657149,0,12.69671
6/13/2007 5:00:00 PM,0.2474946,18.09791,111.5292,75.40231,0.2139999,0.9604313,0.5444913,0.5444913,0,0,0,0.5444913,176.3906,0.3872826,0,0,0.9604313,0.5731487,0.5444913,0,0,0,10.62527,0,0,0,14.00003,100,0.02825685,0.5989404,0.7683451,0,11.58571
6/13/2007 6:00:00 PM,0.05246313,4.3664,112.7776,89.1641,0.03361514,0.1508647,0,0,0,0,0,0,0,0.1508647,0,0,0.1508647,0,0,0,0,0,10.62527,0,0,0,14.00003,100,0.02825685,0,0.1206918,0,10.77614
6/13/2007 7:00:00 PM,0,0,115.3966,90,0,0,0,0,0,-1,0,0,0,0,0,0,0,0,0,0,0,0,10.62527,0,0,0,14.00003,100,0.02825685,0,0,0,10.62527
6/13/2007 8:00:00 PM,0,0,119.7033,90,0,0,0.6377699,0.6377699,0,-1,0,0.6377699,0,0,1.110223E-16,0,0,0.6713368,0.6377699,0,0,0,10.62527,0,0.6713368,-0.6713368,13.29238,94.94536,0.02825685,0.701547,0,0,10.62527
6/13/2007 9:00:00 PM,0,0,126.4928,90,0,0,0,0,0,-1,0,0,0,0,0,0,0,0,0,0,0,0.7459298,9.953938,0,0,0,13.29238,94.94536,0.02825685,0,0,0,9.953938
6/13/2007 10:00:00 PM,0,0,137.3017,90,0,0,0.1825618,0.1825618,0,-1,0,0.1825618,0,0,2.775558E-17,0,0,0.1921704,0.1825618,0,0,0.7459298,9.953938,0,0.1921704,-0.1921704,13.08981,93.49847,0.02825685,0.200818,0,0,9.953938
6/13/2007 11:00:00 PM,0,0,154.4281,90,0,0,0,0,0,-1,0,0,0,0,0,0,0,0,0,0,0,0.9594524,9.761767,0,0,0,13.08981,93.49847,0.02825685,0,0,0,9.761767
6/14/2007 12:00:00 AM,0,0,178.3339,90,0,0,0.3899268,0.3899268,0,-1,0,0.3899268,0,0,5.551115E-17,0,0,0.4104493,0.3899268,0,0,0.9594524,9.761767,0,0.4104493,-0.4104493,12.65716,90.4081,0.02825685,0.4289195,0,0,9.761767
6/14/2007 1:00:00 AM,0,0,-157.1573,90,0,0,0.267859,0.267859,0,-1,0,0.267859,0,0,0,0,0,0.2819569,0.267859,0,0,1.415507,9.351317,0,0.2819569,-0.2819569,12.35995,88.28519,0.02825685,0.2946449,0,0,9.351317
6/14/2007 2:00:00 AM,0,0,-139.1181,90,0,0,0,0,0,-1,0,0,0,0,0,0,0,0,0,0,0,1.728792,9.069361,0,0,0,12.35995,88.28519,0.02825685,0,0,0,9.069361
6/14/2007 3:00:00 AM,0,0,-127.6509,90,0,0,0.3176128,0.3176128,0,-1,0,0.3176128,0,0,5.551115E-17,0,0,0.3343292,0.3176128,0,0,1.728792,9.069361,0,0.3343292,-0.3343292,12.00754,85.76795,0.02825685,0.3493741,0,0,9.069361
6/14/2007 4:00:00 AM,0,0,-120.4576,90,0,0,0,0,0,-1,0,0,0,0,0,0,0,0,0,0,0,2.100269,8.735032,0,0,0,12.00754,85.76795,0.02825685,0,0,0,8.735032
6/14/2007 5:00:00 AM,0,0,-115.8932,90,0,0,0.3463821,0.3463821,0,0,0,0.3463821,0,0,5.551115E-17,0,0,0.3646127,0.3463821,0,0,2.100269,8.735032,0,0.3646127,-0.3646127,11.6232,83.02271,0.02825685,0.3810203,0,0,8.735032
6/14/2007 6:00:00 AM,0.05929374,2.662553,-113.0883,90.89487,0.00350887,0.01574781,0.03216998,0.03216998,0,0,0,0.03216998,48.95188,0,0,0,0.01574781,0.03386313,0.03216998,0,0,2.505395,8.370419,0,0.01811532,-0.01811532,11.60411,82.88631,0.02825685,0.03538698,0.01259825,0,8.386167
6/14/2007 7:00:00 AM,0.2765869,16.37171,-111.6752,77.12988,0.2231721,1.001596,1.137953,1.137953,0,0,0,1.137953,88.01737,0,0,0,1.001596,1.197845,1.137953,0,0,2.525523,8.352304,0,0.1962489,-0.1962489,11.39724,81.40871,0.02825685,1.251748,0.8012769,0,9.3539
6/14/2007 8:00:00 AM,0.5326099,30.15115,-111.6766,63.51812,0.4765832,2.138905,1.337017,1.337017,0,0,0,1.337017,159.9759,0,0,0,2.138905,1.407386,1.337017,0,0,2.743577,8.156054,0.7315191,0,0.7315191,12.09122,86.3657,0.02824022,1.470719,1.711124,0,10.29496
6/14/2007 9:00:00 AM,0.7348524,43.84249,-113.6373,50.30563,0.6813725,3.058,0.4237778,0.4237778,0,-1,0,0.4237778,721.6046,0.5998598,0,0,3.058,0.4460818,0.4237778,0,0,2.012058,8.814422,2.012058,0,2.012058,14.00003,100,0.02819455,0.4661555,2.4464,0,11.87242
6/14/2007 10:00:00 AM,0.9465584,57.1484,-119.3385,38.0069,0.8915108,4.001101,1.435369,1.435369,0,0,0,1.435369,278.7505,2.490185,0,0,4.001101,1.510915,1.435369,0,0,0,10.62527,0,0,0,14.00003,100,0.02819455,1.578906,3.20088,0,14.62637
6/14/2007 11:00:00 AM,0.9865346,69.1376,-134.7728,27.93529,0.9365994,4.203458,1.406413,1.406413,0,0,0,1.406413,298.878,2.723023,0,0,4.203458,1.480435,1.406413,0,0,0,10.62527,0,0,0,14.00003,100,0.02819455,1.547054,3.362767,0,14.82873
6/14/2007 12:00:00 PM,1.078382,75.77257,-176.3813,23.24827,1.025958,4.604497,0.6781548,0.6781548,0,0,0,0.6781548,678.9744,3.89065,0,0,4.604497,0.7138472,0.6781548,0,0,0,10.62527,0,0,0,14.00003,100,0.02819455,0.7459703,3.683598,0,15.22977
6/14/2007 1:00:00 PM,1.019979,70.45327,138.2363,26.93677,0.9687541,4.347768,0.300609,0.300609,0,0,0,0.300609,1446.32,4.031338,0,0,4.347768,0.3164305,0.300609,0,0,0,10.62527,0,0,0,14.00003,100,0.02819455,0.3306699,3.478215,0,14.97304
6/14/2007 2:00:00 PM,0.811021,58.80384,120.5604,36.53928,0.7670375,3.442464,1.725171,1.725171,0,-1,0,1.725171,199.5433,1.626495,0,0,3.442464,1.81597,1.725171,0,0,0,10.62527,0,0,0,14.00003,100,0.02819455,1.897688,2.753971,0,14.06774
6/14/2007 3:00:00 PM,0.6849918,45.58953,114.0996,48.65207,0.6385314,2.865729,1.061924,1.061924,0,0,0,1.061924,269.8621,1.747915,0,0,2.865729,1.117814,1.061924,0,0,0,10.62527,0,0,0,14.00003,100,0.02819455,1.168116,2.292583,0,13.491
6/14/2007 4:00:00 PM,0.4485567,31.9257,111.7993,61.78491,0.410719,1.843307,0.8596047,0.8596047,0,0,0,0.8596047,214.4366,0.9384601,0,0,1.843307,0.904847,0.8596047,0,0,0,10.62527,0,0,0,14.00003,100,0.02819455,0.9455651,1.474646,0,12.46858
6/14/2007 5:00:00 PM,0.2590866,18.14754,111.5909,75.36211,0.2213223,0.9932947,0.08655045,0.08655045,0,0,0,0.08655045,1147.648,0.9021889,0,0,0.9932947,0.09110574,0.08655045,0,0,0,10.62527,0,0,0,14.00003,100,0.02819455,0.09520549,0.7946357,0,11.61857
6/14/2007 6:00:00 PM,0.05746304,4.421599,112.8312,89.11722,0.03194513,0.1433697,1.853709,1.853709,0,0,0,1.853709,7.73421,0,2.220446E-16,0,0.1433697,1.951272,1.853709,0,0,0,10.62527,0,1.807903,-1.807903,12.09433,86.38791,0.02819455,2.03908,0.1146958,0,10.76864
6/14/2007 7:00:00 PM,0,0,115.4446,90,0,0,0.3113322,0.3113322,0,-1,0,0.3113322,0,0,5.551115E-17,0,0,0.3277181,0.3113322,0,0,2.008781,8.817371,0,0.3277181,-0.3277181,11.74889,83.92045,0.02819455,0.3424654,0,0,8.817371
6/14/2007 8:00:00 PM,0,0,119.746,90,0,0,0,0,0,-1,0,0,0,0,0,0,0,0,0,0,0,2.372912,8.489654,0,0,0,11.74889,83.92045,0.02819455,0,0,0,8.489654
6/14/2007 9:00:00 PM,0,0,126.5274,90,0,0,1.945352,1.945352,0,-1,0,1.945352,0,0,2.220446E-16,0,0,2.047739,1.945352,0,0,2.372912,8.489654,0,2.047739,-2.047739,9.59038,68.50258,0.02819455,2.139887,0,0,8.489654
6/14/2007 10:00:00 PM,0,0,137.3186,90,0,0,0.07179023,0.07179023,0,-1,0,0.07179023,0,0,0,0,0,0.07556866,0.07179023,0,0,4.648177,6.441915,0,0.07556866,-0.07556866,9.510723,67.9336,0.02819455,0.07896926,0,0,6.441915
6/14/2007 11:00:00 PM,0,0,154.4045,90,0,0,0,0,0,-1,0,0,0,0,0,0,0,0,0,0,0,4.732142,6.366346,0,0,0,9.510723,67.9336,0.02819455,0,0,0,6.366346
6/15/2007 12:00:00 AM,0,0,178.2474,90,0,0,0.2228548,0.2228548,0,-1,0,0.2228548,0,0,2.775558E-17,0,0,0.234584,0.2228548,0,0,4.732142,6.366346,0,0.234584,-0.234584,9.263451,66.16737,0.02819455,0.2451403,0,0,6.366346
6/15/2007 1:00:00 AM,0,0,-157.2722,90,0,0,0,0,0,-1,0,0,0,0,0,0,0,0,0,0,0,4.992791,6.131762,0,0,0,9.263451,66.16737,0.02819455,0,0,0,6.131762
6/15/2007 2:00:00 AM,0,0,-139.2235,90,0,0,0.1484083,0.1484083,0,-1,0,0.1484083,0,0,2.775558E-17,0,0,0.1562193,0.1484083,0,0,4.992791,6.131762,0,0.1562193,-0.1562193,9.098781,64.99116,0.02819455,0.1632491,0,0,6.131762
6/15/2007 3:00:00 AM,0,0,-127.7388,90,0,0,0.1452158,0.1452158,0,-1,0,0.1452158,0,0,0,0,0,0.1528587,0.1452158,0,0,5.166368,5.975543,0,0.1528587,-0.1528587,8.937654,63.84026,0.02819455,0.1597374,0,0,5.975543
6/15/2007 4:00:00 AM,0,0,-120.5317,90,0,0,0.1820531,0.1820531,0,-1,0,0.1820531,0,0,2.775558E-17,0,0,0.1916349,0.1820531,0,0,5.336211,5.822684,0,0.1916349,-0.1916349,8.735653,62.39739,0.02819455,0.2002584,0,0,5.822684
6/15/2007 5:00:00 AM,0,0,-115.9586,90,0,0,0.2909654,0.2909654,0,0,0,0.2909654,0,0,5.551115E-17,0,0,0.3062794,0.2909654,0,0,5.549139,5.631049,0,0.3062794,-0.3062794,8.412806,60.09135,0.02819455,0.320062,0,0,5.631049
6/15/2007 6:00:00 AM,0.0576456,2.623257,-113.1487,90.94247,0.003715457,0.01667497,0,0,0,0,0,0,0,0,0,0,0.01667497,0,0,0,0,5.88945,5.32477,0.01667497,0,0.01667497,8.428625,60.20435,0.02819418,0,0.01333998,0,5.341444
6/15/2007 7:00:00 AM,0.273696,16.32661,-111.7337,77.18287,0.2207885,0.9908989,0.9723102,0.9723102,0,0,0,0.9723102,101.9118,0,1.110223E-16,0,0.9908989,1.023484,0.9723102,0,0,5.872775,5.339777,0,0.03258551,-0.03258551,8.394277,59.959,0.02819418,1.069541,0.7927191,0,6.330676
6/15/2007 8:00:00 AM,0.4246289,30.10048,-111.7357,63.57645,0.3866261,1.735178,0.8864699,0.8864699,0,0,0,0.8864699,195.7402,0,0,0,1.735178,0.9331262,0.8864699,0,0,5.90898,5.307192,0.8020517,0,0.8020517,9.155169,65.39394,0.02817602,0.9751168,1.388142,0,7.04237
6/15/2007 9:00:00 AM,0.7063577,43.78585,-113.6989,50.36957,0.6550589,2.939904,0.766792,0.766792,0,-1,0,0.766792,383.4031,0,0,0,2.939904,0.8071495,0.766792,0,0,5.106929,6.029038,2.132755,0,2.132755,11.17848,79.84612,0.02812784,0.8434712,2.351923,0,8.968943
6/15/2007 10:00:00 AM,0.8365138,57.08468,-119.4003,38.07647,0.7886779,3.539587,0.434052,0.434052,0,0,0,0.434052,815.4753,0.1085159,0,0,3.539587,0.4568968,0.434052,0,0,2.974174,7.948518,2.974174,0,2.974174,14.00003,100,0.02806093,0.4774572,2.831669,0,11.4881
6/15/2007 11:00:00 AM,0.781944,69.06631,-134.8007,28.00691,0.7485038,3.359285,0.3590058,0.3590058,0,0,0,0.3590058,935.7189,2.981384,0,0,3.359285,0.3779008,0.3590058,0,0,0,10.62527,0,0,0,14.00003,100,0.02806093,0.3949063,2.687428,0,13.98456
6/15/2007 12:00:00 PM,1.009777,75.71568,-176.2022,23.30401,0.9608738,4.312402,0.5184277,0.5184277,0,0,0,0.5184277,831.8231,3.766688,0,0,4.312402,0.5457134,0.5184277,0,0,0,10.62527,0,0,0,14.00003,100,0.02806093,0.5702705,3.449921,0,14.93768
6/15/2007 1:00:00 PM,0.9332269,70.44996,138.4512,26.95655,0.8870783,3.981208,0.4901792,0.4901792,0,0,0,0.4901792,812.1944,3.46523,0,0,3.981208,0.515978,0.4901792,0,0,0,10.62527,0,0,0,14.00003,100,0.02806093,0.5391971,3.184966,0,14.60648
6/15/2007 2:00:00 PM,0.8866578,58.82778,120.6915,36.53137,0.8365672,3.754513,0.9943523,0.9943523,0,-1,0,0.9943523,377.5838,2.707827,0,0,3.754513,1.046687,0.9943523,0,0,0,10.62527,0,0,0,14.00003,100,0.02806093,1.093788,3.003611,0,14.37979
6/15/2007 3:00:00 PM,0.6017564,45.6261,114.1882,48.62801,0.5660492,2.540429,1.221412,1.221412,0,0,0,1.221412,207.9911,1.254732,0,0,2.540429,1.285697,1.221412,0,0,0,10.62527,0,0,0,14.00003,100,0.02806093,1.343554,2.032343,0,13.1657
6/15/2007 4:00:00 PM,0.4295931,31.96996,111.8662,61.75065,0.3957362,1.776064,0.7007766,0.7007766,0,0,0,0.7007766,253.4423,1.038405,0,0,1.776064,0.7376596,0.7007766,0,0,0,10.62527,0,0,0,14.00003,100,0.02806093,0.7708542,1.420851,0,12.40134
6/15/2007 5:00:00 PM,0.2442646,18.19752,111.6454,75.32051,0.2123435,0.9529975,1.436375,1.436375,0,0,0,1.436375,66.34742,0,0,0,0.9529975,1.511973,1.436375,0,0,0,10.62527,0,0.5589758,-0.5589758,13.41082,95.79135,0.02806093,1.580012,0.762398,0,11.57827
6/15/2007 6:00:00 PM,0.05230313,4.476483,112.878,89.06965,0.03505404,0.1573225,0.05745933,0.05745933,0,0,0,0.05745933,273.798,0,0,0,0.1573225,0.06048351,0.05745933,0,0,0.6210842,10.0663,0.09683901,0,0.09683901,13.50269,96.44756,0.02805876,0.06320526,0.125858,0,10.22362
6/15/2007 7:00:00 PM,0,0,115.4856,90,0,0,1.572167,1.572167,0,-1,0,1.572167,0,0,0,0,0,1.654913,1.572167,0,0,0.5242452,10.15345,0,1.654913,-1.654913,11.75825,83.98737,0.02805876,1.729384,0,0,10.15345
6/15/2007 8:00:00 PM,0,0,119.7815,90,0,0,0.2982365,0.2982365,0,-1,0,0.2982365,0,0,5.551115E-17,0,0,0.3139331,0.2982365,0,0,2.363037,8.498541,0,0.3139331,-0.3139331,11.42734,81.62369,0.02805876,0.3280601,0,0,8.498541
6/15/2007 9:00:00 PM,0,0,126.5544,90,0,0,0.3616084,0.3616084,0,-1,0,0.3616084,0,0,0,0,0,0.3806404,0.3616084,0,0,2.711852,8.184608,0,0.3806404,-0.3806404,11.02611,78.75777,0.02805876,0.3977692,0,0,8.184608
6/15/2007 10:00:00 PM,0,0,137.3276,90,0,0,0.4382068,0.4382068,0,-1,0,0.4382068,0,0,5.551115E-17,0,0,0.4612703,0.4382068,0,0,3.134785,7.803967,0,0.4612703,-0.4612703,10.53989,75.28476,0.02805876,0.4820275,0,0,7.803967
6/15/2007 11:00:00 PM,0,0,154.3746,90,0,0,0.3267089,0.3267089,0,-1,0,0.3267089,0,0,5.551115E-17,0,0,0.3439041,0.3267089,0,0,3.647308,7.342697,0,0.3439041,-0.3439041,10.17738,72.69543,0.02805876,0.3593798,0,0,7.342697
6/16/2007 12:00:00 AM,0,0,178.1596,90,0,0,0.4981094,0.4981094,0,-1,0,0.4981094,0,0,0,0,0,0.5243257,0.4981094,0,0,4.029424,6.998793,0,0.5243257,-0.5243257,9.624693,68.74767,0.02805876,0.5479203,0,0,6.998793
6/16/2007 1:00:00 AM,0,0,-157.3828,90,0,0,0.5177277,0.5177277,0,-1,0,0.5177277,0,0,1.110223E-16,0,0,0.5449765,0.5177277,0,0,4.612008,6.474467,0,0.5449765,-0.5449765,9.050238,64.64442,0.02805876,0.5695005,0,0,6.474467
6/16/2007 2:00:00 AM,0,0,-139.3224,90,0,0,0,0,0,-1,0,0,0,0,0,0,0,0,0,0,0,5.217537,5.929491,0,0,0,9.050238,64.64442,0.02805876,0,0,0,5.929491
6/16/2007 3:00:00 AM,0,0,-127.8198,90,0,0,0.2389908,0.2389908,0,-1,0,0.2389908,0,0,0,0,0,0.2515692,0.2389908,0,0,5.217537,5.929491,0,0.2515692,-0.2515692,8.78506,62.75031,0.02805876,0.2628898,0,0,5.929491
6/16/2007 4:00:00 AM,0,0,-120.5992,90,0,0,0.4047217,0.4047217,0,-1,0,0.4047217,0,0,0,0,0,0.4260228,0.4047217,0,0,5.497058,5.677921,0,0.4260228,-0.4260228,8.335993,59.54269,0.02805876,0.4451939,0,0,5.677921
6/16/2007 5:00:00 AM,0,0,-116.0173,90,0,0,0.07584375,0.07584375,0,0,0,0.07584375,0,0,0,0,0,0.07983553,0.07584375,0,0,5.970417,5.251899,0,0.07983553,-0.07983553,8.251839,58.94159,0.02805876,0.08342812,0,0,5.251899
6/16/2007 6:00:00 AM,0.0252621,2.582362,-113.2023,90.99067,0.02240159,0.1005384,0.2908621,0.2908621,0,0,0,0.2908621,34.56565,0,5.551115E-17,0,0.1005384,0.3061706,0.2908621,0,0,6.059124,5.172063,0,0.2056322,-0.2056322,8.035084,57.39334,0.02805876,0.3199483,0.08043069,0,5.272602
6/16/2007 7:00:00 AM,0.1225765,16.28057,-111.785,77.23575,0.1194622,0.5361465,0.5202999,0.5202999,0,0,0,0.5202999,103.0457,1.110223E-16,0,0,0.5361465,0.547684,0.5202999,0,0,6.287604,4.966431,0,0.01153754,-0.01153754,8.022922,57.30647,0.02805876,0.5723298,0.4289172,0,5.502577
6/16/2007 8:00:00 AM,0.2037178,30.04957,-111.7868,63.63387,0.2011205,0.9026288,1.09534,1.09534,0,0,0,1.09534,82.40628,0,0,0,0.9026288,1.152989,1.09534,0,0,6.300423,4.954893,0,0.2503605,-0.2503605,7.759018,55.42145,0.02805876,1.204874,0.7221031,0,5.857522
6/16/2007 9:00:00 AM,0.253233,43.72984,-113.7509,50.43159,0.2511212,1.127032,0.4150929,0.4150929,0,-1,0,0.4150929,271.5132,0,0,0,1.127032,0.4369399,0.4150929,0,0,6.578601,4.704533,0.6900921,0,0.6900921,8.413697,60.09772,0.02804328,0.4566022,0.9016256,0,5.831565
6/16/2007 10:00:00 AM,0.3260181,57.02283,-119.4496,38.14272,0.323314,1.451033,0.4306094,0.4306094,0,0,0,0.4306094,336.9721,0,0,0,1.451033,0.4532731,0.4306094,0,0,5.888509,5.325616,0.9977604,0,0.9977604,9.360256,66.85884,0.02802094,0.4736704,1.160827,0,6.776649
6/16/2007 11:00:00 AM,0.621328,68.99902,-134.8128,28.0733,0.6043069,2.712129,0.6367006,0.6367006,0,0,0,0.6367006,425.9662,0,0,0,2.712129,0.6702111,0.6367006,0,0,4.890749,6.2236,2.041918,0,2.041918,11.29739,80.69548,0.02797531,0.7003707,2.169703,0,8.935729
6/16/2007 12:00:00 PM,0.770375,75.66546,-176.0202,23.353,0.7412277,3.32663,0,0,0,0,0,0,0,0.4777987,0,0,3.32663,0,0,0,0,2.848831,8.061326,2.848831,0,2.848831,14.00003,100,0.02791191,0,2.661304,0,11.38796
6/16/2007 1:00:00 PM,0.7189043,70.45163,138.6526,26.97038,0.6927771,3.109184,0.4415912,0.4415912,0,0,0,0.4415912,704.0863,2.644351,0,0,3.109184,0.4648329,0.4415912,0,0,0,10.62527,0,0,0,14.00003,100,0.02791191,0.4857504,2.487347,0,13.73446
6/16/2007 2:00:00 PM,0.8101929,58.85474,120.811,36.51912,0.7661015,3.438263,0.497334,0.497334,0,-1,0,0.497334,691.3389,2.914754,0,0,3.438263,0.5235095,0.497334,0,0,0,10.62527,0,0,0,14.00003,100,0.02791191,0.5470674,2.750611,0,14.06354
6/16/2007 3:00:00 PM,0.6985084,45.66451,114.2675,48.60088,0.6504544,2.919239,0,0,0,0,0,0,0,2.919239,0,0,2.919239,0,0,0,0,0,10.62527,0,0,0,14.00003,100,0.02791191,0,2.335392,0,13.54451
6/16/2007 4:00:00 PM,0.3129903,32.01521,111.9251,61.71429,0.3015212,1.353227,1.205684,1.205684,0,0,0,1.205684,112.2373,0.08408563,0,0,1.353227,1.269142,1.205684,0,0,0,10.62527,0,0,0,14.00003,100,0.02791191,1.326253,1.082582,0,11.9785
6/16/2007 5:00:00 PM,0.1766409,18.24779,111.6927,75.27759,0.1670429,0.7496887,0.2370125,0.2370125,0,0,0,0.2370125,316.3077,0.5002019,0,0,0.7496887,0.2494868,0.2370125,0,0,0,10.62527,0,0,0,14.00003,100,0.02791191,0.2607137,0.5997509,0,11.37496
6/16/2007 6:00:00 PM,0.07329211,4.530977,112.9178,89.02147,0.02454244,0.1101465,2.023793,2.023793,0,0,0,2.023793,5.442574,0,4.440892E-16,0,0.1101465,2.130309,2.023793,0,0,0,10.62527,0,2.020163,-2.020163,11.87059,84.78976,0.02791191,2.226173,0.08811717,0,10.73542
6/16/2007 7:00:00 PM,0,0,115.5198,90,0,0,0,0,0,-1,0,0,0,0,0,0,0,0,0,0,0,2.244625,8.605112,0,0,0,11.87059,84.78976,0.02791191,0,0,0,8.605112
6/16/2007 8:00:00 PM,0,0,119.8098,90,0,0,0,0,0,-1,0,0,0,0,0,0,0,0,0,0,0,2.244625,8.605112,0,0,0,11.87059,84.78976,0.02791191,0,0,0,8.605112
6/16/2007 9:00:00 PM,0,0,126.5738,90,0,0,1.118582,1.118582,0,-1,0,1.118582,0,0,2.220446E-16,0,0,1.177454,1.118582,0,0,2.244625,8.605112,0,1.177454,-1.177454,10.62944,75.92445,0.02791191,1.23044,0,0,8.605112
6/16/2007 10:00:00 PM,0,0,137.3288,90,0,0,0.1016863,0.1016863,0,-1,0,0.1016863,0,0,1.387779E-17,0,0,0.1070382,0.1016863,0,0,3.552908,7.427657,0,0.1070382,-0.1070382,10.51662,75.11853,0.02791191,0.111855,0,0,7.427657
6/16/2007 11:00:00 PM,0,0,154.3385,90,0,0,0.08255603,0.08255603,0,-1,0,0.08255603,0,0,0,0,0,0.08690108,0.08255603,0,0,3.671839,7.320619,0,0.08690108,-0.08690108,10.42501,74.46423,0.02791191,0.09081163,0,0,7.320619
6/17/2007 12:00:00 AM,0,0,178.0707,90,0,0,0.05284731,0.05284731,0,-1,0,0.05284731,0,0,6.938894E-18,0,0,0.05562875,0.05284731,0,0,3.768396,7.233718,0,0.05562875,-0.05562875,10.36638,74.04539,0.02791191,0.05813204,0,0,7.233718
6/17/2007 1:00:00 AM,0,0,-157.4891,90,0,0,0.2306714,0.2306714,0,-1,0,0.2306714,0,0,2.775558E-17,0,0,0.242812,0.2306714,0,0,3.830206,7.178089,0,0.242812,-0.242812,10.11043,72.21721,0.02791191,0.2537385,0,0,7.178089
6/17/2007 2:00:00 AM,0,0,-139.4148,90,0,0,0.1930157,0.1930157,0,-1,0,0.1930157,0,0,2.775558E-17,0,0,0.2031744,0.1930157,0,0,4.099997,6.935277,0,0.2031744,-0.2031744,9.896265,70.68746,0.02791191,0.2123172,0,0,6.935277
6/17/2007 3:00:00 AM,0,0,-127.8939,90,0,0,0.3097585,0.3097585,0,-1,0,0.3097585,0,0,5.551115E-17,0,0,0.3260615,0.3097585,0,0,4.325746,6.732103,0,0.3260615,-0.3260615,9.552566,68.23248,0.02791191,0.3407343,0,0,6.732103
6/17/2007 4:00:00 AM,0,0,-120.6599,90,0,0,0.3285297,0.3285297,0,-1,0,0.3285297,0,0,0,0,0,0.3458208,0.3285297,0,0,4.688036,6.406041,0,0.3458208,-0.3458208,9.188039,65.62872,0.02791191,0.3613827,0,0,6.406041
6/17/2007 5:00:00 AM,0,0,-116.0694,90,0,0,0,0,0,0,0,0,0,0,0,0,0,0,0,0,0,5.072282,6.06022,0,0,0,9.188039,65.62872,0.02791191,0,0,0,6.06022
6/17/2007 6:00:00 AM,0.00530711,2.539942,-113.2492,91.03941,0.00524455,0.02353754,0.3331349,0.3331349,0,0,0,0.3331349,7.06547,0,0,0,0.02353754,0.3506683,0.3331349,0,0,5.072282,6.06022,0,0.3271307,-0.3271307,8.843213,63.16568,0.02791191,0.3664483,0.01883003,0,6.083758
6/17/2007 7:00:00 AM,0.01193365,16.23368,-111.8292,77.28845,0.01186736,0.05326073,0.05592608,0.05592608,0,0,0,0.05592608,95.23415,0,0,0,0.05326073,0.05886956,0.05592608,0,0,5.43576,5.73309,0,0.00560883,-0.00560883,8.8373,63.12345,0.02791191,0.06151869,0.04260859,0,5.78635
6/17/2007 8:00:00 AM,0.04387854,29.99853,-111.8299,63.6903,0.04363253,0.1958228,0.9600039,0.9600039,0,0,0,0.9600039,20.39812,0,0,0,0.1958228,1.01053,0.9600039,0,0,5.441993,5.727481,0,0.8147076,-0.8147076,7.978523,56.98934,0.02791191,1.056004,0.1566582,0,5.923304
6/17/2007 9:00:00 AM,0.04001068,43.67455,-113.7932,50.49163,0.03980149,0.1786291,1.639554,1.639554,0,-1,0,1.639554,10.89498,0,2.220446E-16,0,0.1786291,1.725846,1.639554,0,0,6.347223,4.912773,0,1.547217,-1.547217,6.347613,45.34,0.02791191,1.803509,0.1429033,0,5.091403
6/17/2007 10:00:00 AM,0.07085463,56.96292,-119.4866,38.20561,0.07048129,0.3163201,1.623634,1.623634,0,0,0,1.623634,19.48223,0,0,0,0.3163201,1.709088,1.623634,0,0,8.066354,3.365556,0,1.392768,-1.392768,4.879507,34.85355,0.02791191,1.785997,0.253056,0,3.681876
6/17/2007 11:00:00 AM,0.1848118,68.93583,-134.8093,28.13441,0.1837656,0.8247401,0.799122,0.799122,0,0,0,0.799122,103.2058,0,0,0,0.8247401,0.8411811,0.799122,0,0,9.613873,1.972788,0,0.01644106,-0.01644106,4.862176,34.72976,0.02791191,0.8790342,0.659792,0,2.797528
6/17/2007 12:00:00 PM,0.2108507,75.62194,-175.8353,23.39521,0.2096487,0.9409032,0.8221802,0.8221802,0,0,0,0.8221802,114.44,0,0,0,0.9409032,0.8654528,0.8221802,0,0,9.632141,1.956347,0.07545039,0,0.07545039,4.933755,35.24104,0.02791024,0.9043982,0.7527226,0,2.89725
6/17/2007 1:00:00 PM,0.1505893,70.45828,138.8405,26.97824,0.1497615,0.6721297,1.580873,1.580873,0,0,0,1.580873,42.51637,0,0,0,0.6721297,1.664076,1.580873,0,0,9.556691,2.024252,0,0.9919468,-0.9919468,3.888151,27.77245,0.02791024,1.73896,0.5377038,0,2.696382
6/17/2007 2:00:00 PM,0.07007983,58.88469,120.9186,36.50256,0.069712,0.3128674,0.7914771,0.7914771,0,-1,0,0.7914771,39.52956,0,0,0,0.3128674,0.8331338,0.7914771,0,0,10.65885,1.032305,0,0.5202664,-0.5202664,3.339742,23.85525,0.02791024,0.8706248,0.2502939,0,1.345173
6/17/2007 3:00:00 PM,0.1114863,45.70469,114.3373,48.57074,0.1108473,0.4974825,0.6949875,0.6949875,4.200251,0,1.311668,0.6949875,71.58151,0,0,0,0.4974825,0,0,3.505263,3.33,11.23693,0.512039,3.827482,0,3.827482,6.970811,49.79141,0.02853525,0.7644863,0.397986,5,1.009522
6/17/2007 4:00:00 PM,0.01928069,32.06139,111.976,61.67588,0.01918063,0.08608266,0.5680502,0.5680502,4.073313,0,1.277014,0.5680502,15.15406,0,0,0,0.08608266,0,0,3.505263,3.33,7.409445,3.956773,3.416083,0,3.416083,10.21159,72.9398,0.02913552,0.6248552,0.06886613,5,4.042856
6/17/2007 5:00:00 PM,0.002611913,18.29828,111.7328,75.23342,0.002598718,0.01166305,0,0,3.505263,0,1.121937,0,0,0,0,0,0.01166305,0,0,3.505263,3.33,3.993363,7.031248,3.341663,0,3.341663,13.38177,95.58389,0.02959837,0,0.009330438,5,7.042911
6/17/2007 6:00:00 PM,0.04843412,4.585007,112.9507,88.97276,0.03689542,0.1655867,0.8773528,0.8773528,0,0,0,0.8773528,18.87344,0,1.110223E-16,0,0.1655867,0.9235292,0.8773528,0,0,0.6516997,10.03874,0,0.7579426,-0.7579426,12.58283,89.87717,0.02959837,0.965088,0.1324693,0,10.20433
6/17/2007 7:00:00 PM,0,0,115.547,90,0,0,3.178185,3.178185,0,-1,0,3.178185,0,0,4.440892E-16,0.1660034,0,3.345458,3.178185,0,0,1.493858,9.280802,0,3.345458,-3.345458,9.056408,64.6885,0.02959837,3.496003,0,0,9.280802
6/17/2007 8:00:00 PM,0,0,119.831,90,0,0,1.062242,1.062242,0,-1,0,1.062242,0,0,0,0,0,1.118149,1.062242,0,0,5.211033,5.935344,0,1.118149,-1.118149,7.877775,56.26971,0.02959837,1.168466,0,0,5.935344
6/17/2007 9:00:00 PM,0,0,126.5856,90,0,0,2.274355,2.274355,0,-1,0,2.274355,0,0,4.440892E-16,0,0,2.394058,2.274355,0,0,6.453421,4.817195,0,2.394058,-2.394058,5.354216,38.24432,0.02959837,2.501791,0,0,4.817195
6/17/2007 10:00:00 PM,0,0,137.3224,90,0,0,0.3093469,0.3093469,0,-1,0,0.3093469,0,0,5.551115E-17,0,0,0.3256283,0.3093469,0,0,9.113486,2.423137,0,0.3256283,-0.3256283,5.010974,35.7926,0.02959837,0.3402816,0,0,2.423137
6/17/2007 11:00:00 PM,0,0,154.2963,90,0,0,0.3405278,0.3405278,0,-1,0,0.3405278,0,0,5.551115E-17,0,0,0.3584504,0.3405278,0,0,9.475295,2.097509,0,0.3584504,-0.3584504,4.633134,33.09375,0.02959837,0.3745806,0,0,2.097509
6/18/2007 12:00:00 AM,0,0,177.9808,90,0,0,0.2680005,0.2680005,0,-1,0,0.2680005,0,0,0,0,0,0.2821057,0.2680005,0,0,9.873573,1.739058,0,0.2821057,-0.2821057,4.335768,30.96971,0.02959837,0.2948005,0,0,1.739058
6/18/2007 1:00:00 AM,0,0,-157.5911,90,0,0,0.2374482,0.2374482,0,-1,0,0.2374482,0,0,2.775558E-17,0,0,0.2499454,0.2374482,0,0,10.18702,1.456952,0,0.2499454,-0.2499454,4.072303,29.08782,0.02959837,0.261193,0,0,1.456952
6/18/2007 2:00:00 AM,0,0,-139.5005,90,0,0,0.07579757,0.07579757,0,-1,0,0.07579757,0,0,1.387779E-17,0,0,0.07978692,0.07579757,0,0,10.46474,1.207007,0,0.07978692,-0.07978692,3.9882,28.48709,0.02959837,0.08337733,0,0,1.207007
6/18/2007 3:00:00 AM,0,0,-127.9611,90,0,0,0.2550404,0.2550404,0,-1,0,0.2550404,0,0,5.551115E-17,0,0,0.2684636,0.2550404,0,0,10.55339,1.12722,0,0.2684636,-0.2684636,3.705215,26.46576,0.02959837,0.2805445,0,0,1.12722
6/18/2007 4:00:00 AM,0,0,-120.7139,90,0,0,0.2256536,0.2256536,0,-1,0,0.2256536,0,0,2.775558E-17,0,0,0.2375301,0.2256536,0,0,10.85169,0.8587565,0,0.2375301,-0.2375301,3.454836,24.67735,0.02959837,0.248219,0,0,0.8587565
6/18/2007 5:00:00 AM,0,0,-116.1148,90,0,0,0.5443275,0.5443275,4.049591,0,1.270538,0.5443275,0,8.881784E-16,0,0,0,0,0,3.505263,3.33,11.11561,0.6212264,3.33,0,3.33,6.613951,47.24241,0.03018897,0.5987602,0,5,0.6212264
6/18/2007 6:00:00 AM,0.008741884,2.496069,-113.2894,91.08861,0.008594763,0.0385733,0.09428016,0.09428016,3.599543,0,1.147675,0.09428016,40.91348,4.440892E-16,0,0,0.0385733,0,0,3.505263,3.33,7.785609,3.618226,3.368573,0,3.368573,9.80966,70.06886,0.03066842,0.1037082,0.03085864,5,3.6568
6/18/2007 7:00:00 AM,0.02010349,16.18601,-111.8661,77.34089,0.01998283,0.08968294,0.895624,0.895624,4.400887,0,1.366442,0.895624,10.01346,8.881784E-16,0,0,0.08968294,0,0,3.505263,3.33,4.417036,6.649942,3.419683,0,3.419683,13.05386,93.24165,0.03133434,0.9851865,0.07174636,5,6.739625
6/18/2007 8:00:00 AM,0.15124,29.94742,-111.8649,63.74566,0.1500718,0.673522,1.380059,1.380059,0,0,0,1.380059,48.80385,0,0,0,0.673522,1.452694,1.380059,0,0,0.9973524,9.727657,0,0.7791719,-0.7791719,12.23254,87.37509,0.03133434,1.518065,0.5388176,0,10.40118
6/18/2007 9:00:00 AM,0.2394433,43.62006,-113.826,50.54958,0.2375934,1.066319,0.5743191,0.5743191,0,-1,0,0.5743191,185.6667,0,0,0,1.066319,0.6045464,0.5743191,0,0,1.863099,8.948485,0.4617729,0,0.4617729,12.67061,90.5042,0.03132302,0.631751,0.8530555,0,10.0148
6/18/2007 10:00:00 AM,0.1758132,56.90504,-119.5114,38.26504,0.1747866,0.7844422,1.14534,1.14534,0,0,0,1.14534,68.4899,0,0,0,0.7844422,1.205621,1.14534,0,0,1.401326,9.36408,0,0.4211789,-0.4211789,12.22665,87.33305,0.03132302,1.259874,0.6275538,0,10.14852
6/18/2007 11:00:00 AM,0.2191805,68.87678,-134.7905,28.1902,0.2179047,0.9779564,0.8861677,0.8861677,0,0,0,0.8861677,110.3579,0,0,0,0.9779564,0.9328081,0.8861677,0,0,1.869303,8.942902,0.04514831,0,0.04514831,12.26948,87.63899,0.03132192,0.9747845,0.7823651,0,9.920858
6/18/2007 12:00:00 PM,0.1971525,75.58512,-175.6476,23.43064,0.1960393,0.8798246,0.06192877,0.06192877,0,0,0,0.06192877,1420.704,0,0,0,0.8798246,0.06518818,0.06192877,0,0,1.824154,8.983535,0.8146364,0,0.8146364,13.04232,93.15921,0.03130197,0.06812165,0.7038597,0,9.863359
6/18/2007 1:00:00 PM,0.3458969,70.46992,139.0148,26.98016,0.3434048,1.541201,0.58561,0.58561,0,0,0,0.58561,263.1787,0,0,0,1.541201,0.6164316,0.58561,0,0,1.009518,9.716708,0.9247693,0,0.9247693,13.91963,99.42572,0.03127935,0.644171,1.232961,0,11.25791
6/18/2007 2:00:00 PM,0.09440608,58.91759,121.0145,36.48171,0.09389958,0.4214213,0.1206576,0.1206576,0,-1,0,0.1206576,349.2704,0.2096647,0,0,0.4214213,0.127008,0.1206576,0,0,0.08474862,10.549,0.08474862,0,0.08474862,14.00003,100,0.03127728,0.1327234,0.337137,0,10.97042
6/18/2007 3:00:00 PM,0.1781866,45.74661,114.3977,48.53763,0.1770654,0.7946694,0.204186,0.204186,0,0,0,0.204186,389.189,0.5797368,0,0,0.7946694,0.2149326,0.204186,0,0,0,10.62527,0,0,0,14.00003,100,0.03127728,0.2246046,0.6357355,0,11.41994
6/18/2007 4:00:00 PM,0.2522739,32.10843,112.0189,61.63549,0.2475065,1.110809,0.7299113,0.7299113,0,0,0,0.7299113,152.1841,0.3424813,0,0,1.110809,0.7683277,0.7299113,0,0,0,10.62527,0,0,0,14.00003,100,0.03127728,0.8029025,0.8886472,0,11.73608
6/18/2007 5:00:00 PM,0.1072614,18.34891,111.7656,75.18806,0.1060238,0.4758349,1.078194,1.078194,0,0,0,1.078194,44.13257,0,0,0,0.4758349,1.134942,1.078194,0,0,0,10.62527,0,0.6591067,-0.6591067,13.30527,95.03745,0.03127728,1.186014,0.380668,0,11.10111
6/18/2007 6:00:00 PM,0.03570154,4.638496,112.9767,88.92358,0.0331119,0.1486062,0.937018,0.937018,0,0,0,0.937018,15.85948,0,1.110223E-16,0,0.1486062,0.9863347,0.937018,0,0,0.7323408,9.966167,0,0.8377286,-0.8377286,12.42222,88.73,0.03127728,1.03072,0.118885,0,10.11477
6/18/2007 7:00:00 PM,0,0,115.5674,90,0,0,1.53361,1.53361,0,-1,0,1.53361,0,0,2.220446E-16,0,0,1.614326,1.53361,0,0,1.66315,9.128439,0,1.614326,-1.614326,10.72058,76.57539,0.03127728,1.686971,0,0,9.128439
6/18/2007 8:00:00 PM,0,0,119.845,90,0,0,1.001956,1.001956,0,-1,0,1.001956,0,0,2.220446E-16,0,0,1.05469,1.001956,0,0,3.456846,7.514113,0,1.05469,-1.05469,9.608835,68.6344,0.03127728,1.102151,0,0,7.514113
6/18/2007 9:00:00 PM,0,0,126.5899,90,0,0,1.349257,1.349257,0,-1,0,1.349257,0,0,2.220446E-16,0,0,1.42027,1.349257,0,0,4.628724,6.459423,0,1.42027,-1.42027,8.111739,57.94088,0.03127728,1.484182,0,0,6.459423
6/18/2007 10:00:00 PM,0,0,137.3085,90,0,0,0.3689378,0.3689378,0,-1,0,0.3689378,0,0,5.551115E-17,0,0,0.3883556,0.3689378,0,0,6.206802,5.039153,0,0.3883556,-0.3883556,7.702376,55.01686,0.03127728,0.4058316,0,0,5.039153
6/18/2007 11:00:00 PM,0,0,154.2481,90,0,0,0.02852176,0.02852176,0,-1,0,0.02852176,0,0,3.469447E-18,0,0,0.0300229,0.02852176,0,0,6.638308,4.650797,0,0.0300229,-0.0300229,7.670729,54.79081,0.03127728,0.03137393,0,0,4.650797
6/19/2007 12:00:00 AM,0,0,177.8899,90,0,0,0.3075438,0.3075438,0,-1,0,0.3075438,0,0,0,0,0,0.3237303,0.3075438,0,0,6.671667,4.620774,0,0.3237303,-0.3237303,7.329487,52.35338,0.03127728,0.3382982,0,0,4.620774
6/19/2007 1:00:00 AM,0,0,-157.6886,90,0,0,0.1752405,0.1752405,0,-1,0,0.1752405,0,0,0,0,0,0.1844636,0.1752405,0,0,7.031367,4.297044,0,0.1844636,-0.1844636,7.135046,50.96451,0.03127728,0.1927645,0,0,4.297044
6/19/2007 2:00:00 AM,0,0,-139.5795,90,0,0,0.3403019,0.3403019,0,-1,0,0.3403019,0,0,0,0,0,0.3582125,0.3403019,0,0,7.236327,4.11258,0,0.3582125,-0.3582125,6.757457,48.26745,0.03127728,0.3743321,0,0,4.11258
6/19/2007 3:00:00 AM,0,0,-128.0212,90,0,0,0.2657474,0.2657474,0,-1,0,0.2657474,0,0,0,0,0,0.2797341,0.2657474,0,0,7.634341,3.754368,0,0.2797341,-0.2797341,6.462591,46.16127,0.03127728,0.2923222,0,0,3.754368
6/19/2007 4:00:00 AM,0,0,-120.761,90,0,0,0.06029548,0.06029548,0,-1,0,0.06029548,0,0,6.938894E-18,0,0,0.06346893,0.06029548,0,0,7.945156,3.474633,0,0.06346893,-0.06346893,6.395689,45.6834,0.03127728,0.06632503,0,0,3.474633
6/19/2007 5:00:00 AM,0,0,-116.1536,90,0,0,0.141392,0.141392,0,0,0,0.141392,0,0,2.775558E-17,0,0,0.1488337,0.141392,0,0,8.015677,3.411165,0,0.1488337,-0.1488337,6.238804,44.5628,0.03127728,0.1555312,0,0,3.411165
6/19/2007 6:00:00 AM,0.0338758,2.450818,-113.3227,91.13819,0.02137154,0.09591548,0.2469626,0.2469626,0,0,0,0.2469626,38.83806,0,0,0,0.09591548,0.2599607,0.2469626,0,0,8.181048,3.262331,0,0.1640452,-0.1640452,6.065886,43.32767,0.03127728,0.2716589,0.07673239,0,3.358246
6/19/2007 7:00:00 AM,0.2329302,16.13765,-111.8959,77.39298,0.1937887,0.8697236,0.970949,0.970949,0,0,0,0.970949,89.57458,0,0,0,0.8697236,1.022052,0.970949,0,0,8.36332,3.098286,0,0.152328,-0.152328,5.905318,42.18076,0.03127728,1.068044,0.6957788,0,3.968009
6/19/2007 8:00:00 AM,0.4125212,29.89634,-111.8919,63.79987,0.3763346,1.68899,1.434739,1.434739,0,0,0,1.434739,117.721,0,0,0,1.68899,1.510252,1.434739,0,0,8.532574,2.945958,0.1787382,0,0.1787382,6.074883,43.39194,0.03127291,1.578213,1.351192,0,4.634947
6/19/2007 9:00:00 AM,0.6073053,43.56645,-113.8493,50.60539,0.5670967,2.54513,0.2435889,0.2435889,0,-1,0,0.2435889,1044.846,0,0,0,2.54513,0.2564094,0.2435889,0,0,8.353836,3.106822,2.28872,0,2.28872,8.246155,58.90099,0.03121711,0.2679478,2.036104,0,5.651952
6/19/2007 10:00:00 AM,0.580577,56.84927,-119.524,38.32096,0.5606316,2.516115,0,0,0,0,0,0,0,0,0,0,2.516115,0,0,0,0,6.065115,5.16667,2.516115,0,2.516115,10.63315,75.95092,0.03115599,0,2.012892,0,7.682785
6/19/2007 11:00:00 AM,0.6256137,68.82194,-134.7566,28.24061,0.6080225,2.728805,0.5315126,0.5315126,0,0,0,0.5315126,513.4036,0,0,0,2.728805,0.559487,0.5315126,0,0,3.549001,7.431174,2.169318,0,2.169318,12.69115,90.65086,0.03110348,0.5846639,2.183044,0,10.15998
6/19/2007 12:00:00 PM,0.4681934,75.55502,-175.4572,23.45928,0.4626303,2.076285,1.414515,1.414515,0,0,0,1.414515,146.7842,0,0,0,2.076285,1.488963,1.414515,0,0,1.379682,9.38356,0.5873217,0,0.5873217,13.24833,94.63073,0.0310893,1.555966,1.661028,0,11.45984
6/19/2007 1:00:00 PM,0.424327,70.48653,139.1755,26.97614,0.4199525,1.884747,0.8945751,0.8945751,0,0,0,0.8945751,210.6863,0.1507281,0,0,1.884747,0.941658,0.8945751,0,0,0.7923607,9.912149,0.7923607,0,0.7923607,14.00003,100,0.03107018,0.9840326,1.507797,0,11.7969
6/19/2007 2:00:00 PM,0.2399421,58.95341,121.0984,36.45662,0.2384632,1.070223,0.2905146,0.2905146,0,-1,0,0.2905146,368.3886,0.764418,0,0,1.070223,0.3058049,0.2905146,0,0,0,10.62527,0,0,0,14.00003,100,0.03107018,0.3195661,0.8561783,0,11.6955
6/19/2007 3:00:00 PM,0.2083921,45.7902,114.4485,48.5016,0.2070189,0.9291009,1.194177,1.194177,0,0,0,1.194177,77.80264,0,2.220446E-16,0,0.9291009,1.257028,1.194177,0,0,0,10.62527,0,0.3279271,-0.3279271,13.65436,97.53097,0.03107018,1.313594,0.7432807,0,11.55437
6/19/2007 4:00:00 PM,0.06824825,32.15628,112.0537,61.59318,0.06784744,0.3044993,2.075504,2.075504,0,0,0,2.075504,14.67111,0,0,0,0.3044993,2.184741,2.075504,0,0,0.3643635,10.29735,0,1.880241,-1.880241,11.67241,83.37422,0.03107018,2.283054,0.2435994,0,10.60185
6/19/2007 5:00:00 PM,0.04633508,18.39962,111.7911,75.14159,0.04601412,0.2065114,0,0,0,0,0,0,0,0,0,0,0.2065114,0,0,0,0,2.45352,8.417106,0.2065114,0,0.2065114,11.86833,84.77361,0.03106521,0,0.1652091,0,8.623617
6/19/2007 6:00:00 PM,0.03001874,4.691371,112.9958,88.874,0.02891925,0.1297896,0.7229661,0.7229661,0,0,0,0.7229661,17.95237,0,1.110223E-16,0,0.1297896,0.761017,0.7229661,0,0,2.247009,8.602966,0,0.6312274,-0.6312274,11.20296,80.02095,0.03106521,0.7952628,0.1038317,0,8.732756
6/19/2007 7:00:00 PM,0,0,115.5808,90,0,0,1.961929,1.961929,0,-1,0,1.961929,0,0,2.220446E-16,0,0,2.065188,1.961929,0,0,2.948373,7.971739,0,2.065188,-2.065188,9.026056,64.4717,0.03106521,2.158122,0,0,7.971739
6/19/2007 8:00:00 PM,0,0,119.852,90,0,0,2.458878,2.458878,0,-1,0,2.458878,0,0,4.440892E-16,0,0,2.588293,2.458878,0,0,5.243027,5.90655,0,2.588293,-2.588293,6.297756,44.98388,0.03106521,2.704766,0,0,5.90655
6/19/2007 9:00:00 PM,0,0,126.5868,90,0,0,1.415208,1.415208,0,-1,0,1.415208,0,0,2.220446E-16,0,0,1.489693,1.415208,0,0,8.118908,3.318257,0,1.489693,-1.489693,4.727482,33.76766,0.03106521,1.556729,0,0,3.318257
6/19/2007 10:00:00 PM,0,0,137.287,90,0,0,0.1921333,0.1921333,0,-1,0,0.1921333,0,0,2.775558E-17,0,0,0.2022456,0.1921333,0,0,9.774122,1.828565,0,0.2022456,-0.2022456,4.514296,32.24491,0.03106521,0.2113466,0,0,1.828565
6/19/2007 11:00:00 PM,0,0,154.1941,90,0,0,0.4086285,0.4086285,0,-1,0,0.4086285,0,0,0,0,0,0.4301353,0.4086285,0,0,9.998839,1.626319,0,0.4301353,-0.4301353,4.060894,29.00633,0.03106521,0.4494914,0,0,1.626319
6/20/2007 12:00:00 AM,0,0,177.7982,90,0,0,0,0,0,-1,0,0,0,0,0,0,0,0,0,0,0,10.47677,1.196184,0,0,0,4.060894,29.00633,0.03106521,0,0,0,1.196184
6/20/2007 1:00:00 AM,0,0,-157.7816,90,0,0,0.2863503,0.2863503,0,-1,0,0.2863503,0,0,5.551115E-17,0,0,0.3014214,0.2863503,0,0,10.47677,1.196184,0,0.3014214,-0.3014214,3.743168,26.73686,0.03106521,0.3149854,0,0,1.196184
6/20/2007 2:00:00 AM,0,0,-139.6518,90,0,0,0.2925528,0.2925528,0,-1,0,0.2925528,0,0,5.551115E-17,0,0,0.3079503,0.2925528,0,0,10.81168,0.8947622,0,0.3079503,-0.3079503,3.41856,24.41823,0.03106521,0.3218081,0,0,0.8947622
6/20/2007 3:00:00 AM,0,0,-128.0743,90,0,0,0.05923373,0.05923373,0,-1,0,0.05923373,0,0,6.938894E-18,0,0,0.06235129,0.05923373,0,0,11.15385,0.5868119,0,0.06235129,-0.06235129,3.352836,23.94878,0.03106521,0.0651571,0,0,0.5868119
6/20/2007 4:00:00 AM,0,0,-120.8012,90,0,0,0.04101885,0.04101885,0,-1,0,0.04101885,0,0,6.938894E-18,0,0,0.04317774,0.04101885,0,0,11.22313,0.5244606,0,0.04317774,-0.04317774,3.307322,23.62368,0.03106521,0.04512073,0,0,0.5244606
6/20/2007 5:00:00 AM,0,0,-116.1855,90,0,0,0.329566,0.329566,0,0,0,0.329566,0,0,5.551115E-17,0,0,0.3469116,0.329566,0,0,11.2711,0.4812829,0,0.3469116,-0.3469116,2.941645,21.01171,0.03106521,0.3625226,0,0,0.4812829
6/20/2007 6:00:00 AM,0.0369803,2.404263,-113.3492,91.18808,0.01872697,0.08404662,0.1937371,0.1937371,3.699,0,1.174827,0.1937371,43.38178,4.440892E-16,0,0,0.08404662,0,0,3.505263,3.33,11.65656,0.1343713,3.414047,0,3.414047,6.180494,44.1463,0.03155799,0.2131108,0.0672373,5,0.2184179
6/20/2007 7:00:00 AM,0.2143163,16.08867,-111.9185,77.44465,0.1829815,0.821221,1.011624,1.011624,4.516887,0,1.39811,1.011624,81.17851,0,0,0,0.821221,0,0,3.505263,3.33,8.242512,3.207013,4.151221,0,4.151221,10.11869,72.2762,0.03222132,1.112786,0.6569768,5,4.028234
6/20/2007 8:00:00 AM,0.3572024,29.84536,-111.9109,63.85284,0.3334568,1.496554,1.021826,1.021826,3.753129,0,1.189604,1.021826,146.4587,0,0,0,1.496554,0,0,2.731302,2.594737,4.091291,6.943112,4.091291,0,4.091291,14.00003,100,0.03270379,1.124009,1.197243,5,8.439666
6/20/2007 9:00:00 AM,0.4038654,43.51382,-113.8631,50.65897,0.392707,1.762469,0.8332829,0.8332829,0,-1,0,0.8332829,211.5091,0.8853293,0,0,1.762469,0.8771399,0.8332829,0,0,0,10.62527,0,0,0,14.00003,100,0.03270379,0.9166112,1.409975,0,12.38774
6/20/2007 10:00:00 AM,0.5648865,56.7957,-119.5247,38.3733,0.5466297,2.453274,1.469814,1.469814,0,0,0,1.469814,166.9105,0.9061012,0,0,2.453274,1.547173,1.469814,0,0,0,10.62527,0,0,0,14.00003,100,0.03270379,1.616796,1.962619,0,13.07855
6/20/2007 11:00:00 AM,0.9462985,68.77135,-134.7078,28.28562,0.8980272,4.030346,0.7616605,0.7616605,0,0,0,0.7616605,529.1526,3.228598,0,0,4.030346,0.8017479,0.7616605,0,0,0,10.62527,0,0,0,14.00003,100,0.03270379,0.8378266,3.224277,0,14.65562
6/20/2007 12:00:00 PM,0.9012962,75.53163,-175.2641,23.48112,0.8594532,3.857226,0,0,0,0,0,0,0,3.857226,0,0,3.857226,0,0,0,0,0,10.62527,0,0,0,14.00003,100,0.03270379,0,3.085781,0,14.4825
6/20/2007 1:00:00 PM,0.8444397,70.50811,139.3224,26.9662,0.8052951,3.614164,0,0,0,0,0,0,0,3.614164,0,0,3.614164,0,0,0,0,0,10.62527,0,0,0,14.00003,100,0.03270379,0,2.891331,0,14.23944
6/20/2007 2:00:00 PM,0.849889,58.9921,121.1703,36.42731,0.8022001,3.600274,0.5735754,0.5735754,0,-1,0,0.5735754,627.6898,2.99651,0,0,3.600274,0.6037636,0.5735754,0,0,0,10.62527,0,0,0,14.00003,100,0.03270379,0.6309329,2.880219,0,14.22555
6/20/2007 3:00:00 PM,0.6712102,45.83541,114.4898,48.46272,0.6261991,2.810381,0,0,0,0,0,0,0,2.810381,0,0,2.810381,0,0,0,0,0,10.62527,0,0,0,14.00003,100,0.03270379,0,2.248305,0,13.43566
6/20/2007 4:00:00 PM,0.3235397,32.20485,112.0804,61.54901,0.3106683,1.394279,0.5848024,0.5848024,0,0,0,0.5848024,238.4188,0.7786976,0,0,1.394279,0.6155815,0.5848024,0,0,0,10.62527,0,0,0,14.00003,100,0.03270379,0.6432827,1.115423,0,12.01955
6/20/2007 5:00:00 PM,0.2391104,18.45032,111.8093,75.09407,0.2101573,0.9431861,0.385953,0.385953,0,0,0,0.385953,244.3785,0.5369197,0,0,0.9431861,0.4062664,0.385953,0,0,0,10.62527,0,0,0,14.00003,100,0.03270379,0.4245484,0.7545488,0,11.56846
6/20/2007 6:00:00 PM,0.06123729,4.743555,113.0079,88.82412,0.03512791,0.157654,1.155887,1.155887,0,0,0,1.155887,13.63922,0,2.220446E-16,0,0.157654,1.216724,1.155887,0,0,0,10.62527,0,1.05907,-1.05907,12.88367,92.02603,0.03270379,1.271476,0.1261232,0,10.78293
6/20/2007 7:00:00 PM,0,0,115.5875,90,0,0,2.201967,2.201967,0,-1,0,2.201967,0,0,0,0,0,2.31786,2.201967,0,0,1.176744,9.566205,0,2.31786,-2.31786,10.44043,74.57436,0.03270379,2.422163,0,0,9.566205
6/20/2007 8:00:00 PM,0,0,119.8518,90,0,0,0.7231432,0.7231432,0,-1,0,0.7231432,0,0,0,0,0,0.7612033,0.7231432,0,0,3.752144,7.248345,0,0.7612033,-0.7612033,9.638053,68.8431,0.03270379,0.7954575,0,0,7.248345
6/20/2007 9:00:00 PM,0,0,126.5763,90,0,0,1.598622,1.598622,0,-1,0,1.598622,0,0,2.220446E-16,0,0,1.68276,1.598622,0,0,4.597925,6.487142,0,1.68276,-1.68276,7.864268,56.17323,0.03270379,1.758484,0,0,6.487142
6/20/2007 10:00:00 PM,0,0,137.2582,90,0,0,0.07142917,0.07142917,0,-1,0,0.07142917,0,0,0,0,0,0.0751886,0.07142917,0,0,6.467659,4.804381,0,0.0751886,-0.0751886,7.785012,55.60712,0.03270379,0.07857209,0,0,4.804381
6/20/2007 11:00:00 PM,0,0,154.1343,90,0,0,0.2242817,0.2242817,0,-1,0,0.2242817,0,0,2.775558E-17,0,0,0.236086,0.2242817,0,0,6.551202,4.729193,0,0.236086,-0.236086,7.536156,53.82958,0.03270379,0.2467099,0,0,4.729193
6/21/2007 12:00:00 AM,0,0,177.7057,90,0,0,0.2501694,0.2501694,0,-1,0,0.2501694,0,0,0,0,0,0.2633362,0.2501694,0,0,6.813519,4.493107,0,0.2633362,-0.2633362,7.258575,51.84686,0.03270379,0.2751863,0,0,4.493107
6/21/2007 1:00:00 AM,0,0,-157.87,90,0,0,0.2239856,0.2239856,0,-1,0,0.2239856,0,0,2.775558E-17,0,0,0.2357743,0.2239856,0,0,7.106115,4.229771,0,0.2357743,-0.2357743,7.010047,50.07167,0.03270379,0.2463841,0,0,4.229771
6/21/2007 2:00:00 AM,0,0,-139.7172,90,0,0,0.2347721,0.2347721,0,-1,0,0.2347721,0,0,2.775558E-17,0,0,0.2471285,0.2347721,0,0,7.368087,3.993996,0,0.2471285,-0.2471285,6.749551,48.21098,0.03270379,0.2582493,0,0,3.993996
6/21/2007 3:00:00 AM,0,0,-128.1202,90,0,0,0.3629003,0.3629003,0,-1,0,0.3629003,0,0,5.551115E-17,0,0,0.3820003,0.3629003,0,0,7.642674,3.746868,0,0.3820003,-0.3820003,6.346887,45.33482,0.03270379,0.3991903,0,0,3.746868
6/21/2007 4:00:00 AM,0,0,-120.8345,90,0,0,0,0,0,-1,0,0,0,0,0,0,0,0,0,0,0,8.067119,3.364867,0,0,0,6.346887,45.33482,0.03270379,0,0,0,3.364867
6/21/2007 5:00:00 AM,0,0,-116.2108,90,0,0,0.1745743,0.1745743,0,0,0,0.1745743,0,0,2.775558E-17,0,0,0.1837624,0.1745743,0,0,8.067119,3.364867,0,0.1837624,-0.1837624,6.153184,43.95123,0.03270379,0.1920318,0,0,3.364867
6/21/2007 6:00:00 AM,0.0213784,2.35648,-113.369,91.2382,0.01985893,0.08912686,0.3109859,0.3109859,0,0,0,0.3109859,28.65946,0,5.551115E-17,0,0.08912686,0.3273535,0.3109859,0,0,8.271299,3.181105,0,0.2382267,-0.2382267,5.902071,42.15757,0.03270379,0.3420844,0.07130149,0,3.270232
6/21/2007 7:00:00 AM,0.1696104,16.03914,-111.9339,77.49583,0.1558596,0.6994978,0.4398557,0.4398557,0,0,0,0.4398557,159.0289,0,0,0,0.6994978,0.463006,0.4398557,0,0,8.535995,2.942878,0.2364918,0,0.2364918,6.126427,43.76011,0.03269785,0.4838413,0.5595982,0,3.642376
6/21/2007 8:00:00 AM,0.210071,29.79457,-111.9219,63.90451,0.2070661,0.9293127,0.7283541,0.7283541,0,0,0,0.7283541,127.5908,0,0,0,0.9293127,0.7666885,0.7283541,0,0,8.299503,3.155721,0.1626242,0,0.1626242,6.280706,44.8621,0.03269376,0.8011895,0.7434502,0,4.085033
6/21/2007 9:00:00 AM,0.3643249,43.46223,-113.8674,50.71024,0.3567932,1.601288,0.5508455,0.5508455,0,-1,0,0.5508455,290.6964,0,0,0,1.601288,0.5798374,0.5508455,0,0,8.13688,3.302083,1.021451,0,1.021451,7.249739,51.78375,0.03266811,0.60593,1.28103,0,4.90337
6/21/2007 10:00:00 AM,0.4177045,56.74439,-119.5134,38.42199,0.4115805,1.847173,0.5618774,0.5618774,0,0,0,0.5618774,328.7502,0,0,0,1.847173,0.5914499,0.5618774,0,0,7.115429,4.221388,1.255723,0,1.255723,8.441023,60.2929,0.03263663,0.6180652,1.477739,0,6.068562
6/21/2007 11:00:00 AM,0.349609,68.72507,-134.6443,28.32517,0.3469978,1.557326,1.827722,1.827722,0,0,0,1.827722,85.20586,0,0,0,1.557326,1.923918,1.827722,0,0,5.859705,5.351539,0,0.3665918,-0.3665918,8.054602,57.53275,0.03263663,2.010494,1.245861,0,6.908865
6/21/2007 12:00:00 PM,0.7194242,75.51497,-175.0684,23.49615,0.6951892,3.120009,1.454686,1.454686,0,0,0,1.454686,214.4799,0,0,0,3.120009,1.531248,1.454686,0,0,6.26703,4.984947,1.588761,0,1.588761,9.561832,68.29867,0.03259689,1.600155,2.496007,0,8.104957
6/21/2007 1:00:00 PM,0.8407109,70.53464,139.4554,26.95036,0.801904,3.598945,0.310185,0.310185,0,0,0,0.310185,1160.258,0,0,0,3.598945,0.3265105,0.310185,0,0,4.678269,6.414832,3.272434,0,3.272434,12.66634,90.47365,0.03251534,0.3412035,2.879156,0,10.01378
6/21/2007 2:00:00 PM,0.5994213,59.03361,121.2301,36.39385,0.5789708,2.598421,1.6048,1.6048,0,-1,0,1.6048,161.9156,0,0,0,2.598421,1.689263,1.6048,0,0,1.405835,9.360023,0.909158,0,0.909158,13.52884,96.63437,0.03249275,1.76528,2.078737,0,11.95844
6/21/2007 3:00:00 PM,0.4990728,45.88216,114.5214,48.42103,0.478509,2.147548,0,0,0,0,0,0,0,1.650872,0,0,2.147548,0,0,0,0,0.4966766,10.17827,0.4966766,0,0.4966766,14.00003,100,0.03248043,0,1.718039,0,12.32581
6/21/2007 4:00:00 PM,0.4312278,32.25409,112.099,61.50305,0.3974565,1.783785,0.9580781,0.9580781,0,0,0,0.9580781,186.1836,0.7752813,0,0,1.783785,1.008503,0.9580781,0,0,0,10.62527,0,0,0,14.00003,100,0.03248043,1.053886,1.427028,0,12.40906
6/21/2007 5:00:00 PM,0.1984352,18.50095,111.8203,75.04559,0.1836845,0.8243761,0.8812122,0.8812122,0,0,0,0.8812122,93.55024,0,0,0,0.8243761,0.9275917,0.8812122,0,0,0,10.62527,0,0.1032156,-0.1032156,13.89123,99.22287,0.03248043,0.9693334,0.6595009,0,11.44965
6/21/2007 6:00:00 PM,0.0420048,4.794972,113.0132,88.774,0.03696993,0.165921,0.1115419,0.1115419,0,0,0,0.1115419,148.7522,0,0,0,0.165921,0.1174126,0.1115419,0,0,0.114684,10.52206,0.0485085,0,0.0485085,13.93725,99.55157,0.03247923,0.1226961,0.1327368,0,10.68798
6/21/2007 7:00:00 PM,0,0,115.5872,90,0,0,1.329078,1.329078,0,-1,0,1.329078,0,0,0,0,0,1.39903,1.329078,0,0,0.06617554,10.56572,0,1.39903,-1.39903,12.46254,89.01797,0.03247923,1.461986,0,0,10.56572
6/21/2007 8:00:00 PM,0,0,119.8447,90,0,0,3.339236,3.33,0,-1,0,3.33,0,0,0.009235599,0.3431592,0,3.505263,3.33,0,0,1.620653,9.166686,0,3.505263,-3.505263,8.76767,62.62609,0.03247923,3.673159,0,0,9.166686
6/21/2007 9:00:00 PM,0,0,126.5585,90,0,0,1.268516,1.268516,0,-1,0,1.268516,0,0,0,0,0,1.33528,1.268516,0,0,5.51539,5.661423,0,1.33528,-1.33528,7.36016,52.57247,0.03247923,1.395368,0,0,5.661423
6/21/2007 10:00:00 PM,0,0,137.222,90,0,0,0.6144783,0.6144783,0,-1,0,0.6144783,0,0,1.110223E-16,0,0,0.6468192,0.6144783,0,0,6.999035,4.326143,0,0.6468192,-0.6468192,6.678353,47.70243,0.03247923,0.6759261,0,0,4.326143
6/21/2007 11:00:00 PM,0,0,154.0689,90,0,0,0.2832041,0.2832041,0,-1,0,0.2832041,0,0,5.551115E-17,0,0,0.2981096,0.2832041,0,0,7.717723,3.679323,0,0.2981096,-0.2981096,6.364118,45.45789,0.03247923,0.3115246,0,0,3.679323
6/22/2007 12:00:00 AM,0,0,177.6125,90,0,0,0.177161,0.177161,0,-1,0,0.177161,0,0,2.775558E-17,0,0,0.1864853,0.177161,0,0,8.048956,3.381214,0,0.1864853,-0.1864853,6.167545,44.05381,0.03247923,0.1948771,0,0,3.381214
6/22/2007 1:00:00 AM,0,0,-157.9537,90,0,0,0.073389,0.073389,0,-1,0,0.073389,0,0,0,0,0,0.07725158,0.073389,0,0,8.256162,3.194729,0,0.07725158,-0.07725158,6.086115,43.47216,0.03247923,0.08072791,0,0,3.194729
6/22/2007 2:00:00 AM,0,0,-139.7757,90,0,0,0,0,0,-1,0,0,0,0,0,0,0,0,0,0,0,8.341997,3.117477,0,0,0,6.086115,43.47216,0.03247923,0,0,0,3.117477
6/22/2007 3:00:00 AM,0,0,-128.159,90,0,0,0.1228618,0.1228618,0,-1,0,0.1228618,0,0,0,0,0,0.1293282,0.1228618,0,0,8.341997,3.117477,0,0.1293282,-0.1293282,5.949791,42.49842,0.03247923,0.135148,0,0,3.117477
6/22/2007 4:00:00 AM,0,0,-120.8608,90,0,0,0.2426209,0.2426209,0,-1,0,0.2426209,0,0,0,0,0,0.2553904,0.2426209,0,0,8.485695,2.988149,0,0.2553904,-0.2553904,5.680586,40.57553,0.03247923,0.266883,0,0,2.988149
6/22/2007 5:00:00 AM,0,0,-116.2292,90,0,0,0.111091,0.111091,0,0,0,0.111091,0,0,1.387779E-17,0,0,0.1169379,0.111091,0,0,8.769462,2.732759,0,0.1169379,-0.1169379,5.557323,39.69508,0.03247923,0.1222001,0,0,2.732759
6/22/2007 6:00:00 AM,0.02350643,2.307543,-113.3818,91.28848,0.02096296,0.09408174,0.3047711,0.3047711,0,0,0,0.3047711,30.86964,0,0,0,0.09408174,0.3208117,0.3047711,0,0,8.899393,2.61582,0,0.2267299,-0.2267299,5.318328,37.98798,0.03247923,0.3352482,0.07526539,0,2.709902
6/22/2007 7:00:00 AM,0.1423265,15.98916,-111.9421,77.54642,0.1357266,0.609141,0.8728889,0.8728889,0,0,0,0.8728889,69.78448,0,0,0,0.609141,0.9188304,0.8728889,0,0,9.151315,2.389091,0,0.3096894,-0.3096894,4.991887,35.65627,0.03247923,0.9601778,0.4873128,0,2.998232
6/22/2007 8:00:00 AM,0.2914301,29.74403,-111.9249,63.9548,0.2800761,1.256981,1.727892,1.727892,0,0,0,1.727892,72.74652,0,0,0,1.256981,1.818834,1.727892,0,0,9.495415,2.079401,0,0.5618525,-0.5618525,4.399642,31.42595,0.03247923,1.900681,1.005585,0,3.336382
6/22/2007 9:00:00 AM,0.5235256,43.41176,-113.8623,50.75914,0.4958579,2.22541,1.517884,1.517884,0,-1,0,1.517884,146.6127,0,0,0,2.22541,1.597772,1.517884,0,0,10.11969,1.517549,0.6276379,0,0.6276379,4.995072,35.67901,0.03246367,1.669672,1.780328,0,3.742959
6/22/2007 10:00:00 AM,0.5839333,56.69541,-119.4902,38.46698,0.563431,2.528678,0.8075278,0.8075278,0,0,0,0.8075278,313.1382,0,0,0,2.528678,0.8500292,0.8075278,0,0,9.492057,2.082423,1.678649,0,1.678649,6.587578,47.05404,0.03242213,0.8882806,2.022943,0,4.611101
6/22/2007 11:00:00 AM,0.8595874,68.68315,-134.5663,28.35925,0.8179665,3.671034,1.785037,1.785037,0,0,0,1.785037,205.6558,0,0,0,3.671034,1.878987,1.785037,0,0,7.813408,3.593207,1.792047,0,1.792047,8.287663,59.19748,0.03237789,1.963541,2.936827,0,7.264241
6/22/2007 12:00:00 PM,0.5811273,75.50503,-174.8701,23.50437,0.5691862,2.554508,0.7837817,0.7837817,0,0,0,0.7837817,325.9208,0,0,0,2.554508,0.8250334,0.7837817,0,0,6.021361,5.206049,1.729474,0,1.729474,9.928387,70.91691,0.03233532,0.8621598,2.043606,0,7.760557
6/22/2007 1:00:00 PM,0.5158545,70.56609,139.5744,26.92863,0.5072796,2.276671,0.4327075,0.4327075,0,0,0,0.4327075,526.1454,0,0,0,2.276671,0.4554816,0.4327075,0,0,4.291886,6.762576,1.821189,0,1.821189,11.65612,83.25782,0.03229061,0.4759783,1.821337,0,9.039248
6/22/2007 2:00:00 PM,0.8872954,59.07789,121.2777,36.35625,0.8368852,3.75594,1.624688,1.624688,0,-1,0,1.624688,231.1792,0,0,0,3.75594,1.710198,1.624688,0,0,2.470697,8.401647,2.045743,0,2.045743,13.59688,97.12038,0.03224054,1.787157,3.004752,0,12.15759
6/22/2007 3:00:00 PM,0.7018868,45.9304,114.5434,48.37659,0.6535177,2.932988,0.7685103,0.7685103,0,0,0,0.7685103,381.6458,1.699074,0,0,2.932988,0.8089582,0.7685103,0,0,0.4249549,10.24282,0.4249549,0,0.4249549,14.00003,100,0.03223015,0.8453614,2.34639,0,13.1758
6/22/2007 4:00:00 PM,0.534412,32.30392,112.1094,61.45538,0.4820675,2.163519,0.504213,0.504213,0,0,0,0.504213,429.0883,1.632768,0,0,2.163519,0.5307505,0.504213,0,0,0,10.62527,0,0,0,14.00003,100,0.03223015,0.5546343,1.730815,0,12.78879
6/22/2007 5:00:00 PM,0.2406871,18.55144,111.8239,74.9962,0.2115894,0.9496132,0,0,0,0,0,0,0,0.9496132,0,0,0.9496132,0,0,0,0,0,10.62527,0,0,0,14.00003,100,0.03223015,0,0.7596905,0,11.57489
6/22/2007 6:00:00 PM,0.07964586,4.845546,113.0116,88.72372,0.0282531,0.1267999,2.282066,2.282066,0,0,0,2.282066,5.556365,0,4.440892E-16,0,0.1267999,2.402175,2.282066,0,0,0,10.62527,0,2.275375,-2.275375,11.60157,82.86821,0.03223015,2.510273,0.1014399,0,10.75207
6/22/2007 7:00:00 PM,0,0,115.5802,90,0,0,2.085937,2.085937,0,-1,0,2.085937,0,0,0,0,0,2.195723,2.085937,0,0,2.528194,8.349899,0,2.195723,-2.195723,9.287077,66.33613,0.03223015,2.294531,0,0,8.349899
6/22/2007 8:00:00 PM,0,0,119.8305,90,0,0,1.688178,1.688178,0,-1,0,1.688178,0,0,2.220446E-16,0,0,1.77703,1.688178,0,0,4.967887,6.154176,0,1.77703,-1.77703,7.413923,52.95649,0.03223015,1.856996,0,0,6.154176
6/22/2007 9:00:00 PM,0,0,126.5334,90,0,0,1.436979,1.436979,0,-1,0,1.436979,0,0,2.220446E-16,0,0,1.512609,1.436979,0,0,6.942364,4.377146,0,1.512609,-1.512609,5.819493,41.56772,0.03223015,1.580677,0,0,4.377146
6/22/2007 10:00:00 PM,0,0,137.1786,90,0,0,0.02708833,0.02708833,0,-1,0,0.02708833,0,0,3.469447E-18,0,0,0.02851403,0.02708833,0,0,8.623041,2.864537,0,0.02851403,-0.02851403,5.789436,41.35303,0.03223015,0.02979716,0,0,2.864537
6/22/2007 11:00:00 PM,0,0,153.9979,90,0,0,0,0,0,-1,0,0,0,0,0,0,0,0,0,0,0,8.654723,2.836023,0,0,0,5.789436,41.35303,0.03223015,0,0,0,2.836023
6/23/2007 12:00:00 AM,0,0,177.5187,90,0,0,0,0,0,-1,0,0,0,0,0,0,0,0,0,0,0,8.654723,2.836023,0,0,0,5.789436,41.35303,0.03223015,0,0,0,2.836023
6/23/2007 1:00:00 AM,0,0,-158.0327,90,0,0,0.5243942,0.5243942,0,-1,0,0.5243942,0,0,1.110223E-16,0,0,0.5519939,0.5243942,0,0,8.654723,2.836023,0,0.5519939,-0.5519939,5.207583,37.19695,0.03223015,0.5768336,0,0,2.836023
6/23/2007 2:00:00 AM,0,0,-139.8271,90,0,0,0.34971,0.34971,0,-1,0,0.34971,0,0,0,0,0,0.3681158,0.34971,0,0,9.26805,2.284029,0,0.3681158,-0.3681158,4.819555,34.42533,0.03223015,0.384681,0,0,2.284029
6/23/2007 3:00:00 AM,0,0,-128.1905,90,0,0,0.2282443,0.2282443,0,-1,0,0.2282443,0,0,0,0,0,0.2402571,0.2282443,0,0,9.677068,1.915913,0,0.2402571,-0.2402571,4.566302,32.61638,0.03223015,0.2510687,0,0,1.915913
6/23/2007 4:00:00 AM,0,0,-120.8802,90,0,0,0,0,0,-1,0,0,0,0,0,0,0,0,0,0,0,9.94402,1.675656,0,0,0,4.566302,32.61638,0.03223015,0,0,0,1.675656
6/23/2007 5:00:00 AM,0,0,-116.2408,90,0,0,0.3962023,0.3962023,0,0,0,0.3962023,0,0,5.551115E-17,0,0,0.4170551,0.3962023,0,0,9.94402,1.675656,0,0.4170551,-0.4170551,4.126688,29.47628,0.03223015,0.4358225,0,0,1.675656
6/23/2007 6:00:00 AM,0.008526321,2.257528,-113.3879,91.33884,0.008379662,0.03760793,0,0,0,0,0,0,0,0,0,0,0.03760793,0,0,0,0,10.40741,1.258601,0.03760793,0,0.03760793,4.162365,29.73112,0.03222923,0,0.03008634,0,1.296209
6/23/2007 7:00:00 AM,0.07296778,15.9388,-111.9431,77.59637,0.07227541,0.324372,0,0,0,0,0,0,0,0,0,0,0.324372,0,0,0,0,10.36981,1.292448,0.324372,0,0.324372,4.470092,31.92916,0.03222131,0,0.2594976,0,1.61682
6/23/2007 8:00:00 AM,0.2743601,29.69384,-111.92,64.00363,0.2654009,1.191119,1.349008,1.349008,0,0,0,1.349008,88.2959,0,0,0,1.191119,1.420009,1.349008,0,0,10.04543,1.584383,0,0.2288898,-0.2288898,4.228821,30.2058,0.03222131,1.483909,0.9528952,0,2.775502
6/23/2007 9:00:00 AM,0.4542673,43.3625,-113.8479,50.80561,0.436834,1.960511,0.7362008,0.7362008,0,-1,0,0.7362008,266.3011,0,0,0,1.960511,0.7749482,0.7362008,0,0,10.29976,1.355493,1.185563,0,1.185563,5.353545,38.23953,0.0321924,0.8098209,1.568409,0,3.316005
6/23/2007 10:00:00 AM,0.4889461,56.64883,-119.4553,38.50821,0.477944,2.145013,0.3495518,0.3495518,0,0,0,0.3495518,613.6466,0,0,0,2.145013,0.3679492,0.3495518,0,0,9.114194,2.4225,1.777063,0,1.777063,7.039415,50.28144,0.03214916,0.384507,1.71601,0,4.567513
6/23/2007 11:00:00 AM,0.5568724,68.64561,-134.4739,28.38781,0.5450597,2.446228,0.6959759,0.6959759,0,0,0,0.6959759,351.4817,0,0,0,2.446228,0.7326062,0.6959759,0,0,7.33713,4.021857,1.713622,0,1.713622,8.665099,61.89344,0.03210757,0.7655735,1.956982,0,6.468085
6/23/2007 12:00:00 PM,0.8763822,75.50182,-174.6693,23.50578,0.8366283,3.754787,0.4571811,0.4571811,0,0,0,0.4571811,821.2911,0,0,0,3.754787,0.4812433,0.4571811,0,0,5.623509,5.564116,3.273544,0,3.273544,11.77066,84.07594,0.03202842,0.5028992,3.00383,0,9.318904
6/23/2007 1:00:00 PM,0.6511013,70.60244,139.6794,26.90104,0.6317552,2.835317,0,0,0,0,0,0,0,0.4853527,0,0,2.835317,0,0,0,0,2.349964,8.510306,2.349964,0,2.349964,14.00003,100,0.03197184,0,2.268254,0,11.34562
6/23/2007 2:00:00 PM,0.577662,59.12489,121.313,36.31459,0.5596285,2.511613,1.19688,1.19688,0,-1,0,1.19688,209.8467,1.25174,0,0,2.511613,1.259874,1.19688,0,0,0,10.62527,0,0,0,14.00003,100,0.03197184,1.316568,2.00929,0,13.13689
6/23/2007 3:00:00 PM,0.5285067,45.98006,114.5556,48.32948,0.5038615,2.261331,0.1497342,0.1497342,0,0,0,0.1497342,1510.23,2.103716,0,0,2.261331,0.1576149,0.1497342,0,0,0,10.62527,0,0,0,14.00003,100,0.03197184,0.1647076,1.809064,0,12.8866
6/23/2007 4:00:00 PM,0.3417154,32.35426,112.1116,61.40604,0.3260907,1.463495,0.2572885,0.2572885,0,0,0,0.2572885,568.8146,1.192665,0,0,1.463495,0.27083,0.2572885,0,0,0,10.62527,0,0,0,14.00003,100,0.03197184,0.2830174,1.170796,0,12.08877
6/23/2007 5:00:00 PM,0.2183569,18.60169,111.8203,74.946,0.197584,0.8867569,0.05246219,0.05246219,0,0,0,0.05246219,1690.278,0.8315336,0,0,0.8867569,0.05522336,0.05246219,0,0,0,10.62527,0,0,0,14.00003,100,0.03197184,0.05770841,0.7094055,0,11.51203
6/23/2007 6:00:00 PM,0.05486383,4.895202,113.0031,88.67336,0.03935679,0.1766333,1.368435,1.368435,0,0,0,1.368435,12.90769,0,0,0,0.1766333,1.440458,1.368435,0,0,0,10.62527,0,1.263824,-1.263824,12.66784,90.48439,0.03197184,1.505278,0.1413066,0,10.80191
6/23/2007 7:00:00 PM,0,0,115.5663,90,0,0,0.7645564,0.7645564,0,-1,0,0.7645564,0,0,1.110223E-16,0,0,0.8047962,0.7645564,0,0,1.404249,9.36145,0,0.8047962,-0.8047962,11.81951,84.4249,0.03197184,0.841012,0,0,9.36145
6/23/2007 8:00:00 PM,0,0,119.8094,90,0,0,0.137131,0.137131,0,-1,0,0.137131,0,0,2.775558E-17,0,0,0.1443484,0.137131,0,0,2.298467,8.556654,0,0.1443484,-0.1443484,11.66735,83.33807,0.03197184,0.1508441,0,0,8.556654
6/23/2007 9:00:00 PM,0,0,126.501,90,0,0,0.5305934,0.5305934,0,-1,0,0.5305934,0,0,1.110223E-16,0,0,0.5585194,0.5305934,0,0,2.458854,8.412305,0,0.5585194,-0.5585194,11.07862,79.13286,0.03197184,0.5836527,0,0,8.412305
6/23/2007 10:00:00 PM,0,0,137.128,90,0,0,0.453748,0.453748,0,-1,0,0.453748,0,0,5.551115E-17,0,0,0.4776295,0.453748,0,0,3.079432,7.853786,0,0.4776295,-0.4776295,10.57516,75.53668,0.03197184,0.4991228,0,0,7.853786
6/23/2007 11:00:00 PM,0,0,153.9214,90,0,0,0.2124999,0.2124999,0,-1,0,0.2124999,0,0,2.775558E-17,0,0,0.2236841,0.2124999,0,0,3.610131,7.376156,0,0.2236841,-0.2236841,10.33937,73.85252,0.03197184,0.2337499,0,0,7.376156
6/24/2007 12:00:00 AM,0,0,177.4245,90,0,0,0.3240601,0.3240601,0,-1,0,0.3240601,0,0,0,0,0,0.3411159,0.3240601,0,0,3.858669,7.152472,0,0.3411159,-0.3411159,9.979806,71.28418,0.03197184,0.3564661,0,0,7.152472
6/24/2007 1:00:00 AM,0,0,-158.1068,90,0,0,0.2527447,0.2527447,0,-1,0,0.2527447,0,0,0,0,0,0.2660471,0.2527447,0,0,4.237687,6.811357,0,0.2660471,-0.2660471,9.699368,69.28106,0.03197184,0.2780192,0,0,6.811357
6/24/2007 2:00:00 AM,0,0,-139.8716,90,0,0,0.1748587,0.1748587,0,-1,0,0.1748587,0,0,2.775558E-17,0,0,0.1840618,0.1748587,0,0,4.533294,6.545309,0,0.1840618,-0.1840618,9.505349,67.89522,0.03197184,0.1923445,0,0,6.545309
6/24/2007 3:00:00 AM,0,0,-128.2147,90,0,0,0.1861264,0.1861264,0,-1,0,0.1861264,0,0,2.775558E-17,0,0,0.1959225,0.1861264,0,0,4.737807,6.361248,0,0.1959225,-0.1959225,9.298829,66.42007,0.03197184,0.204739,0,0,6.361248
6/24/2007 4:00:00 AM,0,0,-120.8925,90,0,0,0,0,0,-1,0,0,0,0,0,0,0,0,0,0,0,4.955499,6.165325,0,0,0,9.298829,66.42007,0.03197184,0,0,0,6.165325
6/24/2007 5:00:00 AM,0,0,-116.2456,90,0,0,0.3949576,0.3949576,0,0,0,0.3949576,0,0,5.551115E-17,0,0,0.4157449,0.3949576,0,0,4.955499,6.165325,0,0.4157449,-0.4157449,8.860595,63.28984,0.03197184,0.4344534,0,0,6.165325
6/24/2007 6:00:00 AM,0.04466023,2.206511,-113.387,91.38921,0.008505981,0.03817485,0.3370007,0.3370007,0,0,0,0.3370007,11.32782,0,0,0,0.03817485,0.3547376,0.3370007,0,0,5.417438,5.74958,0,0.3165627,-0.3165627,8.526909,60.90637,0.03197184,0.3707007,0.03053988,0,5.787755
6/24/2007 7:00:00 AM,0.2257826,15.88812,-111.9369,77.64559,0.1881226,0.8442944,0.03401657,0.03401657,0,0,0,0.03401657,2482.009,0,0,0,0.8442944,0.03580692,0.03401657,0,0,5.769174,5.433017,0.8084875,0,0.8084875,9.293907,66.38492,0.03195242,0.03741823,0.6754355,0,6.277312
6/24/2007 8:00:00 AM,0.3721365,29.64406,-111.9071,64.05094,0.3444631,1.545951,0,0,0,0,0,0,0,0,0,0,1.545951,0,0,0,0,4.960687,6.160656,1.545951,0,1.545951,10.76052,76.86074,0.03191535,0,1.23676,0,7.706607
6/24/2007 9:00:00 AM,0.610876,43.3145,-113.824,50.84956,0.5696501,2.55659,2.086859,2.086859,0,-1,0,2.086859,122.509,0,0,0,2.55659,2.196693,2.086859,0,0,3.414736,7.552011,0.3598963,0,0.3598963,11.10195,79.2995,0.03190674,2.295545,2.045272,0,10.1086
6/24/2007 10:00:00 AM,0.8622701,56.60471,-119.4087,38.54563,0.8116693,3.642772,0,0,0,0,0,0,0,0.5879319,0,0,3.642772,0,0,0,0,3.05484,7.875918,3.05484,0,3.05484,14.00003,100,0.03183378,0,2.914217,0,11.51869
6/24/2007 11:00:00 AM,0.974547,68.61251,-134.3674,28.41083,0.9244574,4.148965,1.154926,1.154926,0,0,0,1.154926,359.2407,2.933253,0,0,4.148965,1.215712,1.154926,0,0,0,10.62527,0,0,0,14.00003,100,0.03183378,1.270419,3.319172,0,14.77424
6/24/2007 12:00:00 PM,0.9224183,75.50533,-174.4659,23.50037,0.8788332,3.944204,0.520383,0.520383,0,0,0,0.520383,757.9424,3.396432,0,0,3.944204,0.5477716,0.520383,0,0,0,10.62527,0,0,0,14.00003,100,0.03183378,0.5724213,3.155363,0,14.56948
6/24/2007 1:00:00 PM,0.7552426,70.64367,139.77,26.86761,0.725159,3.254514,0,0,0,0,0,0,0,3.254514,0,0,3.254514,0,0,0,0,0,10.62527,0,0,0,14.00003,100,0.03183378,0,2.603611,0,13.87979
6/24/2007 2:00:00 PM,0.4726637,59.17453,121.336,36.2689,0.4639012,2.081989,0,0,0,-1,0,0,0,2.081989,0,0,2.081989,0,0,0,0,0,10.62527,0,0,0,14.00003,100,0.03183378,0,1.665591,0,12.70726
6/24/2007 3:00:00 PM,0.6323297,46.03105,114.5581,48.27975,0.5925921,2.659554,0.1295494,0.1295494,0,0,0,0.1295494,2052.926,2.523186,0,0,2.659554,0.1363678,0.1295494,0,0,0,10.62527,0,0,0,14.00003,100,0.03183378,0.1425044,2.127643,0,13.28483
6/24/2007 4:00:00 PM,0.3197514,32.40504,112.1057,61.35514,0.307703,1.380971,0,0,0,0,0,0,0,1.380971,0,0,1.380971,0,0,0,0,0,10.62527,0,0,0,14.00003,100,0.03183378,0,1.104777,0,12.00625
6/24/2007 5:00:00 PM,0.2243084,18.65165,111.8093,74.89505,0.2016708,0.9050986,0.8192463,0.8192463,0,0,0,0.8192463,110.4794,0.04273412,0,0,0.9050986,0.8623645,0.8192463,0,0,0,10.62527,0,0,0,14.00003,100,0.03183378,0.9011709,0.7240789,0,11.53037
6/24/2007 6:00:00 PM,0.08205929,4.943861,112.9877,88.62299,0.02954527,0.1325992,0,0,0,0,0,0,0,0.1325992,0,0,0.1325992,0,0,0,0,0,10.62527,0,0,0,14.00003,100,0.03183378,0,0.1060793,0,10.75787
6/24/2007 7:00:00 PM,0,0,115.5457,90,0,0,1.651016,1.651016,0,-1,0,1.651016,0,0,0,0,0,1.737911,1.651016,0,0,0,10.62527,0,1.737911,-1.737911,12.16811,86.91489,0.03183378,1.816117,0,0,10.62527
6/24/2007 8:00:00 PM,0,0,119.7814,90,0,0,0.04539543,0.04539543,0,-1,0,0.04539543,0,0,6.938894E-18,0,0,0.04778466,0.04539543,0,0,1.931013,8.887362,0,0.04778466,-0.04778466,12.11774,86.55511,0.03183378,0.04993497,0,0,8.887362
6/24/2007 9:00:00 PM,0,0,126.4615,90,0,0,0,0,0,-1,0,0,0,0,0,0,0,0,0,0,0,1.984107,8.839579,0,0,0,12.11774,86.55511,0.03183378,0,0,0,8.839579
6/24/2007 10:00:00 PM,0,0,137.0704,90,0,0,0.06953707,0.06953707,0,-1,0,0.06953707,0,0,0,0,0,0.07319691,0.06953707,0,0,1.984107,8.839579,0,0.07319691,-0.07319691,12.04058,86.00399,0.03183378,0.07649077,0,0,8.839579
6/24/2007 11:00:00 PM,0,0,153.8396,90,0,0,0.1524461,0.1524461,0,-1,0,0.1524461,0,0,2.775558E-17,0,0,0.1604696,0.1524461,0,0,2.065437,8.766381,0,0.1604696,-0.1604696,11.87143,84.79578,0.03183378,0.1676907,0,0,8.766381
6/25/2007 12:00:00 AM,0,0,177.3298,90,0,0,0,0,0,-1,0,0,0,0,0,0,0,0,0,0,0,2.243736,8.605911,0,0,0,11.87143,84.79578,0.03183378,0,0,0,8.605911
6/25/2007 1:00:00 AM,0,0,-158.1759,90,0,0,0.2536215,0.2536215,0,-1,0,0.2536215,0,0,5.551115E-17,0,0,0.26697,0.2536215,0,0,2.243736,8.605911,0,0.26697,-0.26697,11.59002,82.78571,0.03183378,0.2789837,0,0,8.605911
6/25/2007 2:00:00 AM,0,0,-139.9088,90,0,0,0.03693449,0.03693449,0,-1,0,0.03693449,0,0,6.938894E-18,0,0,0.03887841,0.03693449,0,0,2.54037,8.338942,0,0.03887841,-0.03887841,11.54904,82.49298,0.03183378,0.04062794,0,0,8.338942
6/25/2007 3:00:00 AM,0,0,-128.2316,90,0,0,0.04152376,0.04152376,0,-1,0,0.04152376,0,0,0,0,0,0.04370922,0.04152376,0,0,2.583568,8.300063,0,0.04370922,-0.04370922,11.50297,82.16389,0.03183378,0.04567613,0,0,8.300063
6/25/2007 4:00:00 AM,0,0,-120.8977,90,0,0,0,0,0,-1,0,0,0,0,0,0,0,0,0,0,0,2.632133,8.256354,0,0,0,11.50297,82.16389,0.03183378,0,0,0,8.256354
6/25/2007 5:00:00 AM,0,0,-116.2436,90,0,0,0.2065467,0.2065467,0,0,0,0.2065467,0,0,0,0,0,0.2174176,0.2065467,0,0,2.632133,8.256354,0,0.2174176,-0.2174176,11.27379,80.5269,0.03183378,0.2272014,0,0,8.256354
6/25/2007 6:00:00 AM,0.00992938,2.154569,-113.3793,91.4395,0.009732282,0.04367848,0,0,0,0,0,0,0,0,0,0,0.04367848,0,0,0,0,2.873708,8.038937,0.04367848,0,0.04367848,11.31523,80.82288,0.03183274,0,0.03494279,0,8.082615
6/25/2007 7:00:00 AM,0.07388214,15.83722,-111.9236,77.69401,0.07317162,0.3283942,0.2508898,0.2508898,0,0,0,0.2508898,130.8918,0,0,0,0.3283942,0.2640945,0.2508898,0,0,2.83003,8.078247,0.06429969,0,0.06429969,11.37623,81.25859,0.03183121,0.2759788,0.2627154,0,8.406641
6/25/2007 8:00:00 AM,0.0630516,29.59478,-111.8863,64.09664,0.06267596,0.2812897,0.4290268,0.4290268,0,0,0,0.4290268,65.56461,0,5.551115E-17,0,0.2812897,0.4516071,0.4290268,0,0,2.76573,8.136117,0,0.1703174,-0.1703174,11.1967,79.97623,0.03183121,0.4719294,0.2250318,0,8.417407
6/25/2007 9:00:00 AM,0.1098416,43.26785,-113.7909,50.89095,0.1092035,0.4901054,0.311771,0.311771,0,-1,0,0.311771,157.2004,0,0,0,0.4901054,0.32818,0.311771,0,0,2.954972,7.965799,0.1619253,0,0.1619253,11.35031,81.07349,0.03182735,0.3429481,0.3920843,0,8.455905
6/25/2007 10:00:00 AM,0.1064724,56.56311,-119.3505,38.57919,0.1058912,0.4752399,1.127583,1.127583,0,0,0,1.127583,42.14679,0,0,0,0.4752399,1.186929,1.127583,0,0,2.793046,8.111532,0,0.7116894,-0.7116894,10.60013,75.71503,0.03182735,1.240341,0.3801919,0,8.586772
6/25/2007 11:00:00 AM,0.108753,68.58387,-134.2468,28.42827,0.108172,0.4854758,2.261611,2.261611,0,0,0,2.261611,21.46593,0,0,0,0.4854758,2.380644,2.261611,0,0,3.583812,7.399843,0,1.895168,-1.895168,8.602443,61.4459,0.03182735,2.487773,0.3883807,0,7.885319
6/25/2007 12:00:00 PM,0.3015384,75.51557,-174.2601,23.48814,0.2996701,1.344919,0.1972972,0.1972972,0,0,0,0.1972972,681.6717,0,0,0,1.344919,0.2076813,0.1972972,0,0,5.689555,5.504675,1.137238,0,1.137238,9.681321,69.15216,0.03180029,0.2170269,1.075935,0,6.849595
6/25/2007 1:00:00 PM,0.2669648,70.68974,139.8461,26.82837,0.2653574,1.190924,1.127629,1.127629,0,0,0,1.127629,105.6131,0,0,0,1.190924,1.186978,1.127629,0,0,4.552317,6.528189,0.003945871,0,0.003945871,9.685064,69.17889,0.0318002,1.240392,0.9527394,0,7.719113
6/25/2007 2:00:00 PM,0.1699269,59.22677,121.3464,36.21923,0.1689492,0.7582439,0.8292282,0.8292282,0,-1,0,0.8292282,91.4397,0,0,0,0.7582439,0.8728718,0.8292282,0,0,4.548371,6.531741,0,0.114628,-0.114628,9.564237,68.31583,0.0318002,0.912151,0.6065951,0,7.289984
6/25/2007 3:00:00 PM,0.1179686,46.08331,114.5507,48.22749,0.1172874,0.5263856,1.000134,1.000134,0,0,0,1.000134,52.63151,0,0,0,0.5263856,1.052773,1.000134,0,0,4.675735,6.417113,0,0.526387,-0.526387,9.009376,64.35255,0.0318002,1.100147,0.4211085,0,6.943498
6/25/2007 4:00:00 PM,0.008078245,32.45617,112.0916,61.30273,0.008037475,0.03607219,1.009725,1.009725,0,0,0,1.009725,3.572476,0,2.220446E-16,0,0.03607219,1.062868,1.009725,0,0,5.26061,5.890726,0,1.026796,-1.026796,7.927037,56.62158,0.0318002,1.110698,0.02885775,0,5.926798
6/25/2007 5:00:00 PM,0.03932246,18.70122,111.791,74.84343,0.03906508,0.1753241,0.2939601,0.2939601,0,0,0,0.2939601,59.64214,0,5.551115E-17,0,0.1753241,0.3094316,0.2939601,0,0,6.401495,4.863929,0,0.1341076,-0.1341076,7.785676,55.61186,0.0318002,0.3233561,0.1402593,0,5.039253
6/25/2007 6:00:00 PM,0.01900467,4.991449,112.9654,88.5727,0.01868507,0.08385858,0.7379458,0.7379458,0,0,0,0.7379458,11.36379,0,0,0,0.08385858,0.776785,0.7379458,0,0,6.550503,4.729822,0,0.6929265,-0.6929265,7.055267,50.39466,0.0318002,0.8117403,0.06708686,0,4.81368
6/25/2007 7:00:00 PM,0,0,115.5182,90,0,0,0,0,0,-1,0,0,0,0,0,0,0,0,0,0,0,7.320421,4.036895,0,0,0,7.055267,50.39466,0.0318002,0,0,0,4.036895
6/25/2007 8:00:00 PM,0,0,119.7464,90,0,0,2.044425,2.044425,0,-1,0,2.044425,0,0,4.440892E-16,0,0,2.152026,2.044425,0,0,7.320421,4.036895,0,2.152026,-2.152026,4.786832,34.19159,0.0318002,2.248868,0,0,4.036895
6/25/2007 9:00:00 PM,0,0,126.4149,90,0,0,0.9508349,0.9508349,0,-1,0,0.9508349,0,0,2.220446E-16,0,0,1.000879,0.9508349,0,0,9.711561,1.884869,0,1.000879,-1.000879,3.731813,26.65575,0.0318002,1.045918,0,0,1.884869
6/25/2007 10:00:00 PM,0,0,137.0057,90,0,0,0.2046981,0.2046981,0,-1,0,0.2046981,0,0,2.775558E-17,0,0,0.2154717,0.2046981,0,0,10.82365,0.8839902,0,0.2154717,-0.2154717,3.504686,25.03342,0.0318002,0.2251679,0,0,0.8839902
6/25/2007 11:00:00 PM,0,0,153.7524,90,0,0,0.03234072,0.03234072,0,-1,0,0.03234072,0,0,0,0,0,0.03404286,0.03234072,0,0,11.06306,0.6685185,0,0.03404286,-0.03404286,3.468802,24.77711,0.0318002,0.03557479,0,0,0.6685185
6/26/2007 12:00:00 AM,0,0,177.2348,90,0,0,0.2917867,0.2917867,0,-1,0,0.2917867,0,0,5.551115E-17,0,0,0.3071439,0.2917867,0,0,11.10089,0.6344756,0,0.3071439,-0.3071439,3.145044,22.46455,0.0318002,0.3209654,0,0,0.6344756
6/26/2007 1:00:00 AM,0,0,-158.2399,90,0,0,0.1428188,0.1428188,0,-1,0,0.1428188,0,0,2.775558E-17,0,0,0.1503355,0.1428188,0,0,11.44216,0.3273317,0,0.1503355,-0.1503355,2.986576,21.33264,0.0318002,0.1571006,0,0,0.3273317
6/26/2007 2:00:00 AM,0,0,-139.9388,90,0,0,0.2830617,0.1681464,0,-1,0,0.1681464,0,0,0.1149153,0.1432215,0,0.1769962,0.1681464,0,0,11.6092,0.1769962,0,0.1769962,-0.1769962,2.800006,20,0.0318002,0.3113678,0,0,0.1769962
6/26/2007 3:00:00 AM,0,0,-128.241,90,0,0,0.04338383,0,0,-1,0,0,0,0,0.04338383,0.04772221,0,0,0,0,0,11.80586,0,0,0,0,2.800006,20,0.0318002,0.04772221,0,0,0
6/26/2007 4:00:00 AM,0,0,-120.8958,90,0,0,0.2053215,0,0,-1,0,0,0,0,0.2053215,0.2258537,0,0,0,0,0,11.80586,0,0,0,0,2.800006,20,0.0318002,0.2258537,0,0,0
6/26/2007 5:00:00 AM,0,0,-116.2346,90,0,0,0.422922,0.422922,3.928185,0,1.237395,0.422922,0,0,0,0,0,0,0,3.505263,3.33,11.80586,0,3.33,0,3.33,5.959121,42.56506,0.03232712,0.4652143,0,5,0
6/26/2007 6:00:00 AM,0.0242449,2.101778,-113.3647,91.48964,0.02068805,0.09284797,0.3380774,0.3380774,3.843341,0,1.214232,0.3380774,27.46352,0,0,0,0.09284797,0,0,3.505263,3.33,8.475861,2.997,3.422848,0,3.422848,9.20632,65.75929,0.03283001,0.3718852,0.07427838,5,3.089848
6/26/2007 7:00:00 AM,0.04573435,15.78615,-111.903,77.74155,0.04538388,0.2036829,1.563802,1.563802,4.853281,0,1.489946,1.563802,13.02485,0,0,0,0.2036829,0,0,3.289478,3.125004,5.053012,6.077563,3.328687,0,3.328687,12.36419,88.31546,0.03353294,1.720183,0.1629463,5,6.281246
6/26/2007 8:00:00 AM,0.06262019,29.54605,-111.8575,64.14067,0.06224745,0.2793666,0,0,0,0,0,0,0,0,0,0,0.2793666,0,0,0,0,1.724325,9.073381,0.2793666,0,0.2793666,12.62922,90.20853,0.03352599,0,0.2234932,0,9.352748
6/26/2007 9:00:00 AM,0.12814,43.2226,-113.7486,50.92971,0.1273744,0.5716563,1.639155,1.639155,0,-1,0,1.639155,34.87505,0,0,0,0.5716563,1.725427,1.639155,0,0,1.444959,9.324811,0,1.15377,-1.15377,11.41304,81.52155,0.03352599,1.803071,0.457325,0,9.896467
6/26/2007 10:00:00 AM,0.2698861,56.52408,-119.2808,38.60883,0.2680886,1.203182,0.9100626,0.9100626,0,0,0,0.9100626,132.2087,0,0,0,1.203182,0.9579605,0.9100626,0,0,2.726926,8.171041,0.2452213,0,0.2452213,11.64568,83.18324,0.03351989,1.001069,0.9625455,0,9.374223
6/26/2007 11:00:00 AM,0.3200275,68.55971,-134.1122,28.44013,0.3178694,1.426598,0.4332992,0.4332992,0,0,0,0.4332992,329.2408,0,0,0,1.426598,0.4561044,0.4332992,0,0,2.481704,8.39174,0.9704933,0,0.9704933,12.56637,89.75958,0.03349578,0.4766291,1.141278,0,9.818337
6/26/2007 12:00:00 PM,0.195503,75.53254,-174.0518,23.4691,0.1944002,0.8724679,1.034802,1.034802,0,0,0,1.034802,84.31258,0,0,0,0.8724679,1.089265,1.034802,0,0,1.511211,9.265184,0,0.2167969,-0.2167969,12.33784,88.12727,0.03349578,1.138282,0.6979743,0,10.13765
6/26/2007 1:00:00 PM,0.110006,70.7406,139.9075,26.78335,0.1094193,0.4910736,1.308649,1.308649,0,0,0,1.308649,37.52525,0,0,0,0.4910736,1.377525,1.308649,0,0,1.752097,9.048388,0,0.8864513,-0.8864513,11.40344,81.45299,0.03349578,1.439514,0.3928589,0,9.539461
6/26/2007 2:00:00 PM,0.2615094,59.28152,121.3443,36.16566,0.2598499,1.166206,0.6413624,0.6413624,0,-1,0,0.6413624,181.8327,0,0,0,1.166206,0.6751183,0.6413624,0,0,2.737043,8.161936,0.4910881,0,0.4910881,11.86933,84.78075,0.03348359,0.7054987,0.9329652,0,9.328142
6/26/2007 3:00:00 PM,0.2714636,46.13676,114.5335,48.17274,0.2691371,1.207887,2.042056,2.042056,0,0,0,2.042056,59.15057,0,0,0,1.207887,2.149532,2.042056,0,0,2.245955,8.603915,0,0.9416447,-0.9416447,10.87675,77.6909,0.03348359,2.246261,0.96631,0,9.811803
6/26/2007 4:00:00 PM,0.3093629,32.50759,112.0692,61.2489,0.2989161,1.341536,1.175119,1.175119,0,0,0,1.175119,114.1617,0,0,0,1.341536,1.236967,1.175119,0,0,3.292226,7.662271,0.1045685,0,0.1045685,10.97595,78.39949,0.03348099,1.292631,1.073228,0,9.003806
6/26/2007 5:00:00 PM,0.1332521,18.75033,111.7654,74.79122,0.1307052,0.5866051,0.5337908,0.5337908,0,0,0,0.5337908,109.8942,0,0,0,0.5866051,0.5618851,0.5337908,0,0,3.187658,7.756382,0.02472,0,0.02472,10.9994,78.567,0.03348038,0.5871699,0.4692841,0,8.342987
6/26/2007 6:00:00 PM,0.07324366,5.037889,112.9362,88.52255,0.03458973,0.1552387,0,0,0,0,0,0,0,0,0,0,0.1552387,0,0,0,0,3.162938,7.77863,0.1552387,0,0.1552387,11.14667,79.61894,0.03347653,0,0.124191,0,7.933869
6/26/2007 7:00:00 PM,0,0,115.4841,90,0,0,1.668859,1.668859,0,-1,0,1.668859,0,0,2.220446E-16,0,0,1.756694,1.668859,0,0,3.007699,7.918345,0,1.756694,-1.756694,9.294956,66.39241,0.03347653,1.835745,0,0,7.918345
6/26/2007 8:00:00 PM,0,0,119.7047,90,0,0,1.829268,1.829268,0,-1,0,1.829268,0,0,2.220446E-16,0,0,1.925545,1.829268,0,0,4.959581,6.161651,0,1.925545,-1.925545,7.265254,51.89456,0.03347653,2.012195,0,0,6.161651
6/26/2007 9:00:00 PM,0,0,126.3612,90,0,0,0,0,0,-1,0,0,0,0,0,0,0,0,0,0,0,7.099076,4.236106,0,0,0,7.265254,51.89456,0.03347653,0,0,0,4.236106
6/26/2007 10:00:00 PM,0,0,136.9341,90,0,0,0.2296824,0.2296824,0,-1,0,0.2296824,0,0,2.775558E-17,0,0,0.2417709,0.2296824,0,0,7.099076,4.236106,0,0.2417709,-0.2417709,7.010405,50.07422,0.03347653,0.2526506,0,0,4.236106
6/26/2007 11:00:00 PM,0,0,153.66,90,0,0,0.4159161,0.4159161,0,-1,0,0.4159161,0,0,0,0,0,0.4378064,0.4159161,0,0,7.36771,3.994335,0,0.4378064,-0.4378064,6.548916,46.77788,0.03347653,0.4575077,0,0,3.994335
6/27/2007 12:00:00 AM,0,0,177.1396,90,0,0,0.1932937,0.1932937,0,-1,0,0.1932937,0,0,2.775558E-17,0,0,0.2034671,0.1932937,0,0,7.854162,3.556529,0,0.2034671,-0.2034671,6.334443,45.24593,0.03347653,0.2126231,0,0,3.556529
6/27/2007 1:00:00 AM,0,0,-158.2988,90,0,0,0.2201251,0.2201251,0,-1,0,0.2201251,0,0,2.775558E-17,0,0,0.2317106,0.2201251,0,0,8.080236,3.353062,0,0.2317106,-0.2317106,6.090199,43.50133,0.03347653,0.2421376,0,0,3.353062
6/27/2007 2:00:00 AM,0,0,-139.9614,90,0,0,0.2209863,0.2209863,0,-1,0,0.2209863,0,0,2.775558E-17,0,0,0.2326172,0.2209863,0,0,8.337692,3.121351,0,0.2326172,-0.2326172,5.844998,41.7499,0.03347653,0.243085,0,0,3.121351
6/27/2007 3:00:00 AM,0,0,-128.243,90,0,0,0.3156723,0.3156723,0,-1,0,0.3156723,0,0,0,0,0,0.3322866,0.3156723,0,0,8.596156,2.888734,0,0.3322866,-0.3322866,5.494738,39.24805,0.03347653,0.3472395,0,0,2.888734
6/27/2007 4:00:00 AM,0,0,-120.8868,90,0,0,0.1263372,0.1263372,0,-1,0,0.1263372,0,0,0,0,0,0.1329865,0.1263372,0,0,8.965364,2.556447,0,0.1329865,-0.1329865,5.354558,38.24676,0.03347653,0.1389709,0,0,2.556447
6/27/2007 5:00:00 AM,0,0,-116.2188,90,0,0,0.2789697,0.2789697,0,0,0,0.2789697,0,0,5.551115E-17,0,0,0.2936523,0.2789697,0,0,9.113126,2.42346,0,0.2936523,-0.2936523,5.045021,36.03579,0.03347653,0.3068667,0,0,2.42346
6/27/2007 6:00:00 AM,0.01856608,2.048214,-113.3433,91.53954,0.01756218,0.07881906,0.1649399,0.1649399,0,0,0,0.1649399,47.78652,0,0,0,0.07881906,0.173621,0.1649399,0,0,9.439406,2.129808,0,0.09480193,-0.09480193,4.945091,35.32201,0.03347653,0.1814339,0.06305525,0,2.208627
6/27/2007 7:00:00 AM,0.1892498,15.73501,-111.8752,77.78814,0.1668921,0.7490116,0.4561926,0.4561926,0,0,0,0.4561926,164.1876,0,0,0,0.7490116,0.4802028,0.4561926,0,0,9.544742,2.035006,0.2688088,0,0.2688088,5.200105,37.14353,0.03346986,0.5018119,0.5992093,0,2.784018
6/27/2007 8:00:00 AM,0.4874258,29.49796,-111.8209,64.18297,0.4354853,1.954458,0.687984,0.687984,0,0,0,0.687984,284.0848,0,0,0,1.954458,0.7241937,0.687984,0,0,9.275933,2.276934,1.230264,0,1.230264,6.367236,45.48017,0.03343939,0.7567824,1.563566,0,4.231392
6/27/2007 9:00:00 AM,0.547027,43.17883,-113.697,50.96577,0.5153478,2.312881,0.5801664,0.5801664,0,-1,0,0.5801664,398.6582,0,0,0,2.312881,0.6107014,0.5801664,0,0,8.045669,3.384172,1.702179,0,1.702179,7.982065,57.01464,0.03339732,0.6381831,1.850305,0,5.697053
6/27/2007 10:00:00 AM,0.7770615,56.48768,-119.1997,38.63452,0.7337545,3.29309,0.9973382,0.9973382,0,0,0,0.9973382,330.1879,0,0,0,3.29309,1.04983,0.9973382,0,0,6.34349,4.916133,2.243261,0,2.243261,10.11021,72.21564,0.03334204,1.097072,2.634472,0,8.209224
6/27/2007 11:00:00 AM,0.7364955,68.54005,-133.9639,28.44637,0.7073242,3.174471,0.6210477,0.6210477,0,0,0,0.6210477,511.1477,0,0,0,3.174471,0.6537344,0.6210477,0,0,4.100229,6.935068,2.520737,0,2.520737,12.50159,89.29689,0.03328014,0.6831525,2.539577,0,10.10954
6/27/2007 12:00:00 PM,0.5880685,75.55623,-173.841,23.44324,0.575656,2.583544,0,0,0,0,0,0,0,1.004051,0,0,2.583544,0,0,0,0,1.579493,9.203731,1.579493,0,1.579493,14.00003,100,0.03324147,0,2.066835,0,11.78728
6/27/2007 1:00:00 PM,0.5670568,70.79623,139.9541,26.73259,0.5551054,2.491313,0.4539024,0.4539024,0,0,0,0.4539024,548.8654,2.013521,0,0,2.491313,0.477792,0.4539024,0,0,0,10.62527,0,0,0,14.00003,100,0.03324147,0.4992926,1.99305,0,13.11659
6/27/2007 2:00:00 PM,0.6763493,59.33873,121.3295,36.10824,0.6472304,2.90477,0.6788984,0.6788984,0,-1,0,0.6788984,427.8652,2.19014,0,0,2.90477,0.7146299,0.6788984,0,0,0,10.62527,0,0,0,14.00003,100,0.03324147,0.7467883,2.323816,0,13.53004
6/27/2007 3:00:00 PM,0.4369822,46.19132,114.5064,48.11559,0.4244398,1.904886,0,0,0,0,0,0,0,1.904886,0,0,1.904886,0,0,0,0,0,10.62527,0,0,0,14.00003,100,0.03324147,0,1.523908,0,12.53016
6/27/2007 4:00:00 PM,0.4278615,32.5592,112.0386,61.19372,0.3956714,1.775773,0.5269692,0.5269692,0,0,0,0.5269692,336.9786,1.221069,0,0,1.775773,0.5547044,0.5269692,0,0,0,10.62527,0,0,0,14.00003,100,0.03324147,0.5796661,1.420619,0,12.40105
6/27/2007 5:00:00 PM,0.2036856,18.7989,111.7325,74.73849,0.1883331,0.8452389,0.1544766,0.1544766,0,0,0,0.1544766,547.163,0.6826319,0,0,0.8452389,0.162607,0.1544766,0,0,0,10.62527,0,0,0,14.00003,100,0.03324147,0.1699243,0.6761911,0,11.47051
6/27/2007 6:00:00 PM,0.04728992,5.083105,112.9003,88.47263,0.04034472,0.1810671,0.6631379,0.6631379,0,0,0,0.6631379,27.30459,0,0,0,0.1810671,0.6980399,0.6631379,0,0,0,10.62527,0,0.5169728,-0.5169728,13.45509,96.1076,0.03324147,0.7294517,0.1448537,0,10.80634
6/27/2007 7:00:00 PM,0,0,115.4432,90,0,0,1.036563,1.036563,0,-1,0,1.036563,0,0,2.220446E-16,0,0,1.091119,1.036563,0,0,0.5744142,10.1083,0,1.091119,-1.091119,12.30495,87.89233,0.03324147,1.140219,0,0,10.1083
6/27/2007 8:00:00 PM,0,0,119.6561,90,0,0,1.408303,1.408303,0,-1,0,1.408303,0,0,2.220446E-16,0,0,1.482424,1.408303,0,0,1.786768,9.017182,0,1.482424,-1.482424,10.74234,76.73083,0.03324147,1.549133,0,0,9.017182
6/27/2007 9:00:00 PM,0,0,126.3005,90,0,0,0,0,0,-1,0,0,0,0,0,0,0,0,0,0,0,3.433906,7.534759,0,0,0,10.74234,76.73083,0.03324147,0,0,0,7.534759
6/27/2007 10:00:00 PM,0,0,136.8556,90,0,0,0.2862475,0.2862475,0,-1,0,0.2862475,0,0,5.551115E-17,0,0,0.3013132,0.2862475,0,0,3.433906,7.534759,0,0.3013132,-0.3013132,10.42473,74.46219,0.03324147,0.3148723,0,0,7.534759
6/27/2007 11:00:00 PM,0,0,153.5626,90,0,0,0.02463832,0.02463832,0,-1,0,0.02463832,0,0,3.469447E-18,0,0,0.02593507,0.02463832,0,0,3.768698,7.233446,0,0.02593507,-0.02593507,10.39739,74.26691,0.03324147,0.02710215,0,0,7.233446
6/28/2007 12:00:00 AM,0,0,177.0443,90,0,0,0.03396748,0.03396748,0,-1,0,0.03396748,0,0,6.938894E-18,0,0,0.03575524,0.03396748,0,0,3.797515,7.20751,0,0.03575524,-0.03575524,10.3597,73.9977,0.03324147,0.03736423,0,0,7.20751
6/28/2007 1:00:00 AM,0,0,-158.3524,90,0,0,0.3131437,0.3131437,0,-1,0,0.3131437,0,0,5.551115E-17,0,0,0.329625,0.3131437,0,0,3.837243,7.171755,0,0.329625,-0.329625,10.01224,71.51588,0.03324147,0.3444581,0,0,7.171755
6/28/2007 2:00:00 AM,0,0,-139.9767,90,0,0,0.1431521,0.1431521,0,-1,0,0.1431521,0,0,0,0,0,0.1506864,0.1431521,0,0,4.203493,6.84213,0,0.1506864,-0.1506864,9.853407,70.38134,0.03324147,0.1574673,0,0,6.84213
6/28/2007 3:00:00 AM,0,0,-128.2374,90,0,0,0.2880023,0.2880023,0,-1,0,0.2880023,0,0,5.551115E-17,0,0,0.3031603,0.2880023,0,0,4.370923,6.691444,0,0.3031603,-0.3031603,9.533848,68.09878,0.03324147,0.3168026,0,0,6.691444
6/28/2007 4:00:00 AM,0,0,-120.8706,90,0,0,0.04372886,0.04372886,0,-1,0,0.04372886,0,0,6.938894E-18,0,0,0.04603038,0.04372886,0,0,4.707767,6.388284,0,0.04603038,-0.04603038,9.485328,67.7522,0.03324147,0.04810175,0,0,6.388284
6/28/2007 5:00:00 AM,0,0,-116.196,90,0,0,0.2232777,0.2232777,0,0,0,0.2232777,0,0,2.775558E-17,0,0,0.2350291,0.2232777,0,0,4.758912,6.342253,0,0.2350291,-0.2350291,9.237585,65.98262,0.03324147,0.2456055,0,0,6.342253
6/28/2007 6:00:00 AM,0.02892065,1.993956,-113.3149,91.58915,0.02004821,0.08997637,0.4210852,0.4210852,0,0,0,0.4210852,21.36774,0,5.551115E-17,0,0.08997637,0.4432476,0.4210852,0,0,5.020056,6.107224,0,0.3532712,-0.3532712,8.865205,63.32276,0.03324147,0.4631937,0.07198109,0,6.1972
6/28/2007 7:00:00 AM,0.1235698,15.68386,-111.8403,77.8337,0.1197711,0.5375327,1.131477,1.131477,0,0,0,1.131477,47.50717,2.220446E-16,0,0,0.5375327,1.191029,1.131477,0,0,5.412579,5.753953,0,0.6534958,-0.6534958,8.176359,58.40245,0.03324147,1.244625,0.4300262,0,6.291486
6/28/2007 8:00:00 AM,0.2935629,29.45058,-111.7764,64.22346,0.2814891,1.263323,1.079998,1.079998,0,0,0,1.079998,116.9746,0,0,0,1.263323,1.13684,1.079998,0,0,6.138686,5.100457,0.1264835,0,0.1264835,8.296352,59.25954,0.03323838,1.187997,1.010659,0,6.36378
6/28/2007 9:00:00 AM,0.6509441,43.13658,-113.6363,50.99908,0.6043676,2.712402,0,0,0,-1,0,0,0,0,0,0,2.712402,0,0,0,0,6.012202,5.214292,2.712402,0,2.712402,10.86956,77.63957,0.03317219,0,2.169921,0,7.926694
6/28/2007 10:00:00 AM,0.7548363,56.45395,-119.1072,38.65622,0.7138704,3.20385,0,0,0,0,0,0,0,0,0,0,3.20385,0,0,0,0,3.299801,7.655454,3.20385,0,3.20385,13.909,99.34982,0.03309436,0,2.56308,0,10.8593
6/28/2007 11:00:00 AM,0.7719534,68.52492,-133.8018,28.44699,0.7390507,3.316859,1.332062,1.332062,0,0,0,1.332062,249.0019,1.818739,0,0,3.316859,1.402171,1.332062,0,0,0.09595034,10.53892,0.09595034,0,0.09595034,14.00003,100,0.03309203,1.465268,2.653488,0,13.85578
6/28/2007 12:00:00 PM,0.7914994,75.58663,-173.6278,23.41057,0.7600926,3.411296,0.6323661,0.6323661,0,0,0,0.6323661,539.4495,2.745647,0,0,3.411296,0.6656485,0.6323661,0,0,0,10.62527,0,0,0,14.00003,100,0.03309203,0.6956027,2.729037,0,14.03657
6/28/2007 1:00:00 PM,0.4453355,70.85657,139.9854,26.67611,0.4402512,1.975847,1.43946,1.43946,0,0,0,1.43946,137.2631,0.4606267,0,0,1.975847,1.515221,1.43946,0,0,0,10.62527,0,0,0,14.00003,100,0.03309203,1.583406,1.580678,0,12.60112
6/28/2007 2:00:00 PM,0.503108,59.39829,121.3018,36.04702,0.4922192,2.20908,0.4725859,0.4725859,0,-1,0,0.4725859,467.4452,1.711621,0,0,2.20908,0.4974588,0.4725859,0,0,0,10.62527,0,0,0,14.00003,100,0.03309203,0.5198445,1.767264,0,12.83435
6/28/2007 3:00:00 PM,0.3837995,46.24691,114.4694,48.05612,0.3761807,1.688299,0,0,0,0,0,0,0,1.688299,0,0,1.688299,0,0,0,0,0,10.62527,0,0,0,14.00003,100,0.03309203,0,1.350639,0,12.31357
6/28/2007 4:00:00 PM,0.2695033,32.61094,111.9998,61.13727,0.2636028,1.183049,1.443599,1.443599,0,0,0,1.443599,81.95136,0,0,0,1.183049,1.519578,1.443599,0,0,0,10.62527,0,0.336529,-0.336529,13.6453,97.4662,0.03309203,1.587959,0.9464395,0,11.80832
6/28/2007 5:00:00 PM,0.08712579,18.84686,111.6923,74.68534,0.08636008,0.3875841,1.067608,1.067608,0,0,0,1.067608,36.30397,0,0,0,0.3875841,1.123798,1.067608,0,0,0.3739211,10.28874,0,0.7362137,-0.7362137,12.86926,91.92309,0.03309203,1.174369,0.3100672,0,10.67633
6/28/2007 6:00:00 PM,0.02923398,5.12702,112.8574,88.423,0.02848526,0.1278418,0.9088739,0.9088739,0,0,0,0.9088739,14.06596,0,0,0,0.1278418,0.9567093,0.9088739,0,0,1.191936,9.552531,0,0.8288675,-0.8288675,11.99555,85.68237,0.03309203,0.9997612,0.1022735,0,9.680373
6/28/2007 7:00:00 PM,0,0,115.3957,90,0,0,0,0,0,-1,0,0,0,0,0,0,0,0,0,0,0,2.1129,8.723664,0,0,0,11.99555,85.68237,0.03309203,0,0,0,8.723664
6/28/2007 8:00:00 PM,0,0,119.6007,90,0,0,0.6390254,0.6390254,0,-1,0,0.6390254,0,0,0,0,0,0.6726583,0.6390254,0,0,2.1129,8.723664,0,0.6726583,-0.6726583,11.28651,80.61777,0.03309203,0.7029279,0,0,8.723664
6/28/2007 9:00:00 PM,0,0,126.2328,90,0,0,0,0,0,-1,0,0,0,0,0,0,0,0,0,0,0,2.860298,8.051005,0,0,0,11.28651,80.61777,0.03309203,0,0,0,8.051005
6/28/2007 10:00:00 PM,0,0,136.7704,90,0,0,0.3439204,0.3439204,0,-1,0,0.3439204,0,0,5.551115E-17,0,0,0.3620214,0.3439204,0,0,2.860298,8.051005,0,0.3620214,-0.3620214,10.90491,77.89204,0.03309203,0.3783124,0,0,8.051005
6/28/2007 11:00:00 PM,0,0,153.46,90,0,0,0,0,0,-1,0,0,0,0,0,0,0,0,0,0,0,3.262544,7.688984,0,0,0,10.90491,77.89204,0.03309203,0,0,0,7.688984
6/29/2007 12:00:00 AM,0,0,176.9489,90,0,0,0.1570185,0.1570185,0,-1,0,0.1570185,0,0,2.775558E-17,0,0,0.1652827,0.1570185,0,0,3.262544,7.688984,0,0.1652827,-0.1652827,10.73068,76.64758,0.03309203,0.1727204,0,0,7.688984
6/29/2007 1:00:00 AM,0,0,-158.4007,90,0,0,0.1666645,0.1666645,0,-1,0,0.1666645,0,0,2.775558E-17,0,0,0.1754363,0.1666645,0,0,3.446192,7.523702,0,0.1754363,-0.1754363,10.54576,75.32669,0.03309203,0.1833309,0,0,7.523702
6/29/2007 2:00:00 AM,0,0,-139.9844,90,0,0,0.2650428,0.2650428,0,-1,0,0.2650428,0,0,0,0,0,0.2789924,0.2650428,0,0,3.641121,7.348265,0,0.2789924,-0.2789924,10.25167,73.22609,0.03309203,0.2915471,0,0,7.348265
6/29/2007 3:00:00 AM,0,0,-128.2242,90,0,0,0.4266924,0.4266924,0,-1,0,0.4266924,0,0,5.551115E-17,0,0,0.4491499,0.4266924,0,0,3.951113,7.069273,0,0.4491499,-0.4491499,9.778228,69.84435,0.03309203,0.4693616,0,0,7.069273
6/29/2007 4:00:00 AM,0,0,-120.8472,90,0,0,0.06389188,0.06389188,0,-1,0,0.06389188,0,0,1.387779E-17,0,0,0.06725461,0.06389188,0,0,4.450168,6.620123,0,0.06725461,-0.06725461,9.707335,69.33797,0.03309203,0.07028107,0,0,6.620123
6/29/2007 5:00:00 AM,0,0,-116.1664,90,0,0,0.1347772,0.1347772,0,0,0,0.1347772,0,0,2.775558E-17,0,0,0.1418708,0.1347772,0,0,4.524895,6.552868,0,0.1418708,-0.1418708,9.557791,68.2698,0.03309203,0.148255,0,0,6.552868
6/29/2007 6:00:00 AM,0.04049759,1.939078,-113.2797,91.63837,0.009586377,0.04302366,0,0,0,0,0,0,0,0,0,0,0.04302366,0,0,0,0,4.682529,6.410998,0.04302366,0,0.04302366,9.598606,68.56133,0.03309099,0,0.03441893,0,6.454021
6/29/2007 7:00:00 AM,0.2801251,15.63278,-111.7982,77.87817,0.2220321,0.9964801,1.111304,1.111304,0,0,0,1.111304,89.66762,0,0,0,0.9964801,1.169794,1.111304,0,0,4.639506,6.449719,0,0.1733139,-0.1733139,9.415917,67.25642,0.03309099,1.222435,0.7971841,0,7.446199
6/29/2007 8:00:00 AM,0.5305409,29.40396,-111.724,64.26207,0.4729524,2.12261,0.5977122,0.5977122,0,0,0,0.5977122,355.1225,0,0,0,2.12261,0.6291707,0.5977122,0,0,4.832077,6.276405,1.49344,0,1.49344,10.83272,77.3764,0.03305484,0.6574833,1.698088,0,8.399015
6/29/2007 9:00:00 AM,0.5127645,43.09593,-113.5664,51.02959,0.4864552,2.183211,0.6534479,0.6534479,0,-1,0,0.6534479,334.1064,0,0,0,2.183211,0.6878399,0.6534479,0,0,3.338637,7.620501,1.495371,0,1.495371,12.25135,87.50948,0.03301872,0.7187927,1.746569,0,9.803712
6/29/2007 10:00:00 AM,0.5455146,56.42292,-119.0035,38.67388,0.5291469,2.374811,0,0,0,0,0,0,0,0.5315449,0,0,2.374811,0,0,0,0,1.843266,8.966334,1.843266,0,1.843266,14.00003,100,0.03297431,0,1.899849,0,11.34115
6/29/2007 11:00:00 AM,0.8011087,68.51432,-133.6261,28.44195,0.7652644,3.434507,0.7718972,0.7718972,0,0,0,0.7718972,444.9435,2.621983,0,0,3.434507,0.8125234,0.7718972,0,0,0,10.62527,0,0,0,14.00003,100,0.03297431,0.8490869,2.747605,0,14.05978
6/29/2007 12:00:00 PM,0.8639494,75.62375,-173.4121,23.37111,0.8256511,3.705522,0,0,0,0,0,0,0,3.705522,0,0,3.705522,0,0,0,0,0,10.62527,0,0,0,14.00003,100,0.03297431,0,2.964418,0,14.3308
6/29/2007 1:00:00 PM,0.6941363,70.92156,140.0014,26.61395,0.6707664,3.010399,2.103668,2.103668,0,0,0,2.103668,143.1024,0.7960122,0,0,3.010399,2.214387,2.103668,0,0,0,10.62527,0,0,0,14.00003,100,0.03297431,2.314035,2.408319,0,13.63567
6/29/2007 2:00:00 PM,0.4834208,59.46014,121.2612,35.98209,0.4740531,2.12755,1.497342,1.497342,0,-1,0,1.497342,142.0885,0.551401,0,0,2.12755,1.576149,1.497342,0,0,0,10.62527,0,0,0,14.00003,100,0.03297431,1.647076,1.70204,0,12.75282
6/29/2007 3:00:00 PM,0.4715173,46.30342,114.4223,47.9944,0.4551316,2.04263,0.8185644,0.8185644,0,0,0,0.8185644,249.5381,1.180984,0,0,2.04263,0.8616468,0.8185644,0,0,0,10.62527,0,0,0,14.00003,100,0.03297431,0.9004209,1.634104,0,12.6679
6/29/2007 4:00:00 PM,0.359873,32.6627,111.9527,61.07964,0.3416735,1.53343,0,0,0,0,0,0,0,1.53343,0,0,1.53343,0,0,0,0,0,10.62527,0,0,0,14.00003,100,0.03297431,0,1.226744,0,12.1587
6/29/2007 5:00:00 PM,0.2046369,18.89411,111.6449,74.63184,0.1893465,0.8497869,0.7231112,0.7231112,0,0,0,0.7231112,117.5182,0.08861733,0,0,0.8497869,0.7611696,0.7231112,0,0,0,10.62527,0,0,0,14.00003,100,0.03297431,0.7954223,0.6798295,0,11.47506
6/29/2007 6:00:00 PM,0.0496611,5.169559,112.8078,88.37376,0.04155682,0.186507,1.380738,1.380738,0,0,0,1.380738,13.50777,0,0,0,0.186507,1.453409,1.380738,0,0,0,10.62527,0,1.266902,-1.266902,12.6646,90.46122,0.03297431,1.518812,0.1492056,0,10.81178
6/29/2007 7:00:00 PM,0,0,115.3415,90,0,0,0.6355752,0.6355752,0,-1,0,0.6355752,0,0,1.110223E-16,0,0,0.6690266,0.6355752,0,0,1.407668,9.358373,0,0.6690266,-0.6690266,11.95938,85.42397,0.03297431,0.6991327,0,0,9.358373
6/29/2007 8:00:00 PM,0,0,119.5386,90,0,0,0,0,0,-1,0,0,0,0,0,0,0,0,0,0,0,2.151031,8.689346,0,0,0,11.95938,85.42397,0.03297431,0,0,0,8.689346
6/29/2007 9:00:00 PM,0,0,126.1582,90,0,0,0.4732254,0.4732254,0,-1,0,0.4732254,0,0,0,0,0,0.498132,0.4732254,0,0,2.151031,8.689346,0,0.498132,-0.498132,11.4343,81.67343,0.03297431,0.520548,0,0,8.689346
6/29/2007 10:00:00 PM,0,0,136.6783,90,0,0,0.24319,0.24319,0,-1,0,0.24319,0,0,5.551115E-17,0,0,0.2559895,0.24319,0,0,2.704511,8.191214,0,0.2559895,-0.2559895,11.16447,79.74603,0.03297431,0.267509,0,0,8.191214
6/29/2007 11:00:00 PM,0,0,153.3525,90,0,0,0.1844712,0.1844712,0,-1,0,0.1844712,0,0,0,0,0,0.1941802,0.1844712,0,0,2.988944,7.935225,0,0.1941802,-0.1941802,10.95978,78.284,0.03297431,0.2029183,0,0,7.935225
6/30/2007 12:00:00 AM,0,0,176.8535,90,0,0,0.1132309,0.1132309,0,-1,0,0.1132309,0,0,1.387779E-17,0,0,0.1191904,0.1132309,0,0,3.2047,7.741045,0,0.1191904,-0.1191904,10.83414,77.3866,0.03297431,0.124554,0,0,7.741045
6/30/2007 1:00:00 AM,0,0,-158.4434,90,0,0,0.2723779,0.2723779,0,-1,0,0.2723779,0,0,0,0,0,0.2867136,0.2723779,0,0,3.337134,7.621854,0,0.2867136,-0.2867136,10.53192,75.22787,0.03297431,0.2996157,0,0,7.621854
6/30/2007 2:00:00 AM,0,0,-139.9845,90,0,0,0.007763663,0.007763663,0,-1,0,0.007763663,0,0,1.734723E-18,0,0,0.008172276,0.007763663,0,0,3.655704,7.33514,0,0.008172276,-0.008172276,10.52331,75.16634,0.03297431,0.008540029,0,0,7.33514
6/30/2007 3:00:00 AM,0,0,-128.2034,90,0,0,0.02187926,0.02187926,0,-1,0,0.02187926,0,0,3.469447E-18,0,0,0.0230308,0.02187926,0,0,3.664785,7.326968,0,0.0230308,-0.0230308,10.49903,74.99294,0.03297431,0.02406719,0,0,7.326968
6/30/2007 4:00:00 AM,0,0,-120.8166,90,0,0,0.4931464,0.4931464,0,-1,0,0.4931464,0,0,5.551115E-17,0,0,0.5191015,0.4931464,0,0,3.690374,7.303937,0,0.5191015,-0.5191015,9.951851,71.0845,0.03297431,0.542461,0,0,7.303937
6/30/2007 5:00:00 AM,0,0,-116.1297,90,0,0,0.08029576,0.08029576,0,0,0,0.08029576,0,0,1.387779E-17,0,0,0.08452186,0.08029576,0,0,4.267154,6.784836,0,0.08452186,-0.08452186,9.862757,70.44812,0.03297431,0.08832534,0,0,6.784836
6/30/2007 6:00:00 AM,0.0252447,1.883659,-113.2375,91.68714,0.02002838,0.08988737,0.2911192,0.2911192,0,0,0,0.2911192,30.87649,0,5.551115E-17,0,0.08988737,0.3064412,0.2911192,0,0,4.361067,6.700314,0,0.2165539,-0.2165539,9.634489,68.81764,0.03297431,0.3202311,0.0719099,0,6.790201
6/30/2007 7:00:00 AM,0.09006208,15.58184,-111.749,77.92148,0.08894908,0.3992035,1.07396,1.07396,0,0,0,1.07396,37.17117,0,2.220446E-16,0,0.3992035,1.130484,1.07396,0,0,4.601682,6.48376,0,0.7312807,-0.7312807,8.863651,63.31167,0.03297431,1.181356,0.3193628,0,6.882964
6/30/2007 8:00:00 AM,0.1734635,29.35818,-111.6638,64.29876,0.1718189,0.7711231,0.8527623,0.8527623,0,0,0,0.8527623,90.42651,0,0,0,0.7711231,0.8976445,0.8527623,0,0,5.414217,5.752479,0,0.1265214,-0.1265214,8.730286,62.35906,0.03297431,0.9380385,0.6168985,0,6.523602
6/30/2007 9:00:00 AM,0.2829754,43.05693,-113.4875,51.05725,0.2799391,1.256367,0.9653738,0.9653738,0,-1,0,0.9653738,130.143,0,0,0,1.256367,1.016183,0.9653738,0,0,5.554796,5.625958,0.2401837,0,0.2401837,8.958144,63.98662,0.03296853,1.061911,1.005093,0,6.882325
6/30/2007 10:00:00 AM,0.4993177,56.39466,-118.8885,38.68748,0.487397,2.187438,2.304964,2.304964,0,0,0,2.304964,94.90114,0,0,0,2.187438,2.426278,2.304964,0,0,5.314612,5.842123,0,0.2388408,-0.2388408,8.706384,62.18833,0.03296853,2.535461,1.74995,0,8.029561
6/30/2007 11:00:00 AM,0.6648116,68.50826,-133.4369,28.43126,0.6433435,2.887326,0.03713233,0.03713233,0,0,0,0.03713233,7775.774,0,0,0,2.887326,0.03908666,0.03713233,0,0,5.579991,5.603282,2.848239,0,2.848239,11.40846,81.48885,0.03290016,0.04084556,2.309861,0,8.490608
6/30/2007 12:00:00 PM,0.6717882,75.66756,-173.194,23.32484,0.6524183,2.928053,0.9243958,0.9243958,0,0,0,0.9243958,316.7532,0,0,0,2.928053,0.9730482,0.9243958,0,0,2.731752,8.166698,1.955005,0,1.955005,13.26314,94.73653,0.03285339,1.016835,2.342443,0,11.09475
6/30/2007 1:00:00 PM,0.548092,70.99117,140.0017,26.54617,0.5376074,2.412782,0.06962322,0.06962322,0,0,0,0.06962322,3465.485,1.562748,0,0,2.412782,0.07328761,0.06962322,0,0,0.7767467,9.926202,0.7767467,0,0.7767467,14.00003,100,0.03283485,0.07658555,1.930226,0,12.33898
6/30/2007 2:00:00 PM,0.4636168,59.52419,121.2076,35.91352,0.4556186,2.044816,0.9685205,0.9685205,0,-1,0,0.9685205,211.1278,1.025321,0,0,2.044816,1.019495,0.9685205,0,0,0,10.62527,0,0,0,14.00003,100,0.03283485,1.065372,1.635853,0,12.67009
6/30/2007 3:00:00 PM,0.582682,46.36079,114.3652,47.93052,0.5508537,2.472232,0.9468602,0.9468602,0,0,0,0.9468602,261.0978,1.475537,0,0,2.472232,0.9966949,0.9468602,0,0,0,10.62527,0,0,0,14.00003,100,0.03283485,1.041546,1.977785,0,13.09751
6/30/2007 4:00:00 PM,0.3102215,32.7144,111.8974,61.0209,0.2999566,1.346205,1.488376,1.488376,0,0,0,1.488376,90.44792,0,0,0,1.346205,1.566712,1.488376,0,0,0,10.62527,0,0.2205065,-0.2205065,13.76759,98.33976,0.03283485,1.637214,1.076964,0,11.97148
6/30/2007 5:00:00 PM,0.1133983,18.94059,111.5901,74.57806,0.1120495,0.5028784,1.026307,1.026307,0,0,0,1.026307,48.99884,0,0,0,0.5028784,1.080323,1.026307,0,0,0.2450072,10.40477,0,0.5774443,-0.5774443,13.15891,93.99206,0.03283485,1.128937,0.4023027,0,10.90765
6/30/2007 6:00:00 PM,0.07513851,5.210647,112.7514,88.32497,0.0372873,0.1673454,0.3160651,0.3160651,0,0,0,0.3160651,52.9465,0,0,0,0.1673454,0.3327001,0.3160651,0,0,0.886612,9.827323,0,0.1653547,-0.1653547,12.98462,92.74706,0.03283485,0.3476716,0.1338763,0,9.994669
6/30/2007 7:00:00 PM,0,0,115.2807,90,0,0,0.1661924,0.1661924,0,-1,0,0.1661924,0,0,2.775558E-17,0,0,0.1749394,0.1661924,0,0,1.070339,9.661969,0,0.1749394,-0.1749394,12.80021,91.42991,0.03283485,0.1828117,0,0,9.661969
6/30/2007 8:00:00 PM,0,0,119.4697,90,0,0,1.167996,1.167996,0,-1,0,1.167996,0,0,2.220446E-16,0,0,1.22947,1.167996,0,0,1.264717,9.487029,0,1.22947,-1.22947,11.50424,82.17297,0.03283485,1.284796,0,0,9.487029
6/30/2007 9:00:00 PM,0,0,126.0768,90,0,0,1.240445,1.240445,0,-1,0,1.240445,0,0,0,0,0,1.305732,1.240445,0,0,2.630794,8.25756,0,1.305732,-1.305732,10.12788,72.34183,0.03283485,1.36449,0,0,8.25756
6/30/2007 10:00:00 PM,0,0,136.5797,90,0,0,0.6254168,0.6254168,0,-1,0,0.6254168,0,0,1.110223E-16,0,0,0.6583335,0.6254168,0,0,4.081607,6.951828,0,0.6583335,-0.6583335,9.433931,67.38509,0.03283485,0.6879585,0,0,6.951828
6/30/2007 11:00:00 PM,0,0,153.2401,90,0,0,0,0,0,-1,0,0,0,0,0,0,0,0,0,0,0,4.813088,6.293494,0,0,0,9.433931,67.38509,0.03283485,0,0,0,6.293494
7/1/2007 12:00:00 AM,0,0,176.7583,90,0,0,0,0,0,-1,0,0,0,0,0,0,0,0,0,0,0,4.813088,6.293494,0,0,0,9.433931,67.38509,0.03283485,0,0,0,6.293494
7/1/2007 1:00:00 AM,0,0,-158.4805,90,0,0,0,0,0,-1,0,0,0,0,0,0,0,0,0,0,0,4.813088,6.293494,0,0,0,9.433931,67.38509,0.03283485,0,0,0,6.293494
7/1/2007 2:00:00 AM,0,0,-139.9768,90,0,0,0,0,0,-1,0,0,0,0,0,0,0,0,0,0,0,4.813088,6.293494,0,0,0,9.433931,67.38509,0.03283485,0,0,0,6.293494
7/1/2007 3:00:00 AM,0,0,-128.1749,90,0,0,0.1655533,0.1655533,0,-1,0,0.1655533,0,0,2.775558E-17,0,0,0.1742666,0.1655533,0,0,4.813088,6.293494,0,0.1742666,-0.1742666,9.250238,66.073,0.03283485,0.1821086,0,0,6.293494
7/1/2007 4:00:00 AM,0,0,-120.7786,90,0,0,0.001801336,0.001801336,0,-1,0,0.001801336,0,0,0,0,0,0.001896143,0.001801336,0,0,5.006718,6.119228,0,0.001896143,-0.001896143,9.24824,66.05872,0.03283485,0.001981469,0,0,6.119228
7/1/2007 5:00:00 AM,0,0,-116.0862,90,0,0,0.2240276,0.2240276,0,0,0,0.2240276,0,0,0,0,0,0.2358186,0.2240276,0,0,5.008825,6.117332,0,0.2358186,-0.2358186,8.999664,64.28319,0.03283485,0.2464304,0,0,6.117332
7/1/2007 6:00:00 AM,0.03390491,1.827776,-113.1885,91.73537,0.01519228,0.06818295,0,0,0,0,0,0,0,0,0,0,0.06818295,0,0,0,0,5.270846,5.881513,0.06818295,0,0.06818295,9.064349,64.74522,0.03283323,0,0.05454636,0,5.949696
7/1/2007 7:00:00 AM,0.1588793,15.53111,-111.6926,77.96354,0.1470095,0.6597787,0,0,0,0,0,0,0,0,0,0,0.6597787,0,0,0,0,5.202663,5.942878,0.6597787,0,0.6597787,9.690269,69.21607,0.03281749,0,0.5278229,0,6.602656
7/1/2007 8:00:00 AM,0.157905,29.31331,-111.5959,64.33344,0.1566017,0.7028283,0.444255,0.444255,0,0,0,0.444255,158.2038,0,0,0,0.7028283,0.4676368,0.444255,0,0,4.542884,6.536678,0.2351915,0,0.2351915,9.913392,70.8098,0.03281189,0.4886805,0.5622627,0,7.239507
7/1/2007 9:00:00 AM,0.4929319,43.01963,-113.3996,51.082,0.469683,2.107937,0.8793545,0.8793545,0,-1,0,0.8793545,239.7142,0,0,0,2.107937,0.9256362,0.8793545,0,0,4.307693,6.748351,1.182301,0,1.182301,11.03502,78.82142,0.03278374,0.9672899,1.68635,0,8.856288
7/1/2007 10:00:00 AM,0.692645,56.36918,-118.7624,38.69697,0.6589736,2.957473,0.4431576,0.4431576,0,0,0,0.4431576,667.3638,0,0,0,2.957473,0.4664817,0.4431576,0,0,3.125392,7.812422,2.490992,0,2.490992,13.39818,95.70112,0.0327246,0.4874733,2.365979,0,10.76989
7/1/2007 11:00:00 AM,0.5611971,68.50676,-133.2341,28.41489,0.5491366,2.464525,2.250397,2.250397,0,0,0,2.250397,109.5151,0,0,0,2.464525,2.368839,2.250397,0,0,0.6344,10.05431,0.09568638,0,0.09568638,13.48896,96.34952,0.03272233,2.475437,1.97162,0,12.51884
7/1/2007 12:00:00 PM,0.6278671,75.71807,-172.9734,23.27179,0.6124513,2.748681,0,0,0,0,0,0,0,2.209968,0,0,2.748681,0,0,0,0,0.5387136,10.14043,0.5387136,0,0.5387136,14.00003,100,0.03270957,0,2.198945,0,12.88911
7/1/2007 1:00:00 PM,0.8677804,71.0653,139.9859,26.47279,0.8272814,3.712839,0.3956695,0.3956695,0,0,0,0.3956695,938.3686,3.296345,0,0,3.712839,0.4164943,0.3956695,0,0,0,10.62527,0,0,0,14.00003,100,0.03270957,0.4352365,2.970271,0,14.33811
7/1/2007 2:00:00 PM,0.5603232,59.59035,121.1407,35.84137,0.5445305,2.443853,0.137728,0.137728,0,-1,0,0.137728,1774.405,2.298876,0,0,2.443853,0.1449769,0.137728,0,0,0,10.62527,0,0,0,14.00003,100,0.03270957,0.1515008,1.955082,0,13.06913
7/1/2007 3:00:00 PM,0.4026782,46.41892,114.2981,47.86456,0.3936729,1.766804,0.006955403,0.006955403,0,0,0,0.006955403,25401.89,1.759483,0,0,1.766804,0.007321477,0.006955403,0,0,0,10.62527,0,0,0,14.00003,100,0.03270957,0.007650943,1.413443,0,12.39208
7/1/2007 4:00:00 PM,0.2357302,32.76596,111.8337,60.96114,0.2323259,1.042678,0.1239056,0.1239056,0,0,0,0.1239056,841.5107,0.9122517,0,0,1.042678,0.1304269,0.1239056,0,0,0,10.62527,0,0,0,14.00003,100,0.03270957,0.1362961,0.8341428,0,11.66795
7/1/2007 5:00:00 PM,0.209134,18.98619,111.528,74.52409,0.1928739,0.8656179,0,0,0,0,0,0,0,0.8656179,0,0,0.8656179,0,0,0,0,0,10.62527,0,0,0,14.00003,100,0.03270957,0,0.6924943,0,11.49089
7/1/2007 6:00:00 PM,0.05775382,5.250206,112.6882,88.27671,0.04307245,0.1933092,0.1032332,0.1032332,0,0,0,0.1032332,187.2549,0.08464268,0,0,0.1933092,0.1086665,0.1032332,0,0,0,10.62527,0,0,0,14.00003,100,0.03270957,0.1135565,0.1546474,0,10.81858
7/1/2007 7:00:00 PM,0,0,115.2133,90,0,0,2.803137,2.803137,0,-1,0,2.803137,0,0,4.440892E-16,0,0,2.95067,2.803137,0,0,0,10.62527,0,2.95067,-2.95067,10.88975,77.78376,0.03270957,3.08345,0,0,10.62527
7/1/2007 8:00:00 PM,0,0,119.3943,90,0,0,2.059985,2.059985,0,-1,0,2.059985,0,0,4.440892E-16,0,0,2.168405,2.059985,0,0,3.278522,7.674604,0,2.168405,-2.168405,8.604049,61.45737,0.03270957,2.265983,0,0,7.674604
7/1/2007 9:00:00 PM,0,0,125.9885,90,0,0,1.60593,1.60593,0,-1,0,1.60593,0,0,2.220446E-16,0,0,1.690453,1.60593,0,0,5.687861,5.506199,0,1.690453,-1.690453,6.822155,48.72958,0.03270957,1.766523,0,0,5.506199
7/1/2007 10:00:00 PM,0,0,136.4743,90,0,0,0,0,0,-1,0,0,0,0,0,0,0,0,0,0,0,7.566142,3.815746,0,0,0,6.822155,48.72958,0.03270957,0,0,0,3.815746
7/1/2007 11:00:00 PM,0,0,153.1228,90,0,0,0.08439791,0.08439791,0,-1,0,0.08439791,0,0,0,0,0,0.08883991,0.08439791,0,0,7.566142,3.815746,0,0.08883991,-0.08883991,6.72851,48.06069,0.03270957,0.09283771,0,0,3.815746
7/2/2007 12:00:00 AM,0,0,176.6633,90,0,0,0.1141762,0.1141762,0,-1,0,0.1141762,0,0,1.387779E-17,0,0,0.1201854,0.1141762,0,0,7.664853,3.726906,0,0.1201854,-0.1201854,6.601823,47.15578,0.03270957,0.1255938,0,0,3.726906
7/2/2007 1:00:00 AM,0,0,-158.5118,90,0,0,0.1432769,0.1432769,0,-1,0,0.1432769,0,0,2.775558E-17,0,0,0.1508178,0.1432769,0,0,7.798393,3.606721,0,0.1508178,-0.1508178,6.442847,46.02024,0.03270957,0.1576046,0,0,3.606721
7/2/2007 2:00:00 AM,0,0,-139.9614,90,0,0,0.1259004,0.1259004,0,-1,0,0.1259004,0,0,2.775558E-17,0,0,0.1325268,0.1259004,0,0,7.965968,3.455903,0,0.1325268,-0.1325268,6.303152,45.02242,0.03270957,0.1384905,0,0,3.455903
7/2/2007 3:00:00 AM,0,0,-128.1385,90,0,0,0.1906672,0.1906672,0,-1,0,0.1906672,0,0,2.775558E-17,0,0,0.2007023,0.1906672,0,0,8.11322,3.323376,0,0.2007023,-0.2007023,6.091593,43.51129,0.03270957,0.2097339,0,0,3.323376
7/2/2007 4:00:00 AM,0,0,-120.7334,90,0,0,0.1692717,0.1692717,0,-1,0,0.1692717,0,0,2.775558E-17,0,0,0.1781807,0.1692717,0,0,8.336223,3.122674,0,0.1781807,-0.1781807,5.903774,42.16973,0.03270957,0.1861988,0,0,3.122674
7/2/2007 5:00:00 AM,0,0,-116.0356,90,0,0,0.2321139,0.2321139,0,0,0,0.2321139,0,0,2.775558E-17,0,0,0.2443304,0.2321139,0,0,8.534201,2.944493,0,0.2443304,-0.2443304,5.646227,40.33011,0.03270957,0.2553253,0,0,2.944493
7/2/2007 6:00:00 AM,0.01441342,1.771504,-113.1327,91.78298,0.01396028,0.06265376,0,0,0,0,0,0,0,0,0,0,0.06265376,0,0,0,0,8.805679,2.700163,0.06265376,0,0.06265376,5.705666,40.75467,0.03270809,0,0.050123,0,2.762817
7/2/2007 7:00:00 AM,0.09076318,15.48066,-111.6291,78.0043,0.08960734,0.4021578,0.2158194,0.2158194,0,0,0,0.2158194,186.3399,0,0,0,0.4021578,0.2271784,0.2158194,0,0,8.743026,2.756551,0.1749794,0,0.1749794,5.871665,41.94038,0.03270395,0.2374014,0.3217262,0,3.158709
7/2/2007 8:00:00 AM,0.1051888,29.26941,-111.5202,64.36608,0.1044779,0.4688968,0,0,0,0,0,0,0,0,0,0,0.4688968,0,0,0,0,8.568047,2.914033,0.4688968,0,0.4688968,6.3165,45.11777,0.03269285,0,0.3751174,0,3.382929
7/2/2007 9:00:00 AM,0.1408144,42.98409,-113.3027,51.10381,0.1399571,0.6281275,0.7696559,0.7696559,0,-1,0,0.7696559,81.61147,0,0,0,0.6281275,0.8101642,0.7696559,0,0,8.09915,3.33604,0,0.1820367,-0.1820367,6.124617,43.74717,0.03269285,0.8466215,0.502502,0,3.964167
7/2/2007 10:00:00 AM,0.2611499,56.34652,-118.6253,38.70234,0.2594528,1.164424,0,0,0,0,0,0,0,0,0,0,1.164424,0,0,0,0,8.301413,3.154003,1.164424,0,1.164424,7.229286,51.63766,0.03266533,0,0.9315392,0,4.318427
7/2/2007 11:00:00 AM,0.3434163,68.50981,-133.0178,28.39285,0.3409187,1.530043,0,0,0,0,0,0,0,0,0,0,1.530043,0,0,0,0,7.136988,4.201985,1.530043,0,1.530043,8.680813,62.00568,0.03262924,0,1.224035,0,5.732028
7/2/2007 12:00:00 PM,0.3754162,75.77525,-172.7504,23.21195,0.3725541,1.672023,0.4131119,0.4131119,0,0,0,0.4131119,404.7385,0,0,0,1.672023,0.4348546,0.4131119,0,0,5.606945,5.579023,1.237168,0,1.237168,9.854493,70.3891,0.03260012,0.454423,1.337618,0,7.251046
7/2/2007 1:00:00 PM,0.1785292,71.14391,139.9538,26.39388,0.1775295,0.7967524,0.8923777,0.8923777,0,0,0,0.8923777,89.28421,0,0,0,0.7967524,0.939345,0.8923777,0,0,4.369777,6.692475,0,0.1425926,-0.1425926,9.704187,69.31549,0.03260012,0.9816155,0.6374019,0,7.489227
7/2/2007 2:00:00 PM,0.3910126,59.65851,121.0607,35.76572,0.3866736,1.735391,0,0,0,-1,0,0,0,0,0,0,1.735391,0,0,0,0,4.528214,6.549882,1.735391,0,1.735391,11.35052,81.07501,0.03255935,0,1.388313,0,8.285274
7/2/2007 3:00:00 PM,0.1464562,46.4777,114.2209,47.79661,0.1455815,0.6533696,0.1219505,0.1219505,0,0,0,0.1219505,535.7662,0,0,0,0.6533696,0.1283689,0.1219505,0,0,2.792822,8.111734,0.5250006,0,0.5250006,11.84858,84.63257,0.03254704,0.1341456,0.5226957,0,8.765103
7/2/2007 4:00:00 PM,0.04440348,32.81729,111.7618,60.90046,0.04415943,0.1981875,0.6122872,0.6122872,0,0,0,0.6122872,32.36839,0,0,0,0.1981875,0.6445128,0.6122872,0,0,2.267822,8.584235,0,0.4463253,-0.4463253,11.37812,81.27209,0.03254704,0.6735159,0.15855,0,8.782422
7/2/2007 5:00:00 PM,0.01858633,19.03086,111.4588,74.47001,0.01848168,0.0829458,0.8923486,0.8923486,0,0,0,0.8923486,9.295224,0,2.220446E-16,0,0.0829458,0.9393143,0.8923486,0,0,2.763739,8.13791,0,0.8563685,-0.8563685,10.47542,74.8243,0.03254704,0.9815834,0.06635664,0,8.220855
7/2/2007 6:00:00 PM,0.01705836,5.288165,112.6183,88.22906,0.01681625,0.07547134,0,0,0,0,0,0,0,0,0,0,0.07547134,0,0,0,0,3.715259,7.281541,0.07547134,0,0.07547134,10.54702,75.33572,0.03254528,0,0.06037707,0,7.357012
7/2/2007 7:00:00 PM,0,0,115.1393,90,0,0,0.5761721,0.5761721,0,-1,0,0.5761721,0,0,1.110223E-16,0,0,0.6064969,0.5761721,0,0,3.639788,7.349465,0,0.6064969,-0.6064969,9.907718,70.76927,0.03254528,0.6337893,0,0,7.349465
7/2/2007 8:00:00 PM,0,0,119.3122,90,0,0,0,0,0,-1,0,0,0,0,0,0,0,0,0,0,0,4.313673,6.742968,0,0,0,9.907718,70.76927,0.03254528,0,0,0,6.742968
7/2/2007 9:00:00 PM,0,0,125.8936,90,0,0,0.9669695,0.9669695,0,-1,0,0.9669695,0,0,1.110223E-16,0,0,1.017863,0.9669695,0,0,4.313673,6.742968,0,1.017863,-1.017863,8.834797,63.10556,0.03254528,1.063666,0,0,6.742968
7/2/2007 10:00:00 PM,0,0,136.3625,90,0,0,0,0,0,-1,0,0,0,0,0,0,0,0,0,0,0,5.444632,5.725106,0,0,0,8.834797,63.10556,0.03254528,0,0,0,5.725106
7/2/2007 11:00:00 PM,0,0,153.0008,90,0,0,0,0,0,-1,0,0,0,0,0,0,0,0,0,0,0,5.444632,5.725106,0,0,0,8.834797,63.10556,0.03254528,0,0,0,5.725106
7/3/2007 12:00:00 AM,0,0,176.5686,90,0,0,0.01546156,0.01546156,0,-1,0,0.01546156,0,0,1.734723E-18,0,0,0.01627533,0.01546156,0,0,5.444632,5.725106,0,0.01627533,-0.01627533,8.817641,62.98302,0.03254528,0.01700772,0,0,5.725106
7/3/2007 1:00:00 AM,0,0,-158.5373,90,0,0,0,0,0,-1,0,0,0,0,0,0,0,0,0,0,0,5.462716,5.70883,0,0,0,8.817641,62.98302,0.03254528,0,0,0,5.70883
7/3/2007 2:00:00 AM,0,0,-139.9381,90,0,0,0.2403257,0.2403257,0,-1,0,0.2403257,0,0,2.775558E-17,0,0,0.2529744,0.2403257,0,0,5.462716,5.70883,0,0.2529744,-0.2529744,8.550982,61.07832,0.03254528,0.2643583,0,0,5.70883
7/3/2007 3:00:00 AM,0,0,-128.0944,90,0,0,0,0,0,-1,0,0,0,0,0,0,0,0,0,0,0,5.743798,5.455856,0,0,0,8.550982,61.07832,0.03254528,0,0,0,5.455856
7/3/2007 4:00:00 AM,0,0,-120.6808,90,0,0,0.4385129,0.4385129,0,-1,0,0.4385129,0,0,0,0,0,0.4615925,0.4385129,0,0,5.743798,5.455856,0,0.4615925,-0.4615925,8.064422,57.60289,0.03254528,0.4823641,0,0,5.455856
7/3/2007 5:00:00 AM,0,0,-115.9781,90,0,0,0.2090414,0.2090414,0,0,0,0.2090414,0,0,2.775558E-17,0,0,0.2200436,0.2090414,0,0,6.256679,4.994263,0,0.2200436,-0.2200436,7.832475,55.94614,0.03254528,0.2299456,0,0,4.994263
7/3/2007 6:00:00 AM,0.0142389,1.714921,-113.0699,91.82991,0.01379066,0.06189247,0.2547704,0.2547704,0,0,0,0.2547704,24.29343,0,5.551115E-17,0,0.06189247,0.2681794,0.2547704,0,0,6.501172,4.77422,0,0.2062869,-0.2062869,7.61503,54.39296,0.03254528,0.2802474,0.04951397,0,4.836112
7/3/2007 7:00:00 AM,0.05717675,15.43057,-111.5585,78.04368,0.05668712,0.2544118,0.7098215,0.7098215,0,0,0,0.7098215,35.84165,0,1.110223E-16,0,0.2544118,0.7471806,0.7098215,0,0,6.730379,4.567933,0,0.4927688,-0.4927688,7.095606,50.6828,0.03254528,0.7808037,0.2035294,0,4.822345
7/3/2007 8:00:00 AM,0.1044896,29.22653,-111.4368,64.3966,0.1037848,0.4657864,1.656143,1.656143,0,0,0,1.656143,28.12477,0,0,0,0.4657864,1.743308,1.656143,0,0,7.2779,4.075164,0,1.277522,-1.277522,5.748979,41.06406,0.03254528,1.821757,0.3726291,0,4.54095
7/3/2007 9:00:00 AM,0.1373972,42.95035,-113.1968,51.12261,0.1365654,0.6129057,0,0,0,-1,0,0,0,0,0,0,0.6129057,0,0,0,0,8.697369,2.797642,0.6129057,0,0.6129057,6.330432,45.21729,0.03253091,0,0.4903246,0,3.410548
7/3/2007 10:00:00 AM,0.6036136,56.32671,-118.4771,38.70355,0.5808846,2.60701,0.5064602,0.5064602,0,0,0,0.5064602,514.7512,0,0,0,2.60701,0.533116,0.5064602,0,0,8.084463,3.349257,2.073894,0,2.073894,8.297901,59.2706,0.03248242,0.5571062,2.085608,0,5.956267
7/3/2007 11:00:00 AM,0.8493629,68.5174,-132.7881,28.36513,0.8093651,3.632431,0,0,0,0,0,0,0,0,0,0,3.632431,0,0,0,0,6.01057,5.215762,3.632431,0,3.632431,11.74393,83.88503,0.03239782,0,2.905945,0,8.848192
7/3/2007 12:00:00 PM,0.8491584,75.83911,-172.5248,23.14536,0.8127537,3.647639,0.7517332,0.7517332,0,0,0,0.7517332,485.2305,0.478202,0,0,3.647639,0.7912982,0.7517332,0,0,2.378139,8.484949,2.378139,0,2.378139,14.00003,100,0.03234268,0.8269066,2.918111,0,12.13259
7/3/2007 1:00:00 PM,0.537162,71.22691,139.9051,26.30948,0.5275336,2.367571,0.8495537,0.8495537,0,0,0,0.8495537,278.6841,1.473304,0,0,2.367571,0.8942671,0.8495537,0,0,0,10.62527,0,0,0,14.00003,100,0.03234268,0.9345091,1.894057,0,12.99284
7/3/2007 2:00:00 PM,0.5576129,59.72858,120.9671,35.68666,0.5422575,2.433651,1.669826,1.669826,0,-1,0,1.669826,145.7429,0.6759403,0,0,2.433651,1.757711,1.669826,0,0,0,10.62527,0,0,0,14.00003,100,0.03234268,1.836808,1.946921,0,13.05893
7/3/2007 3:00:00 PM,0.5110876,46.53705,114.1335,47.72675,0.4900075,2.199153,0,0,0,0,0,0,0,2.199153,0,0,2.199153,0,0,0,0,0,10.62527,0,0,0,14.00003,100,0.03234268,0,1.759323,0,12.82443
7/3/2007 4:00:00 PM,0.2598391,32.8683,111.6817,60.83892,0.2549348,1.144148,0.2088573,0.2088573,0,0,0,0.2088573,547.813,0.9242978,0,0,1.144148,0.2198498,0.2088573,0,0,0,10.62527,0,0,0,14.00003,100,0.03234268,0.229743,0.9153181,0,11.76942
7/3/2007 5:00:00 PM,0.07272601,19.07449,111.3822,74.41591,0.07214841,0.3238021,0.7130539,0.7130539,0,0,0,0.7130539,45.41061,0,0,0,0.3238021,0.7505831,0.7130539,0,0,0,10.62527,0,0.4267809,-0.4267809,13.55016,96.78667,0.03234268,0.7843593,0.2590417,0,10.94908
7/3/2007 6:00:00 PM,0.05689619,5.324446,112.5417,88.18211,0.04389083,0.196982,0,0,0,0,0,0,0,0,0,0,0.196982,0,0,0,0,0.4742011,10.19849,0.196982,0,0.196982,13.73703,98.12148,0.03233812,0,0.1575856,0,10.39548
7/3/2007 7:00:00 PM,0,0,115.0588,90,0,0,0,0,0,-1,0,0,0,0,0,0,0,0,0,0,0,0.277219,10.37578,0,0,0,13.73703,98.12148,0.03233812,0,0,0,10.37578
7/3/2007 8:00:00 PM,0,0,119.2236,90,0,0,1.29486,1.29486,0,-1,0,1.29486,0,0,2.220446E-16,0,0,1.36301,1.29486,0,0,0.277219,10.37578,0,1.36301,-1.36301,12.3003,87.85909,0.03233812,1.424346,0,0,10.37578
7/3/2007 9:00:00 PM,0,0,125.7919,90,0,0,0,0,0,-1,0,0,0,0,0,0,0,0,0,0,0,1.791675,9.012767,0,0,0,12.3003,87.85909,0.03233812,0,0,0,9.012767
7/3/2007 10:00:00 PM,0,0,136.2442,90,0,0,0,0,0,-1,0,0,0,0,0,0,0,0,0,0,0,1.791675,9.012767,0,0,0,12.3003,87.85909,0.03233812,0,0,0,9.012767
7/3/2007 11:00:00 PM,0,0,152.8741,90,0,0,0.4918787,0.4918787,0,-1,0,0.4918787,0,0,5.551115E-17,0,0,0.5177671,0.4918787,0,0,1.791675,9.012767,0,0.5177671,-0.5177671,11.75452,83.9607,0.03233812,0.5410666,0,0,9.012767
7/4/2007 12:00:00 AM,0,0,176.4743,90,0,0,0,0,0,-1,0,0,0,0,0,0,0,0,0,0,0,2.366971,8.495,0,0,0,11.75452,83.9607,0.03233812,0,0,0,8.495
7/4/2007 1:00:00 AM,0,0,-158.5568,90,0,0,0.1503249,0.1503249,0,-1,0,0.1503249,0,0,2.775558E-17,0,0,0.1582367,0.1503249,0,0,2.366971,8.495,0,0.1582367,-0.1582367,11.58773,82.7693,0.03233812,0.1653574,0,0,8.495
7/4/2007 2:00:00 AM,0,0,-139.9067,90,0,0,0.1429226,0.1429226,0,-1,0,0.1429226,0,0,0,0,0,0.1504448,0.1429226,0,0,2.54279,8.336763,0,0.1504448,-0.1504448,11.42914,81.63657,0.03233812,0.1572148,0,0,8.336763
7/4/2007 3:00:00 AM,0,0,-128.0424,90,0,0,0.2036938,0.2036938,0,-1,0,0.2036938,0,0,0,0,0,0.2144145,0.2036938,0,0,2.709951,8.186318,0,0.2144145,-0.2144145,11.20313,80.02219,0.03233812,0.2240631,0,0,8.186318
7/4/2007 4:00:00 AM,0,0,-120.6209,90,0,0,0,0,0,-1,0,0,0,0,0,0,0,0,0,0,0,2.948189,7.971904,0,0,0,11.20313,80.02219,0.03233812,0,0,0,7.971904
7/4/2007 5:00:00 AM,0,0,-115.9137,90,0,0,0.034095,0.034095,0,0,0,0.034095,0,0,6.938894E-18,0,0,0.03588948,0.034095,0,0,2.948189,7.971904,0,0.03588948,-0.03588948,11.1653,79.75198,0.03233812,0.0375045,0,0,7.971904
7/4/2007 6:00:00 AM,0.001822068,1.658103,-113.0003,91.87608,0.001808045,0.008114505,0.1088112,0.1088112,0,0,0,0.1088112,7.457418,0,1.387779E-17,0,0.008114505,0.1145381,0.1088112,0,0,2.988066,7.936014,0,0.1064236,-0.1064236,11.05312,78.95069,0.03233812,0.1196923,0.006491603,0,7.944129
7/4/2007 7:00:00 AM,0.008658003,15.3809,-111.4809,78.08162,0.008611009,0.03864621,0.5935374,0.5935374,0,0,0,0.5935374,6.511166,0,1.110223E-16,0,0.03864621,0.6247762,0.5935374,0,0,3.106315,7.829591,0,0.58613,-0.58613,10.43528,74.53759,0.03233812,0.6528912,0.03091697,0,7.868237
7/4/2007 8:00:00 AM,0.06466581,29.18474,-111.3457,64.42495,0.06427821,0.2884806,1.933923,1.933923,0,0,0,1.933923,14.91686,0,2.220446E-16,0,0.2884806,2.035709,1.933923,0,0,3.757571,7.243461,0,1.747228,-1.747228,8.593544,61.38233,0.03233812,2.127316,0.2307845,0,7.531941
7/4/2007 9:00:00 AM,0.1477147,42.91846,-113.0821,51.13838,0.1468067,0.6588686,1.472625,1.472625,0,-1,0,1.472625,44.74109,0,2.220446E-16,0,0.6588686,1.550132,1.472625,0,0,5.698935,5.496233,0,0.8912632,-0.8912632,7.65407,54.67182,0.03233812,1.619888,0.5270948,0,6.155101
7/4/2007 10:00:00 AM,0.04742038,56.30978,-118.3181,38.70058,0.04717588,0.2117253,0,0,0,0,0,0,0,0,0,0,0.2117253,0,0,0,0,6.689228,4.60497,0.2117253,0,0.2117253,7.85493,56.10653,0.03233322,0,0.1693803,0,4.816695
7/4/2007 11:00:00 AM,0.3397669,68.52953,-132.545,28.33173,0.3373363,1.513965,0.327573,0.327573,0,0,0,0.327573,462.1766,0,0,0,1.513965,0.3448136,0.327573,0,0,6.477502,4.795522,1.169152,0,1.169152,8.964085,64.02905,0.03230619,0.3603303,1.211172,0,6.309488
7/4/2007 12:00:00 PM,0.5279643,75.90962,-172.2966,23.07201,0.5196822,2.332334,0.3603914,0.3603914,0,0,0,0.3603914,647.1669,0,0,0,2.332334,0.3793593,0.3603914,0,0,5.30835,5.847759,1.952974,0,1.952974,10.81684,77.26298,0.03226114,0.3964305,1.865867,0,8.180093
7/4/2007 1:00:00 PM,0.352566,71.31422,139.8393,26.21964,0.3500023,1.57081,0.08136811,0.08136811,0,0,0,0.08136811,1930.499,0,0,0,1.57081,0.08565065,0.08136811,0,0,3.355376,7.605436,1.48516,0,1.48516,12.22579,87.32686,0.03222697,0.08950492,1.256648,0,9.176246
7/4/2007 2:00:00 PM,0.3202737,59.80046,120.8601,35.60427,0.3178562,1.426539,0.8556131,0.8556131,0,-1,0,0.8556131,166.7271,0,0,0,1.426539,0.9006454,0.8556131,0,0,1.870216,8.94208,0.5258932,0,0.5258932,12.72469,90.89047,0.03221489,0.9411744,1.141231,0,10.36862
7/4/2007 3:00:00 PM,0.2267692,46.59686,114.036,47.65508,0.2252335,1.010848,2.084822,2.084822,0,0,0,2.084822,48.48604,0,0,0,1.010848,2.19455,2.084822,0,0,1.344323,9.415383,0,1.183702,-1.183702,11.47696,81.97812,0.03221489,2.293305,0.8086783,0,10.42623
7/4/2007 4:00:00 PM,0.09157019,32.91889,111.5933,60.77663,0.09100754,0.4084418,0.3211248,0.3211248,0,0,0,0.3211248,127.191,0,0,0,0.4084418,0.3380261,0.3211248,0,0,2.659548,8.231682,0.07041577,0,0.07041577,11.54376,82.45528,0.03221327,0.3532372,0.3267535,0,8.640123
7/4/2007 5:00:00 PM,0.03959849,19.11701,111.2985,74.36186,0.03934298,0.1765713,0,0,0,0,0,0,0,0,0,0,0.1765713,0,0,0,0,2.589132,8.295055,0.1765713,0,0.1765713,11.71127,83.65178,0.03220922,0,0.141257,0,8.471627
7/4/2007 6:00:00 PM,0.05910996,5.358976,112.4584,88.1359,0.04428277,0.1987411,2.310612,2.310612,0,0,0,2.310612,8.601232,0,0,0,0.1987411,2.432223,2.310612,0,0,2.41256,8.45397,0,2.233482,-2.233482,9.356976,66.8354,0.03220922,2.541673,0.1589929,0,8.652711
7/4/2007 7:00:00 PM,0,0,114.9718,90,0,0,0.4671034,0.4671034,0,-1,0,0.4671034,0,0,5.551115E-17,0,0,0.4916878,0.4671034,0,0,4.894207,6.220488,0,0.4916878,-0.4916878,8.838691,63.13338,0.03220922,0.5138137,0,0,6.220488
7/4/2007 8:00:00 PM,0,0,119.1285,90,0,0,1.176922,1.176922,0,-1,0,1.176922,0,0,2.220446E-16,0,0,1.238865,1.176922,0,0,5.440527,5.7288,0,1.238865,-1.238865,7.532813,53.8057,0.03220922,1.294614,0,0,5.7288
7/4/2007 9:00:00 PM,0,0,125.6836,90,0,0,3.117546,3.117546,0,-1,0,3.117546,0,0,4.440892E-16,0.09930056,0,3.281627,3.117546,0,0,6.817043,4.489935,0,3.281627,-3.281627,4.073674,29.09761,0.03220922,3.429301,0,0,4.489935
7/4/2007 10:00:00 PM,0,0,136.1194,90,0,0,0.4304526,0.4304526,0,-1,0,0.4304526,0,0,5.551115E-17,0,0,0.453108,0.4304526,0,0,10.4633,1.208308,0,0.453108,-0.453108,3.596056,25.68606,0.03220922,0.4734978,0,0,1.208308
7/4/2007 11:00:00 PM,0,0,152.7426,90,0,0,0.2222355,0.2222355,0,-1,0,0.2222355,0,0,2.775558E-17,0,0,0.2339321,0.2222355,0,0,10.96675,0.7551998,0,0.2339321,-0.2339321,3.34947,23.92474,0.03220922,0.244459,0,0,0.7551998
7/5/2007 12:00:00 AM,0,0,176.3806,90,0,0,0.01242172,0.01242172,0,-1,0,0.01242172,0,0,1.734723E-18,0,0,0.0130755,0.01242172,0,0,11.22667,0.5212677,0,0.0130755,-0.0130755,3.335687,23.82629,0.03220922,0.0136639,0,0,0.5212677
7/5/2007 1:00:00 AM,0,0,-158.5701,90,0,0,0.3598112,0.3598112,0,-1,0,0.3598112,0,0,0,0,0,0.3787486,0.3598112,0,0,11.2412,0.5081922,0,0.3787486,-0.3787486,2.936451,20.97461,0.03220922,0.3957922,0,0,0.5081922
7/5/2007 2:00:00 AM,0,0,-139.8672,90,0,0,0.4274858,0.1229715,0,-1,0,0.1229715,0,0,0.3045144,0.3472629,0,0.1294436,0.1229715,0,0,11.66203,0.1294436,0,0.1294436,-0.1294436,2.800006,20,0.03220922,0.4702344,0,0,0.1294436
7/5/2007 3:00:00 AM,0,0,-127.9824,90,0,0,0.003927894,0,0,-1,0,0,0,0,0.003927894,0.004320683,0,0,0,0,0,11.80586,0,0,0,0,2.800006,20,0.03220922,0.004320683,0,0,0
7/5/2007 4:00:00 AM,0,0,-120.5536,90,0,0,0.06570168,0,0,-1,0,0,0,0,0.06570168,0.07227185,0,0,0,0,0,11.80586,0,0,0,0,2.800006,20,0.03220922,0.07227185,0,0,0
7/5/2007 5:00:00 AM,0,0,-115.8422,90,0,0,0.1221743,0.1221743,3.627437,0,1.15529,0.1221743,0,4.440892E-16,0,0,0,0,0,3.505263,3.33,11.80586,0,3.33,0,3.33,5.959121,42.56506,0.03264577,0.1343917,0,5,0
7/5/2007 6:00:00 AM,0.01019399,1.601127,-112.9238,91.92139,0.009963132,0.04471453,0.2474039,0.2474039,3.752667,0,1.189478,0.2474039,18.0735,0,0,0,0.04471453,0,0,3.505263,3.33,8.475861,2.997,3.374715,0,3.374715,9.160656,65.43313,0.03310616,0.2721443,0.03577163,5,3.041714
7/5/2007 7:00:00 AM,0.1278884,15.33172,-111.3962,78.11805,0.1230813,0.5523889,1.728231,1.728231,4.597618,0,1.42015,1.728231,31.96268,0,0,0,0.5523889,0,0,2.869386,2.725917,5.101146,6.034243,3.278306,0,3.278306,12.27073,87.6479,0.03374803,1.901054,0.4419111,5,6.586632
7/5/2007 8:00:00 AM,0.4452258,29.14409,-111.2469,64.45107,0.4007843,1.79872,0.4715175,0.4715175,0,0,0,0.4715175,381.4748,0,0,0,1.79872,0.4963342,0.4715175,0,0,1.82284,8.984718,1.302386,0,1.302386,13.50628,96.47325,0.03371695,0.5186692,1.438976,0,10.78344
7/5/2007 9:00:00 AM,0.4296839,42.88846,-112.9586,51.15107,0.4152901,1.863822,0.6486922,0.6486922,0,-1,0,0.6486922,287.3199,0.6605342,0,0,1.863822,0.6828339,0.6486922,0,0,0.5204538,10.15687,0.5204538,0,0.5204538,14.00003,100,0.03370455,0.7135614,1.491058,0,12.02069
7/5/2007 10:00:00 AM,0.2959048,56.29573,-118.1481,38.69342,0.2937544,1.31837,0.6190374,0.6190374,0,0,0,0.6190374,212.9709,0.6667514,0,0,1.31837,0.6516184,0.6190374,0,0,0,10.62527,0,0,0,14.00003,100,0.03370455,0.6809412,1.054696,0,11.94364
7/5/2007 11:00:00 AM,0.4188634,68.54618,-132.2884,28.29264,0.4145678,1.86058,2.283066,2.283066,0,0,0,2.283066,81.49483,0,0,0,1.86058,2.403227,2.283066,0,0,0,10.62527,0,0.5426465,-0.5426465,13.42803,95.9143,0.03370455,2.511372,1.488464,0,12.48585
7/5/2007 12:00:00 PM,0.4315428,75.98676,-172.0659,22.99192,0.4273545,1.917967,1.131931,1.131931,0,0,0,1.131931,169.442,0.1235199,0,0,1.917967,1.191507,1.131931,0,0,0.6029405,10.08263,0.6029405,0,0.6029405,14.00003,100,0.03369019,1.245124,1.534374,0,12.0006
7/5/2007 1:00:00 PM,0.6022925,71.40578,139.756,26.12443,0.5880259,2.63906,1.165939,1.165939,0,0,0,1.165939,226.3463,1.411756,0,0,2.63906,1.227304,1.165939,0,0,0,10.62527,0,0,0,14.00003,100,0.03369019,1.282533,2.111248,0,13.26433
7/5/2007 2:00:00 PM,0.5437717,59.87403,120.7394,35.51865,0.5298927,2.378159,0.8536869,0.8536869,0,-1,0,0.8536869,278.575,1.479541,0,0,2.378159,0.8986178,0.8536869,0,0,0,10.62527,0,0,0,14.00003,100,0.03369019,0.9390556,1.902527,0,13.00343
7/5/2007 3:00:00 PM,0.4630556,46.65703,113.9284,47.5817,0.4482947,2.011947,0.6286029,0.6286029,0,0,0,0.6286029,320.0664,1.350259,0,0,2.011947,0.6616872,0.6286029,0,0,0,10.62527,0,0,0,14.00003,100,0.03369019,0.6914631,1.609557,0,12.63722
7/5/2007 4:00:00 PM,0.3243997,32.96897,111.4966,60.71368,0.3126661,1.403246,1.047323,1.047323,0,0,0,1.047323,133.984,0.3008004,0,0,1.403246,1.102445,1.047323,0,0,0,10.62527,0,0,0,14.00003,100,0.03369019,1.152055,1.122597,0,12.02852
7/5/2007 5:00:00 PM,0.2070424,19.15833,111.2075,74.30796,0.1921158,0.8622156,0,0,0,0,0,0,0,0.8622156,0,0,0.8622156,0,0,0,0,0,10.62527,0,0,0,14.00003,100,0.03369019,0,0.6897725,0,11.48749
7/5/2007 6:00:00 PM,0.07555931,5.391682,112.3685,88.09054,0.04092887,0.1836887,3.197502,3.197502,1.25,0,0.50625,3.197502,5.744759,0,0,0,0.1836887,2.050002,1.947502,0,0,0,10.62527,0,1.866313,-1.866313,12.03276,85.94813,0.03369019,3.517252,0.146951,5,10.80896
7/5/2007 7:00:00 PM,0,0,114.8784,90,0,0,1.087704,1.087704,0,-1,0,1.087704,0,0,2.220446E-16,0,0,1.144952,1.087704,0,0,2.073681,8.758962,0,1.144952,-1.144952,10.82588,77.32753,0.03369019,1.196475,0,0,8.758962
7/5/2007 8:00:00 PM,0,0,119.0269,90,0,0,1.043597,1.043597,0,-1,0,1.043597,0,0,0,0,0,1.098523,1.043597,0,0,3.34585,7.614009,0,1.098523,-1.098523,9.667931,69.05651,0.03369019,1.147957,0,0,7.614009
7/5/2007 9:00:00 PM,0,0,125.5687,90,0,0,1.292298,1.292298,0,-1,0,1.292298,0,0,2.220446E-16,0,0,1.360314,1.292298,0,0,4.566431,6.515486,0,1.360314,-1.360314,8.234035,58.81441,0.03369019,1.421528,0,0,6.515486
7/5/2007 10:00:00 PM,0,0,135.9882,90,0,0,0.2849339,0.2849339,0,-1,0,0.2849339,0,0,0,0,0,0.2999304,0.2849339,0,0,6.077891,5.155172,0,0.2999304,-0.2999304,7.91788,56.55617,0.03369019,0.3134273,0,0,5.155172
7/5/2007 11:00:00 PM,0,0,152.6066,90,0,0,0.1289259,0.1289259,0,-1,0,0.1289259,0,0,0,0,0,0.1357115,0.1289259,0,0,6.411147,4.855242,0,0.1357115,-0.1357115,7.774827,55.53437,0.03369019,0.1418185,0,0,4.855242
7/6/2007 12:00:00 AM,0,0,176.2874,90,0,0,0.2780198,0.2780198,0,-1,0,0.2780198,0,0,0,0,0,0.2926525,0.2780198,0,0,6.561937,4.719531,0,0.2926525,-0.2926525,7.466345,53.33092,0.03369019,0.3058218,0,0,4.719531
7/6/2007 1:00:00 AM,0,0,-158.5771,90,0,0,0.2735567,0.2735567,0,-1,0,0.2735567,0,0,0,0,0,0.2879544,0.2735567,0,0,6.887107,4.426878,0,0.2879544,-0.2879544,7.162814,51.16285,0.03369019,0.3009124,0,0,4.426878
7/6/2007 2:00:00 AM,0,0,-139.8195,90,0,0,0.206425,0.206425,0,-1,0,0.206425,0,0,2.775558E-17,0,0,0.2172894,0.206425,0,0,7.207057,4.138924,0,0.2172894,-0.2172894,6.933771,49.52684,0.03369019,0.2270675,0,0,4.138924
7/6/2007 3:00:00 AM,0,0,-127.9144,90,0,0,0.282881,0.282881,0,-1,0,0.282881,0,0,5.551115E-17,0,0,0.2977695,0.282881,0,0,7.448489,3.921634,0,0.2977695,-0.2977695,6.619894,47.28487,0.03369019,0.3111691,0,0,3.921634
7/6/2007 4:00:00 AM,0,0,-120.4789,90,0,0,0.3653225,0.3653225,0,-1,0,0.3653225,0,0,0,0,0,0.38455,0.3653225,0,0,7.779344,3.623865,0,0.38455,-0.38455,6.214543,44.3895,0.03369019,0.4018548,0,0,3.623865
7/6/2007 5:00:00 AM,0,0,-115.7638,90,0,0,0.07178962,0.07178962,0,0,0,0.07178962,0,0,0,0,0,0.07556803,0.07178962,0,0,8.206622,3.239315,0,0.07556803,-0.07556803,6.134887,43.82054,0.03369019,0.07896858,0,0,3.239315
7/6/2007 6:00:00 AM,0.0231781,1.544068,-112.8405,91.9658,0.01852663,0.08314751,0.2376092,0.2376092,0,0,0,0.2376092,34.99339,0,2.775558E-17,0,0.08314751,0.250115,0.2376092,0,0,8.290586,3.163747,0,0.1669675,-0.1669675,5.958888,42.5634,0.03369019,0.2613702,0.06651801,0,3.246894
7/6/2007 7:00:00 AM,0.2454413,15.2831,-111.3045,78.15291,0.1971846,0.8849644,0.5456238,0.5456238,0,0,0,0.5456238,162.1932,0,0,0,0.8849644,0.5743408,0.5456238,0,0,8.476106,2.996779,0.3106236,0,0.3106236,6.253572,44.66828,0.0336828,0.6001861,0.7079716,0,3.881743
7/6/2007 8:00:00 AM,0.5085937,29.10464,-111.1405,64.47492,0.4542541,2.038692,0.4660594,0.4660594,0,0,0,0.4660594,437.4318,0,0,0,2.038692,0.4905889,0.4660594,0,0,8.165482,3.27634,1.548103,0,1.548103,7.722231,55.15868,0.03364601,0.5126654,1.630954,0,5.315032
7/6/2007 9:00:00 AM,0.711502,42.86039,-112.8262,51.16064,0.6597222,2.960833,1.721094,1.721094,0,-1,0,1.721094,172.0321,0,0,0,2.960833,1.811677,1.721094,0,0,6.617379,4.669633,1.149156,0,1.149156,8.812416,62.94571,0.03361874,1.893203,2.368667,0,7.630466
7/6/2007 10:00:00 AM,0.5684662,56.2846,-117.9673,38.68203,0.5499502,2.468177,1.196428,1.196428,0,0,0,1.196428,206.2955,0,0,0,2.468177,1.259398,1.196428,0,0,5.468223,5.703874,1.208779,0,1.208779,9.959165,71.13675,0.03359012,1.31607,1.974541,0,8.17205
7/6/2007 11:00:00 AM,0.8942307,68.56734,-132.0184,28.24787,0.8510507,3.819515,0.5939884,0.5939884,0,0,0,0.5939884,643.0287,0,0,0,3.819515,0.6252509,0.5939884,0,0,4.259444,6.791775,3.194265,0,3.194265,12.98951,92.78203,0.0335147,0.6533872,3.055612,0,10.61129
7/6/2007 12:00:00 PM,0.719397,76.07053,-171.8326,22.9051,0.6960804,3.124009,1.006788,1.006788,0,0,0,1.006788,310.2947,0.9990534,0,0,3.124009,1.059777,1.006788,0,0,1.065179,9.666613,1.065179,0,1.065179,14.00003,100,0.03348963,1.107466,2.499207,0,12.79062
7/6/2007 1:00:00 PM,0.9423984,71.50146,139.6549,26.02389,0.8971829,4.026557,0.7764652,0.7764652,0,0,0,0.7764652,518.5753,3.209225,0,0,4.026557,0.8173318,0.7764652,0,0,0,10.62527,0,0,0,14.00003,100,0.03348963,0.8541117,3.221246,0,14.65183
7/6/2007 2:00:00 PM,0.7742829,59.94918,120.605,35.42987,0.7356971,3.301809,0.1169756,0.1169756,0,-1,0,0.1169756,2822.648,3.178676,0,0,3.301809,0.1231322,0.1169756,0,0,0,10.62527,0,0,0,14.00003,100,0.03348963,0.1286731,2.641447,0,13.92708
7/6/2007 3:00:00 PM,0.7128299,46.71745,113.8105,47.50669,0.6659001,2.98856,0.8377179,0.8377179,0,0,0,0.8377179,356.7501,2.106751,0,0,2.98856,0.8818083,0.8377179,0,0,0,10.62527,0,0,0,14.00003,100,0.03348963,0.9214897,2.390848,0,13.61383
7/6/2007 4:00:00 PM,0.4941522,33.01845,111.3917,60.65015,0.4511955,2.024965,2.185176,2.185176,0,0,0,2.185176,92.66831,0,0,0,2.024965,2.300185,2.185176,0,0,0,10.62527,0,0.2752196,-0.2752196,13.70992,97.92781,0.03348963,2.403693,1.619972,0,12.65024
7/6/2007 5:00:00 PM,0.2869011,19.19838,111.1094,74.25429,0.2453243,1.101015,1.043461,1.043461,0,0,0,1.043461,105.5157,0,0,0,1.101015,1.09838,1.043461,0,0,0.3057995,10.35005,0.002635515,0,0.002635515,13.71242,97.94567,0.03348957,1.147807,0.8808123,0,11.45107
7/6/2007 6:00:00 PM,0.08051043,5.422491,112.2719,88.04609,0.04006592,0.1798159,1.362805,1.362805,0,0,0,1.362805,13.19454,0,0,0,0.1798159,1.434531,1.362805,0,0,0.303164,10.35243,0,1.254716,-1.254716,12.38984,88.49864,0.03348957,1.499085,0.1438527,0,10.53224
7/6/2007 7:00:00 PM,0,0,114.7786,90,0,0,0.8134384,0.8134384,0,-1,0,0.8134384,0,0,1.110223E-16,0,0,0.8562509,0.8134384,0,0,1.697292,9.097711,0,0.8562509,-0.8562509,11.48727,82.05174,0.03348957,0.8947822,0,0,9.097711
7/6/2007 8:00:00 PM,0,0,118.9188,90,0,0,2.176377,2.176377,0,-1,0,2.176377,0,0,4.440892E-16,0,0,2.290923,2.176377,0,0,2.648682,8.24146,0,2.290923,-2.290923,9.072422,64.80289,0.03348957,2.394015,0,0,8.24146
7/6/2007 9:00:00 PM,0,0,125.4473,90,0,0,0.6815566,0.6815566,0,-1,0,0.6815566,0,0,1.110223E-16,0,0,0.717428,0.6815566,0,0,5.194152,5.950537,0,0.717428,-0.717428,8.316187,59.40121,0.03348957,0.7497123,0,0,5.950537
7/6/2007 10:00:00 PM,0,0,135.8507,90,0,0,0,0,0,-1,0,0,0,0,0,0,0,0,0,0,0,5.991295,5.233109,0,0,0,8.316187,59.40121,0.03348957,0,0,0,5.233109
7/6/2007 11:00:00 PM,0,0,152.4661,90,0,0,0.1841038,0.1841038,0,-1,0,0.1841038,0,0,0,0,0,0.1937935,0.1841038,0,0,5.991295,5.233109,0,0.1937935,-0.1937935,8.111911,57.9421,0.03348957,0.2025142,0,0,5.233109
7/7/2007 12:00:00 AM,0,0,176.1948,90,0,0,0,0,0,-1,0,0,0,0,0,0,0,0,0,0,0,6.206621,5.039316,0,0,0,8.111911,57.9421,0.03348957,0,0,0,5.039316
7/7/2007 1:00:00 AM,0,0,-158.5777,90,0,0,0.2205294,0.2205294,0,-1,0,0.2205294,0,0,0,0,0,0.2321362,0.2205294,0,0,6.206621,5.039316,0,0.2321362,-0.2321362,7.867218,56.1943,0.03348957,0.2425824,0,0,5.039316
7/7/2007 2:00:00 AM,0,0,-139.7634,90,0,0,0.293829,0.293829,0,-1,0,0.293829,0,0,5.551115E-17,0,0,0.3092937,0.293829,0,0,6.46455,4.807179,0,0.3092937,-0.3092937,7.541193,53.86556,0.03348957,0.3232119,0,0,4.807179
7/7/2007 3:00:00 AM,0,0,-127.8384,90,0,0,0.2484723,0.2484723,0,-1,0,0.2484723,0,0,2.775558E-17,0,0,0.2615498,0.2484723,0,0,6.808209,4.497886,0,0.2615498,-0.2615498,7.265496,51.89629,0.03348957,0.2733196,0,0,4.497886
7/7/2007 4:00:00 AM,0,0,-120.3968,90,0,0,0.2274588,0.2274588,0,-1,0,0.2274588,0,0,2.775558E-17,0,0,0.2394304,0.2274588,0,0,7.098821,4.236336,0,0.2394304,-0.2394304,7.013114,50.09357,0.03348957,0.2502047,0,0,4.236336
7/7/2007 5:00:00 AM,0,0,-115.6784,90,0,0,0.1194749,0.1194749,0,0,0,0.1194749,0,0,0,0,0,0.125763,0.1194749,0,0,7.364854,3.996905,0,0.125763,-0.125763,6.880548,49.14667,0.03348957,0.1314224,0,0,3.996905
7/7/2007 6:00:00 AM,0.0194358,1.487001,-112.7503,92.00922,0.01737013,0.07795715,0.1857294,0.1857294,0,0,0,0.1857294,41.9735,0,2.775558E-17,0,0.07795715,0.1955047,0.1857294,0,0,7.504591,3.871142,0,0.1175475,-0.1175475,6.756642,48.26163,0.03348957,0.2043024,0.06236571,0,3.9491
7/7/2007 7:00:00 AM,0.08740311,15.2351,-111.2057,78.18613,0.08634026,0.3874951,0,0,0,0,0,0,0,0,0,0,0.3874951,0,0,0,0,7.635199,3.753595,0.3874951,0,0.3874951,7.124252,50.88741,0.03348046,0,0.3099961,0,4.14109
7/7/2007 8:00:00 AM,0.2889555,29.06645,-111.0266,64.49644,0.2773765,1.244866,1.18177,1.18177,0,0,0,1.18177,105.3391,0,0,0,1.244866,1.243968,1.18177,0,0,7.247704,4.10234,0.0008975879,0,0.0008975879,7.125103,50.89349,0.03348044,1.299947,0.9958926,0,5.347206
7/7/2007 9:00:00 AM,0.292695,42.83429,-112.6852,51.16706,0.2893038,1.298395,0.8045508,0.8045508,0,-1,0,0.8045508,161.3814,0,0,0,1.298395,0.8468956,0.8045508,0,0,7.246807,4.103148,0.4514998,0,0.4514998,7.553434,53.95299,0.03346983,0.8850059,1.038716,0,5.401544
7/7/2007 10:00:00 AM,0.4476744,56.27639,-117.7757,38.66642,0.439841,1.974006,0.8094667,0.8094667,0,0,0,0.8094667,243.8651,0,0,0,1.974006,0.8520702,0.8094667,0,0,6.795307,4.509498,1.121936,0,1.121936,8.617796,61.55556,0.03344349,0.8904133,1.579205,0,6.483504
7/7/2007 11:00:00 AM,0.3023659,68.59299,-131.7349,28.19743,0.3004394,1.348372,1.056484,1.056484,0,0,0,1.056484,127.6283,0,0,0,1.348372,1.112088,1.056484,0,0,5.67337,5.519241,0.2362841,0,0.2362841,8.841955,63.1567,0.03343794,1.162132,1.078698,0,6.867613
7/7/2007 12:00:00 PM,0.3312829,76.1609,-171.5965,22.81159,0.3291218,1.477099,0.697469,0.697469,0,0,0,0.697469,211.7798,0,0,0,1.477099,0.7341779,0.697469,0,0,5.437087,5.731896,0.7429206,0,0.7429206,9.546751,68.19094,0.03342053,0.7672159,1.181679,0,7.208995
7/7/2007 1:00:00 PM,0.1655347,71.6012,139.5354,25.9181,0.16462,0.7388146,0,0,0,0,0,0,0,0,0,0,0.7388146,0,0,0,0,4.694166,6.400525,0.7388146,0,0.7388146,10.24765,73.19737,0.03340324,0,0.5910516,0,7.139339
7/7/2007 2:00:00 PM,0.05169405,60.0258,120.4566,35.33805,0.0514278,0.230808,0,0,0,-1,0,0,0,0,0,0,0.230808,0,0,0,0,3.955351,7.065458,0.230808,0,0.230808,10.46662,74.76139,0.03339784,0,0.1846464,0,7.296266
7/7/2007 3:00:00 PM,0.1759401,46.77803,113.6823,47.43016,0.1748542,0.7847459,1.05595,1.05595,0,0,0,1.05595,74.3166,0,0,0,0.7847459,1.111526,1.05595,0,0,3.724543,7.273185,0,0.3267801,-0.3267801,10.12216,72.30099,0.03339784,1.161545,0.6277967,0,8.057931
7/7/2007 4:00:00 PM,0.07955158,33.06723,111.2785,60.58615,0.07907856,0.3549045,1.687479,1.687479,0,0,0,1.687479,21.03164,0,2.220446E-16,0,0.3549045,1.776294,1.687479,0,0,4.087632,6.946405,0,1.421389,-1.421389,8.623883,61.59904,0.03339784,1.856227,0.2839236,0,7.30131
7/7/2007 5:00:00 PM,0.02815115,19.23707,111.0042,74.20092,0.02798331,0.1255891,0.7855121,0.7855121,0,0,0,0.7855121,15.98818,0,0,0,0.1255891,0.8268548,0.7855121,0,0,5.666954,5.525016,0,0.7012658,-0.7012658,7.884685,56.31906,0.03339784,0.8640633,0.1004713,0,5.650605
7/7/2007 6:00:00 PM,0.04143665,5.45133,112.1688,88.00262,0.03879922,0.1741309,0,0,0,0,0,0,0,0,0,0,0.1741309,0,0,0,0,6.446138,4.82375,0.1741309,0,0.1741309,8.049879,57.49902,0.03339376,0,0.1393047,0,4.997881
7/7/2007 7:00:00 PM,0,0,114.6724,90,0,0,2.269835,2.269835,0,-1,0,2.269835,0,0,4.440892E-16,0,0,2.3893,2.269835,0,0,6.272007,4.980468,0,2.3893,-2.3893,5.531336,39.50946,0.03339376,2.496819,0,0,4.980468
7/7/2007 8:00:00 PM,0,0,118.8044,90,0,0,1.848838,1.848838,0,-1,0,1.848838,0,0,2.220446E-16,0,0,1.946146,1.848838,0,0,8.926785,2.591167,0,1.946146,-1.946146,3.479918,24.85651,0.03339376,2.033722,0,0,2.591167
7/7/2007 9:00:00 PM,0,0,125.3193,90,0,0,1.080386,0.6127706,0,-1,0,0.6127706,0,0,0.4676156,0.5756542,0,0.6450217,0.6127706,0,0,11.08917,0.6450217,0,0.6450217,-0.6450217,2.800006,20,0.03339376,1.188425,0,0,0.6450217
7/7/2007 10:00:00 PM,0,0,135.707,90,0,0,0.1790916,0,0,-1,0,0,0,0,0.1790916,0.1970008,0,0,0,0,0,11.80586,0,0,0,0,2.800006,20,0.03339376,0.1970008,0,0,0
7/7/2007 11:00:00 PM,0,0,152.321,90,0,0,0.07350188,0,0,-1,0,0,0,0,0.07350188,0.08085208,0,0,0,0,0,11.80586,0,0,0,0,2.800006,20,0.03339376,0.08085208,0,0,0
7/8/2007 12:00:00 AM,0,0,176.1031,90,0,0,0,0,0,-1,0,0,0,0,0,0,0,0,0,0,0,11.80586,0,0,0,0,2.800006,20,0.03339376,0,0,0,0
7/8/2007 1:00:00 AM,0,0,-158.5717,90,0,0,0.1409076,0,0,-1,0,0,0,0,0.1409076,0.1549984,0,0,0,0,0,11.80586,0,0,0,0,2.800006,20,0.03339376,0.1549984,0,0,0
7/8/2007 2:00:00 AM,0,0,-139.6989,90,0,0,0.1876066,0,0,-1,0,0,0,0,0.1876066,0.2063673,0,0,0,0,0,11.80586,0,0,0,0,2.800006,20,0.03339376,0.2063673,0,0,0
7/8/2007 3:00:00 AM,0,0,-127.7542,90,0,0,0.1056812,0,0,-1,0,0,0,0,0.1056812,0.1162493,0,0,0,0,0,11.80586,0,0,0,0,2.800006,20,0.03339376,0.1162493,0,0,0
7/8/2007 4:00:00 AM,0,0,-120.3072,90,0,0,0.04480214,0,0,-1,0,0,0,0,0.04480214,0.04928236,0,0,0,0,0,11.80586,0,0,0,0,2.800006,20,0.03339376,0.04928236,0,0,0
7/8/2007 5:00:00 AM,0,0,-115.586,90,0,0,0.2404813,0.2404813,3.745744,0,1.187588,0.2404813,0,0,0,0,0,0,0,3.505263,3.33,11.80586,0,3.33,0,3.33,5.959121,42.56506,0.03384501,0.2645294,0,5,0
7/8/2007 6:00:00 AM,0.03262169,1.430003,-112.6534,92.05157,0.01218091,0.05466792,0.1872401,0.1872401,3.692503,0,1.173053,0.1872401,29.1967,0,0,0,0.05466792,0,0,3.505263,3.33,8.475861,2.997,3.384668,0,3.384668,9.170099,65.50057,0.03428161,0.2059641,0.04373434,5,3.051668
7/8/2007 7:00:00 AM,0.181429,15.18779,-111.1,78.21765,0.160356,0.7196776,1.277885,1.277885,4.596243,0,1.419774,1.277885,56.31785,0,0,0,0.7196776,0,0,3.318358,3.15244,5.091192,6.043201,3.872118,0,3.872118,12.84351,91.73919,0.03489495,1.405674,0.5757421,5,6.762879
7/8/2007 8:00:00 AM,0.2791028,29.02957,-110.9051,64.51559,0.2690173,1.20735,1.377144,1.377144,0,0,0,1.377144,87.67056,0,0,0,1.20735,1.449625,1.377144,0,0,1.219075,9.528107,0,0.2422753,-0.2422753,12.58813,89.91505,0.03489495,1.514858,0.9658797,0,10.73546
7/8/2007 9:00:00 AM,0.3553917,42.81019,-112.5355,51.17031,0.3484499,1.563843,0.9913967,0.9913967,0,-1,0,0.9913967,157.7414,0,0,0,1.563843,1.043576,0.9913967,0,0,1.488269,9.285831,0.5202676,0,0.5202676,13.0817,93.44054,0.03488234,1.090536,1.251074,0,10.84968
7/8/2007 10:00:00 AM,0.4072696,56.27112,-117.5734,38.64657,0.4017359,1.802991,0.5236318,0.5236318,0,0,0,0.5236318,344.3242,0.2837976,0,0,1.802991,0.5511914,0.5236318,0,0,0.9680018,9.754072,0.9680018,0,0.9680018,14.00003,100,0.03485889,0.575995,1.442393,0,11.55706
7/8/2007 11:00:00 AM,0.3438982,68.6231,-131.4379,28.14132,0.3414212,1.532298,0.2600417,0.2600417,0,0,0,0.2600417,589.251,1.25857,0,0,1.532298,0.2737281,0.2600417,0,0,0,10.62527,0,0,0,14.00003,100,0.03485889,0.2860459,1.225839,0,12.15757
7/8/2007 12:00:00 PM,0.5395055,76.25786,-171.3576,22.71139,0.5307538,2.382023,0.242839,0.242839,0,0,0,0.242839,980.9062,2.126403,0,0,2.382023,0.25562,0.242839,0,0,0,10.62527,0,0,0,14.00003,100,0.03485889,0.2671229,1.905618,0,13.0073
7/8/2007 1:00:00 PM,0.5109037,71.70487,139.3972,25.80713,0.5030805,2.257825,0.3632077,0.3632077,0,0,0,0.3632077,621.6349,1.875502,0,0,2.257825,0.3823239,0.3632077,0,0,0,10.62527,0,0,0,14.00003,100,0.03485889,0.3995284,1.80626,0,12.8831
7/8/2007 2:00:00 PM,0.7006862,60.10375,120.2943,35.24327,0.6705559,3.009455,0.8754638,0.8754638,0,-1,0,0.8754638,343.7555,2.087914,0,0,3.009455,0.9215409,0.8754638,0,0,0,10.62527,0,0,0,14.00003,100,0.03485889,0.9630102,2.407564,0,13.63473
7/8/2007 3:00:00 PM,0.3593898,46.83863,113.544,47.35222,0.3538226,1.587956,0.05866778,0.05866778,0,0,0,0.05866778,2706.691,1.5262,0,0,1.587956,0.06175556,0.05866778,0,0,0,10.62527,0,0,0,14.00003,100,0.03485889,0.06453456,1.270365,0,12.21323
7/8/2007 4:00:00 PM,0.4213716,33.11522,111.1572,60.52176,0.3929488,1.763554,0.6600245,0.6600245,0,0,0,0.6600245,267.1953,1.068792,0,0,1.763554,0.6947626,0.6600245,0,0,0,10.62527,0,0,0,14.00003,100,0.03485889,0.7260269,1.410843,0,12.38883
7/8/2007 5:00:00 PM,0.2323461,19.2743,110.8918,74.14796,0.2102736,0.9437081,1.820268,1.820268,0,0,0,1.820268,51.84446,0,2.220446E-16,0,0.9437081,1.916071,1.820268,0,0,0,10.62527,0,0.9723632,-0.9723632,12.97507,92.67886,0.03485889,2.002295,0.7549664,0,11.56898
7/8/2007 6:00:00 PM,0.02760592,5.478128,112.0591,87.96022,0.02706644,0.1214742,1.673113,1.673113,0,0,0,1.673113,7.260366,0,0,0,0.1214742,1.761172,1.673113,0,0,1.080404,9.652911,0,1.639698,-1.639698,11.24667,80.33322,0.03485889,1.840425,0.09717933,0,9.774385
7/8/2007 7:00:00 PM,0,0,114.5599,90,0,0,1.848428,1.848428,0,-1,0,1.848428,0,0,2.220446E-16,0,0,1.945714,1.848428,0,0,2.90229,8.013213,0,1.945714,-1.945714,9.195711,65.68352,0.03485889,2.033271,0,0,8.013213
7/8/2007 8:00:00 PM,0,0,118.6837,90,0,0,1.456411,1.456411,0,-1,0,1.456411,0,0,0,0,0,1.533065,1.456411,0,0,5.064195,6.067499,0,1.533065,-1.533065,7.579719,54.14074,0.03485889,1.602053,0,0,6.067499
7/8/2007 9:00:00 PM,0,0,125.185,90,0,0,0.435396,0.435396,0,-1,0,0.435396,0,0,5.551115E-17,0,0,0.4583115,0.435396,0,0,6.7676,4.534434,0,0.4583115,-0.4583115,7.096616,50.69001,0.03485889,0.4789356,0,0,4.534434
7/8/2007 10:00:00 PM,0,0,135.5569,90,0,0,0,0,0,-1,0,0,0,0,0,0,0,0,0,0,0,7.276835,4.076123,0,0,0,7.096616,50.69001,0.03485889,0,0,0,4.076123
7/8/2007 11:00:00 PM,0,0,152.1714,90,0,0,0.01384763,0.01384763,0,-1,0,0.01384763,0,0,1.734723E-18,0,0,0.01457646,0.01384763,0,0,7.276835,4.076123,0,0.01457646,-0.01457646,7.081252,50.58027,0.03485889,0.0152324,0,0,4.076123
7/9/2007 12:00:00 AM,0,0,176.0122,90,0,0,0.4149552,0.4149552,0,-1,0,0.4149552,0,0,5.551115E-17,0,0,0.436795,0.4149552,0,0,7.293031,4.061546,0,0.436795,-0.436795,6.620829,47.29154,0.03485889,0.4564508,0,0,4.061546
7/9/2007 1:00:00 AM,0,0,-158.5589,90,0,0,0.02252938,0.02252938,0,-1,0,0.02252938,0,0,3.469447E-18,0,0,0.02371514,0.02252938,0,0,7.778358,3.624752,0,0.02371514,-0.02371514,6.595831,47.11298,0.03485889,0.02478232,0,0,3.624752
7/9/2007 2:00:00 AM,0,0,-139.6258,90,0,0,0,0,0,-1,0,0,0,0,0,0,0,0,0,0,0,7.804709,3.601036,0,0,0,6.595831,47.11298,0.03485889,0,0,0,3.601036
7/9/2007 3:00:00 AM,0,0,-127.6619,90,0,0,0.2871795,0.2871795,0,-1,0,0.2871795,0,0,5.551115E-17,0,0,0.3022943,0.2871795,0,0,7.804709,3.601036,0,0.3022943,-0.3022943,6.277185,44.83694,0.03485889,0.3158975,0,0,3.601036
7/9/2007 4:00:00 AM,0,0,-120.2102,90,0,0,0.01439138,0.01439138,0,-1,0,0.01439138,0,0,1.734723E-18,0,0,0.01514882,0.01439138,0,0,8.140592,3.298742,0,0.01514882,-0.01514882,6.261217,44.72289,0.03485889,0.01583052,0,0,3.298742
7/9/2007 5:00:00 AM,0,0,-115.4867,90,0,0,0.2072443,0.2072443,0,0,0,0.2072443,0,0,2.775558E-17,0,0,0.2181519,0.2072443,0,0,8.157423,3.283593,0,0.2181519,-0.2181519,6.031264,43.08038,0.03485889,0.2279688,0,0,3.283593
7/9/2007 6:00:00 AM,0.03272486,1.373147,-112.5497,92.09278,0.01146051,0.05143478,0,0,0,0,0,0,0,0,0,0,0.05143478,0,0,0,0,8.399815,3.065441,0.05143478,0,0.05143478,6.08006,43.42891,0.03485764,0,0.04114782,0,3.116876
7/9/2007 7:00:00 AM,0.1991496,15.14123,-110.9874,78.24741,0.1702355,0.764017,0.1191685,0.1191685,0,0,0,0.1191685,641.1234,0,0,0,0.764017,0.1254405,0.1191685,0,0,8.348379,3.111733,0.6385766,0,0.6385766,6.685867,47.7561,0.03484219,0.1310853,0.6112136,0,3.87575
7/9/2007 8:00:00 AM,0.4787033,28.99404,-110.7761,64.53231,0.4289317,1.925045,0.217686,0.217686,0,0,0,0.217686,884.3221,0,0,0,1.925045,0.2291431,0.217686,0,0,7.709803,3.686451,1.695902,0,1.695902,8.294741,59.24803,0.03480123,0.2394546,1.540036,0,5.611497
7/9/2007 9:00:00 AM,0.7328973,42.78814,-112.3771,51.17034,0.6801263,3.052407,0.4569937,0.4569937,0,-1,0,0.4569937,667.932,0,0,0,3.052407,0.481046,0.4569937,0,0,6.013901,5.212763,2.571361,0,2.571361,10.73415,76.67233,0.03473929,0.502693,2.441926,0,8.26517
7/9/2007 10:00:00 AM,0.8699948,56.26878,-117.3605,38.62246,0.8210225,3.684749,0.2799464,0.2799464,0,0,0,0.2799464,1316.234,0,0,0,3.684749,0.2946804,0.2799464,0,0,3.44254,7.526988,3.390069,0,3.390069,13.95025,99.64444,0.03465798,0.307941,2.947799,0,11.21174
7/9/2007 11:00:00 AM,1.043511,68.65764,-131.1273,28.07956,0.9921165,4.452619,1.403247,1.403247,0,0,0,1.403247,317.3082,2.923045,0,0,4.452619,1.477103,1.403247,0,0,0.05247145,10.57805,0.05247145,0,0.05247145,14.00003,100,0.03465673,1.543572,3.562095,0,15.03067
7/9/2007 12:00:00 PM,1.031132,76.36137,-171.1159,22.60452,0.9832914,4.413012,0.3667861,0.3667861,0,0,0,0.3667861,1203.157,4.026921,0,0,4.413012,0.3860906,0.3667861,0,0,0,10.62527,0,0,0,14.00003,100,0.03465673,0.4034647,3.53041,0,15.03829
7/9/2007 1:00:00 PM,1.038909,71.81238,139.2397,25.69104,0.9891385,4.439254,0.008822913,0.008822913,0,0,0,0.008822913,50315.05,4.429966,0,0,4.439254,0.009287277,0.008822913,0,0,0,10.62527,0,0,0,14.00003,100,0.03465673,0.009705205,3.551403,0,15.06453
7/9/2007 2:00:00 PM,1.012377,60.18291,120.1177,35.14565,0.9576358,4.297869,0.8498732,0.8498732,0,-1,0,0.8498732,505.7071,3.403266,0,0,4.297869,0.8946033,0.8498732,0,0,0,10.62527,0,0,0,14.00003,100,0.03465673,0.9348605,3.438295,0,14.92314
7/9/2007 3:00:00 PM,0.7810872,46.89916,113.3953,47.27296,0.7295089,3.274036,0.4053788,0.4053788,0,0,0,0.4053788,807.6486,2.847322,0,0,3.274036,0.4267145,0.4053788,0,0,0,10.62527,0,0,0,14.00003,100,0.03465673,0.4459167,2.619229,0,13.89931
7/9/2007 4:00:00 PM,0.4977063,33.16232,111.0276,60.45707,0.4551329,2.042636,0,0,0,0,0,0,0,2.042636,0,0,2.042636,0,0,0,0,0,10.62527,0,0,0,14.00003,100,0.03465673,0,1.634109,0,12.66791
7/9/2007 5:00:00 PM,0.2708402,19.31001,110.7723,74.09547,0.2357935,1.058241,0.7592833,0.7592833,0,0,0,0.7592833,139.3737,0.2589959,0,0,1.058241,0.7992456,0.7592833,0,0,0,10.62527,0,0,0,14.00003,100,0.03465673,0.8352116,0.8465931,0,11.68352
7/9/2007 6:00:00 PM,0.04914037,5.502814,111.9429,87.91895,0.04341273,0.1948363,0,0,0,0,0,0,0,0.1948363,0,0,0.1948363,0,0,0,0,0,10.62527,0,0,0,14.00003,100,0.03465673,0,0.1558691,0,10.82011
7/9/2007 7:00:00 PM,0,0,114.4412,90,0,0,0,0,0,-1,0,0,0,0,0,0,0,0,0,0,0,0,10.62527,0,0,0,14.00003,100,0.03465673,0,0,0,10.62527
7/9/2007 8:00:00 PM,0,0,118.5567,90,0,0,1.407868,1.407868,0,-1,0,1.407868,0,0,2.220446E-16,0,0,1.481966,1.407868,0,0,0,10.62527,0,1.481966,-1.481966,12.4379,88.84195,0.03465673,1.548655,0,0,10.62527
7/9/2007 9:00:00 PM,0,0,125.0443,90,0,0,1.820787,1.820787,0,-1,0,1.820787,0,0,2.220446E-16,0,0,1.916618,1.820787,0,0,1.646629,9.143308,0,1.916618,-1.916618,10.41761,74.41132,0.03465673,2.002865,0,0,9.143308
7/9/2007 10:00:00 PM,0,0,135.4008,90,0,0,0.4351669,0.4351669,0,-1,0,0.4351669,0,0,5.551115E-17,0,0,0.4580704,0.4351669,0,0,3.776204,7.22669,0,0.4580704,-0.4580704,9.934757,70.96241,0.03465673,0.4786836,0,0,7.22669
7/9/2007 11:00:00 PM,0,0,152.0175,90,0,0,0.1426405,0.1426405,0,-1,0,0.1426405,0,0,0,0,0,0.1501479,0.1426405,0,0,4.285172,6.76862,0,0.1501479,-0.1501479,9.776487,69.83192,0.03465673,0.1569045,0,0,6.76862
7/10/2007 12:00:00 AM,0,0,175.9223,90,0,0,0.2477098,0.2477098,0,-1,0,0.2477098,0,0,2.775558E-17,0,0,0.2607472,0.2477098,0,0,4.452003,6.618472,0,0.2607472,-0.2607472,9.501636,67.86869,0.03465673,0.2724808,0,0,6.618472
7/10/2007 1:00:00 AM,0,0,-158.5393,90,0,0,0.4321404,0.4321404,0,-1,0,0.4321404,0,0,5.551115E-17,0,0,0.4548847,0.4321404,0,0,4.741722,6.357725,0,0.4548847,-0.4548847,9.022145,64.44376,0.03465673,0.4753545,0,0,6.357725
7/10/2007 2:00:00 AM,0,0,-139.5441,90,0,0,0.2460936,0.2460936,0,-1,0,0.2460936,0,0,2.775558E-17,0,0,0.2590459,0.2460936,0,0,5.247149,5.90284,0,0.2590459,-0.2590459,8.749087,62.49335,0.03465673,0.270703,0,0,5.90284
7/10/2007 3:00:00 AM,0,0,-127.5614,90,0,0,0.521807,0.521807,0,-1,0,0.521807,0,0,0,0,0,0.5492705,0.521807,0,0,5.534978,5.643794,0,0.5492705,-0.5492705,8.170105,58.35778,0.03465673,0.5739876,0,0,5.643794
7/10/2007 4:00:00 AM,0,0,-120.1056,90,0,0,0,0,0,-1,0,0,0,0,0,0,0,0,0,0,0,6.145278,5.094524,0,0,0,8.170105,58.35778,0.03465673,0,0,0,5.094524
7/10/2007 5:00:00 AM,0,0,-115.3804,90,0,0,0.06633664,0.06633664,0,0,0,0.06633664,0,0,0,0,0,0.06982804,0.06633664,0,0,6.145278,5.094524,0,0.06982804,-0.06982804,8.0965,57.83203,0.03465673,0.0729703,0,0,5.094524
7/10/2007 6:00:00 AM,0.007758787,1.316508,-112.4391,92.13279,0.007611752,0.03416155,0.4362139,0.4362139,0,0,0,0.4362139,7.831375,0,0,0,0.03416155,0.4591725,0.4362139,0,0,6.222865,5.024696,0,0.425011,-0.425011,7.648499,54.63203,0.03465673,0.4798353,0.02732924,0,5.058857
7/10/2007 7:00:00 AM,0.1482078,15.09549,-110.8678,78.27535,0.1385906,0.6219946,2.655229,2.655229,0,0,0,2.655229,23.42527,0,0,0,0.6219946,2.794977,2.655229,0,0,6.695099,4.599685,0,2.172983,-2.172983,5.357974,38.27117,0.03465673,2.920751,0.4975957,0,5.221679
7/10/2007 8:00:00 AM,0.2863727,28.95992,-110.6396,64.54656,0.2752161,1.23517,0.5259928,0.5259928,0,0,0,0.5259928,234.8264,0,0,0,1.23517,0.5536765,0.5259928,0,0,9.109525,2.426702,0.6814932,0,0.6814932,6.004495,42.88916,0.03464042,0.578592,0.9881358,0,3.661872
7/10/2007 9:00:00 AM,0.3672999,42.76814,-112.2102,51.16713,0.3594702,1.613302,0.4922847,0.4922847,0,-1,0,0.4922847,327.7173,0,0,0,1.613302,0.5181944,0.4922847,0,0,8.428032,3.040046,1.095108,0,1.095108,7.043406,50.30994,0.03461426,0.5415132,1.290642,0,4.653348
7/10/2007 10:00:00 AM,0.6383735,56.26939,-117.1369,38.59411,0.6123223,2.748102,0.5434989,0.5434989,0,0,0,0.5434989,505.6317,0,0,0,2.748102,0.5721041,0.5434989,0,0,7.332924,4.025643,2.175998,0,2.175998,9.107738,65.05515,0.03456241,0.5978488,2.198482,0,6.773745
7/10/2007 11:00:00 AM,0.466356,68.69657,-130.8031,28.01217,0.4603462,2.066034,1.10684,1.10684,0,0,0,1.10684,186.6605,0,0,0,2.066034,1.165095,1.10684,0,0,5.156926,5.984041,0.9009387,0,0.9009387,9.962444,71.16017,0.03454098,1.217524,1.652827,0,8.050075
7/10/2007 12:00:00 PM,0.8782361,76.47143,-170.8713,22.49101,0.8408489,3.77373,0,0,0,0,0,0,0,0,0,0,3.77373,0,0,0,0,4.255987,6.794886,3.77373,0,3.77373,13.54252,96.73209,0.03445151,0,3.018984,0,10.56862
7/10/2007 1:00:00 PM,0.6853041,71.92359,139.0623,25.5699,0.6642591,2.981195,0.648267,0.648267,0,0,0,0.648267,459.8715,1.816552,0,0,2.981195,0.6823863,0.648267,0,0,0.4822568,10.19124,0.4822568,0,0.4822568,14.00003,100,0.03444011,0.7130937,2.384956,0,13.17244
7/10/2007 2:00:00 PM,0.605626,60.26315,119.927,35.04529,0.5863675,2.631618,0.4855693,0.4855693,0,-1,0,0.4855693,541.9654,2.120492,0,0,2.631618,0.5111256,0.4855693,0,0,0,10.62527,0,0,0,14.00003,100,0.03444011,0.5341262,2.105294,0,13.25689
7/10/2007 3:00:00 PM,0.4533471,46.9595,113.2365,47.19249,0.4402521,1.975852,0.3291697,0.3291697,0,0,0,0.3291697,600.2532,1.629357,0,0,1.975852,0.3464944,0.3291697,0,0,0,10.62527,0,0,0,14.00003,100,0.03444011,0.3620867,1.580681,0,12.60113
7/10/2007 4:00:00 PM,0.3496625,33.20842,110.8899,60.3922,0.3347898,1.502537,1.166884,1.166884,0,0,0,1.166884,128.7649,0.274238,0,0,1.502537,1.228299,1.166884,0,0,0,10.62527,0,0,0,14.00003,100,0.03444011,1.283572,1.202029,0,12.12781
7/10/2007 5:00:00 PM,0.2423512,19.3441,110.6458,74.04354,0.2174676,0.9759944,0,0,0,0,0,0,0,0.9759944,0,0,0.9759944,0,0,0,0,0,10.62527,0,0,0,14.00003,100,0.03444011,0,0.7807956,0,11.60127
7/10/2007 6:00:00 PM,0.05369718,5.525319,111.8202,87.87889,0.04525378,0.203099,0.9395394,0.9395394,0,0,0,0.9395394,21.61687,0,1.110223E-16,0,0.203099,0.9889888,0.9395394,0,0,0,10.62527,0,0.7858898,-0.7858898,13.17163,94.08286,0.03444011,1.033493,0.1624792,0,10.82837
7/10/2007 7:00:00 PM,0,0,114.3162,90,0,0,1.73363,1.73363,0,-1,0,1.73363,0,0,2.220446E-16,0,0,1.824874,1.73363,0,0,0.8732109,9.839384,0,1.824874,-1.824874,11.24804,80.34299,0.03444011,1.906993,0,0,9.839384
7/10/2007 8:00:00 PM,0,0,118.4234,90,0,0,0,0,0,-1,0,0,0,0,0,0,0,0,0,0,0,2.900848,8.014511,0,0,0,11.24804,80.34299,0.03444011,0,0,0,8.014511
7/10/2007 9:00:00 PM,0,0,124.8972,90,0,0,2.151309,2.151309,0,-1,0,2.151309,0,0,4.440892E-16,0,0,2.264536,2.151309,0,0,2.900848,8.014511,0,2.264536,-2.264536,8.861012,63.29281,0.03444011,2.36644,0,0,8.014511
7/10/2007 10:00:00 PM,0,0,135.2384,90,0,0,0,0,0,-1,0,0,0,0,0,0,0,0,0,0,0,5.416999,5.749975,0,0,0,8.861012,63.29281,0.03444011,0,0,0,5.749975
7/10/2007 11:00:00 PM,0,0,151.8591,90,0,0,0,0,0,-1,0,0,0,0,0,0,0,0,0,0,0,5.416999,5.749975,0,0,0,8.861012,63.29281,0.03444011,0,0,0,5.749975
7/11/2007 12:00:00 AM,0,0,175.8334,90,0,0,0.3806359,0.3806359,0,-1,0,0.3806359,0,0,5.551115E-17,0,0,0.4006694,0.3806359,0,0,5.416999,5.749975,0,0.4006694,-0.4006694,8.438669,60.27608,0.03444011,0.4186995,0,0,5.749975
7/11/2007 1:00:00 AM,0,0,-158.5125,90,0,0,0,0,0,-1,0,0,0,0,0,0,0,0,0,0,0,5.862187,5.349306,0,0,0,8.438669,60.27608,0.03444011,0,0,0,5.349306
7/11/2007 2:00:00 AM,0,0,-139.4535,90,0,0,0,0,0,-1,0,0,0,0,0,0,0,0,0,0,0,5.862187,5.349306,0,0,0,8.438669,60.27608,0.03444011,0,0,0,5.349306
7/11/2007 3:00:00 AM,0,0,-127.4525,90,0,0,0.1409164,0.1409164,0,-1,0,0.1409164,0,0,0,0,0,0.148333,0.1409164,0,0,5.862187,5.349306,0,0.148333,-0.148333,8.282312,59.15926,0.03444011,0.155008,0,0,5.349306
7/11/2007 4:00:00 AM,0,0,-119.9936,90,0,0,0.1961248,0.1961248,0,-1,0,0.1961248,0,0,0,0,0,0.2064472,0.1961248,0,0,6.027002,5.200973,0,0.2064472,-0.2064472,8.064698,57.60487,0.03444011,0.2157373,0,0,5.200973
7/11/2007 5:00:00 AM,0,0,-115.2671,90,0,0,0.1344288,0.1344288,0,0,0,0.1344288,0,0,2.775558E-17,0,0,0.141504,0.1344288,0,0,6.256387,4.994525,0,0.141504,-0.141504,7.915539,56.53946,0.03444011,0.1478717,0,0,4.994525
7/11/2007 6:00:00 AM,0.03238505,1.26016,-112.3219,92.17151,0.01061643,0.04764654,0.1904053,0.1904053,0,0,0,0.1904053,25.02375,0,0,0,0.04764654,0.2004266,0.1904053,0,0,6.413614,4.853022,0,0.1527801,-0.1527801,7.754495,55.38914,0.03444011,0.2094458,0.03811723,0,4.900668
7/11/2007 7:00:00 AM,0.1872691,15.05063,-110.7414,78.30141,0.1633859,0.7332757,0.06528149,0.06528149,0,0,0,0.06528149,1123.252,0,0,0,0.7332757,0.06871735,0.06528149,0,0,6.58337,4.700242,0.6645584,0,0.6645584,8.384951,59.89238,0.03442442,0.07180963,0.5866206,0,5.433517
7/11/2007 8:00:00 AM,0.5072348,28.92725,-110.4958,64.5583,0.4541016,2.038008,0,0,0,0,0,0,0,0,0,0,2.038008,0,0,0,0,5.918811,5.298344,2.038008,0,2.038008,10.31837,73.70253,0.03437637,0,1.630406,0,7.336352
7/11/2007 9:00:00 AM,0.7960273,42.75024,-112.0347,51.16067,0.7388073,3.315767,0.771737,0.771737,0,-1,0,0.771737,429.6499,0,0,0,3.315767,0.8123548,0.771737,0,0,3.880803,7.132551,2.503412,0,2.503412,12.69332,90.66639,0.03431753,0.8489107,2.652614,0,10.44832
7/11/2007 10:00:00 AM,0.8884421,56.27293,-116.9028,38.56149,0.838962,3.765261,0.02259615,0.02259615,0,0,0,0.02259615,16663.29,2.364085,0,0,3.765261,0.02378542,0.02259615,0,0,1.377391,9.385622,1.377391,0,1.377391,14.00003,100,0.03428525,0.02485576,3.012209,0,13.15088
7/11/2007 11:00:00 AM,0.9261135,68.73986,-130.4652,27.93915,0.8820211,3.95851,0,0,0,0,0,0,0,3.95851,0,0,3.95851,0,0,0,0,0,10.62527,0,0,0,14.00003,100,0.03428525,0,3.166808,0,14.58379
7/11/2007 12:00:00 PM,0.9741319,76.588,-170.6236,22.37088,0.9300795,4.174197,0.2344915,0.2344915,0,0,0,0.2344915,1780.105,3.927363,0,0,4.174197,0.2468332,0.2344915,0,0,0,10.62527,0,0,0,14.00003,100,0.03428525,0.2579407,3.339357,0,14.79947
7/11/2007 1:00:00 PM,0.9261436,72.03838,138.8647,25.44381,0.8835845,3.965527,1.215173,1.215173,0,0,0,1.215173,326.3344,2.686398,0,0,3.965527,1.279129,1.215173,0,0,0,10.62527,0,0,0,14.00003,100,0.03428525,1.33669,3.172422,0,14.5908
7/11/2007 2:00:00 PM,0.8440896,60.34433,119.7218,34.9423,0.8007007,3.593545,0.7327323,0.7327323,0,-1,0,0.7327323,490.4308,2.822248,0,0,3.593545,0.7712972,0.7327323,0,0,0,10.62527,0,0,0,14.00003,100,0.03428525,0.8060055,2.874836,0,14.21882
7/11/2007 3:00:00 PM,0.5917397,47.01952,113.0673,47.11092,0.5611252,2.51833,0.09789994,0.09789994,0,0,0,0.09789994,2572.351,2.415277,0,0,2.51833,0.1030526,0.09789994,0,0,0,10.62527,0,0,0,14.00003,100,0.03428525,0.1076899,2.014664,0,13.1436
7/11/2007 4:00:00 PM,0.5252522,33.25344,110.744,60.32722,0.4790828,2.150124,1.807228,1.807228,0,0,0,1.807228,118.9736,0.2477782,0,0,2.150124,1.902345,1.807228,0,0,0,10.62527,0,0,0,14.00003,100,0.03428525,1.987951,1.720099,0,12.7754
7/11/2007 5:00:00 PM,0.3456993,19.3765,110.5123,73.99226,0.2909277,1.305683,0.8879142,0.8879142,0,0,0,0.8879142,147.0506,0.3710369,0,0,1.305683,0.9346466,0.8879142,0,0,0,10.62527,0,0,0,14.00003,100,0.03428525,0.9767057,1.044547,0,11.93096
7/11/2007 6:00:00 PM,0.08548293,5.545573,111.6911,87.8401,0.04213819,0.1891162,2.152022,2.152022,0,0,0,2.152022,8.787839,0,4.440892E-16,0,0.1891162,2.265286,2.152022,0,0,0,10.62527,0,2.07617,-2.07617,11.81155,84.36806,0.03428525,2.367224,0.1512929,0,10.81439
7/11/2007 7:00:00 PM,0,0,114.185,90,0,0,2.014363,2.014363,0,-1,0,2.014363,0,0,4.440892E-16,0,0,2.120382,2.014363,0,0,2.306855,8.549105,0,2.120382,-2.120382,9.576474,68.40325,0.03428525,2.215799,0,0,8.549105
7/11/2007 8:00:00 PM,0,0,118.284,90,0,0,1.087675,1.087675,0,-1,0,1.087675,0,0,2.220446E-16,0,0,1.144921,1.087675,0,0,4.662835,6.428722,0,1.144921,-1.144921,8.369621,59.78289,0.03428525,1.196443,0,0,6.428722
7/11/2007 9:00:00 PM,0,0,124.7438,90,0,0,0,0,0,-1,0,0,0,0,0,0,0,0,0,0,0,5.93497,5.283801,0,0,0,8.369621,59.78289,0.03428525,0,0,0,5.283801
7/11/2007 10:00:00 PM,0,0,135.07,90,0,0,0,0,0,-1,0,0,0,0,0,0,0,0,0,0,0,5.93497,5.283801,0,0,0,8.369621,59.78289,0.03428525,0,0,0,5.283801
7/11/2007 11:00:00 PM,0,0,151.6964,90,0,0,0,0,0,-1,0,0,0,0,0,0,0,0,0,0,0,5.93497,5.283801,0,0,0,8.369621,59.78289,0.03428525,0,0,0,5.283801
7/12/2007 12:00:00 AM,0,0,175.7457,90,0,0,0.06007441,0.06007441,0,-1,0,0.06007441,0,0,0,0,0,0.06323622,0.06007441,0,0,5.93497,5.283801,0,0.06323622,-0.06323622,8.302964,59.30677,0.03428525,0.06608185,0,0,5.283801
7/12/2007 1:00:00 AM,0,0,-158.4785,90,0,0,0.2025084,0.2025084,0,-1,0,0.2025084,0,0,0,0,0,0.2131668,0.2025084,0,0,6.005232,5.220565,0,0.2131668,-0.2131668,8.078267,57.70179,0.03428525,0.2227593,0,0,5.220565
7/12/2007 2:00:00 AM,0,0,-139.354,90,0,0,0.617874,0.617874,0,-1,0,0.617874,0,0,0,0,0,0.6503937,0.617874,0,0,6.242085,5.007398,0,0.6503937,-0.6503937,7.392692,52.80483,0.03428525,0.6796614,0,0,5.007398
7/12/2007 3:00:00 AM,0,0,-127.3354,90,0,0,0.3288919,0.3288919,0,-1,0,0.3288919,0,0,5.551115E-17,0,0,0.346202,0.3288919,0,0,6.964744,4.357005,0,0.346202,-0.346202,7.027762,50.1982,0.03428525,0.3617811,0,0,4.357005
7/12/2007 4:00:00 AM,0,0,-119.8741,90,0,0,0.081704,0.081704,0,-1,0,0.081704,0,0,1.387779E-17,0,0,0.08600421,0.081704,0,0,7.349413,4.010802,0,0.08600421,-0.08600421,6.937106,49.55066,0.03428525,0.0898744,0,0,4.010802
7/12/2007 5:00:00 AM,0,0,-115.1469,90,0,0,0.19311,0.19311,0,0,0,0.19311,0,0,2.775558E-17,0,0,0.2032737,0.19311,0,0,7.444973,3.924798,0,0.2032737,-0.2032737,6.722837,48.02017,0.03428525,0.2124211,0,0,3.924798
7/12/2007 6:00:00 AM,0.03415472,1.204175,-112.1979,92.20888,0.008138039,0.03652352,0.2681761,0.2681761,0,0,0,0.2681761,13.61923,0,5.551115E-17,0,0.03652352,0.2822907,0.2681761,0,0,7.670833,3.721524,0,0.2457671,-0.2457671,6.463776,46.16973,0.03428525,0.2949938,0.02921882,0,3.758048
7/12/2007 7:00:00 AM,0.2677656,15.0067,-110.6081,78.32554,0.2128458,0.9552518,0.3107427,0.3107427,0,0,0,0.3107427,307.4093,0,0,0,0.9552518,0.3270976,0.3107427,0,0,7.943908,3.475757,0.6281543,0,0.6281543,7.059695,50.42629,0.03427054,0.3418169,0.7642015,0,4.431009
7/12/2007 8:00:00 AM,0.5419254,28.89607,-110.3445,64.5675,0.4850276,2.176804,1.612534,1.612534,0,0,0,1.612534,134.9928,0,0,0,2.176804,1.697404,1.612534,0,0,7.315753,4.041096,0.4793999,0,0.4793999,7.514494,53.67485,0.03425933,1.773787,1.741443,0,6.2179
7/12/2007 9:00:00 AM,0.6745321,42.73446,-111.8508,51.15092,0.6275924,2.816635,1.090547,1.090547,0,-1,0,1.090547,258.2772,0,0,0,2.816635,1.147944,1.090547,0,0,6.836353,4.472556,1.66869,0,1.66869,9.097552,64.98238,0.03422036,1.199602,2.253308,0,7.289191
7/12/2007 10:00:00 AM,0.8133109,56.27941,-116.6581,38.52462,0.7693356,3.452778,0.4077463,0.4077463,0,0,0,0.4077463,846.7957,0,0,0,3.452778,0.4292066,0.4077463,0,0,5.167663,5.974378,3.023571,0,3.023571,11.96596,85.471,0.03414996,0.448521,2.762223,0,9.427155
7/12/2007 11:00:00 AM,0.9698366,68.78746,-130.1135,27.86052,0.9234421,4.144408,1.043797,1.043797,0,0,0,1.043797,397.051,0.9015823,0,0,4.144408,1.098734,1.043797,0,0,2.144092,8.695592,2.144092,0,2.144092,14.00003,100,0.03410022,1.148177,3.315526,0,12.84
7/12/2007 12:00:00 PM,1.110032,76.71104,-170.3727,22.24416,1.059266,4.753986,0.9872339,0.9872339,0,0,0,0.9872339,481.546,3.714792,0,0,4.753986,1.039194,0.9872339,0,0,0,10.62527,0,0,0,14.00003,100,0.03410022,1.085957,3.803189,0,15.37926
7/12/2007 1:00:00 PM,0.9333038,72.15664,138.6461,25.31283,0.8906085,3.997051,0.6322268,0.6322268,0,0,0,0.6322268,632.2179,3.331549,0,0,3.997051,0.6655019,0.6322268,0,0,0,10.62527,0,0,0,14.00003,100,0.03410022,0.6954495,3.197641,0,14.62232
7/12/2007 2:00:00 PM,0.9070644,60.4263,119.5022,34.8368,0.8597088,3.858373,0,0,0,-1,0,0,0,3.858373,0,0,3.858373,0,0,0,0,0,10.62527,0,0,0,14.00003,100,0.03410022,0,3.086698,0,14.48365
7/12/2007 3:00:00 PM,0.7720326,47.07912,112.8879,47.02836,0.7222728,3.24156,0.8497052,0.8497052,0,0,0,0.8497052,381.4924,2.347134,0,0,3.24156,0.8944265,0.8497052,0,0,0,10.62527,0,0,0,14.00003,100,0.03410022,0.9346757,2.593248,0,13.86683
7/12/2007 4:00:00 PM,0.4064834,33.29727,110.59,60.26225,0.3819854,1.71435,0,0,0,0,0,0,0,1.71435,0,0,1.71435,0,0,0,0,0,10.62527,0,0,0,14.00003,100,0.03410022,0,1.37148,0,12.33962
7/12/2007 5:00:00 PM,0.2069633,19.40712,110.3718,73.94173,0.1932637,0.8673675,0.4749009,0.4749009,0,0,0,0.4749009,182.6418,0.3674718,0,0,0.8673675,0.4998957,0.4749009,0,0,0,10.62527,0,0,0,14.00003,100,0.03410022,0.522391,0.693894,0,11.49264
7/12/2007 6:00:00 PM,0.05729029,5.563509,111.5557,87.80267,0.04648298,0.2086156,1.601191,1.601191,0,0,0,1.601191,13.02878,0,2.220446E-16,0,0.2086156,1.685464,1.601191,0,0,0,10.62527,0,1.476849,-1.476849,12.44329,88.88049,0.03410022,1.76131,0.1668925,0,10.83389
7/12/2007 7:00:00 PM,0,0,114.0477,90,0,0,0.7310444,0.7310444,0,-1,0,0.7310444,0,0,0,0,0,0.7695204,0.7310444,0,0,1.640943,9.148425,0,0.7695204,-0.7695204,11.63215,83.0866,0.03410022,0.8041488,0,0,9.148425
7/12/2007 8:00:00 PM,0,0,118.1384,90,0,0,0,0,0,-1,0,0,0,0,0,0,0,0,0,0,0,2.495965,8.378905,0,0,0,11.63215,83.0866,0.03410022,0,0,0,8.378905
7/12/2007 9:00:00 PM,0,0,124.5842,90,0,0,0.854883,0.854883,0,-1,0,0.854883,0,0,1.110223E-16,0,0,0.8998768,0.854883,0,0,2.495965,8.378905,0,0.8998768,-0.8998768,10.68359,76.31123,0.03410022,0.9403713,0,0,8.378905
7/12/2007 10:00:00 PM,0,0,134.8955,90,0,0,0.1672527,0.1672527,0,-1,0,0.1672527,0,0,0,0,0,0.1760555,0.1672527,0,0,3.495829,7.479028,0,0.1760555,-0.1760555,10.49801,74.98567,0.03410022,0.183978,0,0,7.479028
7/12/2007 11:00:00 PM,0,0,151.5294,90,0,0,0.1960975,0.1960975,0,-1,0,0.1960975,0,0,2.775558E-17,0,0,0.2064184,0.1960975,0,0,3.691446,7.302973,0,0.2064184,-0.2064184,10.28043,73.4315,0.03410022,0.2157072,0,0,7.302973
7/13/2007 12:00:00 AM,0,0,175.6592,90,0,0,0.1641956,0.1641956,0,-1,0,0.1641956,0,0,2.775558E-17,0,0,0.1728374,0.1641956,0,0,3.9208,7.096554,0,0.1728374,-0.1728374,10.09824,72.13017,0.03410022,0.1806151,0,0,7.096554
7/13/2007 1:00:00 AM,0,0,-158.4371,90,0,0,0,0,0,-1,0,0,0,0,0,0,0,0,0,0,0,4.112841,6.923717,0,0,0,10.09824,72.13017,0.03410022,0,0,0,6.923717
7/13/2007 2:00:00 AM,0,0,-139.2455,90,0,0,0.2097627,0.2097627,0,-1,0,0.2097627,0,0,0,0,0,0.2208029,0.2097627,0,0,4.112841,6.923717,0,0.2208029,-0.2208029,9.865498,70.4677,0.03410022,0.230739,0,0,6.923717
7/13/2007 3:00:00 AM,0,0,-127.2099,90,0,0,0.1943208,0.1943208,0,-1,0,0.1943208,0,0,2.775558E-17,0,0,0.2045482,0.1943208,0,0,4.358178,6.702914,0,0.2045482,-0.2045482,9.649885,68.92761,0.03410022,0.2137529,0,0,6.702914
7/13/2007 4:00:00 AM,0,0,-119.7471,90,0,0,0.4578412,0.4578412,0,-1,0,0.4578412,0,0,5.551115E-17,0,0,0.4819381,0.4578412,0,0,4.585454,6.498366,0,0.4819381,-0.4819381,9.141877,65.299,0.03410022,0.5036253,0,0,6.498366
7/13/2007 5:00:00 AM,0,0,-115.0197,90,0,0,0.2293211,0.2293211,0,0,0,0.2293211,0,0,0,0,0,0.2413907,0.2293211,0,0,5.12094,6.016428,0,0.2413907,-0.2413907,8.887429,63.48151,0.03410022,0.2522532,0,0,6.016428
7/13/2007 6:00:00 AM,0.006451462,1.148625,-112.0672,92.24483,0.006342685,0.02846597,0.01206926,0.01206926,0,0,0,0.01206926,235.8552,0,0,0,0.02846597,0.01270448,0.01206926,0,0,5.389152,5.775037,0.01576149,0,0.01576149,8.902382,63.58831,0.03409985,0.01327618,0.02277278,0,5.803503
7/13/2007 7:00:00 AM,0.05433435,14.96376,-110.468,78.34768,0.05387707,0.2418003,0.848208,0.848208,0,0,0,0.848208,28.50719,0,1.110223E-16,0,0.2418003,0.8928506,0.848208,0,0,5.373391,5.789223,0,0.6510503,-0.6510503,8.216115,58.68642,0.03409985,0.9330288,0.1934402,0,6.031023
7/13/2007 8:00:00 AM,0.1180673,28.86644,-110.186,64.5741,0.1172457,0.5261986,0.7612928,0.7612928,0,0,0,0.7612928,69.11908,0,0,0,0.5261986,0.8013608,0.7612928,0,0,6.09678,5.138172,0,0.2751623,-0.2751623,7.926068,56.61466,0.03409985,0.8374221,0.4209589,0,5.664371
7/13/2007 9:00:00 AM,0.1169444,42.72081,-111.6584,51.13786,0.1162634,0.5217903,0,0,0,-1,0,0,0,0,0,0,0.5217903,0,0,0,0,6.402516,4.86301,0.5217903,0,0.5217903,8.421082,60.15047,0.03408777,0,0.4174323,0,5.3848
7/13/2007 10:00:00 AM,0.2873504,56.28881,-116.4029,38.4835,0.2853639,1.280713,0.6267439,0.6267439,0,0,0,0.6267439,204.3439,0,0,0,1.280713,0.6597304,0.6267439,0,0,5.880725,5.332621,0.6209825,0,0.6209825,9.010198,64.35843,0.0340734,0.6894183,1.02457,0,6.613334
7/13/2007 11:00:00 AM,0.3872503,68.83933,-129.7478,27.77632,0.3839618,1.723221,0,0,0,0,0,0,0,0,0,0,1.723221,0,0,0,0,5.259743,5.891506,1.723221,0,1.723221,10.64499,76.03548,0.03403359,0,1.378577,0,7.614726
7/13/2007 12:00:00 PM,0.2576589,76.84056,-170.1185,22.11087,0.2561617,1.149654,0.04413997,0.04413997,0,0,0,0.04413997,2604.563,0,0,0,1.149654,0.04646313,0.04413997,0,0,3.536522,7.442404,1.10319,0,1.10319,11.69157,83.51102,0.03400816,0.04855397,0.9197228,0,8.592058
7/13/2007 1:00:00 PM,0.1185794,72.2782,138.4059,25.17706,0.1179484,0.5293523,0.457972,0.457972,0,0,0,0.457972,115.5862,0,0,0,0.5293523,0.4820758,0.457972,0,0,2.433332,8.435275,0.04727647,0,0.04727647,11.73642,83.83138,0.03400706,0.5037692,0.4234818,0,8.964628
7/13/2007 2:00:00 PM,0.2537559,60.50893,119.268,34.7289,0.2522052,1.131897,1.073284,1.073284,0,-1,0,1.073284,105.4611,0,0,0,1.131897,1.129773,1.073284,0,0,2.386055,8.477824,0.002124251,0,0.002124251,11.73843,83.84578,0.03400702,1.180612,0.9055175,0,9.609721
7/13/2007 3:00:00 PM,0.1854055,47.13818,112.6982,46.94492,0.1842602,0.82696,0,0,0,0,0,0,0,0,0,0,0.82696,0,0,0,0,2.383931,8.479736,0.82696,0,0.82696,12.52296,89.4495,0.03398798,0,0.661568,0,9.306696
7/13/2007 4:00:00 PM,0.1490619,33.33981,110.4279,60.19738,0.1480356,0.6643839,0,0,0,0,0,0,0,0,0,0,0.6643839,0,0,0,0,1.556971,9.224,0.6643839,0,0.6643839,13.15324,93.95157,0.03397269,0,0.5315071,0,9.888384
7/13/2007 5:00:00 PM,0.05583386,19.43588,110.2244,73.89201,0.05544472,0.2488359,1.262724,1.262724,0,0,0,1.262724,19.70628,0,0,0,0.2488359,1.329183,1.262724,0,0,0.8925872,9.821946,0,1.080347,-1.080347,12.01446,85.8174,0.03397269,1.388996,0.1990687,0,10.07078
7/13/2007 6:00:00 PM,0.07340061,5.579061,111.4139,87.76666,0.04587227,0.2058748,0.6516472,0.6516472,0,0,0,0.6516472,31.59298,0,1.110223E-16,0,0.2058748,0.6859444,0.6516472,0,0,2.092973,8.741599,0,0.4800697,-0.4800697,11.50842,82.20285,0.03397269,0.7168119,0.1646998,0,8.947474
7/13/2007 7:00:00 PM,0,0,113.9043,90,0,0,1.548628,1.548628,0,-1,0,1.548628,0,0,2.220446E-16,0,0,1.630135,1.548628,0,0,2.626384,8.261529,0,1.630135,-1.630135,9.79011,69.92921,0.03397269,1.703491,0,0,8.261529
7/13/2007 8:00:00 PM,0,0,117.9868,90,0,0,0.4468892,0.4468892,0,-1,0,0.4468892,0,0,5.551115E-17,0,0,0.4704096,0.4468892,0,0,4.437644,6.631394,0,0.4704096,-0.4704096,9.294254,66.3874,0.03397269,0.4915781,0,0,6.631394
7/13/2007 9:00:00 PM,0,0,124.4184,90,0,0,2.622036,2.622036,0,-1,0,2.622036,0,0,4.440892E-16,0,0,2.760037,2.622036,0,0,4.960321,6.160985,0,2.760037,-2.760037,6.384919,45.60647,0.03397269,2.884239,0,0,6.160985
7/13/2007 10:00:00 PM,0,0,134.7149,90,0,0,0.1952665,0.1952665,0,-1,0,0.1952665,0,0,2.775558E-17,0,0,0.2055437,0.1952665,0,0,8.02703,3.400947,0,0.2055437,-0.2055437,6.168257,44.05889,0.03397269,0.2147931,0,0,3.400947
7/13/2007 11:00:00 PM,0,0,151.358,90,0,0,0,0,0,-1,0,0,0,0,0,0,0,0,0,0,0,8.255411,3.195404,0,0,0,6.168257,44.05889,0.03397269,0,0,0,3.195404
7/14/2007 12:00:00 AM,0,0,175.5741,90,0,0,0.3640608,0.3640608,0,-1,0,0.3640608,0,0,5.551115E-17,0,0,0.3832219,0.3640608,0,0,8.255411,3.195404,0,0.3832219,-0.3832219,5.764306,41.17353,0.03397269,0.4004669,0,0,3.195404
7/14/2007 1:00:00 AM,0,0,-158.3881,90,0,0,0.3913009,0.3913009,0,-1,0,0.3913009,0,0,5.551115E-17,0,0,0.4118957,0.3913009,0,0,8.681213,2.812182,0,0.4118957,-0.4118957,5.330129,38.07228,0.03397269,0.430431,0,0,2.812182
7/14/2007 2:00:00 AM,0,0,-139.1278,90,0,0,0.2832808,0.2832808,0,-1,0,0.2832808,0,0,5.551115E-17,0,0,0.2981904,0.2832808,0,0,9.138876,2.400286,0,0.2981904,-0.2981904,5.015809,35.82714,0.03397269,0.3116089,0,0,2.400286
7/14/2007 3:00:00 AM,0,0,-127.0759,90,0,0,0.4497456,0.4497456,0,-1,0,0.4497456,0,0,5.551115E-17,0,0,0.4734164,0.4497456,0,0,9.470199,2.102096,0,0.4734164,-0.4734164,4.516784,32.26268,0.03397269,0.4947202,0,0,2.102096
7/14/2007 4:00:00 AM,0,0,-119.6125,90,0,0,0.3796978,0.3796978,0,-1,0,0.3796978,0,0,0,0,0,0.3996819,0.3796978,0,0,9.996217,1.628679,0,0.3996819,-0.3996819,4.095483,29.25339,0.03397269,0.4176676,0,0,1.628679
7/14/2007 5:00:00 AM,0,0,-114.8856,90,0,0,0.05629338,0.05629338,0,0,0,0.05629338,0,0,6.938894E-18,0,0,0.05925619,0.05629338,0,0,10.44031,1.228997,0,0.05925619,-0.05925619,4.033021,28.80724,0.03397269,0.06192272,0,0,1.228997
7/14/2007 6:00:00 AM,0.03096493,1.093582,-111.9299,92.27927,0.0104021,0.04668463,0.01790393,0.01790393,0,0,0,0.01790393,260.7508,0,0,0,0.04668463,0.01884624,0.01790393,0,0,10.50615,1.169741,0.02783839,0,0.02783839,4.059431,28.99588,0.03397205,0.01969432,0.03734771,0,1.216426
7/14/2007 7:00:00 AM,0.1838458,14.92188,-110.3212,78.36777,0.1612006,0.7234684,0.6984543,0.6984543,0,0,0,0.6984543,103.5814,0,0,0,0.7234684,0.735215,0.6984543,0,0,10.47831,1.194796,0,0.01174658,-0.01174658,4.047049,28.90743,0.03397205,0.7682996,0.5787747,0,1.918264
7/14/2007 8:00:00 AM,0.408329,28.83837,-110.0201,64.57807,0.3726183,1.672311,0.3982059,0.3982059,0,0,0,0.3982059,419.9613,0,0,0,1.672311,0.4191642,0.3982059,0,0,10.49136,1.183049,1.253147,0,1.253147,5.235888,37.39913,0.03394327,0.4380265,1.337849,0,2.85536
7/14/2007 9:00:00 AM,0.4604961,42.70932,-111.4576,51.12149,0.4427866,1.987226,0.8330302,0.8330302,0,-1,0,0.8330302,238.5539,0,0,0,1.987226,0.8768739,0.8330302,0,0,9.238214,2.310881,1.110352,0,1.110352,6.289261,44.9232,0.0339178,0.9163333,1.589781,0,4.298108
7/14/2007 10:00:00 AM,0.8536347,56.30113,-116.1372,38.43814,0.807386,3.623548,1.018386,1.018386,0,0,0,1.018386,355.8128,0,0,0,3.623548,1.071985,1.018386,0,0,8.127862,3.310198,2.551563,0,2.551563,8.709886,62.21335,0.03385942,1.120225,2.898839,0,6.933746
7/14/2007 11:00:00 AM,0.7885396,68.89541,-129.3681,27.68657,0.7567551,3.396317,0,0,0,0,0,0,0,0,0,0,3.396317,0,0,0,0,5.576299,5.606605,3.396317,0,3.396317,11.93192,85.2278,0.03378203,0,2.717053,0,9.002922
7/14/2007 12:00:00 PM,0.8762435,76.9765,-169.8608,21.97105,0.8402829,3.77119,0.9982846,0.9982846,0,0,0,0.9982846,377.767,0.5403815,0,0,3.77119,1.050826,0.9982846,0,0,2.179982,8.66329,2.179982,0,2.179982,14.00003,100,0.03373254,1.098113,3.016952,0,12.43448
7/14/2007 1:00:00 PM,0.9341512,72.40292,138.1437,25.03659,0.8921635,4.00403,0.6417475,0.6417475,0,0,0,0.6417475,623.926,3.328506,0,0,4.00403,0.6755236,0.6417475,0,0,0,10.62527,0,0,0,14.00003,100,0.03373254,0.7059222,3.203224,0,14.6293
7/14/2007 2:00:00 PM,0.6551102,60.59206,119.0191,34.61873,0.6314663,2.834021,1.380947,1.380947,0,-1,0,1.380947,205.2231,1.380393,0,0,2.834021,1.453628,1.380947,0,0,0,10.62527,0,0,0,14.00003,100,0.03373254,1.519041,2.267216,0,13.45929
7/14/2007 3:00:00 PM,0.4078081,47.19656,112.4982,46.86072,0.3993232,1.792163,0.743304,0.743304,0,0,0,0.743304,241.1077,1.009737,0,0,1.792163,0.7824252,0.743304,0,0,0,10.62527,0,0,0,14.00003,100,0.03373254,0.8176343,1.43373,0,12.41744
7/14/2007 4:00:00 PM,0.3466385,33.38097,110.2578,60.13271,0.3328471,1.493818,0.3278786,0.3278786,0,0,0,0.3278786,455.6008,1.148682,0,0,1.493818,0.3451354,0.3278786,0,0,0,10.62527,0,0,0,14.00003,100,0.03373254,0.3606665,1.195054,0,12.11909
7/14/2007 5:00:00 PM,0.2109246,19.46269,110.0701,73.84319,0.196523,0.8819953,0.5710086,0.5710086,0,0,0,0.5710086,154.4627,0.2809336,0,0,0.8819953,0.6010616,0.5710086,0,0,0,10.62527,0,0,0,14.00003,100,0.03373254,0.6281095,0.7055962,0,11.50727
7/14/2007 6:00:00 PM,0.06277432,5.592162,111.2658,87.73214,0.04745904,0.2129962,1.355406,1.355406,0,0,0,1.355406,15.71457,0,2.220446E-16,0,0.2129962,1.426743,1.355406,0,0,0,10.62527,0,1.213747,-1.213747,12.72063,90.86143,0.03373254,1.490947,0.1703969,0,10.83827
7/14/2007 7:00:00 PM,0,0,113.7549,90,0,0,2.809039,2.809039,0,-1,0,2.809039,0,0,4.440892E-16,0,0,2.956883,2.809039,0,0,1.348608,9.411528,0,2.956883,-2.956883,9.603798,68.59842,0.03373254,3.089943,0,0,9.411528
7/14/2007 8:00:00 PM,0,0,117.8291,90,0,0,1.255449,1.255449,0,-1,0,1.255449,0,0,2.220446E-16,0,0,1.321526,1.255449,0,0,4.634033,6.454644,0,1.321526,-1.321526,8.210788,58.64837,0.03373254,1.380994,0,0,6.454644
7/14/2007 9:00:00 PM,0,0,124.2465,90,0,0,0.2938597,0.2938597,0,-1,0,0.2938597,0,0,5.551115E-17,0,0,0.309326,0.2938597,0,0,6.102395,5.133119,0,0.309326,-0.309326,7.884729,56.31939,0.03373254,0.3232456,0,0,5.133119
7/14/2007 10:00:00 PM,0,0,134.5284,90,0,0,0,0,0,-1,0,0,0,0,0,0,0,0,0,0,0,6.446091,4.823793,0,0,0,7.884729,56.31939,0.03373254,0,0,0,4.823793
7/14/2007 11:00:00 PM,0,0,151.1824,90,0,0,0.009374201,0.009374201,0,-1,0,0.009374201,0,0,0,0,0,0.009867581,0.009374201,0,0,6.446091,4.823793,0,0.009867581,-0.009867581,7.874328,56.24509,0.03373254,0.01031162,0,0,4.823793
7/15/2007 12:00:00 AM,0,0,175.4904,90,0,0,0.4248159,0.4248159,0,-1,0,0.4248159,0,0,5.551115E-17,0,0,0.4471746,0.4248159,0,0,6.457055,4.813925,0,0.4471746,-0.4471746,7.402965,52.87822,0.03373254,0.4672975,0,0,4.813925
7/15/2007 1:00:00 AM,0,0,-158.3312,90,0,0,0.2379865,0.2379865,0,-1,0,0.2379865,0,0,2.775558E-17,0,0,0.2505121,0.2379865,0,0,6.953915,4.366751,0,0.2505121,-0.2505121,7.138902,50.99205,0.03373254,0.2617852,0,0,4.366751
7/15/2007 2:00:00 AM,0,0,-139.0008,90,0,0,0.1458386,0.1458386,0,-1,0,0.1458386,0,0,2.775558E-17,0,0,0.1535144,0.1458386,0,0,7.232262,4.116238,0,0.1535144,-0.1535144,6.977084,49.83621,0.03373254,0.1604225,0,0,4.116238
7/15/2007 3:00:00 AM,0,0,-126.9335,90,0,0,0.03671815,0.03671815,0,-1,0,0.03671815,0,0,0,0,0,0.03865069,0.03671815,0,0,7.402833,3.962724,0,0.03865069,-0.03865069,6.936342,49.5452,0.03373254,0.04038997,0,0,3.962724
7/15/2007 4:00:00 AM,0,0,-119.4705,90,0,0,0.2698503,0.2698503,0,-1,0,0.2698503,0,0,5.551115E-17,0,0,0.284053,0.2698503,0,0,7.445779,3.924073,0,0.284053,-0.284053,6.636924,47.40651,0.03373254,0.2968354,0,0,3.924073
7/15/2007 5:00:00 AM,0,0,-114.7446,90,0,0,0.2390093,0.2390093,0,0,0,0.2390093,0,0,2.775558E-17,0,0,0.2515887,0.2390093,0,0,7.761393,3.64002,0,0.2515887,-0.2515887,6.371726,45.51224,0.03373254,0.2629102,0,0,3.64002
7/15/2007 6:00:00 AM,0.02824354,1.039117,-111.7859,92.31217,0.01265466,0.0567941,0.09678653,0.09678653,0,0,0,0.09678653,58.67975,0,0,0,0.0567941,0.1018806,0.09678653,0,0,8.040936,3.388432,0,0.04508646,-0.04508646,6.324201,45.17277,0.03373254,0.1064652,0.04543528,0,3.445226
7/15/2007 7:00:00 AM,0.09613665,14.8811,-110.1676,78.38577,0.09461224,0.4246197,0,0,0,0,0,0,0,0,0,0,0.4246197,0,0,0,0,8.091032,3.343345,0.4246197,0,0.4246197,6.72703,48.05012,0.03372291,0,0.3396958,0,3.767965
7/15/2007 8:00:00 AM,0.3207098,28.81193,-109.8471,64.57939,0.3038091,1.363495,0,0,0,0,0,0,0,0,0,0,1.363495,0,0,0,0,7.666412,3.725503,1.363495,0,1.363495,8.020555,57.28957,0.03369205,0,1.090796,0,5.088998
7/15/2007 9:00:00 AM,0.574026,42.7,-111.2486,51.10179,0.5402471,2.424629,0.8653842,0.8653842,0,-1,0,0.8653842,280.1795,0,0,0,2.424629,0.9109307,0.8653842,0,0,6.302917,4.952649,1.513698,0,1.513698,9.456576,67.54684,0.03365785,0.9519226,1.939703,0,7.377278
7/15/2007 10:00:00 AM,0.8288572,56.31635,-115.8611,38.38854,0.7847314,3.521875,0.9249123,0.9249123,0,0,0,0.9249123,380.7793,0,0,0,3.521875,0.9735919,0.9249123,0,0,4.789219,6.314977,2.548283,0,2.548283,11.87409,84.81476,0.03360044,1.017403,2.8175,0,9.836852
7/15/2007 11:00:00 AM,0.8380793,68.95564,-128.9742,27.59129,0.8021235,3.599931,0.8672212,0.8672212,0,0,0,0.8672212,415.111,0.44613,0,0,3.599931,0.9128644,0.8672212,0,0,2.240936,8.608432,2.240936,0,2.240936,14.00003,100,0.03355011,0.9539434,2.879944,0,12.20836
7/15/2007 12:00:00 PM,0.5110424,77.11884,-169.5995,21.82472,0.5041639,2.262688,0.6009904,0.6009904,0,0,0,0.6009904,376.4932,1.630066,0,0,2.262688,0.6326214,0.6009904,0,0,0,10.62527,0,0,0,14.00003,100,0.03355011,0.6610894,1.81015,0,12.88796
7/15/2007 1:00:00 PM,0.6464185,72.53065,137.8586,24.8915,0.629763,2.826376,0.8155798,0.8155798,0,0,0,0.8155798,346.5481,1.967871,0,0,2.826376,0.858505,0.8155798,0,0,0,10.62527,0,0,0,14.00003,100,0.03355011,0.8971378,2.261101,0,13.45165
7/15/2007 2:00:00 PM,0.7928439,60.67553,118.7554,34.50641,0.755349,3.390007,0.3603041,0.3603041,0,-1,0,0.3603041,940.8736,3.010739,0,0,3.390007,0.3792675,0.3603041,0,0,0,10.62527,0,0,0,14.00003,100,0.03355011,0.3963346,2.712005,0,14.01528
7/15/2007 3:00:00 PM,0.5607958,47.25414,112.2881,46.77588,0.5354915,2.403286,0,0,0,0,0,0,0,2.403286,0,0,2.403286,0,0,0,0,0,10.62527,0,0,0,14.00003,100,0.03355011,0,1.922629,0,13.02856
7/15/2007 4:00:00 PM,0.443875,33.42063,110.0796,60.06834,0.4131487,1.854211,0,0,0,0,0,0,0,1.854211,0,0,1.854211,0,0,0,0,0,10.62527,0,0,0,14.00003,100,0.03355011,0,1.483369,0,12.47949
7/15/2007 5:00:00 PM,0.2221665,19.48748,109.909,73.79536,0.204841,0.9193262,0,0,0,0,0,0,0,0.9193262,0,0,0.9193262,0,0,0,0,0,10.62527,0,0,0,14.00003,100,0.03355011,0,0.735461,0,11.5446
7/15/2007 6:00:00 PM,0.07087238,5.602749,111.1115,87.69917,0.04706637,0.2112339,0.1597991,0.1597991,0,0,0,0.1597991,132.1871,0.04302427,0,0,0.2112339,0.1682096,0.1597991,0,0,0,10.62527,0,0,0,14.00003,100,0.03355011,0.175779,0.1689871,0,10.83651
7/15/2007 7:00:00 PM,0,0,113.5995,90,0,0,1.865002,1.865002,0,-1,0,1.865002,0,0,2.220446E-16,0,0,1.96316,1.865002,0,0,0,10.62527,0,1.96316,-1.96316,11.93068,85.21894,0.03355011,2.051503,0,0,10.62527
7/15/2007 8:00:00 PM,0,0,117.6655,90,0,0,1.846513,1.846513,0,-1,0,1.846513,0,0,2.220446E-16,0,0,1.943698,1.846513,0,0,2.181289,8.662114,0,1.943698,-1.943698,9.881838,70.58441,0.03355011,2.031164,0,0,8.662114
7/15/2007 9:00:00 PM,0,0,124.0685,90,0,0,0.6876479,0.6876479,0,-1,0,0.6876479,0,0,0,0,0,0.7238399,0.6876479,0,0,4.340954,6.718416,0,0.7238399,-0.7238399,9.118843,65.13447,0.03355011,0.7564127,0,0,6.718416
7/15/2007 10:00:00 PM,0,0,134.3359,90,0,0,0.07375816,0.07375816,0,-1,0,0.07375816,0,0,0,0,0,0.07764018,0.07375816,0,0,5.14522,5.994576,0,0.07764018,-0.07764018,9.037004,64.5499,0.03355011,0.08113398,0,0,5.994576
7/15/2007 11:00:00 PM,0,0,151.0026,90,0,0,0.1221414,0.1221414,0,-1,0,0.1221414,0,0,0,0,0,0.1285699,0.1221414,0,0,5.231487,5.916936,0,0.1285699,-0.1285699,8.901479,63.58187,0.03355011,0.1343555,0,0,5.916936
7/16/2007 12:00:00 AM,0,0,175.4083,90,0,0,0.0115449,0.0115449,0,-1,0,0.0115449,0,0,1.734723E-18,0,0,0.01215252,0.0115449,0,0,5.374342,5.788366,0,0.01215252,-0.01215252,8.888669,63.49037,0.03355011,0.01269939,0,0,5.788366
7/16/2007 1:00:00 AM,0,0,-158.2663,90,0,0,0.2202118,0.2202118,0,-1,0,0.2202118,0,0,2.775558E-17,0,0,0.2318019,0.2202118,0,0,5.387846,5.776213,0,0.2318019,-0.2318019,8.644328,61.74508,0.03355011,0.2422329,0,0,5.776213
7/16/2007 2:00:00 AM,0,0,-138.8644,90,0,0,0.1027059,0.1027059,0,-1,0,0.1027059,0,0,1.387779E-17,0,0,0.1081115,0.1027059,0,0,5.645403,5.544412,0,0.1081115,-0.1081115,8.530369,60.93108,0.03355011,0.1129765,0,0,5.544412
7/16/2007 3:00:00 AM,0,0,-126.7825,90,0,0,0.08887892,0.08887892,0,-1,0,0.08887892,0,0,1.387779E-17,0,0,0.09355675,0.08887892,0,0,5.765527,5.4363,0,0.09355675,-0.09355675,8.431751,60.22668,0.03355011,0.09776681,0,0,5.4363
7/16/2007 4:00:00 AM,0,0,-119.3209,90,0,0,0.1815229,0.1815229,0,-1,0,0.1815229,0,0,0,0,0,0.1910767,0.1815229,0,0,5.869479,5.342743,0,0.1910767,-0.1910767,8.230339,58.78802,0.03355011,0.1996752,0,0,5.342743
7/16/2007 5:00:00 AM,0,0,-114.5968,90,0,0,0.1019627,0.1019627,0,0,0,0.1019627,0,0,1.387779E-17,0,0,0.1073292,0.1019627,0,0,6.081786,5.151667,0,0.1073292,-0.1073292,8.117204,57.97991,0.03355011,0.112159,0,0,5.151667
7/16/2007 6:00:00 AM,0.006280974,0.985298,-111.6353,92.34343,0.0061741,0.02770936,0.551947,0.551947,0,0,0,0.551947,5.020294,0,0,0,0.02770936,0.5809968,0.551947,0,0,6.201041,5.044337,0,0.5532874,-0.5532874,7.533988,53.81409,0.03355011,0.6071417,0.02216749,0,5.072047
7/16/2007 7:00:00 AM,0.07095604,14.84148,-110.0073,78.40162,0.07027122,0.3153772,0.5988318,0.5988318,0,0,0,0.5988318,52.66541,0,0,0,0.3153772,0.6303493,0.5988318,0,0,6.815805,4.49105,0,0.3149721,-0.3149721,7.201978,51.4426,0.03355011,0.658715,0.2523018,0,4.806427
7/16/2007 8:00:00 AM,0.1282449,28.78713,-109.6668,64.57802,0.1273315,0.5714636,1.087272,1.087272,0,0,0,1.087272,52.55939,0,0,0,0.5714636,1.144497,1.087272,0,0,7.165774,4.176078,0,0.5730334,-0.5730334,6.597948,47.12811,0.03355011,1.195999,0.4571709,0,4.747541
7/16/2007 9:00:00 AM,0.1390971,42.69286,-111.0312,51.07875,0.1382642,0.6205295,0.3708283,0.3708283,0,-1,0,0.3708283,167.3361,0,0,0,0.6205295,0.3903456,0.3708283,0,0,7.802477,3.603045,0.2301839,0,0.2301839,6.816319,48.6879,0.03354495,0.4079112,0.4964237,0,4.223574
7/16/2007 10:00:00 AM,0.188094,56.33443,-115.5746,38.33472,0.1869984,0.8392487,1.11696,1.11696,0,0,0,1.11696,75.13686,0,0,0,0.8392487,1.175747,1.11696,0,0,7.572294,3.81021,0,0.3364988,-0.3364988,6.461619,46.15433,0.03354495,1.228656,0.6713989,0,4.649459
7/16/2007 11:00:00 AM,0.458496,69.01995,-128.5659,27.49051,0.4530478,2.033279,1.035034,1.035034,0,0,0,1.035034,196.4456,0,0,0,2.033279,1.08951,1.035034,0,0,7.946181,3.473711,0.9437691,0,0.9437691,7.356956,52.54959,0.03352381,1.138538,1.626623,0,5.50699
7/16/2007 12:00:00 PM,0.4082866,77.26753,-169.3343,21.67191,0.4049076,1.817225,0.07012632,0.07012632,0,0,0,0.07012632,2591.36,0,0,0,1.817225,0.07381718,0.07012632,0,0,7.002412,4.323103,1.743408,0,1.743408,9.010899,64.36343,0.03348482,0.07713895,1.45378,0,6.140329
7/16/2007 1:00:00 PM,0.5565176,72.66121,137.55,24.74191,0.5466353,2.453299,0.09294009,0.09294009,0,0,0,0.09294009,2639.656,0,0,0,2.453299,0.09783167,0.09294009,0,0,5.259004,5.892171,2.355468,0,2.355468,11.24549,80.32478,0.03343229,0.1022341,1.962639,0,8.34547
7/16/2007 2:00:00 PM,0.4986188,60.75919,118.4768,34.39207,0.4893817,2.196345,0,0,0,-1,0,0,0,0,0,0,2.196345,0,0,0,0,2.903536,8.012092,2.196345,0,2.196345,13.32913,95.20786,0.03338345,0,1.757076,0,10.20844
7/16/2007 3:00:00 PM,0.2993932,47.3108,112.0677,46.69051,0.2965903,1.331097,0.2956044,0.2956044,0,0,0,0.2956044,450.2969,0.3127435,0,0,1.331097,0.3111625,0.2956044,0,0,0.7071913,9.988802,0.7071913,0,0.7071913,14.00003,100,0.03336776,0.3251648,1.064878,0,11.3199
7/16/2007 4:00:00 PM,0.3020035,33.45871,109.8935,60.00438,0.2941083,1.319958,0.3221763,0.3221763,0,0,0,0.3221763,409.7006,0.9808251,0,0,1.319958,0.3391329,0.3221763,0,0,0,10.62527,0,0,0,14.00003,100,0.03336776,0.3543939,1.055966,0,11.94523
7/16/2007 5:00:00 PM,0.1144978,19.51016,109.7411,73.7486,0.1132706,0.5083584,1.187549,1.187549,0,0,0,1.187549,42.80734,0,0,0,0.5083584,1.250052,1.187549,0,0,0,10.62527,0,0.7416937,-0.7416937,13.21821,94.41563,0.03336776,1.306304,0.4066867,0,11.13363
7/16/2007 6:00:00 PM,0.04302098,5.610759,110.9511,87.66782,0.04037866,0.1812194,0,0,0,0,0,0,0,0,0,0,0.1812194,0,0,0,0,0.8241041,9.88358,0.1812194,0,0.1812194,13.39013,95.64362,0.03336374,0,0.1449756,0,10.0648
7/16/2007 7:00:00 PM,0,0,113.4381,90,0,0,0.05075737,0.05075737,0,-1,0,0.05075737,0,0,6.938894E-18,0,0,0.05342881,0.05075737,0,0,0.6428846,10.04668,0,0.05342881,-0.05342881,13.33382,95.24135,0.03336374,0.05583311,0,0,10.04668
7/16/2007 8:00:00 PM,0,0,117.4959,90,0,0,0.724228,0.724228,0,-1,0,0.724228,0,0,1.110223E-16,0,0,0.7623453,0.724228,0,0,0.7022499,9.993249,0,0.7623453,-0.7623453,12.53023,89.50148,0.03336374,0.7966508,0,0,9.993249
7/16/2007 9:00:00 PM,0,0,123.8844,90,0,0,0.1389498,0.1389498,0,-1,0,0.1389498,0,0,2.775558E-17,0,0,0.146263,0.1389498,0,0,1.5493,9.230904,0,0.146263,-0.146263,12.37606,88.40024,0.03336374,0.1528448,0,0,9.230904
7/16/2007 10:00:00 PM,0,0,134.1374,90,0,0,0.1277429,0.1277429,0,-1,0,0.1277429,0,0,2.775558E-17,0,0,0.1344663,0.1277429,0,0,1.711815,9.084641,0,0.1344663,-0.1344663,12.23432,87.38781,0.03336374,0.1405172,0,0,9.084641
7/16/2007 11:00:00 PM,0,0,150.8185,90,0,0,0.4603969,0.4603969,0,-1,0,0.4603969,0,0,5.551115E-17,0,0,0.4846283,0.4603969,0,0,1.861222,8.950174,0,0.4846283,-0.4846283,11.72348,83.73894,0.03336374,0.5064365,0,0,8.950174
7/17/2007 12:00:00 AM,0,0,175.3279,90,0,0,0.4653043,0.4653043,0,-1,0,0.4653043,0,0,5.551115E-17,0,0,0.489794,0.4653043,0,0,2.399698,8.465547,0,0.489794,-0.489794,11.20719,80.05118,0.03336374,0.5118347,0,0,8.465547
7/17/2007 1:00:00 AM,0,0,-158.1933,90,0,0,0,0,0,-1,0,0,0,0,0,0,0,0,0,0,0,2.943913,7.975752,0,0,0,11.20719,80.05118,0.03336374,0,0,0,7.975752
7/17/2007 2:00:00 AM,0,0,-138.7185,90,0,0,0.07773232,0.07773232,0,-1,0,0.07773232,0,0,1.387779E-17,0,0,0.0818235,0.07773232,0,0,2.943913,7.975752,0,0.0818235,-0.0818235,11.12094,79.4351,0.03336374,0.08550556,0,0,7.975752
7/17/2007 3:00:00 AM,0,0,-126.623,90,0,0,0.02734626,0.02734626,0,-1,0,0.02734626,0,0,3.469447E-18,0,0,0.02878554,0.02734626,0,0,3.034828,7.893929,0,0.02878554,-0.02878554,11.09059,79.21838,0.03336374,0.03008089,0,0,7.893929
7/17/2007 4:00:00 AM,0,0,-119.1638,90,0,0,0,0,0,-1,0,0,0,0,0,0,0,0,0,0,0,3.066812,7.865143,0,0,0,11.09059,79.21838,0.03336374,0,0,0,7.865143
7/17/2007 5:00:00 AM,0,0,-114.442,90,0,0,0.2764233,0.2764233,0,0,0,0.2764233,0,0,5.551115E-17,0,0,0.2909719,0.2764233,0,0,3.066812,7.865143,0,0.2909719,-0.2909719,10.78388,77.02759,0.03336374,0.3040656,0,0,7.865143
7/17/2007 6:00:00 AM,0.01930604,0.9321948,-111.4782,92.373,0.01597366,0.07168981,0.3242221,0.3242221,0,0,0,0.3242221,22.11132,0,0,0,0.07168981,0.3412865,0.3242221,0,0,3.390114,7.574172,0,0.2695967,-0.2695967,10.4997,74.99773,0.03336374,0.3566444,0.05735184,0,7.645861
7/17/2007 7:00:00 AM,0.2186964,14.80307,-109.8404,78.41528,0.1809142,0.8119431,0.903764,0.903764,0,0,0,0.903764,89.84016,0,1.110223E-16,0,0.8119431,0.9513305,0.903764,0,0,3.689666,7.304575,0,0.1393874,-0.1393874,10.35278,73.94826,0.03336374,0.9941404,0.6495545,0,8.116518
7/17/2007 8:00:00 AM,0.2528263,28.76401,-109.4794,64.57392,0.2462221,1.105045,1.692109,1.692109,0,0,0,1.692109,65.30578,0,0,0,1.105045,1.781167,1.692109,0,0,3.844541,7.165187,0,0.6761224,-0.6761224,9.64008,68.85758,0.03336374,1.86132,0.8840359,0,8.270232
7/17/2007 9:00:00 AM,0.5427982,42.6879,-110.8057,51.05236,0.513996,2.306814,0.1201305,0.1201305,0,-1,0,0.1201305,1920.256,0,0,0,2.306814,0.1264532,0.1201305,0,0,4.595788,6.489065,2.180361,0,2.180361,11.70855,83.63235,0.03331546,0.1321436,1.845451,0,8.795879
7/17/2007 10:00:00 AM,0.9556172,56.35537,-115.2777,38.27671,0.9045331,4.059545,0,0,0,0,0,0,0,1.644118,0,0,4.059545,0,0,0,0,2.415427,8.451389,2.415427,0,2.415427,14.00003,100,0.03326213,0,3.247636,0,12.51093
7/17/2007 11:00:00 AM,1.090765,69.08829,-128.1431,27.38428,1.040236,4.668581,1.306279,1.306279,0,0,0,1.306279,357.3954,3.29355,0,0,4.668581,1.37503,1.306279,0,0,0,10.62527,0,0,0,14.00003,100,0.03326213,1.436907,3.734864,0,15.29385
7/17/2007 12:00:00 PM,0.9703993,77.42256,-169.0651,21.51267,0.9289451,4.169106,0.1453276,0.1453276,0,0,0,0.1453276,2868.763,4.016129,0,0,4.169106,0.1529765,0.1453276,0,0,0,10.62527,0,0,0,14.00003,100,0.03326213,0.1598604,3.335284,0,14.79438
7/17/2007 1:00:00 PM,0.7936903,72.79443,137.2172,24.58792,0.7641606,3.429553,1.064301,1.064301,0,0,0,1.064301,322.2353,2.309236,0,0,3.429553,1.120317,1.064301,0,0,0,10.62527,0,0,0,14.00003,100,0.03326213,1.170731,2.743642,0,14.05483
7/17/2007 2:00:00 PM,0.6973851,60.84288,118.1833,34.27585,0.6701192,3.007495,1.141631,1.141631,0,-1,0,1.141631,263.4385,1.805778,0,0,3.007495,1.201717,1.141631,0,0,0,10.62527,0,0,0,14.00003,100,0.03326213,1.255794,2.405996,0,13.63277
7/17/2007 3:00:00 PM,0.7031091,47.36641,111.8371,46.60474,0.6612845,2.967845,1.280663,1.280663,0,0,0,1.280663,231.7428,1.619778,0,0,2.967845,1.348067,1.280663,0,0,0,10.62527,0,0,0,14.00003,100,0.03326213,1.40873,2.374276,0,13.59312
7/17/2007 4:00:00 PM,0.3935613,33.49509,109.6995,59.94091,0.3726798,1.672587,0.8754354,0.8754354,0,0,0,0.8754354,191.0577,0.751076,0,0,1.672587,0.9215109,0.8754354,0,0,0,10.62527,0,0,0,14.00003,100,0.03326213,0.9629789,1.33807,0,12.29786
7/17/2007 5:00:00 PM,0.2490695,19.53066,109.5664,73.703,0.2239458,1.005069,0.1406855,0.1406855,0,0,0,0.1406855,714.408,0.8569787,0,0,1.005069,0.14809,0.1406855,0,0,0,10.62527,0,0,0,14.00003,100,0.03326213,0.1547541,0.8040549,0,11.63034
7/17/2007 6:00:00 PM,0.07002897,5.616132,110.7845,87.63818,0.04772853,0.2142057,2.331805,2.331805,0,0,0,2.331805,9.186259,0,0,0,0.2142057,2.454531,2.331805,0,0,0,10.62527,0,2.240326,-2.240326,11.63852,83.1321,0.03326213,2.564986,0.1713645,0,10.83948
7/17/2007 7:00:00 PM,0,0,113.2709,90,0,0,0,0,0,-1,0,0,0,0,0,0,0,0,0,0,0,2.489251,8.384949,0,0,0,11.63852,83.1321,0.03326213,0,0,0,8.384949
7/17/2007 8:00:00 PM,0,0,117.3204,90,0,0,1.21636,1.21636,0,-1,0,1.21636,0,0,2.220446E-16,0,0,1.280379,1.21636,0,0,2.489251,8.384949,0,1.280379,-1.280379,10.28888,73.49184,0.03326213,1.337996,0,0,8.384949
7/17/2007 9:00:00 PM,0,0,123.6943,90,0,0,0.9044252,0.9044252,0,-1,0,0.9044252,0,0,1.110223E-16,0,0,0.9520265,0.9044252,0,0,3.911895,7.104569,0,0.9520265,-0.9520265,9.285355,66.32383,0.03326213,0.9948677,0,0,7.104569
7/17/2007 10:00:00 PM,0,0,133.933,90,0,0,0.2934345,0.2934345,0,-1,0,0.2934345,0,0,5.551115E-17,0,0,0.3088784,0.2934345,0,0,4.969702,6.152542,0,0.3088784,-0.3088784,8.959768,63.99821,0.03326213,0.322778,0,0,6.152542
7/17/2007 11:00:00 PM,0,0,150.6301,90,0,0,0.1543986,0.1543986,0,-1,0,0.1543986,0,0,2.775558E-17,0,0,0.1625248,0.1543986,0,0,5.312901,5.843664,0,0.1625248,-0.1625248,8.788452,62.77453,0.03326213,0.1698384,0,0,5.843664
7/18/2007 12:00:00 AM,0,0,175.2492,90,0,0,0.2142019,0.2142019,0,-1,0,0.2142019,0,0,2.775558E-17,0,0,0.2254757,0.2142019,0,0,5.493484,5.681139,0,0.2254757,-0.2254757,8.550779,61.07688,0.03326213,0.2356221,0,0,5.681139
7/18/2007 1:00:00 AM,0,0,-158.1118,90,0,0,0,0,0,-1,0,0,0,0,0,0,0,0,0,0,0,5.744012,5.455663,0,0,0,8.550779,61.07688,0.03326213,0,0,0,5.455663
7/18/2007 2:00:00 AM,0,0,-138.563,90,0,0,0.03820268,0.03820268,0,-1,0,0.03820268,0,0,0,0,0,0.04021335,0.03820268,0,0,5.744012,5.455663,0,0.04021335,-0.04021335,8.508391,60.7741,0.03326213,0.04202295,0,0,5.455663
7/18/2007 3:00:00 AM,0,0,-126.4549,90,0,0,0.1849197,0.1849197,0,-1,0,0.1849197,0,0,0,0,0,0.1946523,0.1849197,0,0,5.788693,5.41545,0,0.1946523,-0.1946523,8.303209,59.30852,0.03326213,0.2034116,0,0,5.41545
7/18/2007 4:00:00 AM,0,0,-118.9991,90,0,0,0.3488724,0.3488724,0,-1,0,0.3488724,0,0,0,0,0,0.3672341,0.3488724,0,0,6.004974,5.220798,0,0.3672341,-0.3672341,7.916111,56.54354,0.03326213,0.3837596,0,0,5.220798
7/18/2007 5:00:00 AM,0,0,-114.2805,90,0,0,0.2107267,0.2107267,0,0,0,0.2107267,0,0,2.775558E-17,0,0,0.2218176,0.2107267,0,0,6.413012,4.853564,0,0.2218176,-0.2218176,7.682295,54.87342,0.03326213,0.2317993,0,0,4.853564
7/18/2007 6:00:00 AM,0.01589438,0.8798743,-111.3145,92.40082,0.01455947,0.06534288,0.01401838,0.01401838,0,0,0,0.01401838,466.1228,0,0,0,0.06534288,0.01475619,0.01401838,0,0,6.659476,4.631746,0.05058669,0,0.05058669,7.730286,55.21621,0.03326102,0.01542022,0.05227431,0,4.697089
7/18/2007 7:00:00 AM,0.08759967,14.76592,-109.6669,78.4267,0.08648905,0.3881629,0.4602614,0.4602614,0,0,0,0.4602614,84.3353,0,5.551115E-17,0,0.3881629,0.4844857,0.4602614,0,0,6.608889,4.677274,0,0.09632282,-0.09632282,7.628752,54.49098,0.03326102,0.5062875,0.3105303,0,5.065437
7/18/2007 8:00:00 AM,0.2664995,28.74261,-109.2849,64.56708,0.2583607,1.159523,0,0,0,0,0,0,0,0,0,0,1.159523,0,0,0,0,6.715914,4.580951,1.159523,0,1.159523,8.728772,62.34825,0.03323548,0,0.9276184,0,5.740474
7/18/2007 9:00:00 AM,0.2444507,42.68515,-110.572,51.02261,0.2425314,1.088481,0.8400989,0.8400989,0,-1,0,0.8400989,129.5658,0,0,0,1.088481,0.8843147,0.8400989,0,0,5.556391,5.624522,0.2041664,0,0.2041664,8.922462,63.73174,0.03323099,0.9241088,0.8707848,0,6.713003
7/18/2007 10:00:00 AM,0.3355524,56.37913,-114.9704,38.2145,0.3327254,1.493272,1.076315,1.076315,0,0,0,1.076315,138.7393,0,0,0,1.493272,1.132963,1.076315,0,0,5.352225,5.808272,0.3603084,0,0.3603084,9.26428,66.1733,0.03322307,1.183946,1.194617,0,7.301543
7/18/2007 11:00:00 AM,0.3559815,69.16058,-127.7057,27.27263,0.3533949,1.586036,1.626948,1.626948,0,0,0,1.626948,97.48534,0,0,0,1.586036,1.712577,1.626948,0,0,4.991917,6.132549,0,0.1265411,-0.1265411,9.130895,65.22054,0.03322307,1.789643,1.268829,0,7.718585
7/18/2007 12:00:00 PM,0.3544324,77.58388,-168.7916,21.34702,0.3520478,1.579991,0,0,0,0,0,0,0,0,0,0,1.579991,0,0,0,0,5.132518,6.006008,1.579991,0,1.579991,10.6298,75.92702,0.03318836,0,1.263992,0,7.585999
7/18/2007 1:00:00 PM,0.3875355,72.93013,136.8595,24.42962,0.3844864,1.725575,0,0,0,0,0,0,0,0,0,0,1.725575,0,0,0,0,3.552527,7.428,1.725575,0,1.725575,12.26683,87.62003,0.03315054,0,1.38046,0,9.153575
7/18/2007 2:00:00 PM,0.3691744,60.92642,117.8747,34.15789,0.3658815,1.642076,1.386105,1.386105,0,-1,0,1.386105,118.4669,0,0,0,1.642076,1.459058,1.386105,0,0,1.826952,8.981017,0.1830179,0,0.1830179,12.44045,88.86021,0.03314653,1.524716,1.313661,0,10.62309
7/18/2007 3:00:00 PM,0.165993,47.42084,111.5963,46.51868,0.1650028,0.7405326,0.9410648,0.9410648,0,0,0,0.9410648,78.69093,0,1.110223E-16,0,0.7405326,0.9905944,0.9410648,0,0,1.643934,9.145733,0,0.2500618,-0.2500618,12.17687,86.97745,0.03314653,1.035171,0.5924261,0,9.886266
7/18/2007 4:00:00 PM,0.1565489,33.52969,109.4977,59.87806,0.1554705,0.6977517,0.4989251,0.4989251,0,0,0,0.4989251,139.851,0,0,0,0.6977517,0.5251843,0.4989251,0,0,1.921781,8.895672,0.1725674,0,0.1725674,12.34058,88.14681,0.03314275,0.5488176,0.5582014,0,9.593423
7/18/2007 5:00:00 PM,0.1560073,19.54889,109.3851,73.65863,0.1521353,0.6827832,0.8532444,0.8532444,0,0,0,0.8532444,80.022,0,0,0,0.6827832,0.8981521,0.8532444,0,0,1.749213,9.050982,0,0.2153688,-0.2153688,12.11356,86.52525,0.03314275,0.9385689,0.5462266,0,9.733766
7/18/2007 6:00:00 PM,0.06068268,5.618807,110.6119,87.61028,0.04799329,0.2153939,0,0,0,0,0,0,0,0,0,0,0.2153939,0,0,0,0,1.988512,8.835613,0.2153939,0,0.2153939,12.3179,87.98483,0.03313804,0,0.1723151,0,9.051007
7/18/2007 7:00:00 PM,0,0,113.0979,90,0,0,1.672353,1.672353,0,-1,0,1.672353,0,0,2.220446E-16,0,0,1.760371,1.672353,0,0,1.773118,9.029468,0,1.760371,-1.760371,10.46231,74.73061,0.03313804,1.839588,0,0,9.029468
7/18/2007 8:00:00 PM,0,0,117.1392,90,0,0,0.9736344,0.9736344,0,-1,0,0.9736344,0,0,1.110223E-16,0,0,1.024878,0.9736344,0,0,3.729086,7.269096,0,1.024878,-1.024878,9.381989,67.01408,0.03313804,1.070998,0,0,7.269096
7/18/2007 9:00:00 PM,0,0,123.4982,90,0,0,0.8255305,0.8255305,0,-1,0,0.8255305,0,0,1.110223E-16,0,0,0.8689795,0.8255305,0,0,4.86784,6.244218,0,0.8689795,-0.8689795,8.466004,60.47134,0.03313804,0.9080836,0,0,6.244218
7/18/2007 10:00:00 PM,0,0,133.7228,90,0,0,0.04278689,0.04278689,0,-1,0,0.04278689,0,0,6.938894E-18,0,0,0.04503883,0.04278689,0,0,5.833373,5.375239,0,0.04503883,-0.04503883,8.41853,60.13223,0.03313804,0.04706558,0,0,5.375239
7/18/2007 11:00:00 PM,0,0,150.4375,90,0,0,0.06863402,0.06863402,0,-1,0,0.06863402,0,0,1.387779E-17,0,0,0.07224634,0.06863402,0,0,5.883416,5.3302,0,0.07224634,-0.07224634,8.342376,59.58828,0.03313804,0.07549742,0,0,5.3302
7/19/2007 12:00:00 AM,0,0,175.1724,90,0,0,0,0,0,-1,0,0,0,0,0,0,0,0,0,0,0,5.96369,5.257954,0,0,0,8.342376,59.58828,0.03313804,0,0,0,5.257954
7/19/2007 1:00:00 AM,0,0,-158.0217,90,0,0,0.1447719,0.1447719,0,-1,0,0.1447719,0,0,2.775558E-17,0,0,0.1523914,0.1447719,0,0,5.96369,5.257954,0,0.1523914,-0.1523914,8.181741,58.44089,0.03313804,0.1592491,0,0,5.257954
7/19/2007 2:00:00 AM,0,0,-138.3976,90,0,0,0.1979017,0.1979017,0,-1,0,0.1979017,0,0,0,0,0,0.2083176,0.1979017,0,0,6.133013,5.105562,0,0.2083176,-0.2083176,7.962154,56.87242,0.03313804,0.2176919,0,0,5.105562
7/19/2007 3:00:00 AM,0,0,-126.2782,90,0,0,0,0,0,-1,0,0,0,0,0,0,0,0,0,0,0,6.364478,4.897244,0,0,0,7.962154,56.87242,0.03313804,0,0,0,4.897244
7/19/2007 4:00:00 AM,0,0,-118.827,90,0,0,0.081323,0.081323,0,-1,0,0.081323,0,0,1.387779E-17,0,0,0.08560316,0.081323,0,0,6.364478,4.897244,0,0.08560316,-0.08560316,7.871921,56.22789,0.03313804,0.08945529,0,0,4.897244
7/19/2007 5:00:00 AM,0,0,-114.1121,90,0,0,0.02294409,0.02294409,0,0,0,0.02294409,0,0,3.469447E-18,0,0,0.02415168,0.02294409,0,0,6.459592,4.811641,0,0.02415168,-0.02415168,7.846463,56.04605,0.03313804,0.0252385,0,0,4.811641
7/19/2007 6:00:00 AM,0.02882421,0.828403,-111.1443,92.42681,0.01005019,0.04510524,0.2620002,0.2620002,0,0,0,0.2620002,17.21573,0,5.551115E-17,0,0.04510524,0.2757897,0.2620002,0,0,6.486427,4.78749,0,0.2306844,-0.2306844,7.6033,54.30918,0.03313804,0.2882002,0.03608419,0,4.832595
7/19/2007 7:00:00 AM,0.262624,14.73008,-109.4868,78.43584,0.2104944,0.9446989,0.3302538,0.3302538,0,0,0,0.3302538,286.0524,0,0,0,0.9446989,0.3476356,0.3302538,0,0,6.742743,4.556805,0.5970632,0,0.5970632,8.169724,58.35506,0.03312498,0.3632792,0.7557591,0,5.501504
7/19/2007 8:00:00 AM,0.3346068,28.72294,-109.0834,64.55746,0.3154335,1.415666,0,0,0,0,0,0,0,0,0,0,1.415666,0,0,0,0,6.14568,5.094162,1.415666,0,1.415666,9.512742,67.94802,0.03309407,0,1.132533,0,6.509828
7/19/2007 9:00:00 AM,0.2578543,42.68459,-110.3301,50.98951,0.2556598,1.147401,0.5848756,0.5848756,0,-1,0,0.5848756,196.1787,0,0,0,1.147401,0.6156586,0.5848756,0,0,4.730014,6.368261,0.5317426,0,0.5317426,10.0172,71.55127,0.03308247,0.6433632,0.9179209,0,7.515663
7/19/2007 10:00:00 AM,0.7487309,56.40568,-114.6528,38.14815,0.7130488,3.200163,0.2605842,0.2605842,0,0,0,0.2605842,1228.072,0,0,0,3.200163,0.2742992,0.2605842,0,0,4.198272,6.84683,2.925864,0,2.925864,12.79292,91.37778,0.0330188,0.2866427,2.56013,0,10.04699
7/19/2007 11:00:00 AM,1.039967,69.23672,-127.2533,27.1556,0.993064,4.456871,1.855565,1.855565,0,0,0,1.855565,240.1895,1.231237,0,0,4.456871,1.953226,1.855565,0,0,1.272408,9.480107,1.272408,0,1.272408,14.00003,100,0.03299118,2.041121,3.565497,0,13.93698
7/19/2007 12:00:00 PM,0.9903984,77.75145,-168.5136,21.175,0.9487352,4.257924,0.151933,0.151933,0,0,0,0.151933,2802.501,4.097994,0,0,4.257924,0.1599295,0.151933,0,0,0,10.62527,0,0,0,14.00003,100,0.03299118,0.1671263,3.406339,0,14.8832
7/19/2007 1:00:00 PM,0.6568283,73.0681,136.476,24.26715,0.6400796,2.872677,0,0,0,0,0,0,0,2.872677,0,0,2.872677,0,0,0,0,0,10.62527,0,0,0,14.00003,100,0.03299118,0,2.298142,0,13.49795
7/19/2007 2:00:00 PM,0.2898237,61.00964,117.551,34.03832,0.2879592,1.292361,0.5892859,0.5892859,0,-1,0,0.5892859,219.3096,0.6720597,0,0,1.292361,0.6203009,0.5892859,0,0,0,10.62527,0,0,0,14.00003,100,0.03299118,0.6482145,1.033889,0,11.91763
7/19/2007 3:00:00 PM,0.3787954,47.47397,111.3454,46.43246,0.3726923,1.672643,0.6032529,0.6032529,0,0,0,0.6032529,277.2706,1.03764,0,0,1.672643,0.635003,0.6032529,0,0,0,10.62527,0,0,0,14.00003,100,0.03299118,0.6635782,1.338115,0,12.29792
7/19/2007 4:00:00 PM,0.3405316,33.5624,109.288,59.81591,0.3283696,1.473723,0.7038096,0.7038096,0,0,0,0.7038096,209.3923,0.7328706,0,0,1.473723,0.7408521,0.7038096,0,0,0,10.62527,0,0,0,14.00003,100,0.03299118,0.7741905,1.178978,0,12.099
7/19/2007 5:00:00 PM,0.2296993,19.56479,109.1972,73.61559,0.2110384,0.9471402,0.6987445,0.6987445,0,0,0,0.6987445,135.5488,0.2116196,0,0,0.9471402,0.7355206,0.6987445,0,0,0,10.62527,0,0,0,14.00003,100,0.03299118,0.768619,0.7577122,0,11.57241
7/19/2007 6:00:00 PM,0.07753877,5.618727,110.4332,87.5842,0.0469817,0.2108539,1.233169,1.233169,0,0,0,1.233169,17.09853,0,0,0,0.2108539,1.298073,1.233169,0,0,0,10.62527,0,1.087219,-1.087219,12.854,91.81409,0.03299118,1.356486,0.1686831,0,10.83613
7/19/2007 7:00:00 PM,0,0,112.9192,90,0,0,0,0,0,-1,0,0,0,0,0,0,0,0,0,0,0,1.208021,9.538055,0,0,0,12.854,91.81409,0.03299118,0,0,0,9.538055
7/19/2007 8:00:00 PM,0,0,116.9522,90,0,0,0.666521,0.666521,0,-1,0,0.666521,0,0,1.110223E-16,0,0,0.701601,0.666521,0,0,1.208021,9.538055,0,0.701601,-0.701601,12.11445,86.53159,0.03299118,0.7331731,0,0,9.538055
7/19/2007 9:00:00 PM,0,0,123.2963,90,0,0,0,0,0,-1,0,0,0,0,0,0,0,0,0,0,0,1.987578,8.836454,0,0,0,12.11445,86.53159,0.03299118,0,0,0,8.836454
7/19/2007 10:00:00 PM,0,0,133.5067,90,0,0,0,0,0,-1,0,0,0,0,0,0,0,0,0,0,0,1.987578,8.836454,0,0,0,12.11445,86.53159,0.03299118,0,0,0,8.836454
7/19/2007 11:00:00 PM,0,0,150.2407,90,0,0,0,0,0,-1,0,0,0,0,0,0,0,0,0,0,0,1.987578,8.836454,0,0,0,12.11445,86.53159,0.03299118,0,0,0,8.836454
7/20/2007 12:00:00 AM,0,0,175.0975,90,0,0,0.2225372,0.2225372,0,-1,0,0.2225372,0,0,2.775558E-17,0,0,0.2342497,0.2225372,0,0,1.987578,8.836454,0,0.2342497,-0.2342497,11.86753,84.76787,0.03299118,0.2447909,0,0,8.836454
7/20/2007 1:00:00 AM,0,0,-157.9227,90,0,0,0.1533584,0.1533584,0,-1,0,0.1533584,0,0,2.775558E-17,0,0,0.1614298,0.1533584,0,0,2.247855,8.602204,0,0.1614298,-0.1614298,11.69736,83.55243,0.03299118,0.1686942,0,0,8.602204
7/20/2007 2:00:00 AM,0,0,-138.2223,90,0,0,0,0,0,-1,0,0,0,0,0,0,0,0,0,0,0,2.427222,8.440775,0,0,0,11.69736,83.55243,0.03299118,0,0,0,8.440775
7/20/2007 3:00:00 AM,0,0,-126.0928,90,0,0,0.08248345,0.08248345,0,-1,0,0.08248345,0,0,0,0,0,0.08682468,0.08248345,0,0,2.427222,8.440775,0,0.08682468,-0.08682468,11.60584,82.8987,0.03299118,0.09073179,0,0,8.440775
7/20/2007 4:00:00 AM,0,0,-118.6473,90,0,0,0.07220973,0.07220973,0,-1,0,0.07220973,0,0,1.387779E-17,0,0,0.07601024,0.07220973,0,0,2.523694,8.35395,0,0.07601024,-0.07601024,11.52572,82.32641,0.03299118,0.0794307,0,0,8.35395
7/20/2007 5:00:00 AM,0,0,-113.937,90,0,0,0.2849975,0.2849975,0,0,0,0.2849975,0,0,5.551115E-17,0,0,0.2999973,0.2849975,0,0,2.60815,8.27794,0,0.2999973,-0.2999973,11.2095,80.06767,0.03299118,0.3134972,0,0,8.27794
7/20/2007 6:00:00 AM,0.02194796,0.7778456,-110.9677,92.45092,0.01507377,0.06765106,0.4442962,0.4442962,0,0,0,0.4442962,15.22657,0,0,0,0.06765106,0.4676802,0.4442962,0,0,2.94148,7.977942,0,0.4000291,-0.4000291,10.78783,77.05576,0.03299118,0.4887258,0.05412085,0,8.045593
7/20/2007 7:00:00 AM,0.1157592,14.6956,-109.3003,78.44265,0.1123797,0.50436,1.242364,1.242364,0,0,0,1.242364,40.5968,0,0,0,0.50436,1.307752,1.242364,0,0,3.385957,7.577913,0,0.8033915,-0.8033915,9.940978,71.00684,0.03299118,1.3666,0.403488,0,8.082273
7/20/2007 8:00:00 AM,0.3677992,28.70505,-108.875,64.54506,0.3419783,1.534798,1.573086,1.573086,0,0,0,1.573086,97.56609,0,0,0,1.534798,1.65588,1.573086,0,0,4.278614,6.774522,0,0.1210814,-0.1210814,9.813348,70.0952,0.03299118,1.730394,1.227839,0,8.30932
7/20/2007 9:00:00 AM,0.2041579,42.68623,-110.0802,50.95306,0.2028166,0.9102409,0.5650766,0.5650766,0,-1,0,0.5650766,161.0827,0,0,0,0.9102409,0.5948175,0.5650766,0,0,4.413149,6.65344,0.3154234,0,0.3154234,10.11258,72.2326,0.03298435,0.6215843,0.7281927,0,7.563681
7/20/2007 10:00:00 AM,0.1662396,56.43499,-114.3249,38.07766,0.1652968,0.741852,0.09376968,0.09376968,0,0,0,0.09376968,791.1427,0,0,0,0.741852,0.09870493,0.09376968,0,0,4.097725,6.937321,0.6431471,0,0.6431471,10.72273,76.59076,0.03297041,0.1031466,0.5934816,0,7.679173
7/20/2007 11:00:00 AM,0.1932567,69.31665,-126.7858,27.03324,0.1921783,0.8624961,0.939555,0.939555,0,0,0,0.939555,91.79836,0,0,0,0.8624961,0.9890053,0.939555,0,0,3.454578,7.516154,0,0.1265092,-0.1265092,10.58937,75.63824,0.03297041,1.033511,0.6899969,0,8.37865
7/20/2007 12:00:00 PM,0.2124819,77.92522,-168.2307,20.99665,0.2112976,0.9483034,0.614323,0.614323,0,0,0,0.614323,154.3656,0,0,0,0.9483034,0.6466557,0.614323,0,0,3.595144,7.389645,0.3016477,0,0.3016477,10.87554,77.6823,0.03296388,0.6757552,0.7586427,0,8.337948
7/20/2007 1:00:00 PM,0.52135,73.20815,136.0661,24.10061,0.5138105,2.305982,1.248485,1.248485,0,0,0,1.248485,184.7024,0,0,0,2.305982,1.314194,1.248485,0,0,3.293496,7.661128,0.9917873,0,0.9917873,11.81643,84.40294,0.03294243,1.373333,1.844785,0,9.967109
7/20/2007 2:00:00 PM,0.2619463,61.09237,117.2121,33.91729,0.260357,1.168482,0,0,0,-1,0,0,0,0,0,0,1.168482,0,0,0,0,2.301709,8.553736,1.168482,0,1.168482,12.92495,92.32092,0.03291718,0,0.9347858,0,9.722219
7/20/2007 3:00:00 PM,0.2414757,47.52565,111.0845,46.34621,0.2398468,1.076432,0.9296764,0.9296764,0,0,0,0.9296764,115.7857,0,0,0,1.076432,0.9786067,0.9296764,0,0,1.133227,9.60537,0.09782556,0,0.09782556,13.01776,92.98381,0.03291507,1.022644,0.8611458,0,10.6818
7/20/2007 4:00:00 PM,0.1730426,33.59311,109.0706,59.75457,0.1717884,0.7709862,1.034412,1.034412,0,0,0,1.034412,74.53377,0,0,0,0.7709862,1.088855,1.034412,0,0,1.035401,9.693413,0,0.3178685,-0.3178685,12.6827,90.59052,0.03291507,1.137853,0.616789,0,10.4644
7/20/2007 5:00:00 PM,0.1035285,19.57827,109.0028,73.57394,0.1025963,0.4604521,0.04929868,0.04929868,0,0,0,0.04929868,934.0049,0,0,0,0.4604521,0.05189335,0.04929868,0,0,1.388589,9.375545,0.4085588,0,0.4085588,13.07029,93.35902,0.03290625,0.05422855,0.3683617,0,9.835997
7/20/2007 6:00:00 PM,0.02950168,5.615835,110.2486,87.55999,0.02893834,0.1298753,0.3893385,0.3893385,0,0,0,0.3893385,33.35793,0,5.551115E-17,0,0.1298753,0.40983,0.3893385,0,0,0.9800299,9.743247,0,0.2799547,-0.2799547,12.77519,91.25119,0.03290625,0.4282724,0.1039002,0,9.873122
7/20/2007 7:00:00 PM,0,0,112.7347,90,0,0,1.180811,1.180811,0,-1,0,1.180811,0,0,0,0,0,1.242959,1.180811,0,0,1.291091,9.463292,0,1.242959,-1.242959,11.465,81.89268,0.03290625,1.298892,0,0,9.463292
7/20/2007 8:00:00 PM,0,0,116.7594,90,0,0,0.4897831,0.4897831,0,-1,0,0.4897831,0,0,5.551115E-17,0,0,0.5155612,0.4897831,0,0,2.672157,8.220333,0,0.5155612,-0.5155612,10.92155,78.0109,0.03290625,0.5387614,0,0,8.220333
7/20/2007 9:00:00 PM,0,0,123.0884,90,0,0,0.05539864,0.05539864,0,-1,0,0.05539864,0,0,6.938894E-18,0,0,0.05831435,0.05539864,0,0,3.245002,7.704772,0,0.05831435,-0.05831435,10.86008,77.57185,0.03290625,0.0609385,0,0,7.704772
7/20/2007 10:00:00 PM,0,0,133.2847,90,0,0,0.2512267,0.2512267,0,-1,0,0.2512267,0,0,5.551115E-17,0,0,0.2644491,0.2512267,0,0,3.309796,7.646458,0,0.2644491,-0.2644491,10.58133,75.58075,0.03290625,0.2763493,0,0,7.646458
7/20/2007 11:00:00 PM,0,0,150.0397,90,0,0,0.04606355,0.04606355,0,-1,0,0.04606355,0,0,6.938894E-18,0,0,0.04848795,0.04606355,0,0,3.603628,7.382009,0,0.04848795,-0.04848795,10.53022,75.21568,0.03290625,0.05066991,0,0,7.382009
7/21/2007 12:00:00 AM,0,0,175.0247,90,0,0,0.1185218,0.1185218,0,-1,0,0.1185218,0,0,1.387779E-17,0,0,0.1247598,0.1185218,0,0,3.657504,7.33352,0,0.1247598,-0.1247598,10.39871,74.27633,0.03290625,0.130374,0,0,7.33352
7/21/2007 1:00:00 AM,0,0,-157.8147,90,0,0,0.1077079,0.1077079,0,-1,0,0.1077079,0,0,1.387779E-17,0,0,0.1133768,0.1077079,0,0,3.796126,7.208761,0,0.1133768,-0.1133768,10.2792,73.42269,0.03290625,0.1184787,0,0,7.208761
7/21/2007 2:00:00 AM,0,0,-138.037,90,0,0,0.2889271,0.2889271,0,-1,0,0.2889271,0,0,5.551115E-17,0,0,0.3041338,0.2889271,0,0,3.9221,7.095384,0,0.3041338,-0.3041338,9.958612,71.1328,0.03290625,0.3178198,0,0,7.095384
7/21/2007 3:00:00 AM,0,0,-125.8987,90,0,0,0.2246526,0.2246526,0,-1,0,0.2246526,0,0,2.775558E-17,0,0,0.2364764,0.2246526,0,0,4.260026,6.79125,0,0.2364764,-0.2364764,9.709344,69.35232,0.03290625,0.2471179,0,0,6.79125
7/21/2007 4:00:00 AM,0,0,-118.4601,90,0,0,0.3291786,0.3291786,0,-1,0,0.3291786,0,0,5.551115E-17,0,0,0.3465038,0.3291786,0,0,4.522778,6.554774,0,0.3465038,-0.3465038,9.344097,66.74342,0.03290625,0.3620965,0,0,6.554774
7/21/2007 5:00:00 AM,0,0,-113.7551,90,0,0,0.3506713,0.3506713,0,0,0,0.3506713,0,0,5.551115E-17,0,0,0.3691277,0.3506713,0,0,4.907783,6.20827,0,0.3691277,-0.3691277,8.955002,63.96417,0.03290625,0.3857384,0,0,6.20827
7/21/2007 6:00:00 AM,0.002755638,0.7282657,-110.7846,92.47309,0.002727395,0.01224055,0.04415886,0.04415886,0,0,0,0.04415886,27.71935,0,6.938894E-18,0,0.01224055,0.04648301,0.04415886,0,0,5.317924,5.839142,0,0.03424247,-0.03424247,8.918907,63.70635,0.03290625,0.04857475,0.009792439,0,5.851383
7/21/2007 7:00:00 AM,0.03833283,14.66252,-109.1073,78.44709,0.03805538,0.1707926,0.6043882,0.6043882,0,0,0,0.6043882,28.25875,0,1.110223E-16,0,0.1707926,0.6361982,0.6043882,0,0,5.355971,5.8049,0,0.4654056,-0.4654056,8.428327,60.20221,0.03290625,0.664827,0.1366341,0,5.975692
7/21/2007 8:00:00 AM,0.1384735,28.68894,-108.6596,64.52984,0.1374722,0.6169752,0.3809492,0.3809492,0,0,0,0.3809492,161.9574,0,0,0,0.6169752,0.4009991,0.3809492,0,0,5.873089,5.339494,0.2159761,0,0.2159761,8.63322,61.66573,0.0329016,0.4190441,0.4935802,0,5.95647
7/21/2007 9:00:00 AM,0.0928489,42.69007,-109.8223,50.91326,0.09233166,0.4143845,3.002222,3.002222,0,-1,0,3.002222,13.80259,0,0,0,0.4143845,3.160233,3.002222,0,0,5.657113,5.533873,0,2.745849,-2.745849,5.738841,40.99164,0.0329016,3.302444,0.3315076,0,5.948257
7/21/2007 10:00:00 AM,0.1670892,56.467,-113.9867,38.00308,0.1661426,0.745648,0.937423,0.937423,0,0,0,0.937423,79.54233,0,0,0,0.745648,0.986761,0.937423,0,0,8.708055,2.788024,0,0.241113,-0.241113,5.484685,39.17625,0.0329016,1.031165,0.5965185,0,3.533672
7/21/2007 11:00:00 AM,0.1640364,69.40026,-126.303,26.90559,0.1631403,0.7321735,1.892226,1.892226,0,0,0,1.892226,38.69377,0,0,0,0.7321735,1.991817,1.892226,0,0,8.975959,2.546911,0,1.259643,-1.259643,4.156905,29.69212,0.0329016,2.081448,0.5857388,0,3.279084
7/21/2007 12:00:00 PM,0.2121191,78.10517,-167.9426,20.81202,0.2109391,0.9466946,0,0,0,0,0,0,0,0,0,0,0.9466946,0,0,0,0,10.37556,1.287268,0.9466946,0,0.9466946,5.055018,36.1072,0.03288119,0,0.7573557,0,2.233963
7/21/2007 1:00:00 PM,0.3510944,73.35004,135.6289,23.93013,0.3487145,1.565031,0.7267634,0.7267634,0,0,0,0.7267634,215.3425,0,0,0,1.565031,0.7650142,0.7267634,0,0,9.428868,2.139293,0.8000166,0,0.8000166,5.813981,41.52835,0.03286397,0.7994398,1.252025,0,3.704324
7/21/2007 2:00:00 PM,0.1445415,61.17443,116.858,33.79494,0.1437494,0.6451473,0.2791125,0.2791125,0,-1,0,0.2791125,231.1423,0,0,0,0.6451473,0.2938027,0.2791125,0,0,8.628851,2.859308,0.3513446,0,0.3513446,6.147296,43.90917,0.03285641,0.3070238,0.5161178,0,3.504455
7/21/2007 3:00:00 PM,0.2360233,47.57577,110.8135,46.26005,0.2344654,1.052281,1.574366,1.574366,0,0,0,1.574366,66.83838,0,0,0,1.052281,1.657227,1.574366,0,0,8.277507,3.175518,0,0.6049466,-0.6049466,5.509626,39.35439,0.03285641,1.731802,0.8418245,0,4.227799
7/21/2007 4:00:00 PM,0.05125207,33.62174,108.8455,59.69414,0.05097134,0.2287594,0.8005939,0.8005939,0,0,0,0.8005939,28.57371,0,0,0,0.2287594,0.8427304,0.8005939,0,0,8.94967,2.570572,0,0.6139711,-0.6139711,4.862444,34.73167,0.03285641,0.8806533,0.1830075,0,2.799331
7/21/2007 5:00:00 PM,0.08943311,19.58926,108.8018,73.53377,0.08870633,0.398114,0.8190668,0.8190668,0,0,0,0.8190668,48.6058,0,1.110223E-16,0,0.398114,0.8621756,0.8190668,0,0,9.63186,1.956601,0,0.4640616,-0.4640616,4.37328,31.23765,0.03285641,0.9009735,0.3184912,0,2.354715
7/21/2007 6:00:00 PM,0.09256736,5.610078,110.0582,87.53773,0.04623197,0.2074891,0.9908135,0.9908135,0,0,0,0.9908135,20.94128,0,0,0,0.2074891,1.042962,0.9908135,0,0,10.14748,1.492539,0,0.8354725,-0.8354725,3.492615,24.9472,0.03285641,1.089895,0.1659913,0,1.700028
7/21/2007 7:00:00 PM,0,0,112.5446,90,0,0,0.01234919,0.01234919,0,-1,0,0.01234919,0,0,1.734723E-18,0,0,0.01299915,0.01234919,0,0,11.07579,0.6570666,0,0.01299915,-0.01299915,3.478912,24.84932,0.03285641,0.01358411,0,0,0.6570666
7/21/2007 8:00:00 PM,0,0,116.561,90,0,0,1.943509,0.6118641,0,-1,0,0.6118641,0,0,1.331645,1.525996,0,0.6440675,0.6118641,0,0,11.09023,0.6440675,0,0.6440675,-0.6440675,2.800006,20,0.03285641,2.13786,0,0,0.6440675
7/21/2007 9:00:00 PM,0,0,122.8747,90,0,0,0,0,0,-1,0,0,0,0,0,0,0,0,0,0,0,11.80586,0,0,0,0,2.800006,20,0.03285641,0,0,0,0
7/21/2007 10:00:00 PM,0,0,133.0569,90,0,0,0.02596923,0,0,-1,0,0,0,0,0.02596923,0.02856615,0,0,0,0,0,11.80586,0,0,0,0,2.800006,20,0.03285641,0.02856615,0,0,0
7/21/2007 11:00:00 PM,0,0,149.8344,90,0,0,0.1101238,0,0,-1,0,0,0,0,0.1101238,0.1211362,0,0,0,0,0,11.80586,0,0,0,0,2.800006,20,0.03285641,0.1211362,0,0,0
7/22/2007 12:00:00 AM,0,0,174.9542,90,0,0,0.06074768,0,0,-1,0,0,0,0,0.06074768,0.06682245,0,0,0,0,0,11.80586,0,0,0,0,2.800006,20,0.03285641,0.06682245,0,0,0
7/22/2007 1:00:00 AM,0,0,-157.6973,90,0,0,0.1296487,0,0,-1,0,0,0,0,0.1296487,0.1426136,0,0,0,0,0,11.80586,0,0,0,0,2.800006,20,0.03285641,0.1426136,0,0,0
7/22/2007 2:00:00 AM,0,0,-137.8416,90,0,0,0.08442801,0,0,-1,0,0,0,0,0.08442801,0.09287082,0,0,0,0,0,11.80586,0,0,0,0,2.800006,20,0.03285641,0.09287082,0,0,0
7/22/2007 3:00:00 AM,0,0,-125.6958,90,0,0,0.2368862,0,0,-1,0,0,0,0,0.2368862,0.2605748,0,0,0,0,0,11.80586,0,0,0,0,2.800006,20,0.03285641,0.2605748,0,0,0
7/22/2007 4:00:00 AM,0,0,-118.2655,90,0,0,0.4576227,0,0,-1,0,0,0,0,0.4576227,0.5033849,0,0,0,0,0,11.80586,0,0,0,0,2.800006,20,0.03285641,0.5033849,0,0,0
7/22/2007 5:00:00 AM,0,0,-113.5665,90,0,0,0.199576,0.199576,3.704839,0,1.176421,0.199576,0,0,0,0,0,0,0,3.505263,3.33,11.80586,0,3.33,0,3.33,5.959121,42.56506,0.0332713,0.2195336,0,5,0
7/22/2007 6:00:00 AM,0.005403815,0.6797256,-110.5952,92.49326,0.005317254,0.02386384,0.04879138,0.04879138,3.554054,0,1.135257,0.04879138,48.90994,0,0,0,0.02386384,0,0,3.505263,3.33,8.475861,2.997,3.353864,0,3.353864,9.140876,65.29184,0.03365406,0.05367052,0.01909107,5,3.020864
7/22/2007 7:00:00 AM,0.02910552,14.63089,-108.9078,78.44913,0.02891251,0.1297594,0.3406464,0.3406464,3.84591,0,1.214933,0.3406464,38.09209,0,0,0,0.1297594,0,0,3.505263,3.33,5.121996,6.015478,3.459759,0,3.459759,12.42309,88.73619,0.03409037,0.374711,0.1038075,5,6.145237
7/22/2007 8:00:00 AM,0.08120145,28.67464,-108.4373,64.5118,0.08070062,0.3621844,0.7093716,0.7093716,0,0,0,0.7093716,51.05708,0,0,0,0.3621844,0.7467069,0.7093716,0,0,1.662237,9.129261,0,0.3845225,-0.3845225,12.01777,85.84103,0.03409037,0.7803087,0.2897475,0,9.491446
7/22/2007 9:00:00 AM,0.3151593,42.6961,-109.5564,50.87012,0.3110743,1.396102,0.6562753,0.6562753,0,-1,0,0.6562753,212.7311,0,0,0,1.396102,0.690816,0.6562753,0,0,2.089484,8.744739,0.7052857,0,0.7052857,12.68686,90.62026,0.03407475,0.7219028,1.116881,0,10.14084
7/22/2007 10:00:00 AM,0.397899,56.50169,-113.6382,37.92443,0.3932491,1.764902,0.8553569,0.8553569,0,0,0,0.8553569,206.3351,0,0,0,1.764902,0.9003757,0.8553569,0,0,1.384199,9.379496,0.8645262,0,0.8645262,13.50702,96.47855,0.03405561,0.9408926,1.411922,0,11.1444
7/22/2007 11:00:00 AM,0.2585901,69.48747,-125.8047,26.7727,0.2570867,1.153805,1.200971,1.200971,0,0,0,1.200971,96.07265,0,0,0,1.153805,1.26418,1.200971,0,0,0.5196725,10.15757,0,0.1103753,-0.1103753,13.39068,95.64751,0.03405561,1.321068,0.923044,0,11.31137
7/22/2007 12:00:00 PM,0.3153583,78.29124,-167.6489,20.62114,0.3134511,1.406769,0.2128287,0.2128287,0,0,0,0.2128287,660.9864,0.5404267,0,0,1.406769,0.2240302,0.2128287,0,0,0.6423117,10.04719,0.6423117,0,0.6423117,14.00003,100,0.03404141,0.2341116,1.125415,0,11.45396
7/22/2007 1:00:00 PM,0.2111167,73.49356,135.1635,23.75584,0.2099375,0.9421994,1.102162,1.102162,0,0,0,1.102162,85.48643,0,0,0,0.9421994,1.160171,1.102162,0,0,0,10.62527,0,0.2179716,-0.2179716,13.77027,98.35884,0.03404141,1.212379,0.7537595,0,11.56747
7/22/2007 2:00:00 PM,0.268993,61.25564,116.4886,33.67144,0.2673537,1.199884,0.8607617,0.8607617,0,-1,0,0.8607617,139.3979,0.05162796,0,0,1.199884,0.9060649,0.8607617,0,0,0.2421906,10.4073,0.2421906,0,0.2421906,14.00003,100,0.03403606,0.9468379,0.9599069,0,11.60719
7/22/2007 3:00:00 PM,0.3197498,47.62418,110.5326,46.17411,0.3164738,1.420334,0.4851019,0.4851019,0,0,0,0.4851019,292.7909,0.9097007,0,0,1.420334,0.5106336,0.4851019,0,0,0,10.62527,0,0,0,14.00003,100,0.03403606,0.5336121,1.136267,0,12.04561
7/22/2007 4:00:00 PM,0.1708086,33.64818,108.6128,59.63473,0.1695936,0.7611362,0.9368069,0.9368069,0,0,0,0.9368069,81.24792,0,0,0,0.7611362,0.9861125,0.9368069,0,0,0,10.62527,0,0.2249764,-0.2249764,13.76288,98.30611,0.03403606,1.030488,0.608909,0,11.38641
7/22/2007 5:00:00 PM,0.05226183,19.59768,108.5945,73.49515,0.05191429,0.2329913,0,0,0,0,0,0,0,0,0,0,0.2329913,0,0,0,0,0.2499737,10.4003,0.2329913,0,0.2329913,13.98392,99.88493,0.03403091,0,0.1863931,0,10.63329
7/22/2007 6:00:00 PM,0.04672995,5.601403,109.8619,87.51746,0.04295993,0.1928042,0.2650432,0.2650432,0,0,0,0.2650432,72.74443,0,5.551115E-17,0,0.1928042,0.2789928,0.2650432,0,0,0.0169824,10.60999,0,0.08618867,-0.08618867,13.89307,99.23599,0.03403091,0.2915475,0.1542433,0,10.80279
7/22/2007 7:00:00 PM,0,0,112.3489,90,0,0,0.4723939,0.4723939,0,-1,0,0.4723939,0,0,0,0,0,0.4972568,0.4723939,0,0,0.1127476,10.5238,0,0.4972568,-0.4972568,13.36891,95.49203,0.03403091,0.5196333,0,0,10.5238
7/22/2007 8:00:00 PM,0,0,116.357,90,0,0,1.693545,1.693545,0,-1,0,1.693545,0,0,2.220446E-16,0,0,1.782679,1.693545,0,0,0.6652551,10.02654,0,1.782679,-1.782679,11.4898,82.06985,0.03403091,1.8629,0,0,10.02654
7/22/2007 9:00:00 PM,0,0,122.6553,90,0,0,0,0,0,-1,0,0,0,0,0,0,0,0,0,0,0,2.64601,8.243866,0,0,0,11.4898,82.06985,0.03403091,0,0,0,8.243866
7/22/2007 10:00:00 PM,0,0,132.8232,90,0,0,0.1117959,0.1117959,0,-1,0,0.1117959,0,0,1.387779E-17,0,0,0.1176799,0.1117959,0,0,2.64601,8.243866,0,0.1176799,-0.1176799,11.36576,81.18382,0.03403091,0.1229755,0,0,8.243866
7/22/2007 11:00:00 PM,0,0,149.6248,90,0,0,0.4071505,0.4071505,0,-1,0,0.4071505,0,0,5.551115E-17,0,0,0.4285795,0.4071505,0,0,2.776765,8.126185,0,0.4285795,-0.4285795,10.91399,77.95695,0.03403091,0.4478656,0,0,8.126185
7/23/2007 12:00:00 AM,0,0,174.8859,90,0,0,0.2821522,0.2821522,0,-1,0,0.2821522,0,0,0,0,0,0.2970023,0.2821522,0,0,3.252964,7.697606,0,0.2970023,-0.2970023,10.60093,75.72076,0.03403091,0.3103674,0,0,7.697606
7/23/2007 1:00:00 AM,0,0,-157.5704,90,0,0,0.2260154,0.2260154,0,-1,0,0.2260154,0,0,2.775558E-17,0,0,0.237911,0.2260154,0,0,3.582967,7.400604,0,0.237911,-0.237911,10.35015,73.92947,0.03403091,0.248617,0,0,7.400604
7/23/2007 2:00:00 AM,0,0,-137.6358,90,0,0,0.006428533,0.006428533,0,-1,0,0.006428533,0,0,8.673617E-19,0,0,0.006766877,0.006428533,0,0,3.847313,7.162693,0,0.006766877,-0.006766877,10.34301,73.87852,0.03403091,0.007071387,0,0,7.162693
7/23/2007 3:00:00 AM,0,0,-125.4842,90,0,0,0,0,0,-1,0,0,0,0,0,0,0,0,0,0,0,3.854831,7.155926,0,0,0,10.34301,73.87852,0.03403091,0,0,0,7.155926
7/23/2007 4:00:00 AM,0,0,-118.0634,90,0,0,0.1042899,0.1042899,0,-1,0,0.1042899,0,0,1.387779E-17,0,0,0.1097789,0.1042899,0,0,3.854831,7.155926,0,0.1097789,-0.1097789,10.2273,73.05197,0.03403091,0.1147189,0,0,7.155926
7/23/2007 5:00:00 AM,0,0,-113.3712,90,0,0,0.298572,0.298572,0,0,0,0.298572,0,0,5.551115E-17,0,0,0.3142864,0.298572,0,0,3.976808,7.046147,0,0.3142864,-0.3142864,9.896009,70.68565,0.03403091,0.3284292,0,0,7.046147
7/23/2007 6:00:00 AM,0.02646262,0.6322858,-110.3995,92.51138,0.01069481,0.04799829,0.1949425,0.1949425,0,0,0,0.1949425,24.62177,0,2.775558E-17,0,0.04799829,0.2052026,0.1949425,0,0,4.326015,6.731861,0,0.1572043,-0.1572043,9.730302,69.50201,0.03403091,0.2144368,0.03839863,0,6.779859
7/23/2007 7:00:00 AM,0.2224701,14.60073,-108.7021,78.44874,0.1840813,0.826157,1.900636,1.900636,0,0,0,1.900636,43.46739,0,2.220446E-16,0,0.826157,2.00067,1.900636,0,0,4.500687,6.574656,0,1.174513,-1.174513,8.492257,60.65886,0.03403091,2.0907,0.6609256,0,7.400813
7/23/2007 8:00:00 AM,0.520073,28.66217,-108.2082,64.49091,0.4702022,2.110267,0.2572545,0.2572545,0,0,0,0.2572545,820.3033,0,0,0,2.110267,0.2707942,0.2572545,0,0,5.805701,5.400144,1.839473,0,1.839473,10.23733,73.12367,0.03399032,0.28298,1.688214,0,7.510411
7/23/2007 9:00:00 AM,0.7557968,42.7043,-109.2826,50.82365,0.707225,3.174026,0,0,0,-1,0,0,0,0,0,0,3.174026,0,0,0,0,3.966228,7.055669,3.174026,0,3.174026,13.24848,94.63181,0.03392052,0,2.539221,0,10.2297
7/23/2007 10:00:00 AM,0.9320921,56.53899,-113.2795,37.84175,0.8856236,3.974679,0.5267247,0.5267247,0,0,0,0.5267247,754.6027,2.62803,0,0,3.974679,0.5544471,0.5267247,0,0,0.7922016,9.912292,0.7922016,0,0.7922016,14.00003,100,0.03390314,0.5793971,3.179743,0,13.88697
7/23/2007 11:00:00 AM,0.9163539,69.57817,-125.2904,26.63464,0.8780451,3.940666,0.7864571,0.7864571,0,0,0,0.7864571,501.0657,3.112817,0,0,3.940666,0.8278495,0.7864571,0,0,0,10.62527,0,0,0,14.00003,100,0.03390314,0.8651027,3.152533,0,14.56594
7/23/2007 12:00:00 PM,0.8445895,78.48338,-167.3493,20.42406,0.8147053,3.656398,0.9855548,0.9855548,0,0,0,0.9855548,370.9989,2.618971,0,0,3.656398,1.037426,0.9855548,0,0,0,10.62527,0,0,0,14.00003,100,0.03390314,1.08411,2.925118,0,14.28167
7/23/2007 1:00:00 PM,0.4811866,73.63845,134.6691,23.57788,0.4756238,2.1346,1.078832,1.078832,0,0,0,1.078832,197.8621,0.9989869,0,0,2.1346,1.135613,1.078832,0,0,0,10.62527,0,0,0,14.00003,100,0.03390314,1.186715,1.70768,0,12.75987
7/23/2007 2:00:00 PM,0.85716,61.33581,116.104,33.54694,0.8181869,3.672023,0.97461,0.97461,0,-1,0,0.97461,376.7684,2.646118,0,0,3.672023,1.025905,0.97461,0,0,0,10.62527,0,0,0,14.00003,100,0.03390314,1.072071,2.937618,0,14.2973
7/23/2007 3:00:00 PM,0.7092168,47.67076,110.2418,46.08852,0.6697257,3.005729,0.8616621,0.8616621,0,0,0,0.8616621,348.8292,2.098716,0,0,3.005729,0.9070128,0.8616621,0,0,0,10.62527,0,0,0,14.00003,100,0.03390314,0.9478284,2.404583,0,13.631
7/23/2007 4:00:00 PM,0.469036,33.67234,108.3726,59.57642,0.4368174,1.960437,2.132917,2.132917,0,0,0,2.132917,91.91341,0,0,0,1.960437,2.245176,2.132917,0,0,0,10.62527,0,0.284739,-0.284739,13.69989,97.85614,0.03390314,2.346209,1.568349,0,12.58571
7/23/2007 5:00:00 PM,0.3256876,19.60347,108.3808,73.45818,0.2806431,1.259526,0,0,0,0,0,0,0,0.9431496,0,0,1.259526,0,0,0,0,0.3163767,10.34054,0.3163767,0,0.3163767,14.00003,100,0.0338962,0,1.007621,0,11.60006
7/23/2007 6:00:00 PM,0.08099874,5.589761,109.6599,87.49924,0.04723893,0.2120083,3.97363,3.97363,1.25,0,0.50625,3.97363,5.335381,0,0,0,0.2120083,2.866979,2.72363,0,0,0,10.62527,0,2.654971,-2.654971,11.20144,80.01015,0.0338962,4.370993,0.1696066,5,10.83728
7/23/2007 7:00:00 PM,0,0,112.1477,90,0,0,1.715313,1.715313,0,-1,0,1.715313,0,0,2.220446E-16,0,0,1.805592,1.715313,0,0,2.949968,7.970304,0,1.805592,-1.805592,9.298182,66.41545,0.0338962,1.886844,0,0,7.970304
7/23/2007 8:00:00 PM,0,0,116.1475,90,0,0,1.842335,1.842335,0,-1,0,1.842335,0,0,2.220446E-16,0,0,1.939299,1.842335,0,0,4.956181,6.164711,0,1.939299,-1.939299,7.253981,51.81404,0.0338962,2.026568,0,0,6.164711
7/23/2007 9:00:00 PM,0,0,122.43,90,0,0,1.417831,1.417831,0,-1,0,1.417831,0,0,2.220446E-16,0,0,1.492454,1.417831,0,0,7.110959,4.225411,0,1.492454,-1.492454,5.680796,40.57703,0.0338962,1.559614,0,0,4.225411
7/23/2007 10:00:00 PM,0,0,132.5837,90,0,0,0.1733187,0.1733187,0,-1,0,0.1733187,0,0,2.775558E-17,0,0,0.1824407,0.1733187,0,0,8.76924,2.732958,0,0.1824407,-0.1824407,5.488487,39.2034,0.0338962,0.1906506,0,0,2.732958
7/23/2007 11:00:00 PM,0,0,149.411,90,0,0,0.08771787,0.08771787,0,-1,0,0.08771787,0,0,1.387779E-17,0,0,0.0923346,0.08771787,0,0,8.971952,2.550517,0,0.0923346,-0.0923346,5.391158,38.50819,0.0338962,0.09648965,0,0,2.550517
7/24/2007 12:00:00 AM,0,0,174.8201,90,0,0,0.2816878,0.2816878,0,-1,0,0.2816878,0,0,5.551115E-17,0,0,0.2965134,0.2816878,0,0,9.074546,2.458183,0,0.2965134,-0.2965134,5.078605,36.27568,0.0338962,0.3098566,0,0,2.458183
7/24/2007 1:00:00 AM,0,0,-157.4336,90,0,0,0.1476922,0.1476922,0,-1,0,0.1476922,0,0,2.775558E-17,0,0,0.1554655,0.1476922,0,0,9.404005,2.161669,0,0.1554655,-0.1554655,4.91473,35.10514,0.0338962,0.1624615,0,0,2.161669
7/24/2007 2:00:00 AM,0,0,-137.4197,90,0,0,0,0,0,-1,0,0,0,0,0,0,0,0,0,0,0,9.576745,2.006204,0,0,0,4.91473,35.10514,0.0338962,0,0,0,2.006204
7/24/2007 3:00:00 AM,0,0,-125.2638,90,0,0,0.1544467,0.1544467,0,-1,0,0.1544467,0,0,0,0,0,0.1625755,0.1544467,0,0,9.576745,2.006204,0,0.1625755,-0.1625755,4.743361,33.88108,0.0338962,0.1698914,0,0,2.006204
7/24/2007 4:00:00 AM,0,0,-117.8538,90,0,0,0.1829703,0.1829703,0,-1,0,0.1829703,0,0,2.775558E-17,0,0,0.1926003,0.1829703,0,0,9.757384,1.843628,0,0.1926003,-0.1926003,4.540342,32.43095,0.0338962,0.2012673,0,0,1.843628
7/24/2007 5:00:00 AM,0,0,-113.1693,90,0,0,0,0,0,0,0,0,0,0,0,0,0,0,0,0,0,9.971385,1.651028,0,0,0,4.540342,32.43095,0.0338962,0,0,0,1.651028
7/24/2007 6:00:00 AM,0.02818372,0.5860055,-110.1975,92.52739,0.008454089,0.03794195,0.5261379,0.5261379,0,0,0,0.5261379,7.211408,0,1.110223E-16,0,0.03794195,0.5538294,0.5261379,0,0,9.971385,1.651028,0,0.5158874,-0.5158874,3.996549,28.54672,0.0338962,0.5787517,0.03035356,0,1.68897
7/24/2007 7:00:00 AM,0.164929,14.5721,-108.49,78.44587,0.1497137,0.6719152,1.250458,1.250458,4.580175,0,1.415388,1.250458,53.73353,0,0,0,0.6719152,0,0,3.329717,3.163231,10.54459,1.13514,3.835146,0,3.835146,7.634888,54.53481,0.03446386,1.375504,0.5375322,5,1.807056
7/24/2007 8:00:00 AM,0.4294939,28.65154,-107.9724,64.46717,0.3925205,1.761632,2.723137,2.723137,5,0,1.53,2.723137,64.69128,0,0,0,1.761632,0,0,2.276863,2.16302,6.709447,4.586772,3.924652,0,3.924652,11.35814,81.12941,0.03510862,2.99545,1.409306,5,6.348404
7/24/2007 9:00:00 AM,0.7267066,42.71467,-109.0009,50.77386,0.6807678,3.055286,1.087276,1.087276,0,-1,0,1.087276,281.0037,0,0,0,3.055286,1.144501,1.087276,0,0,2.784795,8.118958,1.910785,0,1.910785,13.17087,94.07745,0.03506552,1.196003,2.444229,0,11.17424
7/24/2007 10:00:00 AM,0.9298174,56.57886,-112.9105,37.75509,0.8840759,3.967733,0.5158554,0.5158554,0,0,0,0.5158554,769.156,2.550717,0,0,3.967733,0.5430057,0.5158554,0,0,0.87401,9.838665,0.87401,0,0.87401,14.00003,100,0.03504584,0.5674409,3.174186,0,13.8064
7/24/2007 11:00:00 AM,0.9344317,69.67224,-124.7601,26.49146,0.8955703,4.01932,1.139084,1.139084,0,0,0,1.139084,352.8555,2.820284,0,0,4.01932,1.199035,1.139084,0,0,0,10.62527,0,0,0,14.00003,100,0.03504584,1.252992,3.215456,0,14.64459
7/24/2007 12:00:00 PM,0.9793726,78.68154,-167.0432,20.22082,0.940922,4.222858,0.09489702,0.09489702,0,0,0,0.09489702,4449.937,4.122966,0,0,4.222858,0.0998916,0.09489702,0,0,0,10.62527,0,0,0,14.00003,100,0.03504584,0.1043867,3.378286,0,14.84813
7/24/2007 1:00:00 PM,1.062486,73.78448,134.1449,23.39639,1.018872,4.572696,1.40983,1.40983,0,0,0,1.40983,324.3438,3.088665,0,0,4.572696,1.484031,1.40983,0,0,0,10.62527,0,0,0,14.00003,100,0.03504584,1.550813,3.658157,0,15.19797
7/24/2007 2:00:00 PM,0.843188,61.41475,115.704,33.42159,0.8057314,3.616122,0.9761705,0.9761705,0,-1,0,0.9761705,370.4396,2.588574,0,0,3.616122,1.027548,0.9761705,0,0,0,10.62527,0,0,0,14.00003,100,0.03504584,1.073788,2.892898,0,14.2414
7/24/2007 3:00:00 PM,0.5759014,47.71537,109.9411,46.00341,0.5515242,2.475241,0.8692103,0.8692103,0,0,0,0.8692103,284.7689,1.560282,0,0,2.475241,0.9149582,0.8692103,0,0,0,10.62527,0,0,0,14.00003,100,0.03504584,0.9561313,1.980193,0,13.10051
7/24/2007 4:00:00 PM,0.5048738,33.69411,108.125,59.51934,0.4674631,2.097975,0.4758949,0.4758949,0,0,0,0.4758949,440.8484,1.597033,0,0,2.097975,0.5009419,0.4758949,0,0,0,10.62527,0,0,0,14.00003,100,0.03504584,0.5234843,1.67838,0,12.72325
7/24/2007 5:00:00 PM,0.292437,19.60654,108.1609,73.4229,0.256285,1.150207,1.864842,1.864842,0,0,0,1.864842,61.67853,0,2.220446E-16,0,1.150207,1.962992,1.864842,0,0,0,10.62527,0,0.8127844,-0.8127844,13.14328,93.88037,0.03504584,2.051326,0.9201658,0,11.77548
7/24/2007 6:00:00 PM,0.05654004,5.575103,109.4522,87.48313,0.04743154,0.2128727,3.545772,3.545772,1.25,0,0.50625,3.545772,6.003565,0,4.440892E-16,0,0.2128727,2.416602,2.295772,0,0,0.9030938,9.81249,0,2.203729,-2.203729,10.82034,77.28801,0.03504584,3.900349,0.1702982,5,10.02536
7/24/2007 7:00:00 PM,0,0,111.9411,90,0,0,0,0,0,-1,0,0,0,0,0,0,0,0,0,0,0,3.351682,7.608761,0,0,0,10.82034,77.28801,0.03504584,0,0,0,7.608761
7/24/2007 8:00:00 PM,0,0,115.9324,90,0,0,0.3380247,0.3380247,0,-1,0,0.3380247,0,0,0,0,0,0.3558154,0.3380247,0,0,3.351682,7.608761,0,0.3558154,-0.3558154,10.44528,74.609,0.03504584,0.3718272,0,0,7.608761
7/24/2007 9:00:00 PM,0,0,122.1991,90,0,0,0.5184419,0.5184419,0,-1,0,0.5184419,0,0,1.110223E-16,0,0,0.5457283,0.5184419,0,0,3.747032,7.252945,0,0.5457283,-0.5457283,9.870033,70.50009,0.03504584,0.570286,0,0,7.252945
7/24/2007 10:00:00 PM,0,0,132.3385,90,0,0,0.2137181,0.2137181,0,-1,0,0.2137181,0,0,2.775558E-17,0,0,0.2249664,0.2137181,0,0,4.353397,6.707217,0,0.2249664,-0.2249664,9.632897,68.80627,0.03504584,0.2350899,0,0,6.707217
7/24/2007 11:00:00 PM,0,0,149.1929,90,0,0,0.2667323,0.2667323,0,-1,0,0.2667323,0,0,5.551115E-17,0,0,0.2807709,0.2667323,0,0,4.60336,6.482251,0,0.2807709,-0.2807709,9.336939,66.69229,0.03504584,0.2934055,0,0,6.482251
7/25/2007 12:00:00 AM,0,0,174.7568,90,0,0,0.09288217,0.09288217,0,-1,0,0.09288217,0,0,1.387779E-17,0,0,0.09777071,0.09288217,0,0,4.915327,6.201479,0,0.09777071,-0.09777071,9.23388,65.95615,0.03504584,0.1021704,0,0,6.201479
7/25/2007 1:00:00 AM,0,0,-157.2868,90,0,0,0.02415829,0.02415829,0,-1,0,0.02415829,0,0,3.469447E-18,0,0,0.02542978,0.02415829,0,0,5.023962,6.103709,0,0.02542978,-0.02542978,9.207074,65.76469,0.03504584,0.02657412,0,0,6.103709
7/25/2007 2:00:00 AM,0,0,-137.193,90,0,0,0.1396134,0.1396134,0,-1,0,0.1396134,0,0,0,0,0,0.1469615,0.1396134,0,0,5.052217,6.078279,0,0.1469615,-0.1469615,9.052163,64.65818,0.03504584,0.1535748,0,0,6.078279
7/25/2007 3:00:00 AM,0,0,-125.0346,90,0,0,0.152897,0.152897,0,-1,0,0.152897,0,0,0,0,0,0.1609443,0.152897,0,0,5.215508,5.931318,0,0.1609443,-0.1609443,8.882513,63.4464,0.03504584,0.1681867,0,0,5.931318
7/25/2007 4:00:00 AM,0,0,-117.6369,90,0,0,0.135042,0.135042,0,-1,0,0.135042,0,0,2.775558E-17,0,0,0.1421494,0.135042,0,0,5.394334,5.770373,0,0.1421494,-0.1421494,8.732675,62.37612,0.03504584,0.1485462,0,0,5.770373
7/25/2007 5:00:00 AM,0,0,-112.9608,90,0,0,0.1921322,0.1921322,0,0,0,0.1921322,0,0,2.775558E-17,0,0,0.2022444,0.1921322,0,0,5.552278,5.628224,0,0.2022444,-0.2022444,8.51949,60.85338,0.03504584,0.2113454,0,0,5.628224
7/25/2007 6:00:00 AM,0.01493712,0.5409419,-109.9893,92.54123,0.01358925,0.06098853,0,0,0,0,0,0,0,0,0,0,0.06098853,0,0,0,0,5.776994,5.42598,0.06098853,0,0.06098853,8.577349,61.26665,0.03504446,0,0.04879083,0,5.486968
7/25/2007 7:00:00 AM,0.2097517,14.54503,-108.2717,78.4405,0.1768335,0.7936288,0.9998786,0.9998786,0,0,0,0.9998786,79.37251,0,1.110223E-16,0,0.7936288,1.052504,0.9998786,0,0,5.716005,5.480869,0,0.2588751,-0.2588751,8.304471,59.31753,0.03504446,1.099867,0.634903,0,6.274498
7/25/2007 8:00:00 AM,0.2394014,28.64277,-107.7299,64.44057,0.2343988,1.051982,1.013858,1.013858,0,0,0,1.013858,103.7602,0,0,0,1.051982,1.067219,1.013858,0,0,6.003644,5.221994,0,0.01523754,-0.01523754,8.288409,59.2028,0.03504446,1.115244,0.8415855,0,6.273976
7/25/2007 9:00:00 AM,0.3675413,42.7272,-108.7115,50.72078,0.3605523,1.618159,1.004776,1.004776,0,-1,0,1.004776,161.0467,0,0,0,1.618159,1.057659,1.004776,0,0,6.020575,5.206757,0.5604999,0,0.5604999,8.820146,63.00092,0.03503185,1.105253,1.294527,0,6.824915
7/25/2007 10:00:00 AM,0.4371758,56.62125,-112.5312,37.66449,0.4309462,1.934086,0.7133107,0.7133107,0,0,0,0.7133107,271.1422,0,0,0,1.934086,0.7508534,0.7133107,0,0,5.460075,5.711206,1.183233,0,1.183233,9.942659,71.01885,0.03500526,0.7846418,1.547269,0,7.645293
7/25/2007 11:00:00 AM,0.6170368,69.76958,-124.2134,26.34322,0.6033965,2.708044,0.1926168,0.1926168,0,0,0,0.1926168,1405.923,0,0,0,2.708044,0.2027545,0.1926168,0,0,4.276842,6.776116,2.505289,0,2.505289,12.31939,87.99543,0.03494911,0.2118784,2.166435,0,9.484159
7/25/2007 12:00:00 PM,0.9847148,78.88567,-166.7301,20.01148,0.9465472,4.248104,0.6297817,0.6297817,0,0,0,0.6297817,674.536,1.813623,0,0,4.248104,0.662928,0.6297817,0,0,1.771553,9.030876,1.771553,0,1.771553,14.00003,100,0.0349095,0.6927598,3.398483,0,13.27898
7/25/2007 1:00:00 PM,0.9023983,73.93135,133.5899,23.21151,0.8677112,3.894288,1.498644,1.498644,0,0,0,1.498644,259.854,2.316767,0,0,3.894288,1.57752,1.498644,0,0,0,10.62527,0,0,0,14.00003,100,0.0349095,1.648509,3.11543,0,14.51956
7/25/2007 2:00:00 PM,0.4441069,61.49227,115.2888,33.29556,0.4385654,1.968281,2.111536,2.111536,0,-1,0,2.111536,93.21564,0,0,0,1.968281,2.222669,2.111536,0,0,0,10.62527,0,0.2543878,-0.2543878,13.73188,98.08466,0.0349095,2.322689,1.574625,0,12.59356
7/25/2007 3:00:00 PM,0.3769488,47.75788,109.6308,45.91891,0.3713604,1.666666,0.6780984,0.6780984,0,0,0,0.6780984,245.7852,0.6702247,0,0,1.666666,0.7137877,0.6780984,0,0,0.2826531,10.37089,0.2826531,0,0.2826531,14.00003,100,0.03490319,0.7459082,1.333332,0,12.03755
7/25/2007 4:00:00 PM,0.3217865,33.71341,107.87,59.46357,0.3127173,1.403476,0.5039367,0.5039367,0,0,0,0.5039367,278.5023,0.8730159,0,0,1.403476,0.5304596,0.5039367,0,0,0,10.62527,0,0,0,14.00003,100,0.03490319,0.5543303,1.12278,0,12.02875
7/25/2007 5:00:00 PM,0.2863702,19.60685,107.9347,73.38943,0.2523495,1.132545,0.6270065,0.6270065,0,0,0,0.6270065,180.6272,0.4725376,0,0,1.132545,0.6600069,0.6270065,0,0,0,10.62527,0,0,0,14.00003,100,0.03490319,0.6897072,0.9060356,0,11.75782
7/25/2007 6:00:00 PM,0.0507522,5.557385,109.2389,87.46918,0.04516249,0.2026892,0,0,0,0,0,0,0,0.2026892,0,0,0.2026892,0,0,0,0,0,10.62527,0,0,0,14.00003,100,0.03490319,0,0.1621514,0,10.82796
7/25/2007 7:00:00 PM,0,0,111.7291,90,0,0,1.510968,1.510968,0,-1,0,1.510968,0,0,2.220446E-16,0,0,1.590492,1.510968,0,0,0,10.62527,0,1.590492,-1.590492,12.3235,88.02483,0.03490319,1.662064,0,0,10.62527
7/25/2007 8:00:00 PM,0,0,115.7119,90,0,0,1.397397,1.397397,0,-1,0,1.397397,0,0,0,0,0,1.470944,1.397397,0,0,1.767214,9.034781,0,1.470944,-1.470944,10.77299,76.94978,0.03490319,1.537136,0,0,9.034781
7/25/2007 9:00:00 PM,0,0,121.9624,90,0,0,1.306513,1.306513,0,-1,0,1.306513,0,0,2.220446E-16,0,0,1.375277,1.306513,0,0,3.401596,7.563838,0,1.375277,-1.375277,9.323321,66.59502,0.03490319,1.437165,0,0,7.563838
7/25/2007 10:00:00 PM,0,0,132.0874,90,0,0,0.0536853,0.0536853,0,-1,0,0.0536853,0,0,6.938894E-18,0,0,0.05651084,0.0536853,0,0,4.929681,6.188561,0,0.05651084,-0.05651084,9.263754,66.16954,0.03490319,0.05905383,0,0,6.188561
7/25/2007 11:00:00 PM,0,0,148.9704,90,0,0,0.5068354,0.5068354,0,-1,0,0.5068354,0,0,1.110223E-16,0,0,0.5335109,0.5068354,0,0,4.992471,6.13205,0,0.5335109,-0.5335109,8.701384,62.15262,0.03490319,0.5575189,0,0,6.13205
7/26/2007 12:00:00 AM,0,0,174.6961,90,0,0,0.004601745,0.004601745,0,-1,0,0.004601745,0,0,0,0,0,0.004843942,0.004601745,0,0,5.585261,5.598539,0,0.004843942,-0.004843942,8.696278,62.11615,0.03490319,0.00506192,0,0,5.598539
7/26/2007 1:00:00 AM,0,0,-157.1297,90,0,0,0.07469052,0.07469052,0,-1,0,0.07469052,0,0,1.387779E-17,0,0,0.0786216,0.07469052,0,0,5.590643,5.593695,0,0.0786216,-0.0786216,8.613403,61.52419,0.03490319,0.08215957,0,0,5.593695
7/26/2007 2:00:00 AM,0,0,-136.9556,90,0,0,0.1106901,0.1106901,0,-1,0,0.1106901,0,0,1.387779E-17,0,0,0.1165159,0.1106901,0,0,5.678,5.515074,0,0.1165159,-0.1165159,8.490585,60.64692,0.03490319,0.1217592,0,0,5.515074
7/26/2007 3:00:00 AM,0,0,-124.7966,90,0,0,0.1285598,0.1285598,0,-1,0,0.1285598,0,0,0,0,0,0.1353261,0.1285598,0,0,5.807463,5.398558,0,0.1353261,-0.1353261,8.347939,59.62801,0.03490319,0.1414158,0,0,5.398558
7/26/2007 4:00:00 AM,0,0,-117.4126,90,0,0,0.2858944,0.2858944,0,-1,0,0.2858944,0,0,5.551115E-17,0,0,0.3009415,0.2858944,0,0,5.957825,5.263231,0,0.3009415,-0.3009415,8.030719,57.36216,0.03490319,0.3144839,0,0,5.263231
7/26/2007 5:00:00 AM,0,0,-112.7458,90,0,0,0.143039,0.143039,0,0,0,0.143039,0,0,2.775558E-17,0,0,0.1505674,0.143039,0,0,6.292205,4.96229,0,0.1505674,-0.1505674,7.872006,56.2285,0.03490319,0.1573429,0,0,4.96229
7/26/2007 6:00:00 AM,0.01570347,0.4971505,-109.7749,92.55286,0.01389988,0.06238265,0.2136432,0.2136432,0,0,0,0.2136432,29.19946,0,0,0,0.06238265,0.2248876,0.2136432,0,0,6.459502,4.811723,0,0.1625049,-0.1625049,7.700711,55.00497,0.03490319,0.2350075,0.04990612,0,4.874105
7/26/2007 7:00:00 AM,0.1484951,14.51955,-108.0472,78.43259,0.1385554,0.6218367,1.422978,1.422978,0,0,0,1.422978,43.69968,0,0,0,0.6218367,1.497871,1.422978,0,0,6.640063,4.649218,0,0.8760346,-0.8760346,6.77729,48.40911,0.03490319,1.565276,0.4974693,0,5.271054
7/26/2007 8:00:00 AM,0.3542827,28.63587,-107.4807,64.41109,0.3326117,1.492761,0.8196194,0.8196194,0,0,0,0.8196194,182.1286,0,0,0,1.492761,0.8627573,0.8196194,0,0,7.613435,3.773183,0.6300038,0,0.6300038,7.374964,52.67821,0.03488913,0.9015813,1.194209,0,5.265944
7/26/2007 9:00:00 AM,0.4444588,42.74184,-108.4143,50.66441,0.4305927,1.9325,0.07029866,0.07029866,0,-1,0,0.07029866,2748.986,0,0,0,1.9325,0.07399859,0.07029866,0,0,6.983431,4.340187,1.858502,0,1.858502,9.138093,65.27197,0.03484773,0.07732853,1.546,0,6.272686
7/26/2007 10:00:00 AM,0.4647206,56.66608,-112.1418,37.57,0.4570882,2.051412,0,0,0,0,0,0,0,0,0,0,2.051412,0,0,0,0,5.124929,6.012838,2.051412,0,2.051412,11.08423,79.17294,0.03480214,0,1.64113,0,8.06425
7/26/2007 11:00:00 AM,0.5208566,69.87006,-123.65,26.18999,0.5132943,2.303665,0.09946861,0.09946861,0,0,0,0.09946861,2315.972,0,0,0,2.303665,0.1047038,0.09946861,0,0,3.073517,7.859108,2.198961,0,2.198961,13.17035,94.07375,0.0347534,0.1094155,1.842932,0,10.16277
7/26/2007 12:00:00 PM,0.6047238,79.09572,-166.4094,19.79608,0.5939698,2.665737,1.36354,1.36354,0,0,0,1.36354,195.5012,0.3558753,0,0,2.665737,1.435305,1.36354,0,0,0.8745562,9.838174,0.8745562,0,0.8745562,14.00003,100,0.03473406,1.499894,2.132589,0,12.50391
7/26/2007 1:00:00 PM,0.6444209,74.0788,133.0033,23.0234,0.6301599,2.828158,0,0,0,0,0,0,0,2.828158,0,0,2.828158,0,0,0,0,0,10.62527,0,0,0,14.00003,100,0.03473406,0,2.262526,0,13.45343
7/26/2007 2:00:00 PM,0.5329494,61.56817,114.8583,33.16901,0.5226551,2.345676,0.4323419,0.4323419,0,-1,0,0.4323419,542.5511,1.890579,0,0,2.345676,0.4550968,0.4323419,0,0,0,10.62527,0,0,0,14.00003,100,0.03473406,0.4755761,1.876541,0,12.97095
7/26/2007 3:00:00 PM,0.1234102,47.79817,109.3108,45.83516,0.1227206,0.5507699,0.1130711,0.1130711,0,0,0,0.1130711,487.1006,0.4317477,0,0,0.5507699,0.1190222,0.1130711,0,0,0,10.62527,0,0,0,14.00003,100,0.03473406,0.1243782,0.4406159,0,11.17604
7/26/2007 4:00:00 PM,0.284031,33.73014,107.6077,59.40921,0.2785308,1.250046,0.7739803,0.7739803,0,0,0,0.7739803,161.5088,0.4353302,0,0,1.250046,0.8147161,0.7739803,0,0,0,10.62527,0,0,0,14.00003,100,0.03473406,0.8513783,1.000037,0,11.87532
7/26/2007 5:00:00 PM,0.08600657,19.60432,107.7025,73.3578,0.08533493,0.3829832,0,0,0,0,0,0,0,0.3829832,0,0,0.3829832,0,0,0,0,0,10.62527,0,0,0,14.00003,100,0.03473406,0,0.3063865,0,11.00826
7/26/2007 6:00:00 PM,0.07723565,5.536562,109.0201,87.45744,0.04796809,0.2152808,0.6428056,0.6428056,0,0,0,0.6428056,33.4908,0,1.110223E-16,0,0.2152808,0.6766375,0.6428056,0,0,0,10.62527,0,0.4613567,-0.4613567,13.51372,96.52634,0.03473406,0.7070862,0.1722246,0,10.84056
7/26/2007 7:00:00 PM,0,0,111.5117,90,0,0,0.5768276,0.5768276,0,-1,0,0.5768276,0,0,1.110223E-16,0,0,0.607187,0.5768276,0,0,0.5126186,10.16392,0,0.607187,-0.607187,12.87368,91.9547,0.03473406,0.6345104,0,0,10.16392
7/26/2007 8:00:00 PM,0,0,115.4861,90,0,0,3.091751,3.091751,0,-1,0,3.091751,0,0,4.440892E-16,0.07092622,0,3.254475,3.091751,0,0,1.187271,9.55673,0,3.254475,-3.254475,9.443167,67.45105,0.03473406,3.400926,0,0,9.55673
7/26/2007 9:00:00 PM,0,0,121.7201,90,0,0,0.4790568,0.4790568,0,-1,0,0.4790568,0,0,5.551115E-17,0,0,0.5042703,0.4790568,0,0,4.803354,6.302256,0,0.5042703,-0.5042703,8.911619,63.65429,0.03473406,0.5269625,0,0,6.302256
7/26/2007 10:00:00 PM,0,0,131.8305,90,0,0,0.09207414,0.09207414,0,-1,0,0.09207414,0,0,1.387779E-17,0,0,0.09692015,0.09207414,0,0,5.363654,5.797986,0,0.09692015,-0.09692015,8.809456,62.92456,0.03473406,0.1012816,0,0,5.797986
7/26/2007 11:00:00 PM,0,0,148.7436,90,0,0,0.1251405,0.1251405,0,-1,0,0.1251405,0,0,0,0,0,0.1317269,0.1251405,0,0,5.471344,5.701065,0,0.1317269,-0.1317269,8.670604,61.93276,0.03473406,0.1376546,0,0,5.701065
7/27/2007 12:00:00 AM,0,0,174.6383,90,0,0,0.4047083,0.4047083,0,-1,0,0.4047083,0,0,0,0,0,0.4260087,0.4047083,0,0,5.617707,5.569338,0,0.4260087,-0.4260087,8.221551,58.72525,0.03473406,0.4451791,0,0,5.569338
7/27/2007 1:00:00 AM,0,0,-156.9619,90,0,0,0.4211022,0.4211022,0,-1,0,0.4211022,0,0,0,0,0,0.4432654,0.4211022,0,0,6.09105,5.14333,0,0.4432654,-0.4432654,7.754308,55.38781,0.03473406,0.4632124,0,0,5.14333
7/27/2007 2:00:00 AM,0,0,-136.7075,90,0,0,0.3658375,0.3658375,0,-1,0,0.3658375,0,0,0,0,0,0.3850921,0.3658375,0,0,6.583567,4.700064,0,0.3850921,-0.3850921,7.348385,52.48836,0.03473406,0.4024212,0,0,4.700064
7/27/2007 3:00:00 AM,0,0,-124.5498,90,0,0,0.2505505,0.2505505,0,-1,0,0.2505505,0,0,5.551115E-17,0,0,0.2637374,0.2505505,0,0,7.011447,4.314972,0,0.2637374,-0.2637374,7.070382,50.50263,0.03473406,0.2756056,0,0,4.314972
7/27/2007 4:00:00 AM,0,0,-117.1809,90,0,0,0.2849451,0.2849451,0,-1,0,0.2849451,0,0,5.551115E-17,0,0,0.2999422,0.2849451,0,0,7.304488,4.051235,0,0.2999422,-0.2999422,6.754215,48.2443,0.03473406,0.3134396,0,0,4.051235
7/27/2007 5:00:00 AM,0,0,-112.5243,90,0,0,0,0,0,0,0,0,0,0,0,0,0,0,0,0,0,7.637757,3.751292,0,0,0,6.754215,48.2443,0.03473406,0,0,0,3.751292
7/27/2007 6:00:00 AM,0.006988447,0.4546851,-109.5544,92.56224,0.00684455,0.03071834,0.02105819,0.02105819,0,0,0,0.02105819,145.8736,0,0,0,0.03071834,0.02216651,0.02105819,0,0,7.637757,3.751292,0.008551828,0,0.008551828,6.762328,48.30225,0.03473387,0.023164,0.02457467,0,3.782011
7/27/2007 7:00:00 AM,0.0569897,14.49569,-107.8166,78.42214,0.05651224,0.2536269,0.6022658,0.6022658,0,0,0,0.6022658,42.11212,0,1.110223E-16,0,0.2536269,0.6339641,0.6022658,0,0,7.629206,3.758989,0,0.3803371,-0.3803371,6.361417,45.43861,0.03473387,0.6624925,0.2029015,0,4.012616
7/27/2007 8:00:00 AM,0.1605115,28.63084,-107.2249,64.37876,0.1592234,0.7145947,0.5868687,0.5868687,0,0,0,0.5868687,121.764,0,0,0,0.7145947,0.6177565,0.5868687,0,0,8.051803,3.378652,0.09683823,0,0.09683823,6.453286,46.09481,0.03473173,0.6455556,0.5716758,0,4.093247
7/27/2007 9:00:00 AM,0.2815361,42.7586,-108.1094,50.60479,0.2788498,1.251478,1.784536,1.784536,0,-1,0,1.784536,70.12903,0,0,0,1.251478,1.878459,1.784536,0,0,7.954964,3.465806,0,0.6269813,-0.6269813,5.79239,41.37413,0.03473173,1.96299,1.001182,0,4.717284
7/27/2007 10:00:00 AM,0.330061,56.71329,-111.7421,37.47167,0.3275092,1.469861,0.9532651,0.9532651,0,0,0,0.9532651,154.1923,0,0,0,1.469861,1.003437,0.9532651,0,0,8.65161,2.838825,0.4664243,0,0.4664243,6.234879,44.53476,0.03472143,1.048592,1.175889,0,4.308686
7/27/2007 11:00:00 AM,0.4602555,69.97354,-123.0696,26.03184,0.4553039,2.043404,0.7117897,0.7117897,0,0,0,0.7117897,287.0797,0,0,0,2.043404,0.7492524,0.7117897,0,0,8.185185,3.258607,1.294151,0,1.294151,7.462619,53.30431,0.03469286,0.7829687,1.634723,0,5.302011
7/27/2007 12:00:00 PM,0.3895984,79.31162,-166.0805,19.57468,0.3868087,1.735998,1.456701,1.456701,0,0,0,1.456701,119.1732,0,0,0,1.735998,1.53337,1.456701,0,0,6.891034,4.423343,0.202628,0,0.202628,7.654849,54.67738,0.03468839,1.602371,1.388798,0,6.159341
7/27/2007 1:00:00 PM,0.6263219,74.22654,132.3842,22.83222,0.6135332,2.753537,0.2795286,0.2795286,0,0,0,0.2795286,985.0643,0,0,0,2.753537,0.2942407,0.2795286,0,0,6.688406,4.605709,2.459296,0,2.459296,9.987942,71.3423,0.03463425,0.3074815,2.20283,0,7.359245
7/27/2007 2:00:00 PM,0.3267972,61.64226,114.4127,33.04212,0.3245282,1.456482,1.481805,1.481805,0,-1,0,1.481805,98.29108,0,0,0,1.456482,1.559795,1.481805,0,0,4.22911,6.819075,0,0.1033125,-0.1033125,9.879041,70.56444,0.03463425,1.629986,1.165186,0,8.275558
7/27/2007 3:00:00 PM,0.1397597,47.83609,108.9812,45.75227,0.1389668,0.623683,0.6147015,0.6147015,0,0,0,0.6147015,101.4611,0,0,0,0.623683,0.6470542,0.6147015,0,0,4.343902,6.715763,0,0.02337122,-0.02337122,9.854405,70.38847,0.03463425,0.6761717,0.4989464,0,7.339446
7/27/2007 4:00:00 PM,0.02163674,33.74421,107.3382,59.35637,0.02152547,0.09660631,0.7824287,0.7824287,0,0,0,0.7824287,12.34698,0,0,0,0.09660631,0.8236092,0.7824287,0,0,4.36987,6.692391,0,0.7270029,-0.7270029,9.088078,64.91471,0.03463425,0.8606716,0.07728505,0,6.788998
7/27/2007 5:00:00 PM,0.1060294,19.59888,107.4642,73.32812,0.105086,0.4716258,1.583079,1.583079,0,0,0,1.583079,29.79168,0,0,0,0.4716258,1.666399,1.583079,0,0,5.177651,5.965389,0,1.194773,-1.194773,7.828676,55.919,0.03463425,1.741387,0.3773007,0,6.437015
7/27/2007 6:00:00 PM,0.03991963,5.512595,108.7958,87.44795,0.03813395,0.1711452,0.6623838,0.6623838,0,0,0,0.6623838,25.83777,0,0,0,0.1711452,0.6972461,0.6623838,0,0,6.505177,4.770615,0,0.5261009,-0.5261009,7.274117,51.95787,0.03463425,0.7286221,0.1369161,0,4.941761
7/27/2007 7:00:00 PM,0,0,111.2891,90,0,0,2.105162,2.105162,0,-1,0,2.105162,0,0,0,0,0,2.21596,2.105162,0,0,7.089733,4.244514,0,2.21596,-2.21596,4.93829,35.27343,0.03463425,2.315678,0,0,4.244514
7/27/2007 8:00:00 PM,0,0,115.2549,90,0,0,0.6982695,0.6982695,0,-1,0,0.6982695,0,0,1.110223E-16,0,0,0.7350206,0.6982695,0,0,9.551911,2.028554,0,0.7350206,-0.7350206,4.16351,29.7393,0.03463425,0.7680965,0,0,2.028554
7/27/2007 9:00:00 PM,0,0,121.4722,90,0,0,3.773845,1.228857,0,-1,0,1.228857,0,0,2.544988,2.922373,0,1.293534,1.228857,0,0,10.3686,1.293534,0,1.293534,-1.293534,2.800006,20,0.03463425,4.15123,0,0,1.293534
7/27/2007 10:00:00 PM,0,0,131.5677,90,0,0,0.5166276,0,0,-1,0,0,0,0,0.5166276,0.5682903,0,0,0,0,0,11.80586,0,0,0,0,2.800006,20,0.03463425,0.5682903,0,0,0
7/27/2007 11:00:00 PM,0,0,148.5124,90,0,0,0.3179393,0,0,-1,0,0,0,0,0.3179393,0.3497333,0,0,0,0,0,11.80586,0,0,0,0,2.800006,20,0.03463425,0.3497333,0,0,0
7/28/2007 12:00:00 AM,0,0,174.5834,90,0,0,0.01252215,0,0,-1,0,0,0,0,0.01252215,0.01377437,0,0,0,0,0,11.80586,0,0,0,0,2.800006,20,0.03463425,0.01377437,0,0,0
7/28/2007 1:00:00 AM,0,0,-156.7833,90,0,0,0.4762418,0,0,-1,0,0,0,0,0.4762418,0.523866,0,0,0,0,0,11.80586,0,0,0,0,2.800006,20,0.03463425,0.523866,0,0,0
7/28/2007 2:00:00 AM,0,0,-136.4485,90,0,0,0.3107582,0,0,-1,0,0,0,0,0.3107582,0.341834,0,0,0,0,0,11.80586,0,0,0,0,2.800006,20,0.03463425,0.341834,0,0,0
7/28/2007 3:00:00 AM,0,0,-124.2941,90,0,0,0.3807763,0,0,-1,0,0,0,0,0.3807763,0.4188539,0,0,0,0,0,11.80586,0,0,0,0,2.800006,20,0.03463425,0.4188539,0,0,0
7/28/2007 4:00:00 AM,0,0,-116.9419,90,0,0,0.3091929,0,0,-1,0,0,0,0,0.3091929,0.3401122,0,0,0,0,0,11.80586,0,0,0,0,2.800006,20,0.03463425,0.3401122,0,0,0
7/28/2007 5:00:00 AM,0,0,-112.2963,90,0,0,0.3543993,0.3543993,3.859663,0,1.218688,0.3543993,0,4.440892E-16,0,0,0,0,0,3.505263,3.33,11.80586,0,3.33,0,3.33,5.959121,42.56506,0.03506252,0.3898392,0,5,0
7/28/2007 6:00:00 AM,0.01398319,0.4135972,-109.3279,92.56931,0.01289038,0.05785201,0.3723948,0.3723948,3.877658,0,1.223601,0.3723948,15.53513,4.440892E-16,0,0,0.05785201,0,0,3.505263,3.33,8.475861,2.997,3.387852,0,3.387852,9.17312,65.52215,0.03549114,0.4096343,0.04628161,5,3.054852
7/28/2007 7:00:00 AM,0.1602304,14.47348,-107.5799,78.4091,0.146907,0.6593187,0.8487042,0.8487042,4.353967,0,1.353633,0.8487042,77.68534,0,0,0,0.6593187,0,0,3.505263,3.33,5.088008,6.046067,3.989319,0,3.989319,12.95772,92.55495,0.03599539,0.9335746,0.527455,5,6.705386
7/28/2007 8:00:00 AM,0.286259,28.62769,-106.9627,64.34356,0.2763837,1.24041,0.529066,0.529066,0,0,0,0.529066,234.4528,0,0,0,1.24041,0.5569116,0.529066,0,0,1.098689,9.636454,0.6834985,0,0.6834985,13.60614,97.18655,0.03597989,0.5819727,0.9923281,0,10.87686
7/28/2007 9:00:00 AM,0.4619799,42.77744,-107.7968,50.54195,0.4465889,2.004291,0,0,0,-1,0,0,0,1.5891,0,0,2.004291,0,0,0,0,0.415191,10.2516,0.415191,0,0.415191,14.00003,100,0.03597048,0,1.603433,0,12.25589
7/28/2007 10:00:00 AM,0.4457941,56.76283,-111.3322,37.36957,0.439377,1.971924,0.9875798,0.9875798,0,0,0,0.9875798,199.6724,0.9323664,0,0,1.971924,1.039558,0.9875798,0,0,0,10.62527,0,0,0,14.00003,100,0.03597048,1.086338,1.577539,0,12.5972
7/28/2007 11:00:00 AM,0.4348246,70.0799,-122.4719,25.86885,0.4307185,1.933065,1.12923,1.12923,0,0,0,1.12923,171.1843,0.7444018,0,0,1.933065,1.188663,1.12923,0,0,0,10.62527,0,0,0,14.00003,100,0.03597048,1.242153,1.546452,0,12.55834
7/28/2007 12:00:00 PM,0.4855771,79.53333,-165.7425,19.34733,0.4805112,2.156534,0.2536193,0.2536193,0,0,0,0.2536193,850.3036,1.889567,0,0,2.156534,0.2669677,0.2536193,0,0,0,10.62527,0,0,0,14.00003,100,0.03597048,0.2789812,1.725227,0,12.78181
7/28/2007 1:00:00 PM,0.1174703,74.37425,131.7316,22.63813,0.1168552,0.5244459,0,0,0,0,0,0,0,0.5244459,0,0,0.5244459,0,0,0,0,0,10.62527,0,0,0,14.00003,100,0.03597048,0,0.4195567,0,11.14972
7/28/2007 2:00:00 PM,0.4533265,61.71434,113.9518,32.91505,0.4476093,2.008871,0.9003206,0.9003206,0,-1,0,0.9003206,223.1284,1.061165,0,0,2.008871,0.9477059,0.9003206,0,0,0,10.62527,0,0,0,14.00003,100,0.03597048,0.9903527,1.607097,0,12.63414
7/28/2007 3:00:00 PM,0.1843301,47.87152,108.6422,45.67039,0.1832367,0.8223665,0.6968184,0.6968184,0,0,0,0.6968184,118.0173,0.08887351,0,0,0.8223665,0.733493,0.6968184,0,0,0,10.62527,0,0,0,14.00003,100,0.03597048,0.7665002,0.6578932,0,11.44764
7/28/2007 4:00:00 PM,0.1885647,33.75553,107.0617,59.30513,0.1871358,0.8398657,0.07384863,0.07384863,0,0,0,0.07384863,1137.28,0.7621303,0,0,0.8398657,0.0777354,0.07384863,0,0,0,10.62527,0,0,0,14.00003,100,0.03597048,0.08123349,0.6718925,0,11.46514
7/28/2007 5:00:00 PM,0.1059391,19.59048,107.22,73.30043,0.1050025,0.4712512,0.7652205,0.7652205,0,0,0,0.7652205,61.58372,0,0,0,0.4712512,0.8054953,0.7652205,0,0,0,10.62527,0,0.334244,-0.334244,13.6477,97.48341,0.03597048,0.8417425,0.377001,0,11.09653
7/28/2007 6:00:00 PM,0.04909677,5.485445,108.5662,87.44077,0.04422555,0.1984843,2.465797,2.465797,0,0,0,2.465797,8.049498,0,0,0,0.1984843,2.595576,2.465797,0,0,0.3713822,10.29103,0,2.397091,-2.397091,11.12095,79.43518,0.03597048,2.712377,0.1587874,0,10.48951
7/28/2007 7:00:00 PM,0,0,111.0613,90,0,0,1.91346,1.91346,0,-1,0,1.91346,0,0,4.440892E-16,0,0,2.014168,1.91346,0,0,3.034817,7.893939,0,2.014168,-2.014168,8.997828,64.27007,0.03597048,2.104806,0,0,7.893939
7/28/2007 8:00:00 PM,0,0,115.0184,90,0,0,1.634721,1.634721,0,-1,0,1.634721,0,0,2.220446E-16,0,0,1.720759,1.634721,0,0,5.272782,5.87977,0,1.720759,-1.720759,7.183989,51.3141,0.03597048,1.798193,0,0,5.87977
7/28/2007 9:00:00 PM,0,0,121.2188,90,0,0,0.8041698,0.8041698,0,-1,0,0.8041698,0,0,1.110223E-16,0,0,0.8464945,0.8041698,0,0,7.184737,4.159011,0,0.8464945,-0.8464945,6.291705,44.94066,0.03597048,0.8845868,0,0,4.159011
7/28/2007 10:00:00 PM,0,0,131.2992,90,0,0,0,0,0,-1,0,0,0,0,0,0,0,0,0,0,0,8.125286,3.312517,0,0,0,6.291705,44.94066,0.03597048,0,0,0,3.312517
7/28/2007 11:00:00 PM,0,0,148.2767,90,0,0,0.04419901,0.04419901,0,-1,0,0.04419901,0,0,0,0,0,0.04652528,0.04419901,0,0,8.125286,3.312517,0,0.04652528,-0.04652528,6.242663,44.59036,0.03597048,0.04861891,0,0,3.312517
7/29/2007 12:00:00 AM,0,0,174.5315,90,0,0,0.383376,0.383376,0,-1,0,0.383376,0,0,5.551115E-17,0,0,0.4035537,0.383376,0,0,8.176981,3.265991,0,0.4035537,-0.4035537,5.81728,41.55192,0.03597048,0.4217136,0,0,3.265991
7/29/2007 1:00:00 AM,0,0,-156.5935,90,0,0,0.4343937,0.4343937,0,-1,0,0.4343937,0,0,5.551115E-17,0,0,0.4572566,0.4343937,0,0,8.625374,2.862438,0,0.4572566,-0.4572566,5.335289,38.10913,0.03597048,0.4778331,0,0,2.862438
7/29/2007 2:00:00 AM,0,0,-136.1785,90,0,0,0.1807314,0.1807314,0,-1,0,0.1807314,0,0,0,0,0,0.1902435,0.1807314,0,0,9.133436,2.405181,0,0.1902435,-0.1902435,5.134755,36.67675,0.03597048,0.1988045,0,0,2.405181
7/29/2007 3:00:00 AM,0,0,-124.0296,90,0,0,0.03864101,0.03864101,0,-1,0,0.03864101,0,0,6.938894E-18,0,0,0.04067475,0.03864101,0,0,9.344818,2.214938,0,0.04067475,-0.04067475,5.09188,36.3705,0.03597048,0.04250511,0,0,2.214938
7/29/2007 4:00:00 AM,0,0,-116.6956,90,0,0,0.09968341,0.09968341,0,-1,0,0.09968341,0,0,1.387779E-17,0,0,0.1049299,0.09968341,0,0,9.390013,2.174263,0,0.1049299,-0.1049299,4.981274,35.58046,0.03597048,0.1096518,0,0,2.174263
7/29/2007 5:00:00 AM,0,0,-112.062,90,0,0,0.02638971,0.02638971,0,0,0,0.02638971,0,0,0,0,0,0.02777864,0.02638971,0,0,9.506601,2.069333,0,0.02777864,-0.02777864,4.951993,35.37131,0.03597048,0.02902868,0,0,2.069333
7/29/2007 6:00:00 AM,0.02968047,0.3739365,-109.0954,92.57403,0.005117114,0.02296561,0.2564082,0.2564082,0,0,0,0.2564082,8.956657,0,0,0,0.02296561,0.2699034,0.2564082,0,0,9.537466,2.041554,0,0.2469378,-0.2469378,4.691698,33.51206,0.03597048,0.2820491,0.01837249,0,2.06452
7/29/2007 7:00:00 AM,0.1565112,14.45296,-107.3373,78.39346,0.14445,0.6482914,0.7659826,0.7659826,0,0,0,0.7659826,84.63526,0,0,0,0.6482914,0.8062975,0.7659826,0,0,9.811842,1.794617,0,0.1580061,-0.1580061,4.525145,32.3224,0.03597048,0.8425809,0.5186331,0,2.442908
7/29/2007 8:00:00 AM,0.4029728,28.62641,-106.694,64.30549,0.3729391,1.673751,0.8843002,0.8843002,0,0,0,0.8843002,189.274,0,0,0,1.673751,0.9308423,0.8843002,0,0,9.987404,1.636611,0.7429082,0,0.7429082,5.229929,37.35656,0.03595365,0.9727302,1.339,0,3.310361
7/29/2007 9:00:00 AM,0.5722813,42.79834,-107.4767,50.47591,0.5437965,2.440559,0.8564491,0.8564491,0,-1,0,0.8564491,284.9625,0,0,0,2.440559,0.9015254,0.8564491,0,0,9.244496,2.305228,1.539034,0,1.539034,6.689984,47.78551,0.03591885,0.942094,1.952447,0,4.745787
7/29/2007 10:00:00 AM,0.6773739,56.8146,-110.912,37.26374,0.6527562,2.929569,0.3449575,0.3449575,0,0,0,0.3449575,849.2551,0,0,0,2.929569,0.3631132,0.3449575,0,0,7.705462,3.690358,2.566456,0,2.566456,9.124739,65.17657,0.03586096,0.3794533,2.343656,0,6.619927
7/29/2007 11:00:00 AM,0.8888146,70.18899,-121.8565,25.70109,0.8555904,3.83989,0.3356565,0.3356565,0,0,0,0.3356565,1143.994,0,0,0,3.83989,0.3533227,0.3356565,0,0,5.139006,6.000169,3.486567,0,3.486567,12.43239,88.80258,0.03578261,0.3692222,3.071912,0,9.840058
7/29/2007 12:00:00 PM,0.9253917,79.76076,-165.3947,19.11408,0.8929126,4.007392,0,0,0,0,0,0,0,2.354953,0,0,4.007392,0,0,0,0,1.652439,9.138079,1.652439,0,1.652439,14.00003,100,0.03574559,0,3.205914,0,13.14547
7/29/2007 1:00:00 PM,0.8217316,74.52161,131.0447,22.44131,0.794852,3.567296,0.583761,0.583761,0,0,0,0.583761,611.0884,2.952811,0,0,3.567296,0.6144853,0.583761,0,0,0,10.62527,0,0,0,14.00003,100,0.03574559,0.6421371,2.853837,0,14.19257
7/29/2007 2:00:00 PM,0.7244563,61.78422,113.4759,32.78799,0.6991737,3.137892,0,0,0,-1,0,0,0,3.137892,0,0,3.137892,0,0,0,0,0,10.62527,0,0,0,14.00003,100,0.03574559,0,2.510313,0,13.76317
7/29/2007 3:00:00 PM,0.6049156,47.90432,108.2939,45.58965,0.5791385,2.599174,1.037185,1.037185,0,0,0,1.037185,250.5988,1.5074,0,0,2.599174,1.091774,1.037185,0,0,0,10.62527,0,0,0,14.00003,100,0.03574559,1.140903,2.079339,0,13.22445
7/29/2007 4:00:00 PM,0.2587232,33.764,106.7782,59.2556,0.2550087,1.144479,0.8971311,0.8971311,0,0,0,0.8971311,127.571,0.2001304,0,0,1.144479,0.9443485,0.8971311,0,0,0,10.62527,0,0,0,14.00003,100,0.03574559,0.9868442,0.9155832,0,11.76975
7/29/2007 5:00:00 PM,0.2264374,19.57905,106.97,73.2748,0.2106324,0.945318,1.555408,1.555408,0,0,0,1.555408,60.77623,0,2.220446E-16,0,0.945318,1.637271,1.555408,0,0,0,10.62527,0,0.6919531,-0.6919531,13.27065,94.79014,0.03574559,1.710948,0.7562544,0,11.57059
7/29/2007 6:00:00 PM,0.05899059,5.455077,108.3312,87.43593,0.04781778,0.2146062,1.464886,1.464886,0,0,0,1.464886,14.65002,0,2.220446E-16,0,0.2146062,1.541986,1.464886,0,0,0.7688367,9.933321,0,1.32738,-1.32738,11.87146,84.79601,0.03574559,1.611375,0.171685,0,10.14793
7/29/2007 7:00:00 PM,0,0,110.8283,90,0,0,1.762767,1.762767,0,-1,0,1.762767,0,0,2.220446E-16,0,0,1.855545,1.762767,0,0,2.243703,8.605942,0,1.855545,-1.855545,9.915548,70.8252,0.03574559,1.939044,0,0,8.605942
7/29/2007 8:00:00 PM,0,0,114.7767,90,0,0,1.874963,1.874963,0,-1,0,1.874963,0,0,0,0,0,1.973645,1.874963,0,0,4.305419,6.750397,0,1.973645,-1.973645,7.835144,55.9652,0.03574559,2.062459,0,0,6.750397
7/29/2007 9:00:00 PM,0,0,120.9598,90,0,0,2.257224,2.257224,0,-1,0,2.257224,0,0,0,0,0,2.376026,2.257224,0,0,6.498359,4.776752,0,2.376026,-2.376026,5.330593,38.07559,0.03574559,2.482947,0,0,4.776752
7/29/2007 10:00:00 PM,0,0,131.0248,90,0,0,0.05825897,0.05825897,0,-1,0,0.05825897,0,0,6.938894E-18,0,0,0.06132524,0.05825897,0,0,9.138387,2.400726,0,0.06132524,-0.06132524,5.26595,37.61386,0.03574559,0.06408487,0,0,2.400726
7/29/2007 11:00:00 PM,0,0,148.0365,90,0,0,0.09024434,0.09024434,0,-1,0,0.09024434,0,0,1.387779E-17,0,0,0.09499404,0.09024434,0,0,9.206526,2.339401,0,0.09499404,-0.09499404,5.165818,36.89862,0.03574559,0.09926877,0,0,2.339401
7/30/2007 12:00:00 AM,0,0,174.4828,90,0,0,0.08606359,0.08606359,0,-1,0,0.08606359,0,0,1.387779E-17,0,0,0.09059326,0.08606359,0,0,9.312076,2.244406,0,0.09059326,-0.09059326,5.070324,36.21653,0.03574559,0.09466995,0,0,2.244406
7/30/2007 1:00:00 AM,0,0,-156.3922,90,0,0,0.4197869,0.4197869,0,-1,0,0.4197869,0,0,5.551115E-17,0,0,0.4418809,0.4197869,0,0,9.412734,2.153813,0,0.4418809,-0.4418809,4.604541,32.88951,0.03574559,0.4617656,0,0,2.153813
7/30/2007 2:00:00 AM,0,0,-135.8973,90,0,0,0.1870408,0.1870408,0,-1,0,0.1870408,0,0,2.775558E-17,0,0,0.196885,0.1870408,0,0,9.903713,1.711932,0,0.196885,-0.196885,4.397006,31.40712,0.03574559,0.2057449,0,0,1.711932
7/30/2007 3:00:00 AM,0,0,-123.7562,90,0,0,0.2097712,0.2097712,0,-1,0,0.2097712,0,0,0,0,0,0.2208118,0.2097712,0,0,10.12247,1.515047,0,0.2208118,-0.2208118,4.164249,29.74458,0.03574559,0.2307483,0,0,1.515047
7/30/2007 4:00:00 AM,0,0,-116.4421,90,0,0,0.07829249,0.07829249,0,-1,0,0.07829249,0,0,1.387779E-17,0,0,0.08241314,0.07829249,0,0,10.36782,1.294235,0,0.08241314,-0.08241314,4.077379,29.12407,0.03574559,0.08612174,0,0,1.294235
7/30/2007 5:00:00 AM,0,0,-111.8213,90,0,0,0.3749939,0.3749939,0,0,0,0.3749939,0,0,5.551115E-17,0,0,0.3947304,0.3749939,0,0,10.45939,1.211822,0,0.3947304,-0.3947304,3.661296,26.15206,0.03574559,0.4124933,0,0,1.211822
7/30/2007 6:00:00 AM,0.02349592,0.3357504,-108.8569,92.57635,0.01113327,0.04996613,0.2240767,0.2240767,0,0,0,0.2240767,22.29868,0,2.775558E-17,0,0.04996613,0.2358702,0.2240767,0,0,10.89798,0.8170919,0,0.1859041,-0.1859041,3.465336,24.75235,0.03574559,0.2464844,0.03997291,0,0.8670581
7/30/2007 7:00:00 AM,0.1399512,14.43413,-107.0887,78.37521,0.1324007,0.5942144,1.262025,1.262025,4.580808,0,1.415561,1.262025,47.08422,0,0,0,0.5942144,0,0,3.318783,3.152844,11.10454,0.6311879,3.747059,0,3.747059,7.020108,50.14353,0.03629291,1.388227,0.4753716,5,1.225402
7/30/2007 8:00:00 AM,0.3892141,28.62701,-106.4189,64.26457,0.3621497,1.625328,0.3449463,0.3449463,3.850209,0,1.216107,0.3449463,471.1828,0,0,0,1.625328,0,0,3.505263,3.33,7.357481,4.003541,4.955328,0,4.955328,11.72114,83.7223,0.03667199,0.379441,1.300262,5,5.628869
7/30/2007 9:00:00 AM,0.6712888,42.82125,-107.149,50.40671,0.6330463,2.841112,0.5655061,0.5655061,0,-1,0,0.5655061,502.4016,0,0,0,2.841112,0.5952696,0.5655061,0,0,2.402154,8.463336,2.245842,0,2.245842,13.85174,98.94079,0.03662079,0.6220567,2.272889,0,11.30445
7/30/2007 10:00:00 AM,0.6547644,56.86853,-110.4817,37.15426,0.6326732,2.839437,0,0,0,0,0,0,0,2.683126,0,0,2.839437,0,0,0,0,0.1563118,10.48459,0.1563118,0,0.1563118,14.00003,100,0.03661723,0,2.27155,0,13.32403
7/30/2007 11:00:00 AM,0.4991632,70.30064,-121.223,25.52865,0.4929696,2.212448,0,0,0,0,0,0,0,2.212448,0,0,2.212448,0,0,0,0,0,10.62527,0,0,0,14.00003,100,0.03661723,0,1.769958,0,12.83772
7/30/2007 12:00:00 PM,0.4474063,79.99386,-165.0361,18.87499,0.4435278,1.990553,1.162369,1.162369,0,0,0,1.162369,171.2496,0.7670062,0,0,1.990553,1.223547,1.162369,0,0,0,10.62527,0,0,0,14.00003,100,0.03661723,1.278606,1.592442,0,12.61583
7/30/2007 1:00:00 PM,0.4437597,74.66829,130.3226,22.24194,0.4397624,1.973654,0,0,0,0,0,0,0,1.973654,0,0,1.973654,0,0,0,0,0,10.62527,0,0,0,14.00003,100,0.03661723,0,1.578923,0,12.59893
7/30/2007 2:00:00 PM,0.3495369,61.85168,112.9849,32.6611,0.3469445,1.557087,0.08032419,0.08032419,0,-1,0,0.08032419,1938.503,1.472535,0,0,1.557087,0.08455178,0.08032419,0,0,0,10.62527,0,0,0,14.00003,100,0.03661723,0.08835661,1.245669,0,12.18236
7/30/2007 3:00:00 PM,0.3427639,47.93438,107.9364,45.51018,0.3389836,1.521358,0.6638975,0.6638975,0,0,0,0.6638975,229.1556,0.8225188,0,0,1.521358,0.6988394,0.6638975,0,0,0,10.62527,0,0,0,14.00003,100,0.03661723,0.7302872,1.217087,0,12.14663
7/30/2007 4:00:00 PM,0.1525792,33.76955,106.4878,59.20788,0.1515827,0.6803034,1.594458,1.594458,0,0,0,1.594458,42.66675,0,0,0,0.6803034,1.678377,1.594458,0,0,0,10.62527,0,0.9980734,-0.9980734,12.94797,92.48529,0.03661723,1.753904,0.5442427,0,11.30558
7/30/2007 5:00:00 PM,0.1043197,19.56454,106.7141,73.25132,0.1034225,0.4641602,1.016942,1.016942,0,0,0,1.016942,45.64273,0,0,0,0.4641602,1.070465,1.016942,0,0,1.10897,9.627201,0,0.6063052,-0.6063052,12.30886,87.92029,0.03661723,1.118636,0.3713282,0,10.09136
7/30/2007 6:00:00 PM,0.04548795,5.421459,108.091,87.43347,0.04202459,0.1886064,2.340688,2.340688,0,0,0,2.340688,8.057732,0,4.440892E-16,0,0.1886064,2.463882,2.340688,0,0,1.782643,9.020896,0,2.275276,-2.275276,9.910513,70.78924,0.03661723,2.574757,0.1508851,0,9.209502
7/30/2007 7:00:00 PM,0,0,110.5904,90,0,0,0.9260596,0.9260596,0,-1,0,0.9260596,0,0,1.110223E-16,0,0,0.9747996,0.9260596,0,0,4.310727,6.74562,0,0.9747996,-0.9747996,8.882984,63.44976,0.03661723,1.018666,0,0,6.74562
7/30/2007 8:00:00 PM,0,0,114.5298,90,0,0,0,0,0,-1,0,0,0,0,0,0,0,0,0,0,0,5.393838,5.77082,0,0,0,8.882984,63.44976,0.03661723,0,0,0,5.77082
7/30/2007 9:00:00 PM,0,0,120.6953,90,0,0,1.464524,1.464524,0,-1,0,1.464524,0,0,2.220446E-16,0,0,1.541604,1.464524,0,0,5.393838,5.77082,0,1.541604,-1.541604,7.257991,51.84269,0.03661723,1.610976,0,0,5.77082
7/30/2007 10:00:00 PM,0,0,130.7446,90,0,0,0.2510708,0.2510708,0,-1,0,0.2510708,0,0,0,0,0,0.264285,0.2510708,0,0,7.106731,4.229216,0,0.264285,-0.264285,6.97941,49.85283,0.03661723,0.2761779,0,0,4.229216
7/30/2007 11:00:00 PM,0,0,147.7918,90,0,0,0.03350921,0.03350921,0,-1,0,0.03350921,0,0,0,0,0,0.03527285,0.03350921,0,0,7.400381,3.964931,0,0.03527285,-0.03527285,6.942229,49.58725,0.03661723,0.03686013,0,0,3.964931
7/31/2007 12:00:00 AM,0,0,174.4374,90,0,0,0.2455414,0.2455414,0,-1,0,0.2455414,0,0,0,0,0,0.2584646,0.2455414,0,0,7.439573,3.929658,0,0.2584646,-0.2584646,6.669784,47.64122,0.03661723,0.2700955,0,0,3.929658
7/31/2007 1:00:00 AM,0,0,-156.1791,90,0,0,0.160703,0.160703,0,-1,0,0.160703,0,0,0,0,0,0.169161,0.160703,0,0,7.726756,3.671194,0,0.169161,-0.169161,6.491472,46.36757,0.03661723,0.1767733,0,0,3.671194
7/31/2007 2:00:00 AM,0,0,-135.6049,90,0,0,0.318285,0.318285,0,-1,0,0.318285,0,0,5.551115E-17,0,0,0.3350368,0.318285,0,0,7.914713,3.502033,0,0.3350368,-0.3350368,6.138312,43.845,0.03661723,0.3501135,0,0,3.502033
7/31/2007 3:00:00 AM,0,0,-123.4741,90,0,0,0.560639,0.560639,0,-1,0,0.560639,0,0,1.110223E-16,0,0,0.5901463,0.560639,0,0,8.286976,3.166996,0,0.5901463,-0.5901463,5.516243,39.40166,0.03661723,0.6167029,0,0,3.166996
7/31/2007 4:00:00 AM,0,0,-116.1814,90,0,0,0.1982383,0.1982383,0,-1,0,0.1982383,0,0,2.775558E-17,0,0,0.2086719,0.1982383,0,0,8.942694,2.576849,0,0.2086719,-0.2086719,5.296284,37.83052,0.03661723,0.2180621,0,0,2.576849
7/31/2007 5:00:00 AM,0,0,-111.5744,90,0,0,0,0,0,0,0,0,0,0,0,0,0,0,0,0,0,9.174552,2.368178,0,0,0,5.296284,37.83052,0.03661723,0,0,0,2.368178
7/31/2007 6:00:00 AM,0.009546845,0.2990841,-108.6126,92.57626,0.009276726,0.04163395,0.05940961,0.05940961,0,0,0,0.05940961,70.07948,0,6.938894E-18,0,0.04163395,0.06253643,0.05940961,0,0,9.174552,2.368178,0,0.02090249,-0.02090249,5.274251,37.67315,0.03661723,0.06535058,0.03330716,0,2.409811
7/31/2007 7:00:00 AM,0.1088492,14.41703,-106.8342,78.35433,0.1063526,0.4773107,0.8281991,0.8281991,0,0,0,0.8281991,57.63235,0,0,0,0.4773107,0.8717886,0.8281991,0,0,9.197777,2.347275,0,0.3944779,-0.3944779,4.858435,34.70303,0.03661723,0.9110191,0.3818485,0,2.824586
7/31/2007 8:00:00 AM,0.1119262,28.62948,-106.1375,64.2208,0.1111981,0.4990572,0.09365141,0.09365141,0,0,0,0.09365141,532.8881,0,0,0,0.4990572,0.09858043,0.09365141,0,0,9.636086,1.952797,0.4004768,0,0.4004768,5.23836,37.41678,0.03660811,0.1030166,0.3992458,0,2.451854
7/31/2007 9:00:00 AM,0.1695733,42.84614,-106.8139,50.33438,0.1685549,0.7564743,1.872953,1.872953,0,-1,0,1.872953,40.3894,0,0,0,0.7564743,1.971529,1.872953,0,0,9.235609,2.313226,0,1.215055,-1.215055,3.95758,28.26837,0.03660811,2.060248,0.6051794,0,3.0697
7/31/2007 10:00:00 AM,0.2478972,56.92455,-110.0412,37.0412,0.2464287,1.105972,1.129917,1.129917,0,0,0,1.129917,97.88083,0,0,0,1.105972,1.189386,1.129917,0,0,10.58567,1.098171,0,0.0834142,-0.0834142,3.869653,27.64033,0.03660811,1.242909,0.8847777,0,2.204144
7/31/2007 11:00:00 AM,0.1058635,70.41472,-120.5712,25.35162,0.1053126,0.4726428,0,0,0,0,0,0,0,0,0,0,0.4726428,0,0,0,0,10.67835,1.014757,0.4726428,0,0.4726428,4.318042,30.84309,0.03659737,0,0.3781142,0,1.4874
7/31/2007 12:00:00 PM,0.2604293,80.23255,-164.6655,18.63013,0.2589737,1.162274,0.9689155,0.9689155,0,0,0,0.9689155,119.9562,0,0,0,1.162274,1.019911,0.9689155,0,0,10.20571,1.440136,0.1423627,0,0.1423627,4.453099,31.80779,0.03659413,1.065807,0.929819,0,2.602409
7/31/2007 1:00:00 PM,0.2469958,74.81392,129.5644,22.04021,0.2456158,1.102324,1.391283,1.391283,0,0,0,1.391283,79.23073,0,0,0,1.102324,1.464508,1.391283,0,0,10.06335,1.568262,0,0.3621848,-0.3621848,4.071323,29.08082,0.03659413,1.530411,0.8818588,0,2.670586
7/31/2007 2:00:00 PM,0.473226,61.91652,112.4791,32.53458,0.466892,2.095411,0,0,0,-1,0,0,0,0,0,0,2.095411,0,0,0,0,10.46577,1.206077,2.095411,0,2.095411,6.059204,43.27995,0.03654655,0,1.676329,0,3.301488
7/31/2007 3:00:00 PM,0.3470832,47.96157,107.5698,45.43211,0.3431898,1.540236,0.2008285,0.2008285,0,0,0,0.2008285,766.9409,0,0,0,1.540236,0.2113984,0.2008285,0,0,8.370363,3.091947,1.328837,0,1.328837,7.31985,52.28454,0.03651645,0.2209113,1.232189,0,4.632183
7/31/2007 4:00:00 PM,0.07016902,33.77209,106.1906,59.16205,0.0697769,0.3131588,0,0,0,0,0,0,0,0,0,0,0.3131588,0,0,0,0,7.041526,4.287901,0.3131588,0,0.3131588,7.616939,54.40659,0.03650936,0,0.250527,0,4.601059
7/31/2007 5:00:00 PM,0.115658,19.54689,106.4527,73.23003,0.1145137,0.5139373,0,0,0,0,0,0,0,0,0,0,0.5139373,0,0,0,0,6.728367,4.569744,0.5139373,0,0.5139373,8.104503,57.88919,0.03649773,0,0.4111499,0,5.083681
7/31/2007 6:00:00 PM,0.06012748,5.384562,107.8456,87.43345,0.04779452,0.2145018,1.295675,1.295675,0,0,0,1.295675,16.55522,0,2.220446E-16,0,0.2145018,1.363868,1.295675,0,0,6.21443,5.032287,0,1.149366,-1.149366,6.892964,49.23536,0.03649773,1.425242,0.1716014,0,5.246789
7/31/2007 7:00:00 PM,0,0,110.3474,90,0,0,0.530995,0.530995,0,-1,0,0.530995,0,0,1.110223E-16,0,0,0.5589421,0.530995,0,0,7.491504,3.882921,0,0.5589421,-0.5589421,6.303787,45.02696,0.03649773,0.5840945,0,0,3.882921
7/31/2007 8:00:00 PM,0,0,114.2778,90,0,0,1.974015,1.974015,0,-1,0,1.974015,0,0,4.440892E-16,0,0,2.07791,1.974015,0,0,8.112551,3.323979,0,2.07791,-2.07791,4.113477,29.38192,0.03649773,2.171416,0,0,3.323979
7/31/2007 9:00:00 PM,0,0,120.4253,90,0,0,1.892518,1.183765,0,-1,0,1.183765,0,0,0.7087524,0.8980042,0,1.246069,1.183765,0,0,10.42134,1.246069,0,1.246069,-1.246069,2.800006,20,0.03649773,2.081769,0,0,1.246069
7/31/2007 10:00:00 PM,0,0,130.4585,90,0,0,0.15269,0,0,-1,0,0,0,0,0.15269,0.167959,0,0,0,0,0,11.80586,0,0,0,0,2.800006,20,0.03649773,0.167959,0,0,0
7/31/2007 11:00:00 PM,0,0,147.5424,90,0,0,0.4243999,0,0,-1,0,0,0,0,0.4243999,0.4668399,0,0,0,0,0,11.80586,0,0,0,0,2.800006,20,0.03649773,0.4668399,0,0,0
8/1/2007 12:00:00 AM,0,0,174.3954,90,0,0,0.5476062,0,0,-1,0,0,0,0,0.5476062,0.6023668,0,0,0,0,0,11.80586,0,0,0,0,2.800006,20,0.03649773,0.6023668,0,0,0
8/1/2007 1:00:00 AM,0,0,-155.9539,90,0,0,0.1175515,0,0,-1,0,0,0,0,0.1175515,0.1293067,0,0,0,0,0,11.80586,0,0,0,0,2.800006,20,0.03649773,0.1293067,0,0,0
8/1/2007 2:00:00 AM,0,0,-135.3012,90,0,0,0.0892647,0,0,-1,0,0,0,0,0.0892647,0.09819117,0,0,0,0,0,11.80586,0,0,0,0,2.800006,20,0.03649773,0.09819117,0,0,0
8/1/2007 3:00:00 AM,0,0,-123.1831,90,0,0,0.3431785,0,0,-1,0,0,0,0,0.3431785,0.3774963,0,0,0,0,0,11.80586,0,0,0,0,2.800006,20,0.03649773,0.3774963,0,0,0
8/1/2007 4:00:00 AM,0,0,-115.9135,90,0,0,0,0,0,-1,0,0,0,0,0,0,0,0,0,0,0,11.80586,0,0,0,0,2.800006,20,0.03649773,0,0,0,0
8/1/2007 5:00:00 AM,0,0,-111.3212,90,0,0,0.1408923,0.1408923,3.646155,0,1.1604,0.1408923,0,0,0,0,0,0,0,3.505263,3.33,11.80586,0,3.33,0,3.33,5.959121,42.56506,0.03687201,0.1549815,0,5,0
8/1/2007 6:00:00 AM,0.003594802,0.2639804,-108.3625,92.5737,0.003548628,0.01592624,0.09159886,0.09159886,3.596862,0,1.146943,0.09159886,17.38695,0,0,0,0.01592624,0,0,3.505263,3.33,8.475861,2.997,3.345926,0,3.345926,9.133346,65.23805,0.03723516,0.1007587,0.01274099,5,3.012926
8/1/2007 7:00:00 AM,0.06378105,14.40168,-106.574,78.33081,0.06322984,0.2837756,0.96316,0.96316,4.468423,0,1.384879,0.96316,29.46297,0,0,0,0.2837756,0,0,3.505263,3.33,5.129934,6.008334,3.613775,0,3.613775,12.56167,89.72606,0.03775339,1.059476,0.2270204,5,6.292109
8/1/2007 8:00:00 AM,0.1076385,28.63382,-105.8498,64.1742,0.1069485,0.4799851,2.441001,2.441001,0,0,0,2.441001,19.66345,0,0,0,0.4799851,2.569474,2.441001,0,0,1.516158,9.260732,0,2.089489,-2.089489,10.35916,73.99384,0.03775339,2.685101,0.3839881,0,9.740717
8/1/2007 9:00:00 AM,0.1744519,42.87297,-106.4713,50.25897,0.1734017,0.778227,0.2046189,0.2046189,0,-1,0,0.2046189,380.3299,0,0,0,0.778227,0.2153883,0.2046189,0,0,3.837813,7.171242,0.5628387,0,0.5628387,10.89311,77.8078,0.03774031,0.2250808,0.6225816,0,7.949469
8/1/2007 10:00:00 AM,0.1327289,56.98256,-109.5905,36.92462,0.1320127,0.592473,0,0,0,0,0,0,0,0,0,0,0.592473,0,0,0,0,3.274975,7.677797,0.592473,0,0.592473,11.45518,81.82258,0.03772656,0,0.4739784,0,8.27027
8/1/2007 11:00:00 AM,0.09714466,70.53104,-119.9006,25.17009,0.09664196,0.4337291,0.730643,0.730643,0,0,0,0.730643,59.36265,0,0,0,0.4337291,0.7690979,0.730643,0,0,2.682502,8.211022,0,0.3353688,-0.3353688,11.10167,79.29751,0.03772656,0.8037074,0.3469833,0,8.644752
8/1/2007 12:00:00 PM,0.08539522,80.47677,-164.2817,18.37956,0.08495796,0.3812913,1.059686,1.059686,0,0,0,1.059686,35.98153,0,2.220446E-16,0,0.3812913,1.115459,1.059686,0,0,3.055134,7.875654,0,0.7341678,-0.7341678,10.32779,73.7698,0.03772656,1.165655,0.3050331,0,8.256946
8/1/2007 1:00:00 PM,0.1948482,74.95815,128.7694,21.83632,0.1937925,0.8697408,1.236871,1.236871,0,0,0,1.236871,70.31783,0,0,0,0.8697408,1.30197,1.236871,0,0,3.870876,7.141486,0,0.4322287,-0.4322287,9.872184,70.51546,0.03772656,1.360558,0.6957927,0,8.011227
8/1/2007 2:00:00 PM,0.1134788,61.97855,111.9586,32.4086,0.1128804,0.5066074,1.372084,1.372084,0,-1,0,1.372084,36.92248,0,0,0,0.5066074,1.444299,1.372084,0,0,4.35113,6.709257,0,0.9376916,-0.9376916,8.88377,63.45537,0.03772656,1.509292,0.405286,0,7.215865
8/1/2007 3:00:00 PM,0.1291875,47.98575,107.1943,45.35557,0.1284707,0.5765764,0,0,0,0,0,0,0,0,0,0,0.5765764,0,0,0,0,5.39301,5.771566,0.5765764,0,0.5765764,9.430758,67.36243,0.03771318,0,0.4612611,0,6.348142
8/1/2007 4:00:00 PM,0.07077964,33.77155,105.8868,59.1182,0.07038449,0.3158856,0.4851072,0.4851072,0,0,0,0.4851072,65.11666,0,0,0,0.3158856,0.5106391,0.4851072,0,0,4.816433,6.290484,0,0.1947535,-0.1947535,9.225471,65.89608,0.03771318,0.5336179,0.2527085,0,6.60637
8/1/2007 5:00:00 PM,0.05614113,19.52606,106.1856,73.21099,0.05577211,0.2503052,1.558011,1.558011,0,0,0,1.558011,16.06569,0,2.220446E-16,0,0.2503052,1.640012,1.558011,0,0,5.032826,6.095731,0,1.389707,-1.389707,7.760591,55.43268,0.03771318,1.713813,0.2002442,0,6.346036
8/1/2007 6:00:00 PM,0.06450535,5.344358,107.5952,87.43587,0.0480858,0.2158091,0.3618917,0.3618917,0,0,0,0.3618917,59.6336,0,5.551115E-17,0,0.2158091,0.3809387,0.3618917,0,0,6.576945,4.706024,0,0.1651296,-0.1651296,7.586529,54.18938,0.03771318,0.3980809,0.1726473,0,4.921833
8/1/2007 7:00:00 PM,0,0,110.0995,90,0,0,0.1037241,0.1037241,0,-1,0,0.1037241,0,0,1.387779E-17,0,0,0.1091833,0.1037241,0,0,6.760422,4.540895,0,0.1091833,-0.1091833,7.471439,53.36732,0.03771318,0.1140966,0,0,4.540895
8/1/2007 8:00:00 PM,0,0,114.0208,90,0,0,0,0,0,-1,0,0,0,0,0,0,0,0,0,0,0,6.881737,4.431711,0,0,0,7.471439,53.36732,0.03771318,0,0,0,4.431711
8/1/2007 9:00:00 PM,0,0,120.1498,90,0,0,0,0,0,-1,0,0,0,0,0,0,0,0,0,0,0,6.881737,4.431711,0,0,0,7.471439,53.36732,0.03771318,0,0,0,4.431711
8/1/2007 10:00:00 PM,0,0,130.1665,90,0,0,0,0,0,-1,0,0,0,0,0,0,0,0,0,0,0,6.881737,4.431711,0,0,0,7.471439,53.36732,0.03771318,0,0,0,4.431711
8/1/2007 11:00:00 PM,0,0,147.2883,90,0,0,0.3401624,0.3401624,0,-1,0,0.3401624,0,0,0,0,0,0.3580657,0.3401624,0,0,6.881737,4.431711,0,0.3580657,-0.3580657,7.094005,50.67136,0.03771318,0.3741786,0,0,4.431711
8/2/2007 12:00:00 AM,0,0,174.357,90,0,0,0.4492066,0.4492066,0,-1,0,0.4492066,0,0,5.551115E-17,0,0,0.472849,0.4492066,0,0,7.279587,4.073646,0,0.472849,-0.472849,6.595578,47.11118,0.03771318,0.4941272,0,0,4.073646
8/2/2007 1:00:00 AM,0,0,-155.7164,90,0,0,0.1517669,0.1517669,0,-1,0,0.1517669,0,0,0,0,0,0.1597546,0.1517669,0,0,7.804976,3.600796,0,0.1597546,-0.1597546,6.427182,45.90835,0.03771318,0.1669436,0,0,3.600796
8/2/2007 2:00:00 AM,0,0,-134.9861,90,0,0,0.1682241,0.1682241,0,-1,0,0.1682241,0,0,0,0,0,0.177078,0.1682241,0,0,7.982481,3.441042,0,0.177078,-0.177078,6.240526,44.57509,0.03771318,0.1850465,0,0,3.441042
8/2/2007 3:00:00 AM,0,0,-122.8833,90,0,0,0.2464113,0.2464113,0,-1,0,0.2464113,0,0,0,0,0,0.2593803,0.2464113,0,0,8.179234,3.263964,0,0.2593803,-0.2593803,5.967115,42.62216,0.03771318,0.2710524,0,0,3.263964
8/2/2007 4:00:00 AM,0,0,-115.6386,90,0,0,0.1220665,0.1220665,0,-1,0,0.1220665,0,0,1.387779E-17,0,0,0.128491,0.1220665,0,0,8.467434,3.004584,0,0.128491,-0.128491,5.831673,41.65473,0.03771318,0.1342731,0,0,3.004584
8/2/2007 5:00:00 AM,0,0,-111.0619,90,0,0,0,0,0,0,0,0,0,0,0,0,0,0,0,0,0,8.610202,2.876092,0,0,0,5.831673,41.65473,0.03771318,0,0,0,2.876092
8/2/2007 6:00:00 AM,0.006046903,0.2304797,-108.1067,92.56864,0.005931811,0.02662197,0,0,0,0,0,0,0,0,0,0,0.02662197,0,0,0,0,8.610202,2.876092,0.02662197,0,0.02662197,5.856929,41.83512,0.03771256,0,0.02129757,0,2.902714
8/2/2007 7:00:00 AM,0.04591144,14.38808,-106.308,78.30463,0.04556948,0.2045158,1.09957,1.09957,0,0,0,1.09957,18.59962,0,2.220446E-16,0,0.2045158,1.157442,1.09957,0,0,8.58358,2.900052,0,0.9529259,-0.9529259,4.852457,34.66034,0.03771256,1.209527,0.1636127,0,3.104568
8/2/2007 8:00:00 AM,0.05430347,28.64002,-105.5559,64.12478,0.05399867,0.242346,1.097604,1.097604,0,0,0,1.097604,22.07954,0,0,0,0.242346,1.155373,1.097604,0,0,9.642386,1.947126,0,0.913027,-0.913027,3.890042,27.78596,0.03771256,1.207365,0.1938768,0,2.189472
8/2/2007 9:00:00 AM,0.1009139,42.90171,-106.1214,50.18052,0.1003583,0.4504082,1.210983,1.210983,0,-1,0,1.210983,37.19359,0,0,0.2641099,0.4504082,1.274719,1.210983,0,0,10.65686,1.034099,0,0.8243112,-0.8243112,3.021142,21.57954,0.03771256,1.332082,0.3603266,0,1.484507
8/2/2007 10:00:00 AM,0.05654025,57.04247,-109.1296,36.80461,0.05625092,0.2524541,1.78842,1.78842,1.34929,0,0.5333562,1.78842,14.11604,5.551115E-17,0,0,0.2524541,0.4622422,0.4391301,0,0,11.57276,0.2097881,0,0.2097881,-0.2097881,2.800006,20,0.03771256,1.967262,0.2019633,5,0.4622422
8/2/2007 11:00:00 AM,0.03607641,70.64943,-119.2108,24.98416,0.03589518,0.1610976,0,0,3.505263,0,1.121937,0,0,0,0,0,0.1610976,0,0,3.505263,3.33,11.80586,0,3.491098,0,3.491098,6.111951,43.65671,0.03805159,0,0.1288781,5,0.1610976
8/2/2007 12:00:00 PM,0.06706988,80.72642,-163.8833,18.12333,0.0667294,0.2994816,1.299568,1.299568,4.620631,0,1.426432,1.299568,23.0447,0,0,0,0.2994816,0,0,3.321063,3.15501,8.314763,3.141988,3.454491,0,3.454491,9.38917,67.06536,0.03859724,1.429525,0.2395853,5,3.441469
8/2/2007 1:00:00 PM,0.1231242,75.10059,127.9367,21.63046,0.1224819,0.5496987,0,0,3.505263,0,1.121937,0,0,0,0,0,0.5496987,0,0,3.505263,3.33,4.860271,6.25103,3.879699,0,3.879699,13.06978,93.35535,0.03892371,0,0.4397589,5,6.800729
8/2/2007 2:00:00 PM,0.1464418,62.03757,111.4235,32.28335,0.1456551,0.6536999,0.4964373,0.4964373,0,-1,0,0.4964373,131.6783,0,0,0,0.6536999,0.5225655,0.4964373,0,0,0.9805726,9.742759,0.1311344,0,0.1311344,13.19418,94.24396,0.03892059,0.5460809,0.5229599,0,10.39646
8/2/2007 3:00:00 PM,0.07454008,48.00681,106.8101,45.28069,0.07414765,0.3327746,0.6935949,0.6935949,0,0,0,0.6935949,47.97824,0,0,0,0.3327746,0.7300999,0.6935949,0,0,0.8494382,9.86078,0,0.3973252,-0.3973252,12.77536,91.25241,0.03892059,0.7629544,0.2662197,0,10.19355
8/2/2007 4:00:00 PM,0.06646215,33.76783,105.5765,59.07644,0.06609467,0.2966329,1.780725,1.780725,0,0,0,1.780725,16.65798,0,2.220446E-16,0,0.2966329,1.874448,1.780725,0,0,1.290911,9.463454,0,1.577815,-1.577815,11.1122,79.3727,0.03892059,1.958798,0.2373063,0,9.760087
8/2/2007 5:00:00 PM,0.05988205,19.502,105.9131,73.19427,0.05948254,0.2669577,0,0,0,0,0,0,0,0,0,0,0.2669577,0,0,0,0,3.044038,7.88564,0.2669577,0,0.2669577,11.36546,81.18168,0.03891424,0,0.2135661,0,8.152597
8/2/2007 6:00:00 PM,0.05457065,5.300826,107.3398,87.4408,0.04614055,0.2070788,1.637842,1.637842,0,0,0,1.637842,12.64339,0,2.220446E-16,0,0.2070788,1.724044,1.637842,0,0,2.777081,8.125901,0,1.516966,-1.516966,9.766436,69.76012,0.03891424,1.801626,0.165663,0,8.33298
8/2/2007 7:00:00 PM,0,0,109.8468,90,0,0,3.218668,3.218668,0,-1,0,3.218668,0,0,0,0.2105342,0,3.388071,3.218668,0,0,4.462598,6.608936,0,3.388071,-3.388071,6.195096,44.25059,0.03891424,3.540534,0,0,6.608936
8/2/2007 8:00:00 PM,0,0,113.7588,90,0,0,0.4637011,0.4637011,0,-1,0,0.4637011,0,0,5.551115E-17,0,0,0.4881065,0.4637011,0,0,8.227121,3.220865,0,0.4881065,-0.4881065,5.680586,40.57553,0.03891424,0.5100712,0,0,3.220865
8/2/2007 9:00:00 PM,0,0,119.869,90,0,0,1.328326,1.328326,0,-1,0,1.328326,0,0,2.220446E-16,0,0,1.398238,1.328326,0,0,8.769462,2.732759,0,1.398238,-1.398238,4.206714,30.04789,0.03891424,1.461159,0,0,2.732759
8/2/2007 10:00:00 PM,0,0,129.8686,90,0,0,0.1410126,0.1410126,0,-1,0,0.1410126,0,0,2.775558E-17,0,0,0.1484343,0.1410126,0,0,10.32306,1.33452,0,0.1484343,-0.1484343,4.05025,28.9303,0.03891424,0.1551138,0,0,1.33452
8/2/2007 11:00:00 PM,0,0,147.0294,90,0,0,0.2951834,0.2951834,0,-1,0,0.2951834,0,0,5.551115E-17,0,0,0.3107193,0.2951834,0,0,10.48799,1.186086,0,0.3107193,-0.3107193,3.722723,26.59083,0.03891424,0.3247017,0,0,1.186086
8/3/2007 12:00:00 AM,0,0,174.3224,90,0,0,0.3201179,0.3201179,0,-1,0,0.3201179,0,0,5.551115E-17,0,0,0.3369662,0.3201179,0,0,10.83323,0.8753668,0,0.3369662,-0.3369662,3.36753,24.05374,0.03891424,0.3521297,0,0,0.8753668
8/3/2007 1:00:00 AM,0,0,-155.466,90,0,0,0.1596985,0.1596985,0,-1,0,0.1596985,0,0,2.775558E-17,0,0,0.1681037,0.1596985,0,0,11.20764,0.5384006,0,0.1681037,-0.1681037,3.190333,22.78805,0.03891424,0.1756683,0,0,0.5384006
8/3/2007 2:00:00 AM,0,0,-134.6594,90,0,0,0.377129,0.3517821,0,-1,0,0.3517821,0,0,0.02534695,0.06305986,0,0.3702969,0.3517821,0,0,11.39442,0.3702969,0,0.3702969,-0.3702969,2.800006,20,0.03891424,0.4148419,0,0,0.3702969
8/3/2007 3:00:00 AM,0,0,-122.5747,90,0,0,0.1635924,0,0,-1,0,0,0,0,0.1635924,0.1799516,0,0,0,0,0,11.80586,0,0,0,0,2.800006,20,0.03891424,0.1799516,0,0,0
8/3/2007 4:00:00 AM,0,0,-115.3567,90,0,0,0,0,0,-1,0,0,0,0,0,0,0,0,0,0,0,11.80586,0,0,0,0,2.800006,20,0.03891424,0,0,0,0
8/3/2007 5:00:00 AM,0,0,-110.7966,90,0,0,0.06400532,0.06400532,3.569268,0,1.13941,0.06400532,0,0,0,0,0,0,0,3.505263,3.33,11.80586,0,3.33,0,3.33,5.959121,42.56506,0.03926409,0.07040586,0,5,0
8/3/2007 6:00:00 AM,0.0011536,0.1986199,-107.8453,92.56107,0.001145079,0.005139117,0.4116691,0.4116691,3.916932,0,1.234323,0.4116691,1.248361,0,0,0,0.005139117,0,0,3.505263,3.33,8.475861,2.997,3.335139,0,3.335139,9.123112,65.16496,0.03967655,0.452836,0.004111293,5,3.002139
8/3/2007 7:00:00 AM,0.02667649,14.37625,-106.0363,78.2758,0.02650839,0.1189697,1.725083,1.725083,5,0,1.53,1.725083,6.89646,0,0,0,0.1189697,0,0,3.274917,3.111171,5.140721,5.998625,3.230141,0,3.230141,12.18749,87.05334,0.04022269,1.897592,0.09517574,5,6.117595
8/3/2007 8:00:00 AM,0.03893476,28.64805,-105.2559,64.07257,0.03872441,0.1737951,1.609051,1.609051,0,0,0,1.609051,10.8011,0,2.220446E-16,0,0.1737951,1.693738,1.609051,0,0,1.910581,8.905752,0,1.519943,-1.519943,10.58533,75.60936,0.04022269,1.769956,0.1390361,0,9.079547
8/3/2007 9:00:00 AM,0.1058805,42.9323,-105.7642,50.09909,0.1052957,0.4725671,1.244436,1.244436,0,-1,0,1.244436,37.97439,0,0,0,0.4725671,1.309933,1.244436,0,0,3.599406,7.385809,0,0.837366,-0.837366,9.70267,69.30465,0.04022269,1.36888,0.3780537,0,7.858376
8/3/2007 10:00:00 AM,0.1655814,57.10419,-108.6585,36.68125,0.164671,0.7390434,1.619257,1.619257,0,0,0,1.619257,45.6409,0,2.220446E-16,0,0.7390434,1.704481,1.619257,0,0,4.529813,6.548443,0,0.9654374,-0.9654374,8.68501,62.03566,0.04022269,1.781182,0.5912347,0,7.287486
8/3/2007 11:00:00 AM,0.1778666,70.76971,-118.5015,24.79393,0.1769102,0.7939728,0,0,0,0,0,0,0,0,0,0,0.7939728,0,0,0,0,5.602521,5.583005,0.7939728,0,0.7939728,9.438239,67.41586,0.0402033,0,0.6351783,0,6.376978
8/3/2007 12:00:00 PM,0.1340738,80.98143,-163.4686,17.86152,0.133374,0.5985827,1.184454,1.184454,0,0,0,1.184454,50.53658,0,0,0,0.5985827,1.246794,1.184454,0,0,4.808548,6.297581,0,0.6482114,-0.6482114,8.754964,62.53533,0.0402033,1.3029,0.4788662,0,6.896163
8/3/2007 1:00:00 PM,0.06797743,75.24084,127.0656,21.42286,0.06763192,0.303532,0.3790754,0.3790754,0,0,0,0.3790754,80.07168,0,0,0,0.303532,0.3990268,0.3790754,0,0,5.528783,5.64937,0,0.09549471,-0.09549471,8.654304,61.81633,0.0402033,0.4169829,0.2428256,0,5.952902
8/3/2007 2:00:00 PM,0.02389293,62.09336,110.874,32.15902,0.02377332,0.1066947,0.4050022,0.4050022,0,-1,0,0.4050022,26.34422,0,1.110223E-16,0,0.1066947,0.4263181,0.4050022,0,0,5.634888,5.553875,0,0.3196234,-0.3196234,8.317391,59.40982,0.0402033,0.4455024,0.08535574,0,5.66057
8/3/2007 3:00:00 PM,0.06221562,48.02463,106.4172,45.20761,0.06189198,0.2777712,0,0,0,0,0,0,0,0,0,0,0.2777712,0,0,0,0,5.990025,5.234251,0.2777712,0,0.2777712,8.580908,61.29208,0.04019653,0,0.2222169,0,5.512022
8/3/2007 4:00:00 PM,0.03418574,33.76087,105.2598,59.03683,0.0340071,0.1526239,0.5506082,0.5506082,0,0,0,0.5506082,27.71914,0,0,0,0.1526239,0.5795876,0.5506082,0,0,5.712254,5.484246,0,0.4269637,-0.4269637,8.130849,58.07737,0.04019653,0.605669,0.1220991,0,5.636869
8/3/2007 5:00:00 PM,0.02130083,19.47466,105.6352,73.17993,0.02118368,0.09507234,0.7729274,0.7729274,0,0,0,0.7729274,12.30029,0,0,0,0.09507234,0.8136078,0.7729274,0,0,6.186658,5.057282,0,0.7185355,-0.7185355,7.373446,52.66737,0.04019653,0.8502201,0.07605787,0,5.152354
8/3/2007 6:00:00 PM,0.06379545,5.253944,107.0796,87.44824,0.04762732,0.2137514,0,0,0,0,0,0,0,0,0,0,0.2137514,0,0,0,0,6.985031,4.338747,0.2137514,0,0.2137514,7.576228,54.11581,0.04019132,0,0.1710011,0,4.552498
8/3/2007 7:00:00 PM,0,0,109.5892,90,0,0,1.209497,1.209497,0,-1,0,1.209497,0,0,2.220446E-16,0,0,1.273155,1.209497,0,0,6.771279,4.531123,0,1.273155,-1.273155,6.234205,44.52995,0.04019132,1.330447,0,0,4.531123
8/3/2007 8:00:00 PM,0,0,113.4918,90,0,0,0,0,0,-1,0,0,0,0,0,0,0,0,0,0,0,8.185896,3.257967,0,0,0,6.234205,44.52995,0.04019132,0,0,0,3.257967
8/3/2007 9:00:00 PM,0,0,119.5827,90,0,0,1.131716,1.131716,0,-1,0,1.131716,0,0,0,0,0,1.19128,1.131716,0,0,8.185896,3.257967,0,1.19128,-1.19128,4.978485,35.56054,0.04019132,1.244888,0,0,3.257967
8/3/2007 10:00:00 PM,0,0,129.5647,90,0,0,0.07394967,0.07394967,0,-1,0,0.07394967,0,0,0,0,0,0.07784176,0.07394967,0,0,9.509542,2.066687,0,0.07784176,-0.07784176,4.896432,34.97445,0.04019132,0.08134464,0,0,2.066687
8/3/2007 11:00:00 PM,0,0,146.7656,90,0,0,0.1934128,0.1934128,0,-1,0,0.1934128,0,0,2.775558E-17,0,0,0.2035924,0.1934128,0,0,9.596032,1.988845,0,0.2035924,-0.2035924,4.681828,33.44156,0.04019132,0.2127541,0,0,1.988845
8/4/2007 12:00:00 AM,0,0,174.2916,90,0,0,0.272028,0.272028,0,-1,0,0.272028,0,0,5.551115E-17,0,0,0.2863453,0.272028,0,0,9.822246,1.785253,0,0.2863453,-0.2863453,4.379993,31.2856,0.04019132,0.2992308,0,0,1.785253
8/4/2007 1:00:00 AM,0,0,-155.2027,90,0,0,0.1047828,0.1047828,0,-1,0,0.1047828,0,0,1.387779E-17,0,0,0.1102977,0.1047828,0,0,10.14041,1.498908,0,0.1102977,-0.1102977,4.263729,30.45514,0.04019132,0.1152611,0,0,1.498908
8/4/2007 2:00:00 AM,0,0,-134.3211,90,0,0,0.2525271,0.2525271,0,-1,0,0.2525271,0,0,5.551115E-17,0,0,0.265818,0.2525271,0,0,10.26296,1.38861,0,0.265818,-0.265818,3.983532,28.45374,0.04019132,0.2777798,0,0,1.38861
8/4/2007 3:00:00 AM,0,0,-122.2574,90,0,0,0.3708533,0.3708533,0,-1,0,0.3708533,0,0,0,0,0,0.3903719,0.3708533,0,0,10.55831,1.122792,0,0.3903719,-0.3903719,3.572044,25.51455,0.04019132,0.4079386,0,0,1.122792
8/4/2007 4:00:00 AM,0,0,-115.0678,90,0,0,0.1069143,0.1069143,0,-1,0,0.1069143,0,0,1.387779E-17,0,0,0.1125413,0.1069143,0,0,10.99206,0.73242,0,0.1125413,-0.1125413,3.453415,24.6672,0.04019132,0.1176057,0,0,0.73242
8/4/2007 5:00:00 AM,0,0,-110.5253,90,0,0,0.3114267,0.3114267,0,0,0,0.3114267,0,0,0,0,0,0.3278176,0.3114267,0,0,11.11711,0.6198786,0,0.3278176,-0.3278176,3.107865,22.19899,0.04019132,0.3425694,0,0,0.6198786
8/4/2007 6:00:00 AM,0.01774254,0.1684362,-107.5782,92.55093,0.01340537,0.06016331,0.4080535,0.4080535,3.913317,0,1.233335,0.4080535,14.74397,0,0,0,0.06016331,0,0,3.505263,3.33,11.48135,0.2920611,3.390163,0,3.390163,6.324056,45.17174,0.04059793,0.4488589,0.04813065,5,0.3522243
8/4/2007 7:00:00 AM,0.1762062,14.3662,-105.7591,78.24432,0.158693,0.7122142,0.4324708,0.4324708,3.937734,0,1.240001,0.4324708,164.6849,0,0,0,0.7122142,0,0,3.505263,3.33,8.091185,3.343208,4.042214,0,4.042214,10.15884,72.56298,0.0409912,0.4757179,0.5697713,5,4.055422
8/4/2007 8:00:00 AM,0.2384923,28.65791,-104.9499,64.01759,0.2341463,1.050849,0.4638325,0.4638325,3.61975,0,1.153192,0.4638325,226.5578,0,0,0,1.050849,0,0,3.155918,2.998122,4.048971,6.981201,4.048971,0,4.048971,14.00003,100,0.04132428,0.5102157,0.8406789,5,8.032049
8/4/2007 9:00:00 AM,0.4410439,42.96469,-105.3997,50.01472,0.429431,1.927286,1.274915,1.274915,0,-1,0,1.274915,151.1697,0.5852699,0,0,1.927286,1.342016,1.274915,0,0,0,10.62527,0,0,0,14.00003,100,0.04132428,1.402407,1.541829,0,12.55256
8/4/2007 10:00:00 AM,0.5113548,57.16762,-108.1773,36.55462,0.5021709,2.253743,1.42358,1.42358,0,0,0,1.42358,158.3151,0.7552375,0,0,2.253743,1.498505,1.42358,0,0,0,10.62527,0,0,0,14.00003,100,0.04132428,1.565938,1.802994,0,12.87902
8/4/2007 11:00:00 AM,0.615512,70.89167,-117.7722,24.59951,0.6041887,2.711599,0.3847478,0.3847478,0,0,0,0.3847478,704.7729,2.306601,0,0,2.711599,0.4049977,0.3847478,0,0,0,10.62527,0,0,0,14.00003,100,0.04132428,0.4232226,2.169279,0,13.33687
8/4/2007 12:00:00 PM,0.7114512,81.24171,-163.0357,17.59419,0.6961788,3.12445,0.6251281,0.6251281,0,0,0,0.6251281,499.8096,2.466421,0,0,3.12445,0.6580296,0.6251281,0,0,0,10.62527,0,0,0,14.00003,100,0.04132428,0.6876409,2.49956,0,13.74972
8/4/2007 1:00:00 PM,0.6025057,75.37851,126.1554,21.21374,0.592755,2.660284,1.77892,1.77892,0,0,0,1.77892,149.5449,0.7877367,0,0,2.660284,1.872548,1.77892,0,0,0,10.62527,0,0,0,14.00003,100,0.04132428,1.956812,2.128227,0,13.28556
8/4/2007 2:00:00 PM,0.5207129,62.14573,110.3103,32.03579,0.512527,2.300221,1.115805,1.115805,0,-1,0,1.115805,206.149,1.12569,0,0,2.300221,1.174532,1.115805,0,0,0,10.62527,0,0,0,14.00003,100,0.04132428,1.227386,1.840177,0,12.9255
8/4/2007 3:00:00 PM,0.3982541,48.03909,106.0159,45.13644,0.3923453,1.760846,0.9966582,0.9966582,0,0,0,0.9966582,176.675,0.7117317,0,0,1.760846,1.049114,0.9966582,0,0,0,10.62527,0,0,0,14.00003,100,0.04132428,1.096324,1.408677,0,12.38612
8/4/2007 4:00:00 PM,0.1871558,33.75059,104.9368,58.99947,0.1858074,0.8339037,0.650873,0.650873,0,0,0,0.650873,128.1208,0.1487741,0,0,0.8339037,0.6851295,0.650873,0,0,0,10.62527,0,0,0,14.00003,100,0.04132428,0.7159603,0.6671229,0,11.45918
8/4/2007 5:00:00 PM,0.2357408,19.444,105.3521,73.16801,0.2187133,0.9815851,0.9026734,0.9026734,0,0,0,0.9026734,108.742,0.03140258,0,0,0.9815851,0.9501825,0.9026734,0,0,0,10.62527,0,0,0,14.00003,100,0.04132428,0.9929407,0.7852681,0,11.60686
8/4/2007 6:00:00 PM,0.06853873,5.203697,106.8144,87.45824,0.0474014,0.2127375,2.463758,2.463758,0,0,0,2.463758,8.634673,0,0,0,0.2127375,2.59343,2.463758,0,0,0,10.62527,0,2.380692,-2.380692,11.49056,82.07525,0.04132428,2.710134,0.17019,0,10.83801
8/4/2007 7:00:00 PM,0,0,109.327,90,0,0,0,0,0,-1,0,0,0,0,0,0,0,0,0,0,0,2.645214,8.244582,0,0,0,11.49056,82.07525,0.04132428,0,0,0,8.244582
8/4/2007 8:00:00 PM,0,0,113.2199,90,0,0,1.148723,1.148723,0,-1,0,1.148723,0,0,0,0,0,1.209182,1.148723,0,0,2.645214,8.244582,0,1.209182,-1.209182,10.21597,72.97105,0.04132428,1.263595,0,0,8.244582
8/4/2007 9:00:00 PM,0,0,119.2911,90,0,0,0.9670579,0.9670579,0,-1,0,0.9670579,0,0,1.110223E-16,0,0,1.017956,0.9670579,0,0,3.988749,7.0354,0,1.017956,-1.017956,9.142948,65.30665,0.04132428,1.063764,0,0,7.0354
8/4/2007 10:00:00 PM,0,0,129.2549,90,0,0,0.2644948,0.2644948,0,-1,0,0.2644948,0,0,0,0,0,0.2784156,0.2644948,0,0,5.119811,6.017444,0,0.2784156,-0.2784156,8.849473,63.21039,0.04132428,0.2909443,0,0,6.017444
8/4/2007 11:00:00 PM,0,0,146.4967,90,0,0,0.1377918,0.1377918,0,-1,0,0.1377918,0,0,0,0,0,0.145044,0.1377918,0,0,5.429162,5.739028,0,0.145044,-0.145044,8.696583,62.11832,0.04132428,0.151571,0,0,5.739028
8/5/2007 12:00:00 AM,0,0,174.2649,90,0,0,0,0,0,-1,0,0,0,0,0,0,0,0,0,0,0,5.590322,5.593985,0,0,0,8.696583,62.11832,0.04132428,0,0,0,5.593985
8/5/2007 1:00:00 AM,0,0,-154.9258,90,0,0,0,0,0,-1,0,0,0,0,0,0,0,0,0,0,0,5.590322,5.593985,0,0,0,8.696583,62.11832,0.04132428,0,0,0,5.593985
8/5/2007 2:00:00 AM,0,0,-133.971,90,0,0,0.02190067,0.02190067,0,-1,0,0.02190067,0,0,3.469447E-18,0,0,0.02305334,0.02190067,0,0,5.590322,5.593985,0,0.02305334,-0.02305334,8.672282,61.94475,0.04132428,0.02409074,0,0,5.593985
8/5/2007 3:00:00 AM,0,0,-121.9314,90,0,0,0,0,0,-1,0,0,0,0,0,0,0,0,0,0,0,5.615937,5.570931,0,0,0,8.672282,61.94475,0.04132428,0,0,0,5.570931
8/5/2007 4:00:00 AM,0,0,-114.772,90,0,0,0,0,0,-1,0,0,0,0,0,0,0,0,0,0,0,5.615937,5.570931,0,0,0,8.672282,61.94475,0.04132428,0,0,0,5.570931
8/5/2007 5:00:00 AM,0,0,-110.248,90,0,0,0.296343,0.296343,0,0,0,0.296343,0,0,0,0,0,0.31194,0.296343,0,0,5.615937,5.570931,0,0.31194,-0.31194,8.343469,59.59609,0.04132428,0.3259773,0,0,5.570931
8/5/2007 6:00:00 AM,0.02655457,0.1399612,-107.3057,92.53823,0.006448692,0.02894173,0.1407823,0.1407823,0,0,0,0.1407823,20.55779,0,0,0,0.02894173,0.1481919,0.1407823,0,0,5.962537,5.258991,0,0.1192502,-0.1192502,8.217769,58.69823,0.04132428,0.1548605,0.02315339,0,5.287933
8/5/2007 7:00:00 AM,0.2348833,14.35795,-105.4764,78.21017,0.1977943,0.8877008,1.148596,1.148596,0,0,0,1.148596,77.28572,0,0,0,0.8877008,1.209049,1.148596,0,0,6.095037,5.139741,0,0.3213478,-0.3213478,7.879038,56.27873,0.04132428,1.263456,0.7101606,0,6.027442
8/5/2007 8:00:00 AM,0.4765395,28.66957,-104.6379,63.95985,0.4393404,1.97176,0,0,0,0,0,0,0,0,0,0,1.97176,0,0,0,0,6.45209,4.818393,1.97176,0,1.97176,9.749614,69.63995,0.04127525,0,1.577408,0,6.790153
8/5/2007 9:00:00 AM,0.7018884,42.99883,-105.028,49.92746,0.665505,2.986786,0.8428577,0.8428577,0,-1,0,0.8428577,354.3643,0,0,0,2.986786,0.8872186,0.8428577,0,0,4.48033,6.592977,2.099568,0,2.099568,11.74144,83.86725,0.04122316,0.9271434,2.389429,0,9.579763
8/5/2007 10:00:00 AM,0.780154,57.23265,-107.6859,36.42482,0.7508474,3.369803,0.876435,0.876435,0,0,0,0.876435,384.4897,0.0664771,0,0,3.369803,0.9225632,0.876435,0,0,2.380763,8.482588,2.380763,0,2.380763,14.00003,100,0.04116426,0.9640785,2.695843,0,11.85239
8/5/2007 11:00:00 AM,1.021133,71.01513,-117.0225,24.40101,0.9863616,4.426791,0.3593488,0.3593488,0,0,0,0.3593488,1231.892,4.048529,0,0,4.426791,0.3782619,0.3593488,0,0,0,10.62527,0,0,0,14.00003,100,0.04116426,0.3952837,3.541433,0,15.05206
8/5/2007 12:00:00 PM,1.07807,81.50717,-162.5824,17.32141,1.043544,4.683425,1.104946,1.104946,0,0,0,1.104946,423.8603,3.520325,0,0,4.683425,1.163101,1.104946,0,0,0,10.62527,0,0,0,14.00003,100,0.04116426,1.21544,3.74674,0,15.3087
8/5/2007 1:00:00 PM,1.077878,75.51315,125.2057,21.00331,1.042241,4.677575,1.51706,1.51706,0,0,0,1.51706,308.3315,3.080669,0,0,4.677575,1.596906,1.51706,0,0,0,10.62527,0,0,0,14.00003,100,0.04116426,1.668766,3.74206,0,15.30285
8/5/2007 2:00:00 PM,0.8277053,62.19449,109.7327,31.91385,0.7984266,3.583338,0.1452234,0.1452234,0,-1,0,0.1452234,2467.466,3.430472,0,0,3.583338,0.1528668,0.1452234,0,0,0,10.62527,0,0,0,14.00003,100,0.04116426,0.1597458,2.866671,0,14.20861
8/5/2007 3:00:00 PM,0.6839289,48.05008,105.6064,45.06733,0.6540703,2.935467,1.211295,1.211295,0,0,0,1.211295,242.3412,1.66042,0,0,2.935467,1.275047,1.211295,0,0,0,10.62527,0,0,0,14.00003,100,0.04116426,1.332425,2.348374,0,13.56074
8/5/2007 4:00:00 PM,0.4960009,33.73693,104.6076,58.96444,0.46597,2.091273,0,0,0,0,0,0,0,2.091273,0,0,2.091273,0,0,0,0,0,10.62527,0,0,0,14.00003,100,0.04116426,0,1.673019,0,12.71655
8/5/2007 5:00:00 PM,0.2569498,19.40998,105.0637,73.15856,0.2347492,1.053554,0.5214331,0.5214331,0,0,0,0.5214331,202.0498,0.5046774,0,0,1.053554,0.5488769,0.5214331,0,0,0,10.62527,0,0,0,14.00003,100,0.04116426,0.5735764,0.8428434,0,11.67883
8/5/2007 6:00:00 PM,0.07233681,5.150071,106.5446,87.4708,0.04693726,0.2106544,1.031388,1.031388,0,0,0,1.031388,20.42436,0,0,0,0.2106544,1.085672,1.031388,0,0,0,10.62527,0,0.8750171,-0.8750171,13.07768,93.4118,0.04116426,1.134527,0.1685235,0,10.83593
8/5/2007 7:00:00 PM,0,0,109.0602,90,0,0,0,0,0,-1,0,0,0,0,0,0,0,0,0,0,0,0.9722412,9.750257,0,0,0,13.07768,93.4118,0.04116426,0,0,0,9.750257
8/5/2007 8:00:00 PM,0,0,112.9432,90,0,0,0.3007189,0.3007189,0,-1,0,0.3007189,0,0,0,0,0,0.3165462,0.3007189,0,0,0.9722412,9.750257,0,0.3165462,-0.3165462,12.74401,91.02846,0.04116426,0.3307908,0,0,9.750257
8/5/2007 9:00:00 PM,0,0,118.9941,90,0,0,0.7336409,0.7336409,0,-1,0,0.7336409,0,0,1.110223E-16,0,0,0.7722536,0.7336409,0,0,1.323959,9.433711,0,0.7722536,-0.7722536,11.92998,85.214,0.04116426,0.807005,0,0,9.433711
8/5/2007 10:00:00 PM,0,0,128.9391,90,0,0,0.2380785,0.2380785,0,-1,0,0.2380785,0,0,2.775558E-17,0,0,0.250609,0.2380785,0,0,2.182019,8.661457,0,0.250609,-0.250609,11.66582,83.3271,0.04116426,0.2618864,0,0,8.661457
8/5/2007 11:00:00 PM,0,0,146.2228,90,0,0,0.01916684,0.01916684,0,-1,0,0.01916684,0,0,3.469447E-18,0,0,0.02017562,0.01916684,0,0,2.460473,8.410849,0,0.02017562,-0.02017562,11.64455,83.1752,0.04116426,0.02108352,0,0,8.410849
8/6/2007 12:00:00 AM,0,0,174.2423,90,0,0,0.09442011,0.09442011,0,-1,0,0.09442011,0,0,0,0,0,0.09938959,0.09442011,0,0,2.482891,8.390673,0,0.09938959,-0.09938959,11.53979,82.42687,0.04116426,0.1038621,0,0,8.390673
8/6/2007 1:00:00 AM,0,0,-154.6352,90,0,0,0.5848001,0.5848001,0,-1,0,0.5848001,0,0,0,0,0,0.6155791,0.5848001,0,0,2.593323,8.291283,0,0.6155791,-0.6155791,10.89091,77.79205,0.04116426,0.6432801,0,0,8.291283
8/6/2007 2:00:00 AM,0,0,-133.6092,90,0,0,0.1395306,0.1395306,0,-1,0,0.1395306,0,0,2.775558E-17,0,0,0.1468743,0.1395306,0,0,3.2773,7.675704,0,0.1468743,-0.1468743,10.73609,76.6862,0.04116426,0.1534837,0,0,7.675704
8/6/2007 3:00:00 AM,0,0,-121.5967,90,0,0,0.2909428,0.2909428,0,-1,0,0.2909428,0,0,5.551115E-17,0,0,0.3062556,0.2909428,0,0,3.440494,7.52883,0,0.3062556,-0.3062556,10.41327,74.38033,0.04116426,0.3200371,0,0,7.52883
8/6/2007 4:00:00 AM,0,0,-114.4694,90,0,0,0,0,0,-1,0,0,0,0,0,0,0,0,0,0,0,3.780778,7.222574,0,0,0,10.41327,74.38033,0.04116426,0,0,0,7.222574
8/6/2007 5:00:00 AM,0,0,-109.9649,90,0,0,0.05710892,0.05710892,0,0,0,0.05710892,0,0,6.938894E-18,0,0,0.06011466,0.05710892,0,0,3.780778,7.222574,0,0.06011466,-0.06011466,10.3499,73.92771,0.04116426,0.06281982,0,0,7.222574
8/6/2007 6:00:00 AM,0.01414757,0.1132246,-107.0277,92.52293,0.01263145,0.05668995,0.2765246,0.2765246,0,0,0,0.2765246,20.50087,0,0,0,0.05668995,0.2910785,0.2765246,0,0,3.847572,7.162459,0,0.2343886,-0.2343886,10.10283,72.16295,0.04116426,0.304177,0.04535196,0,7.219149
8/6/2007 7:00:00 AM,0.1805018,14.35148,-105.1882,78.17338,0.1620784,0.7274079,0.2052138,0.2052138,0,0,0,0.2052138,354.4634,0,0,0,0.7274079,0.2160145,0.2052138,0,0,4.108004,6.928071,0.5113933,0,0.5113933,10.58798,75.6283,0.04115164,0.2257352,0.5819263,0,7.655478
8/6/2007 8:00:00 AM,0.3744175,28.68301,-104.32,63.89941,0.3529321,1.583959,1.092653,1.092653,0,0,0,1.092653,144.9645,0,0,0,1.583959,1.150161,1.092653,0,0,3.59661,7.388325,0.433798,0,0.433798,10.99952,78.56785,0.04114093,1.201918,1.267167,0,8.972284
8/6/2007 9:00:00 AM,0.5976136,43.03466,-104.6493,49.83739,0.5705589,2.560668,0.5727278,0.5727278,0,-1,0,0.5727278,447.1004,0,0,0,2.560668,0.6028714,0.5727278,0,0,3.162812,7.778743,1.957797,0,1.957797,12.85685,91.83446,0.04109268,0.6300006,2.048535,0,10.33941
8/6/2007 10:00:00 AM,0.3698368,57.29917,-107.1843,36.29194,0.3667105,1.645797,0.5905648,0.5905648,0,0,0,0.5905648,278.6818,0,0,0,1.645797,0.6216472,0.5905648,0,0,1.205015,9.54076,1.024149,0,1.024149,13.82844,98.7744,0.04106748,0.6496214,1.316637,0,11.18656
8/6/2007 11:00:00 AM,0.3955061,71.13985,-116.2521,24.19856,0.3926267,1.762109,0.1870788,0.1870788,0,0,0,0.1870788,941.9075,1.384318,0,0,1.762109,0.196925,0.1870788,0,0,0.180866,10.46249,0.180866,0,0.180866,14.00003,100,0.04106303,0.2057866,1.409687,0,12.2246
8/6/2007 12:00:00 PM,0.7596635,81.7777,-162.1061,17.04326,0.7420945,3.33052,0.559852,0.559852,0,0,0,0.559852,594.8929,2.741202,0,0,3.33052,0.5893179,0.559852,0,0,0,10.62527,0,0,0,14.00003,100,0.04106303,0.6158372,2.664416,0,13.95579
8/6/2007 1:00:00 PM,0.8026587,75.64433,124.2158,20.79183,0.7811302,3.505712,0.2600901,0.2600901,0,0,0,0.2600901,1347.884,3.231933,0,0,3.505712,0.2737791,0.2600901,0,0,0,10.62527,0,0,0,14.00003,100,0.04106303,0.2860991,2.80457,0,14.13099
8/6/2007 2:00:00 PM,0.7187135,62.23942,109.1414,31.79341,0.6976003,3.13083,0.5908552,0.5908552,0,-1,0,0.5908552,529.8811,2.508877,0,0,3.13083,0.6219528,0.5908552,0,0,0,10.62527,0,0,0,14.00003,100,0.04106303,0.6499407,2.504664,0,13.7561
8/6/2007 3:00:00 PM,0.4750613,48.05748,105.1888,45.00038,0.4644742,2.08456,0.1109312,0.1109312,0,0,0,0.1109312,1879.147,1.967791,0,0,2.08456,0.1167697,0.1109312,0,0,0,10.62527,0,0,0,14.00003,100,0.04106303,0.1220243,1.667648,0,12.70983
8/6/2007 4:00:00 PM,0.2862684,33.71982,104.2725,58.93182,0.2813644,1.262763,0.3141633,0.3141633,0,0,0,0.3141633,401.9449,0.9320651,0,0,1.262763,0.3306982,0.3141633,0,0,0,10.62527,0,0,0,14.00003,100,0.04106303,0.3455796,1.010211,0,11.88804
8/6/2007 5:00:00 PM,0.140994,19.37257,104.7704,73.15164,0.1388351,0.6230919,0.6978695,0.6978695,0,0,0,0.6978695,89.28487,0,0,0,0.6230919,0.7345994,0.6978695,0,0,0,10.62527,0,0.1115076,-0.1115076,13.88249,99.16044,0.04106303,0.7676564,0.4984735,0,11.24837
8/6/2007 6:00:00 PM,0.07895045,5.093056,106.2702,87.48596,0.04645464,0.2084884,0.7293934,0.7293934,0,0,0,0.7293934,28.58381,0,1.110223E-16,0,0.2084884,0.7677826,0.7293934,0,0,0.1238973,10.51377,0,0.5592942,-0.5592942,13.29294,94.94939,0.04106303,0.8023328,0.1667907,0,10.72225
8/6/2007 7:00:00 PM,0,0,108.7888,90,0,0,1.226263,1.226263,0,-1,0,1.226263,0,0,0,0,0,1.290803,1.226263,0,0,0.7453352,9.954473,0,1.290803,-1.290803,11.93231,85.23065,0.04106303,1.34889,0,0,9.954473
8/6/2007 8:00:00 PM,0,0,112.6618,90,0,0,1.443067,1.443067,0,-1,0,1.443067,0,0,2.220446E-16,0,0,1.519018,1.443067,0,0,2.179561,8.663669,0,1.519018,-1.519018,10.33113,73.79363,0.04106303,1.587374,0,0,8.663669
8/6/2007 9:00:00 PM,0,0,118.6918,90,0,0,0,0,0,-1,0,0,0,0,0,0,0,0,0,0,0,3.867359,7.144651,0,0,0,10.33113,73.79363,0.04106303,0,0,0,7.144651
8/6/2007 10:00:00 PM,0,0,128.6172,90,0,0,0,0,0,-1,0,0,0,0,0,0,0,0,0,0,0,3.867359,7.144651,0,0,0,10.33113,73.79363,0.04106303,0,0,0,7.144651
8/6/2007 11:00:00 PM,0,0,145.9437,90,0,0,0,0,0,-1,0,0,0,0,0,0,0,0,0,0,0,3.867359,7.144651,0,0,0,10.33113,73.79363,0.04106303,0,0,0,7.144651
8/7/2007 12:00:00 AM,0,0,174.2241,90,0,0,0.4105283,0.4105283,0,-1,0,0.4105283,0,0,5.551115E-17,0,0,0.432135,0.4105283,0,0,3.867359,7.144651,0,0.432135,-0.432135,9.875619,70.53999,0.04106303,0.4515811,0,0,7.144651
8/7/2007 1:00:00 AM,0,0,-154.3305,90,0,0,0,0,0,-1,0,0,0,0,0,0,0,0,0,0,0,4.347509,6.712516,0,0,0,9.875619,70.53999,0.04106303,0,0,0,6.712516
8/7/2007 2:00:00 AM,0,0,-133.2355,90,0,0,0.04545283,0.04545283,0,-1,0,0.04545283,0,0,0,0,0,0.04784509,0.04545283,0,0,4.347509,6.712516,0,0.04784509,-0.04784509,9.825186,70.17976,0.04106303,0.04999812,0,0,6.712516
8/7/2007 3:00:00 AM,0,0,-121.2534,90,0,0,0.1142584,0.1142584,0,-1,0,0.1142584,0,0,1.387779E-17,0,0,0.120272,0.1142584,0,0,4.400671,6.66467,0,0.120272,-0.120272,9.698407,69.2742,0.04106303,0.1256842,0,0,6.66467
8/7/2007 4:00:00 AM,0,0,-114.1601,90,0,0,0.155771,0.155771,0,-1,0,0.155771,0,0,0,0,0,0.1639695,0.155771,0,0,4.534306,6.544399,0,0.1639695,-0.1639695,9.525569,68.03964,0.04106303,0.1713481,0,0,6.544399
8/7/2007 5:00:00 AM,0,0,-109.676,90,0,0,0.01118335,0.01118335,0,0,0,0.01118335,0,0,0,0,0,0.01177195,0.01118335,0,0,4.716495,6.380429,0,0.01177195,-0.01177195,9.51316,67.951,0.04106303,0.01230169,0,0,6.380429
8/7/2007 6:00:00 AM,0.01132062,0.08825325,-106.7444,92.50502,0.01079213,0.04843509,0.5747778,0.5747778,0,0,0,0.5747778,8.426749,0,1.110223E-16,0,0.04843509,0.6050293,0.5747778,0,0,4.729574,6.368657,0,0.5565943,-0.5565943,8.926458,63.76029,0.04106303,0.6322556,0.03874807,0,6.417092
8/7/2007 7:00:00 AM,0.1586754,14.34681,-104.8947,78.13394,0.1473093,0.6611241,0.2967462,0.2967462,0,0,0,0.2967462,222.791,0,0,0,0.6611241,0.3123645,0.2967462,0,0,5.348012,5.812063,0.3487596,0,0.3487596,9.25732,66.12358,0.04105446,0.3264209,0.5288992,0,6.473187
8/7/2007 8:00:00 AM,0.2359663,28.6982,-103.9962,63.83628,0.2320014,1.041222,2.436325,2.436325,0,0,0,2.436325,42.73741,0,4.440892E-16,0,1.041222,2.564553,2.436325,0,0,4.999253,6.125947,0,1.523331,-1.523331,7.651589,54.6541,0.04105446,2.679958,0.8329778,0,7.167169
8/7/2007 9:00:00 AM,0.2340992,43.07212,-104.2635,49.74456,0.232547,1.043671,1.428199,1.428199,0,-1,0,1.428199,73.07604,0,2.220446E-16,0,1.043671,1.503367,1.428199,0,0,6.691843,4.602616,0,0.4596961,-0.4596961,7.167027,51.19295,0.04105446,1.571019,0.8349369,0,5.646287
8/7/2007 10:00:00 AM,0.263817,57.36707,-106.6726,36.15608,0.2622677,1.177057,1.365416,1.365416,0,0,0,1.365416,86.20506,0,0,0,1.177057,1.43728,1.365416,0,0,7.202616,4.14292,0,0.2602222,-0.2602222,6.892728,49.23368,0.04105446,1.501957,0.9416459,0,5.319977
8/7/2007 11:00:00 AM,0.3927938,71.26563,-115.4605,23.99229,0.3899909,1.750279,0,0,0,0,0,0,0,0,0,0,1.750279,0,0,0,0,7.491752,3.882698,1.750279,0,1.750279,8.553189,61.09409,0.04101149,0,1.400223,0,5.632977
8/7/2007 12:00:00 PM,0.5620602,82.05321,-161.6039,16.75981,0.5552132,2.491796,0.7839119,0.7839119,0,0,0,0.7839119,317.8669,0,0,0,2.491796,0.8251705,0.7839119,0,0,5.741472,5.457949,1.666626,0,1.666626,10.13429,72.38763,0.04097067,0.8623031,1.993437,0,7.949746
8/7/2007 1:00:00 PM,0.4375138,75.7716,123.1855,20.57954,0.4340255,1.947906,0.6685658,0.6685658,0,0,0,0.6685658,291.356,0,0,0,1.947906,0.7037535,0.6685658,0,0,4.074846,6.957912,1.244153,0,1.244153,11.3146,80.81838,0.04094024,0.7354224,1.558325,0,8.905819
8/7/2007 2:00:00 PM,0.3057256,62.28035,108.5368,31.67465,0.3038595,1.363721,0.5048664,0.5048664,0,-1,0,0.5048664,270.1153,0,0,0,1.363721,0.5314384,0.5048664,0,0,2.830693,8.07765,0.8322831,0,0.8322831,12.10417,86.45818,0.04091991,0.555353,1.090977,0,9.441372
8/7/2007 3:00:00 PM,0.3661219,48.06119,104.7633,44.93573,0.3618938,1.624179,1.182528,1.182528,0,0,0,1.182528,137.3481,0,0,0,1.624179,1.244766,1.182528,0,0,1.99841,8.826705,0.3794131,0,0.3794131,12.46411,89.0292,0.04091065,1.300781,1.299343,0,10.45088
8/7/2007 4:00:00 PM,0.2524514,33.69919,103.9315,58.90168,0.2493913,1.119268,0.3898001,0.3898001,0,0,0,0.3898001,287.139,0,0,0,1.119268,0.4103159,0.3898001,0,0,1.618997,9.168177,0.7089521,0,0.7089521,13.13668,93.83327,0.04089336,0.4287801,0.8954144,0,10.28745
8/7/2007 5:00:00 PM,0.1787787,19.33173,104.472,73.14729,0.1731043,0.7768921,1.467867,1.467867,0,0,0,1.467867,52.92661,0,0,0,0.7768921,1.545123,1.467867,0,0,0.910045,9.806233,0,0.768231,-0.768231,12.3269,88.04909,0.04089336,1.614654,0.6215137,0,10.58313
8/7/2007 6:00:00 PM,0.08428586,5.032647,105.9912,87.50372,0.04665953,0.209408,1.586835,1.586835,0,0,0,1.586835,13.19658,0,2.220446E-16,0,0.209408,1.670353,1.586835,0,0,1.763635,9.038003,0,1.460945,-1.460945,10.78693,77.04932,0.04089336,1.745519,0.1675264,0,9.247411
8/7/2007 7:00:00 PM,0,0,108.5129,90,0,0,0.5966868,0.5966868,0,-1,0,0.5966868,0,0,1.110223E-16,0,0,0.6280913,0.5966868,0,0,3.386907,7.577058,0,0.6280913,-0.6280913,10.12486,72.32028,0.04089336,0.6563554,0,0,7.577058
8/7/2007 8:00:00 PM,0,0,112.3755,90,0,0,1.079291,1.079291,0,-1,0,1.079291,0,0,2.220446E-16,0,0,1.136096,1.079291,0,0,4.084786,6.948967,0,1.136096,-1.136096,8.927309,63.76637,0.04089336,1.187221,0,0,6.948967
8/7/2007 9:00:00 PM,0,0,118.3843,90,0,0,0,0,0,-1,0,0,0,0,0,0,0,0,0,0,0,5.347116,5.81287,0,0,0,8.927309,63.76637,0.04089336,0,0,0,5.81287
8/7/2007 10:00:00 PM,0,0,128.2892,90,0,0,0.002496826,0.002496826,0,-1,0,0.002496826,0,0,0,0,0,0.002628238,0.002496826,0,0,5.347116,5.81287,0,0.002628238,-0.002628238,8.924539,63.74657,0.04089336,0.002746509,0,0,5.81287
8/7/2007 11:00:00 PM,0,0,145.6592,90,0,0,0.006559999,0.006559999,0,-1,0,0.006559999,0,0,8.673617E-19,0,0,0.006905262,0.006559999,0,0,5.350036,5.810242,0,0.006905262,-0.006905262,8.917259,63.69458,0.04089336,0.007215999,0,0,5.810242
8/8/2007 12:00:00 AM,0,0,174.2104,90,0,0,0.2014864,0.2014864,0,-1,0,0.2014864,0,0,0,0,0,0.212091,0.2014864,0,0,5.357708,5.803337,0,0.212091,-0.212091,8.693696,62.09771,0.04089336,0.221635,0,0,5.803337
8/8/2007 1:00:00 AM,0,0,-154.0112,90,0,0,0.008803876,0.008803876,0,-1,0,0.008803876,0,0,0,0,0,0.009267238,0.008803876,0,0,5.593365,5.591246,0,0.009267238,-0.009267238,8.683928,62.02793,0.04089336,0.009684264,0,0,5.591246
8/8/2007 2:00:00 AM,0,0,-132.8498,90,0,0,0.3374754,0.3374754,0,-1,0,0.3374754,0,0,5.551115E-17,0,0,0.3552373,0.3374754,0,0,5.603662,5.581978,0,0.3552373,-0.3552373,8.309475,59.35327,0.04089336,0.371223,0,0,5.581978
8/8/2007 3:00:00 AM,0,0,-120.9015,90,0,0,0.2278987,0.2278987,0,-1,0,0.2278987,0,0,2.775558E-17,0,0,0.2398934,0.2278987,0,0,5.99837,5.226741,0,0.2398934,-0.2398934,8.056604,57.54706,0.04089336,0.2506886,0,0,5.226741
8/8/2007 4:00:00 AM,0,0,-113.8442,90,0,0,0.2728601,0.2728601,0,-1,0,0.2728601,0,0,0,0,0,0.2872212,0.2728601,0,0,6.264918,4.986848,0,0.2872212,-0.2872212,7.753847,55.38451,0.04089336,0.3001461,0,0,4.986848
8/8/2007 5:00:00 AM,0,0,-109.3815,90,0,0,0.1903369,0.1903369,0,0,0,0.1903369,0,0,0,0,0,0.2003546,0.1903369,0,0,6.584053,4.699626,0,0.2003546,-0.2003546,7.542655,53.876,0.04089336,0.2093706,0,0,4.699626
8/8/2007 6:00:00 AM,0.02025632,0.0650712,-106.4558,92.48448,0.01198271,0.0537784,0.5127314,0.5127314,0,0,0,0.5127314,10.48861,0,1.110223E-16,0,0.0537784,0.5397172,0.5127314,0,0,6.806669,4.499272,0,0.4859388,-0.4859388,7.03043,50.21726,0.04089336,0.5640045,0.04302272,0,4.553051
8/8/2007 7:00:00 AM,0.1878709,14.34393,-104.5959,78.09187,0.1676322,0.7523333,0.7505422,0.7505422,0,0,0,0.7505422,100.2386,0,0,0,0.7523333,0.7900444,0.7505422,0,0,7.346601,4.013333,0,0.03771114,-0.03771114,6.990679,49.93332,0.04089336,0.8255965,0.6018667,0,4.765666
8/8/2007 8:00:00 AM,0.3529532,28.71512,-103.6667,63.77051,0.3357445,1.506821,0,0,0,0,0,0,0,0,0,0,1.506821,0,0,0,0,7.388503,3.975622,1.506821,0,1.506821,8.420176,60.14399,0.04085666,0,1.205457,0,5.482443
8/8/2007 9:00:00 AM,0.4268477,43.11115,-103.8706,49.64904,0.4173321,1.872987,0.2677792,0.2677792,0,-1,0,0.2677792,699.4519,0,0,0,1.872987,0.2818728,0.2677792,0,0,5.881681,5.331761,1.591114,0,1.591114,9.929639,70.92585,0.04081797,0.2945571,1.498389,0,7.204748
8/8/2007 10:00:00 AM,0.1531934,57.43624,-106.1508,36.01734,0.1523686,0.6838305,1.531322,1.531322,0,0,0,1.531322,44.65622,0,0,0,0.6838305,1.611918,1.531322,0,0,4.290567,6.763763,0,0.9280872,-0.9280872,8.951348,63.93808,0.04081797,1.684454,0.5470644,0,7.447594
8/8/2007 11:00:00 AM,0.214482,71.39223,-114.6472,23.78231,0.2133223,0.9573907,0.5899583,0.5899583,0,0,0,0.5899583,162.2811,0,0,0,0.9573907,0.6210088,0.5899583,0,0,5.321775,5.835676,0.3363819,0,0.3363819,9.270469,66.2175,0.04080981,0.6489542,0.7659125,0,6.793067
8/8/2007 12:00:00 PM,0.5004832,82.33355,-161.0721,16.47113,0.4957598,2.22497,0.05631064,0.05631064,0,0,0,0.05631064,3951.242,0,0,0,2.22497,0.05927436,0.05631064,0,0,4.985394,6.13842,2.165695,0,2.165695,11.32503,80.89289,0.04075729,0.06194171,1.779976,0,8.36339
8/8/2007 1:00:00 PM,0.6731073,75.89449,122.1145,20.3667,0.6604624,2.964155,1.886379,1.886379,0,0,0,1.886379,157.1347,0,0,0,2.964155,1.985662,1.886379,0,0,2.819698,8.087546,0.9784932,0,0.9784932,12.25331,87.52345,0.04073361,2.075017,2.371324,0,11.0517
8/8/2007 2:00:00 PM,0.7790945,62.31707,107.919,31.55776,0.7548096,3.387586,1.202272,1.202272,0,-1,0,1.202272,281.7654,0.2808317,0,0,3.387586,1.265549,1.202272,0,0,1.841205,8.96819,1.841205,0,1.841205,14.00003,100,0.04068911,1.322499,2.710068,0,12.35578
8/8/2007 3:00:00 PM,0.3156993,48.06111,104.3301,44.87349,0.3130473,1.404956,0.6875333,0.6875333,0,0,0,0.6875333,204.3474,0.6812369,0,0,1.404956,0.7237193,0.6875333,0,0,0,10.62527,0,0,0,14.00003,100,0.04068911,0.7562866,1.123965,0,12.03023
8/8/2007 4:00:00 PM,0.2374907,33.675,103.5848,58.87411,0.2350269,1.054801,0.7165508,0.7165508,0,0,0,0.7165508,147.2053,0.3005367,0,0,1.054801,0.7542641,0.7165508,0,0,0,10.62527,0,0,0,14.00003,100,0.04068911,0.7882059,0.8438405,0,11.68007
8/8/2007 5:00:00 PM,0.1902886,19.28745,104.1689,73.14554,0.1830242,0.8214125,1.376302,1.376302,0,0,0,1.376302,59.68259,0,2.220446E-16,0,0.8214125,1.448739,1.376302,0,0,0,10.62527,0,0.6273261,-0.6273261,13.33877,95.27673,0.04068911,1.513932,0.65713,0,11.44669
8/8/2007 6:00:00 PM,0.05752832,4.96884,105.7077,87.52412,0.04553184,0.2043469,0,0,0,0,0,0,0,0,0,0,0.2043469,0,0,0,0,0.6970291,9.997948,0.2043469,0,0.2043469,13.53263,96.66144,0.04068418,0,0.1634775,0,10.2023
8/8/2007 7:00:00 PM,0,0,108.2326,90,0,0,0.08460601,0.08460601,0,-1,0,0.08460601,0,0,1.387779E-17,0,0,0.08905895,0.08460601,0,0,0.4926822,10.18186,0,0.08905895,-0.08905895,13.43875,95.9909,0.04068418,0.0930666,0,0,10.18186
8/8/2007 8:00:00 PM,0,0,112.0847,90,0,0,2.292782,2.292782,0,-1,0,2.292782,0,0,0,0,0,2.413455,2.292782,0,0,0.5916366,10.0928,0,2.413455,-2.413455,10.89475,77.81947,0.04068418,2.522061,0,0,10.0928
8/8/2007 9:00:00 PM,0,0,118.0714,90,0,0,3.488938,3.33,0,-1,0,3.33,0,0,0.1589379,0.5078318,0,3.505263,3.33,0,0,3.273253,7.679346,0,3.505263,-3.505263,7.199875,51.42758,0.04068418,3.837832,0,0,7.679346
8/8/2007 10:00:00 PM,0,0,127.9551,90,0,0,0,0,0,-1,0,0,0,0,0,0,0,0,0,0,0,7.16799,4.174083,0,0,0,7.199875,51.42758,0.04068418,0,0,0,4.174083
8/8/2007 11:00:00 PM,0,0,145.3692,90,0,0,0.03135215,0.03135215,0,-1,0,0.03135215,0,0,0,0,0,0.03300227,0.03135215,0,0,7.16799,4.174083,0,0.03300227,-0.03300227,7.165088,51.1791,0.04068418,0.03448737,0,0,4.174083
8/9/2007 12:00:00 AM,0,0,174.2014,90,0,0,0.2568775,0.2568775,0,-1,0,0.2568775,0,0,5.551115E-17,0,0,0.2703973,0.2568775,0,0,7.204659,4.141081,0,0.2703973,-0.2703973,6.880064,49.14322,0.04068418,0.2825652,0,0,4.141081
8/9/2007 1:00:00 AM,0,0,-153.6771,90,0,0,0.4790723,0.4790723,0,-1,0,0.4790723,0,0,1.110223E-16,0,0,0.5042866,0.4790723,0,0,7.505101,3.870683,0,0.5042866,-0.5042866,6.348499,45.34633,0.04068418,0.5269795,0,0,3.870683
8/9/2007 2:00:00 AM,0,0,-132.4522,90,0,0,0.6168838,0.6168838,0,-1,0,0.6168838,0,0,0,0,0,0.6493514,0.6168838,0,0,8.065419,3.366397,0,0.6493514,-0.6493514,5.664023,40.45723,0.04068418,0.6785722,0,0,3.366397
8/9/2007 3:00:00 AM,0,0,-120.5411,90,0,0,0,0,0,-1,0,0,0,0,0,0,0,0,0,0,0,8.786921,2.717045,0,0,0,5.664023,40.45723,0.04068418,0,0,0,2.717045
8/9/2007 4:00:00 AM,0,0,-113.5216,90,0,0,0.2804124,0.2804124,0,-1,0,0.2804124,0,0,0,0,0,0.2951709,0.2804124,0,0,8.786921,2.717045,0,0.2951709,-0.2951709,5.352885,38.23482,0.04068418,0.3084536,0,0,2.717045
8/9/2007 5:00:00 AM,0,0,-109.0814,90,0,0,0.05804312,0.05804312,0,0,0,0.05804312,0,0,6.938894E-18,0,0,0.06109802,0.05804312,0,0,9.114888,2.421875,0,0.06109802,-0.06109802,5.288483,37.7748,0.04068418,0.06384743,0,0,2.421875
8/9/2007 6:00:00 AM,0.02836528,0.04369931,-106.1621,92.46131,0.004097345,0.01838888,0.6025496,0.6025496,0,0,0,0.6025496,3.051846,0,0,0,0.01838888,0.6342627,0.6025496,0,0,9.182775,2.360776,0,0.6158738,-0.6158738,4.639295,33.13775,0.04068418,0.6628045,0.01471111,0,2.379165
8/9/2007 7:00:00 AM,0.1899609,14.34284,-104.2919,78.04719,0.1694175,0.7603459,0.1427879,0.1427879,0,0,0,0.1427879,532.5001,0,0,0,0.7603459,0.1503031,0.1427879,0,0,9.86708,1.744903,0.6100428,0,0.6100428,5.218032,37.27158,0.04066947,0.1570667,0.6082767,0,2.505249
8/9/2007 8:00:00 AM,0.3505136,28.73373,-103.3315,63.70214,0.3340594,1.499259,1.580759,1.580759,0,0,0,1.580759,94.84422,0,0,0,1.499259,1.663957,1.580759,0,0,9.257037,2.293941,0,0.1646984,-0.1646984,5.044425,36.03153,0.04066947,1.738835,1.199407,0,3.7932
8/9/2007 9:00:00 AM,0.5418054,43.15167,-103.4709,49.5509,0.5220078,2.342771,0.5325992,0.5325992,0,-1,0,0.5325992,439.8751,0,0,0,2.342771,0.5606307,0.5325992,0,0,9.440035,2.129243,1.78214,0,1.78214,6.735111,48.10784,0.04062654,0.5858591,1.874217,0,4.472014
8/9/2007 10:00:00 AM,0.7580385,57.50654,-105.6189,35.87583,0.7328615,3.289083,0,0,0,0,0,0,0,0,0,0,3.289083,0,0,0,0,7.657895,3.733169,3.289083,0,3.289083,9.855409,70.39564,0.04054755,0,2.631266,0,7.022252
8/9/2007 11:00:00 AM,0.7781768,71.51942,-113.8119,23.56878,0.7584428,3.403891,1.760187,1.760187,0,0,0,1.760187,193.3824,0,0,0,3.403891,1.852828,1.760187,0,0,4.368812,6.693344,1.551063,0,1.551063,11.32688,80.9061,0.0405104,1.936206,2.723113,0,10.09723
8/9/2007 12:00:00 PM,0.9361022,82.61862,-160.5067,16.17731,0.9101846,4.084908,0,0,0,0,0,0,0,1.26716,0,0,4.084908,0,0,0,0,2.817749,8.0893,2.817749,0,2.817749,14.00003,100,0.0404431,0,3.267927,0,12.17421
8/9/2007 1:00:00 PM,1.062021,76.01254,121.0027,20.15358,1.030241,4.623721,2.367509,2.367509,0,0,0,2.367509,195.299,2.131606,0,0,4.623721,2.492114,2.367509,0,0,0,10.62527,0,0,0,14.00003,100,0.0404431,2.604259,3.698977,0,15.24899
8/9/2007 2:00:00 PM,0.8473594,62.34941,107.2886,31.44295,0.8196428,3.678557,0,0,0,-1,0,0,0,3.678557,0,0,3.678557,0,0,0,0,0,10.62527,0,0,0,14.00003,100,0.0404431,0,2.942846,0,14.30383
8/9/2007 3:00:00 PM,0.5710183,48.05714,103.8895,44.81379,0.5532271,2.482883,0.534318,0.534318,0,0,0,0.534318,464.6827,1.920443,0,0,2.482883,0.56244,0.534318,0,0,0,10.62527,0,0,0,14.00003,100,0.0404431,0.5877498,1.986307,0,13.10816
8/9/2007 4:00:00 PM,0.3514923,33.64718,103.2325,58.84917,0.3414394,1.53238,1.383958,1.383958,0,0,0,1.383958,110.7245,0.07558216,0,0,1.53238,1.456798,1.383958,0,0,0,10.62527,0,0,0,14.00003,100,0.0404431,1.522354,1.225904,0,12.15765
8/9/2007 5:00:00 PM,0.2156249,19.23969,103.861,73.14644,0.2039151,0.9151712,0.7365811,0.7365811,0,0,0,0.7365811,124.2458,0.1398226,0,0,0.9151712,0.7753486,0.7365811,0,0,0,10.62527,0,0,0,14.00003,100,0.0404431,0.8102393,0.732137,0,11.54045
8/9/2007 6:00:00 PM,0.07702994,4.901638,105.4199,87.54713,0.04552641,0.2043225,1.575743,1.575743,0,0,0,1.575743,12.96674,0,2.220446E-16,0,0.2043225,1.658677,1.575743,0,0,0,10.62527,0,1.454354,-1.454354,12.467,89.04985,0.0404431,1.733317,0.163458,0,10.8296
8/9/2007 7:00:00 PM,0,0,107.9479,90,0,0,1.272092,1.272092,0,-1,0,1.272092,0,0,2.220446E-16,0,0,1.339044,1.272092,0,0,1.615949,9.170919,0,1.339044,-1.339044,11.05553,78.9679,0.0404431,1.399301,0,0,9.170919
8/9/2007 8:00:00 PM,0,0,111.7892,90,0,0,0,0,0,-1,0,0,0,0,0,0,0,0,0,0,0,3.103776,7.831876,0,0,0,11.05553,78.9679,0.0404431,0,0,0,7.831876
8/9/2007 9:00:00 PM,0,0,117.7533,90,0,0,1.483091,1.483091,0,-1,0,1.483091,0,0,2.220446E-16,0,0,1.561148,1.483091,0,0,3.103776,7.831876,0,1.561148,-1.561148,9.409933,67.21367,0.0404431,1.6314,0,0,7.831876
8/9/2007 10:00:00 PM,0,0,127.6148,90,0,0,0.2492718,0.2492718,0,-1,0,0.2492718,0,0,5.551115E-17,0,0,0.2623914,0.2492718,0,0,4.838385,6.270728,0,0.2623914,-0.2623914,9.133348,65.23807,0.0404431,0.274199,0,0,6.270728
8/9/2007 11:00:00 PM,0,0,145.0735,90,0,0,0.2635031,0.2635031,0,-1,0,0.2635031,0,0,5.551115E-17,0,0,0.2773717,0.2635031,0,0,5.129931,6.008336,0,0.2773717,-0.2773717,8.840973,63.14968,0.0404431,0.2898534,0,0,6.008336
8/10/2007 12:00:00 AM,0,0,174.1973,90,0,0,0.5186653,0.5186653,0,-1,0,0.5186653,0,0,1.110223E-16,0,0,0.5459634,0.5186653,0,0,5.438122,5.730965,0,0.5459634,-0.5459634,8.265476,59.039,0.0404431,0.5705318,0,0,5.730965
8/10/2007 1:00:00 AM,0,0,-153.3277,90,0,0,0.139196,0.139196,0,-1,0,0.139196,0,0,0,0,0,0.1465221,0.139196,0,0,6.044748,5.185001,0,0.1465221,-0.1465221,8.111029,57.9358,0.0404431,0.1531156,0,0,5.185001
8/10/2007 2:00:00 AM,0,0,-132.0425,90,0,0,0.1739574,0.1739574,0,-1,0,0.1739574,0,0,2.775558E-17,0,0,0.183113,0.1739574,0,0,6.20755,5.038479,0,0.183113,-0.183113,7.918011,56.55711,0.0404431,0.1913531,0,0,5.038479
8/10/2007 3:00:00 AM,0,0,-120.1723,90,0,0,0.4885275,0.4885275,0,-1,0,0.4885275,0,0,1.110223E-16,0,0,0.5142395,0.4885275,0,0,6.411009,4.855366,0,0.5142395,-0.5142395,7.375955,52.68528,0.0404431,0.5373803,0,0,4.855366
8/10/2007 4:00:00 AM,0,0,-113.1926,90,0,0,0.2007308,0.2007308,0,-1,0,0.2007308,0,0,2.775558E-17,0,0,0.2112956,0.2007308,0,0,6.982387,4.341126,0,0.2112956,-0.2112956,7.15323,51.09439,0.0404431,0.2208039,0,0,4.341126
8/10/2007 5:00:00 AM,0,0,-108.7757,90,0,0,0.0506876,0.0506876,0,0,0,0.0506876,0,0,0,0,0,0.05335536,0.0506876,0,0,7.217159,4.129831,0,0.05335536,-0.05335536,7.096988,50.69267,0.0404431,0.05575635,0,0,4.129831
8/10/2007 6:00:00 AM,0.003193029,0.0241554,-105.8633,92.43549,0.003153787,0.0141542,0.435299,0.435299,0,0,0,0.435299,3.251604,0,5.551115E-17,0,0.0141542,0.4582095,0.435299,0,0,7.276443,4.076476,0,0.4440553,-0.4440553,6.628912,47.34928,0.0404431,0.4788289,0.01132336,0,4.09063
8/10/2007 7:00:00 AM,0.08785358,14.34353,-103.9828,77.99991,0.08686327,0.3898424,1.231776,1.231776,0,0,0,1.231776,31.6488,0,0,0,0.3898424,1.296606,1.231776,0,0,7.769838,3.63242,0,0.9067641,-0.9067641,5.6731,40.52206,0.0404431,1.354954,0.3118739,0,4.022263
8/10/2007 8:00:00 AM,0.2559315,28.754,-102.9907,63.63121,0.2508205,1.125682,0.9582614,0.9582614,0,0,0,0.9582614,117.4713,0,0,0,1.125682,1.008696,0.9582614,0,0,8.777353,2.725656,0.1169863,0,0.1169863,5.784082,41.31479,0.04044031,1.054088,0.900546,0,3.851339
8/10/2007 9:00:00 AM,0.0672057,43.19362,-103.0643,49.45022,0.06685391,0.3000404,0.7764015,0.7764015,0,-1,0,0.7764015,38.645,0,1.110223E-16,0,0.3000404,0.8172648,0.7764015,0,0,8.660367,2.830944,0,0.5172244,-0.5172244,5.23888,37.4205,0.04044031,0.8540417,0.2400323,0,3.130984
8/10/2007 10:00:00 AM,0.1196452,57.57786,-105.077,35.73167,0.1190166,0.5341463,1.537169,1.537169,0,0,0,1.537169,34.7487,0,0,0,0.5341463,1.618073,1.537169,0,0,9.235061,2.313719,0,1.083926,-1.083926,4.096321,29.25938,0.04044031,1.690886,0.4273171,0,2.847866
8/10/2007 11:00:00 AM,0.5150868,71.64693,-112.9542,23.35183,0.5094485,2.286405,0.9334595,0.9334595,0,0,0,0.9334595,244.9389,0,0,0,2.286405,0.9825889,0.9334595,0,0,10.43942,1.229793,1.303816,0,1.303816,5.33323,38.09442,0.04040924,1.026805,1.829124,0,3.516198
8/10/2007 12:00:00 PM,0.7281278,82.90828,-159.9026,15.87843,0.7140378,3.204602,1.854018,1.854018,0,0,0,1.854018,172.8463,0,0,0,3.204602,1.951597,1.854018,0,0,9.135608,2.403227,1.253004,0,1.253004,6.521934,46.58515,0.04037944,2.039419,2.563681,0,5.607829
8/10/2007 1:00:00 PM,0.8421969,76.12527,119.8502,19.94045,0.8205401,3.682584,0.6331083,0.6331083,0,0,0,0.6331083,581.6674,0,0,0,3.682584,0.6664298,0.6331083,0,0,7.882604,3.530931,3.016154,0,3.016154,9.383308,67.0235,0.04030787,0.6964191,2.946067,0,7.213515
8/10/2007 2:00:00 PM,0.6361476,62.37717,106.6457,31.33039,0.622472,2.793654,0,0,0,-1,0,0,0,0,0,0,2.793654,0,0,0,0,4.866449,6.24547,2.793654,0,2.793654,12.0336,85.95413,0.0402418,0,2.234924,0,9.039124
8/10/2007 3:00:00 PM,0.4059145,48.04918,103.4416,44.75673,0.4002194,1.796185,0.7430117,0.7430117,0,0,0,0.7430117,241.7438,0,0,0,1.796185,0.7821175,0.7430117,0,0,2.072795,8.759759,1.014067,0,1.014067,12.99563,92.82574,0.04021787,0.8173128,1.436948,0,10.55594
8/10/2007 4:00:00 PM,0.3865245,33.61568,102.8748,58.82693,0.3728088,1.673166,0.8452823,0.8452823,0,0,0,0.8452823,197.9417,0,0,0,1.673166,0.8897709,0.8452823,0,0,1.058728,9.67242,0.7833953,0,0.7833953,13.73882,98.13427,0.04019941,0.9298106,1.338533,0,11.34559
8/10/2007 5:00:00 PM,0.1550865,19.18843,103.5486,73.15002,0.1520127,0.6822329,1.863734,1.863734,0,0,0,1.863734,36.60571,0,0,0,0.6822329,1.961825,1.863734,0,0,0.2753324,10.37747,0,1.279592,-1.279592,12.39002,88.49994,0.04019941,2.050107,0.5457863,0,11.05971
8/10/2007 6:00:00 PM,0.04117611,4.831046,105.1278,87.5728,0.0383054,0.1719146,2.992011,2.992011,0,0,0,2.992011,5.74579,0,0,0,0.1719146,3.149485,2.992011,0,0,1.697101,9.097883,0,2.97757,-2.97757,9.251382,66.08116,0.04019941,3.291212,0.1375317,0,9.269797
8/10/2007 7:00:00 PM,0,0,107.659,90,0,0,2.128094,2.128094,0,-1,0,2.128094,0,0,0,0,0,2.240099,2.128094,0,0,5.005513,6.120313,0,2.240099,-2.240099,6.89011,49.21497,0.04019941,2.340903,0,0,6.120313
8/10/2007 8:00:00 PM,0,0,111.4891,90,0,0,1.504097,1.504097,0,-1,0,1.504097,0,0,2.220446E-16,0,0,1.58326,1.504097,0,0,7.494512,3.880214,0,1.58326,-1.58326,5.221207,37.29426,0.04019941,1.654507,0,0,3.880214
8/10/2007 9:00:00 PM,0,0,117.43,90,0,0,2.220644,2.182106,0,-1,0,2.182106,0,0,0.03853816,0.2606026,0,2.296954,2.182106,0,0,9.25369,2.296954,0,2.296954,-2.296954,2.800006,20,0.04019941,2.442708,0,0,2.296954
8/10/2007 10:00:00 PM,0,0,127.2682,90,0,0,0.2954711,4.00235E-16,0,-1,0,4.00235E-16,0,0,0.2954711,0.3250182,0,4.213E-16,4.00235E-16,0,0,11.80586,4.213E-16,0,4.213E-16,0,2.800006,20,0.04019941,0.3250182,0,0,4.213E-16
8/10/2007 11:00:00 PM,0,0,144.772,90,0,0,0.5828302,4.00235E-16,0,-1,0,4.00235E-16,0,0,0.5828302,0.6411132,0,4.213E-16,4.00235E-16,0,0,11.80586,4.213E-16,0,4.213E-16,0,2.800006,20,0.04019941,0.6411132,0,0,4.213E-16
8/11/2007 12:00:00 AM,0,0,174.1983,90,0,0,0,0,0,-1,0,0,0,0,0,0,0,0,0,0,0,11.80586,4.213E-16,0,0,0,2.800006,20,0.04019941,0,0,0,4.213E-16
8/11/2007 1:00:00 AM,0,0,-152.9626,90,0,0,0.4030295,4.00235E-16,0,-1,0,4.00235E-16,0,0,0.4030295,0.4433325,0,4.213E-16,4.00235E-16,0,0,11.80586,4.213E-16,0,4.213E-16,0,2.800006,20,0.04019941,0.4433325,0,0,4.213E-16
8/11/2007 2:00:00 AM,0,0,-131.6207,90,0,0,0.01415941,4.00235E-16,0,-1,0,4.00235E-16,0,0,0.01415941,0.01557536,0,4.213E-16,4.00235E-16,0,0,11.80586,4.213E-16,0,4.213E-16,0,2.800006,20,0.04019941,0.01557536,0,0,4.213E-16
8/11/2007 3:00:00 AM,0,0,-119.7951,90,0,0,0.2713836,4.00235E-16,0,-1,0,4.00235E-16,0,0,0.2713836,0.298522,0,4.213E-16,4.00235E-16,0,0,11.80586,4.213E-16,0,4.213E-16,0,2.800006,20,0.04019941,0.298522,0,0,4.213E-16
8/11/2007 4:00:00 AM,0,0,-112.8572,90,0,0,0.3591393,4.00235E-16,0,-1,0,4.00235E-16,0,0,0.3591393,0.3950532,0,4.213E-16,4.00235E-16,0,0,11.80586,4.213E-16,0,4.213E-16,0,2.800006,20,0.04019941,0.3950532,0,0,4.213E-16
8/11/2007 5:00:00 AM,0,0,-108.4647,90,0,0,0,0,0,0,0,0,0,0,0,0,0,0,0,0,0,11.80586,4.213E-16,0,0,0,2.800006,20,0.04019941,0,0,0,4.213E-16
8/11/2007 6:00:00 AM,0.02029728,0.006454117,-105.5594,92.40704,0.0116771,0.05240681,0.3255318,0.3255318,3.830795,0,1.210807,0.3255318,16.09883,0,0,0,0.05240681,0,0,3.505263,3.33,11.80586,4.213E-16,3.382407,0,3.382407,6.008839,42.92019,0.04057777,0.358085,0.04192545,5,0.05240681
8/11/2007 7:00:00 AM,0.1893498,14.34598,-103.6686,77.95005,0.1698488,0.7622812,1.059247,1.059247,4.56451,0,1.411111,1.059247,71.96442,0,0,0,0.7622812,0,0,3.505263,3.33,8.423453,3.044166,4.092281,0,4.092281,9.891117,70.6507,0.04106754,1.165172,0.609825,5,3.806447
8/11/2007 8:00:00 AM,0.3084399,28.77588,-102.6444,63.55777,0.2983284,1.338898,0.2823795,0.2823795,3.432142,0,1.101975,0.2823795,474.1484,0,0,0,1.338898,0,0,3.149762,2.992274,4.331172,6.727219,4.331172,0,4.331172,14.00003,100,0.04134928,0.3106174,1.071118,5,8.066117
8/11/2007 9:00:00 AM,0.5967773,43.23693,-102.6509,49.34708,0.5729043,2.571195,1.661422,1.661422,0,-1,0,1.661422,154.7586,0.8223289,0,0,2.571195,1.748866,1.661422,0,0,0,10.62527,0,0,0,14.00003,100,0.04134928,1.827565,2.056956,0,13.19647
8/11/2007 10:00:00 AM,0.872861,57.65007,-104.5249,35.58498,0.8429716,3.783257,0.500904,0.500904,0,0,0,0.500904,755.2859,3.255989,0,0,3.783257,0.5272673,0.500904,0,0,0,10.62527,0,0,0,14.00003,100,0.04134928,0.5509943,3.026605,0,14.40853
8/11/2007 11:00:00 AM,0.8792625,71.77452,-112.0736,23.13163,0.8550856,3.837624,0.01261988,0.01261988,0,0,0,0.01261988,30409.35,3.82434,0,0,3.837624,0.01328409,0.01261988,0,0,0,10.62527,0,0,0,14.00003,100,0.04134928,0.01388187,3.070099,0,14.4629
8/11/2007 12:00:00 PM,0.8216382,83.20236,-159.2539,15.57456,0.8028679,3.603271,1.616944,1.616944,0,0,0,1.616944,222.8445,1.901225,0,0,3.603271,1.702047,1.616944,0,0,0,10.62527,0,0,0,14.00003,100,0.04134928,1.778639,2.882617,0,14.22855
8/11/2007 1:00:00 PM,0.518332,76.23218,118.6574,19.72761,0.5130641,2.302632,1.303762,1.303762,0,0,0,1.303762,176.6144,0.9302507,0,0,2.302632,1.372381,1.303762,0,0,0,10.62527,0,0,0,14.00003,100,0.04134928,1.434138,1.842105,0,12.92791
8/11/2007 2:00:00 PM,0.4986885,62.40019,105.9909,31.22029,0.4925015,2.210346,1.020492,1.020492,0,-1,0,1.020492,216.5962,1.136144,0,0,2.210346,1.074202,1.020492,0,0,0,10.62527,0,0,0,14.00003,100,0.04134928,1.122541,1.768277,0,12.83562
8/11/2007 3:00:00 PM,0.5492914,48.03714,102.9867,44.70244,0.534121,2.397135,1.138543,1.138543,0,0,0,1.138543,210.5441,1.198669,0,0,2.397135,1.198467,1.138543,0,0,0,10.62527,0,0,0,14.00003,100,0.04134928,1.252398,1.917708,0,13.02241
8/11/2007 4:00:00 PM,0.509588,33.58047,102.5119,58.80746,0.4814144,2.160588,0.6778891,0.6778891,0,0,0,0.6778891,318.7229,1.44702,0,0,2.160588,0.7135675,0.6778891,0,0,0,10.62527,0,0,0,14.00003,100,0.04134928,0.745678,1.72847,0,12.78586
8/11/2007 5:00:00 PM,0.2809538,19.13367,103.2316,73.1563,0.254845,1.143744,1.597672,1.597672,0,0,0,1.597672,71.5882,0,0,0,1.143744,1.68176,1.597672,0,0,0,10.62527,0,0.5380154,-0.5380154,13.43291,95.94917,0.04134928,1.757439,0.9149956,0,11.76902
8/11/2007 6:00:00 PM,0.07413653,4.757072,104.8315,87.6011,0.04470021,0.2006145,1.115304,1.115304,0,0,0,1.115304,17.98744,0,0,0,0.2006145,1.174004,1.115304,0,0,0.5977949,10.08726,0,0.9733893,-0.9733893,12.40687,88.62031,0.04134928,1.226834,0.1604916,0,10.28787
8/11/2007 7:00:00 PM,0,0,107.3659,90,0,0,1.542112,1.542112,0,-1,0,1.542112,0,0,2.220446E-16,0,0,1.623275,1.542112,0,0,1.679339,9.11387,0,1.623275,-1.623275,10.69579,76.39832,0.04134928,1.696323,0,0,9.11387
8/11/2007 8:00:00 PM,0,0,111.1846,90,0,0,1.009158,1.009158,0,-1,0,1.009158,0,0,2.220446E-16,0,0,1.062271,1.009158,0,0,3.482978,7.490594,0,1.062271,-1.062271,9.576053,68.40024,0.04134928,1.110074,0,0,7.490594
8/11/2007 9:00:00 PM,0,0,117.1014,90,0,0,0.7798198,0.7798198,0,-1,0,0.7798198,0,0,1.110223E-16,0,0,0.820863,0.7798198,0,0,4.66328,6.428323,0,0.820863,-0.820863,8.710787,62.21978,0.04134928,0.8578019,0,0,6.428323
8/11/2007 10:00:00 PM,0,0,126.9153,90,0,0,0.4615397,0.4615397,0,-1,0,0.4615397,0,0,5.551115E-17,0,0,0.4858313,0.4615397,0,0,5.575349,5.60746,0,0.4858313,-0.4858313,8.198676,58.56186,0.04134928,0.5076937,0,0,5.60746
8/11/2007 11:00:00 PM,0,0,144.4646,90,0,0,0.009900616,0.009900616,0,-1,0,0.009900616,0,0,0,0,0,0.0104217,0.009900616,0,0,6.115162,5.121628,0,0.0104217,-0.0104217,8.187691,58.48339,0.04134928,0.01089068,0,0,5.121628
8/12/2007 12:00:00 AM,0,0,174.2045,90,0,0,0.1366775,0.1366775,0,-1,0,0.1366775,0,0,0,0,0,0.143871,0.1366775,0,0,6.126741,5.111207,0,0.143871,-0.143871,8.036037,57.40015,0.04134928,0.1503452,0,0,5.111207
8/12/2007 1:00:00 AM,0,0,-152.5814,90,0,0,0.3971078,0.3971078,0,-1,0,0.3971078,0,0,5.551115E-17,0,0,0.4180081,0.3971078,0,0,6.286598,4.967336,0,0.4180081,-0.4180081,7.595418,54.25288,0.04134928,0.4368185,0,0,4.967336
8/12/2007 2:00:00 AM,0,0,-131.1869,90,0,0,0.2942791,0.2942791,0,-1,0,0.2942791,0,0,5.551115E-17,0,0,0.3097675,0.2942791,0,0,6.751052,4.549328,0,0.3097675,-0.3097675,7.268894,51.92057,0.04134928,0.323707,0,0,4.549328
8/12/2007 3:00:00 AM,0,0,-119.4097,90,0,0,0.1018206,0.1018206,0,-1,0,0.1018206,0,0,1.387779E-17,0,0,0.1071796,0.1018206,0,0,7.095238,4.23956,0,0.1071796,-0.1071796,7.155917,51.11359,0.04134928,0.1120026,0,0,4.23956
8/12/2007 4:00:00 AM,0,0,-112.5155,90,0,0,0.1196722,0.1196722,0,-1,0,0.1196722,0,0,1.387779E-17,0,0,0.1259707,0.1196722,0,0,7.214326,4.13238,0,0.1259707,-0.1259707,7.023132,50.16513,0.04134928,0.1316394,0,0,4.13238
8/12/2007 5:00:00 AM,0,0,-108.1484,90,0,0,0.0825554,0.0825554,0,0,0,0.0825554,0,0,1.387779E-17,0,0,0.08690042,0.0825554,0,0,7.354294,4.00641,0,0.08690042,-0.08690042,6.931531,49.51084,0.04134928,0.09081094,0,0,4.00641
8/12/2007 6:00:00 AM,0.009359147,0,-105.2507,90,0,0,0.2781127,0.2781127,0,0,0,0.2781127,0,0,0,0,0,0.2927503,0.2781127,0,0,7.45085,3.919509,0,0.2927503,-0.2927503,6.622945,47.30666,0.04134928,0.305924,0,0,3.919509
8/12/2007 7:00:00 AM,0.03740525,14.35019,-103.3495,77.89764,0.03715867,0.1667681,1.931381,1.931381,0,0,0,1.931381,8.634659,0,0,0,0.1667681,2.033032,1.931381,0,0,7.776128,3.626759,0,1.866264,-1.866264,4.655731,33.25515,0.04134928,2.124519,0.1334145,0,3.793527
8/12/2007 8:00:00 AM,0.1136069,28.79933,-102.2927,63.48187,0.1129075,0.5067291,1.546618,1.546618,0,0,0,1.546618,32.76369,0,2.220446E-16,0,0.5067291,1.628019,1.546618,0,0,9.849754,1.760495,0,1.12129,-1.12129,3.473787,24.81272,0.04134928,1.70128,0.4053832,0,2.267224
8/12/2007 9:00:00 AM,0.1020603,43.28151,-102.2308,49.24155,0.1015115,0.4555838,0.994982,0.994982,0,-1,0,0.994982,45.78814,2.220446E-16,0,0.4006741,0.4555838,1.047349,0.994982,0,0,11.09563,0.6392055,0,0.5917657,-0.5917657,2.850012,20.35719,0.04134928,1.09448,0.3644671,0,1.094789
8/12/2007 10:00:00 AM,0.1450973,57.72302,-103.9629,35.43587,0.1443279,0.6477438,0.5405845,0.5405845,4.045847,0,1.269516,0.5405845,119.8228,0,0,0,0.6477438,0,0,3.505263,3.33,11.75315,0.04743981,3.977744,0,3.977744,6.623631,47.31155,0.04174624,0.5946429,0.518195,5,0.6951836
8/12/2007 11:00:00 AM,0.1843489,71.9019,-111.1698,22.90831,0.1833762,0.8229923,0.5289165,0.5289165,4.03418,0,1.266331,0.5289165,155.5997,4.440892E-16,0,0,0.8229923,0,0,3.505263,3.33,7.775405,3.627409,4.152992,0,4.152992,10.56351,75.45345,0.04213505,0.5818082,0.6583938,5,4.450401
8/12/2007 12:00:00 PM,0.1502787,83.50071,-158.5535,15.2658,0.1495016,0.6709631,1.295097,1.295097,4.098975,0,1.28402,1.295097,51.80795,0,0,0,0.6709631,0,0,2.803878,2.663684,3.622413,7.365102,3.334647,0,3.334647,13.72703,98.05001,0.04255348,1.424607,0.5367705,5,8.036065
8/12/2007 1:00:00 PM,0.2326669,76.33279,117.4245,19.51534,0.2314214,1.038619,0.4529102,0.4529102,0,0,0,0.4529102,229.3212,0.2741053,0,0,1.038619,0.4767476,0.4529102,0,0,0.2877664,10.36628,0.2877664,0,0.2877664,14.00003,100,0.0425464,0.4982012,0.8308954,0,11.4049
8/12/2007 2:00:00 PM,0.1860973,62.41829,105.3245,31.11284,0.1850997,0.8307276,0.2075707,0.2075707,0,-1,0,0.2075707,400.2143,0.6122321,0,0,0.8307276,0.2184955,0.2075707,0,0,0,10.62527,0,0,0,14.00003,100,0.0425464,0.2283278,0.6645821,0,11.456
8/12/2007 3:00:00 PM,0.1958351,48.02094,102.5251,44.65102,0.1947225,0.8739147,0.08022224,0.08022224,0,0,0,0.08022224,1089.367,0.7894702,0,0,0.8739147,0.08444446,0.08022224,0,0,0,10.62527,0,0,0,14.00003,100,0.0425464,0.08824447,0.6991317,0,11.49919
8/12/2007 4:00:00 PM,0.0851464,33.5415,102.1438,58.79081,0.08467279,0.3800115,1.637277,1.637277,0,0,0,1.637277,23.20996,0,0,0,0.3800115,1.72345,1.637277,0,0,0,10.62527,0,1.343439,-1.343439,12.58392,89.88496,0.0425464,1.801005,0.3040092,0,11.00529
8/12/2007 5:00:00 PM,0.1070276,19.07539,102.9103,73.16532,0.1061414,0.4763626,1.290273,1.290273,0,0,0,1.290273,36.91952,0,2.220446E-16,0,0.4763626,1.358182,1.290273,0,0,1.49271,9.281836,0,0.8818193,-0.8818193,11.6544,83.24555,0.0425464,1.4193,0.38109,0,9.758198
8/12/2007 6:00:00 PM,0.07586631,4.67973,104.5312,87.63205,0.04437953,0.1991753,2.919201,2.919201,0,0,0,2.919201,6.82294,0,4.440892E-16,0,0.1991753,3.072843,2.919201,0,0,2.472509,8.400017,0,2.873667,-2.873667,8.625289,61.60908,0.0425464,3.211121,0.1593403,0,8.599192
8/12/2007 7:00:00 PM,0,0,107.0687,90,0,0,1.771862,1.771862,0,-1,0,1.771862,0,0,2.220446E-16,0,0,1.865118,1.771862,0,0,5.665473,5.526349,0,1.865118,-1.865118,6.659282,47.5662,0.0425464,1.949048,0,0,5.526349
8/12/2007 8:00:00 PM,0,0,110.8755,90,0,0,0,0,0,-1,0,0,0,0,0,0,0,0,0,0,0,7.737826,3.661231,0,0,0,6.659282,47.5662,0.0425464,0,0,0,3.661231
8/12/2007 9:00:00 PM,0,0,116.7677,90,0,0,0.558054,0.558054,0,-1,0,0.558054,0,0,0,0,0,0.5874253,0.558054,0,0,7.737826,3.661231,0,0.5874253,-0.5874253,6.040081,43.14335,0.0425464,0.6138594,0,0,3.661231
8/12/2007 10:00:00 PM,0,0,126.5561,90,0,0,0,0,0,-1,0,0,0,0,0,0,0,0,0,0,0,8.390521,3.073806,0,0,0,6.040081,43.14335,0.0425464,0,0,0,3.073806
8/12/2007 11:00:00 PM,0,0,144.1509,90,0,0,0.2332232,0.2332232,0,-1,0,0.2332232,0,0,2.775558E-17,0,0,0.2454981,0.2332232,0,0,8.390521,3.073806,0,0.2454981,-0.2454981,5.781303,41.29494,0.0425464,0.2565455,0,0,3.073806
8/13/2007 12:00:00 AM,0,0,174.2161,90,0,0,0.2075174,0.2075174,0,-1,0,0.2075174,0,0,2.775558E-17,0,0,0.2184394,0.2075174,0,0,8.663297,2.828307,0,0.2184394,-0.2184394,5.551048,39.65026,0.0425464,0.2282692,0,0,2.828307
8/13/2007 1:00:00 AM,0,0,-152.1837,90,0,0,0.1026082,0.1026082,0,-1,0,0.1026082,0,0,0,0,0,0.1080086,0.1026082,0,0,8.906007,2.609868,0,0.1080086,-0.1080086,5.437197,38.83704,0.0425464,0.112869,0,0,2.609868
8/13/2007 2:00:00 AM,0,0,-130.7408,90,0,0,0,0,0,-1,0,0,0,0,0,0,0,0,0,0,0,9.026016,2.501859,0,0,0,5.437197,38.83704,0.0425464,0,0,0,2.501859
8/13/2007 3:00:00 AM,0,0,-119.0161,90,0,0,0.01900208,0.01900208,0,-1,0,0.01900208,0,0,0,0,0,0.02000219,0.01900208,0,0,9.026016,2.501859,0,0.02000219,-0.02000219,5.416113,38.68644,0.0425464,0.02090229,0,0,2.501859
8/13/2007 4:00:00 AM,0,0,-112.1677,90,0,0,0.1817224,0.1817224,0,-1,0,0.1817224,0,0,2.775558E-17,0,0,0.1912867,0.1817224,0,0,9.048241,2.481857,0,0.1912867,-0.1912867,5.214479,37.2462,0.0425464,0.1998947,0,0,2.481857
8/13/2007 5:00:00 AM,0,0,-107.8268,90,0,0,0,0,0,0,0,0,0,0,0,0,0,0,0,0,0,9.260782,2.29057,0,0,0,5.214479,37.2462,0.0425464,0,0,0,2.29057
8/13/2007 6:00:00 AM,0.01398019,0,-104.9371,90,0,0,0.1628771,0.1628771,0,0,0,0.1628771,0,0,2.775558E-17,0,0,0.1714495,0.1628771,0,0,9.260782,2.29057,0,0.1714495,-0.1714495,5.033755,35.95532,0.0425464,0.1791648,0,0,2.29057
8/13/2007 7:00:00 AM,0.06417254,14.35613,-103.0256,77.8427,0.06366489,0.285728,0.3483212,0.3483212,0,0,0,0.3483212,82.03003,0,0,0,0.285728,0.3666539,0.3483212,0,0,9.451282,2.119121,0,0.08092592,-0.08092592,4.948452,35.34601,0.0425464,0.3831534,0.2285824,0,2.404849
8/13/2007 8:00:00 AM,0.1434486,28.82431,-101.9356,63.40357,0.1425123,0.6395952,0.06270222,0.06270222,0,0,0,0.06270222,1020.052,0,0,0,0.6395952,0.06600233,0.06270222,0,0,9.541199,2.038195,0.5735928,0,0.5735928,5.49261,39.23285,0.04253229,0.06897244,0.5116761,0,2.67779
8/13/2007 9:00:00 AM,0.3586459,43.32728,-101.8041,49.13374,0.3540304,1.588888,1.146295,1.146295,0,-1,0,1.146295,138.6107,0,0,0,1.588888,1.206627,1.146295,0,0,8.967607,2.554429,0.3822619,0,0.3822619,5.855255,41.82317,0.0425229,1.260925,1.271111,0,4.143317
8/13/2007 10:00:00 AM,0.6288697,57.79659,-103.3909,35.28448,0.6146963,2.758757,1.089295,1.089295,0,0,0,1.089295,253.2607,0,0,0,2.758757,1.146627,1.089295,0,0,8.585344,2.898464,1.612131,0,1.612131,7.384656,52.74744,0.04248333,1.198225,2.207006,0,5.657221
8/13/2007 11:00:00 AM,0.3344821,72.02881,-110.2425,22.68206,0.3325323,1.492405,0,0,0,0,0,0,0,0,0,0,1.492405,0,0,0,0,6.973214,4.349382,1.492405,0,1.492405,8.800476,62.86042,0.04244676,0,1.193924,0,5.841787
8/13/2007 12:00:00 PM,0.4970393,83.80312,-157.7924,14.95224,0.4928045,2.211707,1.973969,1.973969,0,0,0,1.973969,112.0437,0,0,0,2.211707,2.077862,1.973969,0,0,5.480809,5.692546,0.1338449,0,0.1338449,8.927453,63.76739,0.04244348,2.171365,1.769365,0,7.904253
8/13/2007 1:00:00 PM,0.2929652,76.42659,116.1525,19.30396,0.29136,1.307624,0,0,0,0,0,0,0,0,0,0,1.307624,0,0,0,0,5.346964,5.813006,1.307624,0,1.307624,10.16797,72.62823,0.0424115,0,1.046099,0,7.12063
8/13/2007 2:00:00 PM,0.2127854,62.43129,104.647,31.00822,0.2116334,0.9498106,0,0,0,-1,0,0,0,0,0,0,0.9498106,0,0,0,0,4.03934,6.989868,0.9498106,0,0.9498106,11.06904,79.06443,0.0423883,0,0.7598485,0,7.939678
8/13/2007 3:00:00 PM,0.4119461,48.0005,102.0569,44.60257,0.4062977,1.823464,1.511506,1.511506,0,0,0,1.511506,120.6389,0,0,0,1.823464,1.591059,1.511506,0,0,3.08953,7.844697,0.2324051,0,0.2324051,11.28952,80.63927,0.04238263,1.662657,1.458771,0,9.668161
8/13/2007 4:00:00 PM,0.2636203,33.49873,101.7708,58.77704,0.2603297,1.16836,1.326786,1.326786,0,0,0,1.326786,88.05936,0,0,0,1.16836,1.396617,1.326786,0,0,2.857125,8.053862,0,0.2282576,-0.2282576,11.04892,78.92068,0.04238263,1.459465,0.9346877,0,9.222221
8/13/2007 5:00:00 PM,0.05855362,19.01359,102.5847,73.1771,0.05818116,0.261117,0,0,0,0,0,0,0,0,0,0,0.261117,0,0,0,0,3.110744,7.825604,0.261117,0,0.261117,11.29663,80.69009,0.04237626,0,0.2088936,0,8.086721
8/13/2007 6:00:00 PM,0.01697569,4.599037,104.2268,87.66563,0.01676322,0.07523331,1.007962,1.007962,0,0,0,1.007962,7.463902,0,0,0,0.07523331,1.061013,1.007962,0,0,2.849627,8.06061,0,0.9857796,-0.9857796,10.25753,73.26794,0.04237626,1.108758,0.06018665,0,8.135843
8/13/2007 7:00:00 PM,0,0,106.7675,90,0,0,1.820023,1.820023,0,-1,0,1.820023,0,0,2.220446E-16,0,0,1.915813,1.820023,0,0,3.944938,7.07483,0,1.915813,-1.915813,8.238087,58.84336,0.04237626,2.002025,0,0,7.07483
8/13/2007 8:00:00 PM,0,0,110.5621,90,0,0,0.04610108,0.04610108,0,-1,0,0.04610108,0,0,6.938894E-18,0,0,0.04852745,0.04610108,0,0,6.073619,5.159017,0,0.04852745,-0.04852745,8.186934,58.47799,0.04237626,0.05071118,0,0,5.159017
8/13/2007 9:00:00 PM,0,0,116.4288,90,0,0,0.8450452,0.8450452,0,-1,0,0.8450452,0,0,1.110223E-16,0,0,0.8895213,0.8450452,0,0,6.127539,5.110489,0,0.8895213,-0.8895213,7.249297,51.78059,0.04237626,0.9295498,0,0,5.110489
8/13/2007 10:00:00 PM,0,0,126.1904,90,0,0,0.06619705,0.06619705,0,-1,0,0.06619705,0,0,1.387779E-17,0,0,0.0696811,0.06619705,0,0,7.115896,4.220968,0,0.0696811,-0.0696811,7.175846,51.25594,0.04237626,0.07281674,0,0,4.220968
8/13/2007 11:00:00 PM,0,0,143.8309,90,0,0,0.3141217,0.3141217,0,-1,0,0.3141217,0,0,5.551115E-17,0,0,0.3306544,0.3141217,0,0,7.193319,4.151287,0,0.3306544,-0.3306544,6.827306,48.76637,0.04237626,0.3455338,0,0,4.151287
8/14/2007 12:00:00 AM,0,0,174.2335,90,0,0,0.1422779,0.1422779,0,-1,0,0.1422779,0,0,2.775558E-17,0,0,0.1497662,0.1422779,0,0,7.560713,3.820632,0,0.1497662,-0.1497662,6.669438,47.63875,0.04237626,0.1565057,0,0,3.820632
8/14/2007 1:00:00 AM,0,0,-151.7691,90,0,0,0.006187754,0.006187754,0,-1,0,0.006187754,0,0,8.673617E-19,0,0,0.006513425,0.006187754,0,0,7.72712,3.670866,0,0.006513425,-0.006513425,6.662573,47.58971,0.04237626,0.006806529,0,0,3.670866
8/14/2007 2:00:00 AM,0,0,-130.2827,90,0,0,0.3517408,0.3517408,0,-1,0,0.3517408,0,0,5.551115E-17,0,0,0.3702534,0.3517408,0,0,7.734357,3.664353,0,0.3702534,-0.3702534,6.272291,44.80199,0.04237626,0.3869148,0,0,3.664353
8/14/2007 3:00:00 AM,0,0,-118.6143,90,0,0,0.1242376,0.1242376,0,-1,0,0.1242376,0,0,1.387779E-17,0,0,0.1307765,0.1242376,0,0,8.14575,3.2941,0,0.1307765,-0.1307765,6.134441,43.81735,0.04237626,0.1366614,0,0,3.2941
8/14/2007 4:00:00 AM,0,0,-111.8138,90,0,0,0.1622614,0.1622614,0,-1,0,0.1622614,0,0,0,0,0,0.1708014,0.1622614,0,0,8.291057,3.163323,0,0.1708014,-0.1708014,5.954401,42.53135,0.04237626,0.1784875,0,0,3.163323
8/14/2007 5:00:00 AM,0,0,-107.5002,90,0,0,0.2814235,0.2814235,0,0,0,0.2814235,0,0,0,0,0,0.2962352,0.2814235,0,0,8.480836,2.992522,0,0.2962352,-0.2962352,5.642141,40.30093,0.04237626,0.3095658,0,0,2.992522
8/14/2007 6:00:00 AM,0.02357303,0,-104.6188,90,0,0,0.2567508,0.2567508,0,0,0,0.2567508,0,0,5.551115E-17,0,0,0.270264,0.2567508,0,0,8.809986,2.696286,0,0.270264,-0.270264,5.357258,38.26605,0.04237626,0.2824259,0,0,2.696286
8/14/2007 7:00:00 AM,0.1680395,14.36378,-102.6969,77.78529,0.1559216,0.6997762,0.1946838,0.1946838,0,0,0,0.1946838,359.4424,0,0,0,0.6997762,0.2049303,0.1946838,0,0,9.11028,2.426022,0.4948458,0,0.4948458,5.82671,41.61927,0.04236419,0.2141522,0.559821,0,3.125798
8/14/2007 8:00:00 AM,0.3354567,28.85076,-101.5732,63.32293,0.3229283,1.449302,1.05092,1.05092,0,0,0,1.05092,137.9079,0,0,0,1.449302,1.106232,1.05092,0,0,8.615434,2.871384,0.3430704,0,0.3430704,6.152175,43.94402,0.04235582,1.156012,1.159442,0,4.320686
8/14/2007 9:00:00 AM,0.6576165,43.37416,-101.3708,49.02372,0.6311612,2.832652,0.5861002,0.5861002,0,-1,0,0.5861002,483.305,0,0,0,2.832652,0.6169476,0.5861002,0,0,8.272364,3.180147,2.215704,0,2.215704,8.254176,58.95828,0.04230188,0.6447102,2.266121,0,6.012798
8/14/2007 10:00:00 AM,0.6223646,57.87061,-102.8089,35.13093,0.6090236,2.733298,0.05892982,0.05892982,0,0,0,0.05892982,4638.226,0,0,0,2.733298,0.06203139,0.05892982,0,0,6.05666,5.174281,2.671267,0,2.671267,10.78836,77.05958,0.04223703,0.0648228,2.186639,0,7.907578
8/14/2007 11:00:00 AM,0.9446738,72.15494,-109.2912,22.45305,0.9199721,4.128835,1.597975,1.597975,0,0,0,1.597975,258.3792,0,0,0,4.128835,1.682079,1.597975,0,0,3.385393,7.578421,2.446756,0,2.446756,13.10956,93.63952,0.04217781,1.757772,3.303068,0,11.70726
8/14/2007 12:00:00 PM,1.034909,84.10938,-156.9602,14.63395,1.009218,4.529369,0.4080973,0.4080973,0,0,0,0.4080973,1109.875,3.161156,0,0,4.529369,0.4295761,0.4080973,0,0,0.9386372,9.7805,0.9386372,0,0.9386372,14.00003,100,0.04215513,0.448907,3.623496,0,14.30987
8/14/2007 1:00:00 PM,0.8598922,76.51311,114.8421,19.09379,0.8398509,3.769251,0.6376882,0.6376882,0,0,0,0.6376882,591.0806,3.098,0,0,3.769251,0.6712507,0.6376882,0,0,0,10.62527,0,0,0,14.00003,100,0.04215513,0.701457,3.015401,0,14.39452
8/14/2007 2:00:00 PM,0.8735093,62.43906,103.9588,30.90664,0.8482658,3.807017,0.9771184,0.9771184,0,-1,0,0.9771184,389.6167,2.778471,0,0,3.807017,1.028546,0.9771184,0,0,0,10.62527,0,0,0,14.00003,100,0.04215513,1.07483,3.045614,0,14.43229
8/14/2007 3:00:00 PM,0.6405296,47.97574,101.5824,44.55721,0.6194924,2.780282,0.2155246,0.2155246,0,0,0,0.2155246,1290.007,2.553414,0,0,2.780282,0.2268679,0.2155246,0,0,0,10.62527,0,0,0,14.00003,100,0.04215513,0.237077,2.224225,0,13.40556
8/14/2007 4:00:00 PM,0.5385787,33.45214,101.3931,58.7662,0.509634,2.287237,2.224956,2.224956,0,0,0,2.224956,102.7992,0,4.440892E-16,0,2.287237,2.342059,2.224956,0,0,0,10.62527,0,0.05482158,-0.05482158,13.94224,99.58723,0.04215513,2.447452,1.82979,0,12.91251
8/14/2007 5:00:00 PM,0.3206197,18.94825,102.255,73.19167,0.2884407,1.294522,0.7736162,0.7736162,0,0,0,0.7736162,167.3339,0.4192762,0,0,1.294522,0.8143328,0.7736162,0,0,0.06091287,10.57045,0.06091287,0,0.06091287,14.00003,100,0.04215366,0.8509778,1.035618,0,11.86497
8/14/2007 6:00:00 PM,0.0757992,4.515015,103.9186,87.70185,0.0435963,0.1956602,2.273583,2.273583,0,0,0,2.273583,8.605806,0,4.440892E-16,0,0.1956602,2.393246,2.273583,0,0,0,10.62527,0,2.197586,-2.197586,11.68357,83.4539,0.04215366,2.500942,0.1565282,0,10.82093
8/14/2007 7:00:00 PM,0,0,106.4623,90,0,0,1.022148,1.022148,0,-1,0,1.022148,0,0,0,0,0,1.075945,1.022148,0,0,2.441762,8.427689,0,1.075945,-1.075945,10.54942,75.35287,0.04215366,1.124363,0,0,8.427689
8/14/2007 8:00:00 PM,0,0,110.2444,90,0,0,0.9907807,0.9907807,0,-1,0,0.9907807,0,0,1.110223E-16,0,0,1.042927,0.9907807,0,0,3.637257,7.351743,0,1.042927,-1.042927,9.450082,67.50045,0.04215366,1.089859,0,0,7.351743
8/14/2007 9:00:00 PM,0,0,116.0847,90,0,0,0.8454798,0.8454798,0,-1,0,0.8454798,0,0,1.110223E-16,0,0,0.8899788,0.8454798,0,0,4.796064,6.308816,0,0.8899788,-0.8899788,8.511962,60.79961,0.04215366,0.9300278,0,0,6.308816
8/14/2007 10:00:00 PM,0,0,125.8182,90,0,0,0.1307178,0.1307178,0,-1,0,0.1307178,0,0,0,0,0,0.1375977,0.1307178,0,0,5.78493,5.418838,0,0.1375977,-0.1375977,8.366921,59.7636,0.04215366,0.1437896,0,0,5.418838
8/14/2007 11:00:00 PM,0,0,143.5042,90,0,0,0.1051959,0.1051959,0,-1,0,0.1051959,0,0,1.387779E-17,0,0,0.1107325,0.1051959,0,0,5.937816,5.28124,0,0.1107325,-0.1107325,8.250198,58.92987,0.04215366,0.1157155,0,0,5.28124
8/15/2007 12:00:00 AM,0,0,174.2566,90,0,0,0.2482362,0.2482362,0,-1,0,0.2482362,0,0,2.775558E-17,0,0,0.2613012,0.2482362,0,0,6.060852,5.170507,0,0.2613012,-0.2613012,7.974763,56.96248,0.04215366,0.2730598,0,0,5.170507
8/15/2007 1:00:00 AM,0,0,-151.3372,90,0,0,0.1276394,0.1276394,0,-1,0,0.1276394,0,0,2.775558E-17,0,0,0.1343573,0.1276394,0,0,6.351187,4.909206,0,0.1343573,-0.1343573,7.833138,55.95087,0.04215366,0.1404034,0,0,4.909206
8/15/2007 2:00:00 AM,0,0,-129.8123,90,0,0,0,0,0,-1,0,0,0,0,0,0,0,0,0,0,0,6.500473,4.774848,0,0,0,7.833138,55.95087,0.04215366,0,0,0,4.774848
8/15/2007 3:00:00 AM,0,0,-118.2046,90,0,0,0.1833057,0.1833057,0,-1,0,0.1833057,0,0,0,0,0,0.1929534,0.1833057,0,0,6.500473,4.774848,0,0.1929534,-0.1929534,7.629747,54.49809,0.04215366,0.2016363,0,0,4.774848
8/15/2007 4:00:00 AM,0,0,-111.4539,90,0,0,0.3150572,0.3150572,0,-1,0,0.3150572,0,0,5.551115E-17,0,0,0.3316391,0.3150572,0,0,6.714866,4.581895,0,0.3316391,-0.3316391,7.280169,52.0011,0.04215366,0.3465629,0,0,4.581895
8/15/2007 5:00:00 AM,0,0,-107.1685,90,0,0,0.2077178,0.2077178,0,0,0,0.2077178,0,0,2.775558E-17,0,0,0.2186504,0.2077178,0,0,7.083354,4.250256,0,0.2186504,-0.2186504,7.049691,50.35484,0.04215366,0.2284896,0,0,4.250256
8/15/2007 6:00:00 AM,0.02562062,0,-104.2958,90,0,0,0.04382663,0.04382663,0,0,0,0.04382663,0,0,0,0,0,0.0461333,0.04382663,0,0,7.326298,4.031606,0,0.0461333,-0.0461333,7.001062,50.00749,0.04215366,0.0482093,0,0,4.031606
8/15/2007 7:00:00 AM,0.2096561,14.37312,-102.3635,77.72542,0.1861062,0.8352444,0,0,0,0,0,0,0,0,0,0,0.8352444,0,0,0,0,7.377557,3.985472,0.8352444,0,0.8352444,7.793445,55.66735,0.04213351,0,0.6681955,0,4.820717
8/15/2007 8:00:00 AM,0.4673398,28.87864,-101.2057,63.24001,0.438799,1.96933,1.249384,1.249384,0,0,0,1.249384,157.6241,0,0,0,1.96933,1.315141,1.249384,0,0,6.542313,4.737193,0.6541895,0,0.6541895,8.414063,60.10033,0.04211773,1.374322,1.575464,0,6.706522
8/15/2007 9:00:00 AM,0.6644678,43.42205,-100.9311,48.91158,0.6383731,2.865019,1.766176,1.766176,0,-1,0,1.766176,162.216,0,0,0,2.865019,1.859132,1.766176,0,0,5.888124,5.325963,1.005887,0,1.005887,9.368331,66.91652,0.0420935,1.942793,2.292015,0,8.190982
8/15/2007 10:00:00 AM,0.7911289,57.94497,-102.2171,34.97538,0.7682925,3.448097,1.184153,1.184153,0,0,0,1.184153,291.1869,0,0,0,3.448097,1.246476,1.184153,0,0,4.882237,6.231261,2.201621,0,2.201621,11.45697,81.83535,0.04204056,1.302568,2.758477,0,9.679358
8/15/2007 11:00:00 AM,0.7681051,72.27999,-108.3157,22.22146,0.7521899,3.375828,0.6122542,0.6122542,0,0,0,0.6122542,551.3769,0.05073375,0,0,3.375828,0.6444781,0.6122542,0,0,2.680616,8.21272,2.680616,0,2.680616,14.00003,100,0.04197629,0.6734796,2.700663,0,11.58855
8/15/2007 12:00:00 PM,0.8813911,84.41923,-156.0433,14.31104,0.8621544,3.869349,1.885515,1.885515,0,0,0,1.885515,205.2144,1.884596,0,0,3.869349,1.984753,1.885515,0,0,0,10.62527,0,0,0,14.00003,100,0.04197629,2.074067,3.095479,0,14.49462
8/15/2007 1:00:00 PM,0.8399819,76.59186,113.4946,18.88515,0.8215227,3.686994,0.2455516,0.2455516,0,0,0,0.2455516,1501.515,3.428519,0,0,3.686994,0.2584753,0.2455516,0,0,0,10.62527,0,0,0,14.00003,100,0.04197629,0.2701067,2.949595,0,14.31227
8/15/2007 2:00:00 PM,0.956745,62.44143,103.2605,30.80826,0.9293846,4.171078,0.4076473,0.4076473,0,-1,0,0.4076473,1023.208,3.741976,0,0,4.171078,0.4291024,0.4076473,0,0,0,10.62527,0,0,0,14.00003,100,0.04197629,0.448412,3.336863,0,14.79635
8/15/2007 3:00:00 PM,0.5444049,47.94661,101.1018,44.51501,0.5310636,2.383413,0.9213743,0.9213743,0,0,0,0.9213743,258.6802,1.413546,0,0,2.383413,0.9698676,0.9213743,0,0,0,10.62527,0,0,0,14.00003,100,0.04197629,1.013512,1.906731,0,13.00869
8/15/2007 4:00:00 PM,0.3684402,33.40169,101.0107,58.75835,0.3578888,1.606205,0.7198941,0.7198941,0,0,0,0.7198941,223.1168,0.8484215,0,0,1.606205,0.7577832,0.7198941,0,0,0,10.62527,0,0,0,14.00003,100,0.04197629,0.7918835,1.284964,0,12.23148
8/15/2007 5:00:00 PM,0.2636359,18.87939,101.9213,73.20901,0.2427542,1.089481,2.099316,2.099316,0,0,0,2.099316,51.89694,0,0,0,1.089481,2.209806,2.099316,0,0,0,10.62527,0,1.120326,-1.120326,12.8191,91.56483,0.04197629,2.309248,0.8715847,0,11.71476
8/15/2007 6:00:00 PM,0.05591945,4.427688,103.6066,87.74068,0.04247264,0.1906172,0,0,0,0,0,0,0,0,0,0,0.1906172,0,0,0,0,1.244806,9.504949,0.1906172,0,0.1906172,12.99994,92.85651,0.04197173,0,0.1524938,0,9.695566
8/15/2007 7:00:00 PM,0,0,106.1532,90,0,0,1.07513,1.07513,0,-1,0,1.07513,0,0,2.220446E-16,0,0,1.131716,1.07513,0,0,1.054189,9.676504,0,1.131716,-1.131716,11.807,84.33557,0.04197173,1.182643,0,0,9.676504
8/15/2007 8:00:00 PM,0,0,109.9223,90,0,0,0,0,0,-1,0,0,0,0,0,0,0,0,0,0,0,2.311651,8.544788,0,0,0,11.807,84.33557,0.04197173,0,0,0,8.544788
8/15/2007 9:00:00 PM,0,0,115.7355,90,0,0,1.20485,1.20485,0,-1,0,1.20485,0,0,2.220446E-16,0,0,1.268263,1.20485,0,0,2.311651,8.544788,0,1.268263,-1.268263,10.47014,74.78654,0.04197173,1.325335,0,0,8.544788
8/15/2007 10:00:00 PM,0,0,125.4394,90,0,0,0,0,0,-1,0,0,0,0,0,0,0,0,0,0,0,3.720832,7.276525,0,0,0,10.47014,74.78654,0.04197173,0,0,0,7.276525
8/15/2007 11:00:00 PM,0,0,143.1707,90,0,0,0.1777344,0.1777344,0,-1,0,0.1777344,0,0,2.775558E-17,0,0,0.1870889,0.1777344,0,0,3.720832,7.276525,0,0.1870889,-0.1870889,10.27293,73.37791,0.04197173,0.1955079,0,0,7.276525
8/16/2007 12:00:00 AM,0,0,174.2859,90,0,0,0.1986126,0.1986126,0,-1,0,0.1986126,0,0,0,0,0,0.2090658,0.1986126,0,0,3.928709,7.089437,0,0.2090658,-0.2090658,10.05255,71.80381,0.04197173,0.2184738,0,0,7.089437
8/16/2007 1:00:00 AM,0,0,-150.8876,90,0,0,0.2525876,0.2525876,0,-1,0,0.2525876,0,0,0,0,0,0.2658816,0.2525876,0,0,4.161004,6.880371,0,0.2658816,-0.2658816,9.772289,69.80193,0.04197173,0.2778463,0,0,6.880371
8/16/2007 2:00:00 AM,0,0,-129.3298,90,0,0,0.09528696,0.09528696,0,-1,0,0.09528696,0,0,0,0,0,0.1003021,0.09528696,0,0,4.456428,6.614489,0,0.1003021,-0.1003021,9.666561,69.04673,0.04197173,0.1048156,0,0,6.614489
8/16/2007 3:00:00 AM,0,0,-117.787,90,0,0,0,0,0,-1,0,0,0,0,0,0,0,0,0,0,0,4.567875,6.514187,0,0,0,9.666561,69.04673,0.04197173,0,0,0,6.514187
8/16/2007 4:00:00 AM,0,0,-111.0881,90,0,0,0,0,0,-1,0,0,0,0,0,0,0,0,0,0,0,4.567875,6.514187,0,0,0,9.666561,69.04673,0.04197173,0,0,0,6.514187
8/16/2007 5:00:00 AM,0,0,-106.832,90,0,0,0.09314323,0.09314323,0,0,0,0.09314323,0,0,1.387779E-17,0,0,0.09804551,0.09314323,0,0,4.567875,6.514187,0,0.09804551,-0.09804551,9.563212,68.30853,0.04197173,0.1024576,0,0,6.514187
8/16/2007 6:00:00 AM,0.01356212,0,-103.9684,90,0,0,0.04620144,0.04620144,0,0,0,0.04620144,0,0,6.938894E-18,0,0,0.04863309,0.04620144,0,0,4.676814,6.416142,0,0.04863309,-0.04863309,9.511949,67.94235,0.04197173,0.05082158,0,0,6.416142
8/16/2007 7:00:00 AM,0.05824924,14.38413,-102.0255,77.66313,0.05781895,0.2594914,0.9449745,0.9449745,0,0,0,0.9449745,27.46015,0,0,0,0.2594914,0.99471,0.9449745,0,0,4.730851,6.367508,0,0.7352186,-0.7352186,8.73696,62.40673,0.04197173,1.039472,0.2075932,0,6.627
8/16/2007 8:00:00 AM,0.09792081,28.90789,-100.833,63.15487,0.09734866,0.4369008,0.3064743,0.3064743,0,0,0,0.3064743,142.5571,0,0,0,0.4369008,0.3226045,0.3064743,0,0,5.54776,5.63229,0.1142962,0,0.1142962,8.845391,63.18124,0.04196899,0.3371218,0.3495206,0,6.069191
8/16/2007 9:00:00 AM,0.2170267,43.47088,-100.4849,48.79744,0.2157424,0.9682519,0,0,0,-1,0,0,0,0,0,0,0.9682519,0,0,0,0,5.433465,5.735157,0.9682519,0,0.9682519,9.763955,69.7424,0.04194583,0,0.7746015,0,6.703408
8/16/2007 10:00:00 AM,0.364686,58.01949,-101.6154,34.81794,0.3620664,1.624954,0,0,0,0,0,0,0,0,0,0,1.624954,0,0,0,0,4.465212,6.606583,1.624954,0,1.624954,11.30552,80.75357,0.04190702,0,1.299963,0,8.231537
8/16/2007 11:00:00 AM,0.4753141,72.40366,-107.3157,21.98748,0.4713663,2.115492,0.3580953,0.3580953,0,0,0,0.3580953,590.7623,0,0,0,2.115492,0.3769424,0.3580953,0,0,2.840258,8.069042,1.73855,0,1.73855,12.95486,92.5345,0.04186558,0.3939048,1.692394,0,10.18453
8/16/2007 12:00:00 PM,0.4306722,84.73236,-155.025,13.98359,0.4278172,1.920044,0,0,0,0,0,0,0,0.8183352,0,0,1.920044,0,0,0,0,1.101709,9.633737,1.101709,0,1.101709,14.00003,100,0.04183936,0,1.536035,0,11.55378
8/16/2007 1:00:00 PM,0.4057512,76.66235,112.1114,18.67839,0.4031335,1.809263,0,0,0,0,0,0,0,1.809263,0,0,1.809263,0,0,0,0,0,10.62527,0,0,0,14.00003,100,0.04183936,0,1.447411,0,12.43454
8/16/2007 2:00:00 PM,0.2008462,62.43826,102.5525,30.71328,0.1997757,0.8965932,0.4633981,0.4633981,0,-1,0,0.4633981,193.4823,0.4088057,0,0,0.8965932,0.4877875,0.4633981,0,0,0,10.62527,0,0,0,14.00003,100,0.04183936,0.5097379,0.7172745,0,11.52187
8/16/2007 3:00:00 PM,0.26781,47.91302,100.6155,44.47609,0.2661251,1.19437,0.9879924,0.9879924,0,0,0,0.9879924,120.8885,0.1543775,0,0,1.19437,1.039992,0.9879924,0,0,0,10.62527,0,0,0,14.00003,100,0.04183936,1.086792,0.9554957,0,11.81964
8/16/2007 4:00:00 PM,0.08744782,33.34736,100.6238,58.75352,0.08696569,0.390302,1.863214,1.863214,0,0,0,1.863214,20.94778,0,2.220446E-16,0,0.390302,1.961278,1.863214,0,0,0,10.62527,0,1.570976,-1.570976,12.34407,88.17178,0.04183936,2.049535,0.3122416,0,11.01558
8/16/2007 5:00:00 PM,0.1390464,18.807,101.5838,73.22917,0.1371185,0.6153879,0.7413594,0.7413594,0,0,0,0.7413594,83.00804,0,0,0,0.6153879,0.7803782,0.7413594,0,0,1.745528,9.054298,0,0.1649904,-0.1649904,12.17016,86.92953,0.04183936,0.8154953,0.4923103,0,9.669686
8/16/2007 6:00:00 PM,0.03444615,4.337086,103.2908,87.78212,0.03282529,0.1473199,1.063525,1.063525,0,0,0,1.063525,13.85204,0,0,0,0.1473199,1.1195,1.063525,0,0,1.928851,8.889308,0,0.9721799,-0.9721799,11.14539,79.60978,0.04183936,1.169877,0.1178559,0,9.036628
8/16/2007 7:00:00 PM,0,0,105.8403,90,0,0,0.3033044,0.3033044,0,-1,0,0.3033044,0,0,0,0,0,0.3192678,0.3033044,0,0,3.009051,7.917128,0,0.3192678,-0.3192678,10.80885,77.20594,0.04183936,0.3336349,0,0,7.917128
8/16/2007 8:00:00 PM,0,0,109.596,90,0,0,0.242174,0.242174,0,-1,0,0.242174,0,0,5.551115E-17,0,0,0.25492,0.242174,0,0,3.363793,7.59786,0,0.25492,-0.25492,10.54014,75.2866,0.04183936,0.2663914,0,0,7.59786
8/16/2007 9:00:00 PM,0,0,115.3811,90,0,0,1.376232,1.376232,0,-1,0,1.376232,0,0,2.220446E-16,0,0,1.448665,1.376232,0,0,3.647038,7.34294,0,1.448665,-1.448665,9.013117,64.37928,0.04183936,1.513855,0,0,7.34294
8/16/2007 10:00:00 PM,0,0,125.0539,90,0,0,0.1702612,0.1702612,0,-1,0,0.1702612,0,0,2.775558E-17,0,0,0.1792223,0.1702612,0,0,5.256666,5.894275,0,0.1792223,-0.1792223,8.824201,63.02988,0.04183936,0.1872873,0,0,5.894275
8/16/2007 11:00:00 PM,0,0,142.8302,90,0,0,0.1116801,0.1116801,0,-1,0,0.1116801,0,0,0,0,0,0.117558,0.1116801,0,0,5.455801,5.715053,0,0.117558,-0.117558,8.700283,62.14476,0.04183936,0.1228481,0,0,5.715053
8/17/2007 12:00:00 AM,0,0,174.3216,90,0,0,0.3741548,0.3741548,0,-1,0,0.3741548,0,0,0,0,0,0.3938471,0.3741548,0,0,5.586421,5.597495,0,0.3938471,-0.3938471,8.285131,59.17939,0.04183936,0.4115703,0,0,5.597495
8/17/2007 1:00:00 AM,0,0,-150.4197,90,0,0,0,0,0,-1,0,0,0,0,0,0,0,0,0,0,0,6.024029,5.203648,0,0,0,8.285131,59.17939,0.04183936,0,0,0,5.203648
8/17/2007 2:00:00 AM,0,0,-128.8353,90,0,0,0,0,0,-1,0,0,0,0,0,0,0,0,0,0,0,6.024029,5.203648,0,0,0,8.285131,59.17939,0.04183936,0,0,0,5.203648
8/17/2007 3:00:00 AM,0,0,-117.3617,90,0,0,0.3102366,0.3102366,0,-1,0,0.3102366,0,0,0,0,0,0.3265648,0.3102366,0,0,6.024029,5.203648,0,0.3265648,-0.3265648,7.940902,56.72062,0.04183936,0.3412603,0,0,5.203648
8/17/2007 4:00:00 AM,0,0,-110.7167,90,0,0,0,0,0,-1,0,0,0,0,0,0,0,0,0,0,0,6.386879,4.877083,0,0,0,7.940902,56.72062,0.04183936,0,0,0,4.877083
8/17/2007 5:00:00 AM,0,0,-106.4906,90,0,0,0.01023144,0.01023144,0,0,0,0.01023144,0,0,1.734723E-18,0,0,0.01076994,0.01023144,0,0,6.386879,4.877083,0,0.01076994,-0.01076994,7.92955,56.63953,0.04183936,0.01125458,0,0,4.877083
8/17/2007 6:00:00 AM,0.013464,0,-103.6364,90,0,0,0.4420764,0.4420764,0,0,0,0.4420764,0,0,5.551115E-17,0,0,0.4653435,0.4420764,0,0,6.398846,4.866313,0,0.4653435,-0.4653435,7.439034,53.13586,0.04183936,0.486284,0,0,4.866313
8/17/2007 7:00:00 AM,0.1154955,14.39676,-101.683,77.59848,0.1130713,0.5074642,1.110564,1.110564,0,0,0,1.110564,45.69427,0,2.220446E-16,0,0.5074642,1.169015,1.110564,0,0,6.915895,4.40097,0,0.6615508,-0.6615508,6.741699,48.1549,0.04183936,1.221621,0.4059713,0,4.908433
8/17/2007 8:00:00 AM,0.3831712,28.93844,-100.4553,63.06759,0.3659156,1.642229,0.3345378,0.3345378,0,0,0,0.3345378,490.895,0,0,0,1.642229,0.352145,0.3345378,0,0,7.65095,3.739419,1.290084,0,1.290084,7.96558,56.89689,0.04180869,0.3679915,1.313783,0,5.381648
8/17/2007 9:00:00 AM,0.4521675,43.52054,-100.0324,48.68139,0.4431084,1.98867,1.537068,1.537068,0,-1,0,1.537068,129.3807,0,0,0,1.98867,1.617967,1.537068,0,0,6.360867,4.900495,0.3707035,0,0.3707035,8.317261,59.40889,0.04179989,1.690775,1.590936,0,6.889165
8/17/2007 10:00:00 AM,0.6447128,58.09402,-101.004,34.65879,0.6313835,2.833649,1.242255,1.242255,0,0,0,1.242255,228.1053,0,0,0,2.833649,1.307637,1.242255,0,0,5.990163,5.234128,1.526012,0,1.526012,9.764963,69.7496,0.0417637,1.36648,2.266919,0,8.067777
8/17/2007 11:00:00 AM,0.6211033,72.52564,-106.2909,21.75131,0.6128312,2.750386,0.3566873,0.3566873,0,0,0,0.3566873,771.0917,0,0,0,2.750386,0.3754603,0.3566873,0,0,4.46415,6.607539,2.374926,0,2.374926,12.01802,85.8428,0.04170749,0.3923561,2.200309,0,9.357925
8/17/2007 12:00:00 PM,0.7047858,85.04842,-153.8842,13.65171,0.6944332,3.116616,1.032781,1.032781,0,0,0,1.032781,301.7693,0,0,0,3.116616,1.087138,1.032781,0,0,2.089224,8.744972,2.029478,0,2.029478,13.94335,99.59514,0.04165957,1.136059,2.493293,0,11.86159
8/17/2007 1:00:00 PM,0.5542602,76.72413,110.6942,18.47385,0.5486786,2.46247,2.178465,2.178465,0,0,0,2.178465,113.0369,0.1096024,0,0,2.46247,2.293121,2.178465,0,0,0.05974654,10.5715,0.05974654,0,0.05974654,14.00003,100,0.04165817,2.396311,1.969976,0,13.03397
8/17/2007 2:00:00 PM,0.6716445,62.42941,101.8354,30.62188,0.6585995,2.955795,1.394499,1.394499,0,-1,0,1.394499,211.9611,1.487901,0,0,2.955795,1.467893,1.394499,0,0,0,10.62527,0,0,0,14.00003,100,0.04165817,1.533949,2.364636,0,13.58107
8/17/2007 3:00:00 PM,0.6789619,47.87494,100.1237,44.44053,0.6572385,2.949686,0.9403293,0.9403293,0,0,0,0.9403293,313.6865,1.959866,0,0,2.949686,0.9898203,0.9403293,0,0,0,10.62527,0,0,0,14.00003,100,0.04165817,1.034362,2.359749,0,13.57496
8/17/2007 4:00:00 PM,0.4464327,33.28914,100.2327,58.75176,0.428341,1.922395,1.035674,1.035674,0,0,0,1.035674,185.6177,0.832211,0,0,1.922395,1.090183,1.035674,0,0,0,10.62527,0,0,0,14.00003,100,0.04165817,1.139242,1.537916,0,12.54767
8/17/2007 5:00:00 PM,0.1848342,18.73111,101.2424,73.25214,0.178893,0.8028719,0.084292,0.084292,0,0,0,0.084292,952.4888,0.7141435,0,0,0.8028719,0.08872842,0.084292,0,0,0,10.62527,0,0,0,14.00003,100,0.04165817,0.0927212,0.6422975,0,11.42815
8/17/2007 6:00:00 PM,0.07145751,4.243243,102.9715,87.82613,0.04177681,0.1874944,2.380807,2.380807,0,0,0,2.380807,7.875243,0,4.440892E-16,0,0.1874944,2.506113,2.380807,0,0,0,10.62527,0,2.318619,-2.318619,11.55599,82.54262,0.04165817,2.618888,0.1499955,0,10.81277
8/17/2007 7:00:00 PM,0,0,105.5237,90,0,0,0.5176955,0.5176955,0,-1,0,0.5176955,0,0,0,0,0,0.5449426,0.5176955,0,0,2.576243,8.306656,0,0.5449426,-0.5449426,10.98157,78.43963,0.04165817,0.569465,0,0,8.306656
8/17/2007 8:00:00 PM,0,0,109.2656,90,0,0,0.5228036,0.5228036,0,-1,0,0.5228036,0,0,0,0,0,0.5503196,0.5228036,0,0,3.181735,7.761713,0,0.5503196,-0.5503196,10.40148,74.29615,0.04165817,0.575084,0,0,7.761713
8/17/2007 9:00:00 PM,0,0,115.0216,90,0,0,0.9080001,0.9080001,0,-1,0,0.9080001,0,0,1.110223E-16,0,0,0.9557896,0.9080001,0,0,3.793201,7.211393,0,0.9557896,-0.9557896,9.393991,67.0998,0.04165817,0.9988001,0,0,7.211393
8/17/2007 10:00:00 PM,0,0,124.6617,90,0,0,0.2722242,0.2722242,0,-1,0,0.2722242,0,0,5.551115E-17,0,0,0.2865517,0.2722242,0,0,4.855189,6.255604,0,0.2865517,-0.2865517,9.091939,64.94229,0.04165817,0.2994466,0,0,6.255604
8/17/2007 11:00:00 PM,0,0,142.4823,90,0,0,0.1341413,0.1341413,0,-1,0,0.1341413,0,0,0,0,0,0.1412013,0.1341413,0,0,5.17358,5.969052,0,0.1412013,-0.1412013,8.9431,63.87916,0.04165817,0.1475554,0,0,5.969052
8/18/2007 12:00:00 AM,0,0,174.3638,90,0,0,0.4899529,0.4899529,0,-1,0,0.4899529,0,0,5.551115E-17,0,0,0.5157399,0.4899529,0,0,5.330471,5.827851,0,0.5157399,-0.5157399,8.399462,59.99604,0.04165817,0.5389482,0,0,5.827851
8/18/2007 1:00:00 AM,0,0,-149.9333,90,0,0,0.4300875,0.4300875,0,-1,0,0.4300875,0,0,5.551115E-17,0,0,0.4527237,0.4300875,0,0,5.903515,5.312111,0,0.4527237,-0.4527237,7.922249,56.58738,0.04165817,0.4730963,0,0,5.312111
8/18/2007 2:00:00 AM,0,0,-128.3286,90,0,0,0.1583301,0.1583301,0,-1,0,0.1583301,0,0,0,0,0,0.1666633,0.1583301,0,0,6.406541,4.859387,0,0.1666633,-0.1666633,7.746571,55.33254,0.04165817,0.1741631,0,0,4.859387
8/18/2007 3:00:00 AM,0,0,-116.9287,90,0,0,0.1992733,0.1992733,0,-1,0,0.1992733,0,0,0,0,0,0.2097614,0.1992733,0,0,6.591722,4.692724,0,0.2097614,-0.2097614,7.525463,53.7532,0.04165817,0.2192007,0,0,4.692724
8/18/2007 4:00:00 AM,0,0,-110.3396,90,0,0,0.4565554,0.4565554,0,-1,0,0.4565554,0,0,5.551115E-17,0,0,0.4805846,0.4565554,0,0,6.824791,4.482963,0,0.4805846,-0.4805846,7.018882,50.13477,0.04165817,0.5022109,0,0,4.482963
8/18/2007 5:00:00 AM,0,0,-106.1446,90,0,0,0.0379801,0.0379801,0,0,0,0.0379801,0,0,6.938894E-18,0,0,0.03997905,0.0379801,0,0,7.358774,4.002378,0,0.03997905,-0.03997905,6.976741,49.83376,0.04165817,0.04177811,0,0,4.002378
8/18/2007 6:00:00 AM,0.02336164,0,-103.3002,90,0,0,0.3794009,0.3794009,0,0,0,0.3794009,0,0,5.551115E-17,0,0,0.3993694,0.3794009,0,0,7.403195,3.962399,0,0.3993694,-0.3993694,6.555768,46.82682,0.04165817,0.417341,0,0,3.962399
8/18/2007 7:00:00 AM,0.2078409,14.41098,-101.3361,77.53151,0.1867094,0.8379518,0,0,0,0,0,0,0,0,0,0,0.8379518,0,0,0,0,7.846939,3.56303,0.8379518,0,0.8379518,7.350719,52.50503,0.04163842,0,0.6703615,0,4.400981
8/18/2007 8:00:00 AM,0.4917579,28.97025,-100.0727,62.97824,0.463667,2.080938,0.8325646,0.8325646,0,0,0,0.8325646,249.9431,0,0,0,2.080938,0.8763838,0.8325646,0,0,7.008987,4.317186,1.204554,0,1.204554,8.49346,60.66745,0.04161006,0.915821,1.66475,0,6.398124
8/18/2007 9:00:00 AM,0.5838605,43.57093,-99.57372,48.56354,0.5655982,2.538405,0.2106472,0.2106472,0,-1,0,0.2106472,1205.051,0,0,0,2.538405,0.2217338,0.2106472,0,0,5.804433,5.401285,2.316671,0,2.316671,10.69125,76.3659,0.04155563,0.2317119,2.030724,0,7.93969
8/18/2007 10:00:00 AM,0.8735501,58.16842,-100.3829,34.49805,0.8497406,3.813636,1.9205,1.9205,0,0,0,1.9205,198.5751,0,0,0,3.813636,2.021579,1.9205,0,0,3.487762,7.486289,1.792056,0,1.792056,12.39134,88.5094,0.04151363,2.11255,3.050909,0,11.29992
8/18/2007 11:00:00 AM,0.8197476,72.64558,-105.2412,21.51315,0.8031993,3.604758,0,0,0,0,0,0,0,1.909053,0,0,3.604758,0,0,0,0,1.695705,9.099139,1.695705,0,1.695705,14.00003,100,0.04147396,0,2.883807,0,12.7039
8/18/2007 12:00:00 PM,0.9515696,85.36695,-152.5934,13.31549,0.9318546,4.182163,0.1725309,0.1725309,0,0,0,0.1725309,2424.008,4.000552,0,0,4.182163,0.1816115,0.1725309,0,0,0,10.62527,0,0,0,14.00003,100,0.04147396,0.189784,3.345731,0,14.80744
8/18/2007 1:00:00 PM,0.8385901,76.77673,109.245,18.27189,0.8221018,3.689593,0.1255805,0.1255805,0,0,0,0.1255805,2938.03,3.557403,0,0,3.689593,0.13219,0.1255805,0,0,0,10.62527,0,0,0,14.00003,100,0.04147396,0.1381386,2.951674,0,14.31487
8/18/2007 2:00:00 PM,0.6913813,62.41477,101.1098,30.53424,0.6777686,3.041826,1.484346,1.484346,0,-1,0,1.484346,204.927,1.479356,0,0,3.041826,1.56247,1.484346,0,0,0,10.62527,0,0,0,14.00003,100,0.04147396,1.632781,2.43346,0,13.6671
8/18/2007 3:00:00 PM,0.622415,47.83231,99.62657,44.40841,0.604943,2.714984,1.668923,1.668923,0,0,0,1.668923,162.6788,0.9582227,0,0,2.714984,1.756762,1.668923,0,0,0,10.62527,0,0,0,14.00003,100,0.04147396,1.835816,2.171988,0,13.34026
8/18/2007 4:00:00 PM,0.411421,33.22702,99.8375,58.7531,0.3974023,1.783542,0.4531675,0.4531675,0,0,0,0.4531675,393.5723,1.306523,0,0,1.783542,0.4770184,0.4531675,0,0,0,10.62527,0,0,0,14.00003,100,0.04147396,0.4984843,1.426833,0,12.40882
8/18/2007 5:00:00 PM,0.1800188,18.65172,100.8975,73.27792,0.1747231,0.7841575,0,0,0,0,0,0,0,0.7841575,0,0,0.7841575,0,0,0,0,0,10.62527,0,0,0,14.00003,100,0.04147396,0,0.627326,0,11.40943
8/18/2007 6:00:00 PM,0.03746156,4.146197,102.6487,87.87272,0.03473248,0.1558794,0.4632839,0.4632839,0,0,0,0.4632839,33.64662,0,5.551115E-17,0,0.1558794,0.4876673,0.4632839,0,0,0,10.62527,0,0.3317879,-0.3317879,13.65029,97.5019,0.04147396,0.5096123,0.1247035,0,10.78115
8/18/2007 7:00:00 PM,0,0,105.2034,90,0,0,0.2347351,0.2347351,0,-1,0,0.2347351,0,0,2.775558E-17,0,0,0.2470896,0.2347351,0,0,0.3686532,10.29349,0,0.2470896,-0.2470896,13.38984,95.6415,0.04147396,0.2582086,0,0,10.29349
8/18/2007 8:00:00 PM,0,0,108.931,90,0,0,0,0,0,-1,0,0,0,0,0,0,0,0,0,0,0,0.6431972,10.0464,0,0,0,13.38984,95.6415,0.04147396,0,0,0,10.0464
8/18/2007 9:00:00 PM,0,0,114.657,90,0,0,0.2362611,0.2362611,0,-1,0,0.2362611,0,0,2.775558E-17,0,0,0.2486959,0.2362611,0,0,0.6431972,10.0464,0,0.2486959,-0.2486959,13.12769,93.76902,0.04147396,0.2598872,0,0,10.0464
8/18/2007 10:00:00 PM,0,0,124.2626,90,0,0,0.09978035,0.09978035,0,-1,0,0.09978035,0,0,1.387779E-17,0,0,0.1050319,0.09978035,0,0,0.9195259,9.797701,0,0.1050319,-0.1050319,13.01698,92.97821,0.04147396,0.1097584,0,0,9.797701
8/18/2007 11:00:00 PM,0,0,142.1267,90,0,0,0.2075904,0.2075904,0,-1,0,0.2075904,0,0,2.775558E-17,0,0,0.2185162,0.2075904,0,0,1.036228,9.692669,0,0.2185162,-0.2185162,12.78664,91.33295,0.04147396,0.2283494,0,0,9.692669
8/19/2007 12:00:00 AM,0,0,174.4129,90,0,0,0.4000225,0.4000225,0,-1,0,0.4000225,0,0,5.551115E-17,0,0,0.4210764,0.4000225,0,0,1.279024,9.474153,0,0.4210764,-0.4210764,12.34279,88.16258,0.04147396,0.4400248,0,0,9.474153
8/19/2007 1:00:00 AM,0,0,-149.4277,90,0,0,0.2335381,0.2335381,0,-1,0,0.2335381,0,0,2.775558E-17,0,0,0.2458296,0.2335381,0,0,1.746886,9.053077,0,0.2458296,-0.2458296,12.08366,86.31168,0.04147396,0.2568919,0,0,9.053077
8/19/2007 2:00:00 AM,0,0,-127.81,90,0,0,0.0586641,0.0586641,0,-1,0,0.0586641,0,0,6.938894E-18,0,0,0.06175168,0.0586641,0,0,2.02003,8.807247,0,0.06175168,-0.06175168,12.01857,85.84673,0.04147396,0.06453051,0,0,8.807247
8/19/2007 3:00:00 AM,0,0,-116.4883,90,0,0,0.2681918,0.2681918,0,-1,0,0.2681918,0,0,5.551115E-17,0,0,0.2823071,0.2681918,0,0,2.088643,8.745495,0,0.2823071,-0.2823071,11.72099,83.72118,0.04147396,0.295011,0,0,8.745495
8/19/2007 4:00:00 AM,0,0,-109.9571,90,0,0,0.1103674,0.1103674,0,-1,0,0.1103674,0,0,1.387779E-17,0,0,0.1161762,0.1103674,0,0,2.402318,8.463188,0,0.1161762,-0.1161762,11.59853,82.84647,0.04147396,0.1214041,0,0,8.463188
8/19/2007 5:00:00 AM,0,0,-105.794,90,0,0,0.2126378,0.2126378,0,0,0,0.2126378,0,0,0,0,0,0.2238292,0.2126378,0,0,2.531403,8.347012,0,0.2238292,-0.2238292,11.36259,81.16121,0.04147396,0.2339015,0,0,8.347012
8/19/2007 6:00:00 AM,0.01476511,0,-102.9597,90,0,0,0.07942969,0.07942969,0,0,0,0.07942969,0,0,1.387779E-17,0,0,0.0836102,0.07942969,0,0,2.780102,8.123182,0,0.0836102,-0.0836102,11.27446,80.53168,0.04147396,0.08737266,0,0,8.123182
8/19/2007 7:00:00 AM,0.141844,14.42676,-100.985,77.46227,0.1364396,0.612341,1.224699,1.224699,0,0,0,1.224699,49.99932,0,0,0,0.612341,1.289157,1.224699,0,0,2.873002,8.039573,0,0.6768156,-0.6768156,10.56103,75.4358,0.04147396,1.347169,0.4898728,0,8.651914
8/19/2007 8:00:00 AM,0.136019,29.00323,-99.68532,62.8869,0.1351859,0.6067142,0.5000284,0.5000284,0,0,0,0.5000284,121.3359,0,0,0,0.6067142,0.5263457,0.5000284,0,0,3.625019,7.362757,0.08036853,0,0.08036853,10.63728,75.9804,0.04147208,0.5500313,0.4853714,0,7.969471
8/19/2007 9:00:00 AM,0.1386101,43.62196,-99.10889,48.44399,0.1378607,0.6187186,1.173533,1.173533,0,-1,0,1.173533,52.72272,0,0,0,0.6187186,1.235298,1.173533,0,0,3.544651,7.435089,0,0.6165795,-0.6165795,9.987345,71.33804,0.04147208,1.290887,0.4949749,0,8.053807
8/19/2007 10:00:00 AM,0.5348322,58.24251,-99.75212,34.33591,0.5276545,2.368113,0.97537,0.97537,0,0,0,0.97537,242.7912,0,0,0,2.368113,1.026705,0.97537,0,0,4.229739,6.818509,1.341408,0,1.341408,11.25992,80.42781,0.04144076,1.072907,1.89449,0,9.186622
8/19/2007 11:00:00 AM,0.5589346,72.76316,-104.1664,21.27323,0.5532174,2.482839,0.9112923,0.9112923,0,0,0,0.9112923,272.4526,0,0,0,2.482839,0.959255,0.9112923,0,0,2.888331,8.025776,1.523584,0,1.523584,12.70532,90.75207,0.04140523,1.002421,1.986272,0,10.50862
8/19/2007 12:00:00 PM,0.6198968,85.6874,-151.1171,12.97504,0.6131585,2.751855,0.6093016,0.6093016,0,0,0,0.6093016,451.6409,0.7457383,0,0,2.751855,0.6413701,0.6093016,0,0,1.364747,9.397002,1.364747,0,1.364747,14.00003,100,0.04137347,0.6702318,2.201484,0,12.14886
8/19/2007 1:00:00 PM,0.8533574,76.81973,107.7661,18.07289,0.8369321,3.756151,0.485352,0.485352,0,0,0,0.485352,773.9025,3.245254,0,0,3.756151,0.5108968,0.485352,0,0,0,10.62527,0,0,0,14.00003,100,0.04137347,0.5338872,3.004921,0,14.38142
8/19/2007 2:00:00 PM,0.2851278,62.39421,100.3761,30.45052,0.2835564,1.272601,0.2870223,0.2870223,0,-1,0,0.2870223,443.3806,0.9704724,0,0,1.272601,0.3021287,0.2870223,0,0,0,10.62527,0,0,0,14.00003,100,0.04137347,0.3157245,1.018081,0,11.89787
8/19/2007 3:00:00 PM,0.1162789,47.78508,99.1245,44.37981,0.1156683,0.5191195,2.992924,2.992924,0,0,0,2.992924,17.34489,0,0,0,0.5191195,3.150446,2.992924,0,0,0,10.62527,0,2.631327,-2.631327,11.22637,80.18816,0.04137347,3.292217,0.4152956,0,11.14439
8/19/2007 4:00:00 PM,0.159856,33.161,99.43835,58.75757,0.158899,0.7131389,2.566376,2.566376,0,0,0,2.566376,27.78778,0,4.440892E-16,0,0.7131389,2.701449,2.566376,0,0,2.923697,7.993947,0,1.98831,-1.98831,9.130504,65.21775,0.04137347,2.823014,0.5705112,0,8.707087
8/19/2007 5:00:00 PM,0.1762271,18.56886,100.549,73.30652,0.1714102,0.7692888,0.4778166,0.4778166,0,0,0,0.4778166,161.0009,0,0,0,0.7692888,0.5029649,0.4778166,0,0,5.13293,6.005638,0.266324,0,0.266324,9.383161,67.02244,0.04136728,0.5255982,0.6154311,0,6.774926
8/19/2007 6:00:00 PM,0.05019894,4.04599,102.3224,87.92183,0.03962645,0.1778435,1.12945,1.12945,0,0,0,1.12945,15.74602,0,0,0,0.1778435,1.188895,1.12945,0,0,4.866606,6.245329,0,1.011052,-1.011052,8.317418,59.41002,0.04136728,1.242395,0.1422748,0,6.423172
8/19/2007 7:00:00 PM,0,0,104.8796,90,0,0,0,0,0,-1,0,0,0,0,0,0,0,0,0,0,0,5.989996,5.234278,0,0,0,8.317418,59.41002,0.04136728,0,0,0,5.234278
8/19/2007 8:00:00 PM,0,0,108.5923,90,0,0,1.618473,1.618473,0,-1,0,1.618473,0,0,2.220446E-16,0,0,1.703656,1.618473,0,0,5.989996,5.234278,0,1.703656,-1.703656,6.521608,46.58282,0.04136728,1.78032,0,0,5.234278
8/19/2007 9:00:00 PM,0,0,114.2873,90,0,0,3.015046,3.015046,0,-1,0,3.015046,0,0,4.440892E-16,0,0,3.173732,3.015046,0,0,7.882947,3.530622,0,3.173732,-3.173732,3.1762,22.6871,0.04136728,3.31655,0,0,3.530622
8/19/2007 10:00:00 PM,0,0,123.8566,90,0,0,0.1817022,0.1817022,0,-1,0,0.1817022,0,0,2.775558E-17,0,0,0.1912655,0.1817022,0,0,11.40932,0.3568896,0,0.1912655,-0.1912655,2.974589,21.24702,0.04136728,0.1998724,0,0,0.3568896
8/19/2007 11:00:00 PM,0,0,141.7633,90,0,0,0.2572829,0.1573429,0,-1,0,0.1573429,0,0,0.09993999,0.1256683,0,0.1656241,0.1573429,0,0,11.62183,0.1656241,0,0.1656241,-0.1656241,2.800006,20,0.04136728,0.2830112,0,0,0.1656241
8/20/2007 12:00:00 AM,0,0,174.4691,90,0,0,0.4875841,0,0,-1,0,0,0,0,0.4875841,0.5363426,0,0,0,0,0,11.80586,0,0,0,0,2.800006,20,0.04136728,0.5363426,0,0,0
8/20/2007 1:00:00 AM,0,0,-148.9027,90,0,0,0.132046,0,0,-1,0,0,0,0,0.132046,0.1452505,0,0,0,0,0,11.80586,0,0,0,0,2.800006,20,0.04136728,0.1452505,0,0,0
8/20/2007 2:00:00 AM,0,0,-127.2793,90,0,0,0,0,0,-1,0,0,0,0,0,0,0,0,0,0,0,11.80586,0,0,0,0,2.800006,20,0.04136728,0,0,0,0
8/20/2007 3:00:00 AM,0,0,-116.0405,90,0,0,0.4022292,0,0,-1,0,0,0,0,0.4022292,0.4424522,0,0,0,0,0,11.80586,0,0,0,0,2.800006,20,0.04136728,0.4424522,0,0,0
8/20/2007 4:00:00 AM,0,0,-109.5692,90,0,0,0.1729249,0,0,-1,0,0,0,0,0.1729249,0.1902174,0,0,0,0,0,11.80586,0,0,0,0,2.800006,20,0.04136728,0.1902174,0,0,0
8/20/2007 5:00:00 AM,0,0,-105.439,90,0,0,0,0,0,0,0,0,0,0,0,0,0,0,0,0,0,11.80586,0,0,0,0,2.800006,20,0.04136728,0,0,0,0
8/20/2007 6:00:00 AM,0.01493844,0,-102.6151,90,0,0,0,0,0,0,0,0,0,0,0,0,0,0,0,0,0,11.80586,0,0,0,0,2.800006,20,0.04136728,0,0,0,0
8/20/2007 7:00:00 AM,0.104744,14.44405,-100.6296,77.39082,0.1032297,0.463295,2.061221,2.061221,5,0,1.53,2.061221,22.47672,0,0,0,0.463295,0,0,2.938779,2.79184,11.80586,0,3.255135,0,3.255135,5.888098,42.05776,0.04186676,2.267343,0.370636,5,0.463295
8/20/2007 8:00:00 AM,0.1980106,29.03733,-99.29318,62.79365,0.1963127,0.8810515,0.5637707,0.5637707,4.069034,0,1.275846,0.5637707,156.2784,0,0,0,0.8810515,0,0,3.505263,3.33,8.550725,2.929622,4.211051,0,4.211051,9.883052,70.59309,0.0422467,0.6201477,0.7048413,5,3.810673
8/20/2007 9:00:00 AM,0.323098,43.67352,-98.63802,48.32286,0.3202654,1.437351,1.30796,1.30796,0,-1,0,1.30796,109.8926,0,0,0,1.437351,1.3768,1.30796,0,0,4.339674,6.719568,0.06055132,0,0.06055132,9.940496,71.0034,0.04224527,1.438756,1.149881,0,8.156919
8/20/2007 10:00:00 AM,0.5616716,58.31614,-99.11185,34.1725,0.553645,2.484759,0.5710803,0.5710803,0,0,0,0.5710803,435.0979,0,0,0,2.484759,0.6011372,0.5710803,0,0,4.279122,6.774064,1.883621,0,1.883621,11.72746,83.76738,0.04220078,0.6281883,1.987807,0,9.258822
8/20/2007 11:00:00 AM,0.5098536,72.87803,-103.0664,21.03176,0.5055318,2.268827,1.749585,1.749585,0,0,0,1.749585,129.678,0,0,0,2.268827,1.841669,1.749585,0,0,2.395501,8.469323,0.4271583,0,0.4271583,12.13269,86.66193,0.0421907,1.924544,1.815061,0,10.73815
8/20/2007 12:00:00 PM,0.5142823,86.00906,-149.4079,12.63046,0.5102976,2.290215,0.8223163,0.8223163,0,0,0,0.8223163,278.5079,0,0,0,2.290215,0.8655961,0.8223163,0,0,1.968342,8.853766,1.424619,0,1.424619,13.48421,96.31557,0.04215713,0.9045479,1.832172,0,11.14398
8/20/2007 1:00:00 PM,0.6282198,76.85271,106.2598,17.87721,0.6209509,2.786828,0.8988937,0.8988937,0,0,0,0.8988937,310.0286,1.296901,0,0,2.786828,0.9462038,0.8988937,0,0,0.543723,10.13592,0.543723,0,0.543723,14.00003,100,0.04214433,0.988783,2.229462,0,12.92275
8/20/2007 2:00:00 PM,0.7152289,62.36764,99.63496,30.37089,0.7014642,3.148171,1.888537,1.888537,0,-1,0,1.888537,166.6989,1.160237,0,0,3.148171,1.987934,1.888537,0,0,0,10.62527,0,0,0,14.00003,100,0.04214433,2.077391,2.518537,0,13.77345
8/20/2007 3:00:00 PM,0.5058333,47.73322,98.61774,44.3548,0.496608,2.228777,0.8012436,0.8012436,0,0,0,0.8012436,278.1647,1.385362,0,0,2.228777,0.8434143,0.8012436,0,0,0,10.62527,0,0,0,14.00003,100,0.04214433,0.881368,1.783021,0,12.85405
8/20/2007 4:00:00 PM,0.2392627,33.09106,99.03544,58.7652,0.237082,1.064024,0,0,0,0,0,0,0,1.064024,0,0,1.064024,0,0,0,0,0,10.62527,0,0,0,14.00003,100,0.04214433,0,0.8512193,0,11.6893
8/20/2007 5:00:00 PM,0.1329566,18.48256,100.1972,73.33792,0.1313545,0.5895188,0.8954978,0.8954978,0,0,0,0.8954978,65.83141,0,0,0,0.5895188,0.9426293,0.8954978,0,0,0,10.62527,0,0.3531104,-0.3531104,13.62782,97.34135,0.04214433,0.9850476,0.4716151,0,11.21479
8/20/2007 6:00:00 PM,0.03433147,3.942668,101.9929,87.97344,0.03228927,0.1449143,0.8951933,0.8951933,0,0,0,0.8951933,16.18804,0,1.110223E-16,0,0.1449143,0.9423087,0.8951933,0,0,0.3923449,10.27216,0,0.7973945,-0.7973945,12.78729,91.3376,0.04214433,0.9847126,0.1159314,0,10.41708
8/20/2007 7:00:00 PM,0,0,104.5522,90,0,0,1.591803,1.591803,0,-1,0,1.591803,0,0,2.220446E-16,0,0,1.675582,1.591803,0,0,1.278339,9.47477,0,1.675582,-1.675582,11.02107,78.72178,0.04214433,1.750983,0,0,9.47477
8/20/2007 8:00:00 PM,0,0,108.2496,90,0,0,1.526162,1.526162,0,-1,0,1.526162,0,0,2.220446E-16,0,0,1.606486,1.526162,0,0,3.140096,7.799187,0,1.606486,-1.606486,9.327685,66.62619,0.04214433,1.678778,0,0,7.799187
8/20/2007 9:00:00 PM,0,0,113.9126,90,0,0,1.444308,1.444308,0,-1,0,1.444308,0,0,2.220446E-16,0,0,1.520324,1.444308,0,0,4.925081,6.192701,0,1.520324,-1.520324,7.725123,55.17934,0.04214433,1.588739,0,0,6.192701
8/20/2007 10:00:00 PM,0,0,123.4436,90,0,0,0.05488834,0.05488834,0,-1,0,0.05488834,0,0,6.938894E-18,0,0,0.0577772,0.05488834,0,0,6.61433,4.672377,0,0.0577772,-0.0577772,7.664221,54.74432,0.04214433,0.06037717,0,0,4.672377
8/20/2007 11:00:00 PM,0,0,141.3916,90,0,0,0.04947701,0.04947701,0,-1,0,0.04947701,0,0,0,0,0,0.05208106,0.04947701,0,0,6.678527,4.6146,0,0.05208106,-0.05208106,7.609323,54.3522,0.04214433,0.05442471,0,0,4.6146
8/21/2007 12:00:00 AM,0,0,174.5327,90,0,0,0.2348203,0.2348203,0,-1,0,0.2348203,0,0,0,0,0,0.2471793,0.2348203,0,0,6.736395,4.562519,0,0.2471793,-0.2471793,7.348773,52.49113,0.04214433,0.2583024,0,0,4.562519
8/21/2007 1:00:00 AM,0,0,-148.3577,90,0,0,0.09860601,0.09860601,0,-1,0,0.09860601,0,0,1.387779E-17,0,0,0.1037958,0.09860601,0,0,7.011039,4.31534,0,0.1037958,-0.1037958,7.239362,51.70963,0.04214433,0.1084666,0,0,4.31534
8/21/2007 2:00:00 AM,0,0,-126.7368,90,0,0,0.1297623,0.1297623,0,-1,0,0.1297623,0,0,0,0,0,0.1365919,0.1297623,0,0,7.126368,4.211544,0,0.1365919,-0.1365919,7.095382,50.6812,0.04214433,0.1427385,0,0,4.211544
8/21/2007 3:00:00 AM,0,0,-115.5854,90,0,0,0.1949701,0.1949701,0,-1,0,0.1949701,0,0,2.775558E-17,0,0,0.2052317,0.1949701,0,0,7.278136,4.074952,0,0.2052317,-0.2052317,6.879049,49.13596,0.04214433,0.2144671,0,0,4.074952
8/21/2007 4:00:00 AM,0,0,-109.1762,90,0,0,0.1264799,0.1264799,0,-1,0,0.1264799,0,0,0,0,0,0.1331367,0.1264799,0,0,7.506171,3.86972,0,0.1331367,-0.1331367,6.73871,48.13355,0.04214433,0.1391279,0,0,3.86972
8/21/2007 5:00:00 AM,0,0,-105.0796,90,0,0,0.05654455,0.05654455,0,0,0,0.05654455,0,0,0,0,0,0.05952058,0.05654455,0,0,7.654101,3.736583,0,0.05952058,-0.05952058,6.67597,47.68541,0.04214433,0.06219901,0,0,3.736583
8/21/2007 6:00:00 AM,0.01441493,0,-102.2665,90,0,0,0,0,0,0,0,0,0,0,0,0,0,0,0,0,0,7.720235,3.677063,0,0,0,6.67597,47.68541,0.04214433,0,0,0,3.677063
8/21/2007 7:00:00 AM,0.1424066,14.46282,-100.2701,77.31721,0.1372708,0.6160712,0.8079638,0.8079638,0,0,0,0.8079638,76.24985,0,1.110223E-16,0,0.6160712,0.8504882,0.8079638,0,0,7.720235,3.677063,0,0.234417,-0.234417,6.428873,45.92043,0.04214433,0.8887602,0.4928569,0,4.293134
8/21/2007 8:00:00 AM,0.3448449,29.07247,-98.89641,62.69857,0.3339286,1.498671,0.726936,0.726936,0,0,0,0.726936,206.1628,0,0,0,1.498671,0.7651958,0.726936,0,0,7.980698,3.442646,0.7334757,0,0.7334757,7.124709,50.89068,0.04212708,0.7996296,1.198937,0,4.941317
8/21/2007 9:00:00 AM,0.6316103,43.72551,-98.16122,48.20027,0.6123719,2.748325,0,0,0,-1,0,0,0,0,0,0,2.748325,0,0,0,0,7.247222,4.102774,2.748325,0,2.748325,9.731999,69.51414,0.04206256,0,2.19866,0,6.851099
8/21/2007 10:00:00 AM,0.9201666,58.38913,-98.46216,34.00801,0.8978398,4.029505,1.295202,1.295202,0,0,0,1.295202,311.1103,0,0,0,4.029505,1.36337,1.295202,0,0,4.498897,6.576267,2.666135,0,2.666135,12.26132,87.58066,0.04200016,1.424722,3.223604,0,10.60577
8/21/2007 11:00:00 AM,1.073347,72.98984,-101.9413,20.789,1.051576,4.719473,0.08449604,0.08449604,0,0,0,0.08449604,5585.437,2.797767,0,0,4.719473,0.0889432,0.08449604,0,0,1.832762,8.975788,1.832762,0,1.832762,14.00003,100,0.04195736,0.09294564,3.775578,0,13.69526
8/21/2007 12:00:00 PM,1.096542,86.33095,-147.4023,12.28185,1.07586,4.82846,1.034919,1.034919,0,0,0,1.034919,466.5545,3.739072,0,0,4.82846,1.089388,1.034919,0,0,0,10.62527,0,0,0,14.00003,100,0.04195736,1.138411,3.862768,0,15.45373
8/21/2007 1:00:00 PM,1.146258,76.87531,104.7291,17.68525,1.123593,5.042685,0.4598097,0.4598097,0,0,0,0.4598097,1096.69,4.558675,0,0,5.042685,0.4840102,0.4598097,0,0,0,10.62527,0,0,0,14.00003,100,0.04195736,0.5057907,4.034148,0,15.66796
8/21/2007 2:00:00 PM,1.033125,62.33495,98.88703,30.29552,1.009351,4.529965,1.397442,1.397442,0,-1,0,1.397442,324.1613,3.058974,0,0,4.529965,1.470991,1.397442,0,0,0,10.62527,0,0,0,14.00003,100,0.04195736,1.537186,3.623972,0,15.15524
8/21/2007 3:00:00 PM,0.867016,47.67671,98.10655,44.33347,0.840881,3.773874,1.551936,1.551936,0,0,0,1.551936,243.172,2.140257,0,0,3.773874,1.633617,1.551936,0,0,0,10.62527,0,0,0,14.00003,100,0.04195736,1.70713,3.019099,0,14.39915
8/21/2007 4:00:00 PM,0.576013,33.01722,98.62895,58.77601,0.550081,2.468764,0.1108659,0.1108659,0,0,0,0.1108659,2226.802,2.352063,0,0,2.468764,0.1167009,0.1108659,0,0,0,10.62527,0,0,0,14.00003,100,0.04195736,0.1219525,1.975011,0,13.09404
8/21/2007 5:00:00 PM,0.2044863,18.39283,99.84206,73.37212,0.1961109,0.8801458,1.729577,1.729577,0,0,0,1.729577,50.88794,0,0,0,0.8801458,1.820607,1.729577,0,0,0,10.62527,0,0.9404611,-0.9404611,13.00869,92.91907,0.04195736,1.902534,0.7041166,0,11.50542
8/21/2007 6:00:00 PM,0.03328963,3.836283,101.6601,88.02752,0.03140261,0.1409349,2.715287,2.715287,0,0,0,2.715287,5.190424,0,0,0,0.1409349,2.858197,2.715287,0,0,1.044957,9.684813,0,2.717262,-2.717262,10.14445,72.46021,0.04195736,2.986816,0.1127479,0,9.825748
8/21/2007 7:00:00 PM,0,0,104.2214,90,0,0,1.911229,1.911229,0,-1,0,1.911229,0,0,2.220446E-16,0,0,2.01182,1.911229,0,0,4.064137,6.967551,0,2.01182,-2.01182,8.023805,57.31278,0.04195736,2.102352,0,0,6.967551
8/21/2007 8:00:00 PM,0,0,107.9029,90,0,0,0.7203904,0.7203904,0,-1,0,0.7203904,0,0,1.110223E-16,0,0,0.7583057,0.7203904,0,0,6.299492,4.955731,0,0.7583057,-0.7583057,7.22448,51.60333,0.04195736,0.7924295,0,0,4.955731
8/21/2007 9:00:00 PM,0,0,113.5327,90,0,0,0,0,0,-1,0,0,0,0,0,0,0,0,0,0,0,7.142054,4.197425,0,0,0,7.22448,51.60333,0.04195736,0,0,0,4.197425
8/21/2007 10:00:00 PM,0,0,123.0234,90,0,0,0.08742566,0.08742566,0,-1,0,0.08742566,0,0,1.387779E-17,0,0,0.09202702,0.08742566,0,0,7.142054,4.197425,0,0.09202702,-0.09202702,7.127475,50.91044,0.04195736,0.09616823,0,0,4.197425
8/21/2007 11:00:00 PM,0,0,141.0113,90,0,0,0.07608627,0.07608627,0,-1,0,0.07608627,0,0,0,0,0,0.08009081,0.07608627,0,0,7.244307,4.105398,0,0.08009081,-0.08009081,7.043052,50.30742,0.04195736,0.08369489,0,0,4.105398
8/22/2007 12:00:00 AM,0,0,174.6041,90,0,0,0.2411843,0.2411843,0,-1,0,0.2411843,0,0,2.775558E-17,0,0,0.2538782,0.2411843,0,0,7.333296,4.025308,0,0.2538782,-0.2538782,6.775441,48.39591,0.04195736,0.2653027,0,0,4.025308
8/22/2007 1:00:00 AM,0,0,-147.7924,90,0,0,0.2073861,0.2073861,0,-1,0,0.2073861,0,0,2.775558E-17,0,0,0.2183011,0.2073861,0,0,7.615383,3.771429,0,0.2183011,-0.2183011,6.545331,46.75227,0.04195736,0.2281247,0,0,3.771429
8/22/2007 2:00:00 AM,0,0,-126.1825,90,0,0,0.1261717,0.1261717,0,-1,0,0.1261717,0,0,2.775558E-17,0,0,0.1328123,0.1261717,0,0,7.85794,3.553128,0,0.1328123,-0.1328123,6.405335,45.7523,0.04195736,0.1387889,0,0,3.553128
8/22/2007 3:00:00 AM,0,0,-115.1234,90,0,0,0,0,0,-1,0,0,0,0,0,0,0,0,0,0,0,8.005509,3.420316,0,0,0,6.405335,45.7523,0.04195736,0,0,0,3.420316
8/22/2007 4:00:00 AM,0,0,-108.778,90,0,0,0.4770986,0.4770986,0,-1,0,0.4770986,0,0,1.110223E-16,0,0,0.502209,0.4770986,0,0,8.005509,3.420316,0,0.502209,-0.502209,5.87596,41.97106,0.04195736,0.5248085,0,0,3.420316
8/22/2007 5:00:00 AM,0,0,-104.716,90,0,0,0.1368366,0.1368366,0,0,0,0.1368366,0,0,2.775558E-17,0,0,0.1440385,0.1368366,0,0,8.563519,2.918107,0,0.1440385,-0.1440385,5.72413,40.88656,0.04195736,0.1505203,0,0,2.918107
8/22/2007 6:00:00 AM,0.008557544,0,-101.914,90,0,0,0.2370987,0.2370987,0,0,0,0.2370987,0,0,2.775558E-17,0,0,0.2495776,0.2370987,0,0,8.723562,2.774068,0,0.2495776,-0.2495776,5.461052,39.00744,0.04195736,0.2608086,0,0,2.774068
8/22/2007 7:00:00 AM,0.1027598,14.483,-99.90662,77.24152,0.1014231,0.455187,0.7888224,0.7888224,0,0,0,0.7888224,57.70462,0,0,0,0.455187,0.8303394,0.7888224,0,0,9.000871,2.524491,0,0.3751524,-0.3751524,5.065607,36.18283,0.04195736,0.8677046,0.3641496,0,2.979678
8/22/2007 8:00:00 AM,0.1533559,29.10858,-98.49511,62.60175,0.1523999,0.6839706,0.1371104,0.1371104,0,0,0,0.1371104,498.8468,0,0,0,0.6839706,0.1443267,0.1371104,0,0,9.417706,2.149338,0.5396439,0,0.5396439,5.577558,39.83962,0.04194478,0.1508214,0.5471765,0,2.833309
8/22/2007 9:00:00 AM,0.3380542,43.77781,-97.67857,48.07634,0.3349858,1.503416,0,0,0,-1,0,0,0,0,0,0,1.503416,0,0,0,0,8.878062,2.635018,1.503416,0,1.503416,7.003824,50.02721,0.04190977,0,1.202733,0,4.138434
8/22/2007 10:00:00 AM,0.2642907,58.46132,-97.80315,33.84259,0.2628606,1.179718,1.351697,1.351697,0,0,0,1.351697,87.27684,0,2.220446E-16,0,1.179718,1.422839,1.351697,0,0,7.374646,3.988092,0,0.2431206,-0.2431206,6.747553,48.19671,0.04190977,1.486867,0.9437748,0,5.167811
8/22/2007 11:00:00 AM,0.4336843,73.09822,-100.791,20.54517,0.4308569,1.933686,0.6672755,0.6672755,0,0,0,0.6672755,289.7882,0,0,0,1.933686,0.7023953,0.6672755,0,0,7.64478,3.744972,1.231291,0,1.231291,7.915658,56.5403,0.04188113,0.7340031,1.546949,0,5.678658
8/22/2007 12:00:00 PM,0.4163042,86.65179,-145.0129,11.92932,0.4138371,1.857301,1.026194,1.026194,0,0,0,1.026194,180.9893,0,0,0,1.857301,1.080204,1.026194,0,0,6.41349,4.853134,0.7770968,0,0.7770968,8.652876,61.80613,0.04186308,1.128813,1.485841,0,6.710434
8/22/2007 1:00:00 PM,0.1354728,76.88717,103.1767,17.4974,0.1347868,0.6049231,0.1589395,0.1589395,0,0,0,0.1589395,380.5998,0,0,0,0.6049231,0.1673047,0.1589395,0,0,5.636393,5.552521,0.4376185,0,0.4376185,9.068038,64.77157,0.04185292,0.1748334,0.4839385,0,6.157444
8/22/2007 2:00:00 PM,0.05117999,62.29606,98.13287,30.22457,0.05092398,0.2285468,1.244835,1.244835,0,-1,0,1.244835,18.3596,0,0,0,0.2285468,1.310353,1.244835,0,0,5.198774,5.946377,0,1.081806,-1.081806,7.927713,56.62641,0.04185292,1.369319,0.1828375,0,6.174924
8/22/2007 3:00:00 PM,0.1725416,47.61552,97.59122,44.31585,0.1716161,0.7702129,0.4758388,0.4758388,0,0,0,0.4758388,161.8643,0,0,0,0.7702129,0.5008829,0.4758388,0,0,6.400782,4.864571,0.26933,0,0.26933,8.183223,58.45147,0.04184667,0.5234227,0.6161703,0,5.634784
8/22/2007 4:00:00 PM,0.2487433,32.93948,98.21905,58.79001,0.2463657,1.105689,0,0,0,0,0,0,0,0,0,0,1.105689,0,0,0,0,6.131452,5.106968,1.105689,0,1.105689,9.232171,65.94395,0.04182104,0,0.8845515,0,6.212657
8/22/2007 5:00:00 PM,0.1893877,18.29972,99.48384,73.4091,0.1831972,0.8221891,1.547162,1.547162,0,0,0,1.547162,53.14176,0,2.220446E-16,0,0.8221891,1.628592,1.547162,0,0,5.025762,6.102088,0,0.8064025,-0.8064025,8.382149,59.87237,0.04182104,1.701878,0.6577513,0,6.924277
8/22/2007 6:00:00 PM,0.06099963,3.726887,101.3243,88.08403,0.03810091,0.1709969,1.033162,1.033162,0,0,0,1.033162,16.55083,0,2.220446E-16,0,0.1709969,1.087539,1.033162,0,0,5.921765,5.295686,0,0.9165422,-0.9165422,7.416028,52.97152,0.04182104,1.136478,0.1367975,0,5.466683
8/22/2007 7:00:00 PM,0,0,103.8873,90,0,0,1.990195,1.990195,0,-1,0,1.990195,0,0,2.220446E-16,0,0,2.094943,1.990195,0,0,6.940145,4.379144,0,2.094943,-2.094943,5.207765,37.19825,0.04182104,2.189215,0,0,4.379144
8/22/2007 8:00:00 PM,0,0,107.5524,90,0,0,0,0,0,-1,0,0,0,0,0,0,0,0,0,0,0,9.267859,2.284201,0,0,0,5.207765,37.19825,0.04182104,0,0,0,2.284201
8/22/2007 9:00:00 PM,0,0,113.1478,90,0,0,0.4725723,0.4725723,0,-1,0,0.4725723,0,0,5.551115E-17,0,0,0.4974445,0.4725723,0,0,9.267859,2.284201,0,0.4974445,-0.4974445,4.683413,33.45288,0.04182104,0.5198295,0,0,2.284201
8/22/2007 10:00:00 PM,0,0,122.596,90,0,0,0.5567764,0.5567764,0,-1,0,0.5567764,0,0,1.110223E-16,0,0,0.5860804,0.5567764,0,0,9.820575,1.786757,0,0.5860804,-0.5860804,4.065629,29.04015,0.04182104,0.6124541,0,0,1.786757
8/22/2007 11:00:00 PM,0,0,140.6221,90,0,0,0.2627913,0.2627913,0,-1,0,0.2627913,0,0,5.551115E-17,0,0,0.2766224,0.2627913,0,0,10.47178,1.200676,0,0.2766224,-0.2766224,3.774044,26.9574,0.04182104,0.2890704,0,0,1.200676
8/23/2007 12:00:00 AM,0,0,174.6835,90,0,0,0.3744238,0.3744238,0,-1,0,0.3744238,0,0,5.551115E-17,0,0,0.3941303,0.3744238,0,0,10.77913,0.9240538,0,0.3941303,-0.3941303,3.358594,23.98991,0.04182104,0.4118662,0,0,0.9240538
8/23/2007 1:00:00 AM,0,0,-147.2062,90,0,0,0.2380803,0.2380803,0,-1,0,0.2380803,0,0,2.775558E-17,0,0,0.2506108,0.2380803,0,0,11.21706,0.5299234,0,0.2506108,-0.2506108,3.094427,22.10301,0.04182104,0.2618883,0,0,0.5299234
8/23/2007 2:00:00 AM,0,0,-125.6166,90,0,0,0.4251494,0.265347,0,-1,0,0.265347,0,0,0.1598024,0.2023173,0,0.2793126,0.265347,0,0,11.49551,0.2793126,0,0.2793126,-0.2793126,2.800006,20,0.04182104,0.4676643,0,0,0.2793126
8/23/2007 3:00:00 AM,0,0,-114.6544,90,0,0,0.2476744,0,0,-1,0,0,0,0,0.2476744,0.2724419,0,0,0,0,0,11.80586,0,0,0,0,2.800006,20,0.04182104,0.2724419,0,0,0
8/23/2007 4:00:00 AM,0,0,-108.375,90,0,0,0.3789562,0,0,-1,0,0,0,0,0.3789562,0.4168518,0,0,0,0,0,11.80586,0,0,0,0,2.800006,20,0.04182104,0.4168518,0,0,0
8/23/2007 5:00:00 AM,0,0,-104.3484,90,0,0,0.07875048,0.07875048,3.584014,0,1.143436,0.07875048,0,4.440892E-16,0,0,0,0,0,3.505263,3.33,11.80586,0,3.33,0,3.33,5.959121,42.56506,0.04213557,0.08662554,0,5,0
8/23/2007 6:00:00 AM,0.023866,0,-101.5577,90,0,0,0.421581,0.421581,3.926844,0,1.237028,0.421581,0,4.440892E-16,0,0,0,0,0,3.505263,3.33,8.475861,2.997,3.33,0,3.33,9.118237,65.13013,0.04250636,0.4637391,0,5,2.997
8/23/2007 7:00:00 AM,0.2071709,14.50456,-99.53922,77.1638,0.1895431,0.8506693,0.2986605,0.2986605,3.803924,0,1.203471,0.2986605,284.8282,0,0,0,0.8506693,0,0,3.505263,3.33,5.14586,5.994,4.180669,0,4.180669,13.08437,93.45958,0.04283516,0.3285266,0.6805354,5,6.844669
8/23/2007 8:00:00 AM,0.440692,29.14558,-98.08938,62.50328,0.42125,1.89057,1.201746,1.201746,0,0,0,1.201746,157.3185,0,0,0,1.89057,1.264996,1.201746,0,0,0.9651909,9.756602,0.6255735,0,0.6255735,13.67784,97.69865,0.04282041,1.321921,1.512456,0,11.64717
8/23/2007 9:00:00 AM,0.7046387,43.83031,-97.19021,47.95119,0.6835852,3.06793,0.061224,0.061224,0,-1,0,0.061224,5010.993,2.663867,0,0,3.06793,0.06444632,0.061224,0,0,0.3396175,10.31962,0.3396175,0,0.3396175,14.00003,100,0.04281241,0.0673464,2.454345,0,13.38755
8/23/2007 10:00:00 AM,0.9003649,58.53252,-97.13496,33.67643,0.8805072,3.951716,0,0,0,0,0,0,0,3.951716,0,0,3.951716,0,0,0,0,0,10.62527,0,0,0,14.00003,100,0.04281241,0,3.161373,0,14.57699
8/23/2007 11:00:00 AM,0.8689235,73.20283,-99.61573,20.30055,0.8541277,3.833325,0.6090946,0.6090946,0,0,0,0.6090946,629.348,3.192173,0,0,3.833325,0.6411523,0.6090946,0,0,0,10.62527,0,0,0,14.00003,100,0.04281241,0.6700041,3.06666,0,14.4586
8/23/2007 12:00:00 PM,1.067923,86.96979,-142.1182,11.57298,1.049771,4.711372,1.943449,1.943449,0,0,0,1.943449,242.4232,2.665636,0,0,4.711372,2.045736,1.943449,0,0,0,10.62527,0,0,0,14.00003,100,0.04281241,2.137794,3.769098,0,15.33665
8/23/2007 1:00:00 PM,1.043789,76.88798,101.6059,17.31405,1.025257,4.601354,0,0,0,0,0,0,0,4.601354,0,0,4.601354,0,0,0,0,0,10.62527,0,0,0,14.00003,100,0.04281241,0,3.681083,0,15.22663
8/23/2007 2:00:00 PM,0.8216342,62.2509,97.37312,30.15818,0.8054581,3.614896,0,0,0,-1,0,0,0,3.614896,0,0,3.614896,0,0,0,0,0,10.62527,0,0,0,14.00003,100,0.04281241,0,2.891917,0,14.24017
8/23/2007 3:00:00 PM,0.4113732,47.54963,97.07204,44.30202,0.4069336,1.826318,0,0,0,0,0,0,0,1.826318,0,0,1.826318,0,0,0,0,0,10.62527,0,0,0,14.00003,100,0.04281241,0,1.461054,0,12.45159
8/23/2007 4:00:00 PM,0.3728234,32.85787,97.80592,58.80722,0.3638337,1.632885,0.5308833,0.5308833,0,0,0,0.5308833,307.579,1.074061,0,0,1.632885,0.5588245,0.5308833,0,0,0,10.62527,0,0,0,14.00003,100,0.04281241,0.5839717,1.306308,0,12.25816
8/23/2007 5:00:00 PM,0.1236362,18.20326,99.12263,73.44884,0.1223994,0.5493284,0.2253802,0.2253802,0,0,0,0.2253802,243.7341,0.3120861,0,0,0.5493284,0.2372424,0.2253802,0,0,0,10.62527,0,0,0,14.00003,100,0.04281241,0.2479183,0.4394628,0,11.1746
8/23/2007 6:00:00 PM,0.04428608,3.614542,100.9854,88.14292,0.03629298,0.1628829,3.071637,3.071637,1.25,0,0.50625,3.071637,5.302803,0,0,0,0.1628829,1.917513,1.821638,0,0,0,10.62527,0,1.75463,-1.75463,12.15049,86.78901,0.04281241,3.378801,0.1303063,5,10.78816
8/23/2007 7:00:00 PM,0,0,103.5499,90,0,0,1.864745,1.864745,0,-1,0,1.864745,0,0,2.220446E-16,0,0,1.962889,1.864745,0,0,1.949589,8.870644,0,1.962889,-1.962889,10.08142,72.00999,0.04281241,2.051219,0,0,8.870644
8/23/2007 8:00:00 PM,0,0,107.1979,90,0,0,1.885349,1.885349,0,-1,0,1.885349,0,0,2.220446E-16,0,0,1.984578,1.885349,0,0,4.130577,6.907755,0,1.984578,-1.984578,7.98949,57.06767,0.04281241,2.073884,0,0,6.907755
8/23/2007 9:00:00 PM,0,0,112.7578,90,0,0,1.659196,1.659196,0,-1,0,1.659196,0,0,2.220446E-16,0,0,1.746523,1.659196,0,0,6.335664,4.923177,0,1.746523,-1.746523,6.148493,43.91772,0.04281241,1.825116,0,0,4.923177
8/23/2007 10:00:00 PM,0,0,122.1613,90,0,0,0.1940548,0.1940548,0,-1,0,0.1940548,0,0,2.775558E-17,0,0,0.2042682,0.1940548,0,0,8.276244,3.176654,0,0.2042682,-0.2042682,5.933176,42.37974,0.04281241,0.2134602,0,0,3.176654
8/23/2007 11:00:00 PM,0,0,140.2235,90,0,0,0,0,0,-1,0,0,0,0,0,0,0,0,0,0,0,8.503209,2.972386,0,0,0,5.933176,42.37974,0.04281241,0,0,0,2.972386
8/24/2007 12:00:00 AM,0,0,174.7713,90,0,0,0,0,0,-1,0,0,0,0,0,0,0,0,0,0,0,8.503209,2.972386,0,0,0,5.933176,42.37974,0.04281241,0,0,0,2.972386
8/24/2007 1:00:00 AM,0,0,-146.5987,90,0,0,0.1908556,0.1908556,0,-1,0,0.1908556,0,0,2.775558E-17,0,0,0.2009006,0.1908556,0,0,8.503209,2.972386,0,0.2009006,-0.2009006,5.721408,40.86712,0.04281241,0.2099411,0,0,2.972386
8/24/2007 2:00:00 AM,0,0,-125.0391,90,0,0,0.4122132,0.4122132,0,-1,0,0.4122132,0,0,0,0,0,0.4339087,0.4122132,0,0,8.726432,2.771485,0,0.4339087,-0.4339087,5.264028,37.60012,0.04281241,0.4534346,0,0,2.771485
8/24/2007 3:00:00 AM,0,0,-114.1788,90,0,0,0.2710155,0.2710155,0,-1,0,0.2710155,0,0,0,0,0,0.2852795,0.2710155,0,0,9.208552,2.337577,0,0.2852795,-0.2852795,4.963317,35.45219,0.04281241,0.298117,0,0,2.337577
8/24/2007 4:00:00 AM,0,0,-107.9672,90,0,0,0.3260058,0.3260058,0,-1,0,0.3260058,0,0,5.551115E-17,0,0,0.343164,0.3260058,0,0,9.52553,2.052297,0,0.343164,-0.343164,4.60159,32.86843,0.04281241,0.3586064,0,0,2.052297
8/24/2007 5:00:00 AM,0,0,-103.9768,90,0,0,0.1079205,0.1079205,0,0,0,0.1079205,0,0,1.387779E-17,0,0,0.1136005,0.1079205,0,0,9.906823,1.709133,0,0.1136005,-0.1136005,4.481845,32.01311,0.04281241,0.1187126,0,0,1.709133
8/24/2007 6:00:00 AM,0.0005332855,0,-101.1977,90,0,0,0.5110183,0.5110183,0,0,0,0.5110183,0,0,0,0,0,0.537914,0.5110183,0,0,10.03305,1.595533,0,0.537914,-0.537914,3.914834,27.96304,0.04281241,0.5621201,0,0,1.595533
8/24/2007 7:00:00 AM,0.03155366,14.52743,-99.16805,77.08412,0.03136853,0.140782,0.1440985,0.1440985,0,0,0,0.1440985,97.69845,0,2.775558E-17,0,0.140782,0.1516826,0.1440985,0,0,10.63073,1.057619,0,0.01090063,-0.01090063,3.903343,27.88097,0.04281241,0.1585083,0.1126256,0,1.198401
8/24/2007 8:00:00 AM,0.05593963,29.18339,-97.67933,62.40326,0.05564402,0.2497304,0.2626368,0.2626368,0,0,0,0.2626368,95.08581,5.551115E-17,0,0,0.2497304,0.2764598,0.2626368,0,0,10.64284,1.046718,0,0.02672948,-0.02672948,3.875168,27.67972,0.04281241,0.2889006,0.1997843,0,1.296449
8/24/2007 9:00:00 AM,0.1273328,43.8829,-96.69623,47.82494,0.1266629,0.568463,0.5086237,0.5086237,0,-1,0,0.5086237,111.7649,0,0,0,0.568463,0.5353934,0.5086237,0,0,10.67254,1.019989,0.03306958,0,0.03306958,3.906541,27.90381,0.04281163,0.5594861,0.4547704,0,1.588452
8/24/2007 10:00:00 AM,0.09986289,58.60258,-96.45771,33.5097,0.09935735,0.4459158,0.771957,0.771957,0,0,0,0.771957,57.76433,0,0,0,0.4459158,0.8125863,0.771957,0,0,10.63947,1.049751,0,0.3666705,-0.3666705,3.520036,25.14306,0.04281163,0.8491527,0.3567326,0,1.495667
8/24/2007 11:00:00 AM,0.06364645,73.30328,-98.41574,20.0554,0.06332893,0.2842202,0,0,0,0,0,0,0,0,0,0,0.2842202,0,0,0,0,11.04688,0.6830807,0.2842202,0,0.2842202,3.789671,27.06902,0.04280493,0,0.2273762,0,0.967301
8/24/2007 12:00:00 PM,0.141385,87.2823,-138.5457,11.21294,0.1406728,0.6313397,0,0,0,0,0,0,0,0,0,0,0.6313397,0,0,0,0,10.76266,0.938879,0.6313397,0,0.6313397,4.388612,31.34717,0.04279006,0,0.5050718,0,1.570219
8/24/2007 1:00:00 PM,0.3886949,76.87746,100.02,17.13562,0.3864893,1.734564,0.5135587,0.5135587,0,0,0,0.5135587,337.7538,0,0,0,1.734564,0.5405881,0.5135587,0,0,10.13132,1.507085,1.193976,0,1.193976,5.521317,39.4379,0.04276197,0.5649145,1.387651,0,3.241649
8/24/2007 2:00:00 PM,0.2746692,62.19941,96.6084,30.0965,0.2732093,1.226164,0.5981976,0.5981976,0,-1,0,0.5981976,204.9763,0,0,0,1.226164,0.6296817,0.5981976,0,0,8.937346,2.581663,0.5964817,0,0.5964817,6.08719,43.47984,0.04274795,0.6580174,0.9809307,0,3.807827
8/24/2007 3:00:00 PM,0.1516227,47.47903,96.54929,44.29203,0.1508245,0.6769003,2.276971,2.276971,0,0,0,2.276971,29.7281,0,4.440892E-16,0,0.6769003,2.396812,2.276971,0,0,8.340864,3.118497,0,1.719912,-1.719912,4.274243,30.53025,0.04274795,2.504668,0.5415202,0,3.795397
8/24/2007 4:00:00 PM,0.1183032,32.77241,97.38974,58.82764,0.1176473,0.5280013,0.923928,0.923928,0,0,0,0.923928,57.14745,0,0,0,0.5280013,0.9725558,0.923928,0,0,10.25188,1.398585,0,0.4445545,-0.4445545,3.805642,27.1831,0.04274795,1.016321,0.422401,0,1.926586
8/24/2007 5:00:00 PM,0.1329947,18.1035,98.75854,73.49132,0.1314307,0.5898611,0.5473042,0.5473042,0,0,0,0.5473042,107.7757,0,0,0,0.5898611,0.5761096,0.5473042,0,0,10.74583,0.9540305,0.01375145,0,0.01375145,3.818688,27.27629,0.04274763,0.6020346,0.4718889,0,1.543892
8/24/2007 6:00:00 PM,0.04713479,3.49931,100.6436,88.20415,0.03624974,0.1626889,2.273469,2.273469,1.25,0,0.50625,2.273469,7.155973,0,4.440892E-16,0,0.1626889,1.077336,1.023469,0,0,10.73207,0.9664068,0,0.9146472,-0.9146472,2.854565,20.38971,0.04274763,2.500816,0.1301511,5,1.129096
8/24/2007 7:00:00 PM,0,0,103.2094,90,0,0,0.4837836,0.04917154,0,-1,0,0.04917154,0,0,0.434612,0.4829904,0,0.05175952,0.04917154,0,0,11.74835,0.05175952,0,0.05175952,-0.05175952,2.800006,20,0.04274763,0.532162,0,0,0.05175952
8/24/2007 8:00:00 PM,0,0,106.8397,90,0,0,0.8720361,0,0,-1,0,0,0,0,0.8720361,0.9592397,0,0,0,0,0,11.80586,0,0,0,0,2.800006,20,0.04274763,0.9592397,0,0,0
8/24/2007 9:00:00 PM,0,0,112.3629,90,0,0,1.421406,0,0,-1,0,0,0,0,1.421406,1.563546,0,0,0,0,0,11.80586,0,0,0,0,2.800006,20,0.04274763,1.563546,0,0,0
8/24/2007 10:00:00 PM,0,0,121.7192,90,0,0,0,0,0,-1,0,0,0,0,0,0,0,0,0,0,0,11.80586,0,0,0,0,2.800006,20,0.04274763,0,0,0,0
8/24/2007 11:00:00 PM,0,0,139.8153,90,0,0,0.1953203,0,0,-1,0,0,0,0,0.1953203,0.2148523,0,0,0,0,0,11.80586,0,0,0,0,2.800006,20,0.04274763,0.2148523,0,0,0
8/25/2007 12:00:00 AM,0,0,174.8679,90,0,0,0.5542825,0,0,-1,0,0,0,0,0.5542825,0.6097108,0,0,0,0,0,11.80586,0,0,0,0,2.800006,20,0.04274763,0.6097108,0,0,0
8/25/2007 1:00:00 AM,0,0,-145.9696,90,0,0,0.07202365,0,0,-1,0,0,0,0,0.07202365,0.07922601,0,0,0,0,0,11.80586,0,0,0,0,2.800006,20,0.04274763,0.07922601,0,0,0
8/25/2007 2:00:00 AM,0,0,-124.4503,90,0,0,0.3523202,0,0,-1,0,0,0,0,0.3523202,0.3875522,0,0,0,0,0,11.80586,0,0,0,0,2.800006,20,0.04274763,0.3875522,0,0,0
8/25/2007 3:00:00 AM,0,0,-113.6966,90,0,0,0.182043,0,0,-1,0,0,0,0,0.182043,0.2002473,0,0,0,0,0,11.80586,0,0,0,0,2.800006,20,0.04274763,0.2002473,0,0,0
8/25/2007 4:00:00 AM,0,0,-107.5547,90,0,0,0.1215342,0,0,-1,0,0,0,0,0.1215342,0.1336876,0,0,0,0,0,11.80586,0,0,0,0,2.800006,20,0.04274763,0.1336876,0,0,0
8/25/2007 5:00:00 AM,0,0,-103.6013,90,0,0,0.09735225,0.09735225,3.602615,0,1.148514,0.09735225,0,0,0,0,0,0,0,3.505263,3.33,11.80586,0,3.33,0,3.33,5.959121,42.56506,0.04306106,0.1070875,0,5,0
8/25/2007 6:00:00 AM,0.002688301,0,-100.8341,90,0,0,0,0,3.505263,0,1.121937,0,0,0,0,0,0,0,0,3.505263,3.33,8.475861,2.997,3.33,0,3.33,9.118237,65.13013,0.04335717,0,0,5,2.997
8/25/2007 7:00:00 AM,0.008575377,14.55157,-98.79317,77.00256,0.008531052,0.03828736,0.7199455,0.7199455,4.225209,0,1.318482,0.7199455,5.318091,0,0,0,0.03828736,0,0,3.505263,3.33,5.14586,5.994,3.368287,0,3.368287,12.31367,87.95464,0.04377066,0.7919401,0.03062989,5,6.032287
8/25/2007 8:00:00 AM,0.08567233,29.22192,-97.26505,62.30178,0.0852042,0.3823965,1.161921,1.161921,0,0,0,1.161921,32.91072,0,0,0,0.3823965,1.223074,1.161921,0,0,1.777573,9.025458,0,0.840678,-0.840678,11.42752,81.62499,0.04377066,1.278113,0.3059172,0,9.407855
8/25/2007 9:00:00 AM,0.07868908,43.93547,-96.19675,47.69773,0.07828662,0.3513503,1.146955,1.146955,0,-1,0,1.146955,30.63331,0,2.220446E-16,0,0.3513503,1.207321,1.146955,0,0,2.711659,8.184781,0,0.8559708,-0.8559708,10.52525,75.18021,0.04377066,1.261651,0.2810803,0,8.536131
8/25/2007 10:00:00 AM,0.2446422,58.67132,-95.77156,33.3426,0.2433547,1.092176,0.6713135,0.6713135,0,0,0,0.6713135,162.6924,0,0,0,1.092176,0.7066458,0.6713135,0,0,3.662738,7.32881,0.3855301,0,0.3855301,10.891,77.79267,0.04376144,0.7384449,0.8737407,0,8.420986
8/25/2007 11:00:00 AM,0.2048788,73.39922,-97.19135,19.80999,0.2038333,0.9148037,1.423191,1.423191,0,0,0,1.423191,64.27837,0,2.220446E-16,0,0.9148037,1.498095,1.423191,0,0,3.277208,7.675787,0,0.5832917,-0.5832917,10.27615,73.40094,0.04376144,1.56551,0.7318429,0,8.59059
8/25/2007 12:00:00 PM,0.06123765,87.58543,-134.0495,10.84933,0.06093298,0.2734672,0,0,0,0,0,0,0,0,0,0,0.2734672,0,0,0,0,3.92531,7.092495,0.2734672,0,0.2734672,10.53559,75.25404,0.0437549,0,0.2187738,0,7.365963
8/25/2007 1:00:00 PM,0.1891775,76.85538,98.42239,16.96251,0.1882169,0.8447174,0.3028668,0.3028668,0,0,0,0.3028668,278.9072,0,0,0,0.8447174,0.3188071,0.3028668,0,0,3.651843,7.338616,0.5259102,0,0.5259102,11.03451,78.81776,0.04374233,0.3331535,0.6757739,0,8.183333
8/25/2007 2:00:00 PM,0.2235084,62.14154,95.83932,30.03966,0.2223476,0.9978962,0.5285915,0.5285915,0,-1,0,0.5285915,188.784,0,0,0,0.9978962,0.556412,0.5285915,0,0,3.125932,7.811935,0.4414841,0,0.4414841,11.45334,81.80939,0.04373178,0.5814506,0.798317,0,8.809831
8/25/2007 3:00:00 PM,0.112596,47.40374,96.02324,44.28591,0.1120155,0.5027256,0.9619735,0.9619735,0,0,0,0.9619735,52.25982,0,1.110223E-16,0,0.5027256,1.012604,0.9619735,0,0,2.684448,8.20927,0,0.5098782,-0.5098782,10.91588,77.9704,0.04373178,1.058171,0.4021805,0,8.711996
8/25/2007 4:00:00 PM,0.1914701,32.68312,96.97067,58.85127,0.1902582,0.853879,0.7318097,0.7318097,0,0,0,0.7318097,116.6805,0,0,0,0.853879,0.7703261,0.7318097,0,0,3.25098,7.699392,0.08355291,0,0.08355291,10.99514,78.53658,0.04372979,0.8049907,0.6831032,0,8.553271
8/25/2007 5:00:00 PM,0.141697,18.00049,98.39171,73.53651,0.1397497,0.6271968,0.8273615,0.8273615,0,0,0,0.8273615,75.80686,0,1.110223E-16,0,0.6271968,0.8709069,0.8273615,0,0,3.167427,7.77459,0,0.2437101,-0.2437101,10.73825,76.70163,0.04372979,0.9100977,0.5017574,0,8.401787
8/25/2007 6:00:00 PM,0.05116541,3.381258,100.299,88.26765,0.03576938,0.160533,0,0,0,0,0,0,0,0,0,0,0.160533,0,0,0,0,3.438216,7.53088,0.160533,0,0.160533,10.89054,77.78945,0.04372595,0,0.1284264,0,7.691413
8/25/2007 7:00:00 PM,0,0,102.8657,90,0,0,0.4073083,0.4073083,0,-1,0,0.4073083,0,0,5.551115E-17,0,0,0.4287456,0.4073083,0,0,3.277683,7.67536,0,0.4287456,-0.4287456,10.43861,74.56133,0.04372595,0.4480392,0,0,7.67536
8/25/2007 8:00:00 PM,0,0,106.4777,90,0,0,1.121198,1.121198,0,-1,0,1.121198,0,0,0,0,0,1.180208,1.121198,0,0,3.754067,7.246614,0,1.180208,-1.180208,9.194559,65.67529,0.04372595,1.233318,0,0,7.246614
8/25/2007 9:00:00 PM,0,0,111.9628,90,0,0,1.878217,1.878217,0,-1,0,1.878217,0,0,2.220446E-16,0,0,1.97707,1.878217,0,0,5.065409,6.066406,0,1.97707,-1.97707,7.110544,50.7895,0.04372595,2.066038,0,0,6.066406
8/25/2007 10:00:00 PM,0,0,121.2695,90,0,0,0.4082094,0.4082094,0,-1,0,0.4082094,0,0,5.551115E-17,0,0,0.4296941,0.4082094,0,0,7.262154,4.089336,0,0.4296941,-0.4296941,6.657607,47.55424,0.04372595,0.4490303,0,0,4.089336
8/25/2007 11:00:00 PM,0,0,139.3969,90,0,0,0.2268549,0.2268549,0,-1,0,0.2268549,0,0,2.775558E-17,0,0,0.2387946,0.2268549,0,0,7.739592,3.659642,0,0.2387946,-0.2387946,6.405895,45.7563,0.04372595,0.2495404,0,0,3.659642
8/26/2007 12:00:00 AM,0,0,174.9736,90,0,0,0,0,0,-1,0,0,0,0,0,0,0,0,0,0,0,8.004919,3.420847,0,0,0,6.405895,45.7563,0.04372595,0,0,0,3.420847
8/26/2007 1:00:00 AM,0,0,-145.3184,90,0,0,0.09354156,0.09354156,0,-1,0,0.09354156,0,0,1.387779E-17,0,0,0.09846481,0.09354156,0,0,8.004919,3.420847,0,0.09846481,-0.09846481,6.302104,45.01494,0.04372595,0.1028957,0,0,3.420847
8/26/2007 2:00:00 AM,0,0,-123.8502,90,0,0,0.07504136,0.07504136,0,-1,0,0.07504136,0,0,1.387779E-17,0,0,0.07899091,0.07504136,0,0,8.114325,3.322382,0,0.07899091,-0.07899091,6.21884,44.4202,0.04372595,0.0825455,0,0,3.322382
8/26/2007 3:00:00 AM,0,0,-113.2081,90,0,0,0.2885903,0.2885903,0,-1,0,0.2885903,0,0,5.551115E-17,0,0,0.3037793,0.2885903,0,0,8.202092,3.243391,0,0.3037793,-0.3037793,5.898629,42.13298,0.04372595,0.3174493,0,0,3.243391
8/26/2007 4:00:00 AM,0,0,-107.1378,90,0,0,0.1456106,0.1456106,0,-1,0,0.1456106,0,0,0,0,0,0.1532743,0.1456106,0,0,8.539624,2.939612,0,0.1532743,-0.1532743,5.737063,40.97894,0.04372595,0.1601717,0,0,2.939612
8/26/2007 5:00:00 AM,0,0,-103.2222,90,0,0,0.01521175,0.01521175,0,0,0,0.01521175,0,0,1.734723E-18,0,0,0.01601237,0.01521175,0,0,8.709929,2.786338,0,0.01601237,-0.01601237,5.720185,40.85838,0.04372595,0.01673293,0,0,2.786338
8/26/2007 6:00:00 AM,0.02795985,0,-100.467,90,0,0,0.2270873,0.2270873,0,0,0,0.2270873,0,0,2.775558E-17,0,0,0.2390393,0.2270873,0,0,8.727721,2.770325,0,0.2390393,-0.2390393,5.468215,39.05861,0.04372595,0.249796,0,0,2.770325
8/26/2007 7:00:00 AM,0.2026727,14.5769,-98.41472,76.91919,0.1880146,0.8438097,0,0,0,0,0,0,0,0,0,0,0.8438097,0,0,0,0,8.99332,2.531286,0.8438097,0,0.8438097,6.268723,44.77651,0.04370581,0,0.6750478,0,3.375096
8/26/2007 8:00:00 AM,0.3094179,29.2611,-96.84666,62.19894,0.3032232,1.360866,0,0,0,0,0,0,0,0,0,0,1.360866,0,0,0,0,8.14951,3.290715,1.360866,0,1.360866,7.559754,53.99814,0.04367337,0,1.088693,0,4.651581
8/26/2007 9:00:00 AM,0.5270792,43.98789,-95.69188,47.56969,0.5171093,2.320786,0.2700241,0.2700241,0,-1,0,0.2700241,859.4739,0,0,0,2.320786,0.2842359,0.2700241,0,0,6.788644,4.515494,2.036551,0,2.036551,9.491796,67.79841,0.04362492,0.2970265,1.856629,0,6.836281
8/26/2007 10:00:00 AM,0.7160107,58.73855,-95.07666,33.1753,0.7044957,3.161777,0.937409,0.937409,0,0,0,0.937409,337.2889,0,0,0,3.161777,0.9867463,0.937409,0,0,4.752094,6.34839,2.17503,0,2.17503,11.55521,82.53706,0.04357328,1.03115,2.529421,0,9.510166
8/26/2007 11:00:00 AM,0.763105,73.49025,-95.94299,19.56463,0.7535363,3.381871,1.734372,1.734372,0,0,0,1.734372,194.9911,0,0,0,3.381871,1.825654,1.734372,0,0,2.577063,8.305917,1.556217,0,1.556217,13.03157,93.08244,0.04353642,1.907809,2.705497,0,11.68779
8/26/2007 12:00:00 PM,0.8719919,87.87321,-128.2803,10.48225,0.8607507,3.863049,0,0,0,0,0,0,0,2.842202,0,0,3.863049,0,0,0,0,1.020847,9.706512,1.020847,0,1.020847,14.00003,100,0.04351226,0,3.090439,0,13.56956
8/26/2007 1:00:00 PM,1.060537,76.82155,96.81667,16.79515,1.044691,4.688572,0,0,0,0,0,0,0,4.688572,0,0,4.688572,0,0,0,0,0,10.62527,0,0,0,14.00003,100,0.04351226,0,3.750858,0,15.31385
8/26/2007 2:00:00 PM,1.010778,62.07726,95.06654,29.98779,0.9927377,4.455407,0.1256556,0.1256556,0,-1,0,0.1256556,3545.729,4.323138,0,0,4.455407,0.1322691,0.1256556,0,0,0,10.62527,0,0,0,14.00003,100,0.04351226,0.1382212,3.564326,0,15.08068
8/26/2007 3:00:00 PM,0.8171363,47.32375,95.49419,44.28371,0.7975385,3.579353,0.5879032,0.5879032,0,0,0,0.5879032,608.8337,2.960507,0,0,3.579353,0.6188455,0.5879032,0,0,0,10.62527,0,0,0,14.00003,100,0.04351226,0.6466935,2.863482,0,14.20463
8/26/2007 4:00:00 PM,0.5898101,32.59003,96.54891,58.87811,0.5677748,2.548173,1.401512,1.401512,0,0,0,1.401512,181.8161,1.072898,0,0,2.548173,1.475275,1.401512,0,0,0,10.62527,0,0,0,14.00003,100,0.04351226,1.541663,2.038539,0,13.17345
8/26/2007 5:00:00 PM,0.2546669,17.89429,98.02226,73.58437,0.2392394,1.073706,0.1411713,0.1411713,0,0,0,0.1411713,760.5701,0.9251051,0,0,1.073706,0.1486013,0.1411713,0,0,0,10.62527,0,0,0,14.00003,100,0.04351226,0.1552884,0.8589652,0,11.69898
8/26/2007 6:00:00 PM,0.05987829,3.260458,99.95173,88.3334,0.03511438,0.1575933,2.212844,2.212844,0,0,0,2.212844,7.121757,0,0,0,0.1575933,2.329309,2.212844,0,0,0,10.62527,0,2.171716,-2.171716,11.71084,83.64868,0.04351226,2.434128,0.1260747,0,10.78287
8/26/2007 7:00:00 PM,0,0,102.519,90,0,0,0.1850865,0.1850865,0,-1,0,0.1850865,0,0,0,0,0,0.1948279,0.1850865,0,0,2.413018,8.453558,0,0.1948279,-0.1948279,11.50547,82.18178,0.04351226,0.2035952,0,0,8.453558
8/26/2007 8:00:00 PM,0,0,106.112,90,0,0,0.3127154,0.3127154,0,-1,0,0.3127154,0,0,5.551115E-17,0,0,0.329174,0.3127154,0,0,2.629493,8.258731,0,0.329174,-0.329174,11.15849,79.70335,0.04351226,0.3439869,0,0,8.258731
8/26/2007 9:00:00 PM,0,0,111.5578,90,0,0,0.2652963,0.2652963,0,-1,0,0.2652963,0,0,0,0,0,0.2792593,0.2652963,0,0,2.995242,7.929556,0,0.2792593,-0.2792593,10.86413,77.60075,0.04351226,0.291826,0,0,7.929556
8/26/2007 10:00:00 PM,0,0,120.8122,90,0,0,0.3670235,0.3670235,0,-1,0,0.3670235,0,0,5.551115E-17,0,0,0.3863405,0.3670235,0,0,3.30553,7.650297,0,0.3863405,-0.3863405,10.45689,74.69191,0.04351226,0.4037258,0,0,7.650297
8/26/2007 11:00:00 PM,0,0,138.9679,90,0,0,0.1931834,0.1931834,0,-1,0,0.1931834,0,0,2.775558E-17,0,0,0.2033509,0.1931834,0,0,3.734797,7.263957,0,0.2033509,-0.2033509,10.24254,73.16084,0.04351226,0.2125017,0,0,7.263957
8/27/2007 12:00:00 AM,0,0,175.0889,90,0,0,0.1369915,0.1369915,0,-1,0,0.1369915,0,0,0,0,0,0.1442015,0.1369915,0,0,3.960743,7.060606,0,0.1442015,-0.1442015,10.09054,72.07511,0.04351226,0.1506906,0,0,7.060606
8/27/2007 1:00:00 AM,0,0,-144.6446,90,0,0,0.114498,0.114498,0,-1,0,0.114498,0,0,1.387779E-17,0,0,0.1205242,0.114498,0,0,4.120967,6.916404,0,0.1205242,-0.1205242,9.963492,71.16766,0.04351226,0.1259478,0,0,6.916404
8/27/2007 2:00:00 AM,0,0,-123.239,90,0,0,0.1778755,0.1778755,0,-1,0,0.1778755,0,0,2.775558E-17,0,0,0.1872374,0.1778755,0,0,4.254882,6.79588,0,0.1872374,-0.1872374,9.766127,69.7579,0.04351226,0.1956631,0,0,6.79588
8/27/2007 3:00:00 AM,0,0,-112.7135,90,0,0,0.4520258,0.4520258,0,-1,0,0.4520258,0,0,5.551115E-17,0,0,0.4758167,0.4520258,0,0,4.462924,6.608643,0,0.4758167,-0.4758167,9.264572,66.17538,0.04351226,0.4972284,0,0,6.608643
8/27/2007 4:00:00 AM,0,0,-106.7166,90,0,0,0.3069631,0.3069631,0,-1,0,0.3069631,0,0,5.551115E-17,0,0,0.323119,0.3069631,0,0,4.991609,6.132826,0,0.323119,-0.323119,8.923974,63.74255,0.04351226,0.3376594,0,0,6.132826
8/27/2007 5:00:00 AM,0,0,-102.8394,90,0,0,0.004321173,0.004321173,0,0,0,0.004321173,0,0,8.673617E-19,0,0,0.004548603,0.004321173,0,0,5.35063,5.809707,0,0.004548603,-0.004548603,8.91918,63.7083,0.04351226,0.00475329,0,0,5.809707
8/27/2007 6:00:00 AM,0.01417904,0,-100.0966,90,0,0,0.2635413,0.2635413,0,0,0,0.2635413,0,0,0,0,0,0.2774119,0.2635413,0,0,5.355684,5.805158,0,0.2774119,-0.2774119,8.626761,61.61961,0.04351226,0.2898954,0,0,5.805158
8/27/2007 7:00:00 AM,0.1748215,14.60337,-98.0328,76.83409,0.166048,0.7452235,0.6353008,0.6353008,0,0,0,0.6353008,117.3025,0,0,0,0.7452235,0.6687376,0.6353008,0,0,5.66392,5.527746,0.07648583,0,0.07648583,8.699323,62.13789,0.04351046,0.6988308,0.5961788,0,6.27297
8/27/2007 8:00:00 AM,0.3009295,29.30083,-96.42428,62.09486,0.2955406,1.326386,0,0,0,0,0,0,0,0,0,0,1.326386,0,0,0,0,5.587434,5.596584,1.326386,0,1.326386,9.957643,71.12588,0.04347912,0,1.061109,0,6.92297
8/27/2007 9:00:00 AM,0.3405837,44.04005,-95.18176,47.44097,0.3378635,1.516332,0.3482405,0.3482405,0,-1,0,0.3482405,435.4266,0,0,0,1.516332,0.3665689,0.3482405,0,0,4.261048,6.790331,1.149763,0,1.149763,11.0484,78.91701,0.04345199,0.3830645,1.213065,0,8.306663
8/27/2007 10:00:00 AM,0.5029395,58.80409,-94.3732,33.00799,0.4984915,2.23723,0.01871706,0.01871706,0,0,0,0.01871706,11952.89,0,0,0,2.23723,0.01970217,0.01871706,0,0,3.111285,7.825118,2.217528,0,2.217528,13.15213,93.94363,0.04339977,0.02058876,1.789784,0,10.06235
8/27/2007 11:00:00 AM,0.6595253,73.57602,-94.67121,19.31962,0.6531277,2.931237,0.3306521,0.3306521,0,0,0,0.3306521,886.5018,1.689425,0,0,2.931237,0.3480549,0.3306521,0,0,0.8937575,9.820892,0.8937575,0,0.8937575,14.00003,100,0.04337875,0.3637173,2.34499,0,12.75213
8/27/2007 12:00:00 PM,0.7898061,88.13632,-120.7641,10.11183,0.7811941,3.505999,0,0,0,0,0,0,0,3.505999,0,0,3.505999,0,0,0,0,0,10.62527,0,0,0,14.00003,100,0.04337875,0,2.804799,0,14.13127
8/27/2007 1:00:00 PM,0.3704465,76.77583,95.20644,16.63393,0.3684563,1.653632,1.324207,1.324207,0,0,0,1.324207,124.8771,0.2597293,0,0,1.653632,1.393903,1.324207,0,0,0,10.62527,0,0,0,14.00003,100,0.04337875,1.456628,1.322905,0,12.27891
8/27/2007 2:00:00 PM,0.6805898,62.00653,94.29068,29.94101,0.6717744,3.014924,2.164167,2.164167,0,-1,0,2.164167,139.3111,0.7368535,0,0,3.014924,2.27807,2.164167,0,0,0,10.62527,0,0,0,14.00003,100,0.04337875,2.380584,2.411939,0,13.6402
8/27/2007 3:00:00 PM,0.4656439,47.23907,94.96242,44.28547,0.4600364,2.064643,0.9631494,0.9631494,0,0,0,0.9631494,214.3638,1.050802,0,0,2.064643,1.013841,0.9631494,0,0,0,10.62527,0,0,0,14.00003,100,0.04337875,1.059464,1.651715,0,12.68992
8/27/2007 4:00:00 PM,0.2831446,32.49319,96.12462,58.90815,0.2799234,1.256296,0,0,0,0,0,0,0,1.256296,0,0,1.256296,0,0,0,0,0,10.62527,0,0,0,14.00003,100,0.04337875,0,1.005037,0,11.88157
8/27/2007 5:00:00 PM,0.1449376,17.78494,97.65032,73.63488,0.14286,0.6411557,0,0,0,0,0,0,0,0.6411557,0,0,0.6411557,0,0,0,0,0,10.62527,0,0,0,14.00003,100,0.04337875,0,0.5129245,0,11.26643
8/27/2007 6:00:00 PM,0.04190614,3.136985,99.60181,88.40131,0.03352419,0.1504566,1.303079,1.303079,0,0,0,1.303079,11.54624,0,2.220446E-16,0,0.1504566,1.371662,1.303079,0,0,0,10.62527,0,1.221206,-1.221206,12.71276,90.80527,0.04337875,1.433387,0.1203653,0,10.77573
8/27/2007 7:00:00 PM,0,0,102.1693,90,0,0,1.475062,1.475062,0,-1,0,1.475062,0,0,0,0,0,1.552697,1.475062,0,0,1.356895,9.404069,0,1.552697,-1.552697,11.07608,79.11469,0.04337875,1.622569,0,0,9.404069
8/27/2007 8:00:00 PM,0,0,105.7427,90,0,0,0.6753666,0.6753666,0,-1,0,0.6753666,0,0,1.110223E-16,0,0,0.7109122,0.6753666,0,0,3.082114,7.851371,0,0.7109122,-0.7109122,10.32671,73.76207,0.04337875,0.7429032,0,0,7.851371
8/27/2007 9:00:00 PM,0,0,111.1478,90,0,0,1.991067,1.991067,0,-1,0,1.991067,0,0,0,0,0,2.09586,1.991067,0,0,3.872017,7.140459,0,2.09586,-2.09586,8.11748,57.98188,0.04337875,2.190174,0,0,7.140459
8/27/2007 10:00:00 PM,0,0,120.347,90,0,0,0.3517416,0.3517416,0,-1,0,0.3517416,0,0,5.551115E-17,0,0,0.3702544,0.3517416,0,0,6.20075,5.044599,0,0.3702544,-0.3702544,7.727198,55.19416,0.04337875,0.3869158,0,0,5.044599
8/27/2007 11:00:00 PM,0,0,138.5278,90,0,0,0.4078404,0.4078404,0,-1,0,0.4078404,0,0,5.551115E-17,0,0,0.4293057,0.4078404,0,0,6.612144,4.674345,0,0.4293057,-0.4293057,7.27467,51.96182,0.04337875,0.4486245,0,0,4.674345
8/28/2007 12:00:00 AM,0,0,175.2142,90,0,0,0.08020012,0.08020012,0,-1,0,0.08020012,0,0,1.387779E-17,0,0,0.08442118,0.08020012,0,0,7.08915,4.245039,0,0.08442118,-0.08442118,7.185682,51.3262,0.04337875,0.08822013,0,0,4.245039
8/28/2007 1:00:00 AM,0,0,-143.948,90,0,0,0.06256227,0.06256227,0,-1,0,0.06256227,0,0,1.387779E-17,0,0,0.06585503,0.06256227,0,0,7.182951,4.160618,0,0.06585503,-0.06585503,7.116265,50.83036,0.04337875,0.0688185,0,0,4.160618
8/28/2007 2:00:00 AM,0,0,-122.617,90,0,0,0,0,0,-1,0,0,0,0,0,0,0,0,0,0,0,7.256124,4.094763,0,0,0,7.116265,50.83036,0.04337875,0,0,0,4.094763
8/28/2007 3:00:00 AM,0,0,-112.2128,90,0,0,0.2902809,0.2902809,0,-1,0,0.2902809,0,0,0,0,0,0.3055588,0.2902809,0,0,7.256124,4.094763,0,0.3055588,-0.3055588,6.794178,48.52974,0.04337875,0.319309,0,0,4.094763
8/28/2007 4:00:00 AM,0,0,-106.2913,90,0,0,0.3228727,0.3228727,0,-1,0,0.3228727,0,0,5.551115E-17,0,0,0.339866,0.3228727,0,0,7.595634,3.789204,0,0.339866,-0.339866,6.435927,45.97082,0.04337875,0.35516,0,0,3.789204
8/28/2007 5:00:00 AM,0,0,-102.4533,90,0,0,0.2743633,0.2743633,0,0,0,0.2743633,0,0,5.551115E-17,0,0,0.2888035,0.2743633,0,0,7.973262,3.449338,0,0.2888035,-0.2888035,6.131502,43.79635,0.04337875,0.3017997,0,0,3.449338
8/28/2007 6:00:00 AM,0.01479879,0,-99.72303,90,0,0,0.1372536,0.1372536,0,0,0,0.1372536,0,0,2.775558E-17,0,0,0.1444774,0.1372536,0,0,8.294155,3.160535,0,0.1444774,-0.1444774,5.979209,42.70855,0.04337875,0.1509789,0,0,3.160535
8/28/2007 7:00:00 AM,0.1280032,14.6309,-97.64751,76.74735,0.1254759,0.5631358,1.989021,1.989021,0,0,0,1.989021,28.31221,0,0,0,0.5631358,2.093706,1.989021,0,0,8.454685,3.016057,0,1.530571,-1.530571,4.365846,31.18455,0.04337875,2.187923,0.4505086,0,3.579193
8/28/2007 8:00:00 AM,0.3522719,29.34103,-95.99801,61.98963,0.3436945,1.542501,0.4139195,0.4139195,0,0,0,0.4139195,372.6572,0,0,0,1.542501,0.4357048,0.4139195,0,0,10.15532,1.485487,1.106796,0,1.106796,5.415845,38.68453,0.04335276,0.4553115,1.234001,0,3.027987
8/28/2007 9:00:00 AM,0.4088924,44.09182,-94.6665,47.31168,0.4045545,1.815641,0.1965361,0.1965361,0,-1,0,0.1965361,923.8203,0,0,0,1.815641,0.2068802,0.1965361,0,0,9.048523,2.481603,1.608761,0,1.608761,6.94205,49.58597,0.04331503,0.2161898,1.452513,0,4.297244
8/28/2007 10:00:00 AM,0.4626313,58.86777,-93.66137,32.84088,0.4591503,2.060667,0,0,0,0,0,0,0,0,0,0,2.060667,0,0,0,0,7.439763,3.929488,2.060667,0,2.060667,8.89697,63.54966,0.0432668,0,1.648533,0,5.990154
8/28/2007 11:00:00 AM,0.8305563,73.65615,-93.37669,19.07526,0.82054,3.682584,1.490218,1.490218,0,0,0,1.490218,247.1172,0,0,0,3.682584,1.56865,1.490218,0,0,5.379096,5.784088,2.113934,0,2.113934,10.90242,77.87429,0.04321744,1.639239,2.946067,0,9.466671
8/28/2007 12:00:00 PM,0.9530534,88.36043,-110.9433,9.738187,0.9416791,4.226256,0,0,0,0,0,0,0,0.9610935,0,0,4.226256,0,0,0,0,3.265162,7.686628,3.265162,0,3.265162,14.00003,100,0.04314141,0,3.381005,0,11.91288
8/28/2007 1:00:00 PM,0.827631,76.71811,93.59528,16.47929,0.8180647,3.671474,1.599647,1.599647,0,0,0,1.599647,229.5178,1.987636,0,0,3.671474,1.683839,1.599647,0,0,0,10.62527,0,0,0,14.00003,100,0.04314141,1.759611,2.93718,0,14.29675
8/28/2007 2:00:00 PM,0.5492054,61.92935,93.51237,29.89943,0.5443104,2.442865,0.2925823,0.2925823,0,-1,0,0.2925823,834.9326,2.134884,0,0,2.442865,0.3079814,0.2925823,0,0,0,10.62527,0,0,0,14.00003,100,0.04314141,0.3218406,1.954292,0,13.06814
8/28/2007 3:00:00 PM,0.2099233,47.14975,94.42821,44.29119,0.2088107,0.9371424,0.5223702,0.5223702,0,0,0,0.5223702,179.402,0.387279,0,0,0.9371424,0.5498634,0.5223702,0,0,0,10.62527,0,0,0,14.00003,100,0.04314141,0.5746073,0.7497139,0,11.56242
8/28/2007 4:00:00 PM,0.05481017,32.39265,95.69798,58.94137,0.05452804,0.2447218,0.7028055,0.7028055,0,0,0,0.7028055,34.82071,0,1.110223E-16,0,0.2447218,0.7397953,0.7028055,0,0,0,10.62527,0,0.4950734,-0.4950734,13.47818,96.27248,0.04314141,0.7730861,0.1957775,0,10.87
8/28/2007 5:00:00 PM,0.07518292,17.67251,97.27602,73.68799,0.07471312,0.3353125,0.1086159,0.1086159,0,0,0,0.1086159,308.714,0,0,0,0.3353125,0.1143325,0.1086159,0,0,0.5500816,10.1302,0.22098,0,0.22098,13.68781,97.76991,0.04313627,0.1194775,0.26825,0,10.46551
8/28/2007 6:00:00 PM,0.01042596,3.010919,99.24937,88.47133,0.01031217,0.046281,2.532551,2.532551,0,0,0,2.532551,1.827446,0,4.440892E-16,0,0.046281,2.665843,2.532551,0,0,0.3291017,10.32908,0,2.619562,-2.619562,10.92655,78.04666,0.04313627,2.785806,0.0370248,0,10.37536
8/28/2007 7:00:00 PM,0,0,101.8168,90,0,0,0.9924204,0.9924204,0,-1,0,0.9924204,0,0,0,0,0,1.044653,0.9924204,0,0,3.239726,7.709521,0,1.044653,-1.044653,9.825393,70.18124,0.04313627,1.091663,0,0,7.709521
8/28/2007 8:00:00 PM,0,0,105.3699,90,0,0,2.623542,2.623542,0,-1,0,2.623542,0,0,0,0,0,2.761623,2.623542,0,0,4.400452,6.664868,0,2.761623,-2.761623,6.914387,49.38838,0.04313627,2.885896,0,0,6.664868
8/28/2007 9:00:00 PM,0,0,110.7328,90,0,0,0.742864,0.742864,0,-1,0,0.742864,0,0,0,0,0,0.781962,0.742864,0,0,7.468921,3.903245,0,0.781962,-0.781962,6.090127,43.50082,0.04313627,0.8171504,0,0,3.903245
8/28/2007 10:00:00 PM,0,0,119.8741,90,0,0,0.4454118,0.4454118,0,-1,0,0.4454118,0,0,5.551115E-17,0,0,0.4688545,0.4454118,0,0,8.337769,3.121283,0,0.4688545,-0.4688545,5.595911,39.97071,0.04313627,0.489953,0,0,3.121283
8/28/2007 11:00:00 PM,0,0,138.0762,90,0,0,0.2749289,0.2749289,0,-1,0,0.2749289,0,0,5.551115E-17,0,0,0.2893988,0.2749289,0,0,8.858718,2.652428,0,0.2893988,-0.2893988,5.290857,37.79176,0.04313627,0.3024218,0,0,2.652428
8/29/2007 12:00:00 AM,0,0,175.3499,90,0,0,0.3361824,0.3361824,0,-1,0,0.3361824,0,0,5.551115E-17,0,0,0.3538762,0.3361824,0,0,9.180272,2.363029,0,0.3538762,-0.3538762,4.917839,35.12735,0.04313627,0.3698006,0,0,2.363029
8/29/2007 1:00:00 AM,0,0,-143.228,90,0,0,0.1034655,0.1034655,0,-1,0,0.1034655,0,0,1.387779E-17,0,0,0.1089111,0.1034655,0,0,9.573467,2.009153,0,0.1089111,-0.1089111,4.803037,34.30734,0.04313627,0.1138121,0,0,2.009153
8/29/2007 2:00:00 AM,0,0,-121.9844,90,0,0,0,0,0,-1,0,0,0,0,0,0,0,0,0,0,0,9.69448,1.900242,0,0,0,4.803037,34.30734,0.04313627,0,0,0,1.900242
8/29/2007 3:00:00 AM,0,0,-111.7065,90,0,0,0.01340348,0.01340348,0,-1,0,0.01340348,0,0,0,0,0,0.01410892,0.01340348,0,0,9.69448,1.900242,0,0.01410892,-0.01410892,4.788165,34.20111,0.04313627,0.01474383,0,0,1.900242
8/29/2007 4:00:00 AM,0,0,-105.8619,90,0,0,0.2193206,0.2193206,0,-1,0,0.2193206,0,0,2.775558E-17,0,0,0.2308638,0.2193206,0,0,9.710156,1.886133,0,0.2308638,-0.2308638,4.544813,32.46288,0.04313627,0.2412527,0,0,1.886133
8/29/2007 5:00:00 AM,0,0,-102.0638,90,0,0,0.2189951,0.2189951,0,0,0,0.2189951,0,0,2.775558E-17,0,0,0.2305212,0.2189951,0,0,9.966672,1.65527,0,0.2305212,-0.2305212,4.301822,30.72724,0.04313627,0.2408946,0,0,1.65527
8/29/2007 6:00:00 AM,0.02135407,0,-99.34631,90,0,0,0.008211428,0.008211428,0,0,0,0.008211428,0,0,1.734723E-18,0,0,0.008643609,0.008211428,0,0,10.22281,1.424748,0,0.008643609,-0.008643609,4.292711,30.66216,0.04313627,0.009032571,0,0,1.424748
8/29/2007 7:00:00 AM,0.2244871,14.65944,-97.25898,76.65906,0.2080608,0.933777,0.5384654,0.5384654,0,0,0,0.5384654,173.4145,0,0,0,0.933777,0.5668057,0.5384654,0,0,10.23241,1.416105,0.3669713,0,0.3669713,4.640851,33.14887,0.04312775,0.5923119,0.7470216,0,2.349882
8/29/2007 8:00:00 AM,0.4200847,29.3816,-95.56796,61.88336,0.4069752,1.826505,0.4861299,0.4861299,0,0,0,0.4861299,375.7235,0,0,0,1.826505,0.5117157,0.4861299,0,0,9.865439,1.746379,1.314789,0,1.314789,5.888169,42.05827,0.04309723,0.5347429,1.461204,0,3.572884
8/29/2007 9:00:00 AM,0.4446417,44.14308,-94.14626,47.18199,0.4393801,1.971938,0.6256239,0.6256239,0,-1,0,0.6256239,315.1954,0,0,0,1.971938,0.6585515,0.6256239,0,0,8.550651,2.929689,1.313386,0,1.313386,7.134157,50.95816,0.04306678,0.6881863,1.57755,0,4.901627
8/29/2007 10:00:00 AM,0.3776559,58.92941,-92.94136,32.67416,0.3754195,1.684883,0,0,0,0,0,0,0,0,0,0,1.684883,0,0,0,0,7.237264,4.111737,1.684883,0,1.684883,8.732577,62.37542,0.04302779,0,1.347906,0,5.796619
8/29/2007 11:00:00 AM,0.6457131,73.73028,-92.0602,18.83189,0.6402803,2.873578,0.349649,0.349649,0,0,0,0.349649,821.8465,0,0,0,2.873578,0.3680516,0.349649,0,0,5.552381,5.628131,2.505527,0,2.505527,11.10953,79.35361,0.04296994,0.3846139,2.298862,0,8.501709
8/29/2007 12:00:00 PM,0.5138276,88.52502,-98.42092,9.36145,0.5107169,2.292097,0.4820334,0.4820334,0,0,0,0.4820334,475.5059,0,0,0,2.292097,0.5074036,0.4820334,0,0,3.046854,7.883105,1.784694,0,1.784694,12.80264,91.44723,0.04292883,0.5302368,1.833678,0,10.1752
8/29/2007 1:00:00 PM,0.5780668,76.64835,91.98677,16.33162,0.5739473,2.575876,0.2272743,0.2272743,0,0,0,0.2272743,1133.377,1.074479,0,0,2.575876,0.2392362,0.2272743,0,0,1.262161,9.489329,1.262161,0,1.262161,14.00003,100,0.04289979,0.2500018,2.0607,0,12.0652
8/29/2007 2:00:00 PM,0.484557,61.84572,92.73224,29.86315,0.4810642,2.159016,0.8159958,0.8159958,0,-1,0,0.8159958,264.5867,1.300073,0,0,2.159016,0.8589429,0.8159958,0,0,0,10.62527,0,0,0,14.00003,100,0.04289979,0.8975953,1.727213,0,12.78429
8/29/2007 3:00:00 PM,0.676339,47.05579,93.89185,44.3009,0.663504,2.977806,0.4277976,0.4277976,0,0,0,0.4277976,696.0784,2.527493,0,0,2.977806,0.4503132,0.4277976,0,0,0,10.62527,0,0,0,14.00003,100,0.04289979,0.4705773,2.382245,0,13.60308
8/29/2007 4:00:00 PM,0.3150738,32.28844,95.26916,58.97775,0.3107913,1.394832,0.3156431,0.3156431,0,0,0,0.3156431,441.9015,1.062576,0,0,1.394832,0.3322559,0.3156431,0,0,0,10.62527,0,0,0,14.00003,100,0.04289979,0.3472075,1.115865,0,12.02011
8/29/2007 5:00:00 PM,0.1908518,17.55707,96.89949,73.74365,0.1851399,0.8309081,0,0,0,0,0,0,0,0.8309081,0,0,0.8309081,0,0,0,0,0,10.62527,0,0,0,14.00003,100,0.04289979,0,0.6647264,0,11.45618
8/29/2007 6:00:00 PM,0.02900152,2.882344,98.89451,88.54339,0.02709698,0.1216112,0,0,0,0,0,0,0,0.1216112,0,0,0.1216112,0,0,0,0,0,10.62527,0,0,0,14.00003,100,0.04289979,0,0.09728898,0,10.74689
8/29/2007 7:00:00 PM,0,0,101.4615,90,0,0,1.659599,1.659599,0,-1,0,1.659599,0,0,2.220446E-16,0,0,1.746947,1.659599,0,0,0,10.62527,0,1.746947,-1.746947,12.15858,86.84686,0.04289979,1.825559,0,0,10.62527
8/29/2007 8:00:00 PM,0,0,104.9934,90,0,0,1.46198,1.46198,0,-1,0,1.46198,0,0,2.220446E-16,0,0,1.538927,1.46198,0,0,1.941052,8.878327,0,1.538927,-1.538927,10.53641,75.25995,0.04289979,1.608178,0,0,8.878327
8/29/2007 9:00:00 PM,0,0,110.3128,90,0,0,0.4668322,0.4668322,0,-1,0,0.4668322,0,0,5.551115E-17,0,0,0.4914023,0.4668322,0,0,3.65097,7.339401,0,0.4914023,-0.4914023,10.01843,71.56007,0.04289979,0.5135154,0,0,7.339401
8/29/2007 10:00:00 PM,0,0,119.3931,90,0,0,0.2379443,0.2379443,0,-1,0,0.2379443,0,0,0,0,0,0.2504677,0.2379443,0,0,4.196973,6.847999,0,0.2504677,-0.2504677,9.754414,69.67425,0.04289979,0.2617387,0,0,6.847999
8/29/2007 11:00:00 PM,0,0,137.6125,90,0,0,0.1884536,0.1884536,0,-1,0,0.1884536,0,0,2.775558E-17,0,0,0.1983722,0.1884536,0,0,4.47527,6.597531,0,0.1983722,-0.1983722,9.545311,68.18066,0.04289979,0.207299,0,0,6.597531
8/30/2007 12:00:00 AM,0,0,175.4967,90,0,0,0.2552432,0.2552432,0,-1,0,0.2552432,0,0,5.551115E-17,0,0,0.268677,0.2552432,0,0,4.695684,6.399158,0,0.268677,-0.268677,9.2621,66.15773,0.04289979,0.2807675,0,0,6.399158
8/30/2007 1:00:00 AM,0,0,-142.4844,90,0,0,0.160943,0.160943,0,-1,0,0.160943,0,0,2.775558E-17,0,0,0.1694136,0.160943,0,0,4.994214,6.130482,0,0.1694136,-0.1694136,9.083523,64.88218,0.04289979,0.1770373,0,0,6.130482
8/30/2007 2:00:00 AM,0,0,-121.3413,90,0,0,0.2126249,0.2126249,0,-1,0,0.2126249,0,0,2.775558E-17,0,0,0.2238157,0.2126249,0,0,5.182451,5.961068,0,0.2238157,-0.2238157,8.847601,63.19702,0.04289979,0.2338874,0,0,5.961068
8/30/2007 3:00:00 AM,0,0,-111.1946,90,0,0,0.04198968,0.04198968,0,-1,0,0.04198968,0,0,6.938894E-18,0,0,0.04419966,0.04198968,0,0,5.431136,5.737252,0,0.04419966,-0.04419966,8.80101,62.86423,0.04289979,0.04618865,0,0,5.737252
8/30/2007 4:00:00 AM,0,0,-105.4287,90,0,0,0.3882525,0.3882525,0,-1,0,0.3882525,0,0,0,0,0,0.4086868,0.3882525,0,0,5.480246,5.693053,0,0.4086868,-0.4086868,8.370216,59.78714,0.04289979,0.4270778,0,0,5.693053
8/30/2007 5:00:00 AM,0,0,-101.6712,90,0,0,0.01579733,0.01579733,0,0,0,0.01579733,0,0,3.469447E-18,0,0,0.01662876,0.01579733,0,0,5.934343,5.284366,0,0.01662876,-0.01662876,8.352688,59.66194,0.04289979,0.01737706,0,0,5.284366
8/30/2007 6:00:00 AM,0.01118963,0.01491471,-98.96658,91.3873,0.01071668,0.04809647,0,0,0,0,0,0,0,0,0,0,0.04809647,0,0,0,0,5.952819,5.267737,0.04809647,0,0.04809647,8.398316,59.98785,0.04289869,0,0.03847718,0,5.315834
8/30/2007 7:00:00 AM,0.08393915,14.6889,-96.86731,76.5693,0.08332124,0.3739457,0.2368298,0.2368298,0,0,0,0.2368298,157.8964,0,0,0,0.3739457,0.2492946,0.2368298,0,0,5.904723,5.311024,0.1246512,0,0.1246512,8.516571,60.83253,0.04289582,0.2605128,0.2991566,0,5.684969
8/30/2007 8:00:00 AM,0.08070555,29.42244,-95.13427,61.77617,0.08027826,0.3602889,0.9645879,0.9645879,0,0,0,0.9645879,37.35158,0,1.110223E-16,0,0.3602889,1.015356,0.9645879,0,0,5.780071,5.42321,0,0.6550668,-0.6550668,7.82607,55.90039,0.04289582,1.061047,0.2882311,0,5.783499
8/30/2007 9:00:00 AM,0.08312497,44.1937,-93.62116,47.05203,0.0827044,0.3711773,2.08334,2.08334,0,-1,0,2.08334,17.81645,0,0,0,0.3711773,2.19299,2.08334,0,0,6.507924,4.768143,0,1.821812,-1.821812,5.905711,42.18356,0.04289582,2.291674,0.2969419,0,5.13932
8/30/2007 10:00:00 AM,0.2289536,58.98882,-92.21342,32.50803,0.2277843,1.022296,0.9487866,0.9487866,0,0,0,0.9487866,107.7477,0,0,0,1.022296,0.9987227,0.9487866,0,0,8.53216,2.946331,0.02357314,0,0.02357314,5.928074,42.3433,0.04289528,1.043665,0.8178367,0,3.968626
8/30/2007 11:00:00 AM,0.3095071,73.79803,-90.72269,18.58985,0.3079327,1.382002,0.3011215,0.3011215,0,0,0,0.3011215,458.9517,0,0,0,1.382002,0.31697,0.3011215,0,0,8.508586,2.967546,1.065032,0,1.065032,6.938452,49.56028,0.04287082,0.3312337,1.105602,0,4.349548
8/30/2007 12:00:00 PM,0.3303589,88.60622,-83.54171,8.981749,0.3286848,1.475138,0.1766705,0.1766705,0,0,0,0.1766705,834.9653,0,0,0,1.475138,0.185969,0.1766705,0,0,7.443554,3.926075,1.289169,0,1.289169,8.161465,58.29606,0.04284126,0.1943376,1.18011,0,5.401213
8/30/2007 1:00:00 PM,0.1468314,76.56656,90.3844,16.19134,0.1460996,0.655695,0.7172619,0.7172619,0,0,0,0.7172619,91.4164,0,0,0,0.655695,0.7550125,0.7172619,0,0,6.154386,5.086327,0,0.09931753,-0.09931753,8.056775,57.54828,0.04284126,0.7889881,0.524556,0,5.742022
8/30/2007 2:00:00 PM,0.2824141,61.75565,91.9509,29.83227,0.2809594,1.260946,0.01646005,0.01646005,0,-1,0,0.01646005,7660.644,0,0,0,1.260946,0.01732637,0.01646005,0,0,6.264739,4.98701,1.243619,0,1.243619,9.236576,65.97541,0.04281277,0.01810605,1.008757,0,6.247955
8/30/2007 3:00:00 PM,0.2436889,46.95723,93.3536,44.31462,0.2423816,1.087809,0.5399554,0.5399554,0,0,0,0.5399554,201.4627,0,0,0,1.087809,0.568374,0.5399554,0,0,5.021119,6.106267,0.5194346,0,0.5194346,9.729355,69.49525,0.04280088,0.5939509,0.8702469,0,7.194076
8/30/2007 4:00:00 PM,0.1337687,32.18063,94.83833,59.01727,0.1330407,0.5970866,0.2276969,0.2276969,0,0,0,0.2276969,262.2287,0,0,0,0.5970866,0.239681,0.2276969,0,0,4.501685,6.573758,0.3574056,0,0.3574056,10.06842,71.91714,0.04279271,0.2504666,0.4776693,0,7.170845
8/30/2007 5:00:00 PM,0.1246786,17.43869,96.52084,73.80182,0.1234739,0.5541509,0.1535826,0.1535826,0,0,0,0.1535826,360.8163,0,0,0,0.5541509,0.1616659,0.1535826,0,0,4.144279,6.895423,0.3924851,0,0.3924851,10.44076,74.57674,0.04278373,0.1689408,0.4433208,0,7.449574
8/30/2007 6:00:00 PM,0.04233967,2.751346,98.53733,88.61743,0.03147893,0.1412774,1.285417,1.285417,0,0,0,1.285417,10.99079,0,0,0,0.1412774,1.35307,1.285417,0,0,3.751794,7.24866,0,1.211793,-1.211793,9.163422,65.45288,0.04278373,1.413958,0.1130219,0,7.389937
8/30/2007 7:00:00 PM,0,0,101.1035,90,0,0,0.1174367,0.1174367,0,-1,0,0.1174367,0,0,1.387779E-17,0,0,0.1236176,0.1174367,0,0,5.09823,6.036867,0,0.1236176,-0.1236176,9.033117,64.52214,0.04278373,0.1291803,0,0,6.036867
8/30/2007 8:00:00 PM,0,0,104.6136,90,0,0,0.910736,0.910736,0,-1,0,0.910736,0,0,0,0,0,0.9586695,0.910736,0,0,5.235583,5.913249,0,0.9586695,-0.9586695,8.022592,57.30411,0.04278373,1.00181,0,0,5.913249
8/30/2007 9:00:00 PM,0,0,109.8879,90,0,0,1.187649,1.187649,0,-1,0,1.187649,0,0,0,0,0,1.250157,1.187649,0,0,6.300771,4.95458,0,1.250157,-1.250157,6.70481,47.8914,0.04278373,1.306414,0,0,4.95458
8/30/2007 10:00:00 PM,0,0,118.904,90,0,0,0.2161433,0.2161433,0,-1,0,0.2161433,0,0,2.775558E-17,0,0,0.2275192,0.2161433,0,0,7.689835,3.704422,0,0.2275192,-0.2275192,6.464983,46.17836,0.04278373,0.2377576,0,0,3.704422
8/30/2007 11:00:00 PM,0,0,137.1361,90,0,0,0.4137817,0.4137817,0,-1,0,0.4137817,0,0,5.551115E-17,0,0,0.4355597,0.4137817,0,0,7.942634,3.476903,0,0.4355597,-0.4355597,6.005863,42.89894,0.04278373,0.4551598,0,0,3.476903
8/31/2007 12:00:00 AM,0,0,175.6551,90,0,0,0,0,0,-1,0,0,0,0,0,0,0,0,0,0,0,8.42659,3.041344,0,0,0,6.005863,42.89894,0.04278373,0,0,0,3.041344
8/31/2007 1:00:00 AM,0,0,-141.7169,90,0,0,0.5142906,0.5142906,0,-1,0,0.5142906,0,0,0,0,0,0.5413585,0.5142906,0,0,8.42659,3.041344,0,0.5413585,-0.5413585,5.435221,38.82293,0.04278373,0.5657197,0,0,3.041344
8/31/2007 2:00:00 AM,0,0,-120.6881,90,0,0,0.376984,0.376984,0,-1,0,0.376984,0,0,5.551115E-17,0,0,0.3968253,0.376984,0,0,9.028099,2.499985,0,0.3968253,-0.3968253,5.016931,35.83515,0.04278373,0.4146824,0,0,2.499985
8/31/2007 3:00:00 AM,0,0,-110.6773,90,0,0,0.2205348,0.2205348,0,-1,0,0.2205348,0,0,2.775558E-17,0,0,0.2321419,0.2205348,0,0,9.469016,2.10316,0,0.2321419,-0.2321419,4.772232,34.0873,0.04278373,0.2425883,0,0,2.10316
8/31/2007 4:00:00 AM,0,0,-104.9919,90,0,0,0.3733214,0.3733214,0,-1,0,0.3733214,0,0,5.551115E-17,0,0,0.39297,0.3733214,0,0,9.726952,1.871018,0,0.39297,-0.39297,4.358005,31.12854,0.04278373,0.4106536,0,0,1.871018
8/31/2007 5:00:00 AM,0,0,-101.2755,90,0,0,0.30366,0.30366,0,0,0,0.30366,0,0,5.551115E-17,0,0,0.3196421,0.30366,0,0,10.16358,1.478048,0,0.3196421,-0.3196421,4.021072,28.72189,0.04278373,0.334026,0,0,1.478048
8/31/2007 6:00:00 AM,0.0101698,0.03187978,-98.584,91.31116,0.009839868,0.04416133,0.1540648,0.1540648,0,0,0,0.1540648,28.66413,0,2.775558E-17,0,0.04416133,0.1621734,0.1540648,0,0,10.51874,1.158406,0,0.1180121,-0.1180121,3.896677,27.83335,0.04278373,0.1694712,0.03532906,0,1.202567
8/31/2007 7:00:00 AM,0.06501762,14.71922,-96.47263,76.47816,0.06460159,0.2899319,0.8708431,0.8708431,0,0,0,0.8708431,33.29325,0,0,0,0.2899319,0.9166769,0.8708431,0,0,10.64987,1.040394,0,0.626745,-0.626745,3.23603,23.11445,0.04278373,0.9579273,0.2319455,0,1.330326
8/31/2007 8:00:00 AM,0.1412729,29.46347,-94.69704,61.66817,0.1404861,0.6305016,1.877953,1.877953,1.25,0,0.50625,1.877953,33.57388,0,0,0,0.6305016,0.6610031,0.6279529,0,0,11.34625,0.4136488,0,0.03050148,-0.03050148,3.203878,22.8848,0.04278373,2.065748,0.5044013,5,1.04415
8/31/2007 9:00:00 AM,0.4721242,44.24356,-93.09135,46.92194,0.4665753,2.09399,1.169055,1.169055,0,-1,0,1.169055,179.1181,0,0,0.5241129,2.09399,1.230585,1.169055,0,0,11.38014,0.3831473,0.8634053,0,0.8634053,4.022976,28.73549,0.042764,1.285961,1.675192,0,2.477137
8/31/2007 10:00:00 AM,0.4004751,59.04583,-91.47776,32.3427,0.3981132,1.786732,2.206006,2.206006,5,0,1.53,2.206006,80.99397,0,0,0,1.786732,0,0,2.793994,2.654294,10.51674,1.160212,4.441026,0,4.441026,8.236104,58.82919,0.04326887,2.426607,1.429386,5,2.946944
8/31/2007 11:00:00 AM,0.09638248,73.85906,-89.3652,18.3495,0.0959043,0.4304185,0.4430986,0.4430986,3.948362,0,1.242903,0.4430986,97.13831,0,0,0,0.4304185,0,0,3.505263,3.33,6.07571,5.157135,3.760418,0,3.760418,11.80355,84.31091,0.04361758,0.4874085,0.3443348,5,5.587554
8/31/2007 12:00:00 PM,0.2174227,88.58704,-67.87531,8.599212,0.2163395,0.9709316,0.6618463,0.6618463,0,0,0,0.6618463,146.7005,0,0,0,0.9709316,0.6966804,0.6618463,0,0,2.315291,8.541512,0.2742513,0,0.2742513,12.06373,86.16931,0.04361122,0.728031,0.7767453,0,9.512444
8/31/2007 1:00:00 PM,0.324919,76.47277,88.79154,16.05885,0.3232749,1.450858,0.9253609,0.9253609,0,0,0,0.9253609,156.7883,0,0,0,1.450858,0.9740641,0.9253609,0,0,2.04104,8.788339,0.4767934,0,0.4767934,12.51605,89.40021,0.04360017,1.017897,1.160686,0,10.2392
8/31/2007 2:00:00 PM,0.3514015,61.65917,91.16897,29.80686,0.3495156,1.568626,0.8207009,0.8207009,0,-1,0,0.8207009,191.1325,0,0,0,1.568626,0.8638958,0.8207009,0,0,1.564246,9.217452,0.7047305,0,0.7047305,13.18462,94.17567,0.04358384,0.9027711,1.254901,0,10.78608
8/31/2007 3:00:00 PM,0.3393128,46.85414,92.81375,44.33234,0.3371193,1.512991,0.2872659,0.2872659,0,0,0,0.2872659,526.6868,0.3510903,0,0,1.512991,0.3023852,0.2872659,0,0,0.8595159,9.85171,0.8595159,0,0.8595159,14.00003,100,0.04356395,0.3159925,1.210393,0,11.3647
8/31/2007 4:00:00 PM,0.2789081,32.06927,94.40567,59.05989,0.2761609,1.23941,0,0,0,0,0,0,0,1.23941,0,0,1.23941,0,0,0,0,0,10.62527,0,0,0,14.00003,100,0.04356395,0,0.9915282,0,11.86468
8/31/2007 5:00:00 PM,0.1055946,17.31745,96.1402,73.86243,0.1048253,0.4704558,0.5559346,0.5559346,0,0,0,0.5559346,84.62431,0,1.110223E-16,0,0.4704558,0.5851943,0.5559346,0,0,0,10.62527,0,0.1147385,-0.1147385,13.87908,99.13611,0.04356395,0.611528,0.3763646,0,11.09573
8/31/2007 6:00:00 PM,0.04608724,2.618016,98.17793,88.69337,0.03061138,0.1373839,1.437626,1.437626,0,0,0,1.437626,9.556304,0,2.220446E-16,0,0.1373839,1.51329,1.437626,0,0,0.1274872,10.51054,0,1.375906,-1.375906,12.42875,88.77661,0.04356395,1.581388,0.1099071,0,10.64792
8/31/2007 7:00:00 PM,0,0,100.7428,90,0,0,2.262395,2.262395,0,-1,0,2.262395,0,0,4.440892E-16,0,0,2.381468,2.262395,0,0,1.656272,9.134629,0,2.381468,-2.381468,9.918463,70.84602,0.04356395,2.488634,0,0,9.134629
8/31/2007 8:00:00 PM,0,0,104.2303,90,0,0,0.8272307,0.8272307,0,-1,0,0.8272307,0,0,1.110223E-16,0,0,0.8707691,0.8272307,0,0,4.302348,6.753161,0,0.8707691,-0.8707691,9.000591,64.28981,0.04356395,0.9099538,0,0,6.753161
8/31/2007 9:00:00 PM,0,0,109.4581,90,0,0,0.1360904,0.1360904,0,-1,0,0.1360904,0,0,0,0,0,0.143253,0.1360904,0,0,5.269869,5.882392,0,0.143253,-0.143253,8.849589,63.21123,0.04356395,0.1496994,0,0,5.882392
8/31/2007 10:00:00 PM,0,0,118.4066,90,0,0,0,0,0,-1,0,0,0,0,0,0,0,0,0,0,0,5.429039,5.739139,0,0,0,8.849589,63.21123,0.04356395,0,0,0,5.739139
8/31/2007 11:00:00 PM,0,0,136.6465,90,0,0,0.3064244,0.3064244,0,-1,0,0.3064244,0,0,5.551115E-17,0,0,0.322552,0.3064244,0,0,5.429039,5.739139,0,0.322552,-0.322552,8.50959,60.78266,0.04356395,0.3370668,0,0,5.739139
9/1/2007 12:00:00 AM,0,0,175.8256,90,0,0,0.07649627,0.07649627,0,-1,0,0.07649627,0,0,1.387779E-17,0,0,0.08052239,0.07649627,0,0,5.78743,5.416587,0,0.08052239,-0.08052239,8.424712,60.17639,0.04356395,0.0841459,0,0,5.416587
9/1/2007 1:00:00 AM,0,0,-140.925,90,0,0,0,0,0,-1,0,0,0,0,0,0,0,0,0,0,0,5.876899,5.336065,0,0,0,8.424712,60.17639,0.04356395,0,0,0,5.336065
9/1/2007 2:00:00 AM,0,0,-120.025,90,0,0,0.5660864,0.5660864,0,-1,0,0.5660864,0,0,1.110223E-16,0,0,0.5958803,0.5660864,0,0,5.876899,5.336065,0,0.5958803,-0.5958803,7.796599,55.68988,0.04356395,0.622695,0,0,5.336065
9/1/2007 3:00:00 AM,0,0,-110.155,90,0,0,0,0,0,-1,0,0,0,0,0,0,0,0,0,0,0,6.538989,4.740184,0,0,0,7.796599,55.68988,0.04356395,0,0,0,4.740184
9/1/2007 4:00:00 AM,0,0,-104.5515,90,0,0,0.1598356,0.1598356,0,-1,0,0.1598356,0,0,0,0,0,0.168248,0.1598356,0,0,6.538989,4.740184,0,0.168248,-0.168248,7.61925,54.4231,0.04356395,0.1758192,0,0,4.740184
9/1/2007 5:00:00 AM,0,0,-100.8769,90,0,0,0.1715669,0.1715669,0,0,0,0.1715669,0,0,2.775558E-17,0,0,0.1805967,0.1715669,0,0,6.725931,4.571937,0,0.1805967,-0.1805967,7.428884,53.06335,0.04356395,0.1887236,0,0,4.571937
9/1/2007 6:00:00 AM,0.02579723,0.05020021,-98.19866,91.23321,0.007985808,0.03584031,0,0,0,0,0,0,0,0,0,0,0.03584031,0,0,0,0,6.926594,4.39134,0.03584031,0,0.03584031,7.462885,53.30622,0.04356312,0,0.02867224,0,4.42718
9/1/2007 7:00:00 AM,0.09831494,14.75032,-96.07504,76.38574,0.09745682,0.4373862,1.601967,1.601967,0,0,0,1.601967,27.30307,0,2.220446E-16,0,0.4373862,1.686281,1.601967,0,0,6.890754,4.423596,0,1.248895,-1.248895,6.146434,43.90302,0.04356312,1.762164,0.349909,0,4.860982
9/1/2007 8:00:00 AM,0.2782664,29.50458,-94.25639,61.55949,0.2749981,1.234191,1.554573,1.554573,0,0,0,1.554573,79.39101,0,0,0,1.234191,1.636393,1.554573,0,0,8.278415,3.174701,0,0.4022016,-0.4022016,5.722476,40.87475,0.04356312,1.710031,0.9873531,0,4.408893
9/1/2007 9:00:00 AM,0.4210278,44.29253,-92.55698,46.79189,0.4171773,1.872292,1.510936,1.510936,0,-1,0,1.510936,123.916,0,0,0,1.872292,1.590459,1.510936,0,0,8.725306,2.7725,0.281833,0,0.281833,5.989847,42.78453,0.0435566,1.66203,1.497833,0,4.644792
9/1/2007 10:00:00 AM,0.5786529,59.10025,-90.73466,32.17839,0.5738958,2.575644,0.4970573,0.4970573,0,0,0,0.4970573,518.1786,0,0,0,2.575644,0.5232182,0.4970573,0,0,8.443472,3.026149,2.052426,0,2.052426,7.93695,56.69238,0.04350919,0.546763,2.060516,0,5.601794
9/1/2007 11:00:00 AM,0.7256422,73.91302,-87.98891,18.11119,0.7200634,3.231644,0.04999889,0.04999889,0,0,0,0.04999889,6463.432,0,0,0,3.231644,0.05263041,0.04999889,0,0,6.391046,4.873333,3.179014,0,3.179014,10.95283,78.23432,0.04343594,0.05499878,2.585315,0,8.104978
9/1/2007 12:00:00 PM,0.2961017,88.46907,-53.52799,8.213976,0.2946262,1.322282,0.6711117,0.6711117,0,0,0,0.6711117,197.0286,0,0,0,1.322282,0.7064334,0.6711117,0,0,3.212032,7.734446,0.615849,0,0.615849,11.53707,82.40749,0.04342178,0.7382229,1.057826,0,9.056727
9/1/2007 1:00:00 PM,0.418313,76.36707,87.21142,15.93454,0.4161266,1.867576,0.2373214,0.2373214,0,0,0,0.2373214,786.9398,0,0,0,1.867576,0.249812,0.2373214,0,0,2.596183,8.28871,1.617764,0,1.617764,13.07182,93.36995,0.04338463,0.2610535,1.494061,0,10.15629
9/1/2007 2:00:00 PM,0.3795076,61.55632,90.38705,29.787,0.3774407,1.693954,0.4480257,0.4480257,0,-1,0,0.4480257,378.093,0.2439293,0,0,1.693954,0.471606,0.4480257,0,0,0.9784185,9.744698,0.9784185,0,0.9784185,14.00003,100,0.04336219,0.4928283,1.355163,0,11.43865
9/1/2007 3:00:00 PM,0.3093942,46.74654,92.27257,44.35407,0.3075844,1.380439,0.2052807,0.2052807,0,0,0,0.2052807,672.4639,1.164354,0,0,1.380439,0.216085,0.2052807,0,0,0,10.62527,0,0,0,14.00003,100,0.04336219,0.2258088,1.104351,0,12.00571
9/1/2007 4:00:00 PM,0.238399,31.95444,93.97134,59.10559,0.2366466,1.06207,0.3451782,0.3451782,0,0,0,0.3451782,307.6874,0.6987243,0,0,1.06207,0.3633454,0.3451782,0,0,0,10.62527,0,0,0,14.00003,100,0.04336219,0.379696,0.8496558,0,11.68734
9/1/2007 5:00:00 PM,0.2678011,17.19343,95.75769,73.92545,0.2534472,1.137471,1.791459,1.791459,0,0,0,1.791459,63.4941,0,2.220446E-16,0,1.137471,1.885747,1.791459,0,0,0,10.62527,0,0.7482757,-0.7482757,13.21128,94.36607,0.04336219,1.970605,0.9099767,0,11.76274
9/1/2007 6:00:00 PM,0.05920726,2.48245,97.81641,88.77112,0.03120633,0.140054,0.8778238,0.8778238,0,0,0,0.8778238,15.95469,0,0,0,0.140054,0.924025,0.8778238,0,0,0.8314174,9.876999,0,0.783971,-0.783971,12.3849,88.46338,0.04336219,0.9656061,0.1120432,0,10.01705
9/1/2007 7:00:00 PM,0,0,100.3796,90,0,0,1.892342,1.892342,0,-1,0,1.892342,0,0,2.220446E-16,0,0,1.991939,1.892342,0,0,1.702496,9.093027,0,1.991939,-1.991939,10.28521,73.46564,0.04336219,2.081577,0,0,9.093027
9/1/2007 8:00:00 PM,0,0,103.8437,90,0,0,0.6929725,0.6929725,0,-1,0,0.6929725,0,0,1.110223E-16,0,0,0.7294447,0.6929725,0,0,3.915762,7.101088,0,0.7294447,-0.7294447,9.516308,67.97349,0.04336219,0.7622697,0,0,7.101088
9/1/2007 9:00:00 PM,0,0,109.0233,90,0,0,0.7487962,0.7487962,0,-1,0,0.7487962,0,0,0,0,0,0.7882066,0.7487962,0,0,4.726256,6.371644,0,0.7882066,-0.7882066,8.685465,62.03891,0.04336219,0.8236759,0,0,6.371644
9/1/2007 10:00:00 PM,0,0,117.901,90,0,0,0.2988156,0.2988156,0,-1,0,0.2988156,0,0,5.551115E-17,0,0,0.3145427,0.2988156,0,0,5.602042,5.583437,0,0.3145427,-0.3145427,8.353908,59.67065,0.04336219,0.3286971,0,0,5.583437
9/1/2007 11:00:00 PM,0,0,136.1431,90,0,0,0,0,0,-1,0,0,0,0,0,0,0,0,0,0,0,5.951533,5.268894,0,0,0,8.353908,59.67065,0.04336219,0,0,0,5.268894
9/2/2007 12:00:00 AM,0,0,176.0089,90,0,0,0,0,0,-1,0,0,0,0,0,0,0,0,0,0,0,5.951533,5.268894,0,0,0,8.353908,59.67065,0.04336219,0,0,0,5.268894
9/2/2007 1:00:00 AM,0,0,-140.1085,90,0,0,0,0,0,-1,0,0,0,0,0,0,0,0,0,0,0,5.951533,5.268894,0,0,0,8.353908,59.67065,0.04336219,0,0,0,5.268894
9/2/2007 2:00:00 AM,0,0,-119.3523,90,0,0,0.1432358,0.1432358,0,-1,0,0.1432358,0,0,0,0,0,0.1507746,0.1432358,0,0,5.951533,5.268894,0,0.1507746,-0.1507746,8.194977,58.53543,0.04336219,0.1575594,0,0,5.268894
9/2/2007 3:00:00 AM,0,0,-109.6278,90,0,0,0,0,0,-1,0,0,0,0,0,0,0,0,0,0,0,6.119061,5.11812,0,0,0,8.194977,58.53543,0.04336219,0,0,0,5.11812
9/2/2007 4:00:00 AM,0,0,-104.1079,90,0,0,0.2885472,0.2885472,0,-1,0,0.2885472,0,0,5.551115E-17,0,0,0.3037339,0.2885472,0,0,6.119061,5.11812,0,0.3037339,-0.3037339,7.874814,56.24856,0.04336219,0.3174019,0,0,5.11812
9/2/2007 5:00:00 AM,0,0,-100.4756,90,0,0,0.08313321,0.08313321,0,0,0,0.08313321,0,0,0,0,0,0.08750863,0.08313321,0,0,6.456543,4.814385,0,0.08750863,-0.08750863,7.782571,55.58968,0.04336219,0.09144653,0,0,4.814385
9/2/2007 6:00:00 AM,0.005948861,0.06981536,-97.8107,91.1535,0.005837845,0.02620025,0,0,0,0,0,0,0,0,0,0,0.02620025,0,0,0,0,6.553775,4.726877,0.02620025,0,0.02620025,7.807427,55.76723,0.04336159,0,0.0209602,0,4.753077
9/2/2007 7:00:00 AM,0.01517142,14.78211,-95.67466,76.29215,0.01509253,0.06773525,1.620439,1.620439,0,0,0,1.620439,4.180056,0,4.440892E-16,0,0.06773525,1.705725,1.620439,0,0,6.527575,4.750457,0,1.63799,-1.63799,6.080834,43.43444,0.04336159,1.782483,0.0541882,0,4.818192
9/2/2007 8:00:00 AM,0.03886972,29.54566,-93.81247,61.45023,0.03867295,0.1735642,1.574481,1.574481,0,0,0,1.574481,11.02358,0,0,0,0.1735642,1.657348,1.574481,0,0,8.347563,3.112467,0,1.483784,-1.483784,4.516788,32.26271,0.04336159,1.731929,0.1388513,0,3.286031
9/2/2007 9:00:00 AM,0.05564133,44.34048,-92.01822,46.66202,0.05536361,0.2484719,0.9452997,0.9452997,0,-1,0,0.9452997,26.28498,0,1.110223E-16,0,0.2484719,0.9950523,0.9452997,0,0,9.996212,1.628683,0,0.7465804,-0.7465804,3.729824,26.64155,0.04336159,1.03983,0.1987775,0,1.877155
9/2/2007 10:00:00 AM,0.1149516,59.1519,-89.98438,32.01529,0.1143797,0.5133361,0,0,0,0,0,0,0,0,0,0,0.5133361,0,0,0,0,10.82575,0.882103,0.5133361,0,0.5133361,4.216817,30.12006,0.04334983,0,0.4106689,0,1.395439
9/2/2007 11:00:00 AM,0.1732113,73.95956,-86.59514,17.87532,0.1723531,0.7735205,0.41335,0.41335,0,0,0,0.41335,187.1345,0,0,0,0.7735205,0.4351053,0.41335,0,0,10.31241,1.344106,0.3384153,0,0.3384153,4.537866,32.41327,0.04334208,0.454685,0.6188164,0,2.117626
9/2/2007 12:00:00 PM,0.1685974,88.27058,-41.7478,7.826181,0.1677641,0.7529253,0.1659498,0.1659498,0,0,0,0.1659498,453.7066,0,0,0,0.7529253,0.174684,0.1659498,0,0,9.973994,1.648679,0.5782412,0,0.5782412,5.086434,36.3316,0.04332884,0.1825448,0.6023402,0,2.401605
9/2/2007 1:00:00 PM,0.07561636,76.24959,85.64706,15.81878,0.0752426,0.3376888,1.586643,1.586643,0,0,0,1.586643,21.28322,0,0,0,0.3376888,1.670151,1.586643,0,0,9.395753,2.169096,0,1.332462,-1.332462,3.681896,26.2992,0.04332884,1.745308,0.270151,0,2.506785
9/2/2007 2:00:00 PM,0.04068317,61.44714,89.60571,29.77275,0.04048176,0.1816821,0.5527799,0.5527799,0,-1,0,0.5527799,32.86699,0,0,0,0.1816821,0.5818735,0.5527799,0,0,10.87627,0.8366345,0,0.4001914,-0.4001914,3.260057,23.28608,0.04332884,0.6080579,0.1453457,0,1.018317
9/2/2007 3:00:00 PM,0.1277821,46.63451,91.73032,44.37979,0.1271368,0.57059,0.9313317,0.9313317,4.436595,0,1.37619,0.9313317,61.26604,0,0,0,0.57059,0,0,3.505263,3.33,11.32092,0.4364431,3.90059,0,3.90059,6.960482,49.71762,0.04374927,1.024465,0.456472,5,1.007033
9/2/2007 4:00:00 PM,0.08976567,31.8362,93.53551,59.1543,0.08929992,0.4007781,0.4869388,0.4869388,3.992202,0,1.254871,0.4869388,82.30564,0,0,0,0.4007781,0,0,3.505263,3.33,7.420333,3.946974,3.730778,0,3.730778,10.49981,74.99848,0.04410101,0.5356327,0.3206225,5,4.347752
9/2/2007 5:00:00 PM,0.0301157,17.06671,95.37344,73.99078,0.02995547,0.1344402,1.745947,1.745947,5,0,1.53,1.745947,7.700128,0,0,0,0.1344402,0,0,3.254053,3.09135,3.689555,7.304674,3.225791,0,3.225791,13.56006,96.85739,0.04456504,1.920542,0.1075521,5,7.439115
9/2/2007 6:00:00 PM,0.03611029,2.344745,97.45286,88.85062,0.0285393,0.1280844,0.5005972,0.5005972,0,0,0,0.5005972,25.58632,0,0,0,0.1280844,0.5269443,0.5005972,0,0,0.463765,10.20789,0,0.39886,-0.39886,13.13963,93.85429,0.04456504,0.5506569,0.1024675,0,10.33597
9/2/2007 7:00:00 PM,0,0,100.0138,90,0,0,1.650233,1.650233,0,-1,0,1.650233,0,0,2.220446E-16,0,0,1.737088,1.650233,0,0,0.9069427,9.809026,0,1.737088,-1.737088,11.30858,80.77538,0.04456504,1.815257,0,0,9.809026
9/2/2007 8:00:00 PM,0,0,103.4538,90,0,0,1.486338,1.486338,0,-1,0,1.486338,0,0,2.220446E-16,0,0,1.564566,1.486338,0,0,2.83704,8.071938,0,1.564566,-1.564566,9.659378,68.99542,0.04456504,1.634971,0,0,8.071938
9/2/2007 9:00:00 PM,0,0,108.5837,90,0,0,2.083456,2.083456,0,-1,0,2.083456,0,0,4.440892E-16,0,0,2.193112,2.083456,0,0,4.575447,6.507372,0,2.193112,-2.193112,7.347635,52.483,0.04456504,2.291802,0,0,6.507372
9/2/2007 10:00:00 PM,0,0,117.3868,90,0,0,0,0,0,-1,0,0,0,0,0,0,0,0,0,0,0,7.012238,4.31426,0,0,0,7.347635,52.483,0.04456504,0,0,0,4.31426
9/2/2007 11:00:00 PM,0,0,135.6251,90,0,0,0.2522929,0.2522929,0,-1,0,0.2522929,0,0,0,0,0,0.2655715,0.2522929,0,0,7.012238,4.31426,0,0.2655715,-0.2655715,7.067698,50.48346,0.04456504,0.2775222,0,0,4.31426
9/3/2007 12:00:00 AM,0,0,176.2058,90,0,0,0,0,0,-1,0,0,0,0,0,0,0,0,0,0,0,7.307317,4.048688,0,0,0,7.067698,50.48346,0.04456504,0,0,0,4.048688
9/3/2007 1:00:00 AM,0,0,-139.2673,90,0,0,0.1863137,0.1863137,0,-1,0,0.1863137,0,0,0,0,0,0.1961197,0.1863137,0,0,7.307317,4.048688,0,0.1961197,-0.1961197,6.86097,49.00683,0.04456504,0.204945,0,0,4.048688
9/3/2007 2:00:00 AM,0,0,-118.6703,90,0,0,0.03661583,0.03661583,0,-1,0,0.03661583,0,0,6.938894E-18,0,0,0.03854298,0.03661583,0,0,7.525228,3.852569,0,0.03854298,-0.03854298,6.820342,48.71663,0.04456504,0.04027741,0,0,3.852569
9/3/2007 3:00:00 AM,0,0,-109.096,90,0,0,0.07564095,0.07564095,0,-1,0,0.07564095,0,0,0,0,0,0.07962205,0.07564095,0,0,7.568054,3.814026,0,0.07962205,-0.07962205,6.736413,48.11714,0.04456504,0.08320504,0,0,3.814026
9/3/2007 4:00:00 AM,0,0,-103.6611,90,0,0,0.1699966,0.1699966,0,-1,0,0.1699966,0,0,2.775558E-17,0,0,0.1789438,0.1699966,0,0,7.656522,3.734404,0,0.1789438,-0.1789438,6.54779,46.76983,0.04456504,0.1869962,0,0,3.734404
9/3/2007 5:00:00 AM,0,0,-100.0716,90,0,0,0.01871585,0.01871585,0,0,0,0.01871585,0,0,0,0,0,0.0197009,0.01871585,0,0,7.855349,3.55546,0,0.0197009,-0.0197009,6.527023,46.6215,0.04456504,0.02058744,0,0,3.55546
9/3/2007 6:00:00 AM,0.004370883,0.0906616,-97.42024,91.07214,0.004306924,0.01932948,0.2243466,0.2243466,0,0,0,0.2243466,8.615897,0,2.775558E-17,0,0.01932948,0.2361544,0.2243466,0,0,7.877239,3.535759,0,0.2168249,-0.2168249,6.29847,44.98898,0.04456504,0.2467813,0.01546358,0,3.555089
9/3/2007 7:00:00 AM,0.02251027,14.81451,-95.27162,76.19747,0.02239086,0.1004902,0.1454862,0.1454862,0,0,0,0.1454862,69.07197,0,0,0,0.1004902,0.1531434,0.1454862,0,0,8.118155,3.318934,0,0.05265319,-0.05265319,6.242968,44.59254,0.04456504,0.1600348,0.08039215,0,3.419425
9/3/2007 8:00:00 AM,0.06855376,29.58663,-93.36539,61.34052,0.06820115,0.3060868,1.243861,1.243861,0,0,0,1.243861,24.60779,0,0,0,0.3060868,1.309328,1.243861,0,0,8.176659,3.266281,0,1.003241,-1.003241,5.18546,37.03893,0.04456504,1.368247,0.2448694,0,3.572368
9/3/2007 9:00:00 AM,0.1212496,44.38729,-91.4752,46.53247,0.1206381,0.5414237,1.16686,1.16686,0,-1,0,1.16686,46.40004,0,0,0,0.5414237,1.228274,1.16686,0,0,9.29137,2.263041,0,0.6868504,-0.6868504,4.461456,31.86748,0.04456504,1.283546,0.4331389,0,2.804464
9/3/2007 10:00:00 AM,0.03333962,59.20061,-89.22721,31.85363,0.03317465,0.1488878,0.1915664,0.1915664,0,0,0,0.1915664,77.72126,0,2.775558E-17,0,0.1488878,0.2016489,0.1915664,0,0,10.05454,1.57619,0,0.05276103,-0.05276103,4.405841,31.47023,0.04456504,0.2107231,0.1191103,0,1.725078
9/3/2007 11:00:00 AM,0.06516218,73.99837,-85.18533,17.64227,0.06484038,0.2910036,0.1950337,0.1950337,0,0,0,0.1950337,149.2069,0,0,0,0.2910036,0.2052986,0.1950337,0,0,10.11316,1.523429,0.08570503,0,0.08570503,4.487148,32.05099,0.04456304,0.214537,0.2328029,0,1.814433
9/3/2007 12:00:00 PM,0.1896728,88.01406,-32.61272,7.435969,0.1887379,0.8470556,0.8635217,0.8635217,0,0,0,0.8635217,98.09315,0,1.110223E-16,0,0.8470556,0.9089702,0.8635217,0,0,10.02746,1.600564,0,0.06191459,-0.06191459,4.421884,31.58482,0.04456304,0.9498739,0.6776445,0,2.447619
9/3/2007 1:00:00 PM,0.219446,76.12051,84.1013,15.71194,0.2183619,0.9800084,0.6453896,0.6453896,0,0,0,0.6453896,151.8475,0,0,0,0.9800084,0.6793575,0.6453896,0,0,10.09625,1.538649,0.3006509,0,0.3006509,4.707107,33.62212,0.044556,0.7099286,0.7840067,0,2.518657
9/3/2007 2:00:00 PM,0.2365121,61.3317,88.82554,29.76415,0.2353315,1.056168,1.546309,1.546309,0,-1,0,1.546309,68.30249,0,0,0,1.056168,1.627694,1.546309,0,0,9.795599,1.809235,0,0.5715263,-0.5715263,4.104665,29.31898,0.044556,1.70094,0.8449342,0,2.865402
9/3/2007 3:00:00 PM,0.2104786,46.51811,91.18726,44.40949,0.2094026,0.9397989,0.9187156,0.9187156,0,0,0,0.9187156,102.2949,0,0,0,0.9397989,0.967069,0.9187156,0,0,10.43063,1.237708,0,0.02727016,-0.02727016,4.07592,29.11365,0.044556,1.010587,0.7518391,0,2.177507
9/3/2007 4:00:00 PM,0.08604125,31.71464,93.09835,59.20601,0.08559775,0.3841627,0.9406486,0.9406486,0,0,0,0.9406486,40.84019,0,0,0,0.3841627,0.9901565,0.9406486,0,0,10.46093,1.210438,0,0.6059937,-0.6059937,3.437146,24.55099,0.044556,1.034714,0.3073302,0,1.594601
9/3/2007 5:00:00 PM,0.1124143,16.93738,94.98757,74.05838,0.1115499,0.5006357,0.8956091,0.8956091,4.400872,0,1.366438,0.8956091,55.89892,0,0,0,0.5006357,0,0,3.505263,3.33,11.13426,0.6044445,3.830636,0,3.830636,7.071206,50.50851,0.04496742,0.9851699,0.4005086,5,1.10508
9/3/2007 6:00:00 PM,0.02629334,2.205003,97.08738,88.93178,0.02424746,0.1088226,0.2813527,0.2813527,3.786616,0,1.198746,0.2813527,38.67836,4.440892E-16,0,0,0.1088226,0,0,3.505263,3.33,7.303619,4.052017,3.438823,0,3.438823,10.33356,73.811,0.04528902,0.309488,0.08705808,5,4.160839
9/3/2007 7:00:00 PM,0,0,99.64575,90,0,0,0,0,0,-1,0,0,0,0,0,0,0,0,0,0,0,3.864797,7.146957,0,0,0,10.33356,73.811,0.04528902,0,0,0,7.146957
9/3/2007 8:00:00 PM,0,0,103.0607,90,0,0,2.084496,2.084496,0,-1,0,2.084496,0,0,4.440892E-16,0,0,2.194206,2.084496,0,0,3.864797,7.146957,0,2.194206,-2.194206,8.020663,57.29034,0.04528902,2.292946,0,0,7.146957
9/3/2007 9:00:00 PM,0,0,108.1392,90,0,0,1.270245,1.270245,0,-1,0,1.270245,0,0,2.220446E-16,0,0,1.3371,1.270245,0,0,6.302804,4.952751,0,1.3371,-1.3371,6.611236,47.22302,0.04528902,1.39727,0,0,4.952751
9/3/2007 10:00:00 PM,0,0,116.8642,90,0,0,0,0,0,-1,0,0,0,0,0,0,0,0,0,0,0,7.788471,3.61565,0,0,0,6.611236,47.22302,0.04528902,0,0,0,3.61565
9/3/2007 11:00:00 PM,0,0,135.0919,90,0,0,0.04805287,0.04805287,0,-1,0,0.04805287,0,0,0,0,0,0.05058197,0.04805287,0,0,7.788471,3.61565,0,0.05058197,-0.05058197,6.557918,46.84217,0.04528902,0.05285816,0,0,3.61565
9/4/2007 12:00:00 AM,0,0,176.4169,90,0,0,0.4503403,0.4503403,0,-1,0,0.4503403,0,0,5.551115E-17,0,0,0.4740424,0.4503403,0,0,7.844673,3.565068,0,0.4740424,-0.4740424,6.058233,43.27301,0.04528902,0.4953744,0,0,3.565068
9/4/2007 1:00:00 AM,0,0,-138.401,90,0,0,0.3693291,0.3693291,0,-1,0,0.3693291,0,0,5.551115E-17,0,0,0.3887674,0.3693291,0,0,8.371387,3.091026,0,0.3887674,-0.3887674,5.648436,40.34589,0.04528902,0.406262,0,0,3.091026
9/4/2007 2:00:00 AM,0,0,-117.9793,90,0,0,0.1392934,0.1392934,0,-1,0,0.1392934,0,0,0,0,0,0.1466247,0.1392934,0,0,8.80335,2.702259,0,0.1466247,-0.1466247,5.49388,39.24192,0.04528902,0.1532228,0,0,2.702259
9/4/2007 3:00:00 AM,0,0,-108.5597,90,0,0,0.09267382,0.09267382,0,-1,0,0.09267382,0,0,1.387779E-17,0,0,0.09755139,0.09267382,0,0,8.966267,2.555634,0,0.09755139,-0.09755139,5.391052,38.50744,0.04528902,0.1019412,0,0,2.555634
9/4/2007 4:00:00 AM,0,0,-103.2113,90,0,0,0.2438885,0.2438885,0,-1,0,0.2438885,0,0,0,0,0,0.2567247,0.2438885,0,0,9.074657,2.458082,0,0.2567247,-0.2567247,5.12044,36.5745,0.04528902,0.2682773,0,0,2.458082
9/4/2007 5:00:00 AM,0,0,-99.66522,90,0,0,0.2186194,0.2186194,0,0,0,0.2186194,0,0,2.775558E-17,0,0,0.2301257,0.2186194,0,0,9.359907,2.201358,0,0.2301257,-0.2301257,4.877867,34.84184,0.04528902,0.2404814,0,0,2.201358
9/4/2007 6:00:00 AM,0.0224844,0.1126724,-97.02741,90.98921,0.01193197,0.05355068,0,0,0,0,0,0,0,0,0,0,0.05355068,0,0,0,0,9.615602,1.971232,0.05355068,0,0.05355068,4.928669,35.20471,0.04528775,0,0.04284054,0,2.024783
9/4/2007 7:00:00 AM,0.1856617,14.84745,-94.86604,76.10182,0.1789203,0.8029943,0.3533655,0.3533655,0,0,0,0.3533655,227.2419,0,0,0,0.8029943,0.3719636,0.3533655,0,0,9.562052,2.019428,0.4310307,0,0.4310307,5.337581,38.1255,0.04527755,0.388702,0.6423954,0,2.822422
9/4/2007 8:00:00 AM,0.4402897,29.62738,-92.91529,61.23049,0.4307064,1.93301,1.331015,1.331015,0,0,0,1.331015,145.2283,0,0,0,1.93301,1.401068,1.331015,0,0,9.131021,2.407355,0.5319421,0,0.5319421,5.842226,41.7301,0.04526496,1.464117,1.546408,0,4.340366
9/4/2007 9:00:00 AM,0.574393,44.43282,-90.92812,46.40342,0.5678974,2.548723,0.3573574,0.3573574,0,-1,0,0.3573574,713.2141,0,0,0,2.548723,0.3761657,0.3573574,0,0,8.599079,2.886103,2.172558,0,2.172558,7.903295,56.45199,0.0452136,0.3930932,2.038979,0,5.434826
9/4/2007 10:00:00 AM,0.5924518,59.24621,-88.46347,31.69362,0.5885325,2.641334,0.1165177,0.1165177,0,0,0,0.1165177,2266.895,0,0,0,2.641334,0.1226502,0.1165177,0,0,6.426521,4.841405,2.518684,0,2.518684,10.29273,73.51933,0.04515421,0.1281695,2.113067,0,7.482739
9/4/2007 11:00:00 AM,0.5956068,74.02914,-83.76105,17.41245,0.5924715,2.659012,0.9096778,0.9096778,0,0,0,0.9096778,292.3026,0,0,0,2.659012,0.9575556,0.9096778,0,0,3.907838,7.10822,1.701457,0,1.701457,11.90687,85.04891,0.04511417,1.000646,2.12721,0,9.767233
9/4/2007 12:00:00 PM,0.5959248,87.71776,-25.6402,7.043492,0.5929616,2.661211,0,0,0,0,0,0,0,0.4548306,0,0,2.661211,0,0,0,0,2.206381,8.639531,2.206381,0,2.206381,14.00003,100,0.04506237,0,2.128969,0,11.30074
9/4/2007 1:00:00 PM,0.4108531,75.98003,82.57671,15.61436,0.4088235,1.8348,0,0,0,0,0,0,0,1.8348,0,0,1.8348,0,0,0,0,0,10.62527,0,0,0,14.00003,100,0.04506237,0,1.46784,0,12.46007
9/4/2007 2:00:00 PM,0.3828882,61.21008,88.04708,29.76125,0.3809183,1.709561,0.3305683,0.3305683,0,-1,0,0.3305683,517.1583,1.361595,0,0,1.709561,0.3479666,0.3305683,0,0,0,10.62527,0,0,0,14.00003,100,0.04506237,0.3636251,1.367649,0,12.33484
9/4/2007 3:00:00 PM,0.4263357,46.39741,90.64366,44.44314,0.4232884,1.899718,1.196581,1.196581,0,0,0,1.196581,158.7623,0.6401598,0,0,1.899718,1.259558,1.196581,0,0,0,10.62527,0,0,0,14.00003,100,0.04506237,1.316239,1.519775,0,12.52499
9/4/2007 4:00:00 PM,0.2861156,31.58983,92.66002,59.26063,0.2835648,1.272639,1.025292,1.025292,0,0,0,1.025292,124.1245,0.1933841,0,0,1.272639,1.079255,1.025292,0,0,0,10.62527,0,0,0,14.00003,100,0.04506237,1.127821,1.018111,0,11.89791
9/4/2007 5:00:00 PM,0.09853941,16.80553,94.6002,74.12817,0.0978949,0.4393523,0.7562451,0.7562451,0,0,0,0.7562451,58.09655,0,0,0,0.4393523,0.7960474,0.7562451,0,0,0,10.62527,0,0.3566951,-0.3566951,13.62404,97.31436,0.04506237,0.8318695,0.3514819,0,11.06463
9/4/2007 6:00:00 PM,0.02005195,2.06333,96.72007,89.0145,0.01941305,0.08712576,0,0,0,0,0,0,0,0,0,0,0.08712576,0,0,0,0,0.3963279,10.26858,0.08712576,0,0.08712576,13.70669,97.90475,0.04506032,0,0.06970061,0,10.35571
9/4/2007 7:00:00 PM,0,0,99.27534,90,0,0,1.123388,1.123388,0,-1,0,1.123388,0,0,2.220446E-16,0,0,1.182514,1.123388,0,0,0.3092021,10.34699,0,1.182514,-1.182514,12.46021,89.00135,0.04506032,1.235727,0,0,10.34699
9/4/2007 8:00:00 PM,0,0,102.6645,90,0,0,3.26415,3.26415,0,-1,0,3.26415,0,0,0,0.2605646,0,3.435947,3.26415,0,0,1.623107,9.164478,0,3.435947,-3.435947,8.838408,63.13136,0.04506032,3.590564,0,0,9.164478
9/4/2007 9:00:00 PM,0,0,107.6898,90,0,0,0,0,0,-1,0,0,0,0,0,0,0,0,0,0,0,5.440825,5.728531,0,0,0,8.838408,63.13136,0.04506032,0,0,0,5.728531
9/4/2007 10:00:00 PM,0,0,116.3328,90,0,0,0.01907829,0.01907829,0,-1,0,0.01907829,0,0,0,0,0,0.02008241,0.01907829,0,0,5.440825,5.728531,0,0.02008241,-0.02008241,8.817239,62.98015,0.04506032,0.02098612,0,0,5.728531
9/4/2007 11:00:00 PM,0,0,134.5428,90,0,0,0.03533923,0.03533923,0,-1,0,0.03533923,0,0,6.938894E-18,0,0,0.03719918,0.03533923,0,0,5.463139,5.708449,0,0.03719918,-0.03719918,8.778028,62.70007,0.04506032,0.03887315,0,0,5.708449
9/5/2007 12:00:00 AM,0,0,176.6432,90,0,0,0.411865,0.411865,0,-1,0,0.411865,0,0,5.551115E-17,0,0,0.4335421,0.411865,0,0,5.504472,5.67125,0,0.4335421,-0.4335421,8.321034,59.43584,0.04506032,0.4530515,0,0,5.67125
9/5/2007 1:00:00 AM,0,0,-137.5095,90,0,0,0.1210667,0.1210667,0,-1,0,0.1210667,0,0,0,0,0,0.1274386,0.1210667,0,0,5.986185,5.237708,0,0.1274386,-0.1274386,8.186702,58.47633,0.04506032,0.1331733,0,0,5.237708
9/5/2007 2:00:00 AM,0,0,-117.2796,90,0,0,0.2500636,0.2500636,0,-1,0,0.2500636,0,0,5.551115E-17,0,0,0.2632248,0.2500636,0,0,6.127784,5.110269,0,0.2632248,-0.2632248,7.909239,56.49445,0.04506032,0.2750699,0,0,5.110269
9/5/2007 3:00:00 AM,0,0,-108.0193,90,0,0,0.09489676,0.09489676,0,-1,0,0.09489676,0,0,0,0,0,0.09989132,0.09489676,0,0,6.420256,4.847044,0,0.09989132,-0.09989132,7.803944,55.74235,0.04506032,0.1043864,0,0,4.847044
9/5/2007 4:00:00 AM,0,0,-102.7587,90,0,0,0.276973,0.276973,0,-1,0,0.276973,0,0,5.551115E-17,0,0,0.2915505,0.276973,0,0,6.531246,4.747153,0,0.2915505,-0.2915505,7.496623,53.5472,0.04506032,0.3046703,0,0,4.747153
9/5/2007 5:00:00 AM,0,0,-99.25646,90,0,0,0.3046972,0.3046972,0,0,0,0.3046972,0,0,0,0,0,0.3207339,0.3046972,0,0,6.855191,4.455602,0,0.3207339,-0.3207339,7.15854,51.13232,0.04506032,0.3351669,0,0,4.455602
9/5/2007 6:00:00 AM,0.009783703,0.1357784,-96.63232,90.9048,0.009503944,0.0426537,0.2744997,0.2744997,0,0,0,0.2744997,15.5387,0,0,0,0.0426537,0.2889471,0.2744997,0,0,7.211562,4.134869,0,0.2462934,-0.2462934,6.898923,49.27793,0.04506032,0.3019497,0.03412296,0,4.177522
9/5/2007 7:00:00 AM,0.1342155,14.88084,-94.45804,76.00529,0.1322247,0.5934244,0,0,0,0,0,0,0,0,0,0,0.5934244,0,0,0,0,7.485221,3.888575,0.5934244,0,0.5934244,7.461895,53.29914,0.04504641,0,0.4747395,0,4.481999
9/5/2007 8:00:00 AM,0.3990386,29.6678,-92.4623,61.12025,0.3920001,1.759297,0.9865987,0.9865987,0,0,0,0.9865987,178.3194,0,0,0,1.759297,1.038525,0.9865987,0,0,6.891797,4.422657,0.7207717,0,0.7207717,8.145679,58.18331,0.04502952,1.085259,1.407437,0,6.181953
9/5/2007 9:00:00 AM,0.3317239,44.47694,-90.37715,46.27501,0.3298105,1.48019,0.9181824,0.9181824,0,-1,0,0.9181824,161.2086,0,0,0,1.48019,0.9665078,0.9181824,0,0,6.171025,5.071352,0.5136817,0,0.5136817,8.633,61.66417,0.0450175,1.010001,1.184152,0,6.551541
9/5/2007 10:00:00 AM,0.5377189,59.28852,-87.69347,31.53548,0.5346596,2.399552,2.418596,2.418596,0,0,0,2.418596,99.21263,0,0,0,2.399552,2.54589,2.418596,0,0,5.657343,5.533665,0,0.1463378,-0.1463378,8.478747,60.56236,0.0450175,2.660455,1.919642,0,7.933217
9/5/2007 11:00:00 AM,0.8349631,74.05158,-82.32401,17.18628,0.8307472,3.728393,0,0,0,0,0,0,0,0,0,0,3.728393,0,0,0,0,5.819941,5.387327,3.728393,0,3.728393,12.01581,85.82706,0.04493039,0,2.982715,0,9.115721
9/5/2007 12:00:00 PM,0.9607943,87.39419,-20.28286,6.648903,0.9565046,4.292793,0.7343392,0.7343392,0,0,0,0.7343392,584.579,1.428256,0,0,4.292793,0.7729886,0.7343392,0,0,2.091548,8.742882,2.091548,0,2.091548,14.00003,100,0.04488168,0.8077731,3.434234,0,13.03567
9/5/2007 1:00:00 PM,0.7522689,75.82841,81.07564,15.52637,0.7486034,3.359732,0,0,0,0,0,0,0,3.359732,0,0,3.359732,0,0,0,0,0,10.62527,0,0,0,14.00003,100,0.04488168,0,2.687786,0,13.98501
9/5/2007 2:00:00 PM,0.7594258,61.08235,87.27087,29.76407,0.7544549,3.385993,1.179969,1.179969,0,-1,0,1.179969,286.956,2.14392,0,0,3.385993,1.242073,1.179969,0,0,0,10.62527,0,0,0,14.00003,100,0.04488168,1.297966,2.708795,0,14.01127
9/5/2007 3:00:00 PM,0.5822671,46.27249,90.09977,44.48071,0.5767775,2.588577,0.334406,0.334406,0,0,0,0.334406,774.0821,2.236571,0,0,2.588577,0.3520063,0.334406,0,0,0,10.62527,0,0,0,14.00003,100,0.04488168,0.3678466,2.070862,0,13.21385
9/5/2007 4:00:00 PM,0.3575991,31.46187,92.22068,59.31813,0.3531104,1.584759,1.269631,1.269631,0,0,0,1.269631,124.8205,0.2483058,0,0,1.584759,1.336454,1.269631,0,0,0,10.62527,0,0,0,14.00003,100,0.04488168,1.396594,1.267808,0,12.21003
9/5/2007 5:00:00 PM,0.1067033,16.67127,94.21143,74.20007,0.1059566,0.4755334,1.209639,1.209639,0,0,0,1.209639,39.31202,0,0,0,0.4755334,1.273304,1.209639,0,0,0,10.62527,0,0.7977706,-0.7977706,13.1591,93.99341,0.04488168,1.330603,0.3804267,0,11.10081
9/5/2007 6:00:00 PM,0.01532698,1.919833,96.35102,89.09871,0.01505132,0.06755032,1.407,1.407,0,0,0,1.407,4.801017,0,2.220446E-16,0,0.06755032,1.481053,1.407,0,0,0.8864118,9.827503,0,1.413502,-1.413502,11.66914,83.35085,0.04488168,1.5477,0.05404025,0,9.895054
9/5/2007 7:00:00 PM,0,0,98.90269,90,0,0,0.2543123,0.2543123,0,-1,0,0.2543123,0,0,5.551115E-17,0,0,0.2676971,0.2543123,0,0,2.45697,8.414001,0,0.2676971,-0.2676971,11.38696,81.3353,0.04488168,0.2797435,0,0,8.414001
9/5/2007 8:00:00 PM,0,0,102.2651,90,0,0,0.5039697,0.5039697,0,-1,0,0.5039697,0,0,1.110223E-16,0,0,0.5304944,0.5039697,0,0,2.754411,8.146304,0,0.5304944,-0.5304944,10.82777,77.34109,0.04488168,0.5543666,0,0,8.146304
9/5/2007 9:00:00 PM,0,0,107.2357,90,0,0,0.7475139,0.7475139,0,-1,0,0.7475139,0,0,1.110223E-16,0,0,0.7868567,0.7475139,0,0,3.343849,7.61581,0,0.7868567,-0.7868567,9.998354,71.41667,0.04488168,0.8222653,0,0,7.61581
9/5/2007 10:00:00 PM,0,0,115.7926,90,0,0,0.3022953,0.3022953,0,-1,0,0.3022953,0,0,0,0,0,0.3182056,0.3022953,0,0,4.218134,6.828953,0,0.3182056,-0.3182056,9.662936,69.02084,0.04488168,0.3325249,0,0,6.828953
9/5/2007 11:00:00 PM,0,0,133.9771,90,0,0,0.1839627,0.1839627,0,-1,0,0.1839627,0,0,2.775558E-17,0,0,0.193645,0.1839627,0,0,4.571696,6.510747,0,0.193645,-0.193645,9.458817,67.56284,0.04488168,0.202359,0,0,6.510747
9/6/2007 12:00:00 AM,0,0,176.8855,90,0,0,0.3981351,0.3981351,0,-1,0,0.3981351,0,0,0,0,0,0.4190896,0.3981351,0,0,4.786858,6.317102,0,0.4190896,-0.4190896,9.017057,64.40742,0.04488168,0.4379486,0,0,6.317102
9/6/2007 1:00:00 AM,0,0,-136.5927,90,0,0,0.04941341,0.04941341,0,-1,0,0.04941341,0,0,6.938894E-18,0,0,0.05201411,0.04941341,0,0,5.252512,5.898013,0,0.05201411,-0.05201411,8.96223,64.01579,0.04488168,0.05435475,0,0,5.898013
9/6/2007 2:00:00 AM,0,0,-116.5716,90,0,0,0.2648632,0.2648632,0,-1,0,0.2648632,0,0,0,0,0,0.2788034,0.2648632,0,0,5.310306,5.845999,0,0.2788034,-0.2788034,8.668344,61.91663,0.04488168,0.2913495,0,0,5.845999
9/6/2007 3:00:00 AM,0,0,-107.4749,90,0,0,0.105718,0.105718,0,-1,0,0.105718,0,0,0,0,0,0.1112821,0.105718,0,0,5.620088,5.567195,0,0.1112821,-0.1112821,8.551044,61.07876,0.04488168,0.1162898,0,0,5.567195
9/6/2007 4:00:00 AM,0,0,-102.3035,90,0,0,0.09258077,0.09258077,0,-1,0,0.09258077,0,0,1.387779E-17,0,0,0.09745345,0.09258077,0,0,5.743734,5.455913,0,0.09745345,-0.09745345,8.448318,60.34501,0.04488168,0.1018389,0,0,5.455913
9/6/2007 5:00:00 AM,0,0,-98.84551,90,0,0,0,0,0,0,0,0,0,0,0,0,0,0,0,0,0,5.852016,5.35846,0,0,0,8.448318,60.34501,0.04488168,0,0,0,5.35846
9/6/2007 6:00:00 AM,0.01401811,0.1599075,-96.23512,90.81899,0.01288881,0.05784497,0.1029846,0.1029846,0,0,0,0.1029846,56.16854,0,0,0,0.05784497,0.1084049,0.1029846,0,0,5.852016,5.35846,0,0.0505599,-0.0505599,8.395023,59.96433,0.04488168,0.1132831,0.04627597,0,5.416305
9/6/2007 7:00:00 AM,0.1313967,14.91458,-94.04774,75.90801,0.1296637,0.5819308,0.235593,0.235593,0,0,0,0.235593,247.0068,0,0,0,0.5819308,0.2479926,0.235593,0,0,5.908194,5.3079,0.3339381,0,0.3339381,8.711824,62.2272,0.04487391,0.2591523,0.4655446,0,5.889831
9/6/2007 8:00:00 AM,0.1791542,29.70779,-92.00655,61.00994,0.1781603,0.7995833,1.182663,1.182663,0,0,0,1.182663,67.60869,0,2.220446E-16,0,0.7995833,1.244909,1.182663,0,0,5.574255,5.608444,0,0.4453257,-0.4453257,8.242411,58.87424,0.04487391,1.30093,0.6396666,0,6.408028
9/6/2007 9:00:00 AM,0.3905589,44.51954,-89.82245,46.14739,0.3881397,1.741971,1.570602,1.570602,0,-1,0,1.570602,110.911,0,0,0,1.741971,1.653266,1.570602,0,0,6.069062,5.163118,0.08870513,0,0.08870513,8.326564,59.47533,0.04487184,1.727663,1.393577,0,6.905089
9/6/2007 10:00:00 AM,0.2734654,59.32737,-86.91757,31.37942,0.2721195,1.221272,1.182556,1.182556,0,0,0,1.182556,103.2739,0,0,0,1.221272,1.244796,1.182556,0,0,5.980357,5.242953,0,0.02352351,-0.02352351,8.301767,59.29822,0.04487184,1.300812,0.9770178,0,6.464225
9/6/2007 11:00:00 AM,0.1882869,74.06543,-80.876,16.96418,0.1873659,0.8408983,1.329572,1.329572,0,0,0,1.329572,63.24578,0,0,0,0.8408983,1.39955,1.329572,0,0,6.006494,5.219429,0,0.5586513,-0.5586513,7.712897,55.09201,0.04487184,1.462529,0.6727186,0,6.060328
9/6/2007 12:00:00 PM,0.2056497,87.05147,-16.10013,6.252367,0.2046464,0.9184532,0,0,0,0,0,0,0,0,0,0,0.9184532,0,0,0,0,6.627218,4.660779,0.9184532,0,0.9184532,8.584218,61.31572,0.04485049,0,0.7347625,0,5.579231
9/6/2007 1:00:00 PM,0.4390659,75.66592,79.60017,15.44826,0.4369924,1.961222,0,0,0,0,0,0,0,0,0,0,1.961222,0,0,0,0,5.708765,5.487386,1.961222,0,1.961222,10.4448,74.60555,0.04480498,0,1.568978,0,7.448608
9/6/2007 2:00:00 PM,0.400249,60.94862,86.49741,29.77263,0.3982752,1.787459,0.3472439,0.3472439,0,-1,0,0.3472439,514.756,0,0,0,1.787459,0.3655199,0.3472439,0,0,3.747542,7.252486,1.421939,0,1.421939,11.79377,84.24103,0.04477203,0.3819683,1.429967,0,9.039945
9/6/2007 3:00:00 PM,0.2802968,46.14345,89.55583,44.52217,0.2788537,1.251495,0.2608912,0.2608912,0,0,0,0.2608912,479.7001,0,0,0,1.251495,0.2746224,0.2608912,0,0,2.325603,8.532231,0.976873,0,0.976873,12.72051,90.8606,0.04474942,0.2869804,1.001196,0,9.783727
9/6/2007 4:00:00 PM,0.2091105,31.33084,91.78048,59.37844,0.2079007,0.9330584,0.1020948,0.1020948,0,0,0,0.1020948,913.9134,0,0,0,0.9330584,0.1074683,0.1020948,0,0,1.34873,9.411417,0.8255902,0,0.8255902,13.50373,96.45505,0.04473034,0.1123043,0.7464467,0,10.34448
9/6/2007 5:00:00 PM,0.09640133,16.53468,93.82141,74.27402,0.09579546,0.42993,1.580841,1.580841,0,0,0,1.580841,27.19629,0,0,0,0.42993,1.664043,1.580841,0,0,0.52314,10.15445,0,1.234113,-1.234113,12.20286,87.16315,0.04473034,1.738925,0.343944,0,10.58438
9/6/2007 6:00:00 PM,0.03537608,1.774624,95.98033,89.18431,0.02507896,0.1125544,0.5603422,0.5603422,0,0,0,0.5603422,20.08672,0,0,0,0.1125544,0.5898339,0.5603422,0,0,1.894377,8.920335,0,0.4772795,-0.4772795,11.69977,83.5696,0.04473034,0.6163764,0.09004349,0,9.032889
9/6/2007 7:00:00 PM,0,0,98.5279,90,0,0,1.438086,1.438086,0,-1,0,1.438086,0,0,2.220446E-16,0,0,1.513774,1.438086,0,0,2.424687,8.443056,0,1.513774,-1.513774,10.10411,72.17207,0.04473034,1.581894,0,0,8.443056
9/6/2007 8:00:00 PM,0,0,101.8627,90,0,0,1.14821,1.14821,0,-1,0,1.14821,0,0,0,0,0,1.208642,1.14821,0,0,4.106658,6.929281,0,1.208642,-1.208642,8.830089,63.07193,0.04473034,1.263031,0,0,6.929281
9/6/2007 9:00:00 PM,0,0,106.7768,90,0,0,0.7591646,0.7591646,0,-1,0,0.7591646,0,0,1.110223E-16,0,0,0.7991207,0.7591646,0,0,5.449595,5.720639,0,0.7991207,-0.7991207,7.987741,57.05518,0.04473034,0.8350811,0,0,5.720639
9/6/2007 10:00:00 PM,0,0,115.2436,90,0,0,0.04196175,0.04196175,0,-1,0,0.04196175,0,0,6.938894E-18,0,0,0.04417026,0.04196175,0,0,6.337507,4.921518,0,0.04417026,-0.04417026,7.941182,56.72261,0.04473034,0.04615793,0,0,4.921518
9/6/2007 11:00:00 PM,0,0,133.3939,90,0,0,0.2682924,0.2682924,0,-1,0,0.2682924,0,0,5.551115E-17,0,0,0.282413,0.2682924,0,0,6.386585,4.877348,0,0.282413,-0.282413,7.643492,54.59626,0.04473034,0.2951216,0,0,4.877348
9/7/2007 12:00:00 AM,0,0,177.1449,90,0,0,0,0,0,-1,0,0,0,0,0,0,0,0,0,0,0,6.700377,4.594935,0,0,0,7.643492,54.59626,0.04473034,0,0,0,4.594935
9/7/2007 1:00:00 AM,0,0,-135.6505,90,0,0,0,0,0,-1,0,0,0,0,0,0,0,0,0,0,0,6.700377,4.594935,0,0,0,7.643492,54.59626,0.04473034,0,0,0,4.594935
9/7/2007 2:00:00 AM,0,0,-115.8556,90,0,0,0.2498374,0.2498374,0,-1,0,0.2498374,0,0,0,0,0,0.2629868,0.2498374,0,0,6.700377,4.594935,0,0.2629868,-0.2629868,7.36628,52.61618,0.04473034,0.2748212,0,0,4.594935
9/7/2007 3:00:00 AM,0,0,-106.9269,90,0,0,0.06363209,0.06363209,0,-1,0,0.06363209,0,0,0,0,0,0.06698115,0.06363209,0,0,6.992585,4.331948,0,0.06698115,-0.06698115,7.295675,52.11186,0.04473034,0.06999531,0,0,4.331948
9/7/2007 4:00:00 AM,0,0,-101.8458,90,0,0,0,0,0,-1,0,0,0,0,0,0,0,0,0,0,0,7.067008,4.264967,0,0,0,7.295675,52.11186,0.04473034,0,0,0,4.264967
9/7/2007 5:00:00 AM,0,0,-98.43251,90,0,0,0.1186412,0.1186412,0,0,0,0.1186412,0,0,1.387779E-17,0,0,0.1248855,0.1186412,0,0,7.067008,4.264967,0,0.1248855,-0.1248855,7.164035,51.17157,0.04473034,0.1305054,0,0,4.264967
9/7/2007 6:00:00 AM,0.01822421,0.1849852,-95.83592,90.7319,0.01425186,0.06396235,0.1041625,0.1041625,0,0,0,0.1041625,61.4063,0,1.387779E-17,0,0.06396235,0.1096448,0.1041625,0,0,7.20577,4.140081,0,0.0456824,-0.0456824,7.115881,50.82762,0.04473034,0.1145788,0.05116988,0,4.204044
9/7/2007 7:00:00 AM,0.0773,14.94859,-93.63528,75.81007,0.07683817,0.3448497,0.462395,0.462395,0,0,0,0.462395,74.57903,0,0,0,0.3448497,0.4867316,0.462395,0,0,7.256528,4.094399,0,0.1418819,-0.1418819,6.966324,49.75936,0.04473034,0.5086346,0.2758798,0,4.439249
9/7/2007 8:00:00 AM,0.2066421,29.74724,-91.5482,60.8997,0.2054271,0.9219569,0.2457414,0.2457414,0,0,0,0.2457414,375.1736,0,0,0,0.9219569,0.2586752,0.2457414,0,0,7.414175,3.952517,0.6632817,0,0.6632817,7.595569,54.25396,0.04471501,0.2703156,0.7375655,0,4.874474
9/7/2007 9:00:00 AM,0.3267119,44.56047,-89.26422,46.02074,0.3249702,1.458466,1.055982,1.055982,0,-1,0,1.055982,138.1147,0,0,0,1.458466,1.11156,1.055982,0,0,6.750893,4.549471,0.3469063,0,0.3469063,7.924673,56.60469,0.044707,1.16158,1.166773,0,6.007937
9/7/2007 10:00:00 AM,0.4409113,59.36259,-86.13613,31.22567,0.4387942,1.969308,0.6010142,0.6010142,0,0,0,0.6010142,327.6642,0,0,0,1.969308,0.6326465,0.6010142,0,0,6.403986,4.861686,1.336662,0,1.336662,9.192741,65.66231,0.04467617,0.6611156,1.575447,0,6.830995
9/7/2007 11:00:00 AM,0.2115079,74.07043,-79.41893,16.7466,0.2104785,0.9446273,0.1920171,0.1920171,0,0,0,0.1920171,491.9496,0,0,0,0.9446273,0.2021233,0.1920171,0,0,5.067325,6.064682,0.7425041,0,0.7425041,9.897142,70.69373,0.04465906,0.2112188,0.7557019,0,7.009309
9/7/2007 12:00:00 PM,0.1320309,86.69486,-12.77312,5.854059,0.1313855,0.589658,0,0,0,0,0,0,0,0,0,0,0.589658,0,0,0,0,4.324821,6.732935,0.589658,0,0.589658,10.45654,74.68943,0.04464548,0,0.4717264,0,7.322594
9/7/2007 1:00:00 PM,0.2858903,75.49287,78.15209,15.38031,0.2845061,1.276864,0.998961,0.998961,0,0,0,0.998961,127.8192,0,0,0,1.276864,1.051538,0.998961,0,0,3.735163,7.263628,0.2253257,0,0.2253257,10.6703,76.21631,0.04464029,1.098857,1.021491,0,8.540491
9/7/2007 2:00:00 PM,0.1383108,60.80899,85.72721,29.78694,0.1376322,0.6176932,0.1036664,0.1036664,0,-1,0,0.1036664,595.8472,0,0,0,0.6176932,0.1091225,0.1036664,0,0,3.509837,7.466421,0.5085707,0,0.5085707,11.15278,79.66253,0.04462859,0.114033,0.4941546,0,8.084114
9/7/2007 3:00:00 PM,0.1816948,46.01036,89.01208,44.56747,0.1807919,0.8113939,0,0,0,0,0,0,0,0,0,0,0.8113939,0,0,0,0,3.001266,7.924135,0.8113939,0,0.8113939,11.92253,85.16077,0.04460993,0,0.6491151,0,8.735528
9/7/2007 4:00:00 PM,0.1766001,31.19683,91.33959,59.44149,0.1756633,0.7883767,0.003652659,0.003652659,0,0,0,0.003652659,21583.64,0,0,0,0.7883767,0.003844905,0.003652659,0,0,2.189872,8.654389,0.7845318,0,0.7845318,12.66681,90.477,0.0445919,0.004017925,0.6307014,0,9.442766
9/7/2007 5:00:00 PM,0.04769103,16.39589,93.43024,74.34991,0.04743382,0.212883,1.143697,1.143697,0,0,0,1.143697,18.61358,0,2.220446E-16,0,0.212883,1.203892,1.143697,0,0,1.405341,9.360468,0,0.9910085,-0.9910085,11.62219,83.01548,0.0445919,1.258067,0.1703064,0,9.573351
9/7/2007 6:00:00 PM,0.03043273,1.627817,95.6081,89.27119,0.02398397,0.1076401,2.607689,2.607689,0,0,0,2.607689,4.127794,0,4.440892E-16,0,0.1076401,2.744936,2.607689,0,0,2.506461,8.369459,0,2.637296,-2.637296,8.842237,63.1587,0.0445919,2.868458,0.08611204,0,8.477099
9/7/2007 7:00:00 PM,0,0,98.15104,90,0,0,0.9168249,0.9168249,0,-1,0,0.9168249,0,0,1.110223E-16,0,0,0.9650788,0.9168249,0,0,5.43679,5.732163,0,0.9650788,-0.9650788,7.824954,55.89241,0.0445919,1.008507,0,0,5.732163
9/7/2007 8:00:00 PM,0,0,101.4574,90,0,0,1.861259,1.861259,0,-1,0,1.861259,0,0,2.220446E-16,0,0,1.95922,1.861259,0,0,6.5091,4.767085,0,1.95922,-1.95922,5.759754,41.14102,0.0445919,2.047385,0,0,4.767085
9/7/2007 9:00:00 PM,0,0,106.3132,90,0,0,2.92311,2.667471,0,-1,0,2.667471,0,0,0.2556394,0.5479504,0,2.807864,2.667471,0,0,8.686011,2.807864,0,2.807864,-2.807864,2.800006,20,0.0445919,3.215421,0,0,2.807864
9/7/2007 10:00:00 PM,0,0,114.6856,90,0,0,0.2864375,0,0,-1,0,0,0,0,0.2864375,0.3150812,0,0,0,0,0,11.80586,0,0,0,0,2.800006,20,0.0445919,0.3150812,0,0,0
9/7/2007 11:00:00 PM,0,0,132.7924,90,0,0,0.08192289,0,0,-1,0,0,0,0,0.08192289,0.09011518,0,0,0,0,0,11.80586,0,0,0,0,2.800006,20,0.0445919,0.09011518,0,0,0
9/8/2007 12:00:00 AM,0,0,177.4225,90,0,0,0.3843103,0,0,-1,0,0,0,0,0.3843103,0.4227413,0,0,0,0,0,11.80586,0,0,0,0,2.800006,20,0.0445919,0.4227413,0,0,0
9/8/2007 1:00:00 AM,0,0,-134.683,90,0,0,0.05028305,0,0,-1,0,0,0,0,0.05028305,0.05531136,0,0,0,0,0,11.80586,0,0,0,0,2.800006,20,0.0445919,0.05531136,0,0,0
9/8/2007 2:00:00 AM,0,0,-115.1321,90,0,0,0.1651209,0,0,-1,0,0,0,0,0.1651209,0.181633,0,0,0,0,0,11.80586,0,0,0,0,2.800006,20,0.0445919,0.181633,0,0,0
9/8/2007 3:00:00 AM,0,0,-106.3754,90,0,0,0.03915685,0,0,-1,0,0,0,0,0.03915685,0.04307254,0,0,0,0,0,11.80586,0,0,0,0,2.800006,20,0.0445919,0.04307254,0,0,0
9/8/2007 4:00:00 AM,0,0,-101.3859,90,0,0,0.07063357,0,0,-1,0,0,0,0,0.07063357,0.07769693,0,0,0,0,0,11.80586,0,0,0,0,2.800006,20,0.0445919,0.07769693,0,0,0
9/8/2007 5:00:00 AM,0,0,-98.0176,90,0,0,0.382245,0.382245,3.887508,0,1.22629,0.382245,0,0,0,0,0,0,0,3.505263,3.33,11.80586,0,3.33,0,3.33,5.959121,42.56506,0.04492691,0.4204695,0,5,0
9/8/2007 6:00:00 AM,0.01824475,0.2109344,-95.43486,90.64361,0.01436727,0.0644803,0.1459513,0.1459513,3.651214,0,1.161782,0.1459513,44.17933,0,0,0,0.0644803,0,0,3.505263,3.33,8.475861,2.997,3.39448,0,3.39448,9.179408,65.56707,0.04522248,0.1605464,0.05158424,5,3.06148
9/8/2007 7:00:00 AM,0.1817432,14.98277,-93.22078,75.7116,0.1772193,0.7953604,1.418908,1.418908,4.628151,0,1.428485,1.418908,56.05442,0,0,0,0.7953604,0,0,3.209244,3.048781,5.08138,6.052032,3.844142,0,3.844142,12.82628,91.61611,0.04565834,1.560798,0.6362883,5,6.847393
9/8/2007 8:00:00 AM,0.4056077,29.78605,-91.08737,60.78963,0.4002885,1.796495,1.013368,1.013368,0,0,0,1.013368,177.2796,0,0,0,1.796495,1.066703,1.013368,0,0,1.237238,9.51176,0.7297917,0,0.7297917,13.51862,96.56139,0.04564128,1.114705,1.437196,0,11.30825
9/8/2007 9:00:00 AM,0.6247945,44.59962,-88.70265,45.8952,0.6203918,2.784318,0,0,0,-1,0,0,0,2.276872,0,0,2.784318,0,0,0,0,0.5074464,10.16857,0.5074464,0,0.5074464,14.00003,100,0.04562942,0,2.227455,0,12.95289
9/8/2007 10:00:00 AM,0.7439176,59.39403,-85.34953,31.07445,0.7410758,3.325948,1.695844,1.695844,0,0,0,1.695844,196.1235,1.540849,0,0,3.325948,1.785098,1.695844,0,0,0,10.62527,0,0,0,14.00003,100,0.04562942,1.865428,2.660758,0,13.95122
9/8/2007 11:00:00 AM,0.8318266,74.06637,-77.9548,16.534,0.8298606,3.724415,0.6046242,0.6046242,0,0,0,0.6046242,615.9883,3.087968,0,0,3.724415,0.6364465,0.6046242,0,0,0,10.62527,0,0,0,14.00003,100,0.04562942,0.6650866,2.979532,0,14.34969
9/8/2007 12:00:00 PM,1.086357,86.32784,-10.07805,5.454166,1.08482,4.868674,1.951954,1.951954,0,0,0,1.951954,249.4256,2.813985,0,0,4.868674,2.054689,1.951954,0,0,0,10.62527,0,0,0,14.00003,100,0.04562942,2.14715,3.894939,0,15.49395
9/8/2007 1:00:00 PM,1.125316,75.30958,76.73296,15.32276,1.123243,5.041113,0.4619258,0.4619258,0,0,0,0.4619258,1091.325,4.554875,0,0,5.041113,0.4862376,0.4619258,0,0,0,10.62527,0,0,0,14.00003,100,0.04562942,0.5081183,4.03289,0,15.66639
9/8/2007 2:00:00 PM,1.017474,60.66359,84.96073,29.80697,1.013954,4.550627,0.4408608,0.4408608,0,-1,0,0.4408608,1032.214,4.086563,0,0,4.550627,0.464064,0.4408608,0,0,0,10.62527,0,0,0,14.00003,100,0.04562942,0.4849469,3.640501,0,15.1759
9/8/2007 3:00:00 PM,0.7965335,45.87334,88.46875,44.61657,0.7909912,3.549969,0.2886136,0.2886136,0,0,0,0.2886136,1230.008,3.246165,0,0,3.549969,0.3038038,0.2886136,0,0,0,10.62527,0,0,0,14.00003,100,0.04562942,0.3174749,2.839975,0,14.17524
9/8/2007 4:00:00 PM,0.4344988,31.05997,90.89815,59.50722,0.4289649,1.925195,0.1812099,0.1812099,0,0,0,0.1812099,1062.411,1.734447,0,0,1.925195,0.1907473,0.1812099,0,0,0,10.62527,0,0,0,14.00003,100,0.04562942,0.1993309,1.540156,0,12.55047
9/8/2007 5:00:00 PM,0.2284348,16.25498,93.03803,74.42769,0.2215868,0.9944814,0,0,0,0,0,0,0,0.9944814,0,0,0.9944814,0,0,0,0,0,10.62527,0,0,0,14.00003,100,0.04562942,0,0.7955852,0,11.61976
9/8/2007 6:00:00 PM,0.0411651,1.479529,95.23442,89.35928,0.02189567,0.09826778,1.116305,1.116305,0,0,0,1.116305,8.802955,0,0,0,0.09826778,1.175057,1.116305,0,0,0,10.62527,0,1.076789,-1.076789,12.86499,91.89262,0.04562942,1.227935,0.07861422,0,10.72354
9/8/2007 7:00:00 PM,0,0,97.77219,90,0,0,0,0,0,-1,0,0,0,0,0,0,0,0,0,0,0,1.196433,9.548485,0,0,0,12.86499,91.89262,0.04562942,0,0,0,9.548485
9/8/2007 8:00:00 PM,0,0,101.0492,90,0,0,0,0,0,-1,0,0,0,0,0,0,0,0,0,0,0,1.196433,9.548485,0,0,0,12.86499,91.89262,0.04562942,0,0,0,9.548485
9/8/2007 9:00:00 PM,0,0,105.8449,90,0,0,2.08847,2.08847,0,-1,0,2.08847,0,0,0,0,0,2.198389,2.08847,0,0,1.196433,9.548485,0,2.198389,-2.198389,10.54769,75.34047,0.04562942,2.297317,0,0,9.548485
9/8/2007 10:00:00 PM,0,0,114.1185,90,0,0,0.3129346,0.3129346,0,-1,0,0.3129346,0,0,5.551115E-17,0,0,0.3294049,0.3129346,0,0,3.639088,7.350095,0,0.3294049,-0.3294049,10.20046,72.86031,0.04562942,0.3442281,0,0,7.350095
9/8/2007 11:00:00 PM,0,0,132.1719,90,0,0,0.06789796,0.06789796,0,-1,0,0.06789796,0,0,0,0,0,0.07147153,0.06789796,0,0,4.005093,7.02069,0,0.07147153,-0.07147153,10.12513,72.32218,0.04562942,0.07468776,0,0,7.02069
9/9/2007 12:00:00 AM,0,0,177.7196,90,0,0,0.1074057,0.1074057,0,-1,0,0.1074057,0,0,0,0,0,0.1130587,0.1074057,0,0,4.084506,6.949219,0,0.1130587,-0.1130587,10.00595,71.47094,0.04562942,0.1181463,0,0,6.949219
9/9/2007 1:00:00 AM,0,0,-133.6901,90,0,0,0.2365651,0.2365651,0,-1,0,0.2365651,0,0,2.775558E-17,0,0,0.2490159,0.2365651,0,0,4.210126,6.83616,0,0.2490159,-0.2490159,9.743465,69.59604,0.04562942,0.2602216,0,0,6.83616
9/9/2007 2:00:00 AM,0,0,-114.4013,90,0,0,0,0,0,-1,0,0,0,0,0,0,0,0,0,0,0,4.486811,6.587144,0,0,0,9.743465,69.59604,0.04562942,0,0,0,6.587144
9/9/2007 3:00:00 AM,0,0,-105.8208,90,0,0,0,0,0,-1,0,0,0,0,0,0,0,0,0,0,0,4.486811,6.587144,0,0,0,9.743465,69.59604,0.04562942,0,0,0,6.587144
9/9/2007 4:00:00 AM,0,0,-100.9239,90,0,0,0.4591022,0.4591022,0,-1,0,0.4591022,0,0,5.551115E-17,0,0,0.4832655,0.4591022,0,0,4.486811,6.587144,0,0.4832655,-0.4832655,9.234058,65.95743,0.04562942,0.5050125,0,0,6.587144
9/9/2007 5:00:00 AM,0,0,-97.60092,90,0,0,0.2223498,0.2223498,0,0,0,0.2223498,0,0,2.775558E-17,0,0,0.2340524,0.2223498,0,0,5.023773,6.103879,0,0.2340524,-0.2340524,8.987346,64.1952,0.04562942,0.2445848,0,0,6.103879
9/9/2007 6:00:00 AM,0.02547733,0.2376757,-95.03206,90.55422,0.01048861,0.04707287,0.1247745,0.1247745,0,0,0,0.1247745,37.72635,0,0,0,0.04707287,0.1313416,0.1247745,0,0,5.283831,5.869826,0,0.08426871,-0.08426871,8.898519,63.56072,0.04562942,0.137252,0.0376583,0,5.916899
9/9/2007 7:00:00 AM,0.1711288,15.01704,-92.80436,75.61269,0.1677527,0.752874,0,0,0,0,0,0,0,0,0,0,0.752874,0,0,0,0,5.377463,5.785558,0.752874,0,0.752874,9.612758,68.66241,0.04561184,0,0.6022992,0,6.538432
9/9/2007 8:00:00 AM,0.4012103,29.8241,-90.62422,60.67989,0.3966593,1.780207,1.107438,1.107438,0,0,0,1.107438,160.75,0,0,0,1.780207,1.165724,1.107438,0,0,4.624589,6.463144,0.6144825,0,0.6144825,10.19571,72.82633,0.0455975,1.218182,1.424165,0,8.243351
9/9/2007 9:00:00 AM,0.6576753,44.63685,-88.13793,45.77093,0.6538489,2.934474,0.5083454,0.5083454,0,-1,0,0.5083454,577.2598,0,0,0,2.934474,0.5351005,0.5083454,0,0,4.010107,7.016178,2.399373,0,2.399373,12.47195,89.0852,0.04554161,0.55918,2.347579,0,9.950652
9/9/2007 10:00:00 AM,0.7287038,59.42152,-84.55815,30.92598,0.7266125,3.261037,1.011885,1.011885,0,0,0,1.011885,322.2734,0.5851613,0,0,3.261037,1.065142,1.011885,0,0,1.610733,9.175614,1.610733,0,1.610733,14.00003,100,0.04550416,1.113074,2.608829,0,12.43665
9/9/2007 11:00:00 AM,0.7114328,74.05305,-76.48566,16.32682,0.7097815,3.185499,0.4651653,0.4651653,0,0,0,0.4651653,684.8101,2.695852,0,0,3.185499,0.4896477,0.4651653,0,0,0,10.62527,0,0,0,14.00003,100,0.04550416,0.5116819,2.548399,0,13.81077
9/9/2007 12:00:00 PM,0.7763062,85.95276,-7.858023,5.052896,0.7749971,3.478187,1.182855,1.182855,0,0,0,1.182855,294.05,2.233076,0,0,3.478187,1.245111,1.182855,0,0,0,10.62527,0,0,0,14.00003,100,0.04550416,1.301141,2.78255,0,14.10346
9/9/2007 1:00:00 PM,0.7705335,75.11641,75.34407,15.27581,0.7691156,3.451791,0,0,0,0,0,0,0,3.451791,0,0,3.451791,0,0,0,0,0,10.62527,0,0,0,14.00003,100,0.04550416,0,2.761433,0,14.07707
9/9/2007 2:00:00 PM,0.7874407,60.51253,84.19842,29.83272,0.7854356,3.525035,0.68002,0.68002,0,-1,0,0.68002,518.3722,2.809224,0,0,3.525035,0.7158105,0.68002,0,0,0,10.62527,0,0,0,14.00003,100,0.04550416,0.748022,2.820028,0,14.15031
9/9/2007 3:00:00 PM,0.7595341,45.73249,87.92608,44.66939,0.7553116,3.389839,0.3076415,0.3076415,0,0,0,0.3076415,1101.88,3.066005,0,0,3.389839,0.3238332,0.3076415,0,0,0,10.62527,0,0,0,14.00003,100,0.04550416,0.3384056,2.711871,0,14.01511
9/9/2007 4:00:00 PM,0.5315618,30.92033,90.45631,59.57554,0.5248075,2.355336,0.9513545,0.9513545,0,0,0,0.9513545,247.5771,1.35391,0,0,2.355336,1.001426,0.9513545,0,0,0,10.62527,0,0,0,14.00003,100,0.04550416,1.04649,1.884269,0,12.98061
9/9/2007 5:00:00 PM,0.2185857,16.11209,92.64491,74.50724,0.2129231,0.955599,0.9562177,0.9562177,0,0,0,0.9562177,99.93529,0,1.110223E-16,0,0.955599,1.006545,0.9562177,0,0,0,10.62527,0,0.05094602,-0.05094602,13.94633,99.61642,0.04550416,1.051839,0.7644792,0,11.58087
9/9/2007 6:00:00 PM,0.02868269,1.329879,94.85938,89.44846,0.02212287,0.09928744,0.3430305,0.3430305,0,0,0,0.3430305,28.9442,0,5.551115E-17,0,0.09928744,0.3610847,0.3430305,0,0,0.05660669,10.57433,0,0.2617973,-0.2617973,13.67037,97.64529,0.04550416,0.3773336,0.07942995,0,10.67362
9/9/2007 7:00:00 PM,0,0,97.39145,90,0,0,1.472716,1.472716,0,-1,0,1.472716,0,0,0,0,0,1.550228,1.472716,0,0,0.3474926,10.31253,0,1.550228,-1.550228,12.03628,85.97328,0.04550416,1.619988,0,0,10.31253
9/9/2007 8:00:00 PM,0,0,100.6382,90,0,0,0.3929291,0.3929291,0,-1,0,0.3929291,0,0,5.551115E-17,0,0,0.4136096,0.3929291,0,0,2.069968,8.762303,0,0.4136096,-0.4136096,11.6003,82.85913,0.04550416,0.432222,0,0,8.762303
9/9/2007 9:00:00 PM,0,0,105.3719,90,0,0,0,0,0,-1,0,0,0,0,0,0,0,0,0,0,0,2.529534,8.348694,0,0,0,11.6003,82.85913,0.04550416,0,0,0,8.348694
9/9/2007 10:00:00 PM,0,0,113.5423,90,0,0,0.02474753,0.02474753,0,-1,0,0.02474753,0,0,3.469447E-18,0,0,0.02605004,0.02474753,0,0,2.529534,8.348694,0,0.02605004,-0.02605004,11.57284,82.66299,0.04550416,0.02722229,0,0,8.348694
9/9/2007 11:00:00 PM,0,0,131.5313,90,0,0,0.004569366,0.004569366,0,-1,0,0.004569366,0,0,8.673617E-19,0,0,0.004809859,0.004569366,0,0,2.558479,8.322643,0,0.004809859,-0.004809859,11.56777,82.62678,0.04550416,0.005026302,0,0,8.322643
9/10/2007 12:00:00 AM,0,0,178.0374,90,0,0,0.3359657,0.3359657,0,-1,0,0.3359657,0,0,5.551115E-17,0,0,0.3536481,0.3359657,0,0,2.563823,8.317834,0,0.3536481,-0.3536481,11.19499,79.96408,0.04550416,0.3695622,0,0,8.317834
9/10/2007 1:00:00 AM,0,0,-132.672,90,0,0,0.1545218,0.1545218,0,-1,0,0.1545218,0,0,0,0,0,0.1626545,0.1545218,0,0,2.956765,7.964185,0,0.1626545,-0.1626545,11.02354,78.73943,0.04550416,0.169974,0,0,7.964185
9/10/2007 2:00:00 AM,0,0,-113.6638,90,0,0,0.07183904,0.07183904,0,-1,0,0.07183904,0,0,0,0,0,0.07562005,0.07183904,0,0,3.137492,7.801531,0,0.07562005,-0.07562005,10.94383,78.17007,0.04550416,0.07902294,0,0,7.801531
9/10/2007 3:00:00 AM,0,0,-105.2632,90,0,0,0.1580172,0.1580172,0,-1,0,0.1580172,0,0,2.775558E-17,0,0,0.1663339,0.1580172,0,0,3.221515,7.725911,0,0.1663339,-0.1663339,10.7685,76.9177,0.04550416,0.1738189,0,0,7.725911
9/10/2007 4:00:00 AM,0,0,-100.46,90,0,0,0.1481535,0.1481535,0,-1,0,0.1481535,0,0,2.775558E-17,0,0,0.1559511,0.1481535,0,0,3.40633,7.559577,0,0.1559511,-0.1559511,10.60411,75.74351,0.04550416,0.1629689,0,0,7.559577
9/10/2007 5:00:00 AM,0,0,-97.18263,90,0,0,0.3040496,0.3040496,0,0,0,0.3040496,0,0,5.551115E-17,0,0,0.3200522,0.3040496,0,0,3.579609,7.403626,0,0.3200522,-0.3200522,10.26675,73.33377,0.04550416,0.3344545,0,0,7.403626
9/10/2007 6:00:00 AM,0.0156674,0.2651277,-94.62765,90.46384,0.01393649,0.06254698,0.3564274,0.3564274,0,0,0,0.3564274,17.54831,0,5.551115E-17,0,0.06254698,0.3751868,0.3564274,0,0,3.935223,7.083574,0,0.3126398,-0.3126398,9.937197,70.97984,0.04550416,0.3920702,0.05003758,0,7.146121
9/10/2007 7:00:00 AM,0.1747561,15.0513,-92.38616,75.51349,0.1715054,0.7697161,0,0,0,0,0,0,0,0,0,0,0.7697161,0,0,0,0,4.2826,6.770934,0.7697161,0,0.7697161,10.66741,76.19566,0.04548628,0,0.6157729,0,7.54065
9/10/2007 8:00:00 AM,0.4584996,29.86129,-90.15889,60.57059,0.4534938,2.03528,0.4316948,0.4316948,0,0,0,0.4316948,471.4627,0,0,0,2.03528,0.4544156,0.4316948,0,0,3.512884,7.463678,1.580865,0,1.580865,12.16715,86.90807,0.04544961,0.4748643,1.628224,0,9.498959
9/10/2007 9:00:00 AM,0.7699457,44.67204,-87.57028,45.64809,0.7665333,3.440202,2.056852,2.056852,0,-1,0,2.056852,167.2556,0,0,0,3.440202,2.165107,2.056852,0,0,1.932019,8.886456,1.275094,0,1.275094,13.37681,95.54848,0.04542008,2.262537,2.752161,0,12.32666
9/10/2007 10:00:00 AM,0.9015319,59.44491,-83.76243,30.78047,0.9003676,4.04085,1.085768,1.085768,0,0,0,1.085768,372.1651,2.241011,0,0,4.04085,1.142914,1.085768,0,0,0.6569254,10.03404,0.6569254,0,0.6569254,14.00003,100,0.04540488,1.194345,3.23268,0,14.07489
9/10/2007 11:00:00 AM,1.061422,74.03028,-75.01369,16.12555,1.061633,4.764611,1.396193,1.396193,0,0,0,1.396193,341.2574,3.294934,0,0,4.764611,1.469676,1.396193,0,0,0,10.62527,0,0,0,14.00003,100,0.04540488,1.535812,3.811689,0,15.38988
9/10/2007 12:00:00 PM,0.9316467,85.57129,-6.001835,4.650483,0.931892,4.182332,0,0,0,0,0,0,0,4.182332,0,0,4.182332,0,0,0,0,0,10.62527,0,0,0,14.00003,100,0.04540488,0,3.345865,0,14.80761
9/10/2007 1:00:00 PM,0.7321813,74.91373,73.98644,15.23965,0.731124,3.281285,0.6476805,0.6476805,0,0,0,0.6476805,506.6209,2.599516,0,0,3.281285,0.6817689,0.6476805,0,0,0,10.62527,0,0,0,14.00003,100,0.04540488,0.7124485,2.625028,0,13.90656
9/10/2007 2:00:00 PM,0.7336763,60.35596,83.4407,29.86416,0.732356,3.286813,0.6695391,0.6695391,0,-1,0,0.6695391,490.9069,2.582036,0,0,3.286813,0.704778,0.6695391,0,0,0,10.62527,0,0,0,14.00003,100,0.04540488,0.736493,2.629451,0,13.91209
9/10/2007 3:00:00 PM,0.4290805,45.58791,87.38427,44.72588,0.4271328,1.916972,0.2346177,0.2346177,0,0,0,0.2346177,817.0618,1.670006,0,0,1.916972,0.246966,0.2346177,0,0,0,10.62527,0,0,0,14.00003,100,0.04540488,0.2580795,1.533577,0,12.54225
9/10/2007 4:00:00 PM,0.376594,30.77805,90.01422,59.64638,0.373419,1.675904,0.4688159,0.4688159,0,0,0,0.4688159,357.476,1.182414,0,0,1.675904,0.4934904,0.4688159,0,0,0,10.62527,0,0,0,14.00003,100,0.04540488,0.5156975,1.340723,0,12.30118
9/10/2007 5:00:00 PM,0.1525046,15.96731,92.25098,74.58849,0.1507656,0.676636,0.0001848081,0.0001848081,0,0,0,0.0001848081,366129,0.6764415,0,0,0.676636,0.0001945348,0.0001848081,0,0,0,10.62527,0,0,0,14.00003,100,0.04540488,0.0002032889,0.5413088,0,11.30191
9/10/2007 6:00:00 PM,0.0245503,1.17899,94.48309,89.53862,0.02064189,0.09264079,0.8823991,0.8823991,0,0,0,0.8823991,10.49874,0,0,0,0.09264079,0.9288411,0.8823991,0,0,0,10.62527,0,0.8362004,-0.8362004,13.1186,93.70406,0.04540488,0.970639,0.07411263,0,10.71791
9/10/2007 7:00:00 PM,0,0,97.00889,90,0,0,1.060252,1.060252,0,-1,0,1.060252,0,0,0,0,0,1.116055,1.060252,0,0,0.9291115,9.789074,0,1.116055,-1.116055,11.94217,85.30105,0.04540488,1.166277,0,0,9.789074
9/10/2007 8:00:00 PM,0,0,100.2245,90,0,0,0.8554167,0.8554167,0,-1,0,0.8554167,0,0,0,0,0,0.9004386,0.8554167,0,0,2.169172,8.673019,0,0.9004386,-0.9004386,10.99302,78.52145,0.04540488,0.9409583,0,0,8.673019
9/10/2007 9:00:00 PM,0,0,104.8944,90,0,0,0.2503524,0.2503524,0,-1,0,0.2503524,0,0,5.551115E-17,0,0,0.2635289,0.2503524,0,0,3.16966,7.772581,0,0.2635289,-0.2635289,10.71524,76.53728,0.04540488,0.2753876,0,0,7.772581
9/10/2007 10:00:00 PM,0,0,112.9568,90,0,0,0,0,0,-1,0,0,0,0,0,0,0,0,0,0,0,3.462469,7.509052,0,0,0,10.71524,76.53728,0.04540488,0,0,0,7.509052
9/10/2007 11:00:00 PM,0,0,130.8697,90,0,0,0.1327973,0.1327973,0,-1,0,0.1327973,0,0,2.775558E-17,0,0,0.1397866,0.1327973,0,0,3.462469,7.509052,0,0.1397866,-0.1397866,10.56789,75.4848,0.04540488,0.146077,0,0,7.509052
9/11/2007 12:00:00 AM,0,0,178.3776,90,0,0,0.01209726,0.01209726,0,-1,0,0.01209726,0,0,1.734723E-18,0,0,0.01273396,0.01209726,0,0,3.617788,7.369265,0,0.01273396,-0.01273396,10.55447,75.38892,0.04540488,0.01330699,0,0,7.369265
9/11/2007 1:00:00 AM,0,0,-131.629,90,0,0,0.4426736,0.4426736,0,-1,0,0.4426736,0,0,5.551115E-17,0,0,0.4659722,0.4426736,0,0,3.631937,7.356531,0,0.4659722,-0.4659722,10.06329,71.88052,0.04540488,0.486941,0,0,7.356531
9/11/2007 2:00:00 AM,0,0,-112.9199,90,0,0,0.2526592,0.2526592,0,-1,0,0.2526592,0,0,0,0,0,0.2659571,0.2526592,0,0,4.149683,6.890559,0,0.2659571,-0.2659571,9.782949,69.87807,0.04540488,0.2779252,0,0,6.890559
9/11/2007 3:00:00 AM,0,0,-104.7029,90,0,0,0.2020902,0.2020902,0,-1,0,0.2020902,0,0,0,0,0,0.2127265,0.2020902,0,0,4.445191,6.624602,0,0.2127265,-0.2127265,9.558716,68.27641,0.04540488,0.2222992,0,0,6.624602
9/11/2007 4:00:00 AM,0,0,-99.99429,90,0,0,0.1122944,0.1122944,0,-1,0,0.1122944,0,0,1.387779E-17,0,0,0.1182046,0.1122944,0,0,4.681554,6.411875,0,0.1182046,-0.1182046,9.434117,67.38641,0.04540488,0.1235238,0,0,6.411875
9/11/2007 5:00:00 AM,0,0,-96.76286,90,0,0,0.03143195,0.03143195,0,0,0,0.03143195,0,0,0,0,0,0.03308626,0.03143195,0,0,4.812893,6.293671,0,0.03308626,-0.03308626,9.399241,67.1373,0.04540488,0.03457514,0,0,6.293671
9/11/2007 6:00:00 AM,0.02319021,0.2932068,-94.22177,90.37258,0.01305313,0.05858246,0.0731036,0.0731036,0,0,0,0.0731036,80.13622,0,0,0,0.05858246,0.07695115,0.0731036,0,0,4.849655,6.260584,0,0.01836869,-0.01836869,9.379879,66.999,0.04540488,0.08041395,0.04686597,0,6.319167
9/11/2007 7:00:00 AM,0.2066643,15.08545,-91.96632,75.41408,0.2019654,0.9064208,1.533945,1.533945,0,0,0,1.533945,59.09084,0,2.220446E-16,0,0.9064208,1.614679,1.533945,0,0,4.870065,6.242216,0,0.7082579,-0.7082579,8.633309,61.66637,0.04540488,1.687339,0.7251366,0,7.148636
9/11/2007 8:00:00 AM,0.4008602,29.89752,-89.69154,60.46188,0.3975863,1.784367,1.079413,1.079413,0,0,0,1.079413,165.3091,0,0,0,1.784367,1.136224,1.079413,0,0,5.657018,5.533958,0.6481436,0,0.6481436,9.248193,66.05839,0.0453899,1.187354,1.427494,0,7.318326
9/11/2007 9:00:00 AM,0.717476,44.70507,-86.9999,45.52685,0.7153456,3.210471,0,0,0,-1,0,0,0,0,0,0,3.210471,0,0,0,0,5.008874,6.117287,3.210471,0,3.210471,12.29391,87.81348,0.04531581,0,2.568377,0,9.327758
9/11/2007 10:00:00 AM,0.7867625,59.46406,-82.96278,30.63814,0.7863731,3.529243,0.6079711,0.6079711,0,0,0,0.6079711,580.4951,1.090869,0,0,3.529243,0.6399696,0.6079711,0,0,1.798404,9.006711,1.798404,0,1.798404,14.00003,100,0.04527441,0.6687682,2.823394,0,12.53595
9/11/2007 11:00:00 AM,1.043025,73.99795,-73.54102,15.93066,1.044346,4.687023,1.445061,1.445061,0,0,0,1.445061,324.3478,3.165906,0,0,4.687023,1.521117,1.445061,0,0,0,10.62527,0,0,0,14.00003,100,0.04527441,1.589567,3.749619,0,15.3123
9/11/2007 12:00:00 PM,1.143774,85.18464,-4.429368,4.247197,1.145735,5.142057,0.1426735,0.1426735,0,0,0,0.1426735,3604.074,4.991875,0,0,5.142057,0.1501826,0.1426735,0,0,0,10.62527,0,0,0,14.00003,100,0.04527441,0.1569408,4.113646,0,15.76733
9/11/2007 1:00:00 PM,1.025264,74.70191,72.66086,15.21442,1.02659,4.607334,0.3226368,0.3226368,0,0,0,0.3226368,1428.025,4.267716,0,0,4.607334,0.3396176,0.3226368,0,0,0,10.62527,0,0,0,14.00003,100,0.04527441,0.3549004,3.685867,0,15.23261
9/11/2007 2:00:00 PM,0.9278148,60.19402,82.68797,29.90123,0.9278331,4.164115,1.292189,1.292189,0,-1,0,1.292189,322.2528,2.803916,0,0,4.164115,1.360199,1.292189,0,0,0,10.62527,0,0,0,14.00003,100,0.04527441,1.421408,3.331292,0,14.78939
9/11/2007 3:00:00 PM,0.4989075,45.43973,86.84354,44.78596,0.4970904,2.230942,1.123192,1.123192,0,0,0,1.123192,198.6251,1.048634,0,0,2.230942,1.182307,1.123192,0,0,0,10.62527,0,0,0,14.00003,100,0.04527441,1.235511,1.784753,0,12.85622
9/11/2007 4:00:00 PM,0.4206646,30.63323,89.57203,59.71964,0.4173119,1.872896,0.7135244,0.7135244,0,0,0,0.7135244,262.4852,1.121818,0,0,1.872896,0.7510784,0.7135244,0,0,0,10.62527,0,0,0,14.00003,100,0.04527441,0.7848769,1.498317,0,12.49817
9/11/2007 5:00:00 PM,0.2041795,15.82077,91.85635,74.67132,0.2002354,0.8986565,1.131444,1.131444,0,0,0,1.131444,79.42561,0,2.220446E-16,0,0.8986565,1.190994,1.131444,0,0,0,10.62527,0,0.2923375,-0.2923375,13.69188,97.79893,0.04527441,1.244589,0.7189252,0,11.52393
9/11/2007 6:00:00 PM,0.03259401,1.026987,94.10564,89.62967,0.01891711,0.0849,0.1939995,0.1939995,0,0,0,0.1939995,43.763,0,0,0,0.0849,0.20421,0.1939995,0,0,0.3248195,10.33294,0,0.11931,-0.11931,13.56611,96.90062,0.04527441,0.2133994,0.06792,0,10.41784
9/11/2007 7:00:00 PM,0,0,96.6246,90,0,0,0.002919696,0.002919696,0,-1,0,0.002919696,0,0,4.336809E-19,0,0,0.003073364,0.002919696,0,0,0.4573861,10.21363,0,0.003073364,-0.003073364,13.56287,96.87748,0.04527441,0.003211665,0,0,10.21363
9/11/2007 8:00:00 PM,0,0,99.80814,90,0,0,1.475049,1.475049,0,-1,0,1.475049,0,0,0,0,0,1.552683,1.475049,0,0,0.460801,10.21055,0,1.552683,-1.552683,11.9262,85.18699,0.04527441,1.622554,0,0,10.21055
9/11/2007 9:00:00 PM,0,0,104.4123,90,0,0,0.7626329,0.7626329,0,-1,0,0.7626329,0,0,1.110223E-16,0,0,0.8027714,0.7626329,0,0,2.186004,8.65787,0,0.8027714,-0.8027714,11.08001,79.14275,0.04527441,0.8388962,0,0,8.65787
9/11/2007 10:00:00 PM,0,0,112.3621,90,0,0,0.1618774,0.1618774,0,-1,0,0.1618774,0,0,2.775558E-17,0,0,0.1703972,0.1618774,0,0,3.077972,7.855099,0,0.1703972,-0.1703972,10.90039,77.85979,0.04527441,0.1780651,0,0,7.855099
9/11/2007 11:00:00 PM,0,0,130.1862,90,0,0,0.3150387,0.3150387,0,-1,0,0.3150387,0,0,5.551115E-17,0,0,0.3316197,0.3150387,0,0,3.267303,7.684702,0,0.3316197,-0.3316197,10.55083,75.36295,0.04527441,0.3465425,0,0,7.684702
9/12/2007 12:00:00 AM,0,0,178.7419,90,0,0,0.1852173,0.1852173,0,-1,0,0.1852173,0,0,2.775558E-17,0,0,0.1949656,0.1852173,0,0,3.635769,7.353082,0,0.1949656,-0.1949656,10.34532,73.89501,0.04527441,0.2037391,0,0,7.353082
9/12/2007 1:00:00 AM,0,0,-130.5612,90,0,0,0.3050417,0.3050417,0,-1,0,0.3050417,0,0,0,0,0,0.3210965,0.3050417,0,0,3.852397,7.158116,0,0.3210965,-0.3210965,10.00686,71.47741,0.04527441,0.3355458,0,0,7.158116
9/12/2007 2:00:00 AM,0,0,-112.1701,90,0,0,0.3183843,0.3183843,0,-1,0,0.3183843,0,0,0,0,0,0.3351414,0.3183843,0,0,4.209171,6.83702,0,0.3351414,-0.3351414,9.653587,68.95406,0.04527441,0.3502228,0,0,6.83702
9/12/2007 3:00:00 AM,0,0,-104.1402,90,0,0,0.3155059,0.3155059,0,-1,0,0.3155059,0,0,0,0,0,0.3321115,0.3155059,0,0,4.581551,6.501879,0,0.3321115,-0.3321115,9.303511,66.45352,0.04527441,0.3470565,0,0,6.501879
9/12/2007 4:00:00 AM,0,0,-99.52705,90,0,0,0.1886631,0.1886631,0,-1,0,0.1886631,0,0,2.775558E-17,0,0,0.1985927,0.1886631,0,0,4.950563,6.169767,0,0.1985927,-0.1985927,9.094176,64.95827,0.04527441,0.2075294,0,0,6.169767
9/12/2007 5:00:00 AM,0,0,-96.34177,90,0,0,0.1202938,0.1202938,0,0,0,0.1202938,0,0,0,0,0,0.126625,0.1202938,0,0,5.171222,5.971174,0,0.126625,-0.126625,8.960702,64.00488,0.04527441,0.1323231,0,0,5.971174
9/12/2007 6:00:00 AM,0.02389353,0.3218276,-93.81454,90.28054,0.01277824,0.05734874,0.3034318,0.3034318,0,0,0,0.3034318,18.90004,0,5.551115E-17,0,0.05734874,0.3194019,0.3034318,0,0,5.311916,5.844549,0,0.2620532,-0.2620532,8.684473,62.03183,0.04527441,0.333775,0.045879,0,5.901898
9/12/2007 7:00:00 AM,0.205347,15.11941,-91.54495,75.31461,0.2013421,0.9036233,0.1512198,0.1512198,0,0,0,0.1512198,597.5562,0,0,0,0.9036233,0.1591787,0.1512198,0,0,5.603086,5.582496,0.7444445,0,0.7444445,9.390716,67.0764,0.0452573,0.1663418,0.7228986,0,6.486119
9/12/2007 8:00:00 AM,0.3540287,29.93268,-89.22231,60.35388,0.3518621,1.579157,1.125886,1.125886,0,0,0,1.125886,140.2591,0,0,0,1.579157,1.185143,1.125886,0,0,4.858642,6.252496,0.3940141,0,0.3940141,9.76451,69.74636,0.04524825,1.238475,1.263326,0,7.831654
9/12/2007 9:00:00 AM,0.5739771,44.73582,-86.42702,45.40736,0.5727069,2.570309,1.354563,1.354563,0,-1,0,1.354563,189.7518,0,0,0,2.570309,1.425856,1.354563,0,0,4.464628,6.607109,1.144452,0,1.144452,10.85023,77.50151,0.04522197,1.49002,2.056247,0,9.177418
9/12/2007 10:00:00 AM,0.7401416,59.47882,-82.15965,30.49922,0.7402765,3.322361,1.259479,1.259479,0,0,0,1.259479,263.7885,0,0,0,3.322361,1.325767,1.259479,0,0,3.320176,7.637116,1.996593,0,1.996593,12.74437,91.03101,0.04517621,1.385427,2.657888,0,10.95948
9/12/2007 11:00:00 AM,0.9718683,73.95592,-72.0699,15.74262,0.9740306,4.371449,2.513569,2.513569,0,0,0,2.513569,173.914,0.4020045,0,0,4.371449,2.645863,2.513569,0,0,1.323582,9.43405,1.323582,0,1.323582,14.00003,100,0.04514593,2.764926,3.497159,0,13.8055
9/12/2007 12:00:00 PM,0.9361199,84.79372,-3.081892,3.843369,0.9381971,4.210629,1.312637,1.312637,0,0,0,1.312637,320.7763,2.828905,0,0,4.210629,1.381723,1.312637,0,0,0,10.62527,0,0,0,14.00003,100,0.04514593,1.443901,3.368503,0,14.8359
9/12/2007 1:00:00 PM,0.6901689,74.48137,71.3679,15.20021,0.6897047,3.095395,0.6578183,0.6578183,0,0,0,0.6578183,470.5547,2.402955,0,0,3.095395,0.6924403,0.6578183,0,0,0,10.62527,0,0,0,14.00003,100,0.04514593,0.7236001,2.476316,0,13.72067
9/12/2007 2:00:00 PM,0.7837461,60.02687,81.9406,29.94389,0.7842138,3.519552,0.7231385,0.7231385,0,-1,0,0.7231385,486.705,2.758353,0,0,3.519552,0.7611984,0.7231385,0,0,0,10.62527,0,0,0,14.00003,100,0.04514593,0.7954524,2.815641,0,14.14483
9/12/2007 3:00:00 PM,0.7790827,45.28807,86.30411,44.84956,0.7780544,3.491908,0.210871,0.210871,0,0,0,0.210871,1655.945,3.269939,0,0,3.491908,0.2219695,0.210871,0,0,0,10.62527,0,0,0,14.00003,100,0.04514593,0.2319581,2.793527,0,14.11718
9/12/2007 4:00:00 PM,0.5105314,30.48598,89.12987,59.79525,0.5069982,2.275408,0.149882,0.149882,0,0,0,0.149882,1518.133,2.117638,0,0,2.275408,0.1577705,0.149882,0,0,0,10.62527,0,0,0,14.00003,100,0.04514593,0.1648702,1.820326,0,12.90068
9/12/2007 5:00:00 PM,0.2028114,15.67258,91.46114,74.75565,0.19933,0.8945931,1.264001,1.264001,0,0,0,1.264001,70.7747,0,0,0,0.8945931,1.330528,1.264001,0,0,0,10.62527,0,0.4359347,-0.4359347,13.54051,96.71775,0.04514593,1.390402,0.7156745,0,11.51987
9/12/2007 6:00:00 PM,0.02621319,0.8739946,93.72711,89.7215,0.01892669,0.08494299,1.609241,1.609241,0,0,0,1.609241,5.278449,0,0,0,0.08494299,1.693938,1.609241,0,0,0.4843719,10.18934,0,1.608995,-1.608995,11.84448,84.60328,0.04514593,1.770166,0.06795439,0,10.27428
9/12/2007 7:00:00 PM,0,0,96.23866,90,0,0,2.233312,2.233312,0,-1,0,2.233312,0,0,0,0,0,2.350855,2.233312,0,0,2.272145,8.580344,0,2.350855,-2.350855,9.366464,66.90318,0.04514593,2.456644,0,0,8.580344
9/12/2007 8:00:00 PM,0,0,99.38918,90,0,0,1.74551,1.74551,0,-1,0,1.74551,0,0,2.220446E-16,0,0,1.837379,1.74551,0,0,4.884206,6.229489,0,1.837379,-1.837379,7.429696,53.06915,0.04514593,1.920061,0,0,6.229489
9/12/2007 9:00:00 PM,0,0,103.9257,90,0,0,2.708604,2.708604,0,-1,0,2.708604,0,0,4.440892E-16,0,0,2.851162,2.708604,0,0,6.925738,4.39211,0,2.851162,-2.851162,4.424307,31.60213,0.04514593,2.979465,0,0,4.39211
9/12/2007 10:00:00 PM,0,0,111.758,90,0,0,0.3088919,0.3088919,0,-1,0,0.3088919,0,0,0,0,0,0.3251493,0.3088919,0,0,10.0937,1.540948,0,0.3251493,-0.3251493,4.08157,29.15401,0.04514593,0.339781,0,0,1.540948
9/12/2007 11:00:00 PM,0,0,129.4799,90,0,0,0.4650476,0.4650476,0,-1,0,0.4650476,0,0,5.551115E-17,0,0,0.4895238,0.4650476,0,0,10.45497,1.215799,0,0.4895238,-0.4895238,3.565566,25.46828,0.04514593,0.5115524,0,0,1.215799
9/13/2007 12:00:00 AM,0,0,179.132,90,0,0,0,0,0,-1,0,0,0,0,0,0,0,0,0,0,0,10.99889,0.7262747,0,0,0,3.565566,25.46828,0.04514593,0,0,0,0.7262747
9/13/2007 1:00:00 AM,0,0,-129.469,90,0,0,0.2725228,0.2725228,0,-1,0,0.2725228,0,0,5.551115E-17,0,0,0.2868661,0.2725228,0,0,10.99889,0.7262747,0,0.2868661,-0.2868661,3.263183,23.3084,0.04514593,0.2997751,0,0,0.7262747
9/13/2007 2:00:00 AM,0,0,-111.4148,90,0,0,0.2453813,0.2453813,0,-1,0,0.2453813,0,0,2.775558E-17,0,0,0.2582961,0.2453813,0,0,11.31763,0.4394086,0,0.2582961,-0.2582961,2.990915,21.36364,0.04514593,0.2699194,0,0,0.4394086
9/13/2007 3:00:00 AM,0,0,-103.5753,90,0,0,0.08387382,0.08387382,0,-1,0,0.08387382,0,0,0,0,0,0.08828824,0.08387382,0,0,11.60462,0.1811126,0,0.08828824,-0.08828824,2.897851,20.69889,0.04514593,0.09226121,0,0,0.1811126
9/13/2007 4:00:00 AM,0,0,-99.05844,90,0,0,0.5095918,0.0881831,0,-1,0,0.0881831,0,0,0.4214086,0.4723678,0,0.09282432,0.0881831,0,0,11.70272,0.09282432,0,0.09282432,-0.09282432,2.800006,20,0.04514593,0.5605509,0,0,0.09282432
9/13/2007 5:00:00 AM,0,0,-95.91948,90,0,0,0.25365,0.25365,3.758913,0,1.191183,0.25365,0,0,0,0,0,0,0,3.505263,3.33,11.80586,0,3.33,0,3.33,5.959121,42.56506,0.04545473,0.279015,0,5,0
9/13/2007 6:00:00 AM,0.02915122,0.3509029,-93.40611,90.18784,0.007867984,0.03531151,0,0,3.505263,0,1.121937,0,0,0,0,0,0.03531151,0,0,3.505263,3.33,8.475861,2.997,3.365312,0,3.365312,9.151736,65.36941,0.04572284,0,0.02824921,5,3.032311
9/13/2007 7:00:00 AM,0.2329347,15.15307,-91.12221,75.21517,0.2284055,1.025084,1.87169,1.87169,4.980138,0,1.524578,1.87169,54.76782,0,0,0,1.025084,0,0,3.108448,2.953026,5.110548,6.02578,3.97811,0,3.97811,12.9257,92.32626,0.04620123,2.058859,0.8200669,5,7.050864
9/13/2007 8:00:00 AM,0.4784994,29.96665,-88.75137,60.24673,0.4760331,2.136436,0.04861707,0.04861707,0,0,0,0.04861707,4394.416,0.9528214,0,0,2.136436,0.05117587,0.04861707,0,0,1.132439,9.606079,1.132439,0,1.132439,14.00003,100,0.04617488,0.05347878,1.709149,0,11.74252
9/13/2007 9:00:00 AM,0.7253326,44.76416,-85.85184,45.28977,0.7253204,3.255238,1.701876,1.701876,0,-1,0,1.701876,191.2735,1.463789,0,0,3.255238,1.791449,1.701876,0,0,0,10.62527,0,0,0,14.00003,100,0.04617488,1.872064,2.60419,0,13.88051
9/13/2007 10:00:00 AM,0.8937053,59.48906,-81.35352,30.36392,0.8957614,4.020177,0,0,0,0,0,0,0,4.020177,0,0,4.020177,0,0,0,0,0,10.62527,0,0,0,14.00003,100,0.04617488,0,3.216142,0,14.64545
9/13/2007 11:00:00 AM,1.082524,73.90413,-70.60252,15.56192,1.086276,4.875206,0.4965894,0.4965894,0,0,0,0.4965894,981.738,4.35248,0,0,4.875206,0.5227256,0.4965894,0,0,0,10.62527,0,0,0,14.00003,100,0.04617488,0.5462483,3.900165,0,15.50048
9/13/2007 12:00:00 PM,0.9538658,84.39924,-1.915609,3.439423,0.9570362,4.295178,0,0,0,0,0,0,0,4.295178,0,0,4.295178,0,0,0,0,0,10.62527,0,0,0,14.00003,100,0.04617488,0,3.436143,0,14.92045
9/13/2007 1:00:00 PM,0.9089918,74.25248,70.10791,15.19709,0.9116597,4.091529,1.441653,1.441653,0,0,0,1.441653,283.8082,2.574,0,0,4.091529,1.517529,1.441653,0,0,0,10.62527,0,0,0,14.00003,100,0.04617488,1.585818,3.273223,0,14.7168
9/13/2007 2:00:00 PM,0.636016,59.85466,81.19893,29.99207,0.6357724,2.853347,0.2887213,0.2887213,0,-1,0,0.2887213,988.2701,2.549429,0,0,2.853347,0.3039172,0.2887213,0,0,0,10.62527,0,0,0,14.00003,100,0.04617488,0.3175935,2.282677,0,13.47862
9/13/2007 3:00:00 PM,0.5153323,45.13306,85.76616,44.9166,0.5143794,2.308535,0.626406,0.626406,0,0,0,0.626406,368.5366,1.64916,0,0,2.308535,0.6593747,0.626406,0,0,0,10.62527,0,0,0,14.00003,100,0.04617488,0.6890465,1.846828,0,12.93381
9/13/2007 4:00:00 PM,0.3722776,30.33644,88.68787,59.87311,0.3704701,1.66267,0.5865003,0.5865003,0,0,0,0.5865003,283.49,1.045301,0,0,1.66267,0.6173688,0.5865003,0,0,0,10.62527,0,0,0,14.00003,100,0.04617488,0.6451504,1.330136,0,12.28794
9/13/2007 5:00:00 PM,0.193958,15.52288,91.06545,74.84138,0.191235,0.8582627,0,0,0,0,0,0,0,0.8582627,0,0,0.8582627,0,0,0,0,0,10.62527,0,0,0,14.00003,100,0.04617488,0,0.6866102,0,11.48354
9/13/2007 6:00:00 PM,0.02314488,0.7201426,93.34761,89.814,0.01786143,0.08016211,0,0,0,0,0,0,0,0.08016211,0,0,0.08016211,0,0,0,0,0,10.62527,0,0,0,14.00003,100,0.04617488,0,0.06412969,0,10.70544
9/13/2007 7:00:00 PM,0,0,95.85117,90,0,0,1.453541,1.453541,0,-1,0,1.453541,0,0,0,0,0,1.530043,1.453541,0,0,0,10.62527,0,1.530043,-1.530043,12.38722,88.47997,0.04617488,1.598895,0,0,10.62527
9/13/2007 8:00:00 PM,0,0,98.96774,90,0,0,2.077852,2.077852,0,-1,0,2.077852,0,0,4.440892E-16,0,0,2.187212,2.077852,0,0,1.700048,9.095231,0,2.187212,-2.187212,10.0817,72.01198,0.04617488,2.285637,0,0,9.095231
9/13/2007 9:00:00 PM,0,0,103.4348,90,0,0,2.647735,2.647735,0,-1,0,2.647735,0,0,0,0,0,2.78709,2.647735,0,0,4.130283,6.908019,0,2.78709,-2.78709,7.143846,51.02737,0.04617488,2.912509,0,0,6.908019
9/13/2007 10:00:00 PM,0,0,111.1445,90,0,0,0.3187706,0.3187706,0,-1,0,0.3187706,0,0,5.551115E-17,0,0,0.335548,0.3187706,0,0,7.22705,4.120929,0,0.335548,-0.335548,6.790148,48.50096,0.04617488,0.3506477,0,0,4.120929
9/13/2007 11:00:00 PM,0,0,128.7496,90,0,0,0.157882,0.157882,0,-1,0,0.157882,0,0,2.775558E-17,0,0,0.1661916,0.157882,0,0,7.599881,3.785381,0,0.1661916,-0.1661916,6.614966,47.24966,0.04617488,0.1736702,0,0,3.785381
9/14/2007 12:00:00 AM,0,0,179.5504,90,0,0,0.02414988,0.02414988,0,-1,0,0.02414988,0,0,3.469447E-18,0,0,0.02542092,0.02414988,0,0,7.784539,3.61919,0,0.02542092,-0.02542092,6.58817,47.05827,0.04617488,0.02656486,0,0,3.61919
9/14/2007 1:00:00 AM,0,0,-128.353,90,0,0,0.2452075,0.2452075,0,-1,0,0.2452075,0,0,5.551115E-17,0,0,0.2581131,0.2452075,0,0,7.812784,3.593769,0,0.2581131,-0.2581131,6.316095,45.11488,0.04617488,0.2697282,0,0,3.593769
9/14/2007 2:00:00 AM,0,0,-110.6544,90,0,0,0.3559876,0.3559876,0,-1,0,0.3559876,0,0,0,0,0,0.3747238,0.3559876,0,0,8.099576,3.335655,0,0.3747238,-0.3747238,5.921102,42.2935,0.04617488,0.3915864,0,0,3.335655
9/14/2007 3:00:00 AM,0,0,-103.0085,90,0,0,0.1047039,0.1047039,0,-1,0,0.1047039,0,0,1.387779E-17,0,0,0.1102146,0.1047039,0,0,8.515936,2.960932,0,0.1102146,-0.1102146,5.804925,41.46367,0.04617488,0.1151743,0,0,2.960932
9/14/2007 4:00:00 AM,0,0,-98.58862,90,0,0,0.4350443,0.4350443,0,-1,0,0.4350443,0,0,5.551115E-17,0,0,0.4579414,0.4350443,0,0,8.638397,2.850717,0,0.4579414,-0.4579414,5.322213,38.01573,0.04617488,0.4785488,0,0,2.850717
9/14/2007 5:00:00 AM,0,0,-95.49615,90,0,0,0.2821262,0.2821262,0,0,0,0.2821262,0,0,5.551115E-17,0,0,0.296975,0.2821262,0,0,9.147221,2.392776,0,0.296975,-0.296975,5.009173,35.77974,0.04617488,0.3103389,0,0,2.392776
9/14/2007 6:00:00 AM,0.02523549,0.3803443,-92.99658,90.09457,0.01220536,0.05477764,0.5717133,0.5717133,0,0,0,0.5717133,9.581314,1.110223E-16,0,0,0.05477764,0.6018034,0.5717133,0,0,9.477193,2.095801,0,0.5470258,-0.5470258,4.432558,31.66106,0.04617488,0.6288846,0.04382211,0,2.150578
9/14/2007 7:00:00 AM,0.1786319,15.18633,-90.69821,75.1159,0.1766683,0.7928873,1.797633,1.797633,5,0,1.53,1.797633,44.10728,0,0,0,0.7928873,0,0,3.202367,3.042248,10.085,1.548775,3.835135,0,3.835135,8.070887,57.64907,0.04665752,1.977397,0.6343098,5,2.341662
9/14/2007 8:00:00 AM,0.4746179,29.99934,-88.27887,60.14056,0.4731164,2.123347,1.526434,1.526434,4.843637,0,1.487313,1.526434,139.1051,-4.440892E-16,0,0,2.123347,0,0,3.317204,3.151344,6.249864,5.000397,5.27469,0,5.27469,13.0749,93.39194,0.04708051,1.679077,1.698677,5,7.123744
9/14/2007 9:00:00 AM,0.7129053,44.78999,-85.2746,45.17425,0.7139138,3.204045,0.7778602,0.7778602,0,-1,0,0.7778602,411.905,1.410071,0,0,3.204045,0.8188003,0.7778602,0,0,0.9751736,9.747618,0.9751736,0,0.9751736,14.00003,100,0.04705751,0.8556463,2.563236,0,12.95166
9/14/2007 10:00:00 AM,0.9059231,59.49465,-80.54485,30.23244,0.9091262,4.080158,1.578096,1.578096,0,0,0,1.578096,258.5494,2.419005,0,0,4.080158,1.661154,1.578096,0,0,0,10.62527,0,0,0,14.00003,100,0.04705751,1.735906,3.264127,0,14.70543
9/14/2007 11:00:00 AM,1.08949,73.84251,-69.14109,15.38905,1.094464,4.911954,1.100103,1.100103,0,0,0,1.100103,446.4994,3.753951,0,0,4.911954,1.158003,1.100103,0,0,0,10.62527,0,0,0,14.00003,100,0.04705751,1.210114,3.929564,0,15.53723
9/14/2007 12:00:00 PM,1.147067,84.00175,-0.8973144,3.035932,1.152652,5.173101,0.6792942,0.6792942,0,0,0,0.6792942,761.5406,4.458055,0,0,5.173101,0.7150465,0.6792942,0,0,0,10.62527,0,0,0,14.00003,100,0.04705751,0.7472236,4.138481,0,15.79838
9/14/2007 1:00:00 PM,0.9763524,74.01567,68.88106,15.20508,0.9806278,4.401058,1.479078,1.479078,0,0,0,1.479078,297.5541,2.844134,0,0,4.401058,1.556924,1.479078,0,0,0,10.62527,0,0,0,14.00003,100,0.04705751,1.626986,3.520846,0,15.02633
9/14/2007 2:00:00 PM,0.6925698,59.67757,80.46329,30.0457,0.6935526,3.112664,0.9537005,0.9537005,0,-1,0,0.9537005,326.3775,2.108769,0,0,3.112664,1.003895,0.9537005,0,0,0,10.62527,0,0,0,14.00003,100,0.04705751,1.049071,2.490131,0,13.73794
9/14/2007 3:00:00 PM,0.4470733,44.97482,85.22987,44.98698,0.4460697,2.001961,0.2071455,0.2071455,0,0,0,0.2071455,966.4517,1.783913,0,0,2.001961,0.2180479,0.2071455,0,0,0,10.62527,0,0,0,14.00003,100,0.04705751,0.22786,1.601569,0,12.62724
9/14/2007 4:00:00 PM,0.33345,30.18472,88.24619,59.95312,0.3321446,1.490665,1.692677,1.692677,0,0,0,1.692677,88.06554,0,0,0,1.490665,1.781765,1.692677,0,0,0,10.62527,0,0.2911001,-0.2911001,13.69318,97.80824,0.04705751,1.861944,1.192532,0,12.11594
9/14/2007 5:00:00 PM,0.1566705,15.37178,90.66939,74.92839,0.1553205,0.6970782,1.566987,1.566987,0,0,0,1.566987,44.48526,0,2.220446E-16,0,0.6970782,1.64946,1.566987,0,0,0.3234446,10.33417,0,0.9523818,-0.9523818,12.68928,90.63756,0.04705751,1.723686,0.5576625,0,11.03125
9/14/2007 6:00:00 PM,0.02257418,0.5655609,92.96723,89.90704,0.01652687,0.0741726,0.6866104,0.6866104,0,0,0,0.6866104,10.80272,0,1.110223E-16,0,0.0741726,0.7227478,0.6866104,0,0,1.381647,9.381792,0,0.6485752,-0.6485752,12.00562,85.75429,0.04705751,0.7552714,0.05933808,0,9.455965
9/14/2007 7:00:00 PM,0,0,95.4622,90,0,0,1.546041,1.546041,0,-1,0,1.546041,0,0,2.220446E-16,0,0,1.627412,1.546041,0,0,2.102286,8.733217,0,1.627412,-1.627412,10.29018,73.50115,0.04705751,1.700646,0,0,8.733217
9/14/2007 8:00:00 PM,0,0,98.54388,90,0,0,0.2020513,0.2020513,0,-1,0,0.2020513,0,0,2.775558E-17,0,0,0.2126856,0.2020513,0,0,3.910521,7.105805,0,0.2126856,-0.2126856,10.06599,71.8998,0.04705751,0.2222565,0,0,7.105805
9/14/2007 9:00:00 PM,0,0,102.9395,90,0,0,0.05771044,0.05771044,0,-1,0,0.05771044,0,0,6.938894E-18,0,0,0.06074782,0.05771044,0,0,4.146839,6.893119,0,0.06074782,-0.06074782,10.00196,71.44241,0.04705751,0.06348148,0,0,6.893119
9/14/2007 10:00:00 PM,0,0,110.5215,90,0,0,0.2644207,0.2644207,0,-1,0,0.2644207,0,0,5.551115E-17,0,0,0.2783376,0.2644207,0,0,4.214336,6.832372,0,0.2783376,-0.2783376,9.708564,69.34675,0.04705751,0.2908627,0,0,6.832372
9/14/2007 11:00:00 PM,0,0,127.9942,90,0,0,0.4687621,0.4687621,0,-1,0,0.4687621,0,0,0,0,0,0.4934338,0.4687621,0,0,4.5236,6.554034,0,0.4934338,-0.4934338,9.188439,65.63158,0.04705751,0.5156384,0,0,6.554034
9/15/2007 12:00:00 AM,0,0,179.9992,90,0,0,0.2187226,0.2187226,0,-1,0,0.2187226,0,0,2.775558E-17,0,0,0.2302344,0.2187226,0,0,5.07186,6.0606,0,0.2302344,-0.2302344,8.945751,63.89809,0.04705751,0.2405949,0,0,6.0606
9/15/2007 1:00:00 AM,0,0,-127.2135,90,0,0,0,0,0,-1,0,0,0,0,0,0,0,0,0,0,0,5.327676,5.830366,0,0,0,8.945751,63.89809,0.04705751,0,0,0,5.830366
9/15/2007 2:00:00 AM,0,0,-109.8894,90,0,0,0.2265444,0.2265444,0,-1,0,0.2265444,0,0,2.775558E-17,0,0,0.2384677,0.2265444,0,0,5.327676,5.830366,0,0.2384677,-0.2384677,8.694384,62.10262,0.04705751,0.2491988,0,0,5.830366
9/15/2007 3:00:00 AM,0,0,-102.4401,90,0,0,0.3621445,0.3621445,0,-1,0,0.3621445,0,0,5.551115E-17,0,0,0.3812047,0.3621445,0,0,5.59264,5.591898,0,0.3812047,-0.3812047,8.292559,59.23244,0.04705751,0.3983589,0,0,5.591898
9/15/2007 4:00:00 AM,0,0,-98.11778,90,0,0,0.2759901,0.2759901,0,-1,0,0.2759901,0,0,5.551115E-17,0,0,0.2905159,0.2759901,0,0,6.016201,5.210693,0,0.2905159,-0.2905159,7.986328,57.04509,0.04705751,0.3035891,0,0,5.210693
9/15/2007 5:00:00 AM,0,0,-95.07193,90,0,0,0,0,0,0,0,0,0,0,0,0,0,0,0,0,0,6.338996,4.920177,0,0,0,7.986328,57.04509,0.04705751,0,0,0,4.920177
9/15/2007 6:00:00 AM,0.005649,0.4100617,-92.58612,90.00086,0.005555836,0.02493459,0.3197036,0.3197036,0,0,0,0.3197036,7.799284,0,0,0,0.02493459,0.3365301,0.3197036,0,0,6.338996,4.920177,0,0.3115955,-0.3115955,7.657877,54.69902,0.04705751,0.351674,0.01994767,0,4.945112
9/15/2007 7:00:00 AM,0.07317185,15.2191,-90.27312,75.01691,0.07279906,0.3267221,0,0,0,0,0,0,0,0,0,0,0.3267221,0,0,0,0,6.685214,4.608582,0.3267221,0,0.3267221,7.967834,56.91298,0.04704981,0,0.2613777,0,4.935304
9/15/2007 8:00:00 AM,0.06618311,30.03064,-87.80499,60.0355,0.06586054,0.2955821,0.3374254,0.3374254,0,0,0,0.3374254,87.59924,0,5.551115E-17,0,0.2955821,0.3551846,0.3374254,0,0,6.358491,4.902632,0,0.05960252,-0.05960252,7.905007,56.46422,0.04704981,0.3711679,0.2364657,0,5.198214
9/15/2007 9:00:00 AM,0.223772,44.81318,-84.69553,45.06094,0.2227304,0.9996139,0.8390033,0.8390033,0,-1,0,0.8390033,119.143,0,0,0,0.9996139,0.8831613,0.8390033,0,0,6.424716,4.843029,0.1164526,0,0.1164526,8.015484,57.25334,0.04704707,0.9229036,0.7996911,0,5.842643
9/15/2007 10:00:00 AM,0.1132133,59.49547,-79.73412,30.10501,0.1126681,0.5056545,0.8894632,0.8894632,0,0,0,0.8894632,56.8494,0,0,0,0.5056545,0.9362771,0.8894632,0,0,6.308264,4.947837,0,0.4306225,-0.4306225,7.561567,54.01109,0.04704707,0.9784095,0.4045236,0,5.453491
9/15/2007 11:00:00 AM,0.06119007,73.77105,-67.6878,15.22449,0.06089156,0.2732813,1.881202,1.881202,0,0,0,1.881202,14.52695,0,2.220446E-16,0,0.2732813,1.980213,1.881202,0,0,6.786733,4.517214,0,1.706932,-1.706932,5.762303,41.15923,0.04704707,2.069323,0.2186251,0,4.790495
9/15/2007 12:00:00 PM,0.07674193,83.60174,-0.001451387,2.63374,0.07636873,0.3427429,1.622969,1.622969,0,0,0,1.622969,21.11826,2.220446E-16,0,0,0.3427429,1.708389,1.622969,0,0,8.683324,2.810282,0,1.365646,-1.365646,4.322786,30.87698,0.04704707,1.785266,0.2741943,0,3.153025
9/15/2007 1:00:00 PM,0.08400279,73.77135,67.68733,15.22417,0.08359508,0.3751747,0.9715378,0.9715378,0,0,0,0.9715378,38.61658,0,0,0,0.3751747,1.022671,0.9715378,0,0,10.20071,1.444636,0,0.6474966,-0.6474966,3.640265,26.00184,0.04704707,1.068692,0.3001398,0,1.819811
9/15/2007 2:00:00 PM,0.08531376,59.49578,79.73398,30.10469,0.08490019,0.381032,1.6875,1.119263,0,-1,0,1.119263,34.04311,0,0.5682367,1.026571,0.381032,1.178172,1.119263,0,0,10.92015,0.7971398,0,0.7971398,-0.7971398,2.800006,20,0.04704707,1.85625,0.3048256,0,1.178172
9/15/2007 3:00:00 PM,0.1423397,44.8135,84.69545,45.06062,0.1416601,0.6357705,0.6214021,0.6214021,4.126665,0,1.29158,0.6214021,102.3123,0,0,0,0.6357705,0,0,3.505263,3.33,11.80586,0,3.96577,0,3.96577,6.562266,46.87323,0.04738997,0.6835423,0.5086164,5,0.6357705
9/15/2007 4:00:00 PM,0.04422548,30.03096,87.80492,60.03518,0.04400895,0.1975121,0.8262005,0.8262005,4.331464,0,1.34749,0.8262005,23.90608,0,0,0,0.1975121,0,0,3.505263,3.33,7.84009,3.569193,3.527512,0,3.527512,9.908758,70.7767,0.04777295,0.9088206,0.1580097,5,3.766706
9/15/2007 5:00:00 PM,0.0241603,15.21942,90.27306,75.01659,0.02403997,0.1078914,1.736083,1.736083,5,0,1.53,1.736083,6.214645,0,0,0,0.1078914,0,0,3.263917,3.100721,4.312578,6.743954,3.208612,0,3.208612,12.95271,92.5192,0.04820529,1.909691,0.08631312,5,6.851846
9/15/2007 6:00:00 PM,0.02628857,0.4103811,92.58607,90.00054,0.01152692,0.05173282,0,0,0,0,0,0,0,0,0,0,0.05173282,0,0,0,0,1.103965,9.631705,0.05173282,0,0.05173282,13.00179,92.86977,0.04820405,0,0.04138626,0,9.683438
9/15/2007 7:00:00 PM,0,0,95.07187,90,0,0,1.084203,1.084203,0,-1,0,1.084203,0,0,0,0,0,1.141266,1.084203,0,0,1.052232,9.678266,0,1.141266,-1.141266,11.79879,84.27692,0.04820405,1.192623,0,0,9.678266
9/15/2007 8:00:00 PM,0,0,98.11771,90,0,0,1.427383,1.427383,0,-1,0,1.427383,0,0,2.220446E-16,0,0,1.502508,1.427383,0,0,2.320306,8.536999,0,1.502508,-1.502508,10.21501,72.96421,0.04820405,1.570121,0,0,8.536999
9/15/2007 9:00:00 PM,0,0,102.44,90,0,0,1.766564,1.766564,0,-1,0,1.766564,0,0,2.220446E-16,0,0,1.859541,1.766564,0,0,3.989759,7.034491,0,1.859541,-1.859541,8.254882,58.96332,0.04820405,1.94322,0,0,7.034491
9/15/2007 10:00:00 PM,0,0,109.8891,90,0,0,0.353849,0.353849,0,-1,0,0.353849,0,0,5.551115E-17,0,0,0.3724727,0.353849,0,0,6.055916,5.17495,0,0.3724727,-0.3724727,7.862261,56.15889,0.04820405,0.3892339,0,0,5.17495
9/15/2007 11:00:00 PM,0,0,127.2129,90,0,0,0,0,0,-1,0,0,0,0,0,0,0,0,0,0,0,6.469774,4.802477,0,0,0,7.862261,56.15889,0.04820405,0,0,0,4.802477
9/16/2007 12:00:00 AM,0,0,-179.5187,90,0,0,0.02114242,0.02114242,0,-1,0,0.02114242,0,0,3.469447E-18,0,0,0.02225518,0.02114242,0,0,6.469774,4.802477,0,0.02225518,-0.02225518,7.838802,55.99133,0.04820405,0.02325666,0,0,4.802477
9/16/2007 1:00:00 AM,0,0,-126.0512,90,0,0,0.379863,0.379863,0,-1,0,0.379863,0,0,5.551115E-17,0,0,0.3998558,0.379863,0,0,6.494503,4.780222,0,0.3998558,-0.3998558,7.417317,52.98073,0.04820405,0.4178493,0,0,4.780222
9/16/2007 2:00:00 AM,0,0,-109.1202,90,0,0,0.1736792,0.1736792,0,-1,0,0.1736792,0,0,2.775558E-17,0,0,0.1828202,0.1736792,0,0,6.938787,4.380366,0,0.1828202,-0.1828202,7.224607,51.60424,0.04820405,0.1910471,0,0,4.380366
9/16/2007 3:00:00 AM,0,0,-101.8702,90,0,0,0.07164229,0.07164229,0,-1,0,0.07164229,0,0,1.387779E-17,0,0,0.07541294,0.07164229,0,0,7.14192,4.197546,0,0.07541294,-0.07541294,7.145115,51.03643,0.04820405,0.07880653,0,0,4.197546
9/16/2007 4:00:00 AM,0,0,-97.64609,90,0,0,0.1710802,0.1710802,0,-1,0,0.1710802,0,0,0,0,0,0.1800844,0.1710802,0,0,7.225712,4.122133,0,0.1800844,-0.1800844,6.95529,49.68054,0.04820405,0.1881882,0,0,4.122133
9/16/2007 5:00:00 AM,0,0,-94.64694,90,0,0,0.5177132,0.5177132,0,0,0,0.5177132,0,0,1.110223E-16,0,0,0.5449612,0.5177132,0,0,7.425806,3.942049,0,0.5449612,-0.5449612,6.38085,45.57741,0.04820405,0.5694845,0,0,3.942049
9/16/2007 6:00:00 AM,0.008046249,0.4399637,-92.17484,89.90682,0.007898898,0.03545025,0,0,0,0,0,0,0,0,0,0,0.03545025,0,0,0,0,8.031319,3.397087,0.03545025,0,0.03545025,6.414481,45.81763,0.0482032,0,0.0283602,0,3.432538
9/16/2007 7:00:00 AM,0.07000263,15.25128,-89.84705,74.91834,0.06965297,0.3126025,0.5600824,0.5600824,0,0,0,0.5600824,55.81367,0,0,0,0.3126025,0.5895605,0.5600824,0,0,7.995868,3.428993,0,0.2769579,-0.2769579,6.122542,43.73235,0.0482032,0.6160907,0.250082,0,3.741595
9/16/2007 8:00:00 AM,0.1841661,30.06044,-87.32986,59.93169,0.1833215,0.822747,0,0,0,0,0,0,0,0,0,0,0.822747,0,0,0,0,8.303599,3.152035,0.822747,0,0.822747,6.903068,49.30753,0.04818345,0,0.6581976,0,3.974782
9/16/2007 9:00:00 AM,0.2544961,44.83363,-84.11487,44.95001,0.253361,1.137084,0.4134011,0.4134011,0,-1,0,0.4134011,275.0559,0,0,0,1.137084,0.435159,0.4134011,0,0,7.480853,3.892507,0.7019249,0,0.7019249,7.568973,54.06398,0.04816662,0.4547412,0.9096671,0,5.029591
9/16/2007 10:00:00 AM,0.3254126,59.4914,-78.92185,29.98182,0.3240146,1.454177,0.4432019,0.4432019,0,0,0,0.4432019,328.1072,0,0,0,1.454177,0.4665283,0.4432019,0,0,6.778927,4.52424,0.9876491,0,0.9876491,8.505939,60.75658,0.04814295,0.4875221,1.163342,0,5.978417
9/16/2007 11:00:00 AM,0.08007208,73.68976,-66.24477,15.0687,0.07968365,0.3576202,0.5287833,0.5287833,0,0,0,0.5287833,67.63077,0,0,0,0.3576202,0.5566139,0.5287833,0,0,5.791278,5.413124,0,0.1989938,-0.1989938,8.296181,59.25832,0.04814295,0.5816616,0.2860962,0,5.770744
9/16/2007 12:00:00 PM,0.1138242,83.19958,0.7919313,2.234194,0.1132763,0.5083841,0.5374128,0.5374128,0,0,0,0.5374128,94.59843,0,1.110223E-16,0,0.5083841,0.5656977,0.5374128,0,0,6.012383,5.21413,0,0.05731358,-0.05731358,8.235767,58.82679,0.04814295,0.5911541,0.4067073,0,5.722514
9/16/2007 1:00:00 PM,0.209359,73.51992,66.52656,15.25429,0.2083762,0.9351922,2.27566,2.27566,0,0,0,2.27566,41.09543,0,0,0,0.9351922,2.395432,2.27566,0,0,6.076064,5.156816,0,1.460239,-1.460239,6.69654,47.83233,0.04814295,2.503226,0.7481537,0,6.092009
9/16/2007 2:00:00 PM,0.1930246,59.30947,79.01125,30.16894,0.1921174,0.8622229,0.5392272,0.5392272,0,-1,0,0.5392272,159.8997,0,0,0,0.8622229,0.5676076,0.5392272,0,0,7.698553,3.696577,0.2946153,0,0.2946153,6.976037,49.82873,0.04813589,0.5931499,0.6897783,0,4.5588
9/16/2007 3:00:00 PM,0.138765,44.64924,84.16305,45.13741,0.1381052,0.619816,0.4084755,0.4084755,0,0,0,0.4084755,151.7388,0,0,0,0.619816,0.4299743,0.4084755,0,0,7.403937,3.961731,0.1898417,0,0.1898417,7.156136,51.11515,0.04813135,0.4493231,0.4958528,0,4.581547
9/16/2007 4:00:00 PM,0.136016,29.87528,87.36422,60.11919,0.135369,0.6075363,1.152367,1.152367,0,0,0,1.152367,52.72072,0,0,0,0.6075363,1.213018,1.152367,0,0,7.214096,4.132588,0,0.6054817,-0.6054817,6.517902,46.55635,0.04813135,1.267604,0.486029,0,4.740125
9/16/2007 5:00:00 PM,0.08027351,15.06592,89.87658,75.10587,0.07987057,0.3584591,0.3013324,0.3013324,0,0,0,0.3013324,118.9581,0,0,0,0.3584591,0.317192,0.3013324,0,0,7.886853,3.527107,0.04126718,0,0.04126718,6.557052,46.83599,0.04813036,0.3314656,0.2867673,0,3.885566
9/16/2007 6:00:00 PM,0.02744498,0.2547366,92.20421,90.09436,0.008830721,0.03963227,0.9741091,0.9741091,0,0,0,0.9741091,4.068566,0,2.220446E-16,0,0.03963227,1.025378,0.9741091,0,0,7.845586,3.564247,0,0.9857457,-0.9857457,5.517985,39.4141,0.04813036,1.07152,0.03170582,0,3.603879
9/16/2007 7:00:00 PM,0,0,94.68024,90,0,0,0.9683569,0.9683569,0,-1,0,0.9683569,0,0,0,0,0,1.019323,0.9683569,0,0,8.940859,2.578501,0,1.019323,-1.019323,4.443524,31.73939,0.04813036,1.065193,0,0,2.578501
9/16/2007 8:00:00 PM,0,0,97.68931,90,0,0,0.8384827,0.8384827,0,-1,0,0.8384827,0,0,1.110223E-16,0,0,0.8826133,0.8384827,0,0,10.07344,1.559178,0,0.8826133,-0.8826133,3.513168,25.09401,0.04813036,0.9223309,0,0,1.559178
9/16/2007 9:00:00 PM,0,0,101.9363,90,0,0,2.478074,0.6427367,0,-1,0,0.6427367,0,0,1.835337,2.083144,0,0.676565,0.6427367,0,0,11.05412,0.676565,0,0.676565,-0.676565,2.800006,20,0.04813036,2.725881,0,0,0.676565
9/16/2007 10:00:00 PM,0,0,109.2473,90,0,0,0.0961607,0,0,-1,0,0,0,0,0.0961607,0.1057768,0,0,0,0,0,11.80586,0,0,0,0,2.800006,20,0.04813036,0.1057768,0,0,0
9/16/2007 11:00:00 PM,0,0,126.4043,90,0,0,0.2301491,0,0,-1,0,0,0,0,0.2301491,0.253164,0,0,0,0,0,11.80586,0,0,0,0,2.800006,20,0.04813036,0.253164,0,0,0
9/17/2007 12:00:00 AM,0,0,-179.0001,90,0,0,0.2553424,0,0,-1,0,0,0,0,0.2553424,0.2808766,0,0,0,0,0,11.80586,0,0,0,0,2.800006,20,0.04813036,0.2808766,0,0,0
9/17/2007 1:00:00 AM,0,0,-124.8668,90,0,0,0.2098334,0,0,-1,0,0,0,0,0.2098334,0.2308168,0,0,0,0,0,11.80586,0,0,0,0,2.800006,20,0.04813036,0.2308168,0,0,0
9/17/2007 2:00:00 AM,0,0,-108.3473,90,0,0,0.4749921,0,0,-1,0,0,0,0,0.4749921,0.5224913,0,0,0,0,0,11.80586,0,0,0,0,2.800006,20,0.04813036,0.5224913,0,0,0
9/17/2007 3:00:00 AM,0,0,-101.2992,90,0,0,0.04662605,0,0,-1,0,0,0,0,0.04662605,0.05128866,0,0,0,0,0,11.80586,0,0,0,0,2.800006,20,0.04813036,0.05128866,0,0,0
9/17/2007 4:00:00 AM,0,0,-97.17372,90,0,0,0.4615078,0,0,-1,0,0,0,0,0.4615078,0.5076586,0,0,0,0,0,11.80586,0,0,0,0,2.800006,20,0.04813036,0.5076586,0,0,0
9/17/2007 5:00:00 AM,0,0,-94.22135,90,0,0,0.5480786,0.5480786,4.053342,0,1.271562,0.5480786,0,0,0,0,0,0,0,3.505263,3.33,11.80586,0,3.33,0,3.33,5.959121,42.56506,0.04847303,0.6028864,0,5,0
9/17/2007 6:00:00 AM,0.01964021,0.4699584,-91.76288,89.81257,0.01711596,0.07681641,0.2026252,0.2026252,3.707888,0,1.177253,0.2026252,37.91058,0,0,0,0.07681641,0,0,3.505263,3.33,8.475861,2.997,3.406816,0,3.406816,9.191111,65.65066,0.04876077,0.2228878,0.06145313,5,3.073816
9/17/2007 7:00:00 AM,0.1113828,15.28277,-89.42014,74.82029,0.1108393,0.4974468,0.489224,0.489224,3.994487,0,1.255495,0.489224,101.6808,0,0,0,0.4974468,0,0,3.505263,3.33,5.069044,6.063135,3.827447,0,3.827447,12.82215,91.58657,0.04908034,0.5381464,0.3979574,5,6.560582
9/17/2007 8:00:00 AM,0.3491897,30.08865,-86.85368,59.82927,0.3490047,1.566333,0.3466643,0.3466643,0,0,0,0.3466643,451.83,0,0,0,1.566333,0.3649098,0.3466643,0,0,1.241597,9.507837,1.201424,0,1.201424,13.96192,99.72778,0.04905118,0.3813308,1.253067,0,11.07417
9/17/2007 9:00:00 AM,0.4953895,44.85123,-83.53288,44.84159,0.4959026,2.225611,0.5307899,0.5307899,0,-1,0,0.5307899,419.3017,1.626711,0,0,2.225611,0.5587261,0.5307899,0,0,0.04017344,10.58912,0.04017344,0,0.04017344,14.00003,100,0.04905021,0.5838688,1.780489,0,12.81473
9/17/2007 10:00:00 AM,0.5967169,59.48235,-78.10855,29.86308,0.5975797,2.681938,0,0,0,0,0,0,0,2.681938,0,0,2.681938,0,0,0,0,0,10.62527,0,0,0,14.00003,100,0.04905021,0,2.14555,0,13.30721
9/17/2007 11:00:00 AM,0.7026013,73.59868,-64.81409,14.92216,0.7045475,3.162009,0.7388424,0.7388424,0,0,0,0.7388424,427.968,2.38428,0,0,3.162009,0.7777289,0.7388424,0,0,0,10.62527,0,0,0,14.00003,100,0.04905021,0.8127266,2.529607,0,13.78728
9/17/2007 12:00:00 PM,0.8683535,82.79562,1.49861,1.839679,0.8736624,3.920997,0,0,0,0,0,0,0,3.920997,0,0,3.920997,0,0,0,0,0,10.62527,0,0,0,14.00003,100,0.04905021,0,3.136797,0,14.54627
9/17/2007 1:00:00 PM,0.7916136,73.2618,65.39843,15.29536,0.795585,3.570585,0,0,0,0,0,0,0,3.570585,0,0,3.570585,0,0,0,0,0,10.62527,0,0,0,14.00003,100,0.04905021,0,2.856468,0,14.19586
9/17/2007 2:00:00 PM,0.7240999,59.11882,78.29537,30.23834,0.7276534,3.265708,0,0,0,-1,0,0,0,3.265708,0,0,3.265708,0,0,0,0,0,10.62527,0,0,0,14.00003,100,0.04905021,0,2.612567,0,13.89098
9/17/2007 3:00:00 PM,0.3710541,44.48218,83.63284,45.21724,0.3701141,1.661072,0.8725845,0.8725845,0,0,0,0.8725845,190.3623,0.7425623,0,0,1.661072,0.91851,0.8725845,0,0,0,10.62527,0,0,0,14.00003,100,0.04905021,0.959843,1.328858,0,12.28635
9/17/2007 4:00:00 PM,0.2947684,29.71782,86.9242,60.20504,0.2941138,1.319983,0.7283775,0.7283775,0,0,0,0.7283775,181.2223,0.5532696,0,0,1.319983,0.7667131,0.7283775,0,0,0,10.62527,0,0,0,14.00003,100,0.04905021,0.8012153,1.055986,0,11.94526
9/17/2007 5:00:00 PM,0.2233074,14.91141,89.48003,75.19611,0.2220667,0.9966353,1.446899,1.446899,0,0,0,1.446899,68.88079,0,0,0,0.9966353,1.523051,1.446899,0,0,0,10.62527,0,0.5264161,-0.5264161,13.44514,96.0365,0.04905021,1.591589,0.7973082,0,11.62191
9/17/2007 6:00:00 PM,0.02195012,0.09876171,91.82175,90.1884,0.01260541,0.05657307,0,0,0,0,0,0,0,0,0,0,0.05657307,0,0,0,0,0.5849067,10.09886,0.05657307,0,0.05657307,13.49881,96.41985,0.04904884,0,0.04525845,0,10.15543
9/17/2007 7:00:00 PM,0,0,94.28741,90,0,0,0.2383219,0.2383219,0,-1,0,0.2383219,0,0,5.551115E-17,0,0,0.2508652,0.2383219,0,0,0.5283337,10.14977,0,0.2508652,-0.2508652,13.23437,94.53104,0.04904884,0.2621541,0,0,10.14977
9/17/2007 8:00:00 PM,0,0,97.25878,90,0,0,1.286098,1.286098,0,-1,0,1.286098,0,0,0,0,0,1.353787,1.286098,0,0,0.8070728,9.898909,0,1.353787,-1.353787,11.80735,84.33807,0.04904884,1.414708,0,0,9.898909
9/17/2007 9:00:00 PM,0,0,101.4285,90,0,0,2.350927,2.350927,0,-1,0,2.350927,0,0,4.440892E-16,0,0,2.47466,2.350927,0,0,2.311281,8.545121,0,2.47466,-2.47466,9.198833,65.70582,0.04904884,2.58602,0,0,8.545121
9/17/2007 10:00:00 PM,0,0,108.5961,90,0,0,0.2732243,0.2732243,0,-1,0,0.2732243,0,0,0,0,0,0.2876045,0.2732243,0,0,5.060904,6.070461,0,0.2876045,-0.2876045,8.895672,63.54039,0.04904884,0.3005467,0,0,6.070461
9/17/2007 11:00:00 PM,0,0,125.5673,90,0,0,0.2995246,0.2995246,0,-1,0,0.2995246,0,0,5.551115E-17,0,0,0.315289,0.2995246,0,0,5.380464,5.782856,0,0.315289,-0.315289,8.563328,61.1665,0.04904884,0.329477,0,0,5.782856
9/18/2007 12:00:00 AM,0,0,-178.4415,90,0,0,0.2971897,0.2971897,0,-1,0,0.2971897,0,0,5.551115E-17,0,0,0.3128313,0.2971897,0,0,5.730785,5.467567,0,0.3128313,-0.3128313,8.233575,58.81113,0.04904884,0.3269087,0,0,5.467567
9/18/2007 1:00:00 AM,0,0,-123.6612,90,0,0,0.3176347,0.3176347,0,-1,0,0.3176347,0,0,5.551115E-17,0,0,0.3343523,0.3176347,0,0,6.078375,5.154736,0,0.3343523,-0.3343523,7.881136,56.29372,0.04904884,0.3493982,0,0,5.154736
9/18/2007 2:00:00 AM,0,0,-107.5712,90,0,0,0,0,0,-1,0,0,0,0,0,0,0,0,0,0,0,6.449878,4.820384,0,0,0,7.881136,56.29372,0.04904884,0,0,0,4.820384
9/18/2007 3:00:00 AM,0,0,-100.7273,90,0,0,0,0,0,-1,0,0,0,0,0,0,0,0,0,0,0,6.449878,4.820384,0,0,0,7.881136,56.29372,0.04904884,0,0,0,4.820384
9/18/2007 4:00:00 AM,0,0,-96.70085,90,0,0,0.09377114,0.09377114,0,-1,0,0.09377114,0,0,1.387779E-17,0,0,0.09870647,0.09377114,0,0,6.449878,4.820384,0,0.09870647,-0.09870647,7.777091,55.55054,0.04904884,0.1031483,0,0,4.820384
9/18/2007 5:00:00 AM,0,0,-93.7953,90,0,0,0.3606397,0.3606397,0,0,0,0.3606397,0,0,5.551115E-17,0,0,0.3796207,0.3606397,0,0,6.559552,4.721677,0,0.3796207,-0.3796207,7.376935,52.69229,0.04904884,0.3967036,0,0,4.721677
9/18/2007 6:00:00 AM,0.00833951,0.4999524,-91.35036,89.71822,0.008235757,0.03696208,0.1171506,0.1171506,0,0,0,0.1171506,31.5509,0,1.387779E-17,0,0.03696208,0.1233165,0.1171506,0,0,6.981353,4.342057,0,0.08635439,-0.08635439,7.28591,52.04211,0.04904884,0.1288657,0.02956966,0,4.379019
9/18/2007 7:00:00 AM,0.1773844,15.31348,-88.99255,74.72289,0.1768381,0.7936495,0.5597548,0.5597548,0,0,0,0.5597548,141.7852,0,0,0,0.7936495,0.5892156,0.5597548,0,0,7.077302,4.255702,0.2044338,0,0.2044338,7.479853,53.42741,0.04904388,0.6157303,0.6349196,0,5.049352
9/18/2007 8:00:00 AM,0.2957626,30.11515,-86.37661,59.72835,0.2952843,1.325236,1.023323,1.023323,0,0,0,1.023323,129.5031,0,0,0,1.325236,1.077183,1.023323,0,0,6.872868,4.439693,0.2480535,0,0.2480535,7.715177,55.1083,0.04903786,1.125656,1.060189,0,5.764929
9/18/2007 9:00:00 AM,0.2344138,44.86587,-82.94978,44.73586,0.2333652,1.047343,0,0,0,-1,0,0,0,0,0,0,1.047343,0,0,0,0,6.624815,4.662941,1.047343,0,1.047343,8.708774,62.2054,0.04901249,0,0.8378744,0,5.710284
9/18/2007 10:00:00 AM,0.4730398,59.46821,-77.29474,29.74898,0.4722819,2.119601,0.7918656,0.7918656,0,0,0,0.7918656,267.6718,0,0,0,2.119601,0.8335428,0.7918656,0,0,5.577472,5.605549,1.286058,0,1.286058,9.928836,70.92011,0.04898136,0.8710522,1.695681,0,7.725151
9/18/2007 11:00:00 AM,0.5384504,73.49786,-63.39774,14.78533,0.5377979,2.413637,0,0,0,0,0,0,0,0,0,0,2.413637,0,0,0,0,4.291414,6.763002,2.413637,0,2.413637,12.21861,87.27563,0.04892305,0,1.93091,0,9.176639
9/18/2007 12:00:00 PM,0.5663426,82.39015,2.131209,1.454972,0.5658081,2.539347,0.3918304,0.3918304,0,0,0,0.3918304,648.0729,0.2491171,0,0,2.539347,0.4124531,0.3918304,0,0,1.877777,8.935275,1.877777,0,1.877777,14.00003,100,0.04887778,0.4310135,2.031477,0,11.47462
9/18/2007 1:00:00 PM,0.4671878,72.99739,64.30252,15.34723,0.4659136,2.09102,0.5980182,0.5980182,0,0,0,0.5980182,349.6583,1.461527,0,0,2.09102,0.6294929,0.5980182,0,0,0,10.62527,0,0,0,14.00003,100,0.04887778,0.65782,1.672816,0,12.71629
9/18/2007 2:00:00 PM,0.1947857,58.92403,77.58656,30.31278,0.1938797,0.870132,0.9344353,0.9344353,0,-1,0,0.9344353,93.11849,0,0,0,0.870132,0.9836161,0.9344353,0,0,0,10.62527,0,0.1134841,-0.1134841,13.88041,99.14555,0.04887778,1.027879,0.6961057,0,11.49541
9/18/2007 3:00:00 PM,0.1796577,44.31247,83.10497,45.30001,0.1788257,0.8025696,0.3973924,0.3973924,0,0,0,0.3973924,201.959,0.2581685,0,0,0.8025696,0.4183078,0.3973924,0,0,0.1260934,10.51179,0.1260934,0,0.1260934,14.00003,100,0.04887475,0.4371316,0.6420557,0,11.31436
9/18/2007 4:00:00 PM,0.2225076,29.55871,86.48499,60.29262,0.2216784,0.9948925,1.296748,1.296748,0,0,0,1.296748,76.7221,0,0,0,0.9948925,1.364998,1.296748,0,0,0,10.62527,0,0.3701057,-0.3701057,13.6099,97.21339,0.04887475,1.426423,0.795914,0,11.62017
9/18/2007 5:00:00 PM,0.04945909,14.75604,89.08353,75.28721,0.04921892,0.2208945,1.298601,1.298601,0,0,0,1.298601,17.01019,0,2.220446E-16,0,0.2208945,1.366949,1.298601,0,0,0.4112285,10.25517,0,1.146054,-1.146054,12.40186,88.5845,0.04887475,1.428461,0.1767156,0,10.47606
9/18/2007 6:00:00 PM,0.0155537,0,91.43878,90,0,0,0.2674576,0.2674576,0,0,0,0.2674576,0,0,0,0,0,0.2815343,0.2674576,0,0,1.684622,9.109115,0,0.2815343,-0.2815343,12.10509,86.46477,0.04887475,0.2942033,0,0,9.109115
9/18/2007 7:00:00 PM,0,0,93.89349,90,0,0,0.7463701,0.7463701,0,-1,0,0.7463701,0,0,0,0,0,0.7856528,0.7463701,0,0,1.997438,8.82758,0,0.7856528,-0.7856528,11.27694,80.54942,0.04887475,0.8210072,0,0,8.82758
9/18/2007 8:00:00 PM,0,0,96.82621,90,0,0,0.5740451,0.5740451,0,-1,0,0.5740451,0,0,1.110223E-16,0,0,0.604258,0.5740451,0,0,2.870385,8.041927,0,0.604258,-0.604258,10.64,75.99983,0.04887475,0.6314496,0,0,8.041927
9/18/2007 9:00:00 PM,0,0,100.9167,90,0,0,1.024803,1.024803,0,-1,0,1.024803,0,0,2.220446E-16,0,0,1.07874,1.024803,0,0,3.541783,7.437669,0,1.07874,-1.07874,9.502906,67.87776,0.04887475,1.127283,0,0,7.437669
9/18/2007 10:00:00 PM,0,0,107.9354,90,0,0,0.2583544,0.2583544,0,-1,0,0.2583544,0,0,5.551115E-17,0,0,0.271952,0.2583544,0,0,4.740383,6.35893,0,0.271952,-0.271952,9.216243,65.83018,0.04887475,0.2841899,0,0,6.35893
9/18/2007 11:00:00 PM,0,0,124.7009,90,0,0,0.3228634,0.3228634,0,-1,0,0.3228634,0,0,5.551115E-17,0,0,0.3398562,0.3228634,0,0,5.042552,6.086977,0,0.3398562,-0.3398562,8.858004,63.27132,0.04887475,0.3551497,0,0,6.086977
9/19/2007 12:00:00 AM,0,0,-177.8389,90,0,0,0.2490771,0.2490771,0,-1,0,0.2490771,0,0,0,0,0,0.2621865,0.2490771,0,0,5.42017,5.747121,0,0.2621865,-0.2621865,8.581635,61.29727,0.04887475,0.2739848,0,0,5.747121
9/19/2007 1:00:00 AM,0,0,-122.4352,90,0,0,0.08557764,0.08557764,0,-1,0,0.08557764,0,0,1.387779E-17,0,0,0.09008173,0.08557764,0,0,5.711488,5.484935,0,0.09008173,-0.09008173,8.48668,60.61902,0.04887475,0.09413541,0,0,5.484935
9/19/2007 2:00:00 AM,0,0,-106.7923,90,0,0,0,0,0,-1,0,0,0,0,0,0,0,0,0,0,0,5.811579,5.394853,0,0,0,8.48668,60.61902,0.04887475,0,0,0,5.394853
9/19/2007 3:00:00 AM,0,0,-100.1547,90,0,0,0.2561772,0.2561772,0,-1,0,0.2561772,0,0,0,0,0,0.2696602,0.2561772,0,0,5.811579,5.394853,0,0.2696602,-0.2696602,8.202434,58.58869,0.04887475,0.2817949,0,0,5.394853
9/19/2007 4:00:00 AM,0,0,-96.22765,90,0,0,0,0,0,-1,0,0,0,0,0,0,0,0,0,0,0,6.111201,5.125193,0,0,0,8.202434,58.58869,0.04887475,0,0,0,5.125193
9/19/2007 5:00:00 AM,0,0,-93.3689,90,0,0,0.2338971,0.2338971,0,0,0,0.2338971,0,0,0,0,0,0.2462074,0.2338971,0,0,6.111201,5.125193,0,0.2462074,-0.2462074,7.942908,56.73494,0.04887475,0.2572868,0,0,5.125193
9/19/2007 6:00:00 AM,0.02977229,0.5298522,-90.93745,89.62388,0.0237953,0.1067933,0.1226243,0.1226243,0,0,0,0.1226243,87.08981,0,1.387779E-17,0,0.1067933,0.1290782,0.1226243,0,0,6.384765,4.878985,0,0.02228495,-0.02228495,7.919417,56.56715,0.04887475,0.1348868,0.08543463,0,4.985779
9/19/2007 7:00:00 AM,0.2530474,15.34331,-88.56441,74.62627,0.2536415,1.138343,0.5559825,0.5559825,0,0,0,0.5559825,204.7444,0,0,0,1.138343,0.5852448,0.5559825,0,0,6.409526,4.8567,0.5530983,0,0.5530983,8.444133,60.31511,0.04886143,0.6115808,0.9106745,0,5.995043
9/19/2007 8:00:00 AM,0.5518524,30.13986,-85.89882,59.62907,0.5559934,2.495298,0,0,0,0,0,0,0,0,0,0,2.495298,0,0,0,0,5.856428,5.354489,2.495298,0,2.495298,10.81138,77.22399,0.04880145,0,1.996239,0,7.849787
9/19/2007 9:00:00 AM,0.6769332,44.87746,-82.36585,44.63293,0.682541,3.063244,0.8157083,0.8157083,0,-1,0,0.8157083,375.5318,0,0,0,3.063244,0.8586404,0.8157083,0,0,3.36113,7.600257,2.204604,0,2.204604,12.90285,92.16304,0.04874857,0.8972791,2.450595,0,10.6635
9/19/2007 10:00:00 AM,0.9016576,59.4489,-76.48095,29.63971,0.910314,4.085489,1.266862,1.266862,0,0,0,1.266862,322.489,1.595424,0,0,4.085489,1.333539,1.266862,0,0,1.156526,9.584401,1.156526,0,1.156526,14.00003,100,0.04872088,1.393548,3.268391,0,13.66989
9/19/2007 11:00:00 AM,1.057018,73.38744,-61.99764,14.65862,1.067612,4.791441,1.179196,1.179196,0,0,0,1.179196,406.3312,3.550182,0,0,4.791441,1.241259,1.179196,0,0,0,10.62527,0,0,0,14.00003,100,0.04872088,1.297116,3.833153,0,15.41672
9/19/2007 12:00:00 PM,1.062514,81.98344,2.699938,1.091194,1.073211,4.816571,0.6864874,0.6864874,0,0,0,0.6864874,701.6255,4.093953,0,0,4.816571,0.7226183,0.6864874,0,0,0,10.62527,0,0,0,14.00003,100,0.04872088,0.7551361,3.853256,0,15.44184
9/19/2007 1:00:00 PM,0.9640976,72.72711,63.23831,15.40974,0.9734454,4.368823,0,0,0,0,0,0,0,4.368823,0,0,4.368823,0,0,0,0,0,10.62527,0,0,0,14.00003,100,0.04872088,0,3.495058,0,14.9941
9/19/2007 2:00:00 PM,0.7476952,58.72529,76.88499,30.39214,0.7533295,3.380943,0.8909096,0.8909096,0,-1,0,0.8909096,379.4933,2.443143,0,0,3.380943,0.9377996,0.8909096,0,0,0,10.62527,0,0,0,14.00003,100,0.04872088,0.9800006,2.704754,0,14.00622
9/19/2007 3:00:00 PM,0.6671818,44.14026,82.57961,45.3856,0.6726673,3.018931,0.7772645,0.7772645,0,0,0,0.7772645,388.4046,2.200758,0,0,3.018931,0.8181732,0.7772645,0,0,0,10.62527,0,0,0,14.00003,100,0.04872088,0.854991,2.415145,0,13.64421
9/19/2007 4:00:00 PM,0.4112559,29.39809,86.04668,60.38182,0.4132699,1.854756,0.2831703,0.2831703,0,0,0,0.2831703,654.9964,1.556682,0,0,1.854756,0.298074,0.2831703,0,0,0,10.62527,0,0,0,14.00003,100,0.04872088,0.3114873,1.483804,0,12.48003
9/19/2007 5:00:00 PM,0.1365914,14.59992,88.68717,75.37905,0.1361579,0.6110768,0.1026351,0.1026351,0,0,0,0.1026351,595.3875,0.5030398,0,0,0.6110768,0.108037,0.1026351,0,0,0,10.62527,0,0,0,14.00003,100,0.04872088,0.1128986,0.4888614,0,11.23635
9/19/2007 6:00:00 PM,0.01751762,0,91.05541,90,0,0,0,0,0,0,0,0,0,0,0,0,0,0,0,0,0,0,10.62527,0,0,0,14.00003,100,0.04872088,0,0,0,10.62527
9/19/2007 7:00:00 PM,0,0,93.49854,90,0,0,0.8228057,0.8228057,0,-1,0,0.8228057,0,0,1.110223E-16,0,0,0.8661113,0.8228057,0,0,0,10.62527,0,0.8661113,-0.8661113,13.08707,93.47886,0.04872088,0.9050863,0,0,10.62527
9/19/2007 8:00:00 PM,0,0,96.39171,90,0,0,1.577243,1.577243,0,-1,0,1.577243,0,0,2.220446E-16,0,0,1.660256,1.577243,0,0,0.9623459,9.759163,0,1.660256,-1.660256,11.337,80.97843,0.04872088,1.734967,0,0,9.759163
9/19/2007 9:00:00 PM,0,0,100.4011,90,0,0,2.106642,2.106642,0,-1,0,2.106642,0,0,4.440892E-16,0,0,2.217517,2.106642,0,0,2.807075,8.098907,0,2.217517,-2.217517,8.999535,64.28226,0.04872088,2.317306,0,0,8.098907
9/19/2007 10:00:00 PM,0,0,107.2654,90,0,0,0.0000934391,0.0000934391,0,-1,0,0.0000934391,0,0,1.355253E-20,0,0,0.00009835694,0.0000934391,0,0,5.270983,5.88139,0,0.00009835694,-0.00009835694,8.999431,64.28152,0.04872088,0.000102783,0,0,5.88139
9/19/2007 11:00:00 PM,0,0,123.8039,90,0,0,0,0,0,-1,0,0,0,0,0,0,0,0,0,0,0,5.271092,5.881291,0,0,0,8.999431,64.28152,0.04872088,0,0,0,5.881291
9/20/2007 12:00:00 AM,0,0,-177.1874,90,0,0,0.1107332,0.1107332,0,-1,0,0.1107332,0,0,1.387779E-17,0,0,0.1165613,0.1107332,0,0,5.271092,5.881291,0,0.1165613,-0.1165613,8.876564,63.4039,0.04872088,0.1218066,0,0,5.881291
9/20/2007 1:00:00 AM,0,0,-121.1898,90,0,0,0.2258679,0.2258679,0,-1,0,0.2258679,0,0,2.775558E-17,0,0,0.2377557,0.2258679,0,0,5.400605,5.76473,0,0.2377557,-0.2377557,8.625948,61.61379,0.04872088,0.2484547,0,0,5.76473
9/20/2007 2:00:00 AM,0,0,-106.0111,90,0,0,0,0,0,-1,0,0,0,0,0,0,0,0,0,0,0,5.664778,5.526974,0,0,0,8.625948,61.61379,0.04872088,0,0,0,5.526974
9/20/2007 3:00:00 AM,0,0,-99.5817,90,0,0,0.1695458,0.1695458,0,-1,0,0.1695458,0,0,0,0,0,0.1784692,0.1695458,0,0,5.664778,5.526974,0,0.1784692,-0.1784692,8.437825,60.27006,0.04872088,0.1865004,0,0,5.526974
9/20/2007 4:00:00 AM,0,0,-95.75429,90,0,0,0.4950214,0.4950214,0,-1,0,0.4950214,0,0,1.110223E-16,0,0,0.5210751,0.4950214,0,0,5.863077,5.348505,0,0.5210751,-0.5210751,7.888563,56.34677,0.04872088,0.5445235,0,0,5.348505
9/20/2007 5:00:00 AM,0,0,-92.94234,90,0,0,0.1623839,0.1623839,0,0,0,0.1623839,0,0,2.775558E-17,0,0,0.1709304,0.1623839,0,0,6.44205,4.82743,0,0.1709304,-0.1709304,7.708387,55.0598,0.04872088,0.1786223,0,0,4.82743
9/20/2007 6:00:00 AM,0.03478931,0.5595634,-90.52425,89.52967,0.02999097,0.1345995,0.3668175,0.3668175,0,0,0,0.3668175,36.69386,0,0,0,0.1345995,0.3861237,0.3668175,0,0,6.631972,4.656499,0,0.2515242,-0.2515242,7.443257,53.16602,0.04872088,0.4034993,0.1076796,0,4.791099
9/20/2007 7:00:00 AM,0.2206344,15.37216,-88.13586,74.53054,0.2215848,0.9944724,0.1587262,0.1587262,0,0,0,0.1587262,626.5331,0,0,0,0.9944724,0.1670803,0.1587262,0,0,6.911443,4.404975,0.8273922,0,0.8273922,8.22819,58.77267,0.04870109,0.1745989,0.7955779,0,5.399447
9/20/2007 8:00:00 AM,0.3878399,30.16267,-85.42048,59.53156,0.3897574,1.749231,0.776832,0.776832,0,0,0,0.776832,225.1749,0,0,0,1.749231,0.8177179,0.776832,0,0,6.084051,5.149628,0.9315131,0,0.9315131,9.111901,65.08488,0.04867883,0.8545152,1.399385,0,6.898859
9/20/2007 9:00:00 AM,0.5338416,44.88589,-81.78135,44.53297,0.53656,2.408081,1.351691,1.351691,0,-1,0,1.351691,178.1533,0,0,0,2.408081,1.422832,1.351691,0,0,5.152538,5.98799,0.985249,0,0.985249,10.04659,71.76122,0.0486553,1.48686,1.926465,0,8.396071
9/20/2007 10:00:00 AM,0.6727213,59.42434,-75.66772,29.53546,0.6768362,3.037641,0.7024434,0.7024434,0,0,0,0.7024434,432.4392,0,0,0,3.037641,0.7394141,0.7024434,0,0,4.167289,6.874714,2.298227,0,2.298227,12.22688,87.33468,0.04860051,0.7726877,2.430113,0,9.912354
9/20/2007 11:00:00 AM,0.7231799,73.2675,-60.61557,14.54247,0.7271073,3.263258,0.7390172,0.7390172,0,0,0,0.7390172,441.5672,0.6162823,0,0,3.263258,0.7779129,0.7390172,0,0,1.869062,8.943118,1.869062,0,1.869062,14.00003,100,0.04855604,0.8129189,2.610606,0,12.20638
9/20/2007 12:00:00 PM,0.8522072,81.57574,3.213141,0.7789373,0.859437,3.857153,0.2749904,0.2749904,0,0,0,0.2749904,1402.65,3.56769,0,0,3.857153,0.2894635,0.2749904,0,0,0,10.62527,0,0,0,14.00003,100,0.04855604,0.3024894,3.085723,0,14.48243
9/20/2007 1:00:00 PM,0.8123986,72.45135,62.20517,15.48268,0.8190636,3.675957,0.377561,0.377561,0,0,0,0.377561,973.6064,3.278525,0,0,3.675957,0.3974326,0.377561,0,0,0,10.62527,0,0,0,14.00003,100,0.04855604,0.4153171,2.940766,0,14.30123
9/20/2007 2:00:00 PM,0.8310037,58.52282,76.19087,30.47627,0.8395194,3.767763,1.010531,1.010531,0,-1,0,1.010531,372.8497,2.704046,0,0,3.767763,1.063717,1.010531,0,0,0,10.62527,0,0,0,14.00003,100,0.04855604,1.111584,3.01421,0,14.39304
9/20/2007 3:00:00 PM,0.6726873,43.96571,82.05688,45.47389,0.6792651,3.048542,1.608658,1.608658,0,0,0,1.608658,189.5084,1.355217,0,0,3.048542,1.693324,1.608658,0,0,0,10.62527,0,0,0,14.00003,100,0.04855604,1.769524,2.438833,0,13.67382
9/20/2007 4:00:00 PM,0.3746322,29.23611,85.60941,60.47252,0.3764108,1.689332,0,0,0,0,0,0,0,1.689332,0,0,1.689332,0,0,0,0,0,10.62527,0,0,0,14.00003,100,0.04855604,0,1.351465,0,12.31461
9/20/2007 5:00:00 PM,0.1928909,14.44321,88.29106,75.47151,0.1934344,0.8681335,0.9409211,0.9409211,0,0,0,0.9409211,92.26421,0,0,0,0.8681335,0.9904433,0.9409211,0,0,0,10.62527,0,0.1223098,-0.1223098,13.8711,99.0791,0.04855604,1.035013,0.6945068,0,11.49341
9/20/2007 6:00:00 PM,0.02440774,0,90.67171,90,0,0,1.43216,1.43216,0,0,0,1.43216,0,0,0,0,0,1.507536,1.43216,0,0,0.1358998,10.50296,0,1.507536,-1.507536,12.28202,87.72853,0.04855604,1.575376,0,0,10.50296
9/20/2007 7:00:00 PM,0,0,93.10268,90,0,0,0.6657245,0.6657245,0,-1,0,0.6657245,0,0,1.110223E-16,0,0,0.7007626,0.6657245,0,0,1.81094,8.995428,0,0.7007626,-0.7007626,11.54335,82.45234,0.04855604,0.7322969,0,0,8.995428
9/20/2007 8:00:00 PM,0,0,95.95537,90,0,0,0.9001967,0.9001967,0,-1,0,0.9001967,0,0,1.110223E-16,0,0,0.9475754,0.9001967,0,0,2.589565,8.294665,0,0.9475754,-0.9475754,10.54452,75.31784,0.04855604,0.9902164,0,0,8.294665
9/20/2007 9:00:00 PM,0,0,99.88174,90,0,0,0,0,0,-1,0,0,0,0,0,0,0,0,0,0,0,3.642427,7.34709,0,0,0,10.54452,75.31784,0.04855604,0,0,0,7.34709
9/20/2007 10:00:00 PM,0,0,106.5861,90,0,0,0.1065968,0.1065968,0,-1,0,0.1065968,0,0,1.387779E-17,0,0,0.1122072,0.1065968,0,0,3.642427,7.34709,0,0.1122072,-0.1122072,10.42624,74.47301,0.04855604,0.1172565,0,0,7.34709
9/20/2007 11:00:00 PM,0,0,122.8752,90,0,0,0.210778,0.210778,0,-1,0,0.210778,0,0,2.775558E-17,0,0,0.2218716,0.210778,0,0,3.767102,7.234883,0,0.2218716,-0.2218716,10.19237,72.80248,0.04855604,0.2318558,0,0,7.234883
9/21/2007 12:00:00 AM,0,0,-176.4816,90,0,0,0,0,0,-1,0,0,0,0,0,0,0,0,0,0,0,4.013626,7.013011,0,0,0,10.19237,72.80248,0.04855604,0,0,0,7.013011
9/21/2007 1:00:00 AM,0,0,-119.9261,90,0,0,0.1841353,0.1841353,0,-1,0,0.1841353,0,0,2.775558E-17,0,0,0.1938267,0.1841353,0,0,4.013626,7.013011,0,0.1938267,-0.1938267,9.988057,71.34312,0.04855604,0.2025489,0,0,7.013011
9/21/2007 2:00:00 AM,0,0,-105.2281,90,0,0,0.07415218,0.07415218,0,-1,0,0.07415218,0,0,1.387779E-17,0,0,0.07805493,0.07415218,0,0,4.228989,6.819184,0,0.07805493,-0.07805493,9.90578,70.75543,0.04855604,0.0815674,0,0,6.819184
9/21/2007 3:00:00 AM,0,0,-99.00852,90,0,0,0.06226262,0.06226262,0,-1,0,0.06226262,0,0,6.938894E-18,0,0,0.0655396,0.06226262,0,0,4.315716,6.741129,0,0.0655396,-0.0655396,9.836696,70.26197,0.04855604,0.06848888,0,0,6.741129
9/21/2007 4:00:00 AM,0,0,-95.28094,90,0,0,0.1929138,0.1929138,0,-1,0,0.1929138,0,0,2.775558E-17,0,0,0.2030672,0.1929138,0,0,4.388538,6.67559,0,0.2030672,-0.2030672,9.622643,68.73303,0.04855604,0.2122052,0,0,6.67559
9/21/2007 5:00:00 AM,0,0,-92.51572,90,0,0,0.161442,0.161442,0,0,0,0.161442,0,0,2.775558E-17,0,0,0.169939,0.161442,0,0,4.614168,6.472523,0,0.169939,-0.169939,9.443512,67.45352,0.04855604,0.1775862,0,0,6.472523
9/21/2007 6:00:00 AM,0.02167104,0.5889916,-90.1109,89.43572,0.02136151,0.09587047,0.1604678,0.1604678,0,0,0,0.1604678,59.74438,0,0,0,0.09587047,0.1689134,0.1604678,0,0,4.802989,6.302584,0,0.07304297,-0.07304297,9.366518,66.90356,0.04855604,0.1765145,0.07669637,0,6.398454
9/21/2007 7:00:00 AM,0.05873358,15.39993,-87.70706,74.43582,0.05846232,0.2623789,1.017729,1.017729,0,0,0,1.017729,25.78083,0,0,0,0.2623789,1.071293,1.017729,0,0,4.884148,6.229541,0,0.8089144,-0.8089144,8.513847,60.81308,0.04855604,1.119501,0.2099031,0,6.49192
9/21/2007 8:00:00 AM,0.1626284,30.18349,-84.94177,59.43594,0.1619162,0.7266799,0.3619516,0.3619516,0,0,0,0.3619516,200.7672,0,0,0,0.7266799,0.3810017,0.3619516,0,0,5.782942,5.420627,0.3456782,0,0.3456782,8.841786,63.15549,0.04854783,0.3981467,0.5813439,0,6.147306
9/21/2007 9:00:00 AM,0.1073131,44.89108,-81.19653,44.43611,0.1068076,0.4793527,0.9006659,0.9006659,0,-1,0,0.9006659,53.22203,0,0,0,0.4793527,0.9480694,0.9006659,0,0,5.437263,5.731737,0,0.4687167,-0.4687167,8.347716,59.62642,0.04854783,0.9907325,0.3834821,0,6.21109
9/21/2007 10:00:00 AM,0.2414235,59.39446,-74.85559,29.43641,0.2403396,1.078644,1.624312,1.624312,0,0,0,1.624312,66.40623,0,0,0,1.078644,1.709802,1.624312,0,0,5.95806,5.26302,0,0.6311576,-0.6311576,7.682417,54.8743,0.04854783,1.786743,0.8629152,0,6.341664
9/21/2007 11:00:00 AM,0.2899137,73.13821,-59.25323,14.43727,0.2886271,1.295358,1.049582,1.049582,0,0,0,1.049582,123.4166,0,0,0,1.295358,1.104823,1.049582,0,0,6.659346,4.631863,0.1905352,0,0.1905352,7.863175,56.16542,0.0485433,1.15454,1.036287,0,5.927221
9/21/2007 12:00:00 PM,0.7834009,81.16727,3.677694,0.6046788,0.7891789,3.541835,0.3547113,0.3547113,0,0,0,0.3547113,998.5121,0,0,0,3.541835,0.3733803,0.3547113,0,0,6.468811,4.803344,3.168455,0,3.168455,10.86903,77.63581,0.04846815,0.3901824,2.833468,0,8.34518
9/21/2007 1:00:00 PM,0.6546718,72.1705,61.20242,15.56582,0.6571404,2.949246,1.838569,1.838569,0,0,0,1.838569,160.4099,0,0,0,2.949246,1.935336,1.838569,0,0,3.300356,7.654953,1.01391,0,1.01391,11.83091,84.50636,0.04844415,2.022426,2.359397,0,10.6042
9/21/2007 2:00:00 PM,0.3996657,58.31681,75.50433,30.56505,0.3986096,1.78896,1.010432,1.010432,0,-1,0,1.010432,177.049,0,0,0,1.78896,1.063613,1.010432,0,0,2.286446,8.567472,0.7253468,0,0.7253468,12.51904,89.42152,0.04842699,1.111476,1.431168,0,10.35643
9/21/2007 3:00:00 PM,0.2441278,43.78898,81.53694,45.56476,0.2431021,1.091042,0.4347767,0.4347767,0,0,0,0.4347767,250.9431,0,0,0,1.091042,0.4576597,0.4347767,0,0,1.5611,9.220284,0.6333823,0,0.6333823,13.11992,93.71352,0.04841202,0.4782544,0.8728336,0,10.31133
9/21/2007 4:00:00 PM,0.2813819,29.0729,85.17329,60.5646,0.2813775,1.262822,1.365466,1.365466,0,0,0,1.365466,92.48285,0,0,0,1.262822,1.437333,1.365466,0,0,0.9277172,9.790329,0,0.1745108,-0.1745108,12.93597,92.39958,0.04841202,1.502013,1.010258,0,11.05315
9/21/2007 5:00:00 PM,0.1758504,14.28603,87.89529,75.56448,0.1765135,0.7921926,1.02782,1.02782,0,0,0,1.02782,77.07501,0,0,0,0.7921926,1.081916,1.02782,0,0,1.121618,9.615818,0,0.2897235,-0.2897235,12.63057,90.21819,0.04841202,1.130602,0.6337541,0,10.40801
9/21/2007 6:00:00 PM,0.02927105,0,90.2878,90,0,0,1.423548,1.423548,0,0,0,1.423548,0,0,2.220446E-16,0,0,1.498472,1.423548,0,0,1.443533,9.326095,0,1.498472,-1.498472,11.05104,78.93587,0.04841202,1.565903,0,0,9.326095
9/21/2007 7:00:00 PM,0,0,92.70601,90,0,0,0.9854467,0.9854467,0,-1,0,0.9854467,0,0,2.220446E-16,0,0,1.037312,0.9854467,0,0,3.108502,7.827622,0,1.037312,-1.037312,9.957622,71.12572,0.04841202,1.083991,0,0,7.827622
9/21/2007 8:00:00 PM,0,0,95.5173,90,0,0,0.6158939,0.6158939,0,-1,0,0.6158939,0,0,1.110223E-16,0,0,0.6483094,0.6158939,0,0,4.261071,6.79031,0,0.6483094,-0.6483094,9.274243,66.24446,0.04841202,0.6774833,0,0,6.79031
9/21/2007 9:00:00 PM,0,0,99.35874,90,0,0,0.3015091,0.3015091,0,-1,0,0.3015091,0,0,0,0,0,0.317378,0.3015091,0,0,4.981415,6.142001,0,0.317378,-0.317378,8.939697,63.85485,0.04841202,0.3316601,0,0,6.142001
9/21/2007 10:00:00 PM,0,0,105.8976,90,0,0,0.09492858,0.09492858,0,-1,0,0.09492858,0,0,1.387779E-17,0,0,0.09992482,0.09492858,0,0,5.334057,5.824623,0,0.09992482,-0.09992482,8.834367,63.1025,0.04841202,0.1044214,0,0,5.824623
9/21/2007 11:00:00 PM,0,0,121.9136,90,0,0,0.5629148,0.5629148,0,-1,0,0.5629148,0,0,1.110223E-16,0,0,0.5925419,0.5629148,0,0,5.445085,5.724698,0,0.5925419,-0.5925419,8.209773,58.64112,0.04841202,0.6192062,0,0,5.724698
9/22/2007 12:00:00 AM,0,0,-175.7152,90,0,0,0.3591856,0.3591856,0,-1,0,0.3591856,0,0,0,0,0,0.3780901,0.3591856,0,0,6.103465,5.132156,0,0.3780901,-0.3780901,7.811231,55.7944,0.04841202,0.3951042,0,0,5.132156
9/22/2007 1:00:00 AM,0,0,-118.6453,90,0,0,0.3192706,0.3192706,0,-1,0,0.3192706,0,0,5.551115E-17,0,0,0.3360743,0.3192706,0,0,6.523565,4.754066,0,0.3360743,-0.3360743,7.456978,53.26402,0.04841202,0.3511977,0,0,4.754066
9/22/2007 2:00:00 AM,0,0,-104.4437,90,0,0,0.145166,0.145166,0,-1,0,0.145166,0,0,0,0,0,0.1528063,0.145166,0,0,6.89698,4.417992,0,0.1528063,-0.1528063,7.295906,52.11351,0.04841202,0.1596825,0,0,4.417992
9/22/2007 3:00:00 AM,0,0,-98.43543,90,0,0,0.2582558,0.2582558,0,-1,0,0.2582558,0,0,0,0,0,0.2718482,0.2582558,0,0,7.066765,4.265185,0,0.2718482,-0.2718482,7.009353,50.0667,0.04841202,0.2840813,0,0,4.265185
9/22/2007 4:00:00 AM,0,0,-94.80776,90,0,0,0.1985922,0.1985922,0,-1,0,0.1985922,0,0,0,0,0,0.2090444,0.1985922,0,0,7.368819,3.993337,0,0.2090444,-0.2090444,6.789001,48.49276,0.04841202,0.2184514,0,0,3.993337
9/22/2007 5:00:00 AM,0,0,-92.08921,90,0,0,0.1119107,0.1119107,0,0,0,0.1119107,0,0,1.387779E-17,0,0,0.1178008,0.1119107,0,0,7.60109,3.784293,0,0.1178008,-0.1178008,6.664828,47.60582,0.04841202,0.1231018,0,0,3.784293
9/22/2007 6:00:00 AM,0.03476958,0.6180421,-89.69755,89.34214,0.03669188,0.1646732,0.2247165,0.2247165,0,0,0,0.2247165,73.28041,0,0,0,0.1646732,0.2365437,0.2247165,0,0,7.73198,3.666492,0,0.07187051,-0.07187051,6.589069,47.06469,0.04841202,0.2471881,0.1317385,0,3.831165
9/22/2007 7:00:00 AM,0.234918,15.42654,-87.27814,74.34223,0.2377486,1.067016,1.47665,1.47665,0,0,0,1.47665,72.25924,0,0,0,1.067016,1.554368,1.47665,0,0,7.811836,3.594622,0,0.4873523,-0.4873523,6.075355,43.39531,0.04841202,1.624315,0.8536125,0,4.661637
9/22/2007 8:00:00 AM,0.5131753,30.20222,-84.46288,59.34234,0.5201126,2.334265,0.3525182,0.3525182,0,0,0,0.3525182,662.1688,0,0,0,2.334265,0.3710718,0.3525182,0,0,8.353338,3.107269,1.963194,0,1.963194,7.937804,56.69849,0.04836568,0.3877701,1.867412,0,5.441535
9/22/2007 9:00:00 AM,0.7454258,44.89293,-80.61165,44.34248,0.7554388,3.390409,0.1043516,0.1043516,0,-1,0,0.1043516,3249.026,0,0,0,3.390409,0.1098437,0.1043516,0,0,6.390145,4.874144,3.280566,0,3.280566,11.05002,78.92857,0.04828844,0.1147867,2.712327,0,8.264553
9/22/2007 10:00:00 AM,0.8000548,59.35921,-74.04511,29.34272,0.8095675,3.633339,0.7727622,0.7727622,0,0,0,0.7727622,470.1756,0,0,0,3.633339,0.8134339,0.7727622,0,0,3.109579,7.826653,2.819905,0,2.819905,13.72522,98.03708,0.04822224,0.8500384,2.906671,0,11.45999
9/22/2007 11:00:00 AM,0.9820655,72.99976,-57.91218,14.34337,0.9949092,4.465152,0.056815,0.056815,0,0,0,0.056815,7859.108,4.115673,0,0,4.465152,0.05980527,0.056815,0,0,0.2896743,10.36457,0.2896743,0,0.2896743,14.00003,100,0.04821545,0.06249651,3.572122,0,14.82972
9/22/2007 12:00:00 PM,0.9532799,80.75826,4.099316,0.6837338,0.9651129,4.331427,0.1134133,0.1134133,0,0,0,0.1134133,3819.154,4.212045,0,0,4.331427,0.1193824,0.1134133,0,0,0,10.62527,0,0,0,14.00003,100,0.04821545,0.1247546,3.465142,0,14.9567
9/22/2007 1:00:00 PM,0.9337108,71.88496,60.22931,15.65888,0.9455251,4.243517,0.4839534,0.4839534,0,0,0,0.4839534,876.844,3.734092,0,0,4.243517,0.5094247,0.4839534,0,0,0,10.62527,0,0,0,14.00003,100,0.04821545,0.5323488,3.394813,0,14.86879
9/22/2007 2:00:00 PM,0.7916496,58.10748,74.82552,30.65831,0.8011057,3.595363,0.6962343,0.6962343,0,-1,0,0.6962343,516.4012,2.862484,0,0,3.595363,0.7328781,0.6962343,0,0,0,10.62527,0,0,0,14.00003,100,0.04821545,0.7658577,2.87629,0,14.22064
9/22/2007 3:00:00 PM,0.6935759,43.61023,81.0199,45.65808,0.7026691,3.153579,0,0,0,0,0,0,0,3.153579,0,0,3.153579,0,0,0,0,0,10.62527,0,0,0,14.00003,100,0.04821545,0,2.522863,0,13.77885
9/22/2007 4:00:00 PM,0.4851903,28.90862,84.73841,60.65795,0.4916978,2.20674,0.8831003,0.8831003,0,0,0,0.8831003,249.8855,1.27716,0,0,2.20674,0.9295793,0.8831003,0,0,0,10.62527,0,0,0,14.00003,100,0.04821545,0.9714103,1.765392,0,12.83201
9/22/2007 5:00:00 PM,0.1993829,14.12853,87.49995,75.65784,0.2014059,0.9039097,0,0,0,0,0,0,0,0.9039097,0,0,0.9039097,0,0,0,0,0,10.62527,0,0,0,14.00003,100,0.04821545,0,0.7231278,0,11.52918
9/22/2007 6:00:00 PM,0.01834075,0,89.90374,90,0,0,0,0,0,0,0,0,0,0,0,0,0,0,0,0,0,0,10.62527,0,0,0,14.00003,100,0.04821545,0,0,0,10.62527
9/22/2007 7:00:00 PM,0,0,92.30862,90,0,0,0.03698701,0.03698701,0,-1,0,0.03698701,0,0,6.938894E-18,0,0,0.0389337,0.03698701,0,0,0,10.62527,0,0.0389337,-0.0389337,13.95899,99.70686,0.04821545,0.04068572,0,0,10.62527
9/22/2007 8:00:00 PM,0,0,95.07763,90,0,0,1.733585,1.733585,0,-1,0,1.733585,0,0,0,0,0,1.824826,1.733585,0,0,0.04325967,10.58634,0,1.824826,-1.824826,12.03545,85.96735,0.04821545,1.906943,0,0,10.58634
9/22/2007 9:00:00 PM,0,0,98.83224,90,0,0,0,0,0,-1,0,0,0,0,0,0,0,0,0,0,0,2.070844,8.761515,0,0,0,12.03545,85.96735,0.04821545,0,0,0,8.761515
9/22/2007 10:00:00 PM,0,0,105.2,90,0,0,0.1341852,0.1341852,0,-1,0,0.1341852,0,0,0,0,0,0.1412476,0.1341852,0,0,2.070844,8.761515,0,0.1412476,-0.1412476,11.88657,84.90386,0.04821545,0.1476038,0,0,8.761515
9/22/2007 11:00:00 PM,0,0,120.9179,90,0,0,0.2281598,0.2281598,0,-1,0,0.2281598,0,0,2.775558E-17,0,0,0.2401682,0.2281598,0,0,2.227786,8.620267,0,0.2401682,-0.2401682,11.6334,83.09559,0.04821545,0.2509758,0,0,8.620267
9/23/2007 12:00:00 AM,0,0,-174.8807,90,0,0,0,0,0,-1,0,0,0,0,0,0,0,0,0,0,0,2.494639,8.380098,0,0,0,11.6334,83.09559,0.04821545,0,0,0,8.380098
9/23/2007 1:00:00 AM,0,0,-117.3487,90,0,0,0.3331943,0.3331943,0,-1,0,0.3331943,0,0,5.551115E-17,0,0,0.3507308,0.3331943,0,0,2.494639,8.380098,0,0.3507308,-0.3507308,11.2637,80.45486,0.04821545,0.3665137,0,0,8.380098
9/23/2007 2:00:00 AM,0,0,-103.6584,90,0,0,0,0,0,-1,0,0,0,0,0,0,0,0,0,0,0,2.884341,8.029367,0,0,0,11.2637,80.45486,0.04821545,0,0,0,8.029367
9/23/2007 3:00:00 AM,0,0,-97.86264,90,0,0,0.213375,0.213375,0,-1,0,0.213375,0,0,2.775558E-17,0,0,0.2246053,0.213375,0,0,2.884341,8.029367,0,0.2246053,-0.2246053,11.02695,78.76376,0.04821545,0.2347126,0,0,8.029367
9/23/2007 4:00:00 AM,0,0,-94.33493,90,0,0,0.3750516,0.3750516,0,-1,0,0.3750516,0,0,5.551115E-17,0,0,0.3947912,0.3750516,0,0,3.133902,7.804762,0,0.3947912,-0.3947912,10.6108,75.79128,0.04821545,0.4125568,0,0,7.804762
9/23/2007 5:00:00 AM,0,0,-91.66293,90,0,0,0.2358451,0.2358451,0,0,0,0.2358451,0,0,0,0,0,0.248258,0.2358451,0,0,3.572559,7.409971,0,0.248258,-0.248258,10.34911,73.9221,0.04821545,0.2594296,0,0,7.409971
9/23/2007 6:00:00 AM,0.02678486,0.6466204,-89.28432,89.24905,0.02888333,0.1296284,0.1312626,0.1312626,0,0,0,0.1312626,98.75502,0,0,0,0.1296284,0.1381711,0.1312626,0,0,3.848401,7.161713,0,0.008542746,-0.008542746,10.34011,73.85778,0.04821545,0.1443888,0.1037027,0,7.291342
9/23/2007 7:00:00 AM,0.1770682,15.45188,-86.84925,74.2499,0.1781089,0.7993526,2.139655,2.139655,0,0,0,2.139655,37.35895,0,4.440892E-16,0,0.7993526,2.252268,2.139655,0,0,3.857893,7.153171,0,1.452916,-1.452916,8.808601,62.91846,0.04821545,2.35362,0.6394821,0,7.952523
9/23/2007 8:00:00 AM,0.4009916,30.21877,-83.98398,59.25089,0.4050502,1.817865,1.184745,1.184745,0,0,0,1.184745,153.4394,0,0,0,1.817865,1.2471,1.184745,0,0,5.472244,5.700255,0.5707655,0,0.5707655,9.350078,66.78613,0.04820208,1.303219,1.454292,0,7.51812
9/23/2007 9:00:00 AM,0.7119405,44.89137,-80.027,44.25222,0.722325,3.241795,0.2843092,0.2843092,0,-1,0,0.2843092,1140.236,0,0,0,3.241795,0.2992728,0.2843092,0,0,4.901478,6.213944,2.942522,0,2.942522,12.1416,86.72553,0.04813325,0.3127401,2.593436,0,9.455738
9/23/2007 10:00:00 AM,0.9218799,59.31852,-73.23683,29.25455,0.9353151,4.197694,1.15406,1.15406,0,0,0,1.15406,363.7328,1.023938,0,0,4.197694,1.2148,1.15406,0,0,1.958956,8.862213,1.958956,0,1.958956,14.00003,100,0.04808754,1.269466,3.358155,0,13.05991
9/23/2007 11:00:00 AM,0.818614,72.85232,-56.59385,14.26111,0.8276308,3.714407,0.6233823,0.6233823,0,0,0,0.6233823,595.8473,3.058215,0,0,3.714407,0.6561919,0.6233823,0,0,0,10.62527,0,0,0,14.00003,100,0.04808754,0.6857206,2.971525,0,14.33968
9/23/2007 12:00:00 PM,0.7999324,80.34887,4.482799,0.9549617,0.8075522,3.624294,0.376014,0.376014,0,0,0,0.376014,963.8722,3.22849,0,0,3.624294,0.3958042,0.376014,0,0,0,10.62527,0,0,0,14.00003,100,0.04808754,0.4136154,2.899436,0,14.24957
9/23/2007 1:00:00 PM,0.9496688,71.59509,59.28503,15.76158,0.9629084,4.321533,1.079314,1.079314,0,0,0,1.079314,400.3962,3.185413,0,0,4.321533,1.13612,1.079314,0,0,0,10.62527,0,0,0,14.00003,100,0.04808754,1.187245,3.457226,0,14.94681
9/23/2007 2:00:00 PM,0.9425494,57.89503,74.15453,30.75589,0.956388,4.292269,1.960154,1.960154,0,-1,0,1.960154,218.9761,2.22895,0,0,4.292269,2.06332,1.960154,0,0,0,10.62527,0,0,0,14.00003,100,0.04808754,2.156169,3.433815,0,14.91754
9/23/2007 3:00:00 PM,0.7183015,43.42961,80.50587,45.75372,0.7290241,3.27186,1.149258,1.149258,0,0,0,1.149258,284.6932,2.062115,0,0,3.27186,1.209745,1.149258,0,0,0,10.62527,0,0,0,14.00003,100,0.04808754,1.264184,2.617488,0,13.89713
9/23/2007 4:00:00 PM,0.4279513,28.7434,84.30488,60.75244,0.4336665,1.946295,1.208891,1.208891,0,0,0,1.208891,160.9984,0.6737782,0,0,1.946295,1.272517,1.208891,0,0,0,10.62527,0,0,0,14.00003,100,0.04808754,1.32978,1.557036,0,12.57157
9/23/2007 5:00:00 PM,0.2367199,13.97084,87.10514,75.75148,0.2410781,1.081959,0.3216435,0.3216435,0,0,0,0.3216435,336.3844,0.7433864,0,0,1.081959,0.3385721,0.3216435,0,0,0,10.62527,0,0,0,14.00003,100,0.04808754,0.3538079,0.8655668,0,11.70723
9/23/2007 6:00:00 PM,0.02131121,0,89.51965,90,0,0,1.946694,1.946694,0,0,0,1.946694,0,0,2.220446E-16,0,0,2.049151,1.946694,0,0,0,10.62527,0,2.049151,-2.049151,11.84003,84.5715,0.04808754,2.141363,0,0,10.62527
9/23/2007 7:00:00 PM,0,0,91.9106,90,0,0,0.56064,0.56064,0,-1,0,0.56064,0,0,1.110223E-16,0,0,0.5901474,0.56064,0,0,2.276835,8.576123,0,0.5901474,-0.5901474,11.21796,80.12814,0.04808754,0.616704,0,0,8.576123
9/23/2007 8:00:00 PM,0,0,94.63645,90,0,0,0.2473942,0.2473942,0,-1,0,0.2473942,0,0,2.775558E-17,0,0,0.260415,0.2473942,0,0,2.932554,7.985975,0,0.260415,-0.260415,10.94346,78.16743,0.04808754,0.2721337,0,0,7.985975
9/23/2007 9:00:00 PM,0,0,98.30239,90,0,0,0.6432978,0.6432978,0,-1,0,0.6432978,0,0,0,0,0,0.6771556,0.6432978,0,0,3.221904,7.72556,0,0.6771556,-0.6771556,10.22968,73.06897,0.04808754,0.7076275,0,0,7.72556
9/23/2007 10:00:00 PM,0,0,104.4935,90,0,0,0.3873888,0.3873888,0,-1,0,0.3873888,0,0,5.551115E-17,0,0,0.4077777,0.3873888,0,0,3.974299,7.048405,0,0.4077777,-0.4077777,9.799841,69.99873,0.04808754,0.4261277,0,0,7.048405
9/23/2007 11:00:00 PM,0,0,119.8872,90,0,0,0.3137962,0.3137962,0,-1,0,0.3137962,0,0,0,0,0,0.3303118,0.3137962,0,0,4.427386,6.640627,0,0.3303118,-0.3303118,9.451662,67.51173,0.04808754,0.3451758,0,0,6.640627
9/24/2007 12:00:00 AM,0,0,-173.9693,90,0,0,0.1002901,0.1002901,0,-1,0,0.1002901,0,0,1.387779E-17,0,0,0.1055685,0.1002901,0,0,4.794399,6.310315,0,0.1055685,-0.1055685,9.340383,66.71689,0.04808754,0.1103191,0,0,6.310315
9/24/2007 1:00:00 AM,0,0,-116.0375,90,0,0,0.1837481,0.1837481,0,-1,0,0.1837481,0,0,2.775558E-17,0,0,0.193419,0.1837481,0,0,4.911697,6.204747,0,0.193419,-0.193419,9.136501,65.2606,0.04808754,0.2021229,0,0,6.204747
9/24/2007 2:00:00 AM,0,0,-102.8727,90,0,0,0.1748693,0.1748693,0,-1,0,0.1748693,0,0,0,0,0,0.184073,0.1748693,0,0,5.126607,6.011328,0,0.184073,-0.184073,8.942472,63.87467,0.04808754,0.1923563,0,0,6.011328
9/24/2007 3:00:00 AM,0,0,-97.2904,90,0,0,0.08139623,0.08139623,0,-1,0,0.08139623,0,0,1.387779E-17,0,0,0.08568024,0.08139623,0,0,5.331133,5.827255,0,0.08568024,-0.08568024,8.852157,63.22956,0.04808754,0.08953585,0,0,5.827255
9/24/2007 4:00:00 AM,0,0,-93.86261,90,0,0,0.3422425,0.3422425,0,-1,0,0.3422425,0,0,0,0,0,0.3602553,0.3422425,0,0,5.426333,5.741575,0,0.3602553,-0.3602553,8.472414,60.51712,0.04808754,0.3764668,0,0,5.741575
9/24/2007 5:00:00 AM,0,0,-91.23703,90,0,0,0.1528246,0.1528246,0,0,0,0.1528246,0,0,2.775558E-17,0,0,0.160868,0.1528246,0,0,5.826617,5.381319,0,0.160868,-0.160868,8.302844,59.30591,0.04808754,0.168107,0,0,5.381319
9/24/2007 6:00:00 AM,0.02707504,0.6746321,-88.87136,89.15656,0.03042295,0.1365382,0.2518685,0.2518685,0,0,0,0.2518685,54.2101,0,5.551115E-17,0,0.1365382,0.2651248,0.2518685,0,0,6.005359,5.220451,0,0.1285866,-0.1285866,8.167302,58.33776,0.04808754,0.2770554,0.1092305,0,5.356989
9/24/2007 7:00:00 AM,0.1412869,15.47587,-86.42053,74.15894,0.1414096,0.6346462,1.346764,1.346764,0,0,0,1.346764,47.12378,0,0,0,0.6346462,1.417647,1.346764,0,0,6.148233,5.091865,0,0.7830005,-0.7830005,7.341947,52.44238,0.04808754,1.481441,0.507717,0,5.726511
9/24/2007 8:00:00 AM,0.4307387,30.23306,-83.50525,59.16169,0.4367278,1.960034,0.2878259,0.2878259,0,0,0,0.2878259,680.9791,0,0,0,1.960034,0.3029746,0.2878259,0,0,7.018233,4.308864,1.65706,0,1.65706,8.913972,63.6711,0.04804894,0.3166085,1.568027,0,6.268898
9/24/2007 9:00:00 AM,0.4358666,44.88633,-79.44285,44.16546,0.4371164,1.961779,0.4643764,0.4643764,0,-1,0,0.4643764,422.4544,0,0,0,1.961779,0.4888172,0.4643764,0,0,5.361174,5.800218,1.472961,0,1.472961,10.31135,73.65233,0.04801469,0.510814,1.569423,0,7.761997
9/24/2007 10:00:00 AM,0.7536831,59.27237,-72.4313,29.17207,0.763311,3.42574,0.8017864,0.8017864,0,0,0,0.8017864,427.2634,0,0,0,3.42574,0.8439857,0.8017864,0,0,3.888212,7.125883,2.581754,0,2.581754,12.76061,91.14706,0.04795476,0.881965,2.740592,0,10.55162
9/24/2007 11:00:00 AM,0.8131087,72.69612,-55.29953,14.19078,0.8226636,3.692114,1.311466,1.311466,0,0,0,1.311466,281.5258,1.005167,0,0,3.692114,1.38049,1.311466,0,0,1.306458,9.449462,1.306458,0,1.306458,14.00003,100,0.04792449,1.442612,2.953691,0,13.14158
9/24/2007 12:00:00 PM,0.9457446,79.93932,4.832188,1.303147,0.9593189,4.305423,1.162903,1.162903,0,0,0,1.162903,370.2306,3.081314,0,0,4.305423,1.224109,1.162903,0,0,0,10.62527,0,0,0,14.00003,100,0.04792449,1.279194,3.444338,0,14.9307
9/24/2007 1:00:00 PM,0.7561954,71.30128,58.36876,15.87359,0.7636859,3.427423,0.4672311,0.4672311,0,0,0,0.4672311,733.5604,2.9356,0,0,3.427423,0.4918222,0.4672311,0,0,0,10.62527,0,0,0,14.00003,100,0.04792449,0.5139542,2.741938,0,14.0527
9/24/2007 2:00:00 PM,0.482297,57.67968,73.49146,30.85765,0.4827126,2.166414,0.4169733,0.4169733,0,-1,0,0.4169733,519.5571,1.727495,0,0,2.166414,0.4389192,0.4169733,0,0,0,10.62527,0,0,0,14.00003,100,0.04792449,0.4586706,1.733131,0,12.79169
9/24/2007 3:00:00 PM,0.3836654,43.2473,79.99499,45.85155,0.3839214,1.723039,0.7426907,0.7426907,0,0,0,0.7426907,231.9996,0.9412597,0,0,1.723039,0.7817797,0.7426907,0,0,0,10.62527,0,0,0,14.00003,100,0.04792449,0.8169598,1.378432,0,12.34831
9/24/2007 4:00:00 PM,0.1063532,28.57739,83.8728,60.84795,0.1058766,0.4751743,1.369109,1.369109,0,0,0,1.369109,34.70684,0,0,0,0.4751743,1.441167,1.369109,0,0,0,10.62527,0,0.9659927,-0.9659927,12.98178,92.72683,0.04792449,1.506019,0.3801394,0,11.10045
9/24/2007 5:00:00 PM,0.04777559,13.8131,86.71096,75.84526,0.04756338,0.2134645,0.9844072,0.9844072,0,0,0,0.9844072,21.68457,0,1.110223E-16,0,0.2134645,1.036218,0.9844072,0,0,1.073325,9.659282,0,0.8227537,-0.8227537,12.11452,86.53214,0.04792449,1.082848,0.1707716,0,9.872746
9/24/2007 6:00:00 PM,0.0138226,0,89.13562,90,0,0,0.3043368,0.3043368,0,0,0,0.3043368,0,0,5.551115E-17,0,0,0.3203545,0.3043368,0,0,1.987496,8.836528,0,0.3203545,-0.3203545,11.77684,84.12012,0.04792449,0.3347705,0,0,8.836528
9/24/2007 7:00:00 PM,0,0,91.51206,90,0,0,1.835968,1.835968,0,-1,0,1.835968,0,0,2.220446E-16,0,0,1.932598,1.835968,0,0,2.343446,8.516173,0,1.932598,-1.932598,9.739704,69.56918,0.04792449,2.019564,0,0,8.516173
9/24/2007 8:00:00 PM,0,0,94.19389,90,0,0,2.269208,2.269208,0,-1,0,2.269208,0,0,0,0,0,2.38864,2.269208,0,0,4.490776,6.583576,0,2.38864,-2.38864,7.221857,51.58459,0.04792449,2.496128,0,0,6.583576
9/24/2007 9:00:00 PM,0,0,97.76933,90,0,0,3.188429,3.188429,0,-1,0,3.188429,0,0,4.440892E-16,0.1772723,0,3.356241,3.188429,0,0,7.14482,4.194936,0,3.356241,-3.356241,3.684067,26.31471,0.04792449,3.507272,0,0,4.194936
9/24/2007 10:00:00 PM,0,0,103.7782,90,0,0,0.439627,0.439627,0,-1,0,0.439627,0,0,5.551115E-17,0,0,0.4627652,0.439627,0,0,10.87398,0.8386948,0,0.4627652,-0.4627652,3.19627,22.83045,0.04792449,0.4835897,0,0,0.8386948
9/24/2007 11:00:00 PM,0,0,118.8205,90,0,0,0.3440442,0.3440442,0,-1,0,0.3440442,0,0,0,0.02131566,0,0.3621518,0.3440442,0,0,11.38816,0.3759295,0,0.3621518,-0.3621518,2.814528,20.10373,0.04792449,0.3784487,0,0,0.3759295
9/25/2007 12:00:00 AM,0,0,-172.9707,90,0,0,0.3126351,0.01308876,0,-1,0,0.01308876,0,0,0.2995463,0.3308099,0,0.01377764,0.01308876,0,0,11.79055,0.01377764,0,0.01377764,-0.01377764,2.800006,20,0.04792449,0.3438986,0,0,0.01377764
9/25/2007 1:00:00 AM,0,0,-114.7132,90,0,0,0.1780402,0,0,-1,0,0,0,0,0.1780402,0.1958442,0,0,0,0,0,11.80586,0,0,0,0,2.800006,20,0.04792449,0.1958442,0,0,0
9/25/2007 2:00:00 AM,0,0,-102.0869,90,0,0,0.302648,0,0,-1,0,0,0,0,0.302648,0.3329128,0,0,0,0,0,11.80586,0,0,0,0,2.800006,20,0.04792449,0.3329128,0,0,0
9/25/2007 3:00:00 AM,0,0,-96.71893,90,0,0,0.0854156,0,0,-1,0,0,0,0,0.0854156,0.09395716,0,0,0,0,0,11.80586,0,0,0,0,2.800006,20,0.04792449,0.09395716,0,0,0
9/25/2007 4:00:00 AM,0,0,-93.39096,90,0,0,0.03038987,0,0,-1,0,0,0,0,0.03038987,0.03342885,0,0,0,0,0,11.80586,0,0,0,0,2.800006,20,0.04792449,0.03342885,0,0,0
9/25/2007 5:00:00 AM,0,0,-90.81165,90,0,0,0.3317894,0.3317894,3.837053,0,1.212515,0.3317894,0,0,0,0,0,0,0,3.505263,3.33,11.80586,0,3.33,0,3.33,5.959121,42.56506,0.04822604,0.3649684,0,5,0
9/25/2007 6:00:00 AM,0.02492888,0.7019835,-88.45879,89.0648,0.02805243,0.1258993,0,0,3.505263,0,1.121937,0,0,0,0,0,0.1258993,0,0,3.505263,3.33,8.475861,2.997,3.455899,0,3.455899,9.237675,65.98326,0.04847522,0,0.1007194,5,3.122899
9/25/2007 7:00:00 AM,0.1433036,15.49841,-85.99215,74.06947,0.1435889,0.6444269,0,0,3.505263,0,1.121937,0,0,0,0,0,0.6444269,0,0,3.505263,3.33,5.019961,6.107309,3.974427,0,3.974427,13.00815,92.91515,0.04871142,0,0.5155415,5,6.751736
9/25/2007 8:00:00 AM,0.3230548,30.245,-83.02689,59.07487,0.3247665,1.457552,0,0,0,0,0,0,0,0.412018,0,0,1.457552,0,0,0,0,1.045534,9.684294,1.045534,0,1.045534,14.00003,100,0.04868696,0,1.166042,0,11.14185
9/25/2007 9:00:00 AM,0.5506478,44.87771,-78.85947,44.08232,0.5566406,2.498203,0.3378766,0.3378766,0,-1,0,0.3378766,739.3834,2.142543,0,0,2.498203,0.3556595,0.3378766,0,0,0,10.62527,0,0,0,14.00003,100,0.04868696,0.3716642,1.998562,0,13.12348
9/25/2007 10:00:00 AM,0.7026049,59.22072,-71.62909,29.0954,0.7108593,3.190337,0.2141702,0.2141702,0,0,0,0.2141702,1489.627,2.964894,0,0,3.190337,0.2254423,0.2141702,0,0,0,10.62527,0,0,0,14.00003,100,0.04868696,0.2355872,2.552269,0,13.81561
9/25/2007 11:00:00 AM,0.9316434,72.5314,-54.03041,14.13263,0.9463117,4.247046,1.447184,1.447184,0,0,0,1.447184,293.4698,2.723696,0,0,4.247046,1.523351,1.447184,0,0,0,10.62527,0,0,0,14.00003,100,0.04868696,1.591902,3.397637,0,14.87232
9/25/2007 12:00:00 PM,0.737517,79.52979,5.150918,1.680752,0.7438534,3.338414,1.500518,1.500518,0,0,0,1.500518,222.4841,1.758921,0,0,3.338414,1.579493,1.500518,0,0,0,10.62527,0,0,0,14.00003,100,0.04868696,1.65057,2.670732,0,13.96369
9/25/2007 1:00:00 PM,0.3190924,71.00388,57.47964,15.99457,0.3177702,1.426153,1.934557,1.934557,0,0,0,1.934557,73.71987,0,2.220446E-16,0,1.426153,2.036376,1.934557,0,0,0,10.62527,0,0.6102228,-0.6102228,13.3568,95.4055,0.04868696,2.128012,1.140922,0,12.05143
9/25/2007 2:00:00 PM,0.514631,57.46164,72.8364,30.9634,0.5160622,2.316087,0.7539259,0.7539259,0,-1,0,0.7539259,307.2035,0.8444555,0,0,2.316087,0.7936063,0.7539259,0,0,0.6780254,10.01505,0.6780254,0,0.6780254,14.00003,100,0.0486711,0.8293185,1.85287,0,12.33114
9/25/2007 3:00:00 PM,0.5567726,43.06347,79.48734,45.95142,0.5637277,2.53001,0.3777775,0.3777775,0,0,0,0.3777775,669.709,2.132349,0,0,2.53001,0.3976606,0.3777775,0,0,0,10.62527,0,0,0,14.00003,100,0.0486711,0.4155553,2.024008,0,13.15528
9/25/2007 4:00:00 PM,0.4993989,28.41074,83.44228,60.94435,0.5095804,2.286997,0.5968289,0.5968289,0,0,0,0.5968289,383.1913,1.658756,0,0,2.286997,0.628241,0.5968289,0,0,0,10.62527,0,0,0,14.00003,100,0.0486711,0.6565118,1.829597,0,12.91227
9/25/2007 5:00:00 PM,0.1971901,13.65546,86.31749,75.93908,0.2013965,0.9038677,0.9566841,0.9566841,0,0,0,0.9566841,94.47922,0,1.110223E-16,0,0.9038677,1.007036,0.9566841,0,0,0,10.62527,0,0.1031682,-0.1031682,13.89128,99.22322,0.0486711,1.052353,0.7230942,0,11.52914
9/25/2007 6:00:00 PM,0.01814029,0,88.75174,90,0,0,0.3120264,0.3120264,0,0,0,0.3120264,0,0,5.551115E-17,0,0,0.3284488,0.3120264,0,0,0.1146314,10.52211,0,0.3284488,-0.3284488,13.54506,96.75026,0.0486711,0.343229,0,0,10.52211
9/25/2007 7:00:00 PM,0,0,91.11311,90,0,0,1.088362,1.088362,0,-1,0,1.088362,0,0,0,0,0,1.145644,1.088362,0,0,0.4795745,10.19366,0,1.145644,-1.145644,12.33745,88.12446,0.0486711,1.197198,0,0,10.19366
9/25/2007 8:00:00 PM,0,0,93.75007,90,0,0,0.1181123,0.1181123,0,-1,0,0.1181123,0,0,1.387779E-17,0,0,0.1243288,0.1181123,0,0,1.752512,9.048013,0,0.1243288,-0.1243288,12.2064,87.18836,0.0486711,0.1299236,0,0,9.048013
9/25/2007 9:00:00 PM,0,0,97.23322,90,0,0,0,0,0,-1,0,0,0,0,0,0,0,0,0,0,0,1.890655,8.923684,0,0,0,12.2064,87.18836,0.0486711,0,0,0,8.923684
9/25/2007 10:00:00 PM,0,0,103.0544,90,0,0,0.08433118,0.08433118,0,-1,0,0.08433118,0,0,1.387779E-17,0,0,0.08876966,0.08433118,0,0,1.890655,8.923684,0,0.08876966,-0.08876966,12.11282,86.52,0.0486711,0.0927643,0,0,8.923684
9/25/2007 11:00:00 PM,0,0,117.7167,90,0,0,0.2084332,0.2084332,0,-1,0,0.2084332,0,0,2.775558E-17,0,0,0.2194033,0.2084332,0,0,1.989288,8.834915,0,0.2194033,-0.2194033,11.88155,84.86806,0.0486711,0.2292765,0,0,8.834915
9/26/2007 12:00:00 AM,0,0,-171.8726,90,0,0,0,0,0,-1,0,0,0,0,0,0,0,0,0,0,0,2.23307,8.615511,0,0,0,11.88155,84.86806,0.0486711,0,0,0,8.615511
9/26/2007 1:00:00 AM,0,0,-113.3773,90,0,0,0.4032158,0.4032158,0,-1,0,0.4032158,0,0,0,0,0,0.4244376,0.4032158,0,0,2.23307,8.615511,0,0.4244376,-0.4244376,11.43416,81.67238,0.0486711,0.4435373,0,0,8.615511
9/26/2007 2:00:00 AM,0,0,-101.3016,90,0,0,0.3069764,0.3069764,0,-1,0,0.3069764,0,0,5.551115E-17,0,0,0.3231331,0.3069764,0,0,2.704667,8.191073,0,0.3231331,-0.3231331,11.09354,79.23943,0.0486711,0.337674,0,0,8.191073
9/26/2007 3:00:00 AM,0,0,-96.14845,90,0,0,0.5369959,0.5369959,0,-1,0,0.5369959,0,0,1.110223E-16,0,0,0.5652589,0.5369959,0,0,3.063704,7.867941,0,0.5652589,-0.5652589,10.49771,74.98348,0.0486711,0.5906955,0,0,7.867941
9/26/2007 4:00:00 AM,0,0,-92.92014,90,0,0,0.201627,0.201627,0,-1,0,0.201627,0,0,0,0,0,0.212239,0.201627,0,0,3.691769,7.302682,0,0.212239,-0.212239,10.27399,73.38548,0.0486711,0.2217897,0,0,7.302682
9/26/2007 5:00:00 AM,0,0,-90.38692,90,0,0,0.3867412,0.3867412,0,0,0,0.3867412,0,0,0,0,0,0.407096,0.3867412,0,0,3.92759,7.090443,0,0.407096,-0.407096,9.844872,70.32037,0.0486711,0.4254153,0,0,7.090443
9/26/2007 6:00:00 AM,0.02879219,0.7285813,-88.04675,88.97387,0.03542748,0.1589985,0.3726083,0.3726083,0,0,0,0.3726083,42.67177,0,0,0,0.1589985,0.3922192,0.3726083,0,0,4.379919,6.683347,0,0.2332207,-0.2332207,9.599035,68.5644,0.0486711,0.4098691,0.1271988,0,6.842345
9/26/2007 7:00:00 AM,0.2247239,15.51942,-85.56423,73.98159,0.229943,1.031984,0,0,0,0,0,0,0,0,0,0,1.031984,0,0,0,0,4.639053,6.450126,1.031984,0,1.031984,10.57806,75.55743,0.04864699,0,0.8255873,0,7.482111
9/26/2007 8:00:00 AM,0.4426639,30.2545,-82.54906,58.99055,0.4507289,2.022871,1.223517,1.223517,0,0,0,1.223517,165.3325,0,0,0,2.022871,1.287913,1.223517,0,0,3.607069,7.378912,0.7349583,0,0.7349583,11.2753,80.53773,0.04862984,1.345869,1.618297,0,9.401783
9/26/2007 9:00:00 AM,0.4600875,44.86547,-78.27715,44.00292,0.4626476,2.076363,0.9737619,0.9737619,0,-1,0,0.9737619,213.231,0,0,0,2.076363,1.025012,0.9737619,0,0,2.872111,8.040375,1.05135,0,1.05135,12.2727,87.66199,0.04860532,1.071138,1.66109,0,10.11674
9/26/2007 10:00:00 AM,0.7430044,59.16356,-70.83071,29.0247,0.7537426,3.382797,0,0,0,0,0,0,0,1.562036,0,0,3.382797,0,0,0,0,1.820761,8.986589,1.820761,0,1.820761,14.00003,100,0.04856291,0,2.706237,0,12.36939
9/26/2007 11:00:00 AM,0.6236826,72.35841,-52.78749,14.08687,0.6267539,2.812871,0.8682113,0.8682113,0,0,0,0.8682113,323.9847,1.898965,0,0,2.812871,0.9139066,0.8682113,0,0,0,10.62527,0,0,0,14.00003,100,0.04856291,0.9550324,2.250297,0,13.43815
9/26/2007 12:00:00 PM,0.9823866,79.12046,5.441931,2.07133,0.9990916,4.483923,0.4409112,0.4409112,0,0,0,0.4409112,1016.967,4.019806,0,0,4.483923,0.464117,0.4409112,0,0,0,10.62527,0,0,0,14.00003,100,0.04856291,0.4850023,3.587138,0,15.1092
9/26/2007 1:00:00 PM,0.970474,70.70325,56.6168,16.12416,0.9874572,4.431708,0,0,0,0,0,0,0,4.431708,0,0,4.431708,0,0,0,0,0,10.62527,0,0,0,14.00003,100,0.04856291,0,3.545366,0,15.05698
9/26/2007 2:00:00 PM,0.900723,57.24113,72.18938,31.07297,0.9172716,4.116715,0,0,0,-1,0,0,0,4.116715,0,0,4.116715,0,0,0,0,0,10.62527,0,0,0,14.00003,100,0.04856291,0,3.293372,0,14.74199
9/26/2007 3:00:00 PM,0.6332411,42.87827,78.98303,46.05321,0.6444542,2.89231,0.8921492,0.8921492,0,0,0,0.8921492,324.1958,1.953206,0,0,2.89231,0.9391044,0.8921492,0,0,0,10.62527,0,0,0,14.00003,100,0.04856291,0.9813641,2.313848,0,13.51758
9/26/2007 4:00:00 PM,0.3092434,28.2436,83.01339,61.04152,0.3114208,1.397656,0.8307916,0.8307916,0,0,0,0.8307916,168.2319,0.523139,0,0,1.397656,0.8745174,0.8307916,0,0,0,10.62527,0,0,0,14.00003,100,0.04856291,0.9138708,1.118125,0,12.02293
9/26/2007 5:00:00 PM,0.149738,13.49805,85.92484,76.03281,0.1513164,0.679108,0,0,0,0,0,0,0,0.679108,0,0,0.679108,0,0,0,0,0,10.62527,0,0,0,14.00003,100,0.04856291,0,0.5432864,0,11.30438
9/26/2007 6:00:00 PM,0.01099833,0,88.3681,90,0,0,0,0,0,0,0,0,0,0,0,0,0,0,0,0,0,0,10.62527,0,0,0,14.00003,100,0.04856291,0,0,0,10.62527
9/26/2007 7:00:00 PM,0,0,90.71384,90,0,0,0,0,0,-1,0,0,0,0,0,0,0,0,0,0,0,0,10.62527,0,0,0,14.00003,100,0.04856291,0,0,0,10.62527
9/26/2007 8:00:00 PM,0,0,93.30511,90,0,0,1.815089,1.815089,0,-1,0,1.815089,0,0,2.220446E-16,0,0,1.91062,1.815089,0,0,0,10.62527,0,1.91062,-1.91062,11.98606,85.61452,0.04856291,1.996598,0,0,10.62527
9/26/2007 9:00:00 PM,0,0,96.69423,90,0,0,0.3833182,0.3833182,0,-1,0,0.3833182,0,0,5.551115E-17,0,0,0.4034928,0.3833182,0,0,2.122911,8.714654,0,0.4034928,-0.4034928,11.56074,82.57654,0.04856291,0.42165,0,0,8.714654
9/26/2007 10:00:00 PM,0,0,102.3222,90,0,0,0.1375609,0.1375609,0,-1,0,0.1375609,0,0,2.775558E-17,0,0,0.144801,0.1375609,0,0,2.571237,8.311161,0,0.144801,-0.144801,11.4081,81.4863,0.04856291,0.151317,0,0,8.311161
9/26/2007 11:00:00 PM,0,0,116.575,90,0,0,0.05781427,0.05781427,0,-1,0,0.05781427,0,0,6.938894E-18,0,0,0.06085712,0.05781427,0,0,2.732127,8.16636,0,0.06085712,-0.06085712,11.34396,81.02809,0.04856291,0.06359569,0,0,8.16636
9/27/2007 12:00:00 AM,0,0,-170.6603,90,0,0,0,0,0,-1,0,0,0,0,0,0,0,0,0,0,0,2.799746,8.105503,0,0,0,11.34396,81.02809,0.04856291,0,0,0,8.105503
9/27/2007 1:00:00 AM,0,0,-112.0313,90,0,0,0.3332133,0.3332133,0,-1,0,0.3332133,0,0,5.551115E-17,0,0,0.3507508,0.3332133,0,0,2.799746,8.105503,0,0.3507508,-0.3507508,10.97423,78.38721,0.04856291,0.3665346,0,0,8.105503
9/27/2007 2:00:00 AM,0,0,-100.5172,90,0,0,0.128353,0.128353,0,-1,0,0.128353,0,0,0,0,0,0.1351085,0.128353,0,0,3.189469,7.754752,0,0.1351085,-0.1351085,10.83182,77.36996,0.04856291,0.1411883,0,0,7.754752
9/27/2007 3:00:00 AM,0,0,-95.57921,90,0,0,0.09975339,0.09975339,0,-1,0,0.09975339,0,0,1.387779E-17,0,0,0.1050036,0.09975339,0,0,3.339589,7.619644,0,0.1050036,-0.1050036,10.72113,76.57936,0.04856291,0.1097287,0,0,7.619644
9/27/2007 4:00:00 AM,0,0,-92.4503,90,0,0,0.1787373,0.1787373,0,-1,0,0.1787373,0,0,2.775558E-17,0,0,0.1881445,0.1787373,0,0,3.45626,7.51464,0,0.1881445,-0.1881445,10.52281,75.16278,0.04856291,0.1966111,0,0,7.51464
9/27/2007 5:00:00 AM,0,0,-89.96297,90,0,0,0.2690519,0.2690519,0,0,0,0.2690519,0,0,5.551115E-17,0,0,0.2832125,0.2690519,0,0,3.665309,7.326496,0,0.2832125,-0.2832125,10.22428,73.03041,0.04856291,0.2959571,0,0,7.326496
9/27/2007 6:00:00 AM,0.002748297,0.754333,-87.63536,88.8839,0.002741263,0.01230279,0.2866268,0.2866268,0,0,0,0.2866268,4.292268,0,5.551115E-17,0,0.01230279,0.3017124,0.2866268,0,0,3.97999,7.043283,0,0.2894096,-0.2894096,9.919213,70.85138,0.04856291,0.3152895,0.009842232,0,7.055586
9/27/2007 7:00:00 AM,0.02328194,15.53881,-85.13694,73.89542,0.02317326,0.1040016,1.654918,1.654918,0,0,0,1.654918,6.284394,0,2.220446E-16,0,0.1040016,1.742019,1.654918,0,0,4.301557,6.753873,0,1.638017,-1.638017,8.192592,58.51839,0.04856291,1.82041,0.08320125,0,6.857875
9/27/2007 8:00:00 AM,0.005223378,30.2615,-82.07198,58.90884,0.00519765,0.02332705,1.486796,1.486796,0,0,0,1.486796,1.568948,0,0,0,0.02332705,1.565048,1.486796,0,0,6.121575,5.115856,0,1.541721,-1.541721,6.567475,46.91044,0.04856291,1.635475,0.01866164,0,5.139183
9/27/2007 9:00:00 AM,0.042838,44.84953,-77.69615,43.92737,0.04263179,0.1913315,1.273114,1.273114,0,-1,0,1.273114,15.02862,0,0,0,0.1913315,1.34012,1.273114,0,0,7.834599,3.574135,0,1.148789,-1.148789,5.356545,38.26096,0.04856291,1.400425,0.1530652,0,3.765467
9/27/2007 10:00:00 AM,0.1617344,59.10088,-70.03674,28.96007,0.1610003,0.7225695,0,0,0,0,0,0,0,0,0,0,0.7225695,0,0,0,0,9.111031,2.425347,0.7225695,0,0.7225695,6.042035,43.15731,0.0485461,0,0.5780556,0,3.147916
9/27/2007 11:00:00 AM,0.1171706,72.17742,-51.57168,14.05366,0.1166208,0.523394,0.5269008,0.5269008,0,0,0,0.5269008,99.33445,0,0,0,0.523394,0.5546324,0.5269008,0,0,8.388461,3.075659,0,0.03123842,-0.03123842,6.009107,42.92211,0.0485461,0.5795909,0.4187152,0,3.599053
9/27/2007 12:00:00 PM,0.1841665,78.71149,5.707752,2.468285,0.1833279,0.8227758,0.8301237,0.8301237,0,0,0,0.8301237,99.11485,0,0,0,0.8227758,0.8738144,0.8301237,0,0,8.42317,3.044421,0,0.05103857,-0.05103857,5.955307,42.53783,0.0485461,0.913136,0.6582206,0,3.867197
9/27/2007 1:00:00 PM,0.09801488,70.39974,55.77934,16.26199,0.09755103,0.437809,0.5865483,0.5865483,0,0,0,0.5865483,74.6416,0,0,0,0.437809,0.6174192,0.5865483,0,0,8.47988,2.993382,0,0.1796102,-0.1796102,5.765982,41.1855,0.0485461,0.6452031,0.3502472,0,3.431191
9/27/2007 2:00:00 PM,0.04169438,57.01838,71.55046,31.18617,0.04149245,0.1862181,0.05421249,0.05421249,0,-1,0,0.05421249,343.4967,0,0,0,0.1862181,0.05706578,0.05421249,0,0,8.679447,2.813772,0.1291523,0,0.1291523,5.888506,42.06068,0.0485431,0.05963374,0.1489745,0,2.99999
9/27/2007 3:00:00 PM,0.1599661,42.69188,78.48215,46.15676,0.1592636,0.7147748,0.8395305,0.8395305,0,0,0,0.8395305,85.13983,1.110223E-16,0,0,0.7147748,0.8837163,0.8395305,0,0,8.550295,2.930009,0,0.1689415,-0.1689415,5.710426,40.78868,0.0485431,0.9234836,0.5718199,0,3.644784
9/27/2007 4:00:00 PM,0.08618106,28.07612,82.58625,61.13933,0.0857958,0.3850515,0.8221313,0.8221313,0,0,0,0.8221313,46.83578,0,0,0,0.3850515,0.8654013,0.8221313,0,0,8.738008,2.761068,0,0.4803497,-0.4803497,5.204093,37.17202,0.0485431,0.9043444,0.3080412,0,3.146119
9/27/2007 5:00:00 PM,0.05427433,13.34101,85.53308,76.12634,0.05405325,0.242591,0,0,0,0,0,0,0,0,0,0,0.242591,0,0,0,0,9.271729,2.280718,0.242591,0,0.242591,5.434236,38.81589,0.04853746,0,0.1940728,0,2.523309
9/27/2007 6:00:00 PM,0.01541749,0,87.98481,90,0,0,1.99385,1.99385,0,0,0,1.99385,0,0,2.220446E-16,0,0,2.09879,1.99385,0,0,9.029139,2.49905,0,2.09879,-2.09879,3.221916,23.01364,0.04853746,2.193236,0,0,2.49905
9/27/2007 7:00:00 PM,0,0,90.31437,90,0,0,2.845499,0.3802468,0,-1,0,0.3802468,0,0,2.465252,2.749802,0,0.4002598,0.3802468,0,0,11.36113,0.4002598,0,0.4002598,-0.4002598,2.800006,20,0.04853746,3.130048,0,0,0.4002598
9/27/2007 8:00:00 PM,0,0,92.85916,90,0,0,1.029571,0,0,-1,0,0,0,0,1.029571,1.132529,0,0,0,0,0,11.80586,0,0,0,0,2.800006,20,0.04853746,1.132529,0,0,0
9/27/2007 9:00:00 PM,0,0,96.15253,90,0,0,0,0,0,-1,0,0,0,0,0,0,0,0,0,0,0,11.80586,0,0,0,0,2.800006,20,0.04853746,0,0,0,0
9/27/2007 10:00:00 PM,0,0,101.5819,90,0,0,0.2537835,0,0,-1,0,0,0,0,0.2537835,0.2791618,0,0,0,0,0,11.80586,0,0,0,0,2.800006,20,0.04853746,0.2791618,0,0,0
9/27/2007 11:00:00 PM,0,0,115.3947,90,0,0,0.3029341,0,0,-1,0,0,0,0,0.3029341,0.3332276,0,0,0,0,0,11.80586,0,0,0,0,2.800006,20,0.04853746,0.3332276,0,0,0
9/28/2007 12:00:00 AM,0,0,-169.3161,90,0,0,0.04752149,0,0,-1,0,0,0,0,0.04752149,0.05227364,0,0,0,0,0,11.80586,0,0,0,0,2.800006,20,0.04853746,0.05227364,0,0,0
9/28/2007 1:00:00 AM,0,0,-110.6768,90,0,0,0.05057281,0,0,-1,0,0,0,0,0.05057281,0.05563009,0,0,0,0,0,11.80586,0,0,0,0,2.800006,20,0.04853746,0.05563009,0,0,0
9/28/2007 2:00:00 AM,0,0,-99.73412,90,0,0,0,0,0,-1,0,0,0,0,0,0,0,0,0,0,0,11.80586,0,0,0,0,2.800006,20,0.04853746,0,0,0,0
9/28/2007 3:00:00 AM,0,0,-95.01139,90,0,0,0,0,0,-1,0,0,0,0,0,0,0,0,0,0,0,11.80586,0,0,0,0,2.800006,20,0.04853746,0,0,0,0
9/28/2007 4:00:00 AM,0,0,-91.98161,90,0,0,0.117066,0,0,-1,0,0,0,0,0.117066,0.1287726,0,0,0,0,0,11.80586,0,0,0,0,2.800006,20,0.04853746,0.1287726,0,0,0
9/28/2007 5:00:00 AM,0,0,-89.53996,90,0,0,0.07737634,0.07737634,3.582639,0,1.143061,0.07737634,0,0,0,0,0,0,0,3.505263,3.33,11.80586,0,3.33,0,3.33,5.959121,42.56506,0.04879851,0.08511397,0,5,0
9/28/2007 6:00:00 AM,0.01131033,0.7791474,-87.22478,88.79499,0.01139799,0.05115417,0.462287,0.462287,3.96755,0,1.248141,0.462287,11.06546,0,0,0,0.05115417,0,0,3.505263,3.33,8.475861,2.997,3.381154,0,3.381154,9.166765,65.47677,0.04911327,0.5085157,0.04092334,5,3.048154
9/28/2007 7:00:00 AM,0.1136153,15.55649,-84.71042,73.81109,0.1134666,0.5092381,1.0072,1.0072,4.512463,0,1.396902,1.0072,50.55978,0,0,0,0.5092381,0,0,3.505263,3.33,5.094706,6.040039,3.839238,0,3.839238,12.80899,91.49258,0.04949499,1.10792,0.4073905,5,6.549277
9/28/2007 8:00:00 AM,0.2824101,30.26591,-81.59582,58.82984,0.2832848,1.271382,0,0,0,0,0,0,0,0.01591402,0,0,1.271382,0,0,0,0,1.255468,9.495353,1.255468,0,1.255468,14.00003,100,0.0494654,0,1.017106,0,10.76674
9/28/2007 9:00:00 AM,0.3481432,44.82985,-77.11678,43.85578,0.3479429,1.561568,0.8067487,0.8067487,0,-1,0,0.8067487,193.5631,0.7123585,0,0,1.561568,0.8492092,0.8067487,0,0,0,10.62527,0,0,0,14.00003,100,0.0494654,0.8874236,1.249254,0,12.18684
9/28/2007 10:00:00 AM,0.5788667,59.03268,-69.24769,28.90163,0.5830643,2.616793,0.731467,0.731467,0,0,0,0.731467,357.7458,1.846827,0,0,2.616793,0.7699653,0.731467,0,0,0,10.62527,0,0,0,14.00003,100,0.0494654,0.8046137,2.093434,0,13.24207
9/28/2007 11:00:00 AM,0.3432394,71.98871,-50.38374,14.03312,0.3419318,1.53459,1.232831,1.232831,0,0,0,1.232831,124.4769,0.2368732,0,0,1.53459,1.297717,1.232831,0,0,0,10.62527,0,0,0,14.00003,100,0.0494654,1.356114,1.227672,0,12.15986
9/28/2007 12:00:00 PM,0.6581322,78.30305,5.950569,2.868508,0.6624976,2.973289,1.752789,1.752789,0,0,0,1.752789,169.6319,1.128248,0,0,2.973289,1.845042,1.752789,0,0,0,10.62527,0,0,0,14.00003,100,0.0494654,1.928069,2.378632,0,13.59856
9/28/2007 1:00:00 PM,0.5737448,70.09367,54.96639,16.40767,0.5758785,2.584543,1.450598,1.450598,0,0,0,1.450598,178.1709,1.057598,0,0,2.584543,1.526945,1.450598,0,0,0,10.62527,0,0,0,14.00003,100,0.0494654,1.595657,2.067634,0,13.20982
9/28/2007 2:00:00 PM,0.4135211,56.79359,70.91965,31.30284,0.4131906,1.854399,0.1288476,0.1288476,0,-1,0,0.1288476,1439.219,1.71877,0,0,1.854399,0.1356291,0.1288476,0,0,0,10.62527,0,0,0,14.00003,100,0.0494654,0.1417324,1.483519,0,12.47967
9/28/2007 3:00:00 PM,0.2145482,42.50446,77.98479,46.26193,0.213672,0.95896,0.6116505,0.6116505,0,0,0,0.6116505,156.7823,0.3151173,0,0,0.95896,0.6438426,0.6116505,0,0,0,10.62527,0,0,0,14.00003,100,0.0494654,0.6728156,0.767168,0,11.58423
9/28/2007 4:00:00 PM,0.1948404,27.90845,82.16093,61.23764,0.1943736,0.8723489,0.818734,0.818734,0,0,0,0.818734,106.5485,0.01052365,0,0,0.8723489,0.8618252,0.818734,0,0,0,10.62527,0,0,0,14.00003,100,0.0494654,0.9006074,0.6978791,0,11.49762
9/28/2007 5:00:00 PM,0.09584539,13.18448,85.14232,76.21954,0.09574248,0.4296922,0.5943853,0.5943853,0,0,0,0.5943853,72.29187,0,0,0,0.4296922,0.6256687,0.5943853,0,0,0,10.62527,0,0.1959765,-0.1959765,13.79345,98.52445,0.0494654,0.6538238,0.3437538,0,11.05497
9/28/2007 6:00:00 PM,0.01400007,0,87.60194,90,0,0,1.248958,1.248958,0,0,0,1.248958,0,0,2.220446E-16,0,0,1.314692,1.248958,0,0,0.2177516,10.4293,0,1.314692,-1.314692,12.40764,88.62585,0.0494654,1.373853,0,0,10.4293
9/28/2007 7:00:00 PM,0,0,89.9148,90,0,0,2.003252,2.003252,0,-1,0,2.003252,0,0,0,0,0,2.108686,2.003252,0,0,1.678521,9.114606,0,2.108686,-2.108686,10.18489,72.74909,0.0494654,2.203577,0,0,9.114606
9/28/2007 8:00:00 PM,0,0,92.41233,90,0,0,1.345232,1.345232,0,-1,0,1.345232,0,0,0,0,0,1.416033,1.345232,0,0,4.021505,7.005919,0,1.416033,-1.416033,8.692263,62.08747,0.0494654,1.479755,0,0,7.005919
9/28/2007 9:00:00 PM,0,0,95.6083,90,0,0,0.9695117,0.9695117,0,-1,0,0.9695117,0,0,2.220446E-16,0,0,1.020539,0.9695117,0,0,5.594875,5.589886,0,1.020539,-1.020539,7.616521,54.40361,0.0494654,1.066463,0,0,5.589886
9/28/2007 10:00:00 PM,0,0,100.8337,90,0,0,0.5388672,0.5388672,0,-1,0,0.5388672,0,0,1.110223E-16,0,0,0.5672286,0.5388672,0,0,6.728807,4.569347,0,0.5672286,-0.5672286,7.01861,50.13282,0.0494654,0.5927539,0,0,4.569347
9/28/2007 11:00:00 PM,0,0,114.1752,90,0,0,0.2153268,0.2153268,0,-1,0,0.2153268,0,0,2.775558E-17,0,0,0.2266598,0.2153268,0,0,7.359061,4.002119,0,0.2266598,-0.2266598,6.779689,48.42625,0.0494654,0.2368595,0,0,4.002119
9/29/2007 12:00:00 AM,0,0,-167.8186,90,0,0,0.2246544,0.2246544,0,-1,0,0.2246544,0,0,2.775558E-17,0,0,0.2364783,0.2246544,0,0,7.610906,3.775459,0,0.2364783,-0.2364783,6.530419,46.64576,0.0494654,0.2471198,0,0,3.775459
9/29/2007 1:00:00 AM,0,0,-109.3154,90,0,0,0.03584257,0.03584257,0,-1,0,0.03584257,0,0,0,0,0,0.03772902,0.03584257,0,0,7.873659,3.538981,0,0.03772902,-0.03772902,6.490649,46.36169,0.0494654,0.03942683,0,0,3.538981
9/29/2007 2:00:00 AM,0,0,-98.95277,90,0,0,0.1245283,0.1245283,0,-1,0,0.1245283,0,0,0,0,0,0.1310824,0.1245283,0,0,7.91558,3.501252,0,0.1310824,-0.1310824,6.352476,45.37474,0.0494654,0.1369811,0,0,3.501252
9/29/2007 3:00:00 AM,0,0,-94.44524,90,0,0,0.1146148,0.1146148,0,-1,0,0.1146148,0,0,1.387779E-17,0,0,0.1206472,0.1146148,0,0,8.061228,3.370169,0,0.1206472,-0.1206472,6.225303,44.46636,0.0494654,0.1260763,0,0,3.370169
9/29/2007 4:00:00 AM,0,0,-91.51423,90,0,0,0.2466194,0.2466194,0,-1,0,0.2466194,0,0,2.775558E-17,0,0,0.2595993,0.2466194,0,0,8.19528,3.249522,0,0.2595993,-0.2595993,5.951661,42.51178,0.0494654,0.2712813,0,0,3.249522
9/29/2007 5:00:00 AM,0,0,-89.118,90,0,0,0.3250943,0.3250943,0,0,0,0.3250943,0,0,0,0,0,0.3422046,0.3250943,0,0,8.483724,2.989923,0,0.3422046,-0.3422046,5.590946,39.93525,0.0494654,0.3576038,0,0,2.989923
9/29/2007 6:00:00 AM,0.002024579,0.8029341,-86.81513,88.70727,0.00201896,0.009061093,0.1077257,0.1077257,0,0,0,0.1077257,8.411261,0,0,0,0.009061093,0.1133955,0.1077257,0,0,8.863951,2.647718,0,0.1043344,-0.1043344,5.480968,39.14969,0.0494654,0.1184983,0.007248874,0,2.65678
9/29/2007 7:00:00 AM,0.02102244,15.57238,-84.28482,73.72868,0.02092465,0.09390981,0.06283694,0.06283694,0,0,0,0.06283694,149.45,0,0,0,0.09390981,0.06614415,0.06283694,0,0,8.979878,2.543384,0.02776567,0,0.02776567,5.507308,39.33784,0.04946474,0.06912063,0.07512785,0,2.637294
9/29/2007 8:00:00 AM,0.04421144,30.26767,-81.12077,58.75366,0.04400343,0.1974874,0,0,0,0,0,0,0,0,0,0,0.1974874,0,0,0,0,8.952112,2.568373,0.1974874,0,0.1974874,5.694662,40.67607,0.04946009,0,0.1579899,0,2.76586
9/29/2007 9:00:00 AM,0.09493407,44.80637,-76.53931,43.78825,0.09449596,0.4240979,1.357843,1.357843,0,-1,0,1.357843,31.2332,0,0,0,0.4240979,1.429309,1.357843,0,0,8.754625,2.746112,0,1.005211,-1.005211,4.635076,33.10762,0.04946009,1.493628,0.3392783,0,3.170209
9/29/2007 10:00:00 AM,0.07470719,58.95897,-68.4641,28.84949,0.07435246,0.3336938,0.6857406,0.6857406,0,0,0,0.6857406,48.66182,0,0,0,0.3336938,0.7218322,0.6857406,0,0,9.871526,1.740901,0,0.3881384,-0.3881384,4.225943,30.18524,0.04946009,0.7543147,0.2669551,0,2.074595
9/29/2007 11:00:00 AM,0.121413,71.79257,-49.22429,14.02531,0.1208471,0.5423619,0,0,0,0,0,0,0,0,0,0,0.5423619,0,0,0,0,10.30279,1.352762,0.5423619,0,0.5423619,4.740472,33.86045,0.04944732,0,0.4338895,0,1.895124
9/29/2007 12:00:00 PM,0.05977108,77.8953,6.172283,3.270325,0.05948336,0.2669613,1.164548,1.164548,0,0,0,1.164548,22.92404,0,0,0,0.2669613,1.22584,1.164548,0,0,9.760428,1.840888,0,0.9588784,-0.9588784,3.729726,26.64084,0.04944732,1.281003,0.2135691,0,2.10785
9/29/2007 1:00:00 PM,0.115114,69.78538,54.17706,16.56079,0.1145762,0.514218,1.05297,1.05297,4.558233,0,1.409398,1.05297,48.83501,4.440892E-16,0,0,0.514218,0,0,3.505263,3.33,10.82585,0.8820098,3.844218,0,3.844218,7.376671,52.6904,0.04983385,1.158267,0.4113744,5,1.396228
9/29/2007 2:00:00 PM,0.2217155,56.56697,70.29697,31.42276,0.2207633,0.9907857,0.3671249,0.3671249,0,-1,0,0.3671249,269.877,0,0,0,0.9907857,0.3864473,0.3671249,0,0,6.981631,4.341806,0.6043385,0,0.6043385,7.949997,56.78558,0.04981954,0.4038374,0.7926286,0,5.332592
9/29/2007 3:00:00 PM,0.1249066,42.3162,77.49104,46.36858,0.1243479,0.5580735,0,0,0,0,0,0,0,0,0,0,0.5580735,0,0,0,0,6.377293,4.885711,0.5580735,0,0.5580735,8.479432,60.56725,0.04980634,0,0.4464588,0,5.443784
9/29/2007 4:00:00 PM,0.07906409,27.74072,81.73752,61.33635,0.0787126,0.3532622,0,0,0,0,0,0,0,0,0,0,0.3532622,0,0,0,0,5.81922,5.387977,0.3532622,0,0.3532622,8.814566,62.96106,0.04979798,0,0.2826097,0,5.741239
9/29/2007 5:00:00 PM,0.03466448,13.02859,84.75263,76.31229,0.03451613,0.1549084,1.201513,1.201513,0,0,0,1.201513,12.89278,0,0,0,0.1549084,1.26475,1.201513,0,0,5.465957,5.705913,0,1.109842,-1.109842,7.64469,54.60482,0.04979798,1.321664,0.1239267,0,5.860821
9/29/2007 6:00:00 PM,0.01381962,0,87.21961,90,0,0,2.298198,2.298198,0,0,0,2.298198,0,0,4.440892E-16,0,0,2.419156,2.298198,0,0,6.699115,4.596071,0,2.419156,-2.419156,5.094675,36.39046,0.04979798,2.528018,0,0,4.596071
9/29/2007 7:00:00 PM,0,0,89.51524,90,0,0,0.3225759,0.3225759,0,-1,0,0.3225759,0,0,0,0,0,0.3395536,0.3225759,0,0,9.387066,2.176915,0,0.3395536,-0.3395536,4.736754,33.83389,0.04979798,0.3548335,0,0,2.176915
9/29/2007 8:00:00 PM,0,0,91.96476,90,0,0,0.0195268,0.0195268,0,-1,0,0.0195268,0,0,0,0,0,0.02055453,0.0195268,0,0,9.764348,1.837361,0,0.02055453,-0.02055453,4.715088,33.67913,0.04979798,0.02147948,0,0,1.837361
9/29/2007 9:00:00 PM,0,0,95.06174,90,0,0,0.3679538,0.3679538,0,-1,0,0.3679538,0,0,5.551115E-17,0,0,0.3873197,0.3679538,0,0,9.787187,1.816807,0,0.3873197,-0.3873197,4.306817,30.76292,0.04979798,0.4047492,0,0,1.816807
9/29/2007 10:00:00 PM,0,0,100.0781,90,0,0,0.3655356,0.3655356,0,-1,0,0.3655356,0,0,0,0,0,0.3847743,0.3655356,0,0,10.21754,1.429487,0,0.3847743,-0.3847743,3.901229,27.86587,0.04979798,0.4020892,0,0,1.429487
9/29/2007 11:00:00 PM,0,0,112.9161,90,0,0,0,0,0,-1,0,0,0,0,0,0,0,0,0,0,0,10.64507,1.044712,0,0,0,3.901229,27.86587,0.04979798,0,0,0,1.044712
9/30/2007 12:00:00 AM,0,0,-166.1418,90,0,0,0.1482439,0.1482439,0,-1,0,0.1482439,0,0,2.775558E-17,0,0,0.1560463,0.1482439,0,0,10.64507,1.044712,0,0.1560463,-0.1560463,3.736742,26.69096,0.04979798,0.1630684,0,0,1.044712
9/30/2007 1:00:00 AM,0,0,-107.9488,90,0,0,0,0,0,-1,0,0,0,0,0,0,0,0,0,0,0,10.81845,0.8886662,0,0,0,3.736742,26.69096,0.04979798,0,0,0,0.8886662
9/30/2007 2:00:00 AM,0,0,-98.17358,90,0,0,0.4866997,0.4866997,0,-1,0,0.4866997,0,0,1.110223E-16,0,0,0.5123155,0.4866997,0,0,10.81845,0.8886662,0,0.5123155,-0.5123155,3.196714,22.83363,0.04979798,0.5353696,0,0,0.8886662
9/30/2007 3:00:00 AM,0,0,-93.88094,90,0,0,0.07184458,0.07184458,0,-1,0,0.07184458,0,0,0,0,0,0.07562587,0.07184458,0,0,11.38769,0.3763507,0,0.07562587,-0.07562587,3.116997,22.26422,0.04979798,0.07902904,0,0,0.3763507
9/30/2007 4:00:00 AM,0,0,-91.04829,90,0,0,0.3122216,0.2856886,0,-1,0,0.2856886,0,0,0.02653302,0.05775518,0,0.3007248,0.2856886,0,0,11.47172,0.3007248,0,0.3007248,-0.3007248,2.800006,20,0.04979798,0.3434438,0,0,0.3007248
9/30/2007 5:00:00 AM,0,0,-88.69723,90,0,0,0.3017165,0.3017165,3.80698,0,1.204305,0.3017165,0,4.440892E-16,0,0,0,0,0,3.505263,3.33,11.80586,0,3.33,0,3.33,5.959121,42.56506,0.05008709,0.3318882,0,5,0
9/30/2007 6:00:00 AM,0.0303239,0.8256041,-86.40656,88.62083,0.04261598,0.1912605,0.3568256,0.3568256,3.862089,0,1.21935,0.3568256,53.60056,0,0,0,0.1912605,0,0,3.505263,3.33,8.475861,2.997,3.52126,0,3.52126,9.299682,66.42617,0.05037863,0.3925082,0.1530084,5,3.188261
9/30/2007 7:00:00 AM,0.2507554,15.5864,-83.8603,73.64832,0.2612583,1.172527,1.494666,1.494666,4.67533,0,1.441365,1.494666,78.44743,0,0,0,1.172527,0,0,3.180664,3.021631,4.9546,6.166134,4.194158,0,4.194158,13.27861,94.84702,0.05076962,1.644133,0.9380219,5,7.338662
9/30/2007 8:00:00 AM,0.4791226,30.2667,-80.64702,58.6804,0.4926407,2.210972,1.050869,1.050869,0,0,0,1.050869,210.3946,0.3443517,0,0,2.210972,1.106178,1.050869,0,0,0.7604418,9.940877,0.7604418,0,0.7604418,14.00003,100,0.05075139,1.155956,1.768777,0,12.15185
9/30/2007 9:00:00 AM,0.5797816,44.77905,-75.96403,43.72488,0.590367,2.649567,1.476636,1.476636,0,-1,0,1.476636,179.4326,1.095213,0,0,2.649567,1.554354,1.476636,0,0,0,10.62527,0,0,0,14.00003,100,0.05075139,1.6243,2.119653,0,13.27484
9/30/2007 10:00:00 AM,0.6603711,58.87978,-67.68649,28.80374,0.6695189,3.004801,1.185355,1.185355,0,0,0,1.185355,253.4937,1.757059,0,0,3.004801,1.247742,1.185355,0,0,0,10.62527,0,0,0,14.00003,100,0.05075139,1.303891,2.403841,0,13.63007
9/30/2007 11:00:00 AM,0.8203688,71.58932,-48.09384,14.03025,0.8348004,3.746584,1.575013,1.575013,0,0,0,1.575013,237.8764,2.088675,0,0,3.746584,1.657908,1.575013,0,0,0,10.62527,0,0,0,14.00003,100,0.05075139,1.732514,2.997267,0,14.37186
9/30/2007 12:00:00 PM,0.8789409,77.48841,6.374555,3.67273,0.8953785,4.018458,1.316539,1.316539,0,0,0,1.316539,305.229,2.632628,0,0,4.018458,1.38583,1.316539,0,0,0,10.62527,0,0,0,14.00003,100,0.05075139,1.448193,3.214767,0,14.64373
9/30/2007 1:00:00 PM,0.9320548,69.47518,53.41045,16.72097,0.9520763,4.272919,0.4092149,0.4092149,0,0,0,0.4092149,1044.175,3.842166,0,0,4.272919,0.4307525,0.4092149,0,0,0,10.62527,0,0,0,14.00003,100,0.05075139,0.4501364,3.418335,0,14.89819
9/30/2007 2:00:00 PM,0.8095659,56.33876,69.68241,31.54576,0.8275346,3.713975,1.303548,1.303548,0,-1,0,1.303548,284.9128,2.34182,0,0,3.713975,1.372156,1.303548,0,0,0,10.62527,0,0,0,14.00003,100,0.05075139,1.433903,2.97118,0,14.33925
9/30/2007 3:00:00 PM,0.6145129,42.12725,77.00096,46.47655,0.6286279,2.821282,0.350816,0.350816,0,0,0,0.350816,804.2056,2.452002,0,0,2.821282,0.36928,0.350816,0,0,0,10.62527,0,0,0,14.00003,100,0.05075139,0.3858976,2.257025,0,13.44656
9/30/2007 4:00:00 PM,0.3628828,27.57311,81.31611,61.4353,0.3703777,1.662255,1.015609,1.015609,0,0,0,1.015609,163.6707,0.5931928,0,0,1.662255,1.069062,1.015609,0,0,0,10.62527,0,0,0,14.00003,100,0.05075139,1.11717,1.329804,0,12.28753
9/30/2007 5:00:00 PM,0.1681553,12.8735,84.36411,76.40447,0.1734861,0.7786055,1.450303,1.450303,0,0,0,1.450303,53.68571,0,2.220446E-16,0,0.7786055,1.526635,1.450303,0,0,0,10.62527,0,0.7480293,-0.7480293,13.21154,94.36793,0.05075139,1.595333,0.6228844,0,11.40388
9/30/2007 6:00:00 PM,0.01066049,0,86.83791,90,0,0,3.340028,3.340028,1.25,0,0.50625,3.340028,0,0,0,0,0,2.200029,2.090028,0,0,0.8311437,9.877245,0,2.200029,-2.200029,10.8925,77.80343,0.05075139,3.67403,0,5,9.877245
9/30/2007 7:00:00 PM,0,0,89.11581,90,0,0,0.8110818,0.8110818,0,-1,0,0.8110818,0,0,0,0,0,0.8537703,0.8110818,0,0,3.27562,7.677216,0,0.8537703,-0.8537703,9.992549,71.37521,0.05075139,0.89219,0,0,7.677216
9/30/2007 8:00:00 PM,0,0,91.5166,90,0,0,0.2044554,0.2044554,0,-1,0,0.2044554,0,0,2.775558E-17,0,0,0.2152162,0.2044554,0,0,4.224254,6.823445,0,0.2152162,-0.2152162,9.765691,69.7548,0.05075139,0.2249009,0,0,6.823445
9/30/2007 9:00:00 PM,0,0,94.51307,90,0,0,0,0,0,-1,0,0,0,0,0,0,0,0,0,0,0,4.463383,6.608229,0,0,0,9.765691,69.7548,0.05075139,0,0,0,6.608229
9/30/2007 10:00:00 PM,0,0,99.31528,90,0,0,0.05741305,0.05741305,0,-1,0,0.05741305,0,0,0,0,0,0.06043479,0.05741305,0,0,4.463383,6.608229,0,0.06043479,-0.06043479,9.701987,69.29977,0.05075139,0.06315435,0,0,6.608229
9/30/2007 11:00:00 PM,0,0,111.617,90,0,0,0.3878292,0.3878292,0,-1,0,0.3878292,0,0,5.551115E-17,0,0,0.4082413,0.3878292,0,0,4.530533,6.547794,0,0.4082413,-0.4082413,9.271663,66.22603,0.05075139,0.4266122,0,0,6.547794
10/1/2007 12:00:00 AM,0,0,-164.2538,90,0,0,0.0121322,0.0121322,0,-1,0,0.0121322,0,0,0,0,0,0.01277074,0.0121322,0,0,4.984134,6.139553,0,0.01277074,-0.01277074,9.258202,66.12988,0.05075139,0.01334542,0,0,6.139553
10/1/2007 1:00:00 AM,0,0,-106.5787,90,0,0,0.1870024,0.1870024,0,-1,0,0.1870024,0,0,2.775558E-17,0,0,0.1968446,0.1870024,0,0,4.998324,6.126782,0,0.1968446,-0.1968446,9.050709,64.64779,0.05075139,0.2057026,0,0,6.126782
10/1/2007 2:00:00 AM,0,0,-97.39693,90,0,0,0.177552,0.177552,0,-1,0,0.177552,0,0,0,0,0,0.1868968,0.177552,0,0,5.217041,5.929938,0,0.1868968,-0.1868968,8.853703,63.2406,0.05075139,0.1953072,0,0,5.929938
10/1/2007 3:00:00 AM,0,0,-93.3187,90,0,0,0.1202423,0.1202423,0,-1,0,0.1202423,0,0,0,0,0,0.1265709,0.1202423,0,0,5.424704,5.743041,0,0.1265709,-0.1265709,8.720285,62.28762,0.05075139,0.1322666,0,0,5.743041
10/1/2007 4:00:00 AM,0,0,-90.58394,90,0,0,0.05546223,0.05546223,0,-1,0,0.05546223,0,0,6.938894E-18,0,0,0.05838129,0.05546223,0,0,5.565338,5.61647,0,0.05838129,-0.05838129,8.658746,61.84806,0.05075139,0.06100845,0,0,5.61647
10/1/2007 5:00:00 AM,0,0,-88.27779,90,0,0,0.07380604,0.07380604,0,0,0,0.07380604,0,0,0,0,0,0.07769057,0.07380604,0,0,5.630206,5.558089,0,0.07769057,-0.07769057,8.576853,61.26311,0.05075139,0.08118664,0,0,5.558089
10/1/2007 6:00:00 AM,0.02196967,0.8470703,-85.99917,88.5358,0.02538748,0.113939,0.06984016,0.06984016,0,0,0,0.06984016,163.1426,0,0,0,0.113939,0.07351596,0.06984016,0,0,5.716529,5.480398,0.04042307,0,0.04042307,8.615201,61.53703,0.05075042,0.07682417,0.09115122,0,5.594337
10/1/2007 7:00:00 AM,0.2391306,15.59848,-83.43699,73.57009,0.2492907,1.118816,1.180041,1.180041,0,0,0,1.180041,94.81165,0,0,0,1.118816,1.242149,1.180041,0,0,5.676105,5.516779,0,0.1233322,-0.1233322,8.485198,60.60844,0.05075042,1.298045,0.8950531,0,6.635595
10/1/2007 8:00:00 AM,0.473957,30.26294,-80.17477,58.61016,0.4880645,2.190433,0.6613505,0.6613505,0,0,0,0.6613505,331.2061,0,0,0,2.190433,0.6961585,0.6613505,0,0,5.813141,5.393447,1.494275,0,1.494275,9.902791,70.73409,0.05071464,0.7274856,1.752347,0,7.58388
10/1/2007 9:00:00 AM,0.7083398,44.74785,-75.39121,43.66576,0.7268794,3.262234,0.5779442,0.5779442,0,-1,0,0.5779442,564.4549,0,0,0,3.262234,0.6083624,0.5779442,0,0,4.318867,6.738294,2.653872,0,2.653872,12.42048,88.71751,0.05065121,0.6357387,2.609787,0,10.00053
10/1/2007 10:00:00 AM,0.6737967,58.79514,-66.91537,28.76444,0.684286,3.071075,0.2331751,0.2331751,0,0,0,0.2331751,1317.069,1.160634,0,0,3.071075,0.2454474,0.2331751,0,0,1.664994,9.12678,1.664994,0,1.664994,14.00003,100,0.0506115,0.2564926,2.45686,0,12.19785
10/1/2007 11:00:00 AM,0.7974145,71.37923,-46.99278,14.04789,0.8113406,3.641297,0.7931902,0.7931902,0,0,0,0.7931902,459.0698,2.80636,0,0,3.641297,0.834937,0.7931902,0,0,0,10.62527,0,0,0,14.00003,100,0.0506115,0.8725092,2.913037,0,14.26657
10/1/2007 12:00:00 PM,1.037644,77.08253,6.558842,4.075061,1.061435,4.763719,0.2740399,0.2740399,0,0,0,0.2740399,1738.33,4.475255,0,0,4.763719,0.2884631,0.2740399,0,0,0,10.62527,0,0,0,14.00003,100,0.0506115,0.3014439,3.810975,0,15.38899
10/1/2007 1:00:00 PM,0.7218081,69.16338,52.66573,16.88777,0.7319404,3.284949,1.238108,1.238108,0,0,0,1.238108,265.3201,1.981677,0,0,3.284949,1.303271,1.238108,0,0,0,10.62527,0,0,0,14.00003,100,0.0506115,1.361918,2.627959,0,13.91022
10/1/2007 2:00:00 PM,0.8129566,56.10917,69.07596,31.67164,0.8321083,3.734502,1.902402,1.902402,0,-1,0,1.902402,196.3045,1.731973,0,0,3.734502,2.002529,1.902402,0,0,0,10.62527,0,0,0,14.00003,100,0.0506115,2.092643,2.987602,0,14.35978
10/1/2007 3:00:00 PM,0.6051947,41.93779,76.51462,46.5857,0.6197075,2.781247,0.5572753,0.5572753,0,0,0,0.5572753,499.0796,2.194642,0,0,2.781247,0.5866056,0.5572753,0,0,0,10.62527,0,0,0,14.00003,100,0.0506115,0.6130028,2.224998,0,13.40652
10/1/2007 4:00:00 PM,0.3916541,27.40574,80.89677,61.53437,0.4021909,1.805033,0.6308483,0.6308483,0,0,0,0.6308483,286.1279,1.140982,0,0,1.805033,0.6640508,0.6308483,0,0,0,10.62527,0,0,0,14.00003,100,0.0506115,0.6939331,1.444026,0,12.43031
10/1/2007 5:00:00 PM,0.1444121,12.71933,83.97684,76.49598,0.1476212,0.662524,0.6197289,0.6197289,0,0,0,0.6197289,106.9055,0.01017779,0,0,0.662524,0.6523463,0.6197289,0,0,0,10.62527,0,0,0,14.00003,100,0.0506115,0.6817018,0.5300192,0,11.2878
10/1/2007 6:00:00 PM,0.01179487,0,86.45692,90,0,0,0,0,0,0,0,0,0,0,0,0,0,0,0,0,0,0,10.62527,0,0,0,14.00003,100,0.0506115,0,0,0,10.62527
10/1/2007 7:00:00 PM,0,0,88.7166,90,0,0,0.4598165,0.4598165,0,-1,0,0.4598165,0,0,5.551115E-17,0,0,0.4840174,0.4598165,0,0,0,10.62527,0,0.4840174,-0.4840174,13.48983,96.35573,0.0506115,0.5057982,0,0,10.62527
10/1/2007 8:00:00 PM,0,0,91.06799,90,0,0,2.49705,2.49705,0,-1,0,2.49705,0,0,0,0,0,2.628474,2.49705,0,0,0.5377972,10.14126,0,2.628474,-2.628474,10.71917,76.56538,0.0506115,2.746755,0,0,10.14126
10/1/2007 9:00:00 PM,0,0,93.96248,90,0,0,1.087841,1.087841,0,-1,0,1.087841,0,0,0,0,0,1.145096,1.087841,0,0,3.458324,7.512783,0,1.145096,-1.145096,9.512136,67.9437,0.0506115,1.196625,0,0,7.512783
10/1/2007 10:00:00 PM,0,0,98.54567,90,0,0,0,0,0,-1,0,0,0,0,0,0,0,0,0,0,0,4.730653,6.367687,0,0,0,9.512136,67.9437,0.0506115,0,0,0,6.367687
10/1/2007 11:00:00 PM,0,0,110.2779,90,0,0,0,0,0,-1,0,0,0,0,0,0,0,0,0,0,0,4.730653,6.367687,0,0,0,9.512136,67.9437,0.0506115,0,0,0,6.367687
10/2/2007 12:00:00 AM,0,0,-162.1158,90,0,0,0.3858885,0.3858885,0,-1,0,0.3858885,0,0,5.551115E-17,0,0,0.4061984,0.3858885,0,0,4.730653,6.367687,0,0.4061984,-0.4061984,9.083966,64.88535,0.0506115,0.4244774,0,0,6.367687
10/2/2007 1:00:00 AM,0,0,-105.2066,90,0,0,0.1115385,0.1115385,0,-1,0,0.1115385,0,0,1.387779E-17,0,0,0.117409,0.1115385,0,0,5.181984,5.961488,0,0.117409,-0.117409,8.960206,64.00134,0.0506115,0.1226924,0,0,5.961488
10/2/2007 2:00:00 AM,0,0,-96.62323,90,0,0,0.1386159,0.1386159,0,-1,0,0.1386159,0,0,2.775558E-17,0,0,0.1459115,0.1386159,0,0,5.312438,5.844079,0,0.1459115,-0.1459115,8.806402,62.90274,0.0506115,0.1524775,0,0,5.844079
10/2/2007 3:00:00 AM,0,0,-92.75872,90,0,0,0.319765,0.319765,0,-1,0,0.319765,0,0,5.551115E-17,0,0,0.3365947,0.319765,0,0,5.474563,5.698168,0,0.3365947,-0.3365947,8.4516,60.36845,0.0506115,0.3517415,0,0,5.698168
10/2/2007 4:00:00 AM,0,0,-90.12134,90,0,0,0.03450051,0.03450051,0,-1,0,0.03450051,0,0,0,0,0,0.03631632,0.03450051,0,0,5.848557,5.361573,0,0.03631632,-0.03631632,8.41332,60.09502,0.0506115,0.03795056,0,0,5.361573
10/2/2007 5:00:00 AM,0,0,-87.85979,90,0,0,0.246497,0.246497,0,0,0,0.246497,0,0,0,0,0,0.2594705,0.246497,0,0,5.888908,5.325257,0,0.2594705,-0.2594705,8.139813,58.14141,0.0506115,0.2711467,0,0,5.325257
10/2/2007 6:00:00 AM,0.03293149,0.8672468,-85.59312,88.45229,0.05121091,0.2298346,0.5188007,0.5188007,0,0,0,0.5188007,44.30113,0,0,0,0.2298346,0.546106,0.5188007,0,0,6.177209,5.065786,0,0.3162714,-0.3162714,7.806434,55.76013,0.0506115,0.5706807,0.1838677,0,5.295621
10/2/2007 7:00:00 AM,0.2431037,15.60853,-83.01506,73.49411,0.2544948,1.142173,1.181203,1.181203,0,0,0,1.181203,96.69571,0,0,0,1.142173,1.243371,1.181203,0,0,6.528621,4.749515,0,0.101199,-0.101199,7.699761,54.99818,0.0506115,1.299323,0.913738,0,5.891687
10/2/2007 8:00:00 AM,0.5003961,30.25634,-79.70419,58.54303,0.5170926,2.320712,0.6330851,0.6330851,0,0,0,0.6330851,366.5719,0,0,0,2.320712,0.6664053,0.6330851,0,0,6.641065,4.648316,1.654307,0,1.654307,9.269174,66.20825,0.0505721,0.6963935,1.856569,0,6.969028
10/2/2007 9:00:00 AM,0.6109243,44.71275,-74.82115,43.61098,0.6249194,2.804638,1.116777,1.116777,0,-1,0,1.116777,251.1369,0,0,0,2.804638,1.175555,1.116777,0,0,4.986758,6.137192,1.629084,0,1.629084,10.81466,77.24741,0.05053337,1.228455,2.243711,0,8.94183
10/2/2007 10:00:00 AM,0.6277782,58.70509,-66.15124,28.73167,0.6360606,2.85464,0,0,0,0,0,0,0,0,0,0,2.85464,0,0,0,0,3.357674,7.603367,2.85464,0,2.85464,13.52281,96.59129,0.05046563,0,2.283712,0,10.45801
10/2/2007 11:00:00 AM,0.5452984,71.16266,-45.92138,14.07815,0.5471138,2.455447,0,0,0,0,0,0,0,1.952412,0,0,2.455447,0,0,0,0,0.5030346,10.17254,0.5030346,0,0.5030346,14.00003,100,0.05045372,0,1.964357,0,12.62799
10/2/2007 12:00:00 PM,0.7026593,76.67781,6.726432,4.476845,0.7107559,3.189873,0.3544276,0.3544276,0,0,0,0.3544276,900.0068,2.816791,0,0,3.189873,0.3730817,0.3544276,0,0,0,10.62527,0,0,0,14.00003,100,0.05045372,0.3898704,2.551898,0,13.81515
10/2/2007 1:00:00 PM,0.7217886,68.85028,51.94203,17.06079,0.7325147,3.287526,2.054171,2.054171,0,0,0,2.054171,160.0415,1.125241,0,0,3.287526,2.162285,2.054171,0,0,0,10.62527,0,0,0,14.00003,100,0.05045372,2.259588,2.630021,0,13.9128
10/2/2007 2:00:00 PM,0.6989233,55.8784,68.47759,31.80019,0.7127504,3.198824,0.6544122,0.6544122,0,-1,0,0.6544122,488.8087,2.509969,0,0,3.198824,0.6888549,0.6544122,0,0,0,10.62527,0,0,0,14.00003,100,0.05045372,0.7198534,2.559059,0,13.8241
10/2/2007 3:00:00 PM,0.5330095,41.74798,76.03209,46.69589,0.5435367,2.439392,0.1317082,0.1317082,0,0,0,0.1317082,1852.119,2.300752,0,0,2.439392,0.1386402,0.1317082,0,0,0,10.62527,0,0,0,14.00003,100,0.05045372,0.144879,1.951514,0,13.06467
10/2/2007 4:00:00 PM,0.3486573,27.23878,80.4796,61.63345,0.3563493,1.599296,1.108468,1.108468,0,0,0,1.108468,144.2798,0.4324871,0,0,1.599296,1.166809,1.108468,0,0,0,10.62527,0,0,0,14.00003,100,0.05045372,1.219315,1.279437,0,12.22457
10/2/2007 5:00:00 PM,0.1150109,12.56621,83.59093,76.58669,0.1160396,0.5207858,0.7882235,0.7882235,0,0,0,0.7882235,66.07083,0,0,0,0.5207858,0.8297089,0.7882235,0,0,0,10.62527,0,0.3089231,-0.3089231,13.67439,97.67405,0.05045372,0.8670458,0.4166286,0,11.14606
10/2/2007 6:00:00 PM,0.009009175,0,86.07675,90,0,0,0.6171709,0.6171709,0,0,0,0.6171709,0,0,1.110223E-16,0,0,0.6496535,0.6171709,0,0,0.3432479,10.31635,0,0.6496535,-0.6496535,12.9896,92.78267,0.05045372,0.6788879,0,0,10.31635
10/2/2007 7:00:00 PM,0,0,88.31774,90,0,0,1.209336,1.209336,0,-1,0,1.209336,0,0,2.220446E-16,0,0,1.272986,1.209336,0,0,1.065085,9.666698,0,1.272986,-1.272986,11.64775,83.19808,0.05045372,1.33027,0,0,9.666698
10/2/2007 8:00:00 PM,0,0,90.61909,90,0,0,0,0,0,-1,0,0,0,0,0,0,0,0,0,0,0,2.479514,8.393712,0,0,0,11.64775,83.19808,0.05045372,0,0,0,8.393712
10/2/2007 9:00:00 PM,0,0,93.4102,90,0,0,0,0,0,-1,0,0,0,0,0,0,0,0,0,0,0,2.479514,8.393712,0,0,0,11.64775,83.19808,0.05045372,0,0,0,8.393712
10/2/2007 10:00:00 PM,0,0,97.76965,90,0,0,0,0,0,-1,0,0,0,0,0,0,0,0,0,0,0,2.479514,8.393712,0,0,0,11.64775,83.19808,0.05045372,0,0,0,8.393712
10/2/2007 11:00:00 PM,0,0,108.899,90,0,0,0.2879004,0.2879004,0,-1,0,0.2879004,0,0,0,0,0,0.3030531,0.2879004,0,0,2.479514,8.393712,0,0.3030531,-0.3030531,11.32831,80.91633,0.05045372,0.3166905,0,0,8.393712
10/3/2007 12:00:00 AM,0,0,-159.6798,90,0,0,0.2182755,0.2182755,0,-1,0,0.2182755,0,0,2.775558E-17,0,0,0.2297637,0.2182755,0,0,2.816239,8.090659,0,0.2297637,-0.2297637,11.08612,79.18639,0.05045372,0.2401031,0,0,8.090659
10/3/2007 1:00:00 AM,0,0,-103.8343,90,0,0,0.1857932,0.1857932,0,-1,0,0.1857932,0,0,0,0,0,0.1955718,0.1857932,0,0,3.071532,7.860895,0,0.1955718,-0.1955718,10.87997,77.71388,0.05045372,0.2043725,0,0,7.860895
10/3/2007 2:00:00 AM,0,0,-95.85284,90,0,0,0,0,0,-1,0,0,0,0,0,0,0,0,0,0,0,3.288834,7.665323,0,0,0,10.87997,77.71388,0.05045372,0,0,0,7.665323
10/3/2007 3:00:00 AM,0,0,-92.2012,90,0,0,0.2870227,0.2870227,0,-1,0,0.2870227,0,0,5.551115E-17,0,0,0.3021292,0.2870227,0,0,3.288834,7.665323,0,0.3021292,-0.3021292,10.56149,75.43909,0.05045372,0.315725,0,0,7.665323
10/3/2007 4:00:00 AM,0,0,-89.66063,90,0,0,0.5022449,0.5022449,0,-1,0,0.5022449,0,0,1.110223E-16,0,0,0.5286789,0.5022449,0,0,3.624533,7.363194,0,0.5286789,-0.5286789,10.00422,71.45855,0.05045372,0.5524694,0,0,7.363194
10/3/2007 5:00:00 AM,0,0,-87.44339,90,0,0,0,0,0,0,0,0,0,0,0,0,0,0,0,0,0,4.211955,6.834515,0,0,0,10.00422,71.45855,0.05045372,0,0,0,6.834515
10/3/2007 6:00:00 AM,0.02521374,0.8860499,-85.18854,88.3704,0.03240661,0.1454409,0.03286663,0.03286663,0,0,0,0.03286663,442.5184,0,0,0,0.1454409,0.03459645,0.03286663,0,0,4.211955,6.834515,0.1108444,0,0.1108444,10.10937,72.20966,0.05045109,0.03615329,0.1163527,0,6.979956
10/3/2007 7:00:00 AM,0.2088605,15.61649,-82.59465,73.42047,0.2166063,0.972129,0.4003137,0.4003137,0,0,0,0.4003137,242.8418,0,0,0,0.972129,0.4213828,0.4003137,0,0,4.10111,6.934275,0.5507462,0,0.5507462,10.63186,75.94169,0.05043805,0.440345,0.7777032,0,7.906404
10/3/2007 8:00:00 AM,0.4296104,30.24683,-79.2355,58.47911,0.4419759,1.983588,0,0,0,0,0,0,0,0,0,0,1.983588,0,0,0,0,3.550364,7.429947,1.983588,0,1.983588,12.51365,89.38306,0.05039114,0,1.58687,0,9.413534
10/3/2007 9:00:00 AM,0.6234356,44.67371,-74.25412,43.56061,0.6390438,2.868029,0.9303325,0.9303325,0,-1,0,0.9303325,308.28,0.3219551,0,0,2.868029,0.9792973,0.9303325,0,0,1.566776,9.215176,1.566776,0,1.566776,14.00003,100,0.05035415,1.023366,2.294423,0,12.0832
10/3/2007 10:00:00 AM,0.7248134,58.60969,-65.39458,28.70548,0.7397816,3.32014,0,0,0,0,0,0,0,3.32014,0,0,3.32014,0,0,0,0,0,10.62527,0,0,0,14.00003,100,0.05035415,0,2.656112,0,13.94541
10/3/2007 11:00:00 AM,1.024121,70.9399,-44.87983,14.12089,1.050249,4.71352,0.1982811,0.1982811,0,0,0,0.1982811,2377.191,4.504803,0,0,4.71352,0.2087169,0.1982811,0,0,0,10.62527,0,0,0,14.00003,100,0.05035415,0.2181092,3.770816,0,15.33879
10/3/2007 12:00:00 PM,1.081221,76.2744,6.878463,4.877724,1.108528,4.975076,0,0,0,0,0,0,0,4.975076,0,0,4.975076,0,0,0,0,0,10.62527,0,0,0,14.00003,100,0.05035415,0,3.98006,0,15.60035
10/3/2007 1:00:00 PM,1.055503,68.53618,51.23852,17.23962,1.08281,4.859651,1.462051,1.462051,0,0,0,1.462051,332.3858,3.320649,0,0,4.859651,1.539001,1.462051,0,0,0,10.62527,0,0,0,14.00003,100,0.05035415,1.608256,3.887721,0,15.48492
10/3/2007 2:00:00 PM,0.8886762,55.64668,67.88727,31.93122,0.9129716,4.097416,0,0,0,-1,0,0,0,4.097416,0,0,4.097416,0,0,0,0,0,10.62527,0,0,0,14.00003,100,0.05035415,0,3.277933,0,14.72269
10/3/2007 3:00:00 PM,0.7179927,41.558,75.55343,46.80695,0.740204,3.322036,0.8099433,0.8099433,0,0,0,0.8099433,410.1566,2.469464,0,0,3.322036,0.8525719,0.8099433,0,0,0,10.62527,0,0,0,14.00003,100,0.05035415,0.8909376,2.657628,0,13.94731
10/3/2007 4:00:00 PM,0.4312265,27.07236,80.06466,61.73238,0.4468406,2.00542,0.8652127,0.8652127,0,0,0,0.8652127,231.7835,1.09467,0,0,2.00542,0.9107503,0.8652127,0,0,0,10.62527,0,0,0,14.00003,100,0.05035415,0.951734,1.604336,0,12.63069
10/3/2007 5:00:00 PM,0.1625207,12.41428,83.20643,76.67648,0.169311,0.7598678,0.1239753,0.1239753,0,0,0,0.1239753,612.9188,0.6293675,0,0,0.7598678,0.1305003,0.1239753,0,0,0,10.62527,0,0,0,14.00003,100,0.05035415,0.1363728,0.6078942,0,11.38514
10/3/2007 6:00:00 PM,0.008696584,0,85.69749,90,0,0,1.51292,1.51292,0,0,0,1.51292,0,0,2.220446E-16,0,0,1.592548,1.51292,0,0,0,10.62527,0,1.592548,-1.592548,12.32133,88.00936,0.05035415,1.664212,0,0,10.62527
10/3/2007 7:00:00 PM,0,0,87.91935,90,0,0,0.4690261,0.4690261,0,-1,0,0.4690261,0,0,5.551115E-17,0,0,0.4937117,0.4690261,0,0,1.769498,9.032726,0,0.4937117,-0.4937117,11.80092,84.2921,0.05035415,0.5159287,0,0,9.032726
10/3/2007 8:00:00 PM,0,0,90.17003,90,0,0,0.3173541,0.3173541,0,-1,0,0.3173541,0,0,5.551115E-17,0,0,0.334057,0.3173541,0,0,2.318066,8.539015,0,0.334057,-0.334057,11.44879,81.77691,0.05035415,0.3490895,0,0,8.539015
10/3/2007 9:00:00 PM,0,0,92.85646,90,0,0,0,0,0,-1,0,0,0,0,0,0,0,0,0,0,0,2.68924,8.204958,0,0,0,11.44879,81.77691,0.05035415,0,0,0,8.204958
10/3/2007 10:00:00 PM,0,0,96.98768,90,0,0,0.2940231,0.2940231,0,-1,0,0.2940231,0,0,5.551115E-17,0,0,0.309498,0.2940231,0,0,2.68924,8.204958,0,0.309498,-0.309498,11.12255,79.44663,0.05035415,0.3234254,0,0,8.204958
10/3/2007 11:00:00 PM,0,0,107.4809,90,0,0,0.1322566,0.1322566,0,-1,0,0.1322566,0,0,0,0,0,0.1392175,0.1322566,0,0,3.033127,7.89546,0,0.1392175,-0.1392175,10.9758,78.39844,0.05035415,0.1454823,0,0,7.89546
10/4/2007 12:00:00 AM,0,0,-156.8873,90,0,0,0.1068893,0.1068893,0,-1,0,0.1068893,0,0,1.387779E-17,0,0,0.112515,0.1068893,0,0,3.187813,7.756242,0,0.112515,-0.112515,10.8572,77.55128,0.05035415,0.1175782,0,0,7.756242
10/4/2007 1:00:00 AM,0,0,-102.4635,90,0,0,0,0,0,-1,0,0,0,0,0,0,0,0,0,0,0,3.31283,7.643727,0,0,0,10.8572,77.55128,0.05035415,0,0,0,7.643727
10/4/2007 2:00:00 AM,0,0,-95.08614,90,0,0,0.5394095,0.5394095,0,-1,0,0.5394095,0,0,1.110223E-16,0,0,0.5677995,0.5394095,0,0,3.31283,7.643727,0,0.5677995,-0.5677995,10.25869,73.2762,0.05035415,0.5933505,0,0,7.643727
10/4/2007 3:00:00 AM,0,0,-91.64632,90,0,0,0.2120797,0.2120797,0,-1,0,0.2120797,0,0,2.775558E-17,0,0,0.2232419,0.2120797,0,0,3.943718,7.075928,0,0.2232419,-0.2232419,10.02337,71.59536,0.05035415,0.2332877,0,0,7.075928
10/4/2007 4:00:00 AM,0,0,-89.20194,90,0,0,0.248932,0.248932,0,-1,0,0.248932,0,0,2.775558E-17,0,0,0.2620337,0.248932,0,0,4.191765,6.852686,0,0.2620337,-0.2620337,9.747163,69.62245,0.05035415,0.2738253,0,0,6.852686
10/4/2007 5:00:00 AM,0,0,-87.0287,90,0,0,0.2288413,0.2288413,0,0,0,0.2288413,0,0,0,0,0,0.2408855,0.2288413,0,0,4.482913,6.590652,0,0.2408855,-0.2408855,9.493247,67.80878,0.05035415,0.2517254,0,0,6.590652
10/4/2007 6:00:00 AM,0.01136117,0.9033976,-84.78555,88.29022,0.01153201,0.05175565,0.3285358,0.3285358,0,0,0,0.3285358,15.75343,0,0,0,0.05175565,0.3458272,0.3285358,0,0,4.750564,6.349767,0,0.2940715,-0.2940715,9.183269,65.59464,0.05035415,0.3613894,0.04140452,0,6.401522
10/4/2007 7:00:00 AM,0.184146,15.62229,-82.17592,73.34927,0.1891591,0.8489462,1.058623,1.058623,0,0,0,1.058623,80.19342,0,0,0,0.8489462,1.11434,1.058623,0,0,5.07731,6.055695,0,0.2653941,-0.2653941,8.903519,63.59644,0.05035415,1.164486,0.679157,0,6.904641
10/4/2007 8:00:00 AM,0.4053691,30.23437,-78.76889,58.41846,0.4162453,1.868109,0,0,0,0,0,0,0,0,0,0,1.868109,0,0,0,0,5.372192,5.790301,1.868109,0,1.868109,10.67576,76.25529,0.05031012,0,1.494487,0,7.65841
10/4/2007 9:00:00 AM,0.7199816,44.63071,-73.69041,43.51472,0.7421738,3.330876,0,0,0,-1,0,0,0,0,0,0,3.330876,0,0,0,0,3.504084,7.471599,3.330876,0,3.330876,13.83571,98.82629,0.0502318,0,2.664701,0,10.80247
10/4/2007 10:00:00 AM,0.7103704,58.509,-64.64587,28.68591,0.7250998,3.254248,0.7015959,0.7015959,0,0,0,0.7015959,463.8351,2.342518,0,0,3.254248,0.738522,0.7015959,0,0,0.1732076,10.46939,0.1732076,0,0.1732076,14.00003,100,0.05022773,0.7717555,2.603398,0,13.72363
10/4/2007 11:00:00 AM,0.9816095,70.71128,-43.8682,14.17591,1.007445,4.521412,0.9741319,0.9741319,0,0,0,0.9741319,464.1478,3.49601,0,0,4.521412,1.025402,0.9741319,0,0,0,10.62527,0,0,0,14.00003,100,0.05022773,1.071545,3.61713,0,15.14669
10/4/2007 12:00:00 PM,1.0097,75.87244,7.015947,5.277407,1.035917,4.649194,1.137396,1.137396,0,0,0,1.137396,408.7579,3.451936,0,0,4.649194,1.197259,1.137396,0,0,0,10.62527,0,0,0,14.00003,100,0.05022773,1.251135,3.719355,0,15.27447
10/4/2007 1:00:00 PM,0.833603,68.22134,50.55439,17.42384,0.8526518,3.826701,0.6523116,0.6523116,0,0,0,0.6523116,586.637,3.140057,0,0,3.826701,0.6866438,0.6523116,0,0,0,10.62527,0,0,0,14.00003,100,0.05022773,0.7175428,3.061361,0,14.45198
10/4/2007 2:00:00 PM,0.6001607,55.41421,67.30495,32.06453,0.6088726,2.73262,0,0,0,-1,0,0,0,2.73262,0,0,2.73262,0,0,0,0,0,10.62527,0,0,0,14.00003,100,0.05022773,0,2.186096,0,13.35789
10/4/2007 3:00:00 PM,0.4624594,41.36802,75.07869,46.91874,0.4691753,2.105659,1.427845,1.427845,0,0,0,1.427845,147.4711,0.6026642,0,0,2.105659,1.502995,1.427845,0,0,0,10.62527,0,0,0,14.00003,100,0.05022773,1.570629,1.684527,0,12.73093
10/4/2007 4:00:00 PM,0.1915176,26.90664,79.65203,61.83106,0.1913062,0.8585823,0,0,0,0,0,0,0,0.8585823,0,0,0.8585823,0,0,0,0,0,10.62527,0,0,0,14.00003,100,0.05022773,0,0.6868659,0,11.48386
10/4/2007 5:00:00 PM,0.1315875,12.26368,82.82344,76.76523,0.1346627,0.6043661,0.7084193,0.7084193,0,0,0,0.7084193,85.31192,0,1.110223E-16,0,0.6043661,0.7457045,0.7084193,0,0,0,10.62527,0,0.1413384,-0.1413384,13.85104,98.93583,0.05022773,0.7792612,0.4834929,0,11.22964
10/4/2007 6:00:00 PM,0.003643698,0,85.31925,90,0,0,2.324181,2.324181,0,0,0,2.324181,0,0,4.440892E-16,0,0,2.446506,2.324181,0,0,0.1570427,10.48394,0,2.446506,-2.446506,11.2722,80.51556,0.05022773,2.556599,0,0,10.48394
10/4/2007 7:00:00 PM,0,0,87.52155,90,0,0,1.924016,1.924016,0,-1,0,1.924016,0,0,0,0,0,2.02528,1.924016,0,0,2.875383,8.03743,0,2.02528,-2.02528,9.137368,65.26678,0.05022773,2.116417,0,0,8.03743
10/4/2007 8:00:00 PM,0,0,89.72099,90,0,0,2.17713,2.17713,0,-1,0,2.17713,0,0,0,0,0,2.291716,2.17713,0,0,5.125694,6.01215,0,2.291716,-2.291716,6.721687,48.01196,0.05022773,2.394843,0,0,6.01215
10/4/2007 9:00:00 PM,0,0,92.3015,90,0,0,1.813839,1.813839,0,-1,0,1.813839,0,0,2.220446E-16,0,0,1.909304,1.813839,0,0,7.672045,3.720434,0,1.909304,-1.909304,4.709104,33.63639,0.05022773,1.995223,0,0,3.720434
10/4/2007 10:00:00 PM,0,0,96.2002,90,0,0,0.1509437,0.1509437,0,-1,0,0.1509437,0,0,2.775558E-17,0,0,0.158888,0.1509437,0,0,9.793494,1.81113,0,0.158888,-0.158888,4.541621,32.44009,0.05022773,0.166038,0,0,1.81113
10/4/2007 11:00:00 PM,0,0,106.0241,90,0,0,0.08815805,0.08815805,0,-1,0,0.08815805,0,0,0,0,0,0.09279795,0.08815805,0,0,9.970037,1.652242,0,0.09279795,-0.09279795,4.443804,31.74139,0.05022773,0.09697386,0,0,1.652242
10/5/2007 12:00:00 AM,0,0,-153.6667,90,0,0,0.2002192,0.2002192,0,-1,0,0.2002192,0,0,2.775558E-17,0,0,0.210757,0.2002192,0,0,10.07314,1.559444,0,0.210757,-0.210757,4.221646,30.15456,0.05022773,0.2202411,0,0,1.559444
10/5/2007 1:00:00 AM,0,0,-101.0957,90,0,0,0.1119941,0.1119941,0,-1,0,0.1119941,0,0,0,0,0,0.1178886,0.1119941,0,0,10.30732,1.348687,0,0.1178886,-0.1178886,4.097381,29.26695,0.05022773,0.1231935,0,0,1.348687
10/5/2007 2:00:00 AM,0,0,-94.32346,90,0,0,0.2374075,0.2374075,0,-1,0,0.2374075,0,0,2.775558E-17,0,0,0.2499027,0.2374075,0,0,10.43831,1.230798,0,0.2499027,-0.2499027,3.83396,27.38538,0.05022773,0.2611483,0,0,1.230798
10/5/2007 3:00:00 AM,0,0,-91.09427,90,0,0,0.1825077,0.1825077,0,-1,0,0.1825077,0,0,2.775558E-17,0,0,0.1921134,0.1825077,0,0,10.71598,0.9808955,0,0.1921134,-0.1921134,3.631455,25.93891,0.05022773,0.2007585,0,0,0.9808955
10/5/2007 4:00:00 AM,0,0,-88.74543,90,0,0,0.2441661,0.2441661,0,-1,0,0.2441661,0,0,0,0,0,0.257017,0.2441661,0,0,10.92944,0.7887821,0,0.257017,-0.257017,3.360535,24.00377,0.05022773,0.2685827,0,0,0.7887821
10/5/2007 5:00:00 AM,0,0,-86.61586,90,0,0,0.08866434,0.08866434,0,0,0,0.08866434,0,0,0,0,0,0.09333088,0.08866434,0,0,11.21501,0.5317651,0,0.09333088,-0.09333088,3.262156,23.30107,0.05022773,0.09753077,0,0,0.5317651
10/5/2007 6:00:00 AM,0.01579871,0.9192102,-84.38429,88.21187,0.01651551,0.07412159,0.2446168,0.2446168,0,0,0,0.2446168,30.30111,0,0,0,0.07412159,0.2574914,0.2446168,0,0,11.31871,0.4384342,0,0.1833698,-0.1833698,3.068867,21.92043,0.05022773,0.2690785,0.05929727,0,0.5125558
10/5/2007 7:00:00 AM,0.1086374,15.62586,-81.75901,73.28059,0.1086089,0.4874366,0.8669019,0.8669019,4.372165,0,1.358601,0.8669019,56.22742,4.440892E-16,0,0,0.4874366,0,0,3.505263,3.33,11.52246,0.2550645,3.817436,0,3.817436,6.690405,47.78851,0.05058009,0.9535921,0.3899492,5,0.742501
10/5/2007 8:00:00 AM,0.3207498,30.21891,-78.30453,58.36118,0.3249111,1.458201,0.8073381,0.8073381,4.312601,0,1.34234,0.8073381,180.6184,0,0,0,1.458201,0,0,3.505263,3.33,7.705019,3.690757,4.788201,0,4.788201,11.23289,80.23478,0.05089977,0.8880718,1.166561,5,5.148959
10/5/2007 9:00:00 AM,0.7263424,44.58376,-73.1303,43.47337,0.7498943,3.365525,0.6368018,0.6368018,0,-1,0,0.6368018,528.5044,0,0,0,3.365525,0.6703176,0.6368018,0,0,2.916817,8.000138,2.695208,0,2.695208,13.78979,98.49831,0.05083599,0.700482,2.69242,0,11.36566
10/5/2007 10:00:00 AM,0.677786,58.40308,-63.90554,28.67299,0.6909175,3.100838,0.8864783,0.8864783,0,0,0,0.8864783,349.7928,1.946093,0,0,3.100838,0.933135,0.8864783,0,0,0.2216096,10.42583,0.2216096,0,0.2216096,14.00003,100,0.05083076,0.9751261,2.48067,0,13.52666
10/5/2007 11:00:00 AM,0.7738828,70.47713,-42.88647,14.243,0.7891626,3.541762,0.7841209,0.7841209,0,0,0,0.7841209,451.6857,2.716372,0,0,3.541762,0.8253905,0.7841209,0,0,0,10.62527,0,0,0,14.00003,100,0.05083076,0.862533,2.83341,0,14.16704
10/5/2007 12:00:00 PM,0.8212205,75.4721,7.139789,5.67565,0.8384072,3.762771,0.698503,0.698503,0,0,0,0.698503,538.6908,3.027505,0,0,3.762771,0.7352663,0.698503,0,0,0,10.62527,0,0,0,14.00003,100,0.05083076,0.7683533,3.010217,0,14.38805
10/5/2007 1:00:00 PM,0.9601081,67.90606,49.88884,17.61304,0.9866275,4.427984,0.4252948,0.4252948,0,0,0,0.4252948,1041.156,3.980305,0,0,4.427984,0.4476787,0.4252948,0,0,0,10.62527,0,0,0,14.00003,100,0.05083076,0.4678243,3.542387,0,15.05326
10/5/2007 2:00:00 PM,0.4702499,55.18121,66.73057,32.19991,0.4724172,2.120208,0.8061369,0.8061369,0,-1,0,0.8061369,263.0085,1.271643,0,0,2.120208,0.8485652,0.8061369,0,0,0,10.62527,0,0,0,14.00003,100,0.05083076,0.8867506,1.696167,0,12.74548
10/5/2007 3:00:00 PM,0.4717092,41.17819,74.60792,47.03111,0.479574,2.152328,0.3188334,0.3188334,0,0,0,0.3188334,675.0634,1.816714,0,0,2.152328,0.3356141,0.3188334,0,0,0,10.62527,0,0,0,14.00003,100,0.05083076,0.3507168,1.721862,0,12.7776
10/5/2007 4:00:00 PM,0.1993143,26.74174,79.24178,61.92934,0.1992999,0.8944578,0.4408294,0.4408294,0,0,0,0.4408294,202.9034,0.4304268,0,0,0.8944578,0.464031,0.4408294,0,0,0,10.62527,0,0,0,14.00003,100,0.05083076,0.4849124,0.7155662,0,11.51973
10/5/2007 5:00:00 PM,0.09504269,12.11454,82.44205,76.85284,0.09544512,0.4283577,0,0,0,0,0,0,0,0.4283577,0,0,0.4283577,0,0,0,0,0,10.62527,0,0,0,14.00003,100,0.05083076,0,0.3426861,0,11.05363
10/5/2007 6:00:00 PM,0.007477558,0,84.94212,90,0,0,0.2684016,0.2684016,0,0,0,0.2684016,0,0,5.551115E-17,0,0,0.282528,0.2684016,0,0,0,10.62527,0,0.282528,-0.282528,13.70222,97.87279,0.05083076,0.2952417,0,0,10.62527
10/5/2007 7:00:00 PM,0,0,87.12444,90,0,0,1.01204,1.01204,0,-1,0,1.01204,0,0,0,0,0,1.065305,1.01204,0,0,0.31392,10.34275,0,1.065305,-1.065305,12.57929,89.85188,0.05083076,1.113244,0,0,10.34275
10/5/2007 8:00:00 PM,0,0,89.27211,90,0,0,0,0,0,-1,0,0,0,0,0,0,0,0,0,0,0,1.497592,9.277441,0,0,0,12.57929,89.85188,0.05083076,0,0,0,9.277441
10/5/2007 9:00:00 PM,0,0,91.74557,90,0,0,1.569678,1.569678,0,-1,0,1.569678,0,0,2.220446E-16,0,0,1.652292,1.569678,0,0,1.497592,9.277441,0,1.652292,-1.652292,10.83762,77.4114,0.05083076,1.726646,0,0,9.277441
10/5/2007 10:00:00 PM,0,0,95.40771,90,0,0,0,0,0,-1,0,0,0,0,0,0,0,0,0,0,0,3.333473,7.625149,0,0,0,10.83762,77.4114,0.05083076,0,0,0,7.625149
10/5/2007 11:00:00 PM,0,0,104.5299,90,0,0,0.172615,0.172615,0,-1,0,0.172615,0,0,0,0,0,0.1817,0.172615,0,0,3.333473,7.625149,0,0.1817,-0.1817,10.64609,76.04334,0.05083076,0.1898765,0,0,7.625149
10/6/2007 12:00:00 AM,0,0,-149.9327,90,0,0,0.08997197,0.08997197,0,-1,0,0.08997197,0,0,1.387779E-17,0,0,0.09470734,0.08997197,0,0,3.535362,7.443449,0,0.09470734,-0.09470734,10.54626,75.33028,0.05083076,0.09896917,0,0,7.443449
10/6/2007 1:00:00 AM,0,0,-99.73251,90,0,0,0.1924613,0.1924613,0,-1,0,0.1924613,0,0,2.775558E-17,0,0,0.2025909,0.1924613,0,0,3.640592,7.348742,0,0.2025909,-0.2025909,10.33271,73.80492,0.05083076,0.2117074,0,0,7.348742
10/6/2007 2:00:00 AM,0,0,-93.56515,90,0,0,0.3898376,0.3898376,0,-1,0,0.3898376,0,0,5.551115E-17,0,0,0.4103554,0.3898376,0,0,3.865693,7.146151,0,0.4103554,-0.4103554,9.900157,70.71527,0.05083076,0.4288213,0,0,7.146151
10/6/2007 3:00:00 AM,0,0,-90.54521,90,0,0,0.2033774,0.2033774,0,-1,0,0.2033774,0,0,2.775558E-17,0,0,0.2140815,0.2033774,0,0,4.321643,6.735795,0,0.2140815,-0.2140815,9.674496,69.1034,0.05083076,0.2237151,0,0,6.735795
10/6/2007 4:00:00 AM,0,0,-88.29122,90,0,0,0.005173009,0.005173009,0,-1,0,0.005173009,0,0,8.673617E-19,0,0,0.005445273,0.005173009,0,0,4.559512,6.521714,0,0.005445273,-0.005445273,9.668756,69.0624,0.05083076,0.00569031,0,0,6.521714
10/6/2007 5:00:00 AM,0,0,-86.20498,90,0,0,0.4823815,0.4823815,0,0,0,0.4823815,0,0,1.110223E-16,0,0,0.50777,0.4823815,0,0,4.565562,6.516269,0,0.50777,-0.50777,9.133519,65.23929,0.05083076,0.5306197,0,0,6.516269
10/6/2007 6:00:00 AM,0.02119532,0.9334105,-83.98489,88.13544,0.0248247,0.1114133,0,0,0,0,0,0,0,0,0,0,0.1114133,0,0,0,0,5.129751,6.008499,0.1114133,0,0.1114133,9.239215,65.99426,0.05082812,0,0.08913062,0,6.119912
10/6/2007 7:00:00 AM,0.1560706,15.62714,-81.34408,73.21453,0.1585587,0.7116114,0.9065222,0.9065222,0,0,0,0.9065222,78.49906,0,0,0,0.7116114,0.9542338,0.9065222,0,0,5.018338,6.10877,0,0.2426224,-0.2426224,8.983468,64.1675,0.05082812,0.9971744,0.5692891,0,6.820382
10/6/2007 8:00:00 AM,0.2623418,30.20041,-77.84264,58.30735,0.2634503,1.182365,0,0,0,0,0,0,0,0,0,0,1.182365,0,0,0,0,5.287918,5.866148,1.182365,0,1.182365,10.10516,72.17956,0.0508002,0,0.9458919,0,7.048513
10/6/2007 9:00:00 AM,0.5887155,44.53283,-72.57406,43.43663,0.6039796,2.710661,1.699667,1.699667,0,-1,0,1.699667,159.4818,0,0,0,2.710661,1.789123,1.699667,0,0,4.105553,6.930276,0.9215372,0,0.9215372,10.97941,78.42416,0.05077847,1.869634,2.168529,0,9.640937
10/6/2007 10:00:00 AM,0.6901832,58.29203,-63.17405,28.66672,0.7048281,3.163269,0.4406947,0.4406947,0,0,0,0.4406947,717.7913,0,0,0,3.163269,0.4638892,0.4406947,0,0,3.184016,7.75966,2.699379,0,2.699379,13.54026,96.71596,0.0507149,0.4847642,2.530615,0,10.92293
10/6/2007 11:00:00 AM,0.3129157,70.23776,-41.93457,14.32186,0.3117273,1.399032,1.524911,1.524911,0,0,0,1.524911,91.74519,0,0,0,1.399032,1.605169,1.524911,0,0,0.4846364,10.1891,0,0.2061368,-0.2061368,13.32297,95.16391,0.0507149,1.677402,1.119226,0,11.58813
10/6/2007 12:00:00 PM,0.6147273,75.07349,7.250798,6.072242,0.6196839,2.781142,2.224042,2.224042,0,0,0,2.224042,125.049,0,0,0,2.781142,2.341097,2.224042,0,0,0.7136773,9.982965,0.4400444,0,0.4400444,13.74044,98.14578,0.05070455,2.446446,2.224913,0,12.76411
10/6/2007 1:00:00 PM,0.6787236,67.59059,49.24112,17.80681,0.6889657,3.092078,1.090208,1.090208,0,0,0,1.090208,283.6227,1.670858,0,0,3.092078,1.147588,1.090208,0,0,0.2736329,10.379,0.2736329,0,0.2736329,14.00003,100,0.05069812,1.199229,2.473662,0,13.47108
10/6/2007 2:00:00 PM,0.4260118,54.94788,66.16408,32.33716,0.4268511,1.915708,1.303423,1.303423,0,-1,0,1.303423,146.9751,0.5436832,0,0,1.915708,1.372025,1.303423,0,0,0,10.62527,0,0,0,14.00003,100,0.05069812,1.433766,1.532566,0,12.54098
10/6/2007 3:00:00 PM,0.3444176,40.98869,74.14117,47.1439,0.3454874,1.550547,0.7535813,0.7535813,0,0,0,0.7535813,205.7571,0.7573038,0,0,1.550547,0.7932435,0.7535813,0,0,0,10.62527,0,0,0,14.00003,100,0.05069812,0.8289394,1.240438,0,12.17582
10/6/2007 4:00:00 PM,0.3353897,26.57784,78.834,62.02711,0.3444177,1.545747,1.133543,1.133543,0,0,0,1.133543,136.3641,0.3525431,0,0,1.545747,1.193204,1.133543,0,0,0,10.62527,0,0,0,14.00003,100,0.05069812,1.246898,1.236597,0,12.17102
10/6/2007 5:00:00 PM,0.1687215,11.96697,82.06235,76.93921,0.179223,0.8043527,0,0,0,0,0,0,0,0.8043527,0,0,0.8043527,0,0,0,0,0,10.62527,0,0,0,14.00003,100,0.05069812,0,0.6434822,0,11.42963
10/6/2007 6:00:00 PM,0.008399436,0,84.5662,90,0,0,1.329918,1.329918,0,0,0,1.329918,0,0,2.220446E-16,0,0,1.399914,1.329918,0,0,0,10.62527,0,1.399914,-1.399914,12.52439,89.45975,0.05069812,1.46291,0,0,10.62527
10/6/2007 7:00:00 PM,0,0,86.72815,90,0,0,1.212502,1.212502,0,-1,0,1.212502,0,0,2.220446E-16,0,0,1.276318,1.212502,0,0,1.555459,9.225361,0,1.276318,-1.276318,11.17903,79.85007,0.05069812,1.333752,0,0,9.225361
10/6/2007 8:00:00 PM,0,0,88.82355,90,0,0,1.157731,1.157731,0,-1,0,1.157731,0,0,2.220446E-16,0,0,1.218664,1.157731,0,0,2.97359,7.949043,0,1.218664,-1.218664,9.894447,70.67448,0.05069812,1.273504,0,0,7.949043
10/6/2007 9:00:00 PM,0,0,91.18892,90,0,0,1.94837,1.94837,0,-1,0,1.94837,0,0,2.220446E-16,0,0,2.050916,1.94837,0,0,4.327662,6.730379,0,2.050916,-2.050916,7.732592,55.23269,0.05069812,2.143207,0,0,6.730379
10/6/2007 10:00:00 PM,0,0,94.61074,90,0,0,0.137187,0.137187,0,-1,0,0.137187,0,0,2.775558E-17,0,0,0.1444073,0.137187,0,0,6.606457,4.679462,0,0.1444073,-0.1444073,7.580374,54.14542,0.05069812,0.1509057,0,0,4.679462
10/6/2007 11:00:00 PM,0,0,102.9996,90,0,0,0.1303543,0.1303543,0,-1,0,0.1303543,0,0,0,0,0,0.137215,0.1303543,0,0,6.76691,4.535055,0,0.137215,-0.137215,7.435736,53.1123,0.05069812,0.1433897,0,0,4.535055
10/7/2007 12:00:00 AM,0,0,-145.5864,90,0,0,0.5944048,0.5944048,0,-1,0,0.5944048,0,0,1.110223E-16,0,0,0.6256893,0.5944048,0,0,6.919371,4.39784,0,0.6256893,-0.6256893,6.776202,48.40134,0.05069812,0.6538453,0,0,4.39784
10/7/2007 1:00:00 AM,0,0,-98.37548,90,0,0,0,0,0,-1,0,0,0,0,0,0,0,0,0,0,0,7.614582,3.772151,0,0,0,6.776202,48.40134,0.05069812,0,0,0,3.772151
10/7/2007 2:00:00 AM,0,0,-92.81152,90,0,0,0,0,0,-1,0,0,0,0,0,0,0,0,0,0,0,7.614582,3.772151,0,0,0,6.776202,48.40134,0.05069812,0,0,0,3.772151
10/7/2007 3:00:00 AM,0,0,-89.99934,90,0,0,0.03792558,0.03792558,0,-1,0,0.03792558,0,0,0,0,0,0.03992167,0.03792558,0,0,7.614582,3.772151,0,0.03992167,-0.03992167,6.734121,48.10077,0.05069812,0.04171814,0,0,3.772151
10/7/2007 4:00:00 AM,0,0,-87.83945,90,0,0,0.3448672,0.3448672,0,-1,0,0.3448672,0,0,5.551115E-17,0,0,0.3630181,0.3448672,0,0,7.658939,3.732229,0,0.3630181,-0.3630181,6.351466,45.36752,0.05069812,0.3793539,0,0,3.732229
10/7/2007 5:00:00 AM,0,0,-85.7962,90,0,0,0,0,0,0,0,0,0,0,0,0,0,0,0,0,0,8.062292,3.369211,0,0,0,6.351466,45.36752,0.05069812,0,0,0,3.369211
10/7/2007 6:00:00 AM,0.03378054,0.9459233,-83.58748,88.06104,0.05918527,0.2656235,0,0,0,0,0,0,0,0,0,0,0.2656235,0,0,0,0,8.062292,3.369211,0.2656235,0,0.2656235,6.603458,47.16747,0.05069187,0,0.2124988,0,3.634835
10/7/2007 7:00:00 AM,0.2447786,15.62606,-80.93127,73.15117,0.2604168,1.168751,0,0,0,0,0,0,0,0,0,0,1.168751,0,0,0,0,7.796669,3.608272,1.168751,0,1.168751,7.712233,55.08727,0.05066442,0,0.9350005,0,4.777023
10/7/2007 8:00:00 AM,0.4022722,30.17883,-77.38338,58.25702,0.4146291,1.860855,0.9460218,0.9460218,0,0,0,0.9460218,196.7032,0,0,0,1.860855,0.9958124,0.9460218,0,0,6.627918,4.660148,0.865043,0,0.865043,8.532885,60.94905,0.05064413,1.040624,1.488684,0,6.521003
10/7/2007 9:00:00 AM,0.6795915,44.47794,-72.02197,43.40454,0.7025176,3.152899,1.100378,1.100378,0,-1,0,1.100378,286.5287,0,0,0,3.152899,1.158293,1.100378,0,0,5.762875,5.438687,1.994607,0,1.994607,10.42513,74.4651,0.05059739,1.210416,2.522319,0,8.591586
10/7/2007 10:00:00 AM,0.5374748,58.17593,-62.45182,28.66711,0.5423499,2.434066,1.534587,1.534587,0,0,0,1.534587,158.6138,0,0,0,2.434066,1.615355,1.534587,0,0,3.768268,7.233833,0.8187118,0,0.8187118,11.20183,80.01293,0.05057823,1.688046,1.947253,0,9.667899
10/7/2007 11:00:00 AM,0.6546115,69.99352,-41.01231,14.4122,0.6630337,2.975695,1.497738,1.497738,0,0,0,1.497738,198.6793,0,0,0,2.975695,1.576566,1.497738,0,0,2.949557,7.970673,1.399129,0,1.399129,12.52916,89.49384,0.05054552,1.647511,2.380556,0,10.94637
10/7/2007 12:00:00 PM,0.8620248,74.67678,7.349704,6.466991,0.8835098,3.965192,0.9121935,0.9121935,0,0,0,0.9121935,434.6876,1.454561,0,0,3.965192,0.9602037,0.9121935,0,0,1.550427,9.22989,1.550427,0,1.550427,14.00003,100,0.05050932,1.003413,3.172153,0,13.19508
10/7/2007 1:00:00 PM,0.8082882,67.27519,48.61049,18.00475,0.8282763,3.717304,1.005956,1.005956,0,0,0,1.005956,369.5295,2.658403,0,0,3.717304,1.058901,1.005956,0,0,0,10.62527,0,0,0,14.00003,100,0.05050932,1.106552,2.973843,0,14.34258
10/7/2007 2:00:00 PM,0.8804634,54.71442,65.6054,32.47608,0.9090968,4.080027,0.4433992,0.4433992,0,-1,0,0.4433992,920.1701,3.613291,0,0,4.080027,0.466736,0.4433992,0,0,0,10.62527,0,0,0,14.00003,100,0.05050932,0.4877391,3.264021,0,14.7053
10/7/2007 3:00:00 PM,0.6948398,40.79969,73.6785,47.25697,0.7207857,3.234886,0,0,0,0,0,0,0,3.234886,0,0,3.234886,0,0,0,0,0,10.62527,0,0,0,14.00003,100,0.05050932,0,2.587909,0,13.86016
10/7/2007 4:00:00 PM,0.4428761,26.41505,78.42873,62.12423,0.463837,2.0817,1.282912,1.282912,0,0,0,1.282912,162.2636,0.7312661,0,0,2.0817,1.350434,1.282912,0,0,0,10.62527,0,0,0,14.00003,100,0.05050932,1.411204,1.66536,0,12.70697
10/7/2007 5:00:00 PM,0.1758685,11.82112,81.6844,77.0242,0.1888462,0.8475419,0.7035856,0.7035856,0,0,0,0.7035856,120.4604,0.1069255,0,0,0.8475419,0.7406164,0.7035856,0,0,0,10.62527,0,0,0,14.00003,100,0.05050932,0.7739441,0.6780335,0,11.47282
10/7/2007 6:00:00 PM,0.006102995,0,84.19158,90,0,0,0,0,0,0,0,0,0,0,0,0,0,0,0,0,0,0,10.62527,0,0,0,14.00003,100,0.05050932,0,0,0,10.62527
10/7/2007 7:00:00 PM,0,0,86.3328,90,0,0,0.3358859,0.3358859,0,-1,0,0.3358859,0,0,5.551115E-17,0,0,0.3535641,0.3358859,0,0,0,10.62527,0,0.3535641,-0.3535641,13.62734,97.33794,0.05050932,0.3694744,0,0,10.62527
10/7/2007 8:00:00 PM,0,0,88.37551,90,0,0,0.4422555,0.4422555,0,-1,0,0.4422555,0,0,5.551115E-17,0,0,0.4655321,0.4422555,0,0,0.392849,10.27171,0,0.4655321,-0.4655321,13.13663,93.83285,0.05050932,0.486481,0,0,10.27171
10/7/2007 9:00:00 PM,0,0,90.63181,90,0,0,1.65528,1.65528,0,-1,0,1.65528,0,0,2.220446E-16,0,0,1.7424,1.65528,0,0,0.9101068,9.806178,0,1.7424,-1.7424,11.29997,80.71394,0.05050932,1.820808,0,0,9.806178
10/7/2007 10:00:00 PM,0,0,93.80984,90,0,0,0.3887882,0.3887882,0,-1,0,0.3887882,0,0,5.551115E-17,0,0,0.4092507,0.3887882,0,0,2.846107,8.063778,0,0.4092507,-0.4092507,10.86859,77.6326,0.05050932,0.427667,0,0,8.063778
10/7/2007 11:00:00 PM,0,0,101.4351,90,0,0,0.1978028,0.1978028,0,-1,0,0.1978028,0,0,0,0,0,0.2082134,0.1978028,0,0,3.30083,7.654527,0,0.2082134,-0.2082134,10.64911,76.06491,0.05050932,0.217583,0,0,7.654527
10/8/2007 12:00:00 AM,0,0,-140.5201,90,0,0,0.2561379,0.2561379,0,-1,0,0.2561379,0,0,5.551115E-17,0,0,0.2696188,0.2561379,0,0,3.532179,7.446313,0,0.2696188,-0.2696188,10.36491,74.0349,0.05050932,0.2817517,0,0,7.446313
10/8/2007 1:00:00 AM,0,0,-97.02608,90,0,0,0.1905374,0.1905374,0,-1,0,0.1905374,0,0,2.775558E-17,0,0,0.2005657,0.1905374,0,0,3.831755,7.176694,0,0.2005657,-0.2005657,10.15349,72.52479,0.05050932,0.2095912,0,0,7.176694
10/8/2007 2:00:00 AM,0,0,-92.06289,90,0,0,0.05026489,0.05026489,0,-1,0,0.05026489,0,0,6.938894E-18,0,0,0.05291042,0.05026489,0,0,4.054606,6.976129,0,0.05291042,-0.05291042,10.09772,72.12642,0.05050932,0.05529138,0,0,6.976129
10/8/2007 3:00:00 AM,0,0,-89.4568,90,0,0,0.1354021,0.1354021,0,-1,0,0.1354021,0,0,2.775558E-17,0,0,0.1425286,0.1354021,0,0,4.113395,6.923218,0,0.1425286,-0.1425286,9.94748,71.05329,0.05050932,0.1489424,0,0,6.923218
10/8/2007 4:00:00 AM,0,0,-87.39025,90,0,0,0.1440323,0.1440323,0,-1,0,0.1440323,0,0,2.775558E-17,0,0,0.151613,0.1440323,0,0,4.27176,6.78069,0,0.151613,-0.151613,9.787666,69.91176,0.05050932,0.1584355,0,0,6.78069
10/8/2007 5:00:00 AM,0,0,-85.38963,90,0,0,0.1375234,0.1375234,0,0,0,0.1375234,0,0,0,0,0,0.1447615,0.1375234,0,0,4.440219,6.629077,0,0.1447615,-0.1447615,9.635075,68.82182,0.05050932,0.1512758,0,0,6.629077
10/8/2007 6:00:00 AM,0.01601893,0.9566763,-83.19219,87.98875,0.01689771,0.07583693,0.09289856,0.09289856,0,0,0,0.09289856,81.63413,0,0,0,0.07583693,0.09778795,0.09289856,0,0,4.601065,6.484315,0,0.02195102,-0.02195102,9.611936,68.65655,0.05050932,0.1021884,0.06066954,0,6.560153
10/8/2007 7:00:00 AM,0.1486291,15.62258,-80.52074,73.09059,0.1507477,0.6765559,0.178064,0.178064,0,0,0,0.178064,379.9509,0,0,0,0.6765559,0.1874358,0.178064,0,0,4.625455,6.462364,0.4891201,0,0.4891201,10.07596,71.97097,0.05049792,0.1958704,0.5412447,0,7.13892
10/8/2007 8:00:00 AM,0.3943784,30.15413,-76.92696,58.21027,0.4064666,1.824222,1.35301,1.35301,0,0,0,1.35301,134.8269,0,0,0,1.824222,1.424221,1.35301,0,0,4.136335,6.902573,0.4000006,0,0.4000006,10.45543,74.68149,0.05048859,1.488311,1.459378,0,8.726794
10/8/2007 9:00:00 AM,0.6438943,44.41908,-71.47429,43.37714,0.6651543,2.985212,0.875708,0.875708,0,-1,0,0.875708,340.8913,0,0,0,2.985212,0.9217979,0.875708,0,0,3.736335,7.262573,2.063414,0,2.063414,12.41296,88.6638,0.05044053,0.9632788,2.38817,0,10.24779
10/8/2007 10:00:00 AM,0.7811299,58.05488,-61.73923,28.67416,0.8039234,3.608008,1.113317,1.113317,0,0,0,1.113317,324.0775,0.763176,0,0,3.608008,1.171912,1.113317,0,0,1.67292,9.119646,1.67292,0,1.67292,14.00003,100,0.05040164,1.224648,2.886407,0,12.72765
10/8/2007 11:00:00 AM,0.9311823,69.74471,-40.11948,14.51367,0.9589338,4.303695,0.406489,0.406489,0,0,0,0.406489,1058.748,3.875812,0,0,4.303695,0.4278831,0.406489,0,0,0,10.62527,0,0,0,14.00003,100,0.05040164,0.4471379,3.442956,0,14.92897
10/8/2007 12:00:00 PM,0.8975675,74.2821,7.437165,6.859722,0.9222472,4.139046,0.4126458,0.4126458,0,0,0,0.4126458,1003.05,3.704682,0,0,4.139046,0.434364,0.4126458,0,0,0,10.62527,0,0,0,14.00003,100,0.05040164,0.4539104,3.311236,0,14.76432
10/8/2007 1:00:00 PM,0.72965,66.96011,47.99621,18.20646,0.7446511,3.341994,0,0,0,0,0,0,0,3.341994,0,0,3.341994,0,0,0,0,0,10.62527,0,0,0,14.00003,100,0.05040164,0,2.673595,0,13.96727
10/8/2007 2:00:00 PM,0.7204989,54.48105,65.05447,32.61647,0.7408192,3.324796,0.1430926,0.1430926,0,-1,0,0.1430926,2323.527,3.174173,0,0,3.324796,0.1506238,0.1430926,0,0,0,10.62527,0,0,0,14.00003,100,0.05040164,0.1574019,2.659837,0,13.95007
10/8/2007 3:00:00 PM,0.4853068,40.61134,73.21992,47.37017,0.4959259,2.225716,0.9999189,0.9999189,0,0,0,0.9999189,222.5896,1.173169,0,0,2.225716,1.052546,0.9999189,0,0,0,10.62527,0,0,0,14.00003,100,0.05040164,1.099911,1.780573,0,12.85099
10/8/2007 4:00:00 PM,0.2017451,26.25352,78.02607,62.22058,0.2020133,0.9066358,0.4654572,0.4654572,0,0,0,0.4654572,194.7839,0.4166809,0,0,0.9066358,0.4899549,0.4654572,0,0,0,10.62527,0,0,0,14.00003,100,0.05040164,0.5120029,0.7253087,0,11.53191
10/8/2007 5:00:00 PM,0.1346526,11.6771,81.3083,77.10773,0.1401135,0.6288293,0.5128763,0.5128763,0,0,0,0.5128763,122.6084,0.08895954,0,0,0.6288293,0.5398697,0.5128763,0,0,0,10.62527,0,0,0,14.00003,100,0.05040164,0.5641639,0.5030634,0,11.2541
10/8/2007 6:00:00 PM,0.01123775,0,83.81837,90,0,0,0.3907835,0.3907835,0,0,0,0.3907835,0,0,5.551115E-17,0,0,0.411351,0.3907835,0,0,0,10.62527,0,0.411351,-0.411351,13.56643,96.90285,0.05040164,0.4298618,0,0,10.62527
10/8/2007 7:00:00 PM,0,0,85.93853,90,0,0,0.2128649,0.2128649,0,-1,0,0.2128649,0,0,2.775558E-17,0,0,0.2240684,0.2128649,0,0,0.4570567,10.21392,0,0.2240684,-0.2240684,13.33024,95.21579,0.05040164,0.2341514,0,0,10.21392
10/8/2007 8:00:00 PM,0,0,87.92812,90,0,0,0,0,0,-1,0,0,0,0,0,0,0,0,0,0,0,0.7060215,9.989855,0,0,0,13.33024,95.21579,0.05040164,0,0,0,9.989855
10/8/2007 9:00:00 PM,0,0,90.07453,90,0,0,0.328571,0.328571,0,-1,0,0.328571,0,0,5.551115E-17,0,0,0.3458642,0.328571,0,0,0.7060215,9.989855,0,0.3458642,-0.3458642,12.96566,92.6117,0.05040164,0.3614281,0,0,9.989855
10/8/2007 10:00:00 PM,0,0,93.0056,90,0,0,0.169248,0.169248,0,-1,0,0.169248,0,0,0,0,0,0.1781558,0.169248,0,0,1.090315,9.643991,0,0.1781558,-0.1781558,12.77787,91.27032,0.05040164,0.1861728,0,0,9.643991
10/8/2007 11:00:00 PM,0,0,99.83849,90,0,0,0.0964089,0.0964089,0,-1,0,0.0964089,0,0,1.387779E-17,0,0,0.101483,0.0964089,0,0,1.288266,9.465835,0,0.101483,-0.101483,12.6709,90.50624,0.05040164,0.1060498,0,0,9.465835
10/9/2007 12:00:00 AM,0,0,-134.6301,90,0,0,0.2861125,0.2861125,0,-1,0,0.2861125,0,0,0,0,0,0.3011711,0.2861125,0,0,1.401025,9.364351,0,0.3011711,-0.3011711,12.35344,88.23866,0.05040164,0.3147238,0,0,9.364351
10/9/2007 1:00:00 AM,0,0,-95.68571,90,0,0,0.103729,0.103729,0,-1,0,0.103729,0,0,1.387779E-17,0,0,0.1091885,0.103729,0,0,1.735659,9.063181,0,0.1091885,-0.1091885,12.23834,87.41656,0.05040164,0.1141019,0,0,9.063181
10/9/2007 2:00:00 AM,0,0,-91.31955,90,0,0,0.1653731,0.1653731,0,-1,0,0.1653731,0,0,2.775558E-17,0,0,0.1740769,0.1653731,0,0,1.85698,8.953992,0,0.1740769,-0.1740769,12.05485,86.10589,0.05040164,0.1819104,0,0,8.953992
10/9/2007 3:00:00 AM,0,0,-88.91778,90,0,0,0.04226922,0.04226922,0,-1,0,0.04226922,0,0,0,0,0,0.04449391,0.04226922,0,0,2.050399,8.779915,0,0.04449391,-0.04449391,12.00795,85.77089,0.05040164,0.04649614,0,0,8.779915
10/9/2007 4:00:00 AM,0,0,-86.94376,90,0,0,0.3864149,0.3864149,0,-1,0,0.3864149,0,0,5.551115E-17,0,0,0.4067525,0.3864149,0,0,2.099837,8.735421,0,0.4067525,-0.4067525,11.57919,82.70836,0.05040164,0.4250564,0,0,8.735421
10/9/2007 5:00:00 AM,0,0,-84.98539,90,0,0,0.1637432,0.1637432,0,0,0,0.1637432,0,0,0,0,0,0.1723613,0.1637432,0,0,2.551784,8.328669,0,0.1723613,-0.1723613,11.39751,81.41061,0.05040164,0.1801175,0,0,8.328669
10/9/2007 6:00:00 AM,0.02141985,0.9655999,-82.79916,87.91866,0.02573346,0.1154918,0.1245226,0.1245226,0,0,0,0.1245226,92.74763,0,0,0,0.1154918,0.1310764,0.1245226,0,0,2.743296,8.156307,0,0.01558466,-0.01558466,11.38108,81.29327,0.05040164,0.1369749,0.09239341,0,8.271799
10/9/2007 7:00:00 AM,0.197965,15.61664,-80.11262,73.03287,0.2068756,0.9284578,0.5559192,0.5559192,0,0,0,0.5559192,167.0131,0,0,0,0.9284578,0.5851781,0.5559192,0,0,2.760612,8.140723,0.3432797,0,0.3432797,11.70675,83.61944,0.05039367,0.6115111,0.7427663,0,9.06918
10/9/2007 8:00:00 AM,0.457831,30.1263,-76.47356,58.16716,0.4775088,2.143059,1.082659,1.082659,0,0,0,1.082659,197.9441,0,0,0,2.143059,1.139641,1.082659,0,0,2.417333,8.449675,1.003418,0,1.003418,12.65867,90.4189,0.05037038,1.190925,1.714447,0,10.59273
10/9/2007 9:00:00 AM,0.6408592,44.35628,-70.9313,43.35447,0.6627368,2.974363,1.058696,1.058696,0,-1,0,1.058696,280.9459,0.4460312,0,0,2.974363,1.114417,1.058696,0,0,1.413915,9.352751,1.413915,0,1.413915,14.00003,100,0.05033759,1.164566,2.37949,0,12.32711
10/9/2007 10:00:00 AM,0.7085853,57.92898,-61.03667,28.68782,0.7266612,3.261256,0.9045534,0.9045534,0,0,0,0.9045534,360.5376,2.309094,0,0,3.261256,0.9521615,0.9045534,0,0,0,10.62527,0,0,0,14.00003,100,0.05033759,0.9950088,2.609004,0,13.88653
10/9/2007 11:00:00 AM,0.7327685,69.49165,-39.25578,14.62589,0.7476493,3.35545,2.044015,2.044015,0,0,0,2.044015,164.1597,1.203855,0,0,3.35545,2.151595,2.044015,0,0,0,10.62527,0,0,0,14.00003,100,0.05033759,2.248417,2.68436,0,13.98072
10/9/2007 12:00:00 PM,0.6820081,73.88957,7.513776,7.250271,0.6920139,3.105758,0.7977507,0.7977507,0,0,0,0.7977507,389.3144,2.266021,0,0,3.105758,0.8397376,0.7977507,0,0,0,10.62527,0,0,0,14.00003,100,0.05033759,0.8775258,2.484607,0,13.73103
10/9/2007 1:00:00 PM,0.5741013,66.64558,47.39761,18.41157,0.5791489,2.599221,0,0,0,0,0,0,0,2.599221,0,0,2.599221,0,0,0,0,0,10.62527,0,0,0,14.00003,100,0.05033759,0,2.079376,0,13.22449
10/9/2007 2:00:00 PM,0.4938684,54.24796,64.5112,32.75811,0.4980509,2.235252,0,0,0,-1,0,0,0,2.235252,0,0,2.235252,0,0,0,0,0,10.62527,0,0,0,14.00003,100,0.05033759,0,1.788202,0,12.86053
10/9/2007 3:00:00 PM,0.446867,40.4238,72.76548,47.48334,0.4547253,2.040807,0,0,0,0,0,0,0,2.040807,0,0,2.040807,0,0,0,0,0,10.62527,0,0,0,14.00003,100,0.05033759,0,1.632646,0,12.66608
10/9/2007 4:00:00 PM,0.2918261,26.09339,77.62606,62.31605,0.2979636,1.337261,1.556534,1.556534,0,0,0,1.556534,85.91274,0,2.220446E-16,0,1.337261,1.638456,1.556534,0,0,0,10.62527,0,0.3011957,-0.3011957,13.68254,97.73223,0.05033759,1.712187,1.069809,0,11.96253
10/9/2007 5:00:00 PM,0.1547665,11.53503,80.93414,77.18967,0.1651461,0.7411759,1.038252,1.038252,0,0,0,1.038252,71.38692,0,0,0,0.7411759,1.092897,1.038252,0,0,0.3346619,10.32408,0,0.3517207,-0.3517207,13.31179,95.08405,0.05033759,1.142077,0.5929407,0,11.06525
10/9/2007 6:00:00 PM,0.005199437,0,83.44666,90,0,0,0,0,0,0,0,0,0,0,0,0,0,0,0,0,0,0.7254626,9.972358,0,0,0,13.31179,95.08405,0.05033759,0,0,0,9.972358
10/9/2007 7:00:00 PM,0,0,85.54545,90,0,0,0.3669245,0.3669245,0,-1,0,0.3669245,0,0,5.551115E-17,0,0,0.3862363,0.3669245,0,0,0.7254626,9.972358,0,0.3862363,-0.3862363,12.90466,92.17599,0.05033759,0.4036169,0,0,9.972358
10/9/2007 8:00:00 PM,0,0,87.48158,90,0,0,1.557027,1.557027,0,-1,0,1.557027,0,0,2.220446E-16,0,0,1.638976,1.557027,0,0,1.154614,9.586122,0,1.638976,-1.638976,11.17703,79.83578,0.05033759,1.71273,0,0,9.586122
10/9/2007 9:00:00 PM,0,0,89.51734,90,0,0,1.021854,1.021854,0,-1,0,1.021854,0,0,0,0,0,1.075636,1.021854,0,0,2.975699,7.947145,0,1.075636,-1.075636,10.04321,71.73709,0.05033759,1.124039,0,0,7.947145
10/9/2007 10:00:00 PM,0,0,92.19862,90,0,0,0.06998157,0.06998157,0,-1,0,0.06998157,0,0,0,0,0,0.07366481,0.06998157,0,0,4.170849,6.87151,0,0.07366481,-0.07366481,9.965564,71.18245,0.05033759,0.07697973,0,0,6.87151
10/9/2007 11:00:00 PM,0,0,98.21228,90,0,0,0.01168959,0.01168959,0,-1,0,0.01168959,0,0,1.734723E-18,0,0,0.01230484,0.01168959,0,0,4.252699,6.797845,0,0.01230484,-0.01230484,9.952593,71.08981,0.05033759,0.01285855,0,0,6.797845
10/10/2007 12:00:00 AM,0,0,-127.843,90,0,0,0.1044838,0.1044838,0,-1,0,0.1044838,0,0,1.387779E-17,0,0,0.109983,0.1044838,0,0,4.266371,6.78554,0,0.109983,-0.109983,9.83666,70.26172,0.05033759,0.1149322,0,0,6.78554
10/10/2007 1:00:00 AM,0,0,-94.35571,90,0,0,0.2153796,0.2153796,0,-1,0,0.2153796,0,0,2.775558E-17,0,0,0.2267153,0.2153796,0,0,4.388575,6.675557,0,0.2267153,-0.2267153,9.597682,68.55473,0.05033759,0.2369175,0,0,6.675557
10/10/2007 2:00:00 AM,0,0,-90.58178,90,0,0,0.2499496,0.2499496,0,-1,0,0.2499496,0,0,2.775558E-17,0,0,0.2631048,0.2499496,0,0,4.640481,6.448842,0,0.2631048,-0.2631048,9.320345,66.57376,0.05033759,0.2749445,0,0,6.448842
10/10/2007 3:00:00 AM,0,0,-88.38241,90,0,0,0.4147843,0.4147843,0,-1,0,0.4147843,0,0,5.551115E-17,0,0,0.436615,0.4147843,0,0,4.932819,6.185737,0,0.436615,-0.436615,8.860112,63.28639,0.05033759,0.4562627,0,0,6.185737
10/10/2007 4:00:00 AM,0,0,-86.50009,90,0,0,0.1562588,0.1562588,0,-1,0,0.1562588,0,0,0,0,0,0.164483,0.1562588,0,0,5.417947,5.749122,0,0.164483,-0.164483,8.686732,62.04796,0.05033759,0.1718847,0,0,5.749122
10/10/2007 5:00:00 AM,0,0,-84.58362,90,0,0,0.4922902,0.4922902,0,0,0,0.4922902,0,0,5.551115E-17,0,0,0.5182002,0.4922902,0,0,5.600706,5.584639,0,0.5182002,-0.5182002,8.140501,58.14632,0.05033759,0.5415192,0,0,5.584639
10/10/2007 6:00:00 AM,0.02093547,0.9726272,-82.40849,87.85087,0.02493771,0.1119205,0.1514898,0.1514898,0,0,0,0.1514898,73.87988,0,0,0,0.1119205,0.1594629,0.1514898,0,0,6.176484,5.066439,0,0.04754247,-0.04754247,8.090386,57.78836,0.05033759,0.1666388,0.08953637,0,5.178359
10/10/2007 7:00:00 AM,0.2328379,15.6082,-79.70708,72.97808,0.248748,1.116381,0.3071917,0.3071917,0,0,0,0.3071917,363.4151,0,0,0,1.116381,0.3233596,0.3071917,0,0,6.229309,5.018896,0.7930214,0,0.7930214,8.842713,63.16211,0.05031922,0.3379108,0.8931049,0,6.135277
10/10/2007 8:00:00 AM,0.4217834,30.0953,-76.02337,58.12774,0.4382209,1.966735,0.8707899,0.8707899,0,0,0,0.8707899,225.8565,0,0,0,1.966735,0.916621,0.8707899,0,0,5.436287,5.732615,1.050114,0,1.050114,9.838939,70.27799,0.05029492,0.9578689,1.573388,0,7.699351
10/10/2007 9:00:00 AM,0.4344164,44.28955,-70.39324,43.33656,0.4393107,1.971627,0,0,0,-1,0,0,0,0,0,0,1.971627,0,0,0,0,4.386173,6.677719,1.971627,0,1.971627,11.70939,83.63832,0.05024936,0,1.577301,0,8.649345
10/10/2007 10:00:00 AM,0.4258746,57.79835,-60.34451,28.70807,0.4266192,1.914667,0,0,0,0,0,0,0,0,0,0,1.914667,0,0,0,0,2.414546,8.452183,1.914667,0,1.914667,13.5258,96.61267,0.05020518,0,1.531734,0,10.36685
10/10/2007 11:00:00 AM,0.6579772,69.23466,-38.42087,14.74844,0.6678481,2.997302,0.7576796,0.7576796,0,0,0,0.7576796,395.5896,1.699865,0,0,2.997302,0.7975575,0.7576796,0,0,0.4998796,10.17538,0.4998796,0,0.4998796,14.00003,100,0.05019366,0.8334476,2.397842,0,13.17268
10/10/2007 12:00:00 PM,1.024385,73.49934,7.58008,7.638485,1.057827,4.747529,0.7081471,0.7081471,0,0,0,0.7081471,670.4156,4.002111,0,0,4.747529,0.745418,0.7081471,0,0,0,10.62527,0,0,0,14.00003,100,0.05019366,0.7789618,3.798023,0,15.3728
10/10/2007 1:00:00 PM,0.9102817,66.33186,46.81401,18.61968,0.9397293,4.217505,0.8167572,0.8167572,0,0,0,0.8167572,516.3719,3.357761,0,0,4.217505,0.8597444,0.8167572,0,0,0,10.62527,0,0,0,14.00003,100,0.05019366,0.898433,3.374004,0,14.84278
10/10/2007 2:00:00 PM,0.8939646,54.01534,63.97551,32.90082,0.9266126,4.158637,0.8184296,0.8184296,0,-1,0,0.8184296,508.124,3.297132,0,0,4.158637,0.8615049,0.8184296,0,0,0,10.62527,0,0,0,14.00003,100,0.05019366,0.9002726,3.32691,0,14.78391
10/10/2007 3:00:00 PM,0.6781578,40.23724,72.31522,47.59634,0.7066991,3.171666,0,0,0,0,0,0,0,3.171666,0,0,3.171666,0,0,0,0,0,10.62527,0,0,0,14.00003,100,0.05019366,0,2.537333,0,13.79694
10/10/2007 4:00:00 PM,0.3253292,25.93479,77.22878,62.41051,0.335792,1.507034,1.141133,1.141133,0,0,0,1.141133,132.0647,0.3058416,0,0,1.507034,1.201193,1.141133,0,0,0,10.62527,0,0,0,14.00003,100,0.05019366,1.255247,1.205628,0,12.13231
10/10/2007 5:00:00 PM,0.1355317,11.39504,80.56198,77.26994,0.1423909,0.6390505,0.08794897,0.08794897,0,0,0,0.08794897,726.6151,0.5464726,0,0,0.6390505,0.09257786,0.08794897,0,0,0,10.62527,0,0,0,14.00003,100,0.05019366,0.09674387,0.5112404,0,11.26433
10/10/2007 6:00:00 PM,0.007277489,0,83.07655,90,0,0,2.794958,2.794958,0,0,0,2.794958,0,0,4.440892E-16,0,0,2.942061,2.794958,0,0,0,10.62527,0,2.942061,-2.942061,10.89882,77.84858,0.05019366,3.074454,0,0,10.62527
10/10/2007 7:00:00 PM,0,0,85.15369,90,0,0,1.4071,1.4071,0,-1,0,1.4071,0,0,2.220446E-16,0,0,1.481158,1.4071,0,0,3.268957,7.683213,0,1.481158,-1.481158,9.337545,66.69662,0.05019366,1.54781,0,0,7.683213
10/10/2007 8:00:00 PM,0,0,87.03605,90,0,0,2.630588,2.630588,0,-1,0,2.630588,0,0,0,0,0,2.76904,2.630588,0,0,4.914688,6.202055,0,2.76904,-2.76904,6.418721,45.84792,0.05019366,2.893646,0,0,6.202055
10/10/2007 9:00:00 PM,0,0,88.96053,90,0,0,0.4146877,0.4146877,0,-1,0,0.4146877,0,0,5.551115E-17,0,0,0.4365133,0.4146877,0,0,7.991399,3.433015,0,0.4365133,-0.4365133,5.958596,42.56131,0.05019366,0.4561564,0,0,3.433015
10/10/2007 10:00:00 PM,0,0,91.38953,90,0,0,0,0,0,-1,0,0,0,0,0,0,0,0,0,0,0,8.476414,2.996502,0,0,0,5.958596,42.56131,0.05019366,0,0,0,2.996502
10/10/2007 11:00:00 PM,0,0,96.5594,90,0,0,0.3798743,0.3798743,0,-1,0,0.3798743,0,0,0,0,0,0.3998677,0.3798743,0,0,8.476414,2.996502,0,0.3998677,-0.3998677,5.537098,39.55062,0.05019366,0.4178617,0,0,2.996502
10/11/2007 12:00:00 AM,0,0,-120.1573,90,0,0,0.09109179,0.09109179,0,-1,0,0.09109179,0,0,0,0,0,0.09588609,0.09109179,0,0,8.920712,2.596634,0,0.09588609,-0.09588609,5.436026,38.82867,0.05019366,0.100201,0,0,2.596634
10/11/2007 1:00:00 AM,0,0,-93.03731,90,0,0,0.1595216,0.1595216,0,-1,0,0.1595216,0,0,2.775558E-17,0,0,0.1679175,0.1595216,0,0,9.027251,2.500748,0,0.1679175,-0.1679175,5.259025,37.56439,0.05019366,0.1754738,0,0,2.500748
10/11/2007 2:00:00 AM,0,0,-89.84985,90,0,0,0.01807078,0.01807078,0,-1,0,0.01807078,0,0,0,0,0,0.01902187,0.01807078,0,0,9.213826,2.33283,0,0.01902187,-0.01902187,5.238974,37.42117,0.05019366,0.01987786,0,0,2.33283
10/11/2007 3:00:00 AM,0,0,-87.85085,90,0,0,0.2164235,0.2164235,0,-1,0,0.2164235,0,0,2.775558E-17,0,0,0.2278142,0.2164235,0,0,9.234962,2.313809,0,0.2278142,-0.2278142,4.998837,35.70591,0.05019366,0.2380659,0,0,2.313809
10/11/2007 4:00:00 AM,0,0,-86.05937,90,0,0,0.1869844,0.1869844,0,-1,0,0.1869844,0,0,2.775558E-17,0,0,0.1968257,0.1869844,0,0,9.488089,2.085994,0,0.1968257,-0.1968257,4.791364,34.22396,0.05019366,0.2056828,0,0,2.085994
10/11/2007 5:00:00 AM,0,0,-84.18443,90,0,0,0.13001,0.13001,0,0,0,0.13001,0,0,2.775558E-17,0,0,0.1368526,0.13001,0,0,9.706784,1.889169,0,0.1368526,-0.1368526,4.647109,33.19357,0.05019366,0.143011,0,0,1.889169
10/11/2007 6:00:00 AM,0.01018325,0.9776941,-82.02033,87.78545,0.01038129,0.04659121,0.289093,0.289093,0,0,0,0.289093,16.11634,0,5.551115E-17,0,0.04659121,0.3043084,0.289093,0,0,9.858842,1.752316,0,0.2577172,-0.2577172,4.375451,31.25316,0.05019366,0.3180023,0.03727297,0,1.798907
10/11/2007 7:00:00 AM,0.08683741,15.5972,-79.30425,72.92629,0.08665138,0.3888914,0.007746427,0.007746427,0,0,0,0.007746427,5020.268,0,0,0,0.3888914,0.008154134,0.007746427,0,0,10.1452,1.494599,0.3807373,0,0.3807373,4.73665,33.83315,0.05018489,0.00852107,0.3111131,0,1.88349
10/11/2007 8:00:00 AM,0.06533189,30.06112,-75.57657,58.09206,0.06504837,0.2919371,1.738923,1.738923,1.25,0,0.50625,1.738923,16.78838,0,0,0,0.2919371,0.514656,0.4889232,0,0,9.764458,1.837263,0,0.2227189,-0.2227189,4.501884,32.15625,0.05018489,1.912815,0.2335497,5,2.1292
10/11/2007 9:00:00 AM,0.231124,44.21892,-69.86039,43.32342,0.2303359,1.033747,0.1538852,0.1538852,0,-1,0,0.1538852,671.7654,0,0,0,1.033747,0.1619844,0.1538852,0,0,10.01192,1.614544,0.8717629,0,0.8717629,5.328911,38.06357,0.05016483,0.1692737,0.8269979,0,2.648291
10/11/2007 10:00:00 AM,0.1537352,57.66311,-59.66308,28.73486,0.1530723,0.6869884,0,0,0,0,0,0,0,0,0,0,0.6869884,0,0,0,0,9.14016,2.39913,0.6869884,0,0.6869884,5.980645,42.71881,0.05014902,0,0.5495907,0,3.086119
10/11/2007 11:00:00 AM,0.2651013,68.97406,-37.61438,14.88092,0.2640513,1.185062,0.9330586,0.9330586,0,0,0,0.9330586,127.0083,0,0,0,1.185062,0.9821669,0.9330586,0,0,8.453172,3.01742,0.2028952,0,0.2028952,6.173129,44.09369,0.05014436,1.026364,0.9480497,0,4.202482
10/11/2007 12:00:00 PM,0.1170895,73.11154,7.63657,8.024219,0.1165559,0.5231028,0,0,0,0,0,0,0,0,0,0,0.5231028,0,0,0,0,8.250277,3.200026,0.5231028,0,0.5231028,6.669387,47.63839,0.05013233,0,0.4184822,0,3.723128
10/11/2007 1:00:00 PM,0.2220058,66.01915,46.24479,18.83043,0.2210933,0.9922668,0.2004268,0.2004268,0,0,0,0.2004268,495.0769,0,0,0,0.9922668,0.2109756,0.2004268,0,0,7.727173,3.670818,0.7812912,0,0.7812912,7.410585,52.93265,0.05011438,0.2204695,0.7938134,0,4.663085
10/11/2007 2:00:00 PM,0.2152895,53.7834,63.44733,33.04439,0.2144385,0.9624,0,0,0,-1,0,0,0,0,0,0,0.9624,0,0,0,0,6.945882,4.37398,0.9624,0,0.9624,8.323598,59.45415,0.05009229,0,0.76992,0,5.33638
10/11/2007 3:00:00 PM,0.1450447,40.05181,71.86916,47.70903,0.1444633,0.6483514,0.1103834,0.1103834,0,0,0,0.1103834,587.3633,0,0,0,0.6483514,0.116193,0.1103834,0,0,5.983482,5.24014,0.5321584,0,0.5321584,8.828448,63.06021,0.05008008,0.1214217,0.5186811,0,5.888492
10/11/2007 4:00:00 PM,0.1721196,25.77786,76.83429,62.50384,0.1719419,0.7716751,1.242045,1.242045,0,0,0,1.242045,62.1294,0,0,0,0.7716751,1.307416,1.242045,0,0,5.451324,5.719083,0,0.5357407,-0.5357407,8.263728,59.02651,0.05008008,1.366249,0.6173401,0,6.490758
10/11/2007 5:00:00 PM,0.100455,11.25724,80.19193,77.34843,0.1021307,0.4583624,0.9035193,0.9035193,0,0,0,0.9035193,50.73078,0,1.110223E-16,0,0.4583624,0.9510729,0.9035193,0,0,6.046591,5.183342,0,0.4927105,-0.4927105,7.744365,55.31678,0.05008008,0.9938712,0.3666899,0,5.641705
10/11/2007 6:00:00 PM,0.006089542,0,82.70815,90,0,0,0,0,0,0,0,0,0,0,0,0,0,0,0,0,0,6.594048,4.690631,0,0,0,7.744365,55.31678,0.05008008,0,0,0,4.690631
10/11/2007 7:00:00 PM,0,0,84.76337,90,0,0,0.5202683,0.5202683,0,-1,0,0.5202683,0,0,0,0,0,0.5476508,0.5202683,0,0,6.594048,4.690631,0,0.5476508,-0.5476508,7.16709,51.1934,0.05008008,0.5722951,0,0,4.690631
10/11/2007 8:00:00 PM,0,0,86.59171,90,0,0,2.607571,2.607571,0,-1,0,2.607571,0,0,4.440892E-16,0,0,2.744812,2.607571,0,0,7.202549,4.142981,0,2.744812,-2.744812,4.273805,30.52712,0.05008008,2.868328,0,0,4.142981
10/11/2007 9:00:00 PM,0,0,88.4044,90,0,0,1.638817,1.328261,0,-1,0,1.328261,0,0,0.3105564,0.4744381,0,1.398169,1.328261,0,0,10.25234,1.398169,0,1.398169,-1.398169,2.800006,20,0.05008008,1.802699,0,0,1.398169
10/11/2007 10:00:00 PM,0,0,90.57898,90,0,0,0.1823103,0,0,-1,0,0,0,0,0.1823103,0.2005413,0,0,0,0,0,11.80586,0,0,0,0,2.800006,20,0.05008008,0.2005413,0,0,0
10/11/2007 11:00:00 PM,0,0,94.88312,90,0,0,0.2325996,0,0,-1,0,0,0,0,0.2325996,0.2558596,0,0,0,0,0,11.80586,0,0,0,0,2.800006,20,0.05008008,0.2558596,0,0,0
10/12/2007 12:00:00 AM,0,0,-111.6921,90,0,0,0.486251,0,0,-1,0,0,0,0,0.486251,0.5348761,0,0,0,0,0,11.80586,0,0,0,0,2.800006,20,0.05008008,0.5348761,0,0,0
10/12/2007 1:00:00 AM,0,0,-91.7317,90,0,0,0.2717385,0,0,-1,0,0,0,0,0.2717385,0.2989123,0,0,0,0,0,11.80586,0,0,0,0,2.800006,20,0.05008008,0.2989123,0,0,0
10/12/2007 2:00:00 AM,0,0,-89.12399,90,0,0,0.3297097,0,0,-1,0,0,0,0,0.3297097,0.3626807,0,0,0,0,0,11.80586,0,0,0,0,2.800006,20,0.05008008,0.3626807,0,0,0
10/12/2007 3:00:00 AM,0,0,-87.32327,90,0,0,0.382378,0,0,-1,0,0,0,0,0.382378,0.4206158,0,0,0,0,0,11.80586,0,0,0,0,2.800006,20,0.05008008,0.4206158,0,0,0
10/12/2007 4:00:00 AM,0,0,-85.62173,90,0,0,0.3044174,0,0,-1,0,0,0,0,0.3044174,0.3348591,0,0,0,0,0,11.80586,0,0,0,0,2.800006,20,0.05008008,0.3348591,0,0,0
10/12/2007 5:00:00 AM,0,0,-83.78793,90,0,0,0.366837,0.366837,3.8721,0,1.222083,0.366837,0,4.440892E-16,0,0,0,0,0,3.505263,3.33,11.80586,0,3.33,0,3.33,5.959121,42.56506,0.05036752,0.4035206,0,5,0
10/12/2007 6:00:00 AM,0.01361951,0.9807398,-81.6348,87.7225,0.01409216,0.06324563,0.2276175,0.2276175,3.732881,0,1.184076,0.2276175,27.78592,4.440892E-16,0,0,0.06324563,0,0,3.505263,3.33,8.475861,2.997,3.393246,0,3.393246,9.178236,65.5587,0.05063334,0.2503793,0.0505965,5,3.060246
10/12/2007 7:00:00 AM,0.1110114,15.58361,-78.90429,72.87757,0.1112366,0.4992297,0.8034373,0.8034373,4.308701,0,1.341275,0.8034373,62.13674,4.440892E-16,0,0,0.4992297,0,0,3.505263,3.33,5.082614,6.050921,3.82923,0,3.82923,12.81096,91.50669,0.05096783,0.883781,0.3993838,5,6.550151
10/12/2007 8:00:00 AM,0.1808003,30.02376,-75.13335,58.06017,0.180372,0.8095096,0.00639372,0.00639372,0,0,0,0.00639372,12661.01,0,0,0,0.8095096,0.006730232,0.00639372,0,0,1.253385,9.497228,0.8027794,0,0.8027794,13.57255,96.94656,0.05094919,0.007033092,0.6476077,0,10.30674
10/12/2007 9:00:00 AM,0.3987588,44.14442,-69.33298,43.31507,0.4019332,1.803876,0.9192853,0.9192853,0,-1,0,0.9192853,196.2259,0.3856021,0,0,1.803876,0.9676688,0.9192853,0,0,0.4506055,10.21973,0.4506055,0,0.4506055,14.00003,100,0.05093874,1.011214,1.443101,0,12.02361
10/12/2007 10:00:00 AM,0.52745,57.52338,-58.9927,28.76811,0.5330479,2.392319,1.208261,1.208261,0,0,0,1.208261,197.9969,1.120465,0,0,2.392319,1.271854,1.208261,0,0,0,10.62527,0,0,0,14.00003,100,0.05093874,1.329087,1.913855,0,13.01759
10/12/2007 11:00:00 AM,0.5761085,68.71016,-36.83587,15.02286,0.5814248,2.609435,0,0,0,0,0,0,0,2.609435,0,0,2.609435,0,0,0,0,0,10.62527,0,0,0,14.00003,100,0.05093874,0,2.087548,0,13.23471
10/12/2007 12:00:00 PM,0.887736,72.72631,7.6837,8.407329,0.9154534,4.108555,0,0,0,0,0,0,0,4.108555,0,0,4.108555,0,0,0,0,0,10.62527,0,0,0,14.00003,100,0.05093874,0,3.286844,0,14.73383
10/12/2007 1:00:00 PM,0.6890754,65.70769,45.68932,19.04346,0.7033224,3.156511,1.604536,1.604536,0,0,0,1.604536,196.7242,1.467526,0,0,3.156511,1.688985,1.604536,0,0,0,10.62527,0,0,0,14.00003,100,0.05093874,1.764989,2.525208,0,13.78179
10/12/2007 2:00:00 PM,0.3092401,53.55231,62.92654,33.18863,0.3084557,1.384349,0.5491098,0.5491098,0,-1,0,0.5491098,252.1079,0.8063387,0,0,1.384349,0.5780103,0.5491098,0,0,0,10.62527,0,0,0,14.00003,100,0.05093874,0.6040208,1.107479,0,12.00962
10/12/2007 3:00:00 PM,0.363576,39.86766,71.42733,47.82126,0.3665591,1.645117,0,0,0,0,0,0,0,1.645117,0,0,1.645117,0,0,0,0,0,10.62527,0,0,0,14.00003,100,0.05093874,0,1.316094,0,12.27039
10/12/2007 4:00:00 PM,0.2388083,25.62273,76.44265,62.59592,0.2413588,1.083218,0,0,0,0,0,0,0,1.083218,0,0,1.083218,0,0,0,0,0,10.62527,0,0,0,14.00003,100,0.05093874,0,0.8665745,0,11.70849
10/12/2007 5:00:00 PM,0.1607584,11.12175,79.82404,77.42503,0.1757318,0.7886843,0.4769201,0.4769201,0,0,0,0.4769201,165.3703,0.2866632,0,0,0.7886843,0.5020211,0.4769201,0,0,0,10.62527,0,0,0,14.00003,100,0.05093874,0.5246121,0.6309474,0,11.41396
10/12/2007 6:00:00 PM,0.007839244,0,82.34156,90,0,0,0.7524889,0.7524889,0,0,0,0.7524889,0,0,1.110223E-16,0,0,0.7920936,0.7524889,0,0,0,10.62527,0,0.7920936,-0.7920936,13.16509,94.03616,0.05093874,0.8277378,0,0,10.62527
10/12/2007 7:00:00 PM,0,0,84.37463,90,0,0,2.26308,2.26308,0,-1,0,2.26308,0,0,4.440892E-16,0,0,2.38219,2.26308,0,0,0.880104,9.83318,0,2.38219,-2.38219,10.65404,76.10013,0.05093874,2.489388,0,0,9.83318
10/12/2007 8:00:00 PM,0,0,86.14875,90,0,0,0.4353548,0.4353548,0,-1,0,0.4353548,0,0,5.551115E-17,0,0,0.4582682,0.4353548,0,0,3.526982,7.450991,0,0.4582682,-0.4582682,10.17098,72.64973,0.05093874,0.4788902,0,0,7.450991
10/12/2007 9:00:00 PM,0,0,87.84924,90,0,0,0,0,0,-1,0,0,0,0,0,0,0,0,0,0,0,4.036169,6.992723,0,0,0,10.17098,72.64973,0.05093874,0,0,0,6.992723
10/12/2007 10:00:00 PM,0,0,89.76765,90,0,0,0.3221844,0.3221844,0,-1,0,0.3221844,0,0,5.551115E-17,0,0,0.3391415,0.3221844,0,0,4.036169,6.992723,0,0.3391415,-0.3391415,9.813496,70.09626,0.05093874,0.3544029,0,0,6.992723
10/12/2007 11:00:00 PM,0,0,93.18703,90,0,0,0.1664813,0.1664813,0,-1,0,0.1664813,0,0,2.775558E-17,0,0,0.1752435,0.1664813,0,0,4.412992,6.653581,0,0.1752435,-0.1752435,9.628773,68.77681,0.05093874,0.1831295,0,0,6.653581
10/13/2007 12:00:00 AM,0,0,-102.7166,90,0,0,0.1471166,0.1471166,0,-1,0,0.1471166,0,0,0,0,0,0.1548596,0.1471166,0,0,4.607708,6.478337,0,0.1548596,-0.1548596,9.465536,67.61084,0.05093874,0.1618282,0,0,6.478337
10/13/2007 1:00:00 AM,0,0,-90.43995,90,0,0,0.2396321,0.2396321,0,-1,0,0.2396321,0,0,2.775558E-17,0,0,0.2522443,0.2396321,0,0,4.779774,6.323478,0,0.2522443,-0.2522443,9.199648,65.71164,0.05093874,0.2635953,0,0,6.323478
10/13/2007 2:00:00 AM,0,0,-88.40446,90,0,0,0.195057,0.195057,0,-1,0,0.195057,0,0,2.775558E-17,0,0,0.2053232,0.195057,0,0,5.060045,6.071234,0,0.2053232,-0.2053232,8.983218,64.16572,0.05093874,0.2145627,0,0,6.071234
10/13/2007 3:00:00 AM,0,0,-86.79977,90,0,0,0.1080223,0.1080223,0,-1,0,0.1080223,0,0,0,0,0,0.1137076,0.1080223,0,0,5.288182,5.865911,0,0.1137076,-0.1137076,8.863359,63.30959,0.05093874,0.1188245,0,0,5.865911
10/13/2007 4:00:00 AM,0,0,-85.18729,90,0,0,0,0,0,-1,0,0,0,0,0,0,0,0,0,0,0,5.414524,5.752203,0,0,0,8.863359,63.30959,0.05093874,0,0,0,5.752203
10/13/2007 5:00:00 AM,0,0,-83.39425,90,0,0,0.2386866,0.2386866,0,0,0,0.2386866,0,0,0,0,0,0.251249,0.2386866,0,0,5.414524,5.752203,0,0.251249,-0.251249,8.59852,61.41788,0.05093874,0.2625552,0,0,5.752203
10/13/2007 6:00:00 AM,0.03380242,0.9817064,-81.25202,87.66209,0.06681074,0.2998466,0.05158902,0.05158902,0,0,0,0.05158902,581.2217,0,0,0,0.2998466,0.05430423,0.05158902,0,0,5.693689,5.500954,0.2455424,0,0.2455424,8.831462,63.08175,0.05093304,0.05674792,0.2398773,0,5.8008
10/13/2007 7:00:00 AM,0.2698752,15.5674,-78.50733,72.83197,0.2948154,1.323131,0.6311021,0.6311021,0,0,0,0.6311021,209.6541,0,0,0,1.323131,0.664318,0.6311021,0,0,5.448147,5.721942,0.6588133,0,0.6588133,9.456467,67.54606,0.05091776,0.6942123,1.058505,0,7.045073
10/13/2007 8:00:00 AM,0.5119936,29.98318,-74.6939,58.03211,0.5406262,2.426331,0.7951456,0.7951456,0,0,0,0.7951456,305.1429,0,0,0,2.426331,0.8369954,0.7951456,0,0,4.789334,6.314874,1.589335,0,1.589335,10.96424,78.31586,0.05088094,0.8746602,1.941064,0,8.741204
10/13/2007 9:00:00 AM,0.7888402,44.06609,-68.81127,43.31152,0.8241866,3.698949,1.084188,1.084188,0,-1,0,1.084188,341.1723,0,0,0,3.698949,1.14125,1.084188,0,0,3.199999,7.745275,2.557699,0,2.557699,13.39069,95.64759,0.0508218,1.192607,2.95916,0,11.44423
10/13/2007 10:00:00 AM,0.8150221,57.37931,-58.33366,28.80776,0.8448353,3.791621,0,0,0,0,0,0,0,3.149321,0,0,3.791621,0,0,0,0,0.6422997,10.0472,0.6422997,0,0.6422997,14.00003,100,0.05080697,0,3.033297,0,13.83883
10/13/2007 11:00:00 AM,0.9983994,68.44325,-36.08489,15.17382,1.034803,4.644197,1.768112,1.768112,0,0,0,1.768112,262.6642,2.783026,0,0,4.644197,1.861171,1.768112,0,0,0,10.62527,0,0,0,14.00003,100,0.05080697,1.944923,3.715358,0,15.26947
10/13/2007 12:00:00 PM,1.03632,72.34376,7.721882,8.787682,1.073601,4.818321,0.3196995,0.3196995,0,0,0,0.3196995,1507.141,4.481795,0,0,4.818321,0.3365258,0.3196995,0,0,0,10.62527,0,0,0,14.00003,100,0.05080697,0.3516695,3.854657,0,15.44359
10/13/2007 1:00:00 PM,0.9654332,65.39767,45.14703,19.25841,1.001058,4.492749,1.115831,1.115831,0,0,0,1.115831,402.6371,3.318191,0,0,4.492749,1.174559,1.115831,0,0,0,10.62527,0,0,0,14.00003,100,0.05080697,1.227414,3.594199,0,15.11802
10/13/2007 2:00:00 PM,0.7306281,53.32227,62.41308,33.33333,0.7563033,3.394289,1.449283,1.449283,0,-1,0,1.449283,234.2048,1.868728,0,0,3.394289,1.52556,1.449283,0,0,0,10.62527,0,0,0,14.00003,100,0.05080697,1.594211,2.715431,0,14.01956
10/13/2007 3:00:00 PM,0.6152142,39.68495,70.98976,47.93288,0.6424705,2.883408,0.7105643,0.7105643,0,0,0,0.7105643,405.7913,2.135446,0,0,2.883408,0.7479624,0.7105643,0,0,0,10.62527,0,0,0,14.00003,100,0.05080697,0.7816207,2.306726,0,13.50868
10/13/2007 4:00:00 PM,0.4210621,25.46952,76.05393,62.68664,0.4467539,2.005032,0.673063,0.673063,0,0,0,0.673063,297.8966,1.296544,0,0,2.005032,0.7084874,0.673063,0,0,0,10.62527,0,0,0,14.00003,100,0.05080697,0.7403693,1.604025,0,12.63031
10/13/2007 5:00:00 PM,0.1502102,10.98867,79.45842,77.49967,0.1632731,0.7327698,2.332638,2.332638,0,0,0,2.332638,31.41379,0,0,0,0.7327698,2.455408,2.332638,0,0,0,10.62527,0,1.722638,-1.722638,12.18421,87.02988,0.05080697,2.565901,0.5862158,0,11.35804
10/13/2007 6:00:00 PM,0.004911312,0,81.97688,90,0,0,1.232896,1.232896,0,0,0,1.232896,0,0,2.220446E-16,0,0,1.297785,1.232896,0,0,1.914042,8.902637,0,1.297785,-1.297785,10.81622,77.25858,0.05080697,1.356186,0,0,8.902637
10/13/2007 7:00:00 PM,0,0,83.9876,90,0,0,0.6170263,0.6170263,0,-1,0,0.6170263,0,0,0,0,0,0.6495013,0.6170263,0,0,3.356026,7.604851,0,0.6495013,-0.6495013,10.13159,72.36834,0.05080697,0.6787289,0,0,7.604851
10/13/2007 8:00:00 PM,0,0,85.70734,90,0,0,2.743548,2.743548,0,-1,0,2.743548,0,0,4.440892E-16,0,0,2.887945,2.743548,0,0,4.077694,6.955349,0,2.887945,-2.887945,7.087426,50.62437,0.05080697,3.017903,0,0,6.955349
10/13/2007 9:00:00 PM,0,0,87.29533,90,0,0,0,0,0,-1,0,0,0,0,0,0,0,0,0,0,0,7.286522,4.067404,0,0,0,7.087426,50.62437,0.05080697,0,0,0,4.067404
10/13/2007 10:00:00 PM,0,0,88.95622,90,0,0,0.1189959,0.1189959,0,-1,0,0.1189959,0,0,0,0,0,0.1252589,0.1189959,0,0,7.286522,4.067404,0,0.1252589,-0.1252589,6.955392,49.68127,0.05080697,0.1308955,0,0,4.067404
10/13/2007 11:00:00 PM,0,0,91.47503,90,0,0,0.303863,0.303863,0,-1,0,0.303863,0,0,0,0,0,0.3198557,0.303863,0,0,7.425699,3.942145,0,0.3198557,-0.3198557,6.618234,47.27301,0.05080697,0.3342493,0,0,3.942145
10/14/2007 12:00:00 AM,0,0,-93.62267,90,0,0,0.1911148,0.1911148,0,-1,0,0.1911148,0,0,2.775558E-17,0,0,0.2011735,0.1911148,0,0,7.781094,3.62229,0,0.2011735,-0.2011735,6.406178,45.75833,0.05080697,0.2102263,0,0,3.62229
10/14/2007 1:00:00 AM,0,0,-89.16306,90,0,0,0.0986194,0.0986194,0,-1,0,0.0986194,0,0,0,0,0,0.1038099,0.0986194,0,0,8.00462,3.421116,0,0.1038099,-0.1038099,6.296753,44.97672,0.05080697,0.1084813,0,0,3.421116
10/14/2007 2:00:00 AM,0,0,-87.69149,90,0,0,0.2410268,0.2410268,0,-1,0,0.2410268,0,0,5.551115E-17,0,0,0.2537124,0.2410268,0,0,8.119965,3.317306,0,0.2537124,-0.2537124,6.029317,43.06646,0.05080697,0.2651295,0,0,3.317306
10/14/2007 3:00:00 AM,0,0,-86.28053,90,0,0,0.3157606,0.3157606,0,-1,0,0.3157606,0,0,0,0,0,0.3323796,0.3157606,0,0,8.401867,3.063594,0,0.3323796,-0.3323796,5.678958,40.56391,0.05080697,0.3473367,0,0,3.063594
10/14/2007 4:00:00 AM,0,0,-84.75615,90,0,0,0.2063351,0.2063351,0,-1,0,0.2063351,0,0,0,0,0,0.2171948,0.2063351,0,0,8.771177,2.731214,0,0.2171948,-0.2171948,5.450015,38.9286,0.05080697,0.2269686,0,0,2.731214
10/14/2007 5:00:00 AM,0,0,-83.00349,90,0,0,0.2637137,0.2637137,0,0,0,0.2637137,0,0,5.551115E-17,0,0,0.2775934,0.2637137,0,0,9.012506,2.514019,0,0.2775934,-0.2775934,5.157406,36.83854,0.05080697,0.2900851,0,0,2.514019
10/14/2007 6:00:00 AM,0.02945886,0.9805395,-80.87212,87.60428,0.051247,0.2299965,0.2537485,0.2537485,0,0,0,0.2537485,90.63954,0,5.551115E-17,0,0.2299965,0.2671037,0.2537485,0,0,9.320942,2.236426,0,0.0371072,-0.0371072,5.118291,36.55915,0.05080697,0.2791234,0.1839972,0,2.466423
10/14/2007 7:00:00 AM,0.2019635,15.54852,-78.11353,72.78956,0.2139383,0.9601549,0,0,0,0,0,0,0,0,0,0,0.9601549,0,0,0,0,9.362172,2.199319,0.9601549,0,0.9601549,6.029174,43.06544,0.05078482,0,0.7681239,0,3.159474
10/14/2007 8:00:00 AM,0.2680967,29.9394,-74.25839,58.0079,0.2703834,1.21348,0.1944239,0.1944239,0,0,0,0.1944239,624.1416,0,0,0,1.21348,0.2046567,0.1944239,0,0,8.402018,3.063458,1.008824,0,1.008824,6.986228,49.90153,0.05076156,0.2138663,0.9707844,0,4.276939
10/14/2007 9:00:00 AM,0.3333993,43.98397,-68.29549,43.31275,0.3340522,1.499226,0,0,0,-1,0,0,0,0,0,0,1.499226,0,0,0,0,7.393194,3.9714,1.499226,0,1.499226,8.408519,60.06073,0.05072704,0,1.199381,0,5.470626
10/14/2007 10:00:00 AM,0.4857352,57.23103,-57.68625,28.85373,0.4893948,2.196404,0.8919859,0.8919859,0,0,0,0.8919859,246.2375,0,0,0,2.196404,0.9389325,0.8919859,0,0,5.893968,5.320703,1.257471,0,1.257471,9.601461,68.58173,0.05069812,0.9811845,1.757123,0,7.517107
10/14/2007 11:00:00 AM,0.3378711,68.17364,-35.36096,15.33332,0.3368386,1.511732,1.195377,1.195377,0,0,0,1.195377,126.4649,0,0,0,1.511732,1.258291,1.195377,0,0,4.636497,6.452427,0.2534404,0,0.2534404,9.841896,70.29912,0.05069229,1.314915,1.209386,0,7.964159
10/14/2007 12:00:00 PM,0.3399516,71.96402,7.751501,9.165146,0.3388654,1.520828,0,0,0,0,0,0,0,0,0,0,1.520828,0,0,0,0,4.383056,6.680524,1.520828,0,1.520828,11.28468,80.6047,0.05065737,0,1.216662,0,8.201351
10/14/2007 1:00:00 PM,0.3555754,65.08932,44.61733,19.47495,0.3547219,1.591992,0.5484712,0.5484712,0,0,0,0.5484712,290.2599,0,0,0,1.591992,0.5773381,0.5484712,0,0,2.862228,8.049269,1.014654,0,1.014654,12.24726,87.48029,0.0506341,0.6033183,1.273594,0,9.641261
10/14/2007 2:00:00 PM,0.4560456,53.09346,61.90684,33.4783,0.4593951,2.061765,0.9131576,0.9131576,0,-1,0,0.9131576,225.7842,0,0,0,2.061765,0.9612185,0.9131576,0,0,1.847574,8.962458,1.100547,0,1.100547,13.29134,94.93792,0.05060888,1.004473,1.649412,0,11.02422
10/14/2007 3:00:00 PM,0.4164104,39.50382,70.55647,48.04376,0.4237732,1.901894,0.3343092,0.3343092,0,0,0,0.3343092,568.9027,0.8029621,0,0,1.901894,0.3519044,0.3343092,0,0,0.7470275,9.95295,0.7470275,0,0.7470275,14.00003,100,0.05059178,0.3677401,1.521515,0,11.85484
10/14/2007 4:00:00 PM,0.1678692,25.31836,75.66819,62.77588,0.1677439,0.7528344,0,0,0,0,0,0,0,0.7528344,0,0,0.7528344,0,0,0,0,0,10.62527,0,0,0,14.00003,100,0.05059178,0,0.6022676,0,11.37811
10/14/2007 5:00:00 PM,0.04948426,10.85811,79.09513,77.57224,0.04939252,0.2216736,0,0,0,0,0,0,0,0.2216736,0,0,0.2216736,0,0,0,0,0,10.62527,0,0,0,14.00003,100,0.05059178,0,0.1773389,0,10.84695
10/14/2007 6:00:00 PM,0.005413962,0,81.6142,90,0,0,1.730228,1.730228,0,0,0,1.730228,0,0,2.220446E-16,0,0,1.821292,1.730228,0,0,0,10.62527,0,1.821292,-1.821292,12.08022,86.28709,0.05059178,1.90325,0,0,10.62527
10/14/2007 7:00:00 PM,0,0,83.60241,90,0,0,1.848249,1.848249,0,-1,0,1.848249,0,0,2.220446E-16,0,0,1.945526,1.848249,0,0,2.023658,8.803982,0,1.945526,-1.945526,10.02945,71.63881,0.05059178,2.033074,0,0,8.803982
10/14/2007 8:00:00 PM,0,0,85.26767,90,0,0,0,0,0,-1,0,0,0,0,0,0,0,0,0,0,0,4.185353,6.858457,0,0,0,10.02945,71.63881,0.05059178,0,0,0,6.858457
10/14/2007 9:00:00 PM,0,0,86.74302,90,0,0,0,0,0,-1,0,0,0,0,0,0,0,0,0,0,0,4.185353,6.858457,0,0,0,10.02945,71.63881,0.05059178,0,0,0,6.858457
10/14/2007 10:00:00 PM,0,0,88.14542,90,0,0,0.367112,0.367112,0,-1,0,0.367112,0,0,0,0,0,0.3864337,0.367112,0,0,4.185353,6.858457,0,0.3864337,-0.3864337,9.622116,68.72926,0.05059178,0.4038232,0,0,6.858457
10/14/2007 11:00:00 PM,0,0,89.7513,90,0,0,0.3458848,0.3458848,0,-1,0,0.3458848,0,0,0,0,0,0.3640893,0.3458848,0,0,4.614724,6.472023,0,0.3640893,-0.3640893,9.238333,65.98796,0.05059178,0.3804733,0,0,6.472023
10/15/2007 12:00:00 AM,0,0,-84.83295,90,0,0,0.1045577,0.1045577,0,-1,0,0.1045577,0,0,1.387779E-17,0,0,0.1100608,0.1045577,0,0,5.019268,6.107934,0,0.1100608,-0.1100608,9.122318,65.15929,0.05059178,0.1150135,0,0,6.107934
10/15/2007 1:00:00 AM,0,0,-87.90193,90,0,0,0.06354732,0.06354732,0,-1,0,0.06354732,0,0,1.387779E-17,0,0,0.06689192,0.06354732,0,0,5.141557,5.997873,0,0.06689192,-0.06689192,9.051808,64.65565,0.05059178,0.06990205,0,0,5.997873
10/15/2007 2:00:00 AM,0,0,-86.98527,90,0,0,0.4187041,0.4187041,0,-1,0,0.4187041,0,0,0,0,0,0.4407412,0.4187041,0,0,5.215881,5.930981,0,0.4407412,-0.4407412,8.587226,61.33721,0.05059178,0.4605745,0,0,5.930981
10/15/2007 3:00:00 AM,0,0,-85.76566,90,0,0,0.002402622,0.002402622,0,-1,0,0.002402622,0,0,4.336809E-19,0,0,0.002529076,0.002402622,0,0,5.705594,5.49024,0,0.002529076,-0.002529076,8.58456,61.31816,0.05059178,0.002642885,0,0,5.49024
10/15/2007 4:00:00 AM,0,0,-84.32844,90,0,0,0.04986247,0.04986247,0,-1,0,0.04986247,0,0,6.938894E-18,0,0,0.05248681,0.04986247,0,0,5.708404,5.48771,0,0.05248681,-0.05248681,8.529235,60.92298,0.05059178,0.05484872,0,0,5.48771
10/15/2007 5:00:00 AM,0,0,-82.61578,90,0,0,0.1603934,0.1603934,0,0,0,0.1603934,0,0,2.775558E-17,0,0,0.1688352,0.1603934,0,0,5.766723,5.435224,0,0.1688352,-0.1688352,8.351267,59.65178,0.05059178,0.1764328,0,0,5.435224
10/15/2007 6:00:00 AM,0.01988419,0.9771876,-80.49522,87.54916,0.02373198,0.1065091,0.2528528,0.2528528,0,0,0,0.2528528,42.12298,0,0,0,0.1065091,0.2661608,0.2528528,0,0,5.954318,5.266388,0,0.1596517,-0.1596517,8.182979,58.44973,0.05059178,0.2781381,0.08520731,0,5.372898
10/15/2007 7:00:00 AM,0.1208939,15.52695,-77.72302,72.75037,0.1216499,0.5459649,0.2927925,0.2927925,0,0,0,0.2927925,186.4682,0,0,0,0.5459649,0.3082026,0.2927925,0,0,6.131708,5.106737,0.2377623,0,0.2377623,8.40854,60.06088,0.05058634,0.3220718,0.4367719,0,5.652702
10/15/2007 8:00:00 AM,0.2364962,29.89242,-73.82699,57.98758,0.2373307,1.06514,0.9704171,0.9704171,0,0,0,0.9704171,109.7611,0,0,0,1.06514,1.021492,0.9704171,0,0,5.893946,5.320723,0.04364833,0,0.04364833,8.449948,60.35666,0.05058534,1.067459,0.852112,0,6.385863
10/15/2007 9:00:00 AM,0.4181678,43.89812,-67.78588,43.31877,0.4231145,1.898938,0.2957991,0.2957991,0,-1,0,0.2957991,641.9687,0,0,0,1.898938,0.3113675,0.2957991,0,0,5.850297,5.360006,1.58757,0,1.58757,9.95605,71.1145,0.05054904,0.325379,1.51915,0,7.258944
10/15/2007 10:00:00 AM,0.4856285,57.07868,-57.05072,28.9059,0.4894669,2.196727,1.166336,1.166336,0,0,0,1.166336,188.3443,0,0,0,2.196727,1.227722,1.166336,0,0,4.262727,6.78882,0.9690053,0,0.9690053,10.87533,77.68076,0.05052691,1.282969,1.757382,0,8.985547
10/15/2007 11:00:00 AM,0.6156989,67.90161,-34.66357,15.50088,0.6244432,2.802501,1.09424,1.09424,0,0,0,1.09424,256.1139,0,0,0,2.802501,1.151832,1.09424,0,0,3.293722,7.660924,1.650669,0,1.650669,12.44129,88.86619,0.05048925,1.203664,2.242001,0,10.46343
10/15/2007 12:00:00 PM,0.4700395,71.58723,7.772908,9.539595,0.4708292,2.113081,0,0,0,0,0,0,0,0.4700289,0,0,2.113081,0,0,0,0,1.643053,9.146526,1.643053,0,1.643053,14.00003,100,0.05045183,0,1.690465,0,11.25961
10/15/2007 1:00:00 PM,0.6016732,64.78283,44.09971,19.69274,0.6104114,2.739526,1.307142,1.307142,0,0,0,1.307142,209.5813,1.363587,0,0,2.739526,1.375939,1.307142,0,0,0,10.62527,0,0,0,14.00003,100,0.05045183,1.437856,2.191621,0,13.3648
10/15/2007 2:00:00 PM,0.5176086,52.86605,61.40773,33.62336,0.5251598,2.356917,1.075739,1.075739,0,-1,0,1.075739,219.0975,1.224561,0,0,2.356917,1.132357,1.075739,0,0,0,10.62527,0,0,0,14.00003,100,0.05045183,1.183313,1.885534,0,12.98219
10/15/2007 3:00:00 PM,0.5811585,39.32442,70.12749,48.15376,0.6071191,2.724751,0.980587,0.980587,0,0,0,0.980587,277.8693,1.692554,0,0,2.724751,1.032197,0.980587,0,0,0,10.62527,0,0,0,14.00003,100,0.05045183,1.078646,2.179801,0,13.35003
10/15/2007 4:00:00 PM,0.428738,25.16937,75.28548,62.86355,0.4575974,2.053697,0,0,0,0,0,0,0,2.053697,0,0,2.053697,0,0,0,0,0,10.62527,0,0,0,14.00003,100,0.05045183,0,1.642958,0,12.67897
10/15/2007 5:00:00 PM,0.09928314,10.73018,78.73427,77.64265,0.1017598,0.456698,0,0,0,0,0,0,0,0.456698,0,0,0.456698,0,0,0,0,0,10.62527,0,0,0,14.00003,100,0.05045183,0,0.3653584,0,11.08197
10/15/2007 6:00:00 PM,0.002867044,0,81.25363,90,0,0,0,0,0,0,0,0,0,0,0,0,0,0,0,0,0,0,10.62527,0,0,0,14.00003,100,0.05045183,0,0,0,10.62527
10/15/2007 7:00:00 PM,0,0,83.21918,90,0,0,0.8878971,0.8878971,0,-1,0,0.8878971,0,0,1.110223E-16,0,0,0.9346285,0.8878971,0,0,0,10.62527,0,0.9346285,-0.9346285,13.01484,92.96298,0.05045183,0.9766868,0,0,10.62527
10/15/2007 8:00:00 PM,0,0,84.82993,90,0,0,0.6418901,0.6418901,0,-1,0,0.6418901,0,0,1.110223E-16,0,0,0.6756738,0.6418901,0,0,1.038476,9.690645,0,0.6756738,-0.6756738,12.30262,87.87569,0.05045183,0.7060791,0,0,9.690645
10/15/2007 9:00:00 PM,0,0,86.19258,90,0,0,0.8940547,0.8940547,0,-1,0,0.8940547,0,0,0,0,0,0.9411103,0.8940547,0,0,1.789225,9.014972,0,0.9411103,-0.9411103,11.3106,80.78986,0.05045183,0.9834602,0,0,9.014972
10/15/2007 10:00:00 PM,0,0,87.33594,90,0,0,0.2623402,0.2623402,0,-1,0,0.2623402,0,0,5.551115E-17,0,0,0.2761476,0.2623402,0,0,2.834903,8.073862,0,0.2761476,-0.2761476,11.01952,78.71069,0.05045183,0.2885742,0,0,8.073862
10/15/2007 11:00:00 PM,0,0,88.02021,90,0,0,0.239503,0.239503,0,-1,0,0.239503,0,0,2.775558E-17,0,0,0.2521084,0.239503,0,0,3.141733,7.797714,0,0.2521084,-0.2521084,10.75377,76.81251,0.05045183,0.2634533,0,0,7.797714
10/16/2007 12:00:00 AM,0,0,-76.69011,90,0,0,0.4238347,0.4238347,0,-1,0,0.4238347,0,0,5.551115E-17,0,0,0.4461417,0.4238347,0,0,3.421854,7.545606,0,0.4461417,-0.4461417,10.2835,73.45341,0.05045183,0.4662181,0,0,7.545606
10/16/2007 1:00:00 AM,0,0,-86.65737,90,0,0,0.03245844,0.03245844,0,-1,0,0.03245844,0,0,0,0,0,0.03416678,0.03245844,0,0,3.917567,7.099464,0,0.03416678,-0.03416678,10.24748,73.19616,0.05045183,0.03570428,0,0,7.099464
10/16/2007 2:00:00 AM,0,0,-86.286,90,0,0,0.2156574,0.2156574,0,-1,0,0.2156574,0,0,2.775558E-17,0,0,0.2270078,0.2156574,0,0,3.95553,7.065297,0,0.2270078,-0.2270078,10.0082,71.48697,0.05045183,0.2372231,0,0,7.065297
10/16/2007 3:00:00 AM,0,0,-85.25529,90,0,0,0.4809369,0.4809369,0,-1,0,0.4809369,0,0,5.551115E-17,0,0,0.5062493,0.4809369,0,0,4.207761,6.838289,0,0.5062493,-0.5062493,9.474562,67.67531,0.05045183,0.5290306,0,0,6.838289
10/16/2007 4:00:00 AM,0,0,-83.90427,90,0,0,0.186678,0.186678,0,-1,0,0.186678,0,0,0,0,0,0.1965031,0.186678,0,0,4.77026,6.33204,0,0.1965031,-0.1965031,9.267429,66.19579,0.05045183,0.2053458,0,0,6.33204
10/16/2007 5:00:00 AM,0,0,-82.23123,90,0,0,0.1524255,0.1524255,0,0,0,0.1524255,0,0,2.775558E-17,0,0,0.1604479,0.1524255,0,0,4.988597,6.135537,0,0.1604479,-0.1604479,9.098303,64.98775,0.05045183,0.167668,0,0,6.135537
10/16/2007 6:00:00 AM,0.03158069,0.9716029,-80.12145,87.4968,0.06221492,0.2792206,0.2016735,0.2016735,0,0,0,0.2016735,138.4518,0,0,0,0.2792206,0.2122879,0.2016735,0,0,5.166873,5.975089,0.06693266,0,0.06693266,9.1618,65.4413,0.0504503,0.2218408,0.2233764,0,6.25431
10/16/2007 7:00:00 AM,0.2474775,15.50266,-77.33595,72.71448,0.2710738,1.216579,0.622086,0.622086,0,0,0,0.622086,195.5645,0,0,0,1.216579,0.6548274,0.622086,0,0,5.09994,6.035328,0.5617518,0,0.5617518,9.694725,69.24789,0.05043752,0.6842946,0.9732633,0,7.251907
10/16/2007 8:00:00 AM,0.4907938,29.84224,-73.39989,57.97117,0.5203258,2.335222,1.003182,1.003182,0,0,0,1.003182,232.7815,0,0,0,2.335222,1.055981,1.003182,0,0,4.538188,6.540905,1.279241,0,1.279241,10.90832,77.91641,0.05040844,1.1035,1.868178,0,8.876127
10/16/2007 9:00:00 AM,0.7301174,43.80859,-67.28266,43.32955,0.7655452,3.435767,1.084997,1.084997,0,-1,0,1.084997,316.6613,0,0,0,3.435767,1.142102,1.084997,0,0,3.258947,7.692222,2.293664,0,2.293664,13.08428,93.45896,0.05035637,1.193497,2.748614,0,11.12799
10/16/2007 10:00:00 AM,0.835454,56.92242,-56.42731,28.96418,0.8696771,3.903111,1.136999,1.136999,0,0,0,1.136999,343.2819,1.740987,0,0,3.903111,1.196841,1.136999,0,0,0.9652825,9.75652,0.9652825,0,0.9652825,14.00003,100,0.05033449,1.250699,3.122488,0,13.65963
10/16/2007 11:00:00 AM,1.003994,67.62746,-33.9922,15.67603,1.043943,4.685215,0.4415786,0.4415786,0,0,0,0.4415786,1061.015,4.220396,0,0,4.685215,0.4648196,0.4415786,0,0,0,10.62527,0,0,0,14.00003,100,0.05033449,0.4857364,3.748172,0,15.31049
10/16/2007 12:00:00 PM,0.9986726,71.21349,7.786431,9.910905,1.037494,4.656275,0.7596713,0.7596713,0,0,0,0.7596713,612.9329,3.856621,0,0,4.656275,0.7996539,0.7596713,0,0,0,10.62527,0,0,0,14.00003,100,0.05033449,0.8356384,3.72502,0,15.28155
10/16/2007 1:00:00 PM,0.7896987,64.47839,43.59364,19.91147,0.8157163,3.660934,0,0,0,0,0,0,0,3.660934,0,0,3.660934,0,0,0,0,0,10.62527,0,0,0,14.00003,100,0.05033449,0,2.928748,0,14.28621
10/16/2007 2:00:00 PM,0.633558,52.64022,60.91565,33.76831,0.6523034,2.927538,1.380065,1.380065,0,-1,0,1.380065,212.1304,1.474837,0,0,2.927538,1.4527,1.380065,0,0,0,10.62527,0,0,0,14.00003,100,0.05033449,1.518072,2.34203,0,13.55281
10/16/2007 3:00:00 PM,0.5992888,39.1469,69.70285,48.26273,0.6281392,2.819089,0.2224807,0.2224807,0,0,0,0.2224807,1267.116,2.584898,0,0,2.819089,0.2341902,0.2224807,0,0,0,10.62527,0,0,0,14.00003,100,0.05033449,0.2447288,2.255271,0,13.44436
10/16/2007 4:00:00 PM,0.3986905,25.02267,74.90588,62.94952,0.4248836,1.906878,0.7200717,0.7200717,0,0,0,0.7200717,264.8177,1.148908,0,0,1.906878,0.7579702,0.7200717,0,0,0,10.62527,0,0,0,14.00003,100,0.05033449,0.7920789,1.525502,0,12.53215
10/16/2007 5:00:00 PM,0.1591453,10.60498,78.37591,77.71083,0.1783683,0.8005171,1.447732,1.447732,0,0,0,1.447732,55.29456,0,2.220446E-16,0,0.8005171,1.523928,1.447732,0,0,0,10.62527,0,0.7234113,-0.7234113,13.23749,94.55328,0.05033449,1.592505,0.6404136,0,11.42579
10/16/2007 6:00:00 PM,0.005094482,0,80.89528,90,0,0,1.777323,1.777323,0,0,0,1.777323,0,0,2.220446E-16,0,0,1.870867,1.777323,0,0,0.8037904,9.901863,0,1.870867,-1.870867,11.26542,80.46712,0.05033449,1.955056,0,0,9.901863
10/16/2007 7:00:00 PM,0,0,82.83806,90,0,0,2.169897,2.169897,0,-1,0,2.169897,0,0,4.440892E-16,0,0,2.284102,2.169897,0,0,2.882531,8.030996,0,2.284102,-2.284102,8.857764,63.26962,0.05033449,2.386887,0,0,8.030996
10/16/2007 8:00:00 PM,0,0,84.3943,90,0,0,0.7171682,0.7171682,0,-1,0,0.7171682,0,0,1.110223E-16,0,0,0.7549139,0.7171682,0,0,5.420423,5.746894,0,0.7549139,-0.7549139,8.062015,57.5857,0.05033449,0.788885,0,0,5.746894
10/16/2007 9:00:00 PM,0,0,85.64435,90,0,0,0,0,0,-1,0,0,0,0,0,0,0,0,0,0,0,6.259215,4.99198,0,0,0,8.062015,57.5857,0.05033449,0,0,0,4.99198
10/16/2007 10:00:00 PM,0,0,86.52852,90,0,0,0,0,0,-1,0,0,0,0,0,0,0,0,0,0,0,6.259215,4.99198,0,0,0,8.062015,57.5857,0.05033449,0,0,0,4.99198
10/16/2007 11:00:00 PM,0,0,86.28632,90,0,0,0.1943087,0.1943087,0,-1,0,0.1943087,0,0,0,0,0,0.2045355,0.1943087,0,0,6.259215,4.99198,0,0.2045355,-0.2045355,7.846416,56.04571,0.05033449,0.2137396,0,0,4.99198
10/17/2007 12:00:00 AM,0,0,-69.39261,90,0,0,0.1535818,0.1535818,0,-1,0,0.1535818,0,0,2.775558E-17,0,0,0.161665,0.1535818,0,0,6.486477,4.787445,0,0.161665,-0.161665,7.676005,54.8285,0.05033449,0.1689399,0,0,4.787445
10/17/2007 1:00:00 AM,0,0,-85.43011,90,0,0,0.1793764,0.1793764,0,-1,0,0.1793764,0,0,2.775558E-17,0,0,0.1888172,0.1793764,0,0,6.666105,4.62578,0,0.1888172,-0.1888172,7.476974,53.40686,0.05033449,0.197314,0,0,4.62578
10/17/2007 2:00:00 AM,0,0,-85.59386,90,0,0,0.1375715,0.1375715,0,-1,0,0.1375715,0,0,2.775558E-17,0,0,0.1448121,0.1375715,0,0,6.875902,4.436963,0,0.1448121,-0.1448121,7.324329,52.31653,0.05033449,0.1513286,0,0,4.436963
10/17/2007 3:00:00 AM,0,0,-84.74954,90,0,0,0.1570017,0.1570017,0,-1,0,0.1570017,0,0,0,0,0,0.165265,0.1570017,0,0,7.036804,4.29215,0,0.165265,-0.165265,7.150125,51.07222,0.05033449,0.1727019,0,0,4.29215
10/17/2007 4:00:00 AM,0,0,-83.48376,90,0,0,0.383008,0.383008,0,-1,0,0.383008,0,0,5.551115E-17,0,0,0.4031663,0.383008,0,0,7.220432,4.126885,0,0.4031663,-0.4031663,6.72515,48.03669,0.05033449,0.4213088,0,0,4.126885
10/17/2007 5:00:00 AM,0,0,-81.84995,90,0,0,0.162314,0.162314,0,0,0,0.162314,0,0,0,0,0,0.1708568,0.162314,0,0,7.668395,3.723719,0,0.1708568,-0.1708568,6.545051,46.75027,0.05033449,0.1785454,0,0,3.723719
10/17/2007 6:00:00 AM,0.01732456,0.9637409,-79.75092,87.44724,0.01938516,0.08700061,0.2485318,0.2485318,0,0,0,0.2485318,35.00583,0,0,0,0.08700061,0.2616124,0.2485318,0,0,7.858235,3.552862,0,0.1746118,-0.1746118,6.360994,45.43558,0.05033449,0.273385,0.06960049,0,3.639863
10/17/2007 7:00:00 AM,0.08541238,15.47564,-76.95244,72.6819,0.08527754,0.3827256,0.9940323,0.9940323,0,0,0,0.9940323,38.50233,0,0,0,0.3827256,1.04635,0.9940323,0,0,8.052249,3.37825,0,0.6636242,-0.6636242,5.661473,40.43901,0.05033449,1.093436,0.3061804,0,3.760976
10/17/2007 8:00:00 AM,0.0651082,29.78887,-72.97724,57.95869,0.0648335,0.2909727,0.82647,0.82647,0,0,0,0.82647,35.20669,0,1.110223E-16,0,0.2909727,0.8699684,0.82647,0,0,8.789609,2.714626,0,0.5789956,-0.5789956,5.051158,36.07963,0.05033449,0.9091169,0.2327782,0,3.005599
10/17/2007 9:00:00 AM,0.2750083,43.71544,-66.78604,43.34507,0.2745875,1.232349,1.294095,1.294095,0,-1,0,1.294095,95.22859,0,0,0,1.232349,1.362206,1.294095,0,0,9.432938,2.135631,0,0.1298568,-0.1298568,4.914277,35.10191,0.05033449,1.423505,0.9858789,0,3.367979
10/17/2007 10:00:00 AM,0.1939221,56.7624,-55.81621,29.02844,0.1931488,0.8668519,0.3711779,0.3711779,0,0,0,0.3711779,233.5408,0,0,0,0.8668519,0.3907135,0.3711779,0,0,9.577223,2.005774,0.4761384,0,0.4761384,5.365981,38.32836,0.05032371,0.4082957,0.6934815,0,2.872626
10/17/2007 11:00:00 AM,0.1471919,67.35147,-33.34632,15.85828,0.1465522,0.6577263,0,0,0,0,0,0,0,0,0,0,0.6577263,0,0,0,0,9.101085,2.434298,0.6577263,0,0.6577263,5.989955,42.78531,0.05030882,0,0.526181,0,3.092025
10/17/2007 12:00:00 PM,0.5389785,70.84293,7.792374,10.27896,0.5427117,2.43569,1.335838,1.335838,0,0,0,1.335838,182.3343,0,0,0,2.43569,1.406145,1.335838,0,0,8.443358,3.026252,1.029545,0,1.029545,6.966668,49.76181,0.05028553,1.469421,1.948552,0,5.461942
10/17/2007 1:00:00 PM,0.7165347,64.17618,43.09863,20.13082,0.7363207,3.304608,0.288331,0.288331,0,0,0,0.288331,1146.116,0,0,0,3.304608,0.3035063,0.288331,0,0,7.413813,3.952843,3.001101,0,3.001101,9.813763,70.09816,0.05021776,0.3171641,2.643686,0,7.257451
10/17/2007 2:00:00 PM,0.4572264,52.41615,60.43051,33.91298,0.4612685,2.070173,1.27977,1.27977,0,-1,0,1.27977,161.7613,0,0,0,2.070173,1.347127,1.27977,0,0,4.412712,6.653834,0.7230461,0,0.7230461,10.4997,74.99773,0.05020146,1.407747,1.656138,0,8.724007
10/17/2007 3:00:00 PM,0.4576252,38.97138,69.28255,48.37056,0.470595,2.112031,2.512557,2.512557,0,0,0,2.512557,84.05903,0,0,0,2.112031,2.644796,2.512557,0,0,3.689665,7.304575,0,0.5327658,-0.5327658,9.93812,70.98643,0.05020146,2.763812,1.689624,0,9.416606
10/17/2007 4:00:00 PM,0.3197031,24.87838,74.52943,63.0337,0.334094,1.499414,1.093933,1.093933,0,0,0,1.093933,137.0663,0,0,0,1.499414,1.151509,1.093933,0,0,4.281627,6.77181,0.3479049,0,0.3479049,10.26817,73.34393,0.05019362,1.203327,1.199531,0,8.271223
10/17/2007 5:00:00 PM,0.1396219,10.4826,78.02013,77.77668,0.1533467,0.6882198,1.435546,1.435546,0,0,0,1.435546,47.94132,0,0,0,0.6882198,1.511101,1.435546,0,0,3.933722,7.084924,0,0.8228813,-0.8228813,9.400778,67.14828,0.05019362,1.579101,0.5505759,0,7.773144
10/17/2007 6:00:00 PM,0.005597969,0,80.53924,90,0,0,0,0,0,0,0,0,0,0,0,0,0,0,0,0,0,4.848035,6.262043,0,0,0,9.400778,67.14828,0.05019362,0,0,0,6.262043
10/17/2007 7:00:00 PM,0,0,82.45917,90,0,0,0.7777084,0.7777084,0,-1,0,0.7777084,0,0,1.110223E-16,0,0,0.8186404,0.7777084,0,0,4.848035,6.262043,0,0.8186404,-0.8186404,8.537855,60.98456,0.05019362,0.8554792,0,0,6.262043
10/17/2007 8:00:00 PM,0,0,83.96098,90,0,0,1.788749,1.788749,0,-1,0,1.788749,0,0,2.220446E-16,0,0,1.882894,1.788749,0,0,5.757636,5.443402,0,1.882894,-1.882894,6.553112,46.80785,0.05019362,1.967624,0,0,5.443402
10/17/2007 9:00:00 PM,0,0,85.09863,90,0,0,0.09779946,0.09779946,0,-1,0,0.09779946,0,0,1.387779E-17,0,0,0.1029468,0.09779946,0,0,7.84974,3.560509,0,0.1029468,-0.1029468,6.444596,46.03273,0.05019362,0.1075794,0,0,3.560509
10/17/2007 10:00:00 PM,0,0,85.7239,90,0,0,0.2703582,0.2703582,0,-1,0,0.2703582,0,0,0,0,0,0.2845876,0.2703582,0,0,7.964125,3.457562,0,0.2845876,-0.2845876,6.144614,43.89001,0.05019362,0.297394,0,0,3.457562
10/17/2007 11:00:00 PM,0,0,84.55425,90,0,0,0.07685119,0.07685119,0,-1,0,0.07685119,0,0,1.387779E-17,0,0,0.08089599,0.07685119,0,0,8.280334,3.172974,0,0.08089599,-0.08089599,6.059342,43.28093,0.05019362,0.08453631,0,0,3.172974
10/18/2007 12:00:00 AM,0,0,-62.99765,90,0,0,0,0,0,-1,0,0,0,0,0,0,0,0,0,0,0,8.370217,3.092078,0,0,0,6.059342,43.28093,0.05019362,0,0,0,3.092078
10/18/2007 1:00:00 AM,0,0,-84.22077,90,0,0,0.3037927,0.3037927,0,-1,0,0.3037927,0,0,5.551115E-17,0,0,0.3197818,0.3037927,0,0,8.370217,3.092078,0,0.3197818,-0.3197818,5.722263,40.87322,0.05019362,0.334172,0,0,3.092078
10/18/2007 2:00:00 AM,0,0,-84.90905,90,0,0,0.09113102,0.09113102,0,-1,0,0.09113102,0,0,1.387779E-17,0,0,0.09592739,0.09113102,0,0,8.725531,2.772296,0,0.09592739,-0.09592739,5.621146,40.15097,0.05019362,0.1002441,0,0,2.772296
10/18/2007 3:00:00 AM,0,0,-84.24854,90,0,0,0.04269322,0.04269322,0,-1,0,0.04269322,0,0,6.938894E-18,0,0,0.04494024,0.04269322,0,0,8.832117,2.676369,0,0.04494024,-0.04494024,5.573775,39.8126,0.05019362,0.04696255,0,0,2.676369
10/18/2007 4:00:00 AM,0,0,-83.06699,90,0,0,0.4553699,0.4553699,0,-1,0,0.4553699,0,0,0,0,0,0.4793368,0.4553699,0,0,8.882051,2.631429,0,0.4793368,-0.4793368,5.06851,36.20357,0.05019362,0.5009069,0,0,2.631429
10/18/2007 5:00:00 AM,0,0,-81.47204,90,0,0,0.1209487,0.1209487,0,0,0,0.1209487,0,0,2.775558E-17,0,0,0.1273144,0.1209487,0,0,9.414647,2.152092,0,0.1273144,-0.1273144,4.934309,35.24499,0.05019362,0.1330436,0,0,2.152092
10/18/2007 6:00:00 AM,0.0326558,0.9535605,-79.38375,87.40056,0.07044864,0.3161735,0.1113674,0.1113674,0,0,0,0.1113674,283.9014,0,0,0,0.3161735,0.1172288,0.1113674,0,0,9.556108,2.024778,0.1989447,0,0.1989447,5.123044,36.5931,0.05018914,0.1225041,0.2529388,0,2.340951
10/18/2007 7:00:00 AM,0.1742615,15.44587,-76.57265,72.65269,0.1819736,0.8166976,0.7425879,0.7425879,0,0,0,0.7425879,109.9799,0,0,0,0.8166976,0.7816715,0.7425879,0,0,9.357162,2.203828,0.03502616,0,0.03502616,5.156273,36.83045,0.05018835,0.8168467,0.6533581,0,3.020525
10/18/2007 8:00:00 AM,0.1958656,29.73233,-72.55923,57.95015,0.195735,0.8784587,1.184393,1.184393,0,0,0,1.184393,74.16955,0,0,0,0.8784587,1.246729,1.184393,0,0,9.322136,2.235352,0,0.3682705,-0.3682705,4.768082,34.05766,0.05018835,1.302832,0.702767,0,3.11381
10/18/2007 9:00:00 AM,0.40715,43.61874,-66.29625,43.3653,0.4119503,1.848833,1.043999,1.043999,0,-1,0,1.043999,177.0915,0,0,0,1.848833,1.098946,1.043999,0,0,9.731326,1.867081,0.749887,0,0.749887,5.479487,39.13911,0.05017147,1.148398,1.479066,0,3.715914
10/18/2007 10:00:00 AM,0.6156972,56.59879,-55.21764,29.09856,0.6305994,2.83013,0.3853863,0.3853863,0,0,0,0.3853863,734.3619,0,0,0,2.83013,0.4056697,0.3853863,0,0,8.981439,2.541979,2.42446,0,2.42446,7.779532,55.56797,0.05011695,0.4239249,2.264104,0,5.372109
10/18/2007 11:00:00 AM,0.826765,67.07391,-32.72537,16.04715,0.8562111,3.842675,0.6902136,0.6902136,0,0,0,0.6902136,556.7372,0,0,0,3.842675,0.7265406,0.6902136,0,0,6.556978,4.723994,3.116135,0,3.116135,10.73576,76.68383,0.05004706,0.7592349,3.07414,0,8.566669
10/18/2007 12:00:00 PM,0.8236779,70.47567,7.79102,10.64363,0.8512592,3.820451,0.1282772,0.1282772,0,0,0,0.1282772,2978.278,0.2445791,0,0,3.820451,0.1350286,0.1282772,0,0,3.440843,7.528515,3.440843,0,3.440843,14.00003,100,0.04997012,0.1411049,3.056361,0,11.34897
10/18/2007 1:00:00 PM,0.6386603,63.87639,42.61422,20.35049,0.6516589,2.924645,0.3476255,0.3476255,0,0,0,0.3476255,841.3206,2.558724,0,0,2.924645,0.3659216,0.3476255,0,0,0,10.62527,0,0,0,14.00003,100,0.04997012,0.3823881,2.339716,0,13.54992
10/18/2007 2:00:00 PM,0.6837394,52.194,59.95222,34.05716,0.7093032,3.183353,0.1664044,0.1664044,0,-1,0,0.1664044,1913.022,3.00819,0,0,3.183353,0.1751625,0.1664044,0,0,0,10.62527,0,0,0,14.00003,100,0.04997012,0.1830448,2.546682,0,13.80863
10/18/2007 3:00:00 PM,0.4468324,38.79802,68.86661,48.47709,0.4590908,2.0604,0.4236372,0.4236372,0,0,0,0.4236372,486.3595,1.614466,0,0,2.0604,0.4459338,0.4236372,0,0,0,10.62527,0,0,0,14.00003,100,0.04997012,0.4660009,1.64832,0,12.68567
10/18/2007 4:00:00 PM,0.3408907,24.73661,74.1562,63.11597,0.3596785,1.614237,0.1536989,0.1536989,0,0,0,0.1536989,1050.26,1.452449,0,0,1.614237,0.1617883,0.1536989,0,0,0,10.62527,0,0,0,14.00003,100,0.04997012,0.1690688,1.29139,0,12.23951
10/18/2007 5:00:00 PM,0.1141835,10.36315,77.66701,77.84013,0.1208024,0.542161,0.5386028,0.5386028,0,0,0,0.5386028,100.6606,0,0,0,0.542161,0.5669503,0.5386028,0,0,0,10.62527,0,0.0247893,-0.0247893,13.9739,99.81335,0.04997012,0.5924631,0.4337288,0,11.16744
10/18/2007 6:00:00 PM,0.004672654,0,80.18562,90,0,0,0,0,0,0,0,0,0,0,0,0,0,0,0,0,0,0.02754367,10.60048,0,0,0,13.9739,99.81335,0.04997012,0,0,0,10.60048
10/18/2007 7:00:00 PM,0,0,82.08264,90,0,0,1.223311,1.223311,0,-1,0,1.223311,0,0,2.220446E-16,0,0,1.287695,1.223311,0,0,0.02754367,10.60048,0,1.287695,-1.287695,12.61655,90.11802,0.04997012,1.345642,0,0,10.60048
10/18/2007 8:00:00 PM,0,0,83.53014,90,0,0,0,0,0,-1,0,0,0,0,0,0,0,0,0,0,0,1.458316,9.31279,0,0,0,12.61655,90.11802,0.04997012,0,0,0,9.31279
10/18/2007 9:00:00 PM,0,0,84.55573,90,0,0,3.047704,3.047704,0,-1,0,3.047704,0,0,0,0.02247473,0,3.20811,3.047704,0,0,1.458316,9.31279,0,3.20811,-3.20811,9.234903,65.96346,0.04997012,3.352475,0,0,9.31279
10/18/2007 10:00:00 PM,0,0,84.92281,90,0,0,0.05195226,0.05195226,0,-1,0,0.05195226,0,0,0,0,0,0.05468659,0.05195226,0,0,5.022882,6.10468,0,0.05468659,-0.05468659,9.177258,65.55171,0.04997012,0.05714749,0,0,6.10468
10/18/2007 11:00:00 PM,0,0,82.8287,90,0,0,0.3058842,0.3058842,0,-1,0,0.3058842,0,0,5.551115E-17,0,0,0.3219833,0.3058842,0,0,5.083645,6.049993,0,0.3219833,-0.3219833,8.837858,63.12743,0.04997012,0.3364726,0,0,6.049993
10/19/2007 12:00:00 AM,0,0,-57.46412,90,0,0,0.3816917,0.3816917,0,-1,0,0.3816917,0,0,5.551115E-17,0,0,0.4017807,0.3816917,0,0,5.441405,5.72801,0,0.4017807,-0.4017807,8.414344,60.10234,0.04997012,0.4198608,0,0,5.72801
10/19/2007 1:00:00 AM,0,0,-83.02991,90,0,0,0.199248,0.199248,0,-1,0,0.199248,0,0,0,0,0,0.2097348,0.199248,0,0,5.887828,5.326229,0,0.2097348,-0.2097348,8.193264,58.5232,0.04997012,0.2191728,0,0,5.326229
10/19/2007 2:00:00 AM,0,0,-84.2317,90,0,0,0.5068808,0.5068808,0,-1,0,0.5068808,0,0,0,0,0,0.5335587,0.5068808,0,0,6.120866,5.116494,0,0.5335587,-0.5335587,7.630844,54.50592,0.04997012,0.5575688,0,0,5.116494
10/19/2007 3:00:00 AM,0,0,-83.7524,90,0,0,0.263125,0.263125,0,-1,0,0.263125,0,0,0,0,0,0.2769737,0.263125,0,0,6.713709,4.582936,0,0.2769737,-0.2769737,7.338888,52.42052,0.04997012,0.2894375,0,0,4.582936
10/19/2007 4:00:00 AM,0,0,-82.65411,90,0,0,0.4570516,0.4570516,0,-1,0,0.4570516,0,0,5.551115E-17,0,0,0.4811069,0.4570516,0,0,7.021458,4.305962,0,0.4811069,-0.4811069,6.831757,48.79816,0.04997012,0.5027567,0,0,4.305962
10/19/2007 5:00:00 AM,0,0,-81.09761,90,0,0,0.01072719,0.01072719,0,0,0,0.01072719,0,0,1.734723E-18,0,0,0.01129178,0.01072719,0,0,7.556021,3.824855,0,0.01129178,-0.01129178,6.819854,48.71315,0.04997012,0.01179991,0,0,3.824855
10/19/2007 6:00:00 AM,0.02787113,0.9410242,-79.02006,87.35681,0.05070096,0.2275459,0.251201,0.251201,0,0,0,0.251201,90.58318,0,0,0,0.2275459,0.2644221,0.251201,0,0,7.568568,3.813563,0,0.03687625,-0.03687625,6.780983,48.4355,0.04997012,0.2763211,0.1820367,0,4.041109
10/19/2007 7:00:00 AM,0.2698109,15.41333,-76.19669,72.62688,0.300705,1.349564,0,0,0,0,0,0,0,0,0,0,1.349564,0,0,0,0,7.609541,3.776687,1.349564,0,1.349564,8.061293,57.58054,0.04994,0,1.079651,0,5.126251
10/19/2007 8:00:00 AM,0.5003322,29.67264,-72.146,57.94555,0.5338445,2.395894,1.112391,1.112391,0,0,0,1.112391,215.3825,0,0,0,2.395894,1.170937,1.112391,0,0,6.259977,4.991295,1.224957,0,1.224957,9.223389,65.88122,0.04991269,1.22363,1.916716,0,7.387189
10/19/2007 9:00:00 AM,0.6933538,43.51856,-65.81347,43.39019,0.7290396,3.27193,1.090432,1.090432,0,-1,0,1.090432,300.0582,0,0,0,3.27193,1.147823,1.090432,0,0,5.03502,6.093756,2.124107,0,2.124107,11.23849,80.2748,0.04986542,1.199475,2.617544,0,9.365685
10/19/2007 10:00:00 AM,0.7763732,56.43173,-54.63174,29.1744,0.808477,3.628445,1.797884,1.797884,0,0,0,1.797884,201.8175,0,0,0,3.628445,1.892509,1.797884,0,0,2.910913,8.005452,1.735935,0,1.735935,12.88535,92.038,0.04982685,1.977672,2.902756,0,11.6339
10/19/2007 11:00:00 AM,0.906939,66.79504,-32.1288,16.24217,0.9440988,4.237115,1.631891,1.631891,0,0,0,1.631891,259.6446,1.344358,0,0,4.237115,1.717779,1.631891,0,0,1.174978,9.567794,1.174978,0,1.174978,14.00003,100,0.04980078,1.79508,3.389692,0,13.80491
10/19/2007 12:00:00 PM,0.8129426,70.11182,7.782633,11.00482,0.8402972,3.771254,0,0,0,0,0,0,0,3.771254,0,0,3.771254,0,0,0,0,0,10.62527,0,0,0,14.00003,100,0.04980078,0,3.017003,0,14.39653
10/19/2007 1:00:00 PM,0.712673,63.57919,42.13995,20.5702,0.7333916,3.291461,0.3256574,0.3256574,0,0,0,0.3256574,1010.713,2.948664,0,0,3.291461,0.3427972,0.3256574,0,0,0,10.62527,0,0,0,14.00003,100,0.04980078,0.3582231,2.633169,0,13.91674
10/19/2007 2:00:00 PM,0.6240777,51.97393,59.48069,34.2007,0.6438472,2.889586,1.667023,1.667023,0,-1,0,1.667023,173.3381,1.134825,0,0,2.889586,1.754761,1.667023,0,0,0,10.62527,0,0,0,14.00003,100,0.04980078,1.833726,2.311669,0,13.51486
10/19/2007 3:00:00 PM,0.5149616,38.62694,68.45506,48.58222,0.5364771,2.407709,0.02269652,0.02269652,0,0,0,0.02269652,10608.28,2.383818,0,0,2.407709,0.02389107,0.02269652,0,0,0,10.62527,0,0,0,14.00003,100,0.04980078,0.02496617,1.926167,0,13.03298
10/19/2007 4:00:00 PM,0.2646492,24.59747,73.78623,63.19626,0.2717998,1.219838,0,0,0,0,0,0,0,1.219838,0,0,1.219838,0,0,0,0,0,10.62527,0,0,0,14.00003,100,0.04980078,0,0.9758701,0,11.84511
10/19/2007 5:00:00 PM,0.09292924,10.2467,77.31664,77.9011,0.09548294,0.4285274,1.374769,1.374769,0,0,0,1.374769,31.17087,0,2.220446E-16,0,0.4285274,1.447125,1.374769,0,0,0,10.62527,0,1.018598,-1.018598,12.92633,92.33076,0.04980078,1.512246,0.342822,0,11.0538
10/19/2007 6:00:00 PM,0.002332125,0,79.83451,90,0,0,1.556442,1.556442,0,0,0,1.556442,0,0,0,0,0,1.638361,1.556442,0,0,1.131775,9.606676,0,1.638361,-1.638361,11.19935,79.99519,0.04980078,1.712087,0,0,9.606676
10/19/2007 7:00:00 PM,0,0,81.70863,90,0,0,1.493509,1.493509,0,-1,0,1.493509,0,0,2.220446E-16,0,0,1.572115,1.493509,0,0,2.952176,7.968316,0,1.572115,-1.572115,9.542193,68.15839,0.04980078,1.64286,0,0,7.968316
10/19/2007 8:00:00 PM,0,0,83.102,90,0,0,0.5464138,0.5464138,0,-1,0,0.5464138,0,0,0,0,0,0.5751724,0.5464138,0,0,4.69897,6.396201,0,0.5751724,-0.5751724,8.935908,63.82779,0.04980078,0.6010552,0,0,6.396201
10/19/2007 9:00:00 PM,0,0,84.01598,90,0,0,0.8348715,0.8348715,0,-1,0,0.8348715,0,0,0,0,0,0.8788121,0.8348715,0,0,5.338051,5.821029,0,0.8788121,-0.8788121,8.00956,57.21102,0.04980078,0.9183587,0,0,5.821029
10/19/2007 10:00:00 PM,0,0,84.12599,90,0,0,0,0,0,-1,0,0,0,0,0,0,0,0,0,0,0,6.314508,4.942216,0,0,0,8.00956,57.21102,0.04980078,0,0,0,4.942216
10/19/2007 11:00:00 PM,0,0,81.11428,90,0,0,0,0,0,-1,0,0,0,0,0,0,0,0,0,0,0,6.314508,4.942216,0,0,0,8.00956,57.21102,0.04980078,0,0,0,4.942216
10/20/2007 12:00:00 AM,0,0,-52.70031,90,0,0,0.2330581,0.2330581,0,-1,0,0.2330581,0,0,2.775558E-17,0,0,0.2453243,0.2330581,0,0,6.314508,4.942216,0,0.2453243,-0.2453243,7.750965,55.36392,0.04980078,0.256364,0,0,4.942216
10/20/2007 1:00:00 AM,0,0,-81.85799,90,0,0,0.1673034,0.1673034,0,-1,0,0.1673034,0,0,0,0,0,0.1761089,0.1673034,0,0,6.587091,4.696892,0,0.1761089,-0.1761089,7.56533,54.03796,0.04980078,0.1840338,0,0,4.696892
10/20/2007 2:00:00 AM,0,0,-83.56197,90,0,0,0.1279417,0.1279417,0,-1,0,0.1279417,0,0,0,0,0,0.1346755,0.1279417,0,0,6.782768,4.520783,0,0.1346755,-0.1346755,7.423369,53.02396,0.04980078,0.1407359,0,0,4.520783
10/20/2007 3:00:00 AM,0,0,-83.26125,90,0,0,0.09756268,0.09756268,0,-1,0,0.09756268,0,0,0,0,0,0.1026976,0.09756268,0,0,6.932407,4.386108,0,0.1026976,-0.1026976,7.315116,52.25072,0.04980078,0.1073189,0,0,4.386108
10/20/2007 4:00:00 AM,0,0,-82.24518,90,0,0,0.09339013,0.09339013,0,-1,0,0.09339013,0,0,0,0,0,0.0983054,0.09339013,0,0,7.046515,4.28341,0,0.0983054,-0.0983054,7.211493,51.51056,0.04980078,0.1027291,0,0,4.28341
10/20/2007 5:00:00 AM,0,0,-80.72678,90,0,0,0.04814156,0.04814156,0,0,0,0.04814156,0,0,6.938894E-18,0,0,0.05067533,0.04814156,0,0,7.155744,4.185105,0,0.05067533,-0.05067533,7.158077,51.12902,0.04980078,0.05295572,0,0,4.185105
10/20/2007 6:00:00 AM,0.02645086,0.9260981,-78.65996,87.31605,0.04609495,0.2068742,0.0838206,0.0838206,0,0,0,0.0838206,246.8058,0,0,0,0.2068742,0.08823222,0.0838206,0,0,7.212049,4.134429,0.1186419,0,0.1186419,7.27063,51.93297,0.04979815,0.09220267,0.1654993,0,4.341304
10/20/2007 7:00:00 AM,0.2314297,15.37802,-75.82472,72.60449,0.2544411,1.141932,1.309577,1.309577,0,0,0,1.309577,87.19849,2.220446E-16,0,0,1.141932,1.378503,1.309577,0,0,7.093408,4.241207,0,0.2365708,-0.2365708,7.021263,50.15178,0.04979815,1.440535,0.9135455,0,5.383139
10/20/2007 8:00:00 AM,0.479436,29.60983,-71.73773,57.94489,0.5113966,2.295148,0,0,0,0,0,0,0,0,0,0,2.295148,0,0,0,0,7.356264,4.004636,2.295148,0,2.295148,9.198631,65.70438,0.04974731,0,1.836118,0,6.299784
10/20/2007 9:00:00 AM,0.7368528,43.41498,-65.33791,43.41972,0.7769478,3.486942,0.3614835,0.3614835,0,-1,0,0.3614835,964.6199,0,0,0,3.486942,0.380509,0.3614835,0,0,5.061116,6.07027,3.106433,0,3.106433,12.14565,86.75449,0.04967866,0.3976319,2.789553,0,9.557211
10/20/2007 10:00:00 AM,0.8665538,56.26141,-54.05869,29.25581,0.907019,4.070702,1.388465,1.388465,0,0,0,1.388465,293.18,0.6544762,0,0,4.070702,1.461542,1.388465,0,0,1.954683,8.866059,1.954683,0,1.954683,14.00003,100,0.04963556,1.527311,3.256561,0,12.93676
10/20/2007 11:00:00 AM,0.8926934,66.51514,-31.55605,16.44287,0.9296988,4.172488,1.110533,1.110533,0,0,0,1.110533,375.7194,3.003506,0,0,4.172488,1.168982,1.110533,0,0,0,10.62527,0,0,0,14.00003,100,0.04963556,1.221586,3.337991,0,14.79776
10/20/2007 12:00:00 PM,0.9062111,69.7515,7.767463,11.3624,0.9428947,4.231711,0.3113507,0.3113507,0,0,0,0.3113507,1359.146,3.903974,0,0,4.231711,0.3277376,0.3113507,0,0,0,10.62527,0,0,0,14.00003,100,0.04963556,0.3424858,3.385369,0,14.85699
10/20/2007 1:00:00 PM,0.8386008,63.28476,41.67542,20.78967,0.8726544,3.916473,2.333573,2.333573,0,0,0,2.333573,167.8316,1.460081,0,0,3.916473,2.456392,2.333573,0,0,0,10.62527,0,0,0,14.00003,100,0.04963556,2.56693,3.133178,0,14.54175
10/20/2007 2:00:00 PM,0.7566732,51.7561,59.01581,34.34341,0.7914535,3.552043,0.9801574,0.9801574,0,-1,0,0.9801574,362.3952,2.520298,0,0,3.552043,1.031745,0.9801574,0,0,0,10.62527,0,0,0,14.00003,100,0.04963556,1.078173,2.841635,0,14.17732
10/20/2007 3:00:00 PM,0.6483474,38.45827,68.04791,48.6858,0.6860979,3.079207,0.8497805,0.8497805,0,0,0,0.8497805,362.3532,2.184701,0,0,3.079207,0.8945058,0.8497805,0,0,0,10.62527,0,0,0,14.00003,100,0.04963556,0.9347586,2.463366,0,13.70448
10/20/2007 4:00:00 PM,0.4293192,24.46106,73.4196,63.27445,0.4640807,2.082794,1.547619,1.547619,0,0,0,1.547619,134.5805,0.4537211,0,0,2.082794,1.629073,1.547619,0,0,0,10.62527,0,0,0,14.00003,100,0.04963556,1.702381,1.666235,0,12.70807
10/20/2007 5:00:00 PM,0.1799298,10.13335,76.96909,77.95951,0.2109642,0.9468073,0,0,0,0,0,0,0,0.9468073,0,0,0.9468073,0,0,0,0,0,10.62527,0,0,0,14.00003,100,0.04963556,0,0.7574459,0,11.57208
10/20/2007 6:00:00 PM,0.002956555,0,79.48603,90,0,0,0,0,0,0,0,0,0,0,0,0,0,0,0,0,0,0,10.62527,0,0,0,14.00003,100,0.04963556,0,0,0,10.62527
10/20/2007 7:00:00 PM,0,0,81.33724,90,0,0,0.4574573,0.4574573,0,-1,0,0.4574573,0,0,5.551115E-17,0,0,0.481534,0.4574573,0,0,0,10.62527,0,0.481534,-0.481534,13.49245,96.37443,0.04963556,0.503203,0,0,10.62527
10/20/2007 8:00:00 PM,0,0,82.67672,90,0,0,0.484965,0.484965,0,-1,0,0.484965,0,0,1.110223E-16,0,0,0.5104895,0.484965,0,0,0.5350378,10.14374,0,0.5104895,-0.5104895,12.95434,92.53084,0.04963556,0.5334615,0,0,10.14374
10/20/2007 9:00:00 PM,0,0,83.4797,90,0,0,0.7745041,0.7745041,0,-1,0,0.7745041,0,0,0,0,0,0.8152675,0.7745041,0,0,1.102248,9.63325,0,0.8152675,-0.8152675,12.09498,86.39251,0.04963556,0.8519546,0,0,9.63325
10/20/2007 10:00:00 PM,0,0,83.33418,90,0,0,0.1061147,0.1061147,0,-1,0,0.1061147,0,0,1.387779E-17,0,0,0.1116997,0.1061147,0,0,2.008101,8.817984,0,0.1116997,-0.1116997,11.97723,85.5515,0.04963556,0.1167262,0,0,8.817984
10/20/2007 11:00:00 PM,0,0,79.41554,90,0,0,0,0,0,-1,0,0,0,0,0,0,0,0,0,0,0,2.132212,8.706284,0,0,0,11.97723,85.5515,0.04963556,0,0,0,8.706284
10/21/2007 12:00:00 AM,0,0,-48.5984,90,0,0,0.008216584,0.008216584,0,-1,0,0.008216584,0,0,0,0,0,0.008649036,0.008216584,0,0,2.132212,8.706284,0,0.008649036,-0.008649036,11.96812,85.48638,0.04963556,0.009038243,0,0,8.706284
10/21/2007 1:00:00 AM,0,0,-80.7054,90,0,0,0.1864839,0.1864839,0,-1,0,0.1864839,0,0,0,0,0,0.1962988,0.1864839,0,0,2.141822,8.697635,0,0.1962988,-0.1962988,11.7612,84.00841,0.04963556,0.2051323,0,0,8.697635
10/21/2007 2:00:00 AM,0,0,-82.89999,90,0,0,0.1332548,0.1332548,0,-1,0,0.1332548,0,0,0,0,0,0.1402682,0.1332548,0,0,2.359932,8.501335,0,0.1402682,-0.1402682,11.61334,82.95229,0.04963556,0.1465802,0,0,8.501335
10/21/2007 3:00:00 AM,0,0,-82.77516,90,0,0,0.3557285,0.3557285,0,-1,0,0.3557285,0,0,0,0,0,0.3744511,0.3557285,0,0,2.515785,8.361068,0,0.3744511,-0.3744511,11.21864,80.13297,0.04963556,0.3913014,0,0,8.361068
10/21/2007 4:00:00 AM,0,0,-81.84033,90,0,0,0.01318937,0.01318937,0,-1,0,0.01318937,0,0,1.734723E-18,0,0,0.01388355,0.01318937,0,0,2.931842,7.986616,0,0.01388355,-0.01388355,11.204,80.02844,0.04963556,0.01450831,0,0,7.986616
10/21/2007 5:00:00 AM,0,0,-80.35964,90,0,0,0.006259698,0.006259698,0,0,0,0.006259698,0,0,8.673617E-19,0,0,0.006589156,0.006259698,0,0,2.947268,7.972733,0,0.006589156,-0.006589156,11.19706,79.97883,0.04963556,0.006885668,0,0,7.972733
10/21/2007 6:00:00 AM,0.02766806,0.9087518,-78.30357,87.27831,0.05277908,0.2368725,0.299216,0.299216,0,0,0,0.299216,79.16438,5.551115E-17,0,0,0.2368725,0.3149642,0.299216,0,0,2.95459,7.966144,0,0.07809173,-0.07809173,11.11474,79.39086,0.04963556,0.3291376,0.189498,0,8.203016
10/21/2007 7:00:00 AM,0.2336129,15.33993,-75.45686,72.58556,0.258001,1.157909,0.9213232,0.9213232,0,0,0,0.9213232,125.6789,0,0,0,1.157909,0.9698139,0.9213232,0,0,3.041358,7.888052,0.1880946,0,0.1880946,11.29318,80.66544,0.04963141,1.013456,0.9263268,0,9.04596
10/21/2007 8:00:00 AM,0.4006929,29.54392,-71.33458,57.94818,0.4213738,1.891126,0,0,0,0,0,0,0,0,0,0,1.891126,0,0,0,0,2.853263,8.057337,1.891126,0,1.891126,13.08726,93.48027,0.04958979,0,1.512901,0,9.948462
10/21/2007 9:00:00 AM,0.5698248,43.30807,-64.86974,43.45381,0.5933588,2.662994,0.7746469,0.7746469,0,-1,0,0.7746469,343.7688,0.8854386,0,0,2.662994,0.8154178,0.7746469,0,0,0.9621378,9.75935,0.9621378,0,0.9621378,14.00003,100,0.04956864,0.8521116,2.130395,0,12.42234
10/21/2007 10:00:00 AM,0.7204884,56.08798,-53.49861,29.34264,0.7485039,3.359286,0.9355967,0.9355967,0,0,0,0.9355967,359.0527,2.374447,0,0,3.359286,0.9848387,0.9355967,0,0,0,10.62527,0,0,0,14.00003,100,0.04956864,1.029156,2.687428,0,13.98456
10/21/2007 11:00:00 AM,0.8396687,66.23444,-31.00656,16.64879,0.8728841,3.917504,0.4250578,0.4250578,0,0,0,0.4250578,921.6403,3.470075,0,0,3.917504,0.4474292,0.4250578,0,0,0,10.62527,0,0,0,14.00003,100,0.04956864,0.4675635,3.134003,0,14.54278
10/21/2007 12:00:00 PM,0.645639,69.39482,7.74574,11.71627,0.6578977,2.952645,0.683816,0.683816,0,0,0,0.683816,431.7894,2.232839,0,0,2.952645,0.7198063,0.683816,0,0,0,10.62527,0,0,0,14.00003,100,0.04956864,0.7521976,2.362116,0,13.57792
10/21/2007 1:00:00 PM,0.5751414,62.99325,41.2202,21.00862,0.5839224,2.620644,0.002210405,0.002210405,0,0,0,0.002210405,118559.4,2.618317,0,0,2.620644,0.002326742,0.002210405,0,0,0,10.62527,0,0,0,14.00003,100,0.04956864,0.002431445,2.096515,0,13.24592
10/21/2007 2:00:00 PM,0.6178156,51.54066,58.5575,34.48513,0.6382043,2.864261,1.479104,1.479104,0,-1,0,1.479104,193.6483,1.307309,0,0,2.864261,1.556952,1.479104,0,0,0,10.62527,0,0,0,14.00003,100,0.04956864,1.627015,2.291409,0,13.48954
10/21/2007 3:00:00 PM,0.5019991,38.29213,67.64519,48.78773,0.5232808,2.348484,0.3548719,0.3548719,0,0,0,0.3548719,661.7838,1.974935,0,0,2.348484,0.3735493,0.3548719,0,0,0,10.62527,0,0,0,14.00003,100,0.04956864,0.3903591,1.878787,0,12.97376
10/21/2007 4:00:00 PM,0.2805316,24.3275,73.05635,63.35046,0.2908674,1.305413,0.9627239,0.9627239,0,0,0,0.9627239,135.5958,0.2920192,0,0,1.305413,1.013394,0.9627239,0,0,0,10.62527,0,0,0,14.00003,100,0.04956864,1.058996,1.04433,0,11.93069
10/21/2007 5:00:00 PM,0.1032818,10.02318,76.62444,78.0153,0.1085594,0.4872144,0.7229331,0.7229331,0,0,0,0.7229331,67.39412,0,0,0,0.4872144,0.7609822,0.7229331,0,0,0,10.62527,0,0.2737678,-0.2737678,13.71145,97.93874,0.04956864,0.7952264,0.3897715,0,11.11249
10/21/2007 6:00:00 PM,0.002196692,0,79.14028,90,0,0,0,0,0,0,0,0,0,0,0,0,0,0,0,0,0,0.3041865,10.35151,0,0,0,13.71145,97.93874,0.04956864,0,0,0,10.35151
10/21/2007 7:00:00 PM,0,0,80.96864,90,0,0,0.5789481,0.5789481,0,-1,0,0.5789481,0,0,1.110223E-16,0,0,0.609419,0.5789481,0,0,0.3041865,10.35151,0,0.609419,-0.609419,13.06907,93.3503,0.04956864,0.6368429,0,0,10.35151
10/21/2007 8:00:00 PM,0,0,82.25451,90,0,0,1.556086,1.556086,0,-1,0,1.556086,0,0,2.220446E-16,0,0,1.637985,1.556086,0,0,0.9813187,9.742087,0,1.637985,-1.637985,11.34248,81.01755,0.04956864,1.711694,0,0,9.742087
10/21/2007 9:00:00 PM,0,0,82.9472,90,0,0,0.7330665,0.7330665,0,-1,0,0.7330665,0,0,1.110223E-16,0,0,0.7716489,0.7330665,0,0,2.801302,8.104102,0,0.7716489,-0.7716489,10.52909,75.20763,0.04956864,0.8063732,0,0,8.104102
10/21/2007 10:00:00 PM,0,0,82.5481,90,0,0,0.3211417,0.3211417,0,-1,0,0.3211417,0,0,5.551115E-17,0,0,0.338044,0.3211417,0,0,3.65869,7.332453,0,0.338044,-0.338044,10.17276,72.66243,0.04956864,0.3532559,0,0,7.332453
10/21/2007 11:00:00 PM,0,0,77.73686,90,0,0,0.3669256,0.3669256,0,-1,0,0.3669256,0,0,5.551115E-17,0,0,0.3862375,0.3669256,0,0,4.034294,6.99441,0,0.3862375,-0.3862375,9.765631,69.75436,0.04956864,0.4036182,0,0,6.99441
10/22/2007 12:00:00 AM,0,0,-45.05377,90,0,0,0.07643422,0.07643422,0,-1,0,0.07643422,0,0,1.387779E-17,0,0,0.08045708,0.07643422,0,0,4.463447,6.608172,0,0.08045708,-0.08045708,9.680821,69.14858,0.04956864,0.08407765,0,0,6.608172
10/22/2007 1:00:00 AM,0,0,-79.57245,90,0,0,0.2646782,0.2646782,0,-1,0,0.2646782,0,0,0,0,0,0.2786087,0.2646782,0,0,4.552844,6.527715,0,0.2786087,-0.2786087,9.387142,67.05088,0.04956864,0.2911461,0,0,6.527715
10/22/2007 2:00:00 AM,0,0,-82.2459,90,0,0,0.4965497,0.4965497,0,-1,0,0.4965497,0,0,5.551115E-17,0,0,0.5226839,0.4965497,0,0,4.862409,6.249106,0,0.5226839,-0.5226839,8.836185,63.11548,0.04956864,0.5462047,0,0,6.249106
10/22/2007 3:00:00 AM,0,0,-82.29426,90,0,0,0.2713234,0.2713234,0,-1,0,0.2713234,0,0,0,0,0,0.2856036,0.2713234,0,0,5.443169,5.726422,0,0.2856036,-0.2856036,8.535132,60.96511,0.04956864,0.2984558,0,0,5.726422
10/22/2007 4:00:00 AM,0,0,-81.43965,90,0,0,0.4044339,0.4044339,0,-1,0,0.4044339,0,0,5.551115E-17,0,0,0.4257199,0.4044339,0,0,5.760506,5.440819,0,0.4257199,-0.4257199,8.086384,57.75977,0.04956864,0.4448773,0,0,5.440819
10/22/2007 5:00:00 AM,0,0,-79.99631,90,0,0,0.2269352,0.2269352,0,0,0,0.2269352,0,0,2.775558E-17,0,0,0.2388792,0.2269352,0,0,6.233528,5.015099,0,0.2388792,-0.2388792,7.834583,55.9612,0.04956864,0.2496287,0,0,5.015099
10/22/2007 6:00:00 AM,0.02977608,0.8889587,-77.95101,87.24365,0.06504846,0.2919375,0.07174783,0.07174783,0,0,0,0.07174783,406.8938,0,0,0,0.2919375,0.07552403,0.07174783,0,0,6.49895,4.77622,0.2164135,0,0.2164135,8.039891,57.42768,0.04956389,0.07892261,0.23355,0,5.068157
10/22/2007 7:00:00 AM,0.1803119,15.29907,-75.09323,72.5701,0.1907285,0.8559893,0,0,0,0,0,0,0,0,0,0,0.8559893,0,0,0,0,6.282536,4.970992,0.8559893,0,0.8559893,8.851954,63.22812,0.04954509,0,0.6847914,0,5.826981
10/22/2007 8:00:00 AM,0.3341566,29.47495,-70.93668,57.95539,0.3448126,1.547519,1.778661,1.778661,0,0,0,1.778661,87.00472,0,0,0,1.547519,1.872275,1.778661,0,0,5.426547,5.741382,0,0.3247557,-0.3247557,8.509631,60.78296,0.04954509,1.956527,1.238015,0,7.288901
10/22/2007 9:00:00 AM,0.5913152,43.19794,-64.40916,43.49241,0.6183513,2.775161,1.593456,1.593456,0,-1,0,1.593456,174.1598,0,0,0,2.775161,1.677323,1.593456,0,0,5.787386,5.416626,1.097838,0,1.097838,9.551132,68.22224,0.04952101,1.752802,2.220129,0,8.191787
10/22/2007 10:00:00 AM,0.8212209,55.91163,-52.95161,29.43473,0.8601809,3.860492,1.364781,1.364781,0,0,0,1.364781,282.8654,0,0,0,3.860492,1.436611,1.364781,0,0,4.689548,6.404681,2.423881,0,2.423881,11.85063,84.64716,0.04946791,1.501259,3.088393,0,10.26517
10/22/2007 11:00:00 AM,0.868257,65.9532,-30.47976,16.85947,0.9050317,4.061782,0.9263254,0.9263254,0,0,0,0.9263254,438.4833,0.8210352,0,0,4.061782,0.9750794,0.9263254,0,0,2.265667,8.586173,2.265667,0,2.265667,14.00003,100,0.04941838,1.018958,3.249426,0,12.64796
10/22/2007 12:00:00 PM,0.6256874,69.04188,7.717686,12.06633,0.6366035,2.857076,0.1346213,0.1346213,0,0,0,0.1346213,2122.306,2.71537,0,0,2.857076,0.1417066,0.1346213,0,0,0,10.62527,0,0,0,14.00003,100,0.04941838,0.1480834,2.285661,0,13.48235
10/22/2007 1:00:00 PM,0.881483,62.70482,40.77393,21.2268,0.9211878,4.134291,0.1569906,0.1569906,0,0,0,0.1569906,2633.463,3.969038,0,0,4.134291,0.1652533,0.1569906,0,0,0,10.62527,0,0,0,14.00003,100,0.04941838,0.1726897,3.307433,0,14.75957
10/22/2007 2:00:00 PM,0.7626922,51.32777,58.10567,34.62568,0.8000268,3.59052,0,0,0,-1,0,0,0,3.59052,0,0,3.59052,0,0,0,0,0,10.62527,0,0,0,14.00003,100,0.04941838,0,2.872416,0,14.21579
10/22/2007 3:00:00 PM,0.6595723,38.12866,67.24689,48.88787,0.7004548,3.143641,1.419276,1.419276,0,0,0,1.419276,221.4961,1.649667,0,0,3.143641,1.493975,1.419276,0,0,0,10.62527,0,0,0,14.00003,100,0.04941838,1.561204,2.514913,0,13.76892
10/22/2007 4:00:00 PM,0.4003413,24.19686,72.69655,63.42419,0.433383,1.945023,1.9644,1.9644,0,0,0,1.9644,99.01359,0,0,0,1.945023,2.067789,1.9644,0,0,0,10.62527,0,0.1227666,-0.1227666,13.87062,99.07566,0.04941838,2.16084,1.556018,0,12.5703
10/22/2007 5:00:00 PM,0.1387392,9.916271,76.28278,78.06841,0.1573558,0.7062129,0,0,0,0,0,0,0,0.5698055,0,0,0.7062129,0,0,0,0,0.1364073,10.50251,0.1364073,0,0.1364073,14.00003,100,0.0494154,0,0.5649703,0,11.20872
10/22/2007 6:00:00 PM,0.002668392,0,78.79736,90,0,0,1.669222,1.669222,0,0,0,1.669222,0,0,2.220446E-16,0,0,1.757076,1.669222,0,0,0,10.62527,0,1.757076,-1.757076,12.14791,86.77059,0.0494154,1.836144,0,0,10.62527
10/22/2007 7:00:00 PM,0,0,80.60293,90,0,0,0.1409514,0.1409514,0,-1,0,0.1409514,0,0,0,0,0,0.1483698,0.1409514,0,0,1.952307,8.868198,0,0.1483698,-0.1483698,11.99151,85.65348,0.0494154,0.1550465,0,0,8.868198
10/22/2007 8:00:00 PM,0,0,81.83556,90,0,0,0.9389362,0.9389362,0,-1,0,0.9389362,0,0,1.110223E-16,0,0,0.9883539,0.9389362,0,0,2.117162,8.719829,0,0.9883539,-0.9883539,10.9497,78.21195,0.0494154,1.03283,0,0,8.719829
10/22/2007 9:00:00 PM,0,0,82.41879,90,0,0,1.03869,1.03869,0,-1,0,1.03869,0,0,0,0,0,1.093358,1.03869,0,0,3.215333,7.731474,0,1.093358,-1.093358,9.797194,69.97982,0.0494154,1.142559,0,0,7.731474
10/22/2007 10:00:00 PM,0,0,81.76849,90,0,0,0.03809943,0.03809943,0,-1,0,0.03809943,0,0,0,0,0,0.04010466,0.03809943,0,0,4.430175,6.638116,0,0.04010466,-0.04010466,9.754921,69.67786,0.0494154,0.04190937,0,0,6.638116
10/22/2007 11:00:00 PM,0,0,76.08241,90,0,0,0.1728439,0.1728439,0,-1,0,0.1728439,0,0,0,0,0,0.181941,0.1728439,0,0,4.474736,6.598012,0,0.181941,-0.181941,9.563138,68.30799,0.0494154,0.1901283,0,0,6.598012
10/23/2007 12:00:00 AM,0,0,-41.97355,90,0,0,0.1315615,0.1315615,0,-1,0,0.1315615,0,0,0,0,0,0.1384857,0.1315615,0,0,4.676893,6.416071,0,0.1384857,-0.1384857,9.417161,67.2653,0.0494154,0.1447176,0,0,6.416071
10/23/2007 1:00:00 AM,0,0,-78.45937,90,0,0,0,0,0,-1,0,0,0,0,0,0,0,0,0,0,0,4.830766,6.277585,0,0,0,9.417161,67.2653,0.0494154,0,0,0,6.277585
10/23/2007 2:00:00 AM,0,0,-81.5998,90,0,0,0.1980861,0.1980861,0,-1,0,0.1980861,0,0,2.775558E-17,0,0,0.2085117,0.1980861,0,0,4.830766,6.277585,0,0.2085117,-0.2085117,9.197371,65.69537,0.0494154,0.2178947,0,0,6.277585
10/23/2007 3:00:00 AM,0,0,-81.81865,90,0,0,0.008442757,0.008442757,0,-1,0,0.008442757,0,0,0,0,0,0.008887113,0.008442757,0,0,5.062445,6.069074,0,0.008887113,-0.008887113,9.188003,65.62846,0.0494154,0.009287032,0,0,6.069074
10/23/2007 4:00:00 AM,0,0,-81.04325,90,0,0,0.2482453,0.2482453,0,-1,0,0.2482453,0,0,5.551115E-17,0,0,0.2613109,0.2482453,0,0,5.07232,6.060186,0,0.2613109,-0.2613109,8.912557,63.661,0.0494154,0.2730699,0,0,6.060186
10/23/2007 5:00:00 AM,0,0,-79.63688,90,0,0,0,0,0,0,0,0,0,0,0,0,0,0,0,0,0,5.362665,5.798875,0,0,0,8.912557,63.661,0.0494154,0,0,0,5.798875
10/23/2007 6:00:00 AM,0.02567684,0.8666956,-77.60238,87.2121,0.04701807,0.2110171,0.2464123,0.2464123,0,0,0,0.2464123,85.63579,0,0,0,0.2110171,0.2593813,0.2464123,0,0,5.362665,5.798875,0,0.04836425,-0.04836425,8.861577,63.29685,0.0494154,0.2710535,0.1688137,0,6.009892
10/23/2007 7:00:00 AM,0.2012245,15.25543,-74.73397,72.55812,0.2177237,0.9771439,0.6931303,0.6931303,0,0,0,0.6931303,140.9755,0,0,0,0.9771439,0.7296108,0.6931303,0,0,5.416403,5.750511,0.2475331,0,0.2475331,9.096407,64.97421,0.04941,0.7624432,0.7817151,0,6.727655
10/23/2007 8:00:00 AM,0.4459523,29.40295,-70.5442,57.96652,0.4756682,2.134799,1.058324,1.058324,0,0,0,1.058324,201.715,0,0,0,2.134799,1.114025,1.058324,0,0,5.16887,5.973291,1.020773,0,1.020773,10.0648,71.89127,0.04938772,1.164156,1.707839,0,8.108089
10/23/2007 9:00:00 AM,0.7408603,43.08465,-63.95632,43.53547,0.7843784,3.52029,0,0,0,-1,0,0,0,0,0,0,3.52029,0,0,0,0,4.148097,6.891987,3.52029,0,3.52029,13.40444,95.7458,0.04931106,0,2.816232,0,10.41228
10/23/2007 10:00:00 AM,0.8195326,55.73252,-52.41778,29.5319,0.8593065,3.856568,0,0,0,0,0,0,0,3.228761,0,0,3.856568,0,0,0,0,0.6278063,10.06025,0.6278063,0,0.6278063,14.00003,100,0.04929741,0,3.085254,0,13.91682
10/23/2007 11:00:00 AM,0.9948014,65.67167,-29.97511,17.07449,1.041822,4.675698,0,0,0,0,0,0,0,4.675698,0,0,4.675698,0,0,0,0,0,10.62527,0,0,0,14.00003,100,0.04929741,0,3.740558,0,15.30097
10/23/2007 12:00:00 PM,0.9110078,68.69279,7.683508,12.41247,0.9509667,4.267939,1.28344,1.28344,0,0,0,1.28344,332.5392,2.91695,0,0,4.267939,1.350989,1.28344,0,0,0,10.62527,0,0,0,14.00003,100,0.04929741,1.411783,3.414351,0,14.89321
10/23/2007 1:00:00 PM,0.9022235,62.41962,40.33624,21.44396,0.9445831,4.239289,1.380058,1.380058,0,0,0,1.380058,307.182,2.786597,0,0,4.239289,1.452693,1.380058,0,0,0,10.62527,0,0,0,14.00003,100,0.04929741,1.518064,3.391431,0,14.86456
10/23/2007 2:00:00 PM,0.6333032,51.11757,57.66024,34.7649,0.6569172,2.948244,0.9286565,0.9286565,0,-1,0,0.9286565,317.4741,1.970711,0,0,2.948244,0.9775332,0.9286565,0,0,0,10.62527,0,0,0,14.00003,100,0.04929741,1.021522,2.358595,0,13.57352
10/23/2007 3:00:00 PM,0.4780894,37.96797,66.85306,48.98612,0.4973777,2.232231,0.9056604,0.9056604,0,0,0,0.9056604,246.4755,1.278904,0,0,2.232231,0.9533268,0.9056604,0,0,0,10.62527,0,0,0,14.00003,100,0.04929741,0.9962264,1.785785,0,12.8575
10/23/2007 4:00:00 PM,0.2599346,24.06927,72.34025,63.49557,0.2679708,1.202653,0,0,0,0,0,0,0,1.202653,0,0,1.202653,0,0,0,0,0,10.62527,0,0,0,14.00003,100,0.04929741,0,0.9621223,0,11.82793
10/23/2007 5:00:00 PM,0.1272059,9.812695,75.94418,78.11877,0.1419339,0.6369992,0.4955602,0.4955602,0,0,0,0.4955602,128.5413,0.115357,0,0,0.6369992,0.5216423,0.4955602,0,0,0,10.62527,0,0,0,14.00003,100,0.04929741,0.5451162,0.5095994,0,11.26227
10/23/2007 6:00:00 PM,0.002303088,0,78.45736,90,0,0,1.339192,1.339192,0,0,0,1.339192,0,0,2.220446E-16,0,0,1.409676,1.339192,0,0,0,10.62527,0,1.409676,-1.409676,12.5141,89.38624,0.04929741,1.473112,0,0,10.62527
10/23/2007 7:00:00 PM,0,0,80.24027,90,0,0,0.1529263,0.1529263,0,-1,0,0.1529263,0,0,0,0,0,0.1609751,0.1529263,0,0,1.566307,9.215598,0,0.1609751,-0.1609751,12.34442,88.17422,0.04929741,0.168219,0,0,9.215598
10/23/2007 8:00:00 PM,0,0,81.42004,90,0,0,0,0,0,-1,0,0,0,0,0,0,0,0,0,0,0,1.745168,9.054623,0,0,0,12.34442,88.17422,0.04929741,0,0,0,9.054623
10/23/2007 9:00:00 PM,0,0,81.89478,90,0,0,0.7220269,0.7220269,0,-1,0,0.7220269,0,0,1.110223E-16,0,0,0.7600284,0.7220269,0,0,1.745168,9.054623,0,0.7600284,-0.7600284,11.54328,82.45181,0.04929741,0.7942296,0,0,9.054623
10/23/2007 10:00:00 PM,0,0,80.99605,90,0,0,0.3360322,0.3360322,0,-1,0,0.3360322,0,0,5.551115E-17,0,0,0.3537181,0.3360322,0,0,2.589644,8.294595,0,0.3537181,-0.3537181,11.17042,79.78858,0.04929741,0.3696354,0,0,8.294595
10/23/2007 11:00:00 PM,0,0,74.45605,90,0,0,0,0,0,-1,0,0,0,0,0,0,0,0,0,0,0,2.982664,7.940876,0,0,0,11.17042,79.78858,0.04929741,0,0,0,7.940876
10/24/2007 12:00:00 AM,0,0,-39.27897,90,0,0,0.4594309,0.4594309,0,-1,0,0.4594309,0,0,0,0,0,0.4836114,0.4594309,0,0,2.982664,7.940876,0,0.4836114,-0.4836114,10.66065,76.14737,0.04929741,0.505374,0,0,7.940876
10/24/2007 1:00:00 AM,0,0,-77.36635,90,0,0,0.1582104,0.1582104,0,-1,0,0.1582104,0,0,2.775558E-17,0,0,0.1665373,0.1582104,0,0,3.52001,7.457265,0,0.1665373,-0.1665373,10.48511,74.89348,0.04929741,0.1740314,0,0,7.457265
10/24/2007 2:00:00 AM,0,0,-80.96181,90,0,0,0.2469873,0.2469873,0,-1,0,0.2469873,0,0,0,0,0,0.2599866,0.2469873,0,0,3.705052,7.290728,0,0.2599866,-0.2599866,10.21106,72.93598,0.04929741,0.271686,0,0,7.290728
10/24/2007 3:00:00 AM,0,0,-81.34841,90,0,0,0.1834775,0.1834775,0,-1,0,0.1834775,0,0,2.775558E-17,0,0,0.1931342,0.1834775,0,0,3.993926,7.030741,0,0.1931342,-0.1931342,10.00748,71.48183,0.04929741,0.2018252,0,0,7.030741
10/24/2007 4:00:00 AM,0,0,-80.65121,90,0,0,0,0,0,-1,0,0,0,0,0,0,0,0,0,0,0,4.208519,6.837607,0,0,0,10.00748,71.48183,0.04929741,0,0,0,6.837607
10/24/2007 5:00:00 AM,0,0,-79.28145,90,0,0,0.3170585,0.3170585,0,0,0,0.3170585,0,0,0,0,0,0.3337458,0.3170585,0,0,4.208519,6.837607,0,0.3337458,-0.3337458,9.655677,68.96899,0.04929741,0.3487644,0,0,6.837607
10/24/2007 6:00:00 AM,0.02961683,0.841943,-77.25779,87.18371,0.06951327,0.3119755,0.2858351,0.2858351,0,0,0,0.2858351,109.1453,0,0,0,0.3119755,0.3008791,0.2858351,0,0,4.579348,6.503861,0.01109645,0,0.01109645,9.666204,69.04417,0.04929717,0.3144186,0.2495804,0,6.815836
10/24/2007 7:00:00 AM,0.2224735,15.20902,-74.3792,72.54965,0.2460104,1.104095,0.4420649,0.4420649,0,0,0,0.4420649,249.7585,0,0,0,1.104095,0.4653315,0.4420649,0,0,4.568252,6.513848,0.6387633,0,0.6387633,10.27219,73.37263,0.0492833,0.4862714,0.8832758,0,7.617943
10/24/2007 8:00:00 AM,0.5250153,29.32797,-70.15729,57.98155,0.5662215,2.541202,0.707637,0.707637,0,0,0,0.707637,359.111,0,0,0,2.541202,0.744881,0.707637,0,0,3.929488,7.088735,1.796321,0,1.796321,11.97633,85.54503,0.04924431,0.7784007,2.032962,0,9.629937
10/24/2007 9:00:00 AM,0.7535542,42.96832,-63.51139,43.5829,0.7989699,3.585777,0.8438507,0.8438507,0,-1,0,0.8438507,424.9302,0.5643458,0,0,3.585777,0.8882639,0.8438507,0,0,2.133167,8.705423,2.133167,0,2.133167,14.00003,100,0.0491981,0.9282358,2.868622,0,12.2912
10/24/2007 10:00:00 AM,0.7423196,55.55083,-51.89719,29.63399,0.7751533,3.478888,0.3533333,0.3533333,0,0,0,0.3533333,984.591,3.106958,0,0,3.478888,0.3719298,0.3533333,0,0,0,10.62527,0,0,0,14.00003,100,0.0491981,0.3886666,2.78311,0,14.10416
10/24/2007 11:00:00 AM,0.6631474,65.39008,-29.49206,17.29339,0.6797401,3.050673,0.4195862,0.4195862,0,0,0,0.4195862,727.0673,2.609004,0,0,3.050673,0.4416696,0.4195862,0,0,0,10.62527,0,0,0,14.00003,100,0.0491981,0.4615448,2.440539,0,13.67595
10/24/2007 12:00:00 PM,0.6500394,68.34767,7.643402,12.75459,0.6639428,2.979775,1.448465,1.448465,0,0,0,1.448465,205.7196,1.455076,0,0,2.979775,1.5247,1.448465,0,0,0,10.62527,0,0,0,14.00003,100,0.0491981,1.593311,2.38382,0,13.60505
10/24/2007 1:00:00 PM,0.7390428,62.13781,39.90677,21.65986,0.7660968,3.438242,0.644658,0.644658,0,0,0,0.644658,533.3436,2.759655,0,0,3.438242,0.6785874,0.644658,0,0,0,10.62527,0,0,0,14.00003,100,0.0491981,0.7091238,2.750594,0,14.06352
10/24/2007 2:00:00 PM,0.7250417,50.9102,57.2211,34.90263,0.7604404,3.412857,1.330534,1.330534,0,-1,0,1.330534,256.5027,2.012294,0,0,3.412857,1.400562,1.330534,0,0,0,10.62527,0,0,0,14.00003,100,0.0491981,1.463588,2.730285,0,14.03813
10/24/2007 3:00:00 PM,0.581719,37.81017,66.46368,49.08236,0.6166055,2.767325,1.335333,1.335333,0,0,0,1.335333,207.2385,1.361711,0,0,2.767325,1.405614,1.335333,0,0,0,10.62527,0,0,0,14.00003,100,0.0491981,1.468867,2.21386,0,13.3926
10/24/2007 4:00:00 PM,0.3239014,23.94479,71.9875,63.56451,0.3442844,1.545149,0.6097654,0.6097654,0,0,0,0.6097654,253.4005,0.9032904,0,0,1.545149,0.6418582,0.6097654,0,0,0,10.62527,0,0,0,14.00003,100,0.0491981,0.6707419,1.236119,0,12.17042
10/24/2007 5:00:00 PM,0.1112991,9.712523,75.60873,78.16632,0.1205559,0.5410548,0,0,0,0,0,0,0,0.5410548,0,0,0.5410548,0,0,0,0,0,10.62527,0,0,0,14.00003,100,0.0491981,0,0.4328439,0,11.16633
10/24/2007 6:00:00 PM,0.00297653,0,78.12039,90,0,0,0.7569121,0.7569121,0,0,0,0.7569121,0,0,1.110223E-16,0,0,0.7967496,0.7569121,0,0,0,10.62527,0,0.7967496,-0.7967496,13.16018,94.0011,0.0491981,0.8326033,0,0,10.62527
10/24/2007 7:00:00 PM,0,0,79.88078,90,0,0,1.68539,1.68539,0,-1,0,1.68539,0,0,0,0,0,1.774094,1.68539,0,0,0.8852773,9.828525,0,1.774094,-1.774094,11.29012,80.64355,0.0491981,1.853929,0,0,9.828525
10/24/2007 8:00:00 PM,0,0,81.00817,90,0,0,0.5033441,0.5033441,0,-1,0,0.5033441,0,0,1.110223E-16,0,0,0.5298359,0.5033441,0,0,2.856493,8.05443,0,0.5298359,-0.5298359,10.73162,76.6543,0.0491981,0.5536785,0,0,8.05443
10/24/2007 9:00:00 PM,0,0,81.3755,90,0,0,0.4111268,0.4111268,0,-1,0,0.4111268,0,0,5.551115E-17,0,0,0.432765,0.4111268,0,0,3.4452,7.524594,0,0.432765,-0.432765,10.27545,73.39593,0.0491981,0.4522395,0,0,7.524594
10/24/2007 10:00:00 PM,0,0,80.23146,90,0,0,0,0,0,-1,0,0,0,0,0,0,0,0,0,0,0,3.92605,7.091829,0,0,0,10.27545,73.39593,0.0491981,0,0,0,7.091829
10/24/2007 11:00:00 PM,0,0,72.8614,90,0,0,0,0,0,-1,0,0,0,0,0,0,0,0,0,0,0,3.92605,7.091829,0,0,0,10.27545,73.39593,0.0491981,0,0,0,7.091829
10/25/2007 12:00:00 AM,0,0,-36.90483,90,0,0,0,0,0,-1,0,0,0,0,0,0,0,0,0,0,0,3.92605,7.091829,0,0,0,10.27545,73.39593,0.0491981,0,0,0,7.091829
10/25/2007 1:00:00 AM,0,0,-76.29349,90,0,0,0,0,0,-1,0,0,0,0,0,0,0,0,0,0,0,3.92605,7.091829,0,0,0,10.27545,73.39593,0.0491981,0,0,0,7.091829
10/25/2007 2:00:00 AM,0,0,-80.33203,90,0,0,0.04468295,0.04468295,0,-1,0,0.04468295,0,0,6.938894E-18,0,0,0.04703468,0.04468295,0,0,3.92605,7.091829,0,0.04703468,-0.04703468,10.22587,73.04179,0.0491981,0.04915125,0,0,7.091829
10/25/2007 3:00:00 AM,0,0,-80.88366,90,0,0,0.03515998,0.03515998,0,-1,0,0.03515998,0,0,6.938894E-18,0,0,0.0370105,0.03515998,0,0,3.978311,7.044795,0,0.0370105,-0.0370105,10.18686,72.76313,0.0491981,0.03867598,0,0,7.044795
10/25/2007 4:00:00 AM,0,0,-80.26363,90,0,0,0.2414884,0.2414884,0,-1,0,0.2414884,0,0,2.775558E-17,0,0,0.2541983,0.2414884,0,0,4.019433,7.007784,0,0.2541983,-0.2541983,9.91891,70.84922,0.0491981,0.2656372,0,0,7.007784
10/25/2007 5:00:00 AM,0,0,-78.93012,90,0,0,0.07315752,0.07315752,0,0,0,0.07315752,0,0,1.387779E-17,0,0,0.07700792,0.07315752,0,0,4.301876,6.753586,0,0.07700792,-0.07700792,9.837737,70.26941,0.0491981,0.08047327,0,0,6.753586
10/25/2007 6:00:00 AM,0.02219124,0.8146852,-76.91735,87.15849,0.03531951,0.158514,0,0,0,0,0,0,0,0,0,0,0.158514,0,0,0,0,4.38744,6.676578,0.158514,0,0.158514,9.988116,71.34354,0.04919467,0,0.1268112,0,6.835092
10/25/2007 7:00:00 AM,0.1840144,15.15986,-74.02905,72.54468,0.1966429,0.8825333,0,0,0,0,0,0,0,0,0,0,0.8825333,0,0,0,0,4.228926,6.819241,0.8825333,0,0.8825333,10.82536,77.32385,0.04917558,0,0.7060266,0,7.701774
10/25/2007 8:00:00 AM,0.3695087,29.25006,-69.77607,58.00044,0.3871512,1.737535,0.6635709,0.6635709,0,0,0,0.6635709,261.8461,0,0,0,1.737535,0.6984957,0.6635709,0,0,3.346393,7.613521,1.039039,0,1.039039,11.81108,84.36469,0.04915312,0.729928,1.390028,0,9.351055
10/25/2007 9:00:00 AM,0.7191453,42.84903,-63.07452,43.63463,0.7630684,3.424651,0.7030321,0.7030321,0,-1,0,0.7030321,487.1258,0.3772629,0,0,3.424651,0.7400339,0.7030321,0,0,2.307354,8.548656,2.307354,0,2.307354,14.00003,100,0.04910332,0.7733354,2.739721,0,11.97331
10/25/2007 10:00:00 AM,0.8944163,55.36673,-51.38992,29.74082,0.9418746,4.227133,0,0,0,0,0,0,0,4.227133,0,0,4.227133,0,0,0,0,0,10.62527,0,0,0,14.00003,100,0.04910332,0,3.381707,0,14.85241
10/25/2007 11:00:00 AM,0.6767606,65.10865,-29.03004,17.51578,0.6952946,3.120482,1.06792,1.06792,0,0,0,1.06792,292.2018,1.996356,0,0,3.120482,1.124127,1.06792,0,0,0,10.62527,0,0,0,14.00003,100,0.04910332,1.174712,2.496386,0,13.74576
10/25/2007 12:00:00 PM,0.6817909,68.00661,7.597554,13.09259,0.6993507,3.138686,0.968313,0.968313,0,0,0,0.968313,324.1396,2.119409,0,0,3.138686,1.019277,0.968313,0,0,0,10.62527,0,0,0,14.00003,100,0.04910332,1.065144,2.510949,0,13.76396
10/25/2007 1:00:00 PM,0.7618404,61.85952,39.48521,21.87427,0.7922646,3.555683,0.3936449,0.3936449,0,0,0,0.3936449,903.2718,3.14132,0,0,3.555683,0.4143631,0.3936449,0,0,0,10.62527,0,0,0,14.00003,100,0.04910332,0.4330094,2.844547,0,14.18096
10/25/2007 2:00:00 PM,0.5830093,50.7058,56.78819,35.03872,0.6016709,2.700299,0.4315951,0.4315951,0,-1,0,0.4315951,625.6556,2.245988,0,0,2.700299,0.4543107,0.4315951,0,0,0,10.62527,0,0,0,14.00003,100,0.04910332,0.4747546,2.160239,0,13.32557
10/25/2007 3:00:00 PM,0.5633174,37.65538,66.0788,49.17648,0.5967078,2.678024,0.1932998,0.1932998,0,0,0,0.1932998,1385.425,2.474551,0,0,2.678024,0.2034735,0.1932998,0,0,0,10.62527,0,0,0,14.00003,100,0.04910332,0.2126298,2.14242,0,13.3033
10/25/2007 4:00:00 PM,0.3648883,23.82353,71.63837,63.63092,0.3947137,1.771475,0,0,0,0,0,0,0,1.771475,0,0,1.771475,0,0,0,0,0,10.62527,0,0,0,14.00003,100,0.04910332,0,1.41718,0,12.39675
10/25/2007 5:00:00 PM,0.128688,9.615824,75.2765,78.21101,0.1459678,0.6551036,1.023475,1.023475,0,0,0,1.023475,64.0078,0,0,0,0.6551036,1.077342,1.023475,0,0,0,10.62527,0,0.4222382,-0.4222382,13.55495,96.82088,0.04910332,1.125822,0.5240829,0,11.28038
10/25/2007 6:00:00 PM,0.002454832,0,77.78657,90,0,0,0.6034011,0.6034011,0,0,0,0.6034011,0,0,1.110223E-16,0,0,0.635159,0.6034011,0,0,0.4691536,10.20304,0,0.635159,-0.635159,12.88543,92.03863,0.04910332,0.6637412,0,0,10.20304
10/25/2007 7:00:00 PM,0,0,79.5246,90,0,0,1.438996,1.438996,0,-1,0,1.438996,0,0,2.220446E-16,0,0,1.514732,1.438996,0,0,1.174886,9.567877,0,1.514732,-1.514732,11.28876,80.63387,0.04910332,1.582895,0,0,9.567877
10/25/2007 8:00:00 PM,0,0,80.60012,90,0,0,1.044726,1.044726,0,-1,0,1.044726,0,0,2.220446E-16,0,0,1.099712,1.044726,0,0,2.857922,8.053144,0,1.099712,-1.099712,10.12957,72.3539,0.04910332,1.149199,0,0,8.053144
10/25/2007 9:00:00 PM,0,0,80.86125,90,0,0,0.3063197,0.3063197,0,-1,0,0.3063197,0,0,0,0,0,0.3224418,0.3063197,0,0,4.079824,6.953433,0,0.3224418,-0.3224418,9.789683,69.92617,0.04910332,0.3369517,0,0,6.953433
10/25/2007 10:00:00 PM,0,0,79.47542,90,0,0,0.02847871,0.02847871,0,-1,0,0.02847871,0,0,0,0,0,0.02997759,0.02847871,0,0,4.438093,6.630991,0,0.02997759,-0.02997759,9.758084,69.70046,0.04910332,0.03132658,0,0,6.630991
10/25/2007 11:00:00 PM,0,0,71.3017,90,0,0,0.09512397,0.09512397,0,-1,0,0.09512397,0,0,1.387779E-17,0,0,0.1001305,0.09512397,0,0,4.471401,6.601013,0,0.1001305,-0.1001305,9.652537,68.94656,0.04910332,0.1046364,0,0,6.601013
10/26/2007 12:00:00 AM,0,0,-34.79775,90,0,0,0.223019,0.223019,0,-1,0,0.223019,0,0,2.775558E-17,0,0,0.2347568,0.223019,0,0,4.582657,6.500883,0,0.2347568,-0.2347568,9.405082,67.17902,0.04910332,0.2453209,0,0,6.500883
10/26/2007 1:00:00 AM,0,0,-75.24085,90,0,0,0.1333388,0.1333388,0,-1,0,0.1333388,0,0,2.775558E-17,0,0,0.1403566,0.1333388,0,0,4.843498,6.266126,0,0.1403566,-0.1403566,9.257133,66.12225,0.04910332,0.1466726,0,0,6.266126
10/26/2007 2:00:00 AM,0,0,-79.71053,90,0,0,0.03173728,0.03173728,0,-1,0,0.03173728,0,0,0,0,0,0.03340767,0.03173728,0,0,4.99945,6.125769,0,0.03340767,-0.03340767,9.221918,65.87071,0.04910332,0.03491101,0,0,6.125769
10/26/2007 3:00:00 AM,0,0,-80.42448,90,0,0,0,0,0,-1,0,0,0,0,0,0,0,0,0,0,0,5.03657,6.092361,0,0,0,9.221918,65.87071,0.04910332,0,0,0,6.092361
10/26/2007 4:00:00 AM,0,0,-79.88062,90,0,0,0.2954787,0.2954787,0,-1,0,0.2954787,0,0,0,0,0,0.3110302,0.2954787,0,0,5.03657,6.092361,0,0.3110302,-0.3110302,8.894064,63.5289,0.04910332,0.3250266,0,0,6.092361
10/26/2007 5:00:00 AM,0,0,-78.583,90,0,0,0.2456227,0.2456227,0,0,0,0.2456227,0,0,5.551115E-17,0,0,0.2585502,0.2456227,0,0,5.382159,5.781331,0,0.2585502,-0.2585502,8.621528,61.58222,0.04910332,0.2701849,0,0,5.781331
10/26/2007 6:00:00 AM,0.030522,0.7849098,-76.58117,87.13648,0.08222487,0.3690252,0,0,0,0,0,0,0,0,0,0,0.3690252,0,0,0,0,5.669437,5.522781,0.3690252,0,0.3690252,8.971616,64.08285,0.04909536,0,0.2952202,0,5.891806
10/26/2007 7:00:00 AM,0.2745181,15.10796,-73.68361,72.54322,0.3135363,1.407151,0.8678208,0.8678208,0,0,0,0.8678208,162.1476,0,0,0,1.407151,0.9134955,0.8678208,0,0,5.300412,5.854904,0.4936551,0,0.4936551,9.439939,67.42799,0.04908473,0.9546029,1.125721,0,7.262054
10/26/2007 8:00:00 AM,0.5206743,29.16927,-69.40068,58.02317,0.5634986,2.528982,1.084231,1.084231,0,0,0,1.084231,233.2511,0,0,0,2.528982,1.141296,1.084231,0,0,4.806756,6.299193,1.387686,0,1.387686,10.75641,76.83137,0.04905485,1.192654,2.023185,0,8.828175
10/26/2007 9:00:00 AM,0.6716067,42.7269,-62.64585,43.69059,0.7119116,3.19506,0.8049934,0.8049934,0,-1,0,0.8049934,396.9051,0,0,0,3.19506,0.8473614,0.8049934,0,0,3.419071,7.54811,2.347698,0,2.347698,12.98363,92.74006,0.04900438,0.8854927,2.556048,0,10.74317
10/26/2007 10:00:00 AM,0.8621037,55.18042,-50.89599,29.85219,0.9083453,4.076653,0.158141,0.158141,0,0,0,0.158141,2577.86,2.838817,0,0,4.076653,0.1664642,0.158141,0,0,1.071373,9.661038,1.071373,0,1.071373,14.00003,100,0.04898138,0.1739551,3.261323,0,13.73769
10/26/2007 11:00:00 AM,0.9982084,64.82761,-28.58852,17.74125,1.048546,4.705873,1.732995,1.732995,0,0,0,1.732995,271.5458,2.881669,0,0,4.705873,1.824205,1.732995,0,0,0,10.62527,0,0,0,14.00003,100,0.04898138,1.906294,3.764699,0,15.33115
10/26/2007 12:00:00 PM,0.98725,67.66969,7.546142,13.42637,1.035929,4.64925,0.5688494,0.5688494,0,0,0,0.5688494,817.3077,4.050461,0,0,4.64925,0.5987889,0.5688494,0,0,0,10.62527,0,0,0,14.00003,100,0.04898138,0.6257343,3.7194,0,15.27452
10/26/2007 1:00:00 PM,0.9092863,61.58489,39.07124,22.08696,0.9552271,4.287059,0.5533978,0.5533978,0,0,0,0.5533978,774.6794,3.704535,0,0,4.287059,0.5825241,0.5533978,0,0,0,10.62527,0,0,0,14.00003,100,0.04898138,0.6087376,3.429647,0,14.91233
10/26/2007 2:00:00 PM,0.7138664,50.50449,56.36142,35.17302,0.7498164,3.365176,0.9135798,0.9135798,0,-1,0,0.9135798,368.3506,2.403513,0,0,3.365176,0.9616629,0.9135798,0,0,0,10.62527,0,0,0,14.00003,100,0.04898138,1.004938,2.692141,0,13.99045
10/26/2007 3:00:00 PM,0.6042259,37.50371,65.69842,49.26837,0.643896,2.889805,0.7032192,0.7032192,0,0,0,0.7032192,410.9395,2.149575,0,0,2.889805,0.7402307,0.7032192,0,0,0,10.62527,0,0,0,14.00003,100,0.04898138,0.7735411,2.311844,0,13.51508
10/26/2007 4:00:00 PM,0.3859327,23.70556,71.2929,63.69473,0.4208451,1.888753,1.17316,1.17316,0,0,0,1.17316,160.997,0.6538469,0,0,1.888753,1.234906,1.17316,0,0,0,10.62527,0,0,0,14.00003,100,0.04898138,1.290477,1.511002,0,12.51403
10/26/2007 5:00:00 PM,0.1528042,9.522661,74.94757,78.25278,0.1825565,0.8193136,0.1112428,0.1112428,0,0,0,0.1112428,736.5096,0.7022159,0,0,0.8193136,0.1170976,0.1112428,0,0,0,10.62527,0,0,0,14.00003,100,0.04898138,0.122367,0.6554508,0,11.44459
10/26/2007 6:00:00 PM,0.002093689,0,77.45598,90,0,0,2.191531,2.191531,0,0,0,2.191531,0,0,4.440892E-16,0,0,2.306875,2.191531,0,0,0,10.62527,0,2.306875,-2.306875,11.56837,82.63104,0.04898138,2.410684,0,0,10.62527
10/26/2007 7:00:00 PM,0,0,79.17186,90,0,0,1.130611,1.130611,0,-1,0,1.130611,0,0,2.220446E-16,0,0,1.190117,1.130611,0,0,2.563194,8.318399,0,1.190117,-1.190117,10.31388,73.67039,0.04898138,1.243672,0,0,8.318399
10/26/2007 8:00:00 PM,0,0,80.19608,90,0,0,0.9846251,0.9846251,0,-1,0,0.9846251,0,0,1.110223E-16,0,0,1.036447,0.9846251,0,0,3.885546,7.128283,0,1.036447,-1.036447,9.221364,65.86675,0.04898138,1.083088,0,0,7.128283
10/26/2007 9:00:00 PM,0,0,80.35233,90,0,0,1.036563,1.036563,0,-1,0,1.036563,0,0,2.220446E-16,0,0,1.091119,1.036563,0,0,5.037155,6.091835,0,1.091119,-1.091119,8.071223,57.65148,0.04898138,1.140219,0,0,6.091835
10/26/2007 10:00:00 PM,0,0,78.72858,90,0,0,0.2057988,0.2057988,0,-1,0,0.2057988,0,0,0,0,0,0.2166304,0.2057988,0,0,6.249509,5.000716,0,0.2166304,-0.2166304,7.842875,56.02042,0.04898138,0.2263787,0,0,5.000716
10/26/2007 11:00:00 PM,0,0,69.77982,90,0,0,0,0,0,-1,0,0,0,0,0,0,0,0,0,0,0,6.49021,4.784086,0,0,0,7.842875,56.02042,0.04898138,0,0,0,4.784086
10/27/2007 12:00:00 AM,0,0,-32.91428,90,0,0,0.2457429,0.2457429,0,-1,0,0.2457429,0,0,2.775558E-17,0,0,0.2586767,0.2457429,0,0,6.49021,4.784086,0,0.2586767,-0.2586767,7.570206,54.07279,0.04898138,0.2703172,0,0,4.784086
10/27/2007 1:00:00 AM,0,0,-74.20844,90,0,0,0.07793214,0.07793214,0,-1,0,0.07793214,0,0,1.387779E-17,0,0,0.08203384,0.07793214,0,0,6.777628,4.525409,0,0.08203384,-0.08203384,7.483734,53.45514,0.04898138,0.08572536,0,0,4.525409
10/27/2007 2:00:00 AM,0,0,-79.09742,90,0,0,0.3675209,0.3675209,0,-1,0,0.3675209,0,0,0,0,0,0.3868641,0.3675209,0,0,6.868777,4.443375,0,0.3868641,-0.3868641,7.075944,50.54235,0.04898138,0.404273,0,0,4.443375
10/27/2007 3:00:00 AM,0,0,-79.97094,90,0,0,0.1911766,0.1911766,0,-1,0,0.1911766,0,0,2.775558E-17,0,0,0.2012386,0.1911766,0,0,7.298625,4.056511,0,0.2012386,-0.2012386,6.86382,49.02718,0.04898138,0.2102943,0,0,4.056511
10/27/2007 4:00:00 AM,0,0,-79.50224,90,0,0,0.2358628,0.2358628,0,-1,0,0.2358628,0,0,0,0,0,0.2482766,0.2358628,0,0,7.522224,3.855273,0,0.2482766,-0.2482766,6.602113,47.15786,0.04898138,0.2594491,0,0,3.855273
10/27/2007 5:00:00 AM,0,0,-78.24017,90,0,0,0.2772607,0.2772607,0,0,0,0.2772607,0,0,0,0,0,0.2918534,0.2772607,0,0,7.798087,3.606996,0,0.2918534,-0.2918534,6.294473,44.96043,0.04898138,0.3049868,0,0,3.606996
10/27/2007 6:00:00 AM,0.01010955,0.7526084,-76.24934,87.11771,0.01064511,0.04777527,0.3248762,0.3248762,0,0,0,0.3248762,14.70568,0,5.551115E-17,0,0.04777527,0.341975,0.3248762,0,0,8.122369,3.315143,0,0.2941997,-0.2941997,5.984359,42.74533,0.04898138,0.3573638,0.03822022,0,3.362918
10/27/2007 7:00:00 AM,0.1248825,15.05334,-73.34303,72.54526,0.1267581,0.5688905,0,0,0,0,0,0,0,0,0,0,0.5688905,0,0,0,0,8.449257,3.020943,0.5688905,0,0.5688905,6.524056,46.6003,0.04896918,0,0.4551123,0,3.589833
10/27/2007 8:00:00 AM,0.3064663,29.08565,-69.03126,58.0497,0.314898,1.413262,1.453313,1.453313,0,0,0,1.453313,97.24416,0,2.220446E-16,0,1.413262,1.529803,1.453313,0,0,7.880367,3.532944,0,0.1165412,-0.1165412,6.401211,45.72284,0.04896918,1.598644,1.13061,0,4.946206
10/27/2007 9:00:00 AM,0.5431038,42.60202,-62.22551,43.75067,0.566865,2.54409,1.219925,1.219925,0,-1,0,1.219925,208.5449,0,0,0,2.54409,1.284131,1.219925,0,0,8.009857,3.416403,1.259959,0,1.259959,7.596513,54.2607,0.04894218,1.341917,2.035272,0,5.960493
10/27/2007 10:00:00 AM,0.8126408,54.99205,-50.41544,29.96793,0.85558,3.839843,0,0,0,0,0,0,0,0,0,0,3.839843,0,0,0,0,6.749898,4.550366,3.839843,0,3.839843,11.23931,80.28061,0.04886007,0,3.071874,0,8.390209
10/27/2007 11:00:00 AM,0.9093332,64.54716,-28.16698,17.96939,0.9544539,4.283589,0.0417319,0.0417319,0,0,0,0.0417319,10264.54,1.329606,0,0,4.283589,0.04392831,0.0417319,0,0,2.910055,8.006225,2.910055,0,2.910055,14.00003,100,0.04879803,0.04590509,3.426871,0,12.28981
10/27/2007 12:00:00 PM,0.7075686,67.33704,7.489335,13.75585,0.7290189,3.271837,1.418909,1.418909,0,0,0,1.418909,230.5882,1.778248,0,0,3.271837,1.493589,1.418909,0,0,0,10.62527,0,0,0,14.00003,100,0.04879803,1.5608,2.617469,0,13.89711
10/27/2007 1:00:00 PM,0.9793115,61.31405,38.66457,22.29774,1.030888,4.626625,0.1932828,0.1932828,0,0,0,0.1932828,2393.708,4.423169,0,0,4.626625,0.2034556,0.1932828,0,0,0,10.62527,0,0,0,14.00003,100,0.04879803,0.212611,3.7013,0,15.2519
10/27/2007 2:00:00 PM,0.6919904,50.30642,55.94072,35.30538,0.7261459,3.258943,0.1954491,0.1954491,0,-1,0,0.1954491,1667.413,3.053207,0,0,3.258943,0.2057359,0.1954491,0,0,0,10.62527,0,0,0,14.00003,100,0.04879803,0.214994,2.607154,0,13.88422
10/27/2007 3:00:00 PM,0.3373598,37.35525,65.32255,49.35794,0.3416134,1.533161,1.076204,1.076204,0,0,0,1.076204,142.4601,0.400315,0,0,1.533161,1.132846,1.076204,0,0,0,10.62527,0,0,0,14.00003,100,0.04879803,1.183824,1.226529,0,12.15843
10/27/2007 4:00:00 PM,0.1148368,23.59097,70.95115,63.75588,0.1145618,0.5141534,1.178667,1.178667,0,0,0,1.178667,43.6216,0,0,0,0.5141534,1.240702,1.178667,0,0,0,10.62527,0,0.7265486,-0.7265486,13.23418,94.52966,0.04879803,1.296534,0.4113227,0,11.13943
10/27/2007 5:00:00 PM,0.07395242,9.433095,74.62202,78.29159,0.07530355,0.3379624,0,0,0,0,0,0,0,0,0,0,0.3379624,0,0,0,0,0.8072762,9.898726,0.3379624,0,0.3379624,13.5548,96.81979,0.04879083,0,0.2703699,0,10.23669
10/27/2007 6:00:00 PM,0.001082739,0,77.12872,90,0,0,0.8851539,0.8851539,0,0,0,0.8851539,0,0,0,0,0,0.9317409,0.8851539,0,0,0.4693139,10.20289,0,0.9317409,-0.9317409,12.57266,89.80451,0.04879083,0.9736693,0,0,10.20289
10/27/2007 7:00:00 PM,0,0,78.82269,90,0,0,0.04662805,0.04662805,0,-1,0,0.04662805,0,0,6.938894E-18,0,0,0.04908216,0.04662805,0,0,1.504582,9.271151,0,0.04908216,-0.04908216,12.52092,89.43496,0.04879083,0.05129086,0,0,9.271151
10/27/2007 8:00:00 PM,0,0,79.79623,90,0,0,0.7470978,0.7470978,0,-1,0,0.7470978,0,0,1.110223E-16,0,0,0.7864188,0.7470978,0,0,1.559117,9.222069,0,0.7864188,-0.7864188,11.69196,83.51384,0.04879083,0.8218077,0,0,9.222069
10/27/2007 9:00:00 PM,0,0,79.84903,90,0,0,0.8430105,0.8430105,0,-1,0,0.8430105,0,0,1.110223E-16,0,0,0.8873795,0.8430105,0,0,2.432916,8.43565,0,0.8873795,-0.8873795,10.75658,76.83257,0.04879083,0.9273115,0,0,8.43565
10/27/2007 10:00:00 PM,0,0,77.99157,90,0,0,0.3093062,0.3093062,0,-1,0,0.3093062,0,0,5.551115E-17,0,0,0.3255855,0.3093062,0,0,3.418893,7.54827,0,0.3255855,-0.3255855,10.41338,74.38116,0.04879083,0.3402368,0,0,7.54827
10/27/2007 11:00:00 PM,0,0,68.29829,90,0,0,0.3180706,0.3180706,0,-1,0,0.3180706,0,0,0,0,0,0.3348112,0.3180706,0,0,3.780655,7.222685,0,0.3348112,-0.3348112,10.06046,71.8603,0.04879083,0.3498777,0,0,7.222685
10/28/2007 12:00:00 AM,0,0,-31.21899,90,0,0,0.2016083,0.2016083,0,-1,0,0.2016083,0,0,0,0,0,0.2122192,0.2016083,0,0,4.152667,6.887874,0,0.2122192,-0.2122192,9.836763,70.26245,0.04879083,0.2217691,0,0,6.887874
10/28/2007 1:00:00 AM,0,0,-73.19622,90,0,0,0,0,0,-1,0,0,0,0,0,0,0,0,0,0,0,4.388466,6.675654,0,0,0,9.836763,70.26245,0.04879083,0,0,0,6.675654
10/28/2007 2:00:00 AM,0,0,-78.49275,90,0,0,0.00456737,0.00456737,0,-1,0,0.00456737,0,0,0,0,0,0.004807758,0.00456737,0,0,4.388466,6.675654,0,0.004807758,-0.004807758,9.831696,70.22626,0.04879083,0.005024107,0,0,6.675654
10/28/2007 3:00:00 AM,0,0,-79.52315,90,0,0,0.1560971,0.1560971,0,-1,0,0.1560971,0,0,0,0,0,0.1643127,0.1560971,0,0,4.393808,6.670847,0,0.1643127,-0.1643127,9.658495,68.98911,0.04879083,0.1717068,0,0,6.670847
10/28/2007 4:00:00 AM,0,0,-79.12861,90,0,0,0,0,0,-1,0,0,0,0,0,0,0,0,0,0,0,4.576378,6.506534,0,0,0,9.658495,68.98911,0.04879083,0,0,0,6.506534
10/28/2007 5:00:00 AM,0,0,-77.90173,90,0,0,0,0,0,0,0,0,0,0,0,0,0,0,0,0,0,4.576378,6.506534,0,0,0,9.658495,68.98911,0.04879083,0,0,0,6.506534
10/28/2007 6:00:00 AM,0.03135671,0.7177759,-75.92199,87.1022,0.0983457,0.4413755,0.05374346,0.05374346,0,0,0,0.05374346,821.2636,0,0,0,0.4413755,0.05657206,0.05374346,0,0,4.576378,6.506534,0.3848034,0,0.3848034,10.02355,71.59665,0.04878264,0.05911781,0.3531004,0,6.947909
10/28/2007 7:00:00 AM,0.2011909,14.99602,-73.0074,72.5508,0.2207234,0.9906068,0,0,0,0,0,0,0,0,0,0,0.9906068,0,0,0,0,4.191575,6.852857,0.9906068,0,0.9906068,10.96332,78.3093,0.04876157,0,0.7924854,0,7.843464
10/28/2007 8:00:00 AM,0.3644486,28.99927,-68.66794,58.07999,0.3827696,1.71787,0.5873459,0.5873459,0,0,0,0.5873459,292.4801,0,0,0,1.71787,0.6182588,0.5873459,0,0,3.200968,7.744403,1.099611,0,1.099611,12.00651,85.76059,0.0487382,0.6460805,1.374296,0,9.462274
10/28/2007 9:00:00 AM,0.5503667,42.47451,-61.81364,43.81479,0.5758511,2.584419,0.1929522,0.1929522,0,-1,0,0.1929522,1339.409,0.2799555,0,0,2.584419,0.2031076,0.1929522,0,0,2.101357,8.734054,2.101357,0,2.101357,14.00003,100,0.04869361,0.2122475,2.067536,0,11.31847
10/28/2007 10:00:00 AM,0.678824,54.80181,-49.94827,30.08783,0.7068951,3.172545,0.1969342,0.1969342,0,0,0,0.1969342,1610.967,2.965246,0,0,3.172545,0.2072992,0.1969342,0,0,0,10.62527,0,0,0,14.00003,100,0.04869361,0.2166277,2.538036,0,13.79782
10/28/2007 11:00:00 AM,0.7915944,64.26754,-27.76488,18.19985,0.8254366,3.704559,0.2066806,0.2066806,0,0,0,0.2066806,1792.408,3.487001,0,0,3.704559,0.2175586,0.2066806,0,0,0,10.62527,0,0,0,14.00003,100,0.04869361,0.2273487,2.963647,0,14.32983
10/28/2007 12:00:00 PM,0.7242426,67.00874,7.427294,14.08093,0.7482129,3.357979,0.6780062,0.6780062,0,0,0,0.6780062,495.2726,2.644289,0,0,3.357979,0.7136908,0.6780062,0,0,0,10.62527,0,0,0,14.00003,100,0.04869361,0.7458068,2.686383,0,13.98325
10/28/2007 1:00:00 PM,0.612561,61.04713,38.26493,22.50638,0.6274628,2.816053,0,0,0,0,0,0,0,2.816053,0,0,2.816053,0,0,0,0,0,10.62527,0,0,0,14.00003,100,0.04869361,0,2.252842,0,13.44133
10/28/2007 2:00:00 PM,0.5317563,50.11171,55.526,35.43566,0.5457256,2.449216,1.181206,1.181206,0,-1,0,1.181206,207.3488,1.205842,0,0,2.449216,1.243375,1.181206,0,0,0,10.62527,0,0,0,14.00003,100,0.04869361,1.299327,1.959373,0,13.07449
10/28/2007 3:00:00 PM,0.4408503,37.21011,64.95121,49.44508,0.457572,2.053583,0,0,0,0,0,0,0,2.053583,0,0,2.053583,0,0,0,0,0,10.62527,0,0,0,14.00003,100,0.04869361,0,1.642866,0,12.67886
10/28/2007 4:00:00 PM,0.2334145,23.47984,70.61319,63.81429,0.2393137,1.07404,0.7347848,0.7347848,0,0,0,0.7347848,146.1707,0.3005821,0,0,1.07404,0.7734576,0.7347848,0,0,0,10.62527,0,0,0,14.00003,100,0.04869361,0.8082632,0.8592318,0,11.69931
10/28/2007 5:00:00 PM,0.117246,9.347179,74.29994,78.32739,0.1318194,0.5916055,0.6643843,0.6643843,0,0,0,0.6643843,89.04568,0,0,0,0.5916055,0.6993518,0.6643843,0,0,0,10.62527,0,0.1077464,-0.1077464,13.88645,99.18875,0.04869361,0.7308227,0.4732844,0,11.21688
10/28/2007 6:00:00 PM,0.001743368,0,76.80492,90,0,0,0.5564772,0.5564772,0,0,0,0.5564772,0,0,1.110223E-16,0,0,0.5857655,0.5564772,0,0,0.1197182,10.51753,0,0.5857655,-0.5857655,13.269,94.7784,0.04869361,0.612125,0,0,10.51753
10/28/2007 7:00:00 PM,0,0,78.47723,90,0,0,0,0,0,-1,0,0,0,0,0,0,0,0,0,0,0,0.7705688,9.931763,0,0,0,13.269,94.7784,0.04869361,0,0,0,9.931763
10/28/2007 8:00:00 PM,0,0,79.40076,90,0,0,0,0,0,-1,0,0,0,0,0,0,0,0,0,0,0,0.7705688,9.931763,0,0,0,13.269,94.7784,0.04869361,0,0,0,9.931763
10/28/2007 9:00:00 PM,0,0,79.35165,90,0,0,0,0,0,-1,0,0,0,0,0,0,0,0,0,0,0,0.7705688,9.931763,0,0,0,13.269,94.7784,0.04869361,0,0,0,9.931763
10/28/2007 10:00:00 PM,0,0,77.26501,90,0,0,0.07261938,0.07261938,0,-1,0,0.07261938,0,0,0,0,0,0.07644144,0.07261938,0,0,0.7705688,9.931763,0,0.07644144,-0.07644144,13.18843,94.20285,0.04869361,0.07988131,0,0,9.931763
10/28/2007 11:00:00 PM,0,0,66.85925,90,0,0,0.2398671,0.2398671,0,-1,0,0.2398671,0,0,5.551115E-17,0,0,0.2524917,0.2398671,0,0,0.8555037,9.855321,0,0.2524917,-0.2524917,12.92228,92.30179,0.04869361,0.2638538,0,0,9.855321
10/29/2007 12:00:00 AM,0,0,-29.68298,90,0,0,0.4017205,0.4017205,0,-1,0,0.4017205,0,0,0,0,0,0.4228637,0.4017205,0,0,1.13605,9.602829,0,0.4228637,-0.4228637,12.47654,89.11796,0.04869361,0.4418926,0,0,9.602829
10/29/2007 1:00:00 AM,0,0,-72.2041,90,0,0,0.06391652,0.06391652,0,-1,0,0.06391652,0,0,0,0,0,0.06728055,0.06391652,0,0,1.605899,9.179965,0,0.06728055,-0.06728055,12.40562,88.61139,0.04869361,0.07030817,0,0,9.179965
10/29/2007 2:00:00 AM,0,0,-77.8966,90,0,0,0.5880702,0.5880702,0,-1,0,0.5880702,0,0,1.110223E-16,0,0,0.6190212,0.5880702,0,0,1.680655,9.112685,0,0.6190212,-0.6190212,11.75311,83.95064,0.04869361,0.6468772,0,0,9.112685
10/29/2007 3:00:00 AM,0,0,-79.08118,90,0,0,0.2313053,0.2313053,0,-1,0,0.2313053,0,0,2.775558E-17,0,0,0.2434792,0.2313053,0,0,2.368456,8.493664,0,0.2434792,-0.2434792,11.49646,82.11743,0.04869361,0.2544358,0,0,8.493664
10/29/2007 4:00:00 AM,0,0,-78.75979,90,0,0,0.2726603,0.2726603,0,-1,0,0.2726603,0,0,0,0,0,0.2870108,0.2726603,0,0,2.638988,8.250184,0,0.2870108,-0.2870108,11.19393,79.95647,0.04869361,0.2999263,0,0,8.250184
10/29/2007 5:00:00 AM,0,0,-77.56777,90,0,0,0.2875005,0.2875005,0,0,0,0.2875005,0,0,0,0,0,0.3026321,0.2875005,0,0,2.95789,7.963173,0,0.3026321,-0.3026321,10.87493,77.67789,0.04869361,0.3162505,0,0,7.963173
10/29/2007 6:00:00 AM,0.0001101872,0.6804107,-75.59919,87.08995,0.0001097107,0.0004923816,0.4093962,0.4093962,0,0,0,0.4093962,0.1202702,0,0,0,0.0004923816,0.4309434,0.4093962,0,0,3.294147,7.660542,0,0.430451,-0.430451,10.42119,74.43693,0.04869361,0.4503358,0.0003939052,0,7.661034
10/29/2007 7:00:00 AM,0.03526973,14.93603,-72.67685,72.55984,0.03515471,0.1577743,0.8175566,0.8175566,0,0,0,0.8175566,19.29827,0,0,0,0.1577743,0.8605859,0.8175566,0,0,3.772426,7.230091,0,0.7028115,-0.7028115,9.680362,69.1453,0.04869361,0.8993123,0.1262195,0,7.387865
10/29/2007 8:00:00 AM,0.07122898,28.91017,-68.31082,58.114,0.07095369,0.3184402,0.3374224,0.3374224,0,0,0,0.3374224,94.37434,0,0,0,0.3184402,0.3551815,0.3374224,0,0,4.553328,6.527279,0,0.03674133,-0.03674133,9.641633,68.86867,0.04869361,0.3711647,0.2547521,0,6.845719
10/29/2007 9:00:00 AM,0.2807172,42.34447,-61.41035,43.88286,0.2807928,1.260198,0.4496176,0.4496176,0,-1,0,0.4496176,280.2822,0,0,0,1.260198,0.4732817,0.4496176,0,0,4.594151,6.490538,0.7869164,0,0.7869164,10.38817,74.20105,0.04867693,0.4945793,1.008158,0,7.750736
10/29/2007 10:00:00 AM,0.5081742,54.60989,-49.49448,30.2117,0.5167459,2.319155,0.7679017,0.7679017,0,0,0,0.7679017,302.012,0,0,0,2.319155,0.8083176,0.7679017,0,0,3.807235,7.198762,1.510838,0,1.510838,11.82147,84.43893,0.04864494,0.8446919,1.855324,0,9.517918
10/29/2007 11:00:00 AM,0.4140409,63.98893,-27.38172,18.43225,0.4146632,1.861008,0,0,0,0,0,0,0,0,0,0,1.861008,0,0,0,0,2.296397,8.558517,1.861008,0,1.861008,13.58698,97.04967,0.04860559,0,1.488807,0,10.41953
10/29/2007 12:00:00 PM,0.3933979,66.68489,7.360175,14.40152,0.3932978,1.76512,0.3187311,0.3187311,0,0,0,0.3187311,553.7961,0.9942251,0,0,1.76512,0.3355064,0.3187311,0,0,0.4353889,10.23342,0.4353889,0,0.4353889,14.00003,100,0.04859639,0.3506042,1.412096,0,11.99854
10/29/2007 1:00:00 PM,0.2619679,60.78425,37.87204,22.71271,0.2610776,1.171716,0.8843654,0.8843654,0,0,0,0.8843654,132.4923,0.2408051,0,0,1.171716,0.930911,0.8843654,0,0,0,10.62527,0,0,0,14.00003,100,0.04859639,0.972802,0.9373728,0,11.79699
10/29/2007 2:00:00 PM,0.3977561,49.92046,55.1172,35.56372,0.4004748,1.797331,0.4170505,0.4170505,0,-1,0,0.4170505,430.9623,1.35833,0,0,1.797331,0.4390006,0.4170505,0,0,0,10.62527,0,0,0,14.00003,100,0.04859639,0.4587556,1.437865,0,12.42261
10/29/2007 3:00:00 PM,0.2127416,37.06838,64.58443,49.5297,0.2123257,0.9529179,1.074073,1.074073,0,0,0,1.074073,88.72004,0,0,0,0.9529179,1.130603,1.074073,0,0,0,10.62527,0,0.1776852,-0.1776852,13.81273,98.66217,0.04859639,1.18148,0.7623343,0,11.57819
10/29/2007 4:00:00 PM,0.03712062,23.37223,70.27905,63.8699,0.03696599,0.1659034,0.06809674,0.06809674,0,0,0,0.06809674,243.6289,0,0,0,0.1659034,0.07168078,0.06809674,0,0,0.197428,10.44759,0.09422258,0,0.09422258,13.90212,99.30065,0.0485944,0.07490642,0.1327227,0,10.61349
10/29/2007 5:00:00 PM,0.03636179,9.264967,73.98139,78.36015,0.03634454,0.1631143,0.6049098,0.6049098,0,0,0,0.6049098,26.96506,0,0,0,0.1631143,0.6367472,0.6049098,0,0,0.1032054,10.53239,0,0.4736329,-0.4736329,13.40287,95.73457,0.0485944,0.6654008,0.1304914,0,10.6955
10/29/2007 6:00:00 PM,0.001081017,0,76.48465,90,0,0,0.8750559,0.8750559,0,0,0,0.8750559,0,0,1.110223E-16,0,0,0.9211115,0.8750559,0,0,0.6294641,10.05876,0,0.9211115,-0.9211115,12.43193,88.79932,0.0485944,0.9625615,0,0,10.05876
10/29/2007 7:00:00 PM,0,0,78.1356,90,0,0,0.5118845,0.5118845,0,-1,0,0.5118845,0,0,0,0,0,0.5388258,0.5118845,0,0,1.652921,9.137645,0,0.5388258,-0.5388258,11.86396,84.74238,0.0485944,0.563073,0,0,9.137645
10/29/2007 8:00:00 PM,0,0,79.00984,90,0,0,1.38445,1.38445,0,-1,0,1.38445,0,0,0,0,0,1.457315,1.38445,0,0,2.251617,8.598819,0,1.457315,-1.457315,10.32781,73.76994,0.0485944,1.522895,0,0,8.598819
10/29/2007 9:00:00 PM,0,0,78.86047,90,0,0,2.438923,2.438923,0,-1,0,2.438923,0,0,4.440892E-16,0,0,2.567288,2.438923,0,0,3.870856,7.141504,0,2.567288,-2.567288,7.621653,54.44027,0.0485944,2.682816,0,0,7.141504
10/29/2007 10:00:00 PM,0,0,76.54949,90,0,0,0.5186282,0.5186282,0,-1,0,0.5186282,0,0,1.110223E-16,0,0,0.5459244,0.5186282,0,0,6.723398,4.574216,0,0.5459244,-0.5459244,7.046198,50.32988,0.0485944,0.570491,0,0,4.574216
10/29/2007 11:00:00 PM,0,0,65.46445,90,0,0,0.02567565,0.02567565,0,-1,0,0.02567565,0,0,0,0,0,0.02702699,0.02567565,0,0,7.32998,4.028292,0,0.02702699,-0.02702699,7.017709,50.12639,0.0485944,0.02824321,0,0,4.028292
10/30/2007 12:00:00 AM,0,0,-28.28253,90,0,0,0.5776693,0.5776693,0,-1,0,0.5776693,0,0,0,0,0,0.6080729,0.5776693,0,0,7.360011,4.001265,0,0.6080729,-0.6080729,6.376744,45.54808,0.0485944,0.6354362,0,0,4.001265
10/30/2007 1:00:00 AM,0,0,-71.23195,90,0,0,0.07922377,0.07922377,0,-1,0,0.07922377,0,0,1.387779E-17,0,0,0.08339344,0.07922377,0,0,8.035647,3.393192,0,0.08339344,-0.08339344,6.288839,44.92019,0.0485944,0.08714614,0,0,3.393192
10/30/2007 2:00:00 AM,0,0,-77.30903,90,0,0,0.5828304,0.5828304,0,-1,0,0.5828304,0,0,1.110223E-16,0,0,0.6135057,0.5828304,0,0,8.128306,3.309798,0,0.6135057,-0.6135057,5.642148,40.30098,0.0485944,0.6411135,0,0,3.309798
10/30/2007 3:00:00 AM,0,0,-78.64512,90,0,0,0.06404313,0.06404313,0,-1,0,0.06404313,0,0,1.387779E-17,0,0,0.06741383,0.06404313,0,0,8.809979,2.696293,0,0.06741383,-0.06741383,5.571087,39.7934,0.0485944,0.07044745,0,0,2.696293
10/30/2007 4:00:00 AM,0,0,-78.39589,90,0,0,0.1096311,0.1096311,0,-1,0,0.1096311,0,0,1.387779E-17,0,0,0.1154012,0.1096311,0,0,8.884884,2.628879,0,0.1154012,-0.1154012,5.449444,38.92452,0.0485944,0.1205942,0,0,2.628879
10/30/2007 5:00:00 AM,0,0,-77.23839,90,0,0,0,0,0,0,0,0,0,0,0,0,0,0,0,0,0,9.013107,2.513478,0,0,0,5.449444,38.92452,0.0485944,0,0,0,2.513478
10/30/2007 6:00:00 AM,0.01069686,0.6405149,-75.28106,87.08099,0.01150512,0.05163498,0.3711895,0.3711895,0,0,0,0.3711895,13.91068,0,5.551115E-17,0,0.05163498,0.3907258,0.3711895,0,0,9.013107,2.513478,0,0.3390908,-0.3390908,5.09201,36.37143,0.0485944,0.4083085,0.04130799,0,2.565113
10/30/2007 7:00:00 AM,0.1046231,14.8734,-72.35147,72.57234,0.1052228,0.47224,1.400007,1.400007,0,0,0,1.400007,33.73125,0,2.220446E-16,0,0.47224,1.473692,1.400007,0,0,9.389874,2.174387,0,1.001452,-1.001452,4.036388,28.83128,0.0485944,1.540008,0.377792,0,2.646627
10/30/2007 8:00:00 AM,0.3002374,28.81844,-67.96004,58.15167,0.3086635,1.385282,0.5853583,0.5853583,0,0,0,0.5853583,236.6553,0,0,0,1.385282,0.6161667,0.5853583,0,0,10.5026,1.172935,0.769115,0,0.769115,4.766034,34.04303,0.04857817,0.6438941,1.108225,0,2.558217
10/30/2007 9:00:00 AM,0.5728083,42.21202,-61.01574,43.95477,0.6031173,2.706791,0.06929868,0.06929868,0,-1,0,0.06929868,3905.978,0,0,0,2.706791,0.07294597,0.06929868,0,0,9.733484,1.865139,2.633845,0,2.633845,7.264719,51.89074,0.04852265,0.07622854,2.165433,0,4.571929
10/30/2007 10:00:00 AM,0.5625391,54.41645,-49.05406,30.33934,0.5770028,2.589588,1.185097,1.185097,0,0,0,1.185097,218.5128,0,0,0,2.589588,1.24747,1.185097,0,0,7.099639,4.235599,1.342118,0,1.342118,8.537964,60.98533,0.04849441,1.303607,2.071671,0,6.825187
10/30/2007 11:00:00 AM,0.673315,63.71154,-27.01699,18.66623,0.694033,3.11482,0.5468004,0.5468004,0,0,0,0.5468004,569.6448,0,0,0,3.11482,0.5755793,0.5468004,0,0,5.757521,5.443505,2.539241,0,2.539241,10.9469,78.19198,0.04844107,0.6014804,2.491856,0,8.558325
10/30/2007 12:00:00 PM,0.6818238,66.36558,7.288126,14.71754,0.7019019,3.150136,0.5423359,0.5423359,0,0,0,0.5423359,580.8459,0,0,0,3.150136,0.5708799,0.5423359,0,0,3.218281,7.728822,2.579256,0,2.579256,13.3938,95.66978,0.04838701,0.5965694,2.520108,0,10.87896
10/30/2007 1:00:00 PM,0.4738625,60.52553,37.48568,22.91652,0.4776839,2.143845,1.187301,1.187301,0,0,0,1.187301,180.5646,0.2550299,0,0,2.143845,1.249791,1.187301,0,0,0.6390247,10.05015,0.6390247,0,0.6390247,14.00003,100,0.04837364,1.306031,1.715076,0,12.194
10/30/2007 2:00:00 PM,0.3087278,49.73281,54.71424,35.68943,0.3085201,1.384638,0.8937277,0.8937277,0,-1,0,0.8937277,154.9285,0.4438724,0,0,1.384638,0.940766,0.8937277,0,0,0,10.62527,0,0,0,14.00003,100,0.04837364,0.9831004,1.107711,0,12.00991
10/30/2007 3:00:00 PM,0.3790864,36.93016,64.22221,49.61171,0.3881753,1.742131,0.8127686,0.8127686,0,0,0,0.8127686,214.3452,0.8865846,0,0,1.742131,0.8555459,0.8127686,0,0,0,10.62527,0,0,0,14.00003,100,0.04837364,0.8940455,1.393705,0,12.3674
10/30/2007 4:00:00 PM,0.1325572,23.26822,69.94881,63.92264,0.1323847,0.5941423,0.3433254,0.3433254,0,0,0,0.3433254,173.0551,0.2327472,0,0,0.5941423,0.3613952,0.3433254,0,0,0,10.62527,0,0,0,14.00003,100,0.04837364,0.377658,0.4753139,0,11.21942
10/30/2007 5:00:00 PM,0.03627937,9.186504,73.66647,78.38982,0.03626784,0.16277,0.1715284,0.1715284,0,0,0,0.1715284,94.89395,0,0,0,0.16277,0.1805562,0.1715284,0,0,0,10.62527,0,0.01778612,-0.01778612,13.98128,99.86608,0.04837364,0.1886812,0.130216,0,10.78804
10/30/2007 6:00:00 PM,0.001257702,0,76.16801,90,0,0,0,0,0,0,0,0,0,0,0,0,0,0,0,0,0,0.01976236,10.60749,0,0,0,13.98128,99.86608,0.04837364,0,0,0,10.60749
10/30/2007 7:00:00 PM,0,0,77.79794,90,0,0,0,0,0,-1,0,0,0,0,0,0,0,0,0,0,0,0.01976236,10.60749,0,0,0,13.98128,99.86608,0.04837364,0,0,0,10.60749
10/30/2007 8:00:00 PM,0,0,78.62366,90,0,0,0.5278108,0.5278108,0,-1,0,0.5278108,0,0,0,0,0,0.5555902,0.5278108,0,0,0.01976236,10.60749,0,0.5555902,-0.5555902,13.39564,95.68292,0.04837364,0.5805918,0,0,10.60749
10/30/2007 9:00:00 PM,0,0,78.37579,90,0,0,1.648876,1.648876,0,-1,0,1.648876,0,0,2.220446E-16,0,0,1.735659,1.648876,0,0,0.6370848,10.0519,0,1.735659,-1.735659,11.56609,82.61477,0.04837364,1.813764,0,0,10.0519
10/30/2007 10:00:00 PM,0,0,75.84556,90,0,0,0.3448789,0.3448789,0,-1,0,0.3448789,0,0,5.551115E-17,0,0,0.3630305,0.3448789,0,0,2.565595,8.316238,0,0.3630305,-0.3630305,11.18342,79.88143,0.04837364,0.3793668,0,0,8.316238
10/30/2007 11:00:00 PM,0,0,64.11533,90,0,0,0,0,0,-1,0,0,0,0,0,0,0,0,0,0,0,2.968962,7.953208,0,0,0,11.18342,79.88143,0.04837364,0,0,0,7.953208
10/31/2007 12:00:00 AM,0,0,-26.99811,90,0,0,0.3191223,0.3191223,0,-1,0,0.3191223,0,0,5.551115E-17,0,0,0.3359182,0.3191223,0,0,2.968962,7.953208,0,0.3359182,-0.3359182,10.82933,77.35223,0.04837364,0.3510345,0,0,7.953208
10/31/2007 1:00:00 AM,0,0,-70.27963,90,0,0,0.2272734,0.2272734,0,-1,0,0.2272734,0,0,2.775558E-17,0,0,0.2392351,0.2272734,0,0,3.342205,7.61729,0,0.2392351,-0.2392351,10.57716,75.55098,0.04837364,0.2500007,0,0,7.61729
10/31/2007 2:00:00 AM,0,0,-76.73009,90,0,0,0.13787,0.13787,0,-1,0,0.13787,0,0,2.775558E-17,0,0,0.1451264,0.13787,0,0,3.608021,7.378055,0,0.1451264,-0.1451264,10.42418,74.45829,0.04837364,0.151657,0,0,7.378055
10/31/2007 3:00:00 AM,0,0,-78.21503,90,0,0,0.04608446,0.04608446,0,-1,0,0.04608446,0,0,6.938894E-18,0,0,0.04850996,0.04608446,0,0,3.769273,7.232929,0,0.04850996,-0.04850996,10.37305,74.09305,0.04837364,0.0506929,0,0,7.232929
10/31/2007 4:00:00 AM,0,0,-78.03698,90,0,0,0.145038,0.145038,0,-1,0,0.145038,0,0,0,0,0,0.1526716,0.145038,0,0,3.823173,7.184419,0,0.1526716,-0.1526716,10.21212,72.94355,0.04837364,0.1595418,0,0,7.184419
10/31/2007 5:00:00 AM,0,0,-76.91367,90,0,0,0.1285227,0.1285227,0,0,0,0.1285227,0,0,0,0,0,0.135287,0.1285227,0,0,3.992808,7.031747,0,0.135287,-0.135287,10.06951,71.92495,0.04837364,0.141375,0,0,7.031747
10/31/2007 6:00:00 AM,0.008593685,0.5980941,-74.96768,87.0753,0.009146804,0.04105086,0.175082,0.175082,0,0,0,0.175082,23.44665,0,0,0,0.04105086,0.1842968,0.175082,0,0,4.143127,6.89646,0,0.143246,-0.143246,9.918518,70.84641,0.04837364,0.1925902,0.03284069,0,6.937511
10/31/2007 7:00:00 AM,0.03533903,14.80817,-72.03138,72.58829,0.03522718,0.1580996,1.022783,1.022783,0,0,0,1.022783,15.45778,0,0,0,0.1580996,1.076614,1.022783,0,0,4.302289,6.753214,0,0.9185143,-0.9185143,8.950319,63.93072,0.04837364,1.125062,0.1264796,0,6.911314
10/31/2007 8:00:00 AM,0.2814239,28.72413,-67.61571,58.19296,0.2876734,1.291078,0,0,0,0,0,0,0,0,0,0,1.291078,0,0,0,0,5.322861,5.8347,1.291078,0,1.291078,10.17514,72.67945,0.04834664,0,1.032863,0,7.125778
10/31/2007 9:00:00 AM,0.2478445,42.07727,-60.62991,44.0304,0.2474492,1.110552,0.5843211,0.5843211,0,-1,0,0.5843211,190.0585,0,0,0,1.110552,0.6150748,0.5843211,0,0,4.031782,6.99667,0.495477,0,0.495477,10.64519,76.03695,0.04833628,0.6427532,0.8884414,0,8.107222
10/31/2007 10:00:00 AM,0.2771746,54.22167,-48.62696,30.47055,0.276423,1.240587,1.003894,1.003894,0,0,0,1.003894,123.5774,0,0,0,1.240587,1.056731,1.003894,0,0,3.536305,7.442599,0.1838556,0,0.1838556,10.81962,77.28281,0.04833244,1.104284,0.9924693,0,8.683187
10/31/2007 11:00:00 AM,0.1164439,63.43554,-26.6702,18.90148,0.1159404,0.5203406,0,0,0,0,0,0,0,0,0,0,0.5203406,0,0,0,0,3.35245,7.608069,0.5203406,0,0.5203406,11.31325,80.80879,0.04832157,0,0.4162724,0,8.12841
10/31/2007 12:00:00 PM,0.3103224,66.05088,7.211288,15.0289,0.3094144,1.388652,0.6156204,0.6156204,0,0,0,0.6156204,225.5695,0,0,0,1.388652,0.6480215,0.6156204,0,0,2.832109,8.076376,0.7406305,0,0.7406305,12.01588,85.82752,0.04830612,0.6771825,1.110922,0,9.465028
10/31/2007 1:00:00 PM,0.3548543,60.27109,37.10559,23.11765,0.3545589,1.59126,2.118917,2.118917,0,0,0,2.118917,75.09782,0,0,0,1.59126,2.230438,2.118917,0,0,2.091479,8.742944,0,0.6391782,-0.6391782,11.34212,81.01501,0.04830612,2.330808,1.273008,0,10.3342
10/31/2007 2:00:00 PM,0.1650141,49.54885,54.31706,35.81265,0.164398,0.7378183,1.187885,1.187885,0,-1,0,1.187885,62.11195,0,2.220446E-16,0,0.7378183,1.250405,1.187885,0,0,2.801677,8.103765,0,0.5125865,-0.5125865,10.80181,77.15564,0.04830612,1.306673,0.5902547,0,8.841583
10/31/2007 3:00:00 PM,0.1060581,36.79553,63.86459,49.69101,0.1056562,0.4741849,1.154065,1.154065,0,0,0,1.154065,41.08822,0,0,0,0.4741849,1.214806,1.154065,0,0,3.371217,7.591179,0,0.7406207,-0.7406207,10.02113,71.57934,0.04830612,1.269472,0.3793479,0,8.065364
10/31/2007 4:00:00 PM,0.1437788,23.16787,69.62251,63.97246,0.1437715,0.6452465,1.338168,1.338168,0,0,0,1.338168,48.21866,0,0,0,0.6452465,1.408597,1.338168,0,0,4.194129,6.850558,0,0.763351,-0.763351,9.216485,65.83191,0.04830612,1.471984,0.5161972,0,7.495805
10/31/2007 5:00:00 PM,0.03936086,9.111835,73.35523,78.41639,0.0393733,0.1767074,0.9238928,0.9238928,0,0,0,0.9238928,19.1264,0,0,0,0.1767074,0.9725187,0.9238928,0,0,5.042297,6.087207,0,0.7958114,-0.7958114,8.377626,59.84007,0.04830612,1.016282,0.1413659,0,6.263915
10/31/2007 6:00:00 PM,0.001403713,0,75.85513,90,0,0,0.100353,0.100353,0,0,0,0.100353,0,0,1.387779E-17,0,0,0.1056348,0.100353,0,0,5.926532,5.291396,0,0.1056348,-0.1056348,8.266277,59.04472,0.04830612,0.1103884,0,0,5.291396
10/31/2007 7:00:00 PM,0,0,77.46436,90,0,0,1.041358,1.041358,0,-1,0,1.041358,0,0,2.220446E-16,0,0,1.096167,1.041358,0,0,6.043903,5.185761,0,1.096167,-1.096167,7.110816,50.79144,0.04830612,1.145494,0,0,5.185761
10/31/2007 8:00:00 PM,0,0,78.24239,90,0,0,0,0,0,-1,0,0,0,0,0,0,0,0,0,0,0,7.261867,4.089594,0,0,0,7.110816,50.79144,0.04830612,0,0,0,4.089594
10/31/2007 9:00:00 PM,0,0,77.89785,90,0,0,0.8563631,0.8563631,0,-1,0,0.8563631,0,0,1.110223E-16,0,0,0.9014348,0.8563631,0,0,7.261867,4.089594,0,0.9014348,-0.9014348,6.160621,44.00434,0.04830612,0.9419994,0,0,4.089594
10/31/2007 10:00:00 PM,0,0,75.15376,90,0,0,0.1664223,0.1664223,0,-1,0,0.1664223,0,0,0,0,0,0.1751813,0.1664223,0,0,8.263461,3.188159,0,0.1751813,-0.1751813,5.975963,42.68537,0.04830612,0.1830645,0,0,3.188159
10/31/2007 11:00:00 PM,0,0,62.81292,90,0,0,0.1935597,0.1935597,0,-1,0,0.1935597,0,0,2.775558E-17,0,0,0.2037471,0.1935597,0,0,8.458107,3.012978,0,0.2037471,-0.2037471,5.761195,41.15131,0.04830612,0.2129157,0,0,3.012978
11/1/2007 12:00:00 AM,0,0,-25.81352,90,0,0,0.2298901,0.2298901,0,-1,0,0.2298901,0,0,2.775558E-17,0,0,0.2419896,0.2298901,0,0,8.684492,2.809231,0,0.2419896,-0.2419896,5.506115,39.32932,0.04830612,0.2528791,0,0,2.809231
11/1/2007 1:00:00 AM,0,0,-69.34695,90,0,0,0.2943433,0.2943433,0,-1,0,0.2943433,0,0,5.551115E-17,0,0,0.3098351,0.2943433,0,0,8.95337,2.567241,0,0.3098351,-0.3098351,5.179521,36.9965,0.04830612,0.3237777,0,0,2.567241
11/1/2007 2:00:00 AM,0,0,-76.15983,90,0,0,0.09084857,0.09084857,0,-1,0,0.09084857,0,0,0,0,0,0.09563007,0.09084857,0,0,9.297631,2.257406,0,0.09563007,-0.09563007,5.078718,36.27648,0.04830612,0.09993342,0,0,2.257406
11/1/2007 3:00:00 AM,0,0,-77.79101,90,0,0,0.304579,0.304579,0,-1,0,0.304579,0,0,5.551115E-17,0,0,0.3206095,0.304579,0,0,9.403887,2.161776,0,0.3206095,-0.3206095,4.740766,33.86255,0.04830612,0.3350369,0,0,2.161776
11/1/2007 4:00:00 AM,0,0,-77.68315,90,0,0,0.424806,0.424806,0,-1,0,0.424806,0,0,5.551115E-17,0,0,0.4471642,0.424806,0,0,9.760119,1.841167,0,0.4471642,-0.4471642,4.269413,30.49575,0.04830612,0.4672866,0,0,1.841167
11/1/2007 5:00:00 AM,0,0,-76.5937,90,0,0,0,0,0,0,0,0,0,0,0,0,0,0,0,0,0,10.25697,1.394002,0,0,0,4.269413,30.49575,0.04830612,0,0,0,1.394002
11/1/2007 6:00:00 AM,0.03387811,0.5531572,-74.65916,87.07292,0.1495375,0.6711242,0.05556277,0.05556277,0,0,0,0.05556277,1207.867,0,0,0,0.6711242,0.05848712,0.05556277,0,0,10.25697,1.394002,0.612637,0,0.612637,4.850612,34.64716,0.04829334,0.06111905,0.5368993,0,2.065127
11/1/2007 7:00:00 AM,0.2672584,14.74037,-71.71667,72.60769,0.3111042,1.396236,1.907004,1.907004,0,0,0,1.907004,73.21619,0,2.220446E-16,0,1.396236,2.007373,1.907004,0,0,9.644332,1.945376,0,0.6111369,-0.6111369,4.206417,30.04577,0.04829334,2.097704,1.116989,0,3.341612
11/1/2007 8:00:00 AM,0.4953239,28.62732,-67.27793,58.2378,0.5410397,2.428186,1.004057,1.004057,0,0,0,1.004057,241.8376,0,0,0,2.428186,1.056902,1.004057,0,0,10.32337,1.334239,1.371284,0,1.371284,5.507331,39.33801,0.04826476,1.104462,1.942549,0,3.762425
11/1/2007 9:00:00 AM,0.8120738,41.94036,-60.25296,44.10967,0.8705396,3.906982,1.134397,1.134397,0,-1,0,1.134397,344.4103,0,0,0,3.906982,1.194102,1.134397,0,0,8.952088,2.568395,2.712879,0,2.712879,8.080995,57.72128,0.04820831,1.247837,3.125585,0,6.475377
11/1/2007 10:00:00 AM,0.9299091,54.02574,-48.21317,30.60513,0.9868734,4.429088,1.570041,1.570041,0,0,0,1.570041,282.1001,0,0,0,4.429088,1.652675,1.570041,0,0,6.239209,5.009986,2.776413,0,2.776413,10.71493,76.53507,0.04815068,1.727046,3.54327,0,9.439075
11/1/2007 11:00:00 AM,0.76458,63.16114,-26.34086,19.13765,0.7980917,3.581836,0,0,0,0,0,0,0,0.1190394,0,0,3.581836,0,0,0,0,3.462796,7.508758,3.462796,0,3.462796,14.00003,100,0.048079,0,2.865468,0,11.09059
11/1/2007 12:00:00 PM,0.8486449,65.7409,7.129801,15.33552,0.8905042,3.996583,0.7335166,0.7335166,0,0,0,0.7335166,544.8524,3.22446,0,0,3.996583,0.7721228,0.7335166,0,0,0,10.62527,0,0,0,14.00003,100,0.048079,0.8068683,3.197266,0,14.62186
11/1/2007 1:00:00 PM,0.7882296,60.02102,36.73156,23.31591,0.8274319,3.713515,0.04993508,0.04993508,0,0,0,0.04993508,7436.685,3.660951,0,0,3.713515,0.05256324,0.04993508,0,0,0,10.62527,0,0,0,14.00003,100,0.048079,0.05492859,2.970812,0,14.33879
11/1/2007 2:00:00 PM,0.743233,49.36871,53.9256,35.93327,0.7881123,3.537048,0.4848465,0.4848465,0,-1,0,0.4848465,729.5192,3.026684,0,0,3.537048,0.5103647,0.4848465,0,0,0,10.62527,0,0,0,14.00003,100,0.048079,0.5333311,2.829638,0,14.16232
11/1/2007 3:00:00 PM,0.5760478,36.66458,63.51157,49.76753,0.6178,2.772686,0,0,0,0,0,0,0,2.772686,0,0,2.772686,0,0,0,0,0,10.62527,0,0,0,14.00003,100,0.048079,0,2.218149,0,13.39796
11/1/2007 4:00:00 PM,0.3448763,23.07124,69.30022,64.01931,0.3767267,1.69075,0.172198,0.172198,0,0,0,0.172198,981.8635,1.509489,0,0,1.69075,0.1812611,0.172198,0,0,0,10.62527,0,0,0,14.00003,100,0.048079,0.1894178,1.3526,0,12.31602
11/1/2007 5:00:00 PM,0.1489217,9.040999,73.04777,78.43981,0.184467,0.8278879,0.7260247,0.7260247,0,0,0,0.7260247,114.0303,0.06365138,0,0,0.8278879,0.7642365,0.7260247,0,0,0,10.62527,0,0,0,14.00003,100,0.048079,0.7986271,0.6623103,0,11.45316
11/1/2007 6:00:00 PM,0.001631135,0,75.54607,90,0,0,2.318383,2.318383,0,0,0,2.318383,0,0,4.440892E-16,0,0,2.440403,2.318383,0,0,0,10.62527,0,2.440403,-2.440403,11.42762,81.62567,0.048079,2.550221,0,0,10.62527
11/1/2007 7:00:00 PM,0,0,77.135,90,0,0,2.464579,2.464579,0,-1,0,2.464579,0,0,4.440892E-16,0,0,2.594294,2.464579,0,0,2.711559,8.184871,0,2.594294,-2.594294,8.692991,62.09267,0.048079,2.711037,0,0,8.184871
11/1/2007 8:00:00 PM,0,0,77.8662,90,0,0,1.173213,1.173213,0,-1,0,1.173213,0,0,0,0,0,1.234961,1.173213,0,0,5.594108,5.590577,0,1.234961,-1.234961,7.391228,52.79438,0.048079,1.290534,0,0,5.590577
11/1/2007 9:00:00 PM,0,0,77.42693,90,0,0,1.784108,1.784108,0,-1,0,1.784108,0,0,2.220446E-16,0,0,1.878008,1.784108,0,0,6.966287,4.355616,0,1.878008,-1.878008,5.411634,38.65445,0.048079,1.962518,0,0,4.355616
11/1/2007 10:00:00 PM,0,0,74.47457,90,0,0,0.1424713,0.1424713,0,-1,0,0.1424713,0,0,0,0,0,0.1499698,0.1424713,0,0,9.052962,2.477608,0,0.1499698,-0.1499698,5.253552,37.5253,0.048079,0.1567184,0,0,2.477608
11/1/2007 11:00:00 PM,0,0,61.55798,90,0,0,0.4038484,0.4038484,0,-1,0,0.4038484,0,0,0,0,0,0.4251035,0.4038484,0,0,9.219595,2.327638,0,0.4251035,-0.4251035,4.805453,34.3246,0.048079,0.4442332,0,0,2.327638
11/2/2007 12:00:00 AM,0,0,-24.71528,90,0,0,0.0756434,0.0756434,0,-1,0,0.0756434,0,0,0,0,0,0.07962463,0.0756434,0,0,9.691933,1.902535,0,0.07962463,-0.07962463,4.721522,33.72509,0.048079,0.08320773,0,0,1.902535
11/2/2007 1:00:00 AM,0,0,-68.43369,90,0,0,0.29052,0.29052,0,-1,0,0.29052,0,0,0,0,0,0.3058105,0.29052,0,0,9.780404,1.82291,0,0.3058105,-0.3058105,4.399169,31.42257,0.048079,0.3195719,0,0,1.82291
11/2/2007 2:00:00 AM,0,0,-75.5983,90,0,0,0.1066077,0.1066077,0,-1,0,0.1066077,0,0,1.387779E-17,0,0,0.1122187,0.1066077,0,0,10.12019,1.5171,0,0.1122187,-0.1122187,4.28088,30.57766,0.048079,0.1172685,0,0,1.5171
11/2/2007 3:00:00 AM,0,0,-77.37311,90,0,0,0.5008555,0.5008555,0,-1,0,0.5008555,0,0,0,0,0,0.5272163,0.5008555,0,0,10.24488,1.404881,0,0.5272163,-0.5272163,3.725146,26.60813,0.048079,0.5509411,0,0,1.404881
11/2/2007 4:00:00 AM,0,0,-77.33447,90,0,0,0.2754895,0.2754895,0,-1,0,0.2754895,0,0,5.551115E-17,0,0,0.2899889,0.2754895,0,0,10.83068,0.8776649,0,0.2899889,-0.2899889,3.41947,24.42474,0.048079,0.3030384,0,0,0.8776649
11/2/2007 5:00:00 AM,0,0,-76.27858,90,0,0,0.2456523,0.2456523,0,0,0,0.2456523,0,0,5.551115E-17,0,0,0.2585813,0.2456523,0,0,11.15289,0.5876759,0,0.2585813,-0.2585813,3.146902,22.47783,0.048079,0.2702175,0,0,0.5876759
11/2/2007 6:00:00 AM,0.0207923,0.5057163,-74.35558,87.07383,0.04209331,0.1889148,0.1397744,0.1397744,0,0,0,0.1397744,135.1569,0,0,0,0.1889148,0.147131,0.1397744,0,0,11.4402,0.3290946,0.04178379,0,0.04178379,3.186541,22.76096,0.04807813,0.1537519,0.1511318,0,0.5180094
11/2/2007 7:00:00 AM,0.2126334,14.67004,-71.40746,72.63048,0.2399985,1.077114,0.7440076,0.7440076,4.249271,0,1.325051,0.7440076,144.7718,0,0,0,1.077114,0,0,3.505263,3.33,11.39842,0.3667,4.407114,0,4.407114,7.367496,52.62487,0.0483776,0.8184084,0.8616908,5,1.443813
11/2/2007 8:00:00 AM,0.4692145,28.52809,-66.9468,58.28614,0.5118057,2.296984,0,0,3.505263,0,1.121937,0,0,0,0,0,2.296984,0,0,3.505263,3.33,6.991302,4.333102,5.626984,0,5.626984,12.70572,90.75497,0.04855392,0,1.837587,5,6.630086
11/2/2007 9:00:00 AM,0.6878482,41.80138,-59.88497,44.19244,0.7366052,3.305884,0.2111614,0.2111614,0,-1,0,0.2111614,1565.572,1.719291,0,0,3.305884,0.2222751,0.2111614,0,0,1.364318,9.397388,1.364318,0,1.364318,14.00003,100,0.04852558,0.2322775,2.644707,0,12.70327
11/2/2007 10:00:00 AM,0.9224611,53.82883,-47.8126,30.74288,0.9799289,4.397921,0.7595511,0.7595511,0,0,0,0.7595511,579.0157,3.598393,0,0,4.397921,0.7995275,0.7595511,0,0,0,10.62527,0,0,0,14.00003,100,0.04852558,0.8355063,3.518337,0,15.0232
11/2/2007 11:00:00 AM,0.8178175,62.8885,-26.02852,19.37444,0.8587917,3.854257,0.09564425,0.09564425,0,0,0,0.09564425,4029.784,3.753579,0,0,3.854257,0.1006782,0.09564425,0,0,0,10.62527,0,0,0,14.00003,100,0.04852558,0.1052087,3.083406,0,14.47953
11/2/2007 12:00:00 PM,0.7252026,65.43571,7.043797,15.63733,0.7523131,3.376381,0.08443616,0.08443616,0,0,0,0.08443616,3998.739,3.287501,0,0,3.376381,0.08888016,0.08443616,0,0,0,10.62527,0,0,0,14.00003,100,0.04852558,0.09287976,2.701105,0,14.00166
11/2/2007 1:00:00 PM,0.8168647,59.77545,36.36338,23.51115,0.8603581,3.861287,0.8139796,0.8139796,0,0,0,0.8139796,474.3715,3.004467,0,0,3.861287,0.8568206,0.8139796,0,0,0,10.62527,0,0,0,14.00003,100,0.04852558,0.8953776,3.08903,0,14.48656
11/2/2007 2:00:00 PM,0.9201825,49.19247,53.5398,36.05117,0.9810309,4.402866,1.569189,1.569189,0,-1,0,1.569189,280.5823,2.751089,0,0,4.402866,1.651778,1.569189,0,0,0,10.62527,0,0,0,14.00003,100,0.04852558,1.726108,3.522293,0,15.02814
11/2/2007 3:00:00 PM,0.7186487,36.5374,63.16319,49.84118,0.7764874,3.484875,1.202232,1.202232,0,0,0,1.202232,289.8672,2.219369,0,0,3.484875,1.265507,1.202232,0,0,0,10.62527,0,0,0,14.00003,100,0.04852558,1.322455,2.7879,0,14.11015
11/2/2007 4:00:00 PM,0.3953635,22.97839,68.98198,64.06313,0.439247,1.97134,0.9699968,0.9699968,0,0,0,0.9699968,203.2316,0.9502912,0,0,1.97134,1.021049,0.9699968,0,0,0,10.62527,0,0,0,14.00003,100,0.04852558,1.066996,1.577072,0,12.59661
11/2/2007 5:00:00 PM,0.1519088,8.974033,72.74416,78.46007,0.1901369,0.8533343,0.9848055,0.9848055,0,0,0,0.9848055,86.65003,0,1.110223E-16,0,0.8533343,1.036637,0.9848055,0,0,0,10.62527,0,0.1833031,-0.1833031,13.80681,98.61987,0.04852558,1.083286,0.6826674,0,11.47861
11/2/2007 6:00:00 PM,0.001668156,0,75.24096,90,0,0,0.4851606,0.4851606,0,0,0,0.4851606,0,0,5.551115E-17,0,0,0.5106954,0.4851606,0,0,0.2036701,10.44197,0,0.5106954,-0.5106954,13.26849,94.77473,0.04852558,0.5336767,0,0,10.44197
11/2/2007 7:00:00 PM,0,0,76.80999,90,0,0,1.39343,1.39343,0,-1,0,1.39343,0,0,2.220446E-16,0,0,1.466769,1.39343,0,0,0.7711093,9.931275,0,1.466769,-1.466769,11.72238,83.73112,0.04852558,1.532773,0,0,9.931275
11/2/2007 8:00:00 PM,0,0,77.49527,90,0,0,1.342568,1.342568,0,-1,0,1.342568,0,0,2.220446E-16,0,0,1.413229,1.342568,0,0,2.400852,8.464507,0,1.413229,-1.413229,10.23271,73.09061,0.04852558,1.476824,0,0,8.464507
11/2/2007 9:00:00 PM,0,0,76.96329,90,0,0,2.425673,2.425673,0,-1,0,2.425673,0,0,4.440892E-16,0,0,2.55334,2.425673,0,0,3.971107,7.051278,0,2.55334,-2.55334,7.541249,53.86596,0.04852558,2.66824,0,0,7.051278
11/2/2007 10:00:00 PM,0,0,73.80848,90,0,0,0.08283689,0.08283689,0,-1,0,0.08283689,0,0,0,0,0,0.08719672,0.08283689,0,0,6.808151,4.497938,0,0.08719672,-0.08719672,7.449335,53.20943,0.04852558,0.09112058,0,0,4.497938
11/2/2007 11:00:00 PM,0,0,60.35094,90,0,0,0.09832082,0.09832082,0,-1,0,0.09832082,0,0,1.387779E-17,0,0,0.1034956,0.09832082,0,0,6.905036,4.410741,0,0.1034956,-0.1034956,7.340241,52.43019,0.04852558,0.1081529,0,0,4.410741
11/3/2007 12:00:00 AM,0,0,-23.69209,90,0,0,0.09039236,0.09039236,0,-1,0,0.09039236,0,0,1.387779E-17,0,0,0.09514984,0.09039236,0,0,7.020031,4.307246,0,0.09514984,-0.09514984,7.239944,51.71379,0.04852558,0.09943159,0,0,4.307246
11/3/2007 1:00:00 AM,0,0,-67.53963,90,0,0,0.5035227,0.5035227,0,-1,0,0.5035227,0,0,1.110223E-16,0,0,0.5300239,0.5035227,0,0,7.125753,4.212096,0,0.5300239,-0.5300239,6.681251,47.72312,0.04852558,0.553875,0,0,4.212096
11/3/2007 2:00:00 AM,0,0,-75.04554,90,0,0,0.1145401,0.1145401,0,-1,0,0.1145401,0,0,1.387779E-17,0,0,0.1205685,0.1145401,0,0,7.714669,3.682072,0,0.1205685,-0.1205685,6.55416,46.81533,0.04852558,0.1259941,0,0,3.682072
11/3/2007 3:00:00 AM,0,0,-76.96142,90,0,0,0.04040367,0.04040367,0,-1,0,0.04040367,0,0,0,0,0,0.04253018,0.04040367,0,0,7.848634,3.561504,0,0.04253018,-0.04253018,6.509329,46.49512,0.04852558,0.04444404,0,0,3.561504
11/3/2007 4:00:00 AM,0,0,-76.99104,90,0,0,0,0,0,-1,0,0,0,0,0,0,0,0,0,0,0,7.89589,3.518973,0,0,0,6.509329,46.49512,0.04852558,0,0,0,3.518973
11/3/2007 5:00:00 AM,0,0,-75.96838,90,0,0,0.0778497,0.0778497,0,0,0,0.0778497,0,0,1.387779E-17,0,0,0.08194706,0.0778497,0,0,7.89589,3.518973,0,0.08194706,-0.08194706,6.422949,45.87812,0.04852558,0.08563467,0,0,3.518973
11/3/2007 6:00:00 AM,0.03412806,0.4557872,-74.05704,87.07803,0.1549493,0.6954125,0.1209714,0.1209714,0,0,0,0.1209714,574.8568,0,0,0,0.6954125,0.1273383,0.1209714,0,0,7.986942,3.437027,0.5680741,0,0.5680741,6.961872,49.72756,0.04851379,0.1330686,0.55633,0,4.132439
11/3/2007 7:00:00 AM,0.2461424,14.59723,-71.10381,72.65665,0.2863607,1.285187,0,0,0,0,0,0,0,0,0,0,1.285187,0,0,0,0,7.418868,3.948293,1.285187,0,1.285187,8.181107,58.43636,0.04848713,0,1.028149,0,5.233479
11/3/2007 8:00:00 AM,0.5527025,28.42651,-66.62243,58.33791,0.6071637,2.724951,0,0,0,0,0,0,0,0,0,0,2.724951,0,0,0,0,6.133681,5.104961,2.724951,0,2.724951,10.76622,76.90144,0.04843072,0,2.179961,0,7.829912
11/3/2007 9:00:00 AM,0.7752127,41.66048,-59.52601,44.27861,0.8327754,3.737496,0.2211822,0.2211822,0,-1,0,0.2211822,1689.781,0.09594242,0,0,3.737496,0.2328234,0.2211822,0,0,3.40873,7.557417,3.40873,0,3.40873,14.00003,100,0.04836033,0.2433004,2.989997,0,11.29491
11/3/2007 10:00:00 AM,0.9979496,53.6311,-47.42521,30.88359,1.061879,4.765711,0.3116175,0.3116175,0,0,0,0.3116175,1529.346,4.437693,0,0,4.765711,0.3280185,0.3116175,0,0,0,10.62527,0,0,0,14.00003,100,0.04836033,0.3427793,3.812569,0,15.39099
11/3/2007 11:00:00 AM,1.033059,62.61781,-25.73271,19.61156,1.093801,4.908979,1.835108,1.835108,0,0,0,1.835108,267.5035,2.977286,0,0,4.908979,1.931693,1.835108,0,0,0,10.62527,0,0,0,14.00003,100,0.04836033,2.018619,3.927183,0,15.53425
11/3/2007 12:00:00 PM,1.074319,65.1354,6.953402,15.93424,1.136579,5.100968,0,0,0,0,0,0,0,5.100968,0,0,5.100968,0,0,0,0,0,10.62527,0,0,0,14.00003,100,0.04836033,0,4.080774,0,15.72624
11/3/2007 1:00:00 PM,1.076719,59.53447,36.00085,23.70321,1.142147,5.125956,0.08219079,0.08219079,0,0,0,0.08219079,6236.654,5.039439,0,0,5.125956,0.08651663,0.08219079,0,0,0,10.62527,0,0,0,14.00003,100,0.04836033,0.09040987,4.100765,0,15.75123
11/3/2007 2:00:00 PM,0.8655226,49.02024,53.1596,36.16622,0.9233121,4.143825,1.717235,1.717235,0,-1,0,1.717235,241.308,2.336209,0,0,4.143825,1.807616,1.717235,0,0,0,10.62527,0,0,0,14.00003,100,0.04836033,1.888958,3.31506,0,14.7691
11/3/2007 3:00:00 PM,0.7026411,36.41404,62.81944,49.9119,0.7600927,3.411296,0.09298714,0.09298714,0,0,0,0.09298714,3668.567,3.313415,0,0,3.411296,0.09788121,0.09298714,0,0,0,10.62527,0,0,0,14.00003,100,0.04836033,0.1022859,2.729037,0,14.03657
11/3/2007 4:00:00 PM,0.4556607,22.88937,68.66785,64.10387,0.5093626,2.286019,0.9747127,0.9747127,0,0,0,0.9747127,234.5326,1.260006,0,0,2.286019,1.026013,0.9747127,0,0,0,10.62527,0,0,0,14.00003,100,0.04836033,1.072184,1.828815,0,12.91129
11/3/2007 5:00:00 PM,0.1594842,8.910967,72.44448,78.47713,0.2023218,0.9080203,0.2641714,0.2641714,0,0,0,0.2641714,343.7239,0.6299452,0,0,0.9080203,0.2780752,0.2641714,0,0,0,10.62527,0,0,0,14.00003,100,0.04836033,0.2905886,0.7264163,0,11.53329
11/3/2007 6:00:00 PM,0.001392817,0,74.93987,90,0,0,0,0,0,0,0,0,0,0,0,0,0,0,0,0,0,0,10.62527,0,0,0,14.00003,100,0.04836033,0,0,0,10.62527
11/3/2007 7:00:00 PM,0,0,76.48943,90,0,0,0,0,0,-1,0,0,0,0,0,0,0,0,0,0,0,0,10.62527,0,0,0,14.00003,100,0.04836033,0,0,0,10.62527
11/3/2007 8:00:00 PM,0,0,77.12975,90,0,0,0.9105528,0.9105528,0,-1,0,0.9105528,0,0,1.110223E-16,0,0,0.9584766,0.9105528,0,0,0,10.62527,0,0.9584766,-0.9584766,12.98971,92.78342,0.04836033,1.001608,0,0,10.62527
11/3/2007 9:00:00 PM,0,0,76.50716,90,0,0,1.621707,1.621707,0,-1,0,1.621707,0,0,2.220446E-16,0,0,1.70706,1.621707,0,0,1.064974,9.666798,0,1.70706,-1.70706,11.19031,79.9306,0.04836033,1.783878,0,0,9.666798
11/3/2007 10:00:00 PM,0,0,73.15591,90,0,0,0.07851067,0.07851067,0,-1,0,0.07851067,0,0,1.387779E-17,0,0,0.08264282,0.07851067,0,0,2.961708,7.959737,0,0.08264282,-0.08264282,11.10319,79.30836,0.04836033,0.08636174,0,0,7.959737
11/3/2007 11:00:00 PM,0,0,59.19199,90,0,0,0.222619,0.222619,0,-1,0,0.222619,0,0,2.775558E-17,0,0,0.2343357,0.222619,0,0,3.053533,7.877094,0,0.2343357,-0.2343357,10.85618,77.54399,0.04836033,0.2448809,0,0,7.877094
11/4/2007 12:00:00 AM,0,0,-22.7344,90,0,0,0,0,0,-1,0,0,0,0,0,0,0,0,0,0,0,3.313906,7.642759,0,0,0,10.85618,77.54399,0.04836033,0,0,0,7.642759
11/4/2007 1:00:00 AM,0,0,-66.66451,90,0,0,0.2273338,0.2273338,0,-1,0,0.2273338,0,0,0,0,0,0.2392987,0.2273338,0,0,3.313906,7.642759,0,0.2392987,-0.2392987,10.60394,75.74226,0.04836033,0.2500672,0,0,7.642759
11/4/2007 2:00:00 AM,0,0,-74.50158,90,0,0,0.1488468,0.1488468,0,-1,0,0.1488468,0,0,2.775558E-17,0,0,0.1566809,0.1488468,0,0,3.579793,7.40346,0,0.1566809,-0.1566809,10.43878,74.56258,0.04836033,0.1637315,0,0,7.40346
11/4/2007 3:00:00 AM,0,0,-76.556,90,0,0,0.6649371,0.6649371,0,-1,0,0.6649371,0,0,1.110223E-16,0,0,0.6999338,0.6649371,0,0,3.753883,7.246779,0,0.6999338,-0.6999338,9.700987,69.29263,0.04836033,0.7314309,0,0,7.246779
11/4/2007 4:00:00 AM,0,0,-76.65293,90,0,0,0.7036209,0.7036209,0,-1,0,0.7036209,0,0,0,0,0,0.7406535,0.7036209,0,0,4.531588,6.546845,0,0.7406535,-0.7406535,8.920269,63.71608,0.04836033,0.7739829,0,0,6.546845
11/4/2007 5:00:00 AM,0,0,-75.66318,90,0,0,0.107506,0.107506,0,0,0,0.107506,0,0,1.387779E-17,0,0,0.1131642,0.107506,0,0,5.354536,5.806192,0,0.1131642,-0.1131642,8.800983,62.86404,0.04836033,0.1182566,0,0,5.806192
11/4/2007 6:00:00 AM,0.03144638,0.4033886,-73.76361,87.08551,0.1344267,0.6033069,0.2664438,0.2664438,0,0,0,0.2664438,226.4293,0,0,0,0.6033069,0.2804672,0.2664438,0,0,5.480274,5.693027,0.3228396,0,0.3228396,9.107256,65.0517,0.04835367,0.2930883,0.4826455,0,6.296334
11/4/2007 7:00:00 AM,0.2129575,14.52198,-70.80584,72.68615,0.242185,1.086926,0.9765815,0.9765815,0,0,0,0.9765815,111.2991,0,0,0,1.086926,1.027981,0.9765815,0,0,5.157434,5.983583,0.0589455,0,0.0589455,9.163177,65.45113,0.04835246,1.07424,0.8695408,0,7.070509
11/4/2007 8:00:00 AM,0.3886037,28.32267,-66.30489,58.39302,0.4162803,1.868266,0,0,0,0,0,0,0,0,0,0,1.868266,0,0,0,0,5.098489,6.036634,1.868266,0,1.868266,10.93557,78.11105,0.04831398,0,1.494613,0,7.9049
11/4/2007 9:00:00 AM,0.6730763,41.51776,-59.17615,44.36806,0.7219981,3.240328,0.7794253,0.7794253,0,-1,0,0.7794253,415.7329,0,0,0,3.240328,0.8204476,0.7794253,0,0,3.230223,7.718074,2.41988,0,2.41988,13.23127,94.50888,0.04826423,0.8573678,2.592262,0,10.9584
11/4/2007 10:00:00 AM,0.8596129,53.43275,-47.05092,31.02705,0.9144268,4.103948,0.07990774,0.07990774,0,0,0,0.07990774,5135.857,3.209491,0,0,4.103948,0.0841134,0.07990774,0,0,0.8103429,9.895966,0.8103429,0,0.8103429,14.00003,100,0.04824759,0.08789851,3.283158,0,13.99991
11/4/2007 11:00:00 AM,0.7020153,62.34922,-25.45299,19.84871,0.729173,3.272528,0.03967731,0.03967731,0,0,0,0.03967731,8247.857,3.230763,0,0,3.272528,0.04176559,0.03967731,0,0,0,10.62527,0,0,0,14.00003,100,0.04824759,0.04364505,2.618023,0,13.8978
11/4/2007 12:00:00 PM,1.05062,64.84004,6.858742,16.22618,1.112334,4.992157,0.0433032,0.0433032,0,0,0,0.0433032,11528.38,4.946575,0,0,4.992157,0.04558231,0.0433032,0,0,0,10.62527,0,0,0,14.00003,100,0.04824759,0.04763352,3.993726,0,15.61743
11/4/2007 1:00:00 PM,0.8548689,59.29817,35.64381,23.89193,0.9043633,4.058783,0,0,0,0,0,0,0,4.058783,0,0,4.058783,0,0,0,0,0,10.62527,0,0,0,14.00003,100,0.04824759,0,3.247026,0,14.68406
11/4/2007 2:00:00 PM,0.8689659,48.85211,52.78493,36.27833,0.9280224,4.164965,1.291277,1.291277,0,-1,0,1.291277,322.5463,2.805726,0,0,4.164965,1.359239,1.291277,0,0,0,10.62527,0,0,0,14.00003,100,0.04824759,1.420404,3.331972,0,14.79024
11/4/2007 3:00:00 PM,0.6516964,36.2946,62.48037,49.9796,0.7054589,3.1661,1.393996,1.393996,0,0,0,1.393996,227.1241,1.698736,0,0,3.1661,1.467364,1.393996,0,0,0,10.62527,0,0,0,14.00003,100,0.04824759,1.533395,2.53288,0,13.79137
11/4/2007 4:00:00 PM,0.4021524,22.80424,68.3579,64.14149,0.4492443,2.016208,0.3365254,0.3365254,0,0,0,0.3365254,599.1253,1.661971,0,0,2.016208,0.3542372,0.3365254,0,0,0,10.62527,0,0,0,14.00003,100,0.04824759,0.3701779,1.612967,0,12.64148
11/4/2007 5:00:00 PM,0.09328847,8.851829,72.1488,78.49099,0.1011805,0.4540982,1.321489,1.321489,0,0,0,1.321489,34.36262,0,2.220446E-16,0,0.4540982,1.391041,1.321489,0,0,0,10.62527,0,0.9369428,-0.9369428,13.0124,92.94556,0.04824759,1.453638,0.3632786,0,11.07937
11/4/2007 6:00:00 PM,0.0009522479,0,74.64292,90,0,0,1.218241,1.218241,0,0,0,1.218241,0,0,0,0,0,1.282359,1.218241,0,0,1.041048,9.688332,0,1.282359,-1.282359,11.66068,83.29039,0.04824759,1.340065,0,0,9.688332
11/4/2007 7:00:00 PM,0,0,76.17347,90,0,0,1.577072,1.577072,0,-1,0,1.577072,0,0,0,0,0,1.660076,1.577072,0,0,2.465891,8.405972,0,1.660076,-1.660076,9.910805,70.79132,0.04824759,1.734779,0,0,8.405972
11/4/2007 8:00:00 PM,0,0,76.76981,90,0,0,1.124915,1.124915,0,-1,0,1.124915,0,0,2.220446E-16,0,0,1.184121,1.124915,0,0,4.31042,6.745896,0,1.184121,-1.184121,8.662632,61.87582,0.04824759,1.237406,0,0,6.745896
11/4/2007 9:00:00 PM,0,0,76.05879,90,0,0,2.44347,2.44347,0,-1,0,2.44347,0,0,0,0,0,2.572073,2.44347,0,0,5.62611,5.561776,0,2.572073,-2.572073,5.951429,42.51012,0.04824759,2.687817,0,0,5.561776
11/4/2007 10:00:00 PM,0,0,72.51727,90,0,0,0.1315735,0.1315735,0,-1,0,0.1315735,0,0,2.775558E-17,0,0,0.1384984,0.1315735,0,0,8.483969,2.989702,0,0.1384984,-0.1384984,5.805439,41.46733,0.04824759,0.1447309,0,0,2.989702
11/4/2007 11:00:00 PM,0,0,58.08105,90,0,0,0.01362411,0.01362411,0,-1,0,0.01362411,0,0,1.734723E-18,0,0,0.01434117,0.01362411,0,0,8.637856,2.851204,0,0.01434117,-0.01434117,5.790322,41.35936,0.04824759,0.01498653,0,0,2.851204
11/5/2007 12:00:00 AM,0,0,-21.83416,90,0,0,0.3174887,0.3174887,0,-1,0,0.3174887,0,0,5.551115E-17,0,0,0.3341987,0.3174887,0,0,8.65379,2.836863,0,0.3341987,-0.3341987,5.438046,38.8431,0.04824759,0.3492376,0,0,2.836863
11/5/2007 1:00:00 AM,0,0,-65.80807,90,0,0,0.2014733,0.2014733,0,-1,0,0.2014733,0,0,2.775558E-17,0,0,0.2120772,0.2014733,0,0,9.025123,2.502664,0,0.2120772,-0.2120772,5.214496,37.24633,0.04824759,0.2216206,0,0,2.502664
11/5/2007 2:00:00 AM,0,0,-73.96646,90,0,0,0.2191591,0.2191591,0,-1,0,0.2191591,0,0,2.775558E-17,0,0,0.2306938,0.2191591,0,0,9.260763,2.290587,0,0.2306938,-0.2306938,4.971323,35.50938,0.04824759,0.241075,0,0,2.290587
11/5/2007 3:00:00 AM,0,0,-76.15692,90,0,0,0.2565804,0.2565804,0,-1,0,0.2565804,0,0,0,0,0,0.2700847,0.2565804,0,0,9.51709,2.059893,0,0.2700847,-0.2700847,4.686629,33.47586,0.04824759,0.2822385,0,0,2.059893
11/5/2007 4:00:00 AM,0,0,-76.32021,90,0,0,0.3569421,0.3569421,0,-1,0,0.3569421,0,0,5.551115E-17,0,0,0.3757285,0.3569421,0,0,9.817184,1.789809,0,0.3757285,-0.3757285,4.290577,30.64692,0.04824759,0.3926363,0,0,1.789809
11/5/2007 5:00:00 AM,0,0,-75.36307,90,0,0,0,0,0,0,0,0,0,0,0,0,0,0,0,0,0,10.23466,1.41408,0,0,0,4.290577,30.64692,0.04824759,0,0,0,1.41408
11/5/2007 6:00:00 AM,0.03281613,0.3485427,-73.4754,87.09627,0.1480015,0.6642308,0.04609856,0.04609856,0,0,0,0.04609856,1440.893,0,0,0,0.6642308,0.0485248,0.04609856,0,0,10.23466,1.41408,0.615706,0,0.615706,4.874687,34.81912,0.04823496,0.05070841,0.5313846,0,2.078311
11/5/2007 7:00:00 AM,0.2016795,14.44434,-70.51363,72.71895,0.2272433,1.019868,0.6294523,0.6294523,0,0,0,0.6294523,162.0247,0,0,0,1.019868,0.6625814,0.6294523,0,0,9.618955,1.968215,0.3572867,0,0.3572867,5.213639,37.2402,0.04822763,0.6923975,0.8158945,0,2.988083
11/5/2007 8:00:00 AM,0.2235888,28.21664,-65.9943,58.45143,0.225355,1.011393,1.157672,1.157672,0,0,0,1.157672,87.36437,0,2.220446E-16,0,1.011393,1.218602,1.157672,0,0,9.261667,2.289773,0,0.2072093,-0.2072093,4.995221,35.68008,0.04822763,1.27344,0.8091145,0,3.301167
11/5/2007 9:00:00 AM,0.3875557,41.37337,-58.83545,44.46065,0.3944129,1.770125,0.2097504,0.2097504,0,-1,0,0.2097504,843.9195,0,0,0,1.770125,0.22079,0.2097504,0,0,9.4919,2.082564,1.549335,0,1.549335,6.465049,46.17883,0.04819588,0.2307255,1.4161,0,3.852689
11/5/2007 10:00:00 AM,0.6333153,53.23392,-46.68964,31.17307,0.6601285,2.962656,0.04420819,0.04420819,0,0,0,0.04420819,6701.601,0,0,0,2.962656,0.04653494,0.04420819,0,0,7.942565,3.476966,2.916121,0,2.916121,9.231525,65.93933,0.04813623,0.04862901,2.370125,0,6.439622
11/5/2007 11:00:00 AM,0.4374532,62.08291,-25.18892,20.08562,0.4394588,1.972291,0.6454229,0.6454229,0,0,0,0.6454229,305.5812,0,0,0,1.972291,0.6793925,0.6454229,0,0,5.026443,6.101475,1.292899,0,1.292899,10.45808,74.70039,0.04810984,0.7099651,1.577833,0,8.073766
11/5/2007 12:00:00 PM,0.6927012,64.54972,6.759935,16.51308,0.7172512,3.219024,0.4716491,0.4716491,0,0,0,0.4716491,682.5039,0,0,0,3.219024,0.4964727,0.4716491,0,0,3.733545,7.265084,2.722551,0,2.722551,13.04091,93.14921,0.04805434,0.518814,2.575219,0,10.48411
11/5/2007 1:00:00 PM,0.6774956,59.06665,35.29206,24.07718,0.7045357,3.161956,1.214206,1.214206,0,0,0,1.214206,260.4136,0.8728513,0,0,3.161956,1.278111,1.214206,0,0,1.010994,9.71538,1.010994,0,1.010994,14.00003,100,0.04803377,1.335626,2.529565,0,12.87734
11/5/2007 2:00:00 PM,0.8348077,48.68818,52.41578,36.38737,0.8922064,4.004222,0.08444256,0.08444256,0,-1,0,0.08444256,4741.948,3.915335,0,0,4.004222,0.08888691,0.08444256,0,0,0,10.62527,0,0,0,14.00003,100,0.04803377,0.09288682,3.203378,0,14.6295
11/5/2007 3:00:00 PM,0.4613725,36.17914,62.14599,50.04421,0.4860142,2.181232,0.8720866,0.8720866,0,0,0,0.8720866,250.1164,1.263246,0,0,2.181232,0.9179859,0.8720866,0,0,0,10.62527,0,0,0,14.00003,100,0.04803377,0.9592953,1.744985,0,12.80651
11/5/2007 4:00:00 PM,0.2801034,22.72304,68.05216,64.17597,0.2979966,1.337409,0.1596825,0.1596825,0,0,0,0.1596825,837.5427,1.169322,0,0,1.337409,0.1680868,0.1596825,0,0,0,10.62527,0,0,0,14.00003,100,0.04803377,0.1756507,1.069927,0,11.96268
11/5/2007 5:00:00 PM,0.1577399,8.796643,71.85721,78.50163,0.2021565,0.9072781,0,0,0,0,0,0,0,0.9072781,0,0,0.9072781,0,0,0,0,0,10.62527,0,0,0,14.00003,100,0.04803377,0,0.7258225,0,11.53255
11/5/2007 6:00:00 PM,0.001156847,0,74.35019,90,0,0,2.183619,2.183619,0,0,0,2.183619,0,0,4.440892E-16,0,0,2.298547,2.183619,0,0,0,10.62527,0,2.298547,-2.298547,11.57715,82.69374,0.04803377,2.401981,0,0,10.62527
11/5/2007 7:00:00 PM,0,0,75.86221,90,0,0,2.015669,2.015669,0,-1,0,2.015669,0,0,0,0,0,2.121757,2.015669,0,0,2.553941,8.326728,0,2.121757,-2.121757,9.340619,66.71857,0.04803377,2.217236,0,0,8.326728
11/5/2007 8:00:00 PM,0,0,76.4156,90,0,0,1.72791,1.72791,0,-1,0,1.72791,0,0,2.220446E-16,0,0,1.818852,1.72791,0,0,4.911448,6.20497,0,1.818852,-1.818852,7.42338,53.02404,0.04803377,1.900701,0,0,6.20497
11/5/2007 9:00:00 PM,0,0,75.61842,90,0,0,0.2100776,0.2100776,0,-1,0,0.2100776,0,0,2.775558E-17,0,0,0.2211343,0.2100776,0,0,6.932395,4.386118,0,0.2211343,-0.2211343,7.190284,51.35907,0.04803377,0.2310853,0,0,4.386118
11/5/2007 10:00:00 PM,0,0,71.89294,90,0,0,0.1463586,0.1463586,0,-1,0,0.1463586,0,0,0,0,0,0.1540617,0.1463586,0,0,7.1781,4.164984,0,0.1540617,-0.1540617,7.027889,50.1991,0.04803377,0.1609945,0,0,4.164984
11/5/2007 11:00:00 PM,0,0,57.01785,90,0,0,0,0,0,-1,0,0,0,0,0,0,0,0,0,0,0,7.34928,4.010922,0,0,0,7.027889,50.1991,0.04803377,0,0,0,4.010922
11/6/2007 12:00:00 AM,0,0,-20.98449,90,0,0,0.1340349,0.1340349,0,-1,0,0.1340349,0,0,0,0,0,0.1410894,0.1340349,0,0,7.34928,4.010922,0,0.1410894,-0.1410894,6.879168,49.13681,0.04803377,0.1474384,0,0,4.010922
11/6/2007 1:00:00 AM,0,0,-64.97005,90,0,0,0.2382712,0.2382712,0,-1,0,0.2382712,0,0,5.551115E-17,0,0,0.2508118,0.2382712,0,0,7.506046,3.869833,0,0.2508118,-0.2508118,6.614789,47.2484,0.04803377,0.2620983,0,0,3.869833
11/6/2007 2:00:00 AM,0,0,-73.44021,90,0,0,0,0,0,-1,0,0,0,0,0,0,0,0,0,0,0,7.784726,3.619021,0,0,0,6.614789,47.2484,0.04803377,0,0,0,3.619021
11/6/2007 3:00:00 AM,0,0,-75.76425,90,0,0,0,0,0,-1,0,0,0,0,0,0,0,0,0,0,0,7.784726,3.619021,0,0,0,6.614789,47.2484,0.04803377,0,0,0,3.619021
11/6/2007 4:00:00 AM,0,0,-75.99297,90,0,0,0.1242738,0.1242738,0,-1,0,0.1242738,0,0,1.387779E-17,0,0,0.1308146,0.1242738,0,0,7.784726,3.619021,0,0.1308146,-0.1308146,6.476898,46.26347,0.04803377,0.1367012,0,0,3.619021
11/6/2007 5:00:00 AM,0,0,-75.06813,90,0,0,0.4746266,0.4746266,0,0,0,0.4746266,0,0,5.551115E-17,0,0,0.4996069,0.4746266,0,0,7.930075,3.488206,0,0.4996069,-0.4996069,5.950266,42.50182,0.04803377,0.5220892,0,0,3.488206
11/6/2007 6:00:00 AM,0.02990926,0.2912744,-73.19247,87.11028,0.1253112,0.5623966,0.2947368,0.2947368,0,0,0,0.2947368,190.8131,0,0,0,0.5623966,0.3102493,0.2947368,0,0,8.485194,2.9886,0.2521473,0,0.2521473,6.189474,44.21044,0.04802864,0.3242105,0.4499173,0,3.550996
11/6/2007 7:00:00 AM,0.1774604,14.36437,-70.22727,72.75501,0.1942366,0.8717338,0.7338128,0.7338128,0,0,0,0.7338128,118.7951,0,0,0,0.8717338,0.7724345,0.7338128,0,0,8.233047,3.215532,0.09929925,0,0.09929925,6.283678,44.88332,0.04802662,0.8071941,0.697387,0,4.087266
11/6/2007 8:00:00 AM,0.3315896,28.10852,-65.69071,58.51305,0.3479422,1.561565,0.9880889,0.9880889,0,0,0,0.9880889,158.0389,0,0,0,1.561565,1.040094,0.9880889,0,0,8.133747,3.304901,0.5214711,0,0.5214711,6.778389,48.41696,0.04801602,1.086898,1.249252,0,4.866466
11/6/2007 9:00:00 AM,0.4421126,41.22741,-58.50395,44.55627,0.4557948,2.045607,0.8378417,0.8378417,0,-1,0,0.8378417,244.1519,0,0,0,2.045607,0.8819386,0.8378417,0,0,7.612277,3.774225,1.163668,0,1.163668,7.882341,56.30232,0.04799238,0.9216259,1.636485,0,5.819832
11/6/2007 10:00:00 AM,0.8317636,53.03481,-46.3413,31.32144,0.8858949,3.975896,1.998122,1.998122,0,0,0,1.998122,198.9817,0,0,0,3.975896,2.103286,1.998122,0,0,6.448608,4.821527,1.87261,0,1.87261,9.658855,68.99168,0.04795438,2.197934,3.180717,0,8.797422
11/6/2007 11:00:00 AM,0.9671091,61.81903,-24.94009,20.32203,1.026305,4.606059,1.6175,1.6175,0,0,0,1.6175,284.7641,0,0,0,4.606059,1.702631,1.6175,0,0,4.575998,6.506876,2.903428,0,2.903428,12.41329,88.66617,0.04789559,1.77925,3.684847,0,11.11294
11/6/2007 12:00:00 PM,1.054435,64.2645,6.6571,16.79488,1.118392,5.019342,1.562575,1.562575,0,0,0,1.562575,321.2226,1.701957,0,0,5.019342,1.644815,1.562575,0,0,1.67257,9.119961,1.67257,0,1.67257,14.00003,100,0.04786178,1.718832,4.015474,0,14.1393
11/6/2007 1:00:00 PM,1.016956,58.84,34.94545,24.25881,1.081329,4.853005,0.6637385,0.6637385,0,0,0,0.6637385,731.1622,4.154333,0,0,4.853005,0.6986721,0.6637385,0,0,0,10.62527,0,0,0,14.00003,100,0.04786178,0.7301124,3.882404,0,15.47828
11/6/2007 2:00:00 PM,0.5897315,48.52852,52.05206,36.49326,0.6161965,2.76549,0.1445834,0.1445834,0,-1,0,0.1445834,1912.729,2.613297,0,0,2.76549,0.1521931,0.1445834,0,0,0,10.62527,0,0,0,14.00003,100,0.04786178,0.1590418,2.212392,0,13.39076
11/6/2007 3:00:00 PM,0.5318871,36.06772,61.81632,50.10567,0.5705819,2.560771,1.313052,1.313052,0,0,0,1.313052,195.0244,1.178611,0,0,2.560771,1.38216,1.313052,0,0,0,10.62527,0,0,0,14.00003,100,0.04786178,1.444357,2.048617,0,13.18605
11/6/2007 4:00:00 PM,0.361769,22.64581,67.75071,64.20724,0.4021216,1.804722,0.5006678,0.5006678,0,0,0,0.5006678,360.463,1.277703,0,0,1.804722,0.5270187,0.5006678,0,0,0,10.62527,0,0,0,14.00003,100,0.04786178,0.5507345,1.443777,0,12.43
11/6/2007 5:00:00 PM,0.1175993,8.74543,71.56977,78.50903,0.1395177,0.6261554,1.06391,1.06391,0,0,0,1.06391,58.8542,0,0,0,0.6261554,1.119905,1.06391,0,0,0,10.62527,0,0.4937493,-0.4937493,13.47957,96.28246,0.04786178,1.1703,0.5009243,0,11.25143
11/6/2007 6:00:00 PM,0.001198464,0,74.06178,90,0,0,2.196928,2.196928,0,0,0,2.196928,0,0,0,0,0,2.312556,2.196928,0,0,0.5486103,10.13153,0,2.312556,-2.312556,11.04192,78.87072,0.04786178,2.416621,0,0,10.13153
11/6/2007 7:00:00 PM,0,0,75.55576,90,0,0,0.4826763,0.4826763,0,-1,0,0.4826763,0,0,5.551115E-17,0,0,0.5080802,0.4826763,0,0,3.118117,7.818969,0,0.5080802,-0.5080802,10.50636,75.04527,0.04786178,0.5309439,0,0,7.818969
11/6/2007 8:00:00 PM,0,0,76.06727,90,0,0,1.487533,1.487533,0,-1,0,1.487533,0,0,0,0,0,1.565824,1.487533,0,0,3.682651,7.310889,0,1.565824,-1.565824,8.855835,63.25584,0.04786178,1.636286,0,0,7.310889
11/6/2007 9:00:00 PM,0,0,75.18624,90,0,0,0.7111179,0.7111179,0,-1,0,0.7111179,0,0,0,0,0,0.7485451,0.7111179,0,0,5.422455,5.745064,0,0.7485451,-0.7485451,8.066799,57.61988,0.04786178,0.7822297,0,0,5.745064
11/6/2007 10:00:00 PM,0,0,71.28325,90,0,0,0.3261589,0.3261589,0,-1,0,0.3261589,0,0,5.551115E-17,0,0,0.3433251,0.3261589,0,0,6.254172,4.996519,0,0.3433251,-0.3433251,7.704903,55.03491,0.04786178,0.3587747,0,0,4.996519
11/6/2007 11:00:00 PM,0,0,56.0019,90,0,0,0.1148091,0.1148091,0,-1,0,0.1148091,0,0,1.387779E-17,0,0,0.1208517,0.1148091,0,0,6.635644,4.653194,0,0.1208517,-0.1208517,7.577514,54.12499,0.04786178,0.12629,0,0,4.653194
11/7/2007 12:00:00 AM,0,0,-20.17948,90,0,0,0.225747,0.225747,0,-1,0,0.225747,0,0,2.775558E-17,0,0,0.2376285,0.225747,0,0,6.769924,4.532342,0,0.2376285,-0.2376285,7.327032,52.33583,0.04786178,0.2483217,0,0,4.532342
11/7/2007 1:00:00 AM,0,0,-64.15014,90,0,0,0.1666673,0.1666673,0,-1,0,0.1666673,0,0,2.775558E-17,0,0,0.1754393,0.1666673,0,0,7.033956,4.294714,0,0.1754393,-0.1754393,7.142103,51.01492,0.04786178,0.183334,0,0,4.294714
11/7/2007 2:00:00 AM,0,0,-72.92285,90,0,0,0,0,0,-1,0,0,0,0,0,0,0,0,0,0,0,7.228888,4.119275,0,0,0,7.142103,51.01492,0.04786178,0,0,0,4.119275
11/7/2007 3:00:00 AM,0,0,-75.37806,90,0,0,0.1585952,0.1585952,0,-1,0,0.1585952,0,0,0,0,0,0.1669423,0.1585952,0,0,7.228888,4.119275,0,0.1669423,-0.1669423,6.96613,49.75797,0.04786178,0.1744547,0,0,4.119275
11/7/2007 4:00:00 AM,0,0,-75.67126,90,0,0,0,0,0,-1,0,0,0,0,0,0,0,0,0,0,0,7.41438,3.952332,0,0,0,6.96613,49.75797,0.04786178,0,0,0,3.952332
11/7/2007 5:00:00 AM,0,0,-74.77844,90,0,0,0.124429,0.124429,0,0,0,0.124429,0,0,0,0,0,0.1309779,0.124429,0,0,7.41438,3.952332,0,0.1309779,-0.1309779,6.828067,48.77181,0.04786178,0.1368719,0,0,3.952332
11/7/2007 6:00:00 AM,0.01489368,0.231612,-72.91492,87.12753,0.02038199,0.09147438,0.149654,0.149654,0,0,0,0.149654,61.12392,0,2.775558E-17,0,0.09147438,0.1575305,0.149654,0,0,7.559911,3.821355,0,0.06605613,-0.06605613,6.758438,48.27446,0.04786178,0.1646194,0.0731795,0,3.912829
11/7/2007 7:00:00 AM,0.1303384,14.28212,-69.94684,72.79429,0.1344285,0.6033153,0.3334909,0.3334909,0,0,0,0.3334909,180.9091,0,0,0,0.6033153,0.351043,0.3334909,0,0,7.633307,3.755298,0.2522722,0,0.2522722,6.997764,49.98393,0.04785669,0.36684,0.4826522,0,4.358613
11/7/2007 8:00:00 AM,0.2529259,27.99839,-65.39423,58.57779,0.2573222,1.154862,1.075761,1.075761,0,0,0,1.075761,107.353,0,0,0,1.154862,1.13238,1.075761,0,0,7.381034,3.982343,0.02248219,0,0.02248219,7.019093,50.13628,0.04785624,1.183337,0.9238898,0,5.137206
11/7/2007 9:00:00 AM,0.4800611,41.08003,-58.18171,44.65479,0.4999843,2.24393,0.6463388,0.6463388,0,-1,0,0.6463388,347.1754,0,0,0,2.24393,0.6803567,0.6463388,0,0,7.358552,4.002577,1.563573,0,1.563573,8.502428,60.73151,0.04782468,0.7109727,1.795144,0,6.246507
11/7/2007 10:00:00 AM,0.8329698,52.83556,-46.00578,31.47196,0.8881261,3.98591,0.6463706,0.6463706,0,0,0,0.6463706,616.6602,0,0,0,3.98591,0.6803901,0.6463706,0,0,5.794979,5.409793,3.30552,0,3.30552,11.63832,83.13069,0.04775812,0.7110077,3.188728,0,9.395703
11/7/2007 11:00:00 AM,1.028582,61.55774,-24.70607,20.55768,1.093003,4.905396,0.290453,0.290453,0,0,0,0.290453,1688.877,2.110197,0,0,4.905396,0.3057401,0.290453,0,0,2.489459,8.384761,2.489459,0,2.489459,14.00003,100,0.04770812,0.3194984,3.924317,0,13.29016
11/7/2007 12:00:00 PM,0.713659,63.98446,6.550347,17.07149,0.7421588,3.330809,0.2092987,0.2092987,0,0,0,0.2092987,1591.414,3.110494,0,0,3.330809,0.2203144,0.2092987,0,0,0,10.62527,0,0,0,14.00003,100,0.04770812,0.2302285,2.664647,0,13.95608
11/7/2007 1:00:00 PM,0.5440087,58.61831,34.60384,24.4367,0.5551028,2.491301,0.5796468,0.5796468,0,0,0,0.5796468,429.7965,1.881147,0,0,2.491301,0.6101544,0.5796468,0,0,0,10.62527,0,0,0,14.00003,100,0.04770812,0.6376114,1.993041,0,13.11658
11/7/2007 2:00:00 PM,0.6288314,48.37323,51.69376,36.59589,0.662175,2.971842,0,0,0,-1,0,0,0,2.971842,0,0,2.971842,0,0,0,0,0,10.62527,0,0,0,14.00003,100,0.04770812,0,2.377473,0,13.59712
11/7/2007 3:00:00 PM,0.5103048,35.9604,61.4914,50.16392,0.5456702,2.448968,1.138747,1.138747,0,0,0,1.138747,215.0581,1.250286,0,0,2.448968,1.198681,1.138747,0,0,0,10.62527,0,0,0,14.00003,100,0.04770812,1.252622,1.959174,0,13.07424
11/7/2007 4:00:00 PM,0.2906969,22.57258,67.4536,64.2353,0.3123737,1.401933,1.362398,1.362398,0,0,0,1.362398,102.9019,2.220446E-16,0,0,1.401933,1.434103,1.362398,0,0,0,10.62527,0,0.03216947,-0.03216947,13.96612,99.75779,0.04770812,1.498637,1.121547,0,12.02721
11/7/2007 5:00:00 PM,0.07695521,8.698206,71.28656,78.51321,0.08036594,0.3606823,0.3244029,0.3244029,0,0,0,0.3244029,111.1835,0,0,0,0.3606823,0.3414767,0.3244029,0,0,0.03574386,10.5931,0.01920561,0,0.01920561,13.98434,99.88793,0.04770773,0.3568432,0.2885459,0,10.95379
11/7/2007 6:00:00 PM,0.001019312,0,73.77777,90,0,0,1.01986,1.01986,0,0,0,1.01986,0,0,0,0,0,1.073537,1.01986,0,0,0.01653825,10.61039,0,1.073537,-1.073537,12.85273,91.80504,0.04770773,1.121846,0,0,10.61039
11/7/2007 7:00:00 PM,0,0,75.25425,90,0,0,1.229694,1.229694,0,-1,0,1.229694,0,0,0,0,0,1.294415,1.229694,0,0,1.209357,9.536853,0,1.294415,-1.294415,11.4883,82.0591,0.04770773,1.352664,0,0,9.536853
11/7/2007 8:00:00 PM,0,0,75.72498,90,0,0,2.524635,2.524635,0,-1,0,2.524635,0,0,0,0,0,2.657511,2.524635,0,0,2.647596,8.242437,0,2.657511,-2.657511,8.687036,62.05013,0.04770773,2.777099,0,0,8.242437
11/7/2007 9:00:00 PM,0,0,74.76248,90,0,0,1.407575,1.407575,0,-1,0,1.407575,0,0,0,0,0,1.481658,1.407575,0,0,5.600386,5.584927,0,1.481658,-1.481658,7.12523,50.8944,0.04770773,1.548333,0,0,5.584927
11/7/2007 10:00:00 PM,0,0,70.68851,90,0,0,0.3491091,0.3491091,0,-1,0,0.3491091,0,0,5.551115E-17,0,0,0.3674833,0.3491091,0,0,7.246673,4.103269,0,0.3674833,-0.3674833,6.737869,48.12754,0.04770773,0.38402,0,0,4.103269
11/7/2007 11:00:00 PM,0,0,55.03258,90,0,0,0.08870825,0.08870825,0,-1,0,0.08870825,0,0,1.387779E-17,0,0,0.09337711,0.08870825,0,0,7.654988,3.735785,0,0.09337711,-0.09337711,6.639441,47.42448,0.04770773,0.09757908,0,0,3.735785
11/8/2007 12:00:00 AM,0,0,-19.41409,90,0,0,0,0,0,-1,0,0,0,0,0,0,0,0,0,0,0,7.75874,3.642408,0,0,0,6.639441,47.42448,0.04770773,0,0,0,3.642408
11/8/2007 1:00:00 AM,0,0,-63.34806,90,0,0,0,0,0,-1,0,0,0,0,0,0,0,0,0,0,0,7.75874,3.642408,0,0,0,6.639441,47.42448,0.04770773,0,0,0,3.642408
11/8/2007 2:00:00 AM,0,0,-72.41442,90,0,0,0.1477815,0.1477815,0,-1,0,0.1477815,0,0,0,0,0,0.1555595,0.1477815,0,0,7.75874,3.642408,0,0.1555595,-0.1555595,6.475467,46.25324,0.04770773,0.1625596,0,0,3.642408
11/8/2007 3:00:00 AM,0,0,-74.99841,90,0,0,0.1423242,0.1423242,0,-1,0,0.1423242,0,0,0,0,0,0.1498149,0.1423242,0,0,7.931584,3.486849,0,0.1498149,-0.1498149,6.317548,45.12525,0.04770773,0.1565566,0,0,3.486849
11/8/2007 4:00:00 AM,0,0,-75.35518,90,0,0,0.1464997,0.1464997,0,-1,0,0.1464997,0,0,2.775558E-17,0,0,0.1542102,0.1464997,0,0,8.098044,3.337034,0,0.1542102,-0.1542102,6.154996,43.96417,0.04770773,0.1611497,0,0,3.337034
11/8/2007 5:00:00 AM,0,0,-74.49407,90,0,0,0.2307433,0.2307433,0,0,0,0.2307433,0,0,2.775558E-17,0,0,0.2428877,0.2307433,0,0,8.269389,3.182824,0,0.2428877,-0.2428877,5.89897,42.13542,0.04770773,0.2538176,0,0,3.182824
11/8/2007 6:00:00 AM,0.01682663,0.1695864,-72.64282,87.148,0.02791468,0.1252811,0,0,0,0,0,0,0,0,0,0,0.1252811,0,0,0,0,8.539265,2.939936,0.1252811,0,0.1252811,6.017822,42.98436,0.04770521,0,0.1002249,0,3.065217
11/8/2007 7:00:00 AM,0.1201696,14.19765,-69.67242,72.83672,0.1228615,0.5514023,0.3366394,0.3366394,0,0,0,0.3366394,163.7961,0,0,0,0.5514023,0.3543572,0.3366394,0,0,8.413983,3.052689,0.1970451,0,0.1970451,6.204756,44.3196,0.04770126,0.3703033,0.4411218,0,3.604091
11/8/2007 8:00:00 AM,0.3074033,27.88634,-65.1049,58.64559,0.319895,1.435689,0.2950246,0.2950246,0,0,0,0.2950246,486.6335,0,0,0,1.435689,0.3105522,0.2950246,0,0,8.216939,3.230029,1.125136,0,1.125136,7.272154,51.94385,0.0476787,0.3245271,1.148551,0,4.665718
11/8/2007 9:00:00 AM,0.1899331,40.93134,-57.86875,44.75608,0.1893905,0.8499844,0.7387118,0.7387118,0,-1,0,0.7387118,115.063,0,0,0,0.8499844,0.7775914,0.7387118,0,0,7.091802,4.242652,0.07239297,0,0.07239297,7.340832,52.43441,0.04767725,0.812583,0.6799875,0,5.092637
11/8/2007 10:00:00 AM,0.1430717,52.63635,-45.68298,31.62442,0.1425154,0.639609,0.2487585,0.2487585,0,0,0,0.2487585,257.1204,0,0,0,0.639609,0.2618511,0.2487585,0,0,7.019409,4.307806,0.3777579,0,0.3777579,7.699204,54.99421,0.04766968,0.2736344,0.5116872,0,4.947415
11/8/2007 11:00:00 AM,0.1277043,61.29918,-24.48648,20.79234,0.1271726,0.5707505,1.874224,1.874224,0,0,0,1.874224,30.45263,0,2.220446E-16,0,0.5707505,1.972867,1.874224,0,0,6.641651,4.647788,0,1.402117,-1.402117,6.221243,44.43736,0.04766968,2.061646,0.4566004,0,5.218539
11/8/2007 12:00:00 PM,0.2356185,63.70967,6.439788,17.34286,0.2348016,1.053789,0.3469791,0.3469791,0,0,0,0.3469791,303.704,0,0,0,1.053789,0.3652412,0.3469791,0,0,8.199559,3.245671,0.6885484,0,0.6885484,6.874458,49.10317,0.04765589,0.381677,0.8430316,0,4.299461
11/8/2007 1:00:00 PM,0.4527102,58.40166,34.26707,24.61072,0.4565276,2.048896,0.8433452,0.8433452,0,0,0,0.8433452,242.9487,0,0,0,2.048896,0.8877317,0.8433452,0,0,7.511011,3.865365,1.161164,0,1.161164,7.976035,56.97156,0.04763265,0.9276797,1.639117,0,5.91426
11/8/2007 2:00:00 PM,0.1762715,48.22238,51.34082,36.69517,0.1756642,0.7883809,0.1823554,0.1823554,0,-1,0,0.1823554,432.3322,0,0,0,0.7883809,0.191953,0.1823554,0,0,6.349846,4.910412,0.5964279,0,0.5964279,8.541856,61.01313,0.04762072,0.2005909,0.6307047,0,5.698793
11/8/2007 3:00:00 PM,0.02838371,35.85725,61.17124,50.21891,0.02825279,0.1267985,0.1409447,0.1409447,0,0,0,0.1409447,89.96332,0,2.775558E-17,0,0.1267985,0.1483628,0.1409447,0,0,5.753418,5.447197,0,0.0215643,-0.0215643,8.519125,60.85077,0.04762072,0.1550391,0.1014388,0,5.573996
11/8/2007 4:00:00 PM,0.01149287,22.50341,67.16087,64.2601,0.01143933,0.05133972,1.122091,1.122091,0,0,0,1.122091,4.575361,0,0,0,0.05133972,1.181149,1.122091,0,0,5.777379,5.425633,0,1.129809,-1.129809,7.328202,52.3442,0.04762072,1.2343,0.04107178,0,5.476973
11/8/2007 5:00:00 PM,0.03767591,8.654983,71.00766,78.51413,0.03772843,0.1693252,0,0,0,0,0,0,0,0,0,0,0.1693252,0,0,0,0,7.032722,4.295824,0.1693252,0,0.1693252,7.488838,53.49159,0.04761734,0,0.1354602,0,4.465149
11/8/2007 6:00:00 PM,0.0008377971,0,73.49827,90,0,0,4.070733,4.070733,1.25,0,0.50625,4.070733,0,0,0,0,0,2.969192,2.820732,0,0,6.863397,4.448217,0,2.969192,-2.969192,4.359035,31.1359,0.04761734,4.477806,0,5,4.448217
11/8/2007 7:00:00 PM,0,0,74.95779,90,0,0,0.1542064,0.1542064,0,-1,0,0.1542064,0,0,0,0,0,0.1623225,0.1542064,0,0,10.1625,1.479025,0,0.1623225,-0.1623225,4.187932,29.91374,0.04761734,0.169627,0,0,1.479025
11/8/2007 8:00:00 PM,0,0,75.38886,90,0,0,0.03032379,0.03032379,0,-1,0,0.03032379,0,0,0,0,0,0.03191978,0.03032379,0,0,10.34286,1.316702,0,0.03191978,-0.03191978,4.154285,29.67341,0.04761734,0.03335617,0,0,1.316702
11/8/2007 9:00:00 PM,0,0,74.34733,90,0,0,0.7247268,0.7247268,0,-1,0,0.7247268,0,0,1.110223E-16,0,0,0.7628703,0.7247268,0,0,10.37832,1.284783,0,0.7628703,-0.7628703,3.350149,23.92959,0.04761734,0.7971995,0,0,1.284783
11/8/2007 10:00:00 PM,0,0,70.10899,90,0,0,0.4472101,0.4472101,0,-1,0,0.4472101,0,0,5.551115E-17,0,0,0.4707474,0.4472101,0,0,11.22596,0.5219122,0,0.4707474,-0.4707474,2.853938,20.38523,0.04761734,0.4919311,0,0,0.5219122
11/8/2007 11:00:00 PM,0,0,54.10912,90,0,0,0.5912171,0.04860652,0,-1,0,0.04860652,0,0,0.5426106,0.6017323,0,0.05116476,0.04860652,0,0,11.74901,0.05116476,0,0.05116476,-0.05116476,2.800006,20,0.04761734,0.6503388,0,0,0.05116476
11/9/2007 12:00:00 AM,0,0,-18.68392,90,0,0,0,0,0,-1,0,0,0,0,0,0,0,0,0,0,0,11.80586,0,0,0,0,2.800006,20,0.04761734,0,0,0,0
11/9/2007 1:00:00 AM,0,0,-62.5635,90,0,0,0.2493237,0,0,-1,0,0,0,0,0.2493237,0.2742561,0,0,0,0,0,11.80586,0,0,0,0,2.800006,20,0.04761734,0.2742561,0,0,0
11/9/2007 2:00:00 AM,0,0,-71.91492,90,0,0,0.1051276,0,0,-1,0,0,0,0,0.1051276,0.1156403,0,0,0,0,0,11.80586,0,0,0,0,2.800006,20,0.04761734,0.1156403,0,0,0
11/9/2007 3:00:00 AM,0,0,-74.62536,90,0,0,0.002600177,0,0,-1,0,0,0,0,0.002600177,0.002860195,0,0,0,0,0,11.80586,0,0,0,0,2.800006,20,0.04761734,0.002860195,0,0,0
11/9/2007 4:00:00 AM,0,0,-75.04479,90,0,0,0.1876699,0,0,-1,0,0,0,0,0.1876699,0.2064369,0,0,0,0,0,11.80586,0,0,0,0,2.800006,20,0.04761734,0.2064369,0,0,0
11/9/2007 5:00:00 AM,0,0,-74.2151,90,0,0,0.1138999,0.1138999,3.619163,0,1.153031,0.1138999,0,4.440892E-16,0,0,0,0,0,3.505263,3.33,11.80586,0,3.33,0,3.33,5.959121,42.56506,0.04785214,0.1252898,0,5,0
11/9/2007 6:00:00 AM,0.0204828,0.1052317,-72.37625,87.17167,0.05005012,0.2246249,0.355029,0.355029,3.860292,0,1.21886,0.355029,63.26946,0,0,0,0.2246249,0,0,3.505263,3.33,8.475861,2.997,3.554625,0,3.554625,9.331334,66.65225,0.04811239,0.3905319,0.1797,5,3.221625
11/9/2007 7:00:00 AM,0.1541615,14.11102,-69.40409,72.88227,0.1645334,0.7384258,0.8474516,0.8474516,4.352715,0,1.353291,0.8474516,87.13486,0,0,0,0.7384258,0,0,3.505263,3.33,4.921235,6.196162,4.068426,0,4.068426,13.19098,94.22111,0.04842389,0.9321967,0.5907406,5,6.934588
11/9/2007 8:00:00 AM,0.3766412,27.77246,-64.82281,58.71634,0.4050008,1.817643,0,0,0,0,0,0,0,0.964834,0,0,1.817643,0,0,0,0,0.8528095,9.857745,0.8528095,0,0.8528095,14.00003,100,0.04840664,0,1.454115,0,11.67539
11/9/2007 9:00:00 AM,0.4146784,40.78149,-57.56511,44.86,0.4256429,1.910285,1.262813,1.262813,0,-1,0,1.262813,151.2723,0.5810089,0,0,1.910285,1.329277,1.262813,0,0,0,10.62527,0,0,0,14.00003,100,0.04840664,1.389094,1.528228,0,12.53556
11/9/2007 10:00:00 AM,0.5822592,52.43734,-45.3728,31.77864,0.6036327,2.709104,0.2701567,0.2701567,0,0,0,0.2701567,1002.79,2.424728,0,0,2.709104,0.2843754,0.2701567,0,0,0,10.62527,0,0,0,14.00003,100,0.04840664,0.2971723,2.167283,0,13.33438
11/9/2007 11:00:00 AM,0.6820951,61.04349,-24.28092,21.02578,0.7092946,3.183314,1.681844,1.681844,0,0,0,1.681844,189.2753,1.412952,0,0,3.183314,1.770362,1.681844,0,0,0,10.62527,0,0,0,14.00003,100,0.04840664,1.850028,2.546651,0,13.80859
11/9/2007 12:00:00 PM,0.5595228,63.4402,6.325529,17.60892,0.5699049,2.557733,1.284712,1.284712,0,0,0,1.284712,199.09,1.205405,0,0,2.557733,1.352328,1.284712,0,0,0,10.62527,0,0,0,14.00003,100,0.04840664,1.413183,2.046186,0,13.18301
11/9/2007 1:00:00 PM,0.4405827,58.19012,33.93502,24.78075,0.4438126,1.991831,0.3769116,0.3769116,0,0,0,0.3769116,528.4611,1.595082,0,0,1.991831,0.396749,0.3769116,0,0,0,10.62527,0,0,0,14.00003,100,0.04840664,0.4146027,1.593465,0,12.61711
11/9/2007 2:00:00 PM,0.2089621,48.07604,50.99322,36.791,0.2083149,0.934917,0.6348685,0.6348685,0,-1,0,0.6348685,147.2615,0.2666344,0,0,0.934917,0.6682826,0.6348685,0,0,0,10.62527,0,0,0,14.00003,100,0.04840664,0.6983554,0.7479336,0,11.56019
11/9/2007 3:00:00 PM,0.1859894,35.75832,60.85587,50.27057,0.1855666,0.8328227,1.587327,1.587327,0,0,0,1.587327,52.46698,0,0,0,0.8328227,1.670871,1.587327,0,0,0,10.62527,0,0.8380483,-0.8380483,13.11665,93.69016,0.04840664,1.74606,0.6662582,0,11.4581
11/9/2007 4:00:00 PM,0.2083348,22.43831,66.8726,64.28162,0.2132727,0.9571678,0.4533705,0.4533705,0,0,0,0.4533705,211.1227,0,0,0,0.9571678,0.4772321,0.4533705,0,0,0.9311647,9.787226,0.4799358,0,0.4799358,13.57195,96.94234,0.04839694,0.4987075,0.7657343,0,10.74439
11/9/2007 5:00:00 PM,0.08591925,8.61577,70.73314,78.51181,0.09243817,0.4148625,1.223378,1.223378,0,0,0,1.223378,33.91124,0,2.220446E-16,0,0.4148625,1.287766,1.223378,0,0,0.451229,10.21917,0,0.8729034,-0.8729034,12.65183,90.37006,0.04839694,1.345715,0.33189,0,10.63403
11/9/2007 6:00:00 PM,0.0008422097,0,73.22335,90,0,0,0.7277822,0.7277822,0,0,0,0.7277822,0,0,1.110223E-16,0,0,0.7660865,0.7277822,0,0,1.421122,9.346265,0,0.7660865,-0.7660865,11.84431,84.60203,0.04839694,0.8005604,0,0,9.346265
11/9/2007 7:00:00 PM,0,0,74.66648,90,0,0,1.617306,1.617306,0,-1,0,1.617306,0,0,2.220446E-16,0,0,1.702428,1.617306,0,0,2.272329,8.580178,0,1.702428,-1.702428,10.04979,71.78408,0.04839694,1.779037,0,0,8.580178
11/9/2007 8:00:00 PM,0,0,75.05907,90,0,0,0,0,0,-1,0,0,0,0,0,0,0,0,0,0,0,4.163916,6.87775,0,0,0,10.04979,71.78408,0.04839694,0,0,0,6.87775
11/9/2007 9:00:00 PM,0,0,73.94098,90,0,0,0,0,0,-1,0,0,0,0,0,0,0,0,0,0,0,4.163916,6.87775,0,0,0,10.04979,71.78408,0.04839694,0,0,0,6.87775
11/9/2007 10:00:00 PM,0,0,69.54494,90,0,0,0.01870275,0.01870275,0,-1,0,0.01870275,0,0,3.469447E-18,0,0,0.01968711,0.01870275,0,0,4.163916,6.87775,0,0.01968711,-0.01968711,10.02904,71.63585,0.04839694,0.02057303,0,0,6.87775
11/9/2007 11:00:00 PM,0,0,53.23066,90,0,0,0.2235242,0.2235242,0,-1,0,0.2235242,0,0,0,0,0,0.2352886,0.2235242,0,0,4.18579,6.858063,0,0.2352886,-0.2352886,9.781023,69.86431,0.04839694,0.2458766,0,0,6.858063
11/10/2007 12:00:00 AM,0,0,-17.98517,90,0,0,0.1302461,0.1302461,0,-1,0,0.1302461,0,0,2.775558E-17,0,0,0.1371012,0.1302461,0,0,4.447222,6.622775,0,0.1371012,-0.1371012,9.636506,68.83205,0.04839694,0.1432707,0,0,6.622775
11/10/2007 1:00:00 AM,0,0,-61.79618,90,0,0,0,0,0,-1,0,0,0,0,0,0,0,0,0,0,0,4.599556,6.485673,0,0,0,9.636506,68.83205,0.04839694,0,0,0,6.485673
11/10/2007 2:00:00 AM,0,0,-71.4244,90,0,0,0,0,0,-1,0,0,0,0,0,0,0,0,0,0,0,4.599556,6.485673,0,0,0,9.636506,68.83205,0.04839694,0,0,0,6.485673
11/10/2007 3:00:00 AM,0,0,-74.25897,90,0,0,0.2949467,0.2949467,0,-1,0,0.2949467,0,0,5.551115E-17,0,0,0.3104702,0.2949467,0,0,4.599556,6.485673,0,0.3104702,-0.3104702,9.309241,66.49445,0.04839694,0.3244413,0,0,6.485673
11/10/2007 4:00:00 AM,0,0,-74.74017,90,0,0,0,0,0,-1,0,0,0,0,0,0,0,0,0,0,0,4.944523,6.175203,0,0,0,9.309241,66.49445,0.04839694,0,0,0,6.175203
11/10/2007 5:00:00 AM,0,0,-73.94161,90,0,0,0.05363349,0.05363349,0,0,0,0.05363349,0,0,6.938894E-18,0,0,0.05645631,0.05363349,0,0,4.944523,6.175203,0,0.05645631,-0.05645631,9.249731,66.06937,0.04839694,0.05899684,0,0,6.175203
11/10/2007 6:00:00 AM,0.02582121,0.03858448,-72.11529,87.1985,0.0983289,0.4413001,0.2981309,0.2981309,0,0,0,0.2981309,148.0222,0,0,0,0.4413001,0.313822,0.2981309,0,0,5.007253,6.118747,0.1274781,0,0.1274781,9.370667,66.9332,0.04839436,0.327944,0.3530401,0,6.560047
11/10/2007 7:00:00 AM,0.2150285,14.0223,-69.14192,72.93088,0.2509057,1.126065,0.7212391,0.7212391,0,0,0,0.7212391,156.1292,0,0,0,1.126065,0.759199,0.7212391,0,0,4.879775,6.233477,0.3668655,0,0.3668655,9.718707,69.4192,0.04838695,0.793363,0.9008517,0,7.359542
11/10/2007 8:00:00 AM,0.4700536,27.65684,-64.54802,58.78997,0.5203556,2.335356,0.2101914,0.2101914,0,0,0,0.2101914,1111.062,0,0,0,2.335356,0.2212541,0.2101914,0,0,4.512909,6.563656,2.114102,0,2.114102,11.72432,83.74497,0.04834427,0.2312105,1.868285,0,8.899013
11/10/2007 9:00:00 AM,0.6599765,40.63058,-57.2708,44.96643,0.7126549,3.198395,1.099719,1.099719,0,-1,0,1.099719,290.8374,0,0,0,3.198395,1.157599,1.099719,0,0,2.398807,8.466348,2.040796,0,2.040796,13.66039,97.57401,0.04830314,1.209691,2.558716,0,11.66474
11/10/2007 10:00:00 AM,0.881365,52.23869,-45.07511,31.9344,0.9434034,4.233994,0.265699,0.265699,0,0,0,0.265699,1593.53,3.5963,0,0,4.233994,0.2796832,0.265699,0,0,0.3580109,10.30306,0.3580109,0,0.3580109,14.00003,100,0.04829594,0.2922689,3.387196,0,14.53706
11/10/2007 11:00:00 AM,1.107751,60.79081,-24.08903,21.25777,1.18095,5.300105,0.6452847,0.6452847,0,0,0,0.6452847,821.3592,4.620858,0,0,5.300105,0.6792471,0.6452847,0,0,0,10.62527,0,0,0,14.00003,100,0.04829594,0.7098132,4.240084,0,15.92538
11/10/2007 12:00:00 PM,1.142835,63.17611,6.207674,17.86961,1.217118,5.462424,1.073836,1.073836,0,0,0,1.073836,508.6831,4.33207,0,0,5.462424,1.130354,1.073836,0,0,0,10.62527,0,0,0,14.00003,100,0.04829594,1.18122,4.369939,0,16.0877
11/10/2007 1:00:00 PM,1.005138,57.98376,33.60756,24.94668,1.0725,4.813379,1.007809,1.007809,0,0,0,1.007809,477.6082,3.752527,0,0,4.813379,1.060852,1.007809,0,0,0,10.62527,0,0,0,14.00003,100,0.04829594,1.10859,3.850703,0,15.43865
11/10/2007 2:00:00 PM,0.8894821,47.93429,50.65091,36.88332,0.9560303,4.290664,0,0,0,-1,0,0,0,4.290664,0,0,4.290664,0,0,0,0,0,10.62527,0,0,0,14.00003,100,0.04829594,0,3.432531,0,14.91594
11/10/2007 3:00:00 PM,0.6802425,35.66365,60.54531,50.31885,0.7424336,3.332042,0.766939,0.766939,0,0,0,0.766939,434.4598,2.524738,0,0,3.332042,0.8073043,0.766939,0,0,0,10.62527,0,0,0,14.00003,100,0.04829594,0.8436329,2.665634,0,13.95732
11/10/2007 4:00:00 PM,0.3812635,22.37732,66.58882,64.29984,0.4295998,1.928044,1.328965,1.328965,0,0,0,1.328965,145.0786,0.529133,0,0,1.928044,1.398911,1.328965,0,0,0,10.62527,0,0,0,14.00003,100,0.04829594,1.461862,1.542435,0,12.55332
11/10/2007 5:00:00 PM,0.1585481,8.580575,70.46307,78.50626,0.2085053,0.9357716,0.8675312,0.8675312,0,0,0,0.8675312,107.866,0.02258085,0,0,0.9357716,0.9131908,0.8675312,0,0,0,10.62527,0,0,0,14.00003,100,0.04829594,0.9542844,0.7486173,0,11.56105
11/10/2007 6:00:00 PM,0.001059311,0,72.95312,90,0,0,4.311563,4.311563,1.25,0,0.50625,4.311563,0,0,8.881784E-16,0,0,3.222698,3.061563,0,0,0,10.62527,0,3.222698,-3.222698,10.60301,75.7356,0.04829594,4.74272,0,5,10.62527
11/10/2007 7:00:00 PM,0,0,74.38044,90,0,0,1.370079,1.370079,0,-1,0,1.370079,0,0,2.220446E-16,0,0,1.442189,1.370079,0,0,3.580776,7.402576,0,1.442189,-1.442189,9.082806,64.87705,0.04829594,1.507087,0,0,7.402576
11/10/2007 8:00:00 PM,0,0,74.73573,90,0,0,3.198785,3.198785,0,-1,0,3.198785,0,0,4.440892E-16,0.1886635,0,3.367142,3.198785,0,0,5.183208,5.960387,0,3.367142,-3.367142,5.533526,39.5251,0.04829594,3.518664,0,0,5.960387
11/10/2007 9:00:00 PM,0,0,73.5436,90,0,0,0.4312009,0.4312009,0,-1,0,0.4312009,0,0,5.551115E-17,0,0,0.4538957,0.4312009,0,0,8.924477,2.593245,0,0.4538957,-0.4538957,5.055078,36.10763,0.04829594,0.474321,0,0,2.593245
11/10/2007 10:00:00 PM,0,0,68.99658,90,0,0,0.2638766,0.2638766,0,-1,0,0.2638766,0,0,5.551115E-17,0,0,0.2777649,0.2638766,0,0,9.428805,2.139349,0,0.2777649,-0.2777649,4.762288,34.01627,0.04829594,0.2902643,0,0,2.139349
11/10/2007 11:00:00 PM,0,0,52.39622,90,0,0,0.108136,0.108136,0,-1,0,0.108136,0,0,0,0,0,0.1138273,0.108136,0,0,9.737433,1.861584,0,0.1138273,-0.1138273,4.642303,33.15924,0.04829594,0.1189495,0,0,1.861584
11/11/2007 12:00:00 AM,0,0,-17.31454,90,0,0,0.3683397,0.3683397,0,-1,0,0.3683397,0,0,5.551115E-17,0,0,0.387726,0.3683397,0,0,9.863908,1.747757,0,0.387726,-0.387726,4.233604,30.23997,0.04829594,0.4051737,0,0,1.747757
11/11/2007 1:00:00 AM,0,0,-61.04578,90,0,0,0.2145503,0.2145503,0,-1,0,0.2145503,0,0,2.775558E-17,0,0,0.2258424,0.2145503,0,0,10.29471,1.360031,0,0.2258424,-0.2258424,3.995545,28.53955,0.04829594,0.2360053,0,0,1.360031
11/11/2007 2:00:00 AM,0,0,-70.94286,90,0,0,0.1494085,0.1494085,0,-1,0,0.1494085,0,0,2.775558E-17,0,0,0.1572721,0.1494085,0,0,10.54565,1.134189,0,0.1572721,-0.1572721,3.829766,27.35542,0.04829594,0.1643494,0,0,1.134189
11/11/2007 3:00:00 AM,0,0,-73.89931,90,0,0,0.05249809,0.05249809,0,-1,0,0.05249809,0,0,6.938894E-18,0,0,0.05526115,0.05249809,0,0,10.7204,0.9769166,0,0.05526115,-0.05526115,3.771516,26.93934,0.04829594,0.0577479,0,0,0.9769166
11/11/2007 4:00:00 AM,0,0,-74.44138,90,0,0,0.3420644,0.3420644,0,-1,0,0.3420644,0,0,5.551115E-17,0,0,0.3600678,0.3420644,0,0,10.7818,0.9216554,0,0.3600678,-0.3600678,3.391971,24.22832,0.04829594,0.3762709,0,0,0.9216554
11/11/2007 5:00:00 AM,0,0,-73.67366,90,0,0,0.08160493,0.08160493,0,0,0,0.08160493,0,0,1.387779E-17,0,0,0.08589992,0.08160493,0,0,11.18187,0.5615876,0,0.08589992,-0.08589992,3.301425,23.58156,0.04829594,0.08976542,0,0,0.5615876
11/11/2007 6:00:00 AM,0.02621282,0,-71.85999,90,0,0,0.2952411,0.2952411,0,0,0,0.2952411,0,0,5.551115E-17,0,0,0.3107802,0.2952411,0,0,11.27732,0.4756877,0,0.3107802,-0.3107802,2.973833,21.24162,0.04829594,0.3247653,0,0,0.4756877
11/11/2007 7:00:00 AM,0.2501224,13.93154,-68.88598,72.98248,0.3003201,1.347837,0,0,0,0,0,0,0,0,0,0,1.347837,0,0,0,0,11.62263,0.1649075,1.347837,0,1.347837,4.252503,30.37496,0.04826882,0,1.078269,0,1.512744
11/11/2007 8:00:00 AM,0.5537749,27.53959,-64.28058,58.86639,0.6167587,2.768013,1.152445,1.152445,0,0,0,1.152445,240.1861,0,0,0,2.768013,1.2131,1.152445,0,0,10.27479,1.37796,1.554913,0,1.554913,5.727623,40.91151,0.04823758,1.26769,2.21441,0,4.145973
11/11/2007 9:00:00 AM,0.6980628,40.47877,-56.98585,45.07524,0.7562932,3.394244,1.261788,1.261788,0,-1,0,1.261788,269.0027,0,0,0,3.394244,1.328198,1.261788,0,0,8.71988,2.777382,2.066046,0,2.066046,7.687647,54.91166,0.04819612,1.387967,2.715395,0,6.171626
11/11/2007 10:00:00 AM,0.847623,52.04056,-44.78979,32.09153,0.9077278,4.073883,1.092366,1.092366,0,0,0,1.092366,372.9413,0,0,0,4.073883,1.149858,1.092366,0,0,6.653834,4.636824,2.924024,0,2.924024,10.46162,74.72571,0.04813758,1.201602,3.259106,0,8.710706
11/11/2007 11:00:00 AM,1.04324,60.54128,-23.91043,21.48811,1.112562,4.99318,0.2042576,0.2042576,0,0,0,0.2042576,2444.551,1.048362,0,0,4.99318,0.215008,0.2042576,0,0,3.72981,7.268445,3.72981,0,3.72981,14.00003,100,0.04806311,0.2246833,3.994544,0,12.26163
11/11/2007 12:00:00 PM,0.8892654,62.91747,6.086325,18.12488,0.9440823,4.237041,0.7756642,0.7756642,0,0,0,0.7756642,546.2469,3.420553,0,0,4.237041,0.8164886,0.7756642,0,0,0,10.62527,0,0,0,14.00003,100,0.04806311,0.8532305,3.389633,0,14.86232
11/11/2007 1:00:00 PM,0.7905276,57.78268,33.28457,25.1084,0.8378454,3.76025,0,0,0,0,0,0,0,3.76025,0,0,3.76025,0,0,0,0,0,10.62527,0,0,0,14.00003,100,0.04806311,0,3.0082,0,14.38552
11/11/2007 2:00:00 PM,0.7828802,47.7972,50.31387,36.97202,0.8409716,3.774281,0.4203099,0.4203099,0,-1,0,0.4203099,897.9756,3.331849,0,0,3.774281,0.4424315,0.4203099,0,0,0,10.62527,0,0,0,14.00003,100,0.04806311,0.4623409,3.019424,0,14.39956
11/11/2007 3:00:00 PM,0.6602486,35.5733,60.23961,50.36371,0.72126,3.237015,0.6269653,0.6269653,0,0,0,0.6269653,516.299,2.577052,0,0,3.237015,0.6599634,0.6269653,0,0,0,10.62527,0,0,0,14.00003,100,0.04806311,0.6896618,2.589612,0,13.86229
11/11/2007 4:00:00 PM,0.3536004,22.32046,66.30961,64.31473,0.395817,1.776427,0.9306783,0.9306783,0,0,0,0.9306783,190.8744,0.7967652,0,0,1.776427,0.9796613,0.9306783,0,0,0,10.62527,0,0,0,14.00003,100,0.04806311,1.023746,1.421141,0,12.4017
11/11/2007 5:00:00 PM,0.1255779,8.549397,70.19753,78.49747,0.1566217,0.7029183,0.8411938,0.8411938,0,0,0,0.8411938,83.56199,1.110223E-16,0,0,0.7029183,0.8854671,0.8411938,0,0,0,10.62527,0,0.1825489,-0.1825489,13.8076,98.62555,0.04806311,0.9253131,0.5623346,0,11.32819
11/11/2007 6:00:00 PM,0.001236347,0,72.68765,90,0,0,0.4812299,0.4812299,0,0,0,0.4812299,0,0,5.551115E-17,0,0,0.5065578,0.4812299,0,0,0.2028321,10.44273,0,0.5065578,-0.5065578,13.27365,94.81157,0.04806311,0.529353,0,0,10.44273
11/11/2007 7:00:00 PM,0,0,74.09976,90,0,0,0.1272358,0.1272358,0,-1,0,0.1272358,0,0,2.775558E-17,0,0,0.1339324,0.1272358,0,0,0.7656741,9.936168,0,0.1339324,-0.1339324,13.13247,93.80316,0.04806311,0.1399594,0,0,9.936168
11/11/2007 8:00:00 PM,0,0,74.41897,90,0,0,1.46996,1.46996,0,-1,0,1.46996,0,0,2.220446E-16,0,0,1.547326,1.46996,0,0,0.9144878,9.802235,0,1.547326,-1.547326,11.50144,82.15301,0.04806311,1.616956,0,0,9.802235
11/11/2007 9:00:00 PM,0,0,73.15536,90,0,0,1.677855,1.677855,0,-1,0,1.677855,0,0,2.220446E-16,0,0,1.766163,1.677855,0,0,2.633739,8.25491,0,1.766163,-1.766163,9.639745,68.85518,0.04806311,1.84564,0,0,8.25491
11/11/2007 10:00:00 PM,0,0,68.46409,90,0,0,0.2351682,0.2351682,0,-1,0,0.2351682,0,0,2.775558E-17,0,0,0.2475454,0.2351682,0,0,4.596142,6.488746,0,0.2475454,-0.2475454,9.378809,66.99136,0.04806311,0.258685,0,0,6.488746
11/11/2007 11:00:00 PM,0,0,51.60476,90,0,0,0.1646324,0.1646324,0,-1,0,0.1646324,0,0,2.775558E-17,0,0,0.1732973,0.1646324,0,0,4.871192,6.241201,0,0.1732973,-0.1732973,9.196137,65.68657,0.04806311,0.1810956,0,0,6.241201
11/12/2007 12:00:00 AM,0,0,-16.66911,90,0,0,0.1818605,0.1818605,0,-1,0,0.1818605,0,0,2.775558E-17,0,0,0.1914321,0.1818605,0,0,5.063745,6.067904,0,0.1914321,-0.1914321,8.99435,64.24523,0.04806311,0.2000466,0,0,6.067904
11/12/2007 1:00:00 AM,0,0,-60.31201,90,0,0,0.2137426,0.2137426,0,-1,0,0.2137426,0,0,2.775558E-17,0,0,0.2249922,0.2137426,0,0,5.276447,5.876472,0,0.2249922,-0.2249922,8.757188,62.55122,0.04806311,0.2351168,0,0,5.876472
11/12/2007 2:00:00 AM,0,0,-70.47031,90,0,0,0.09420303,0.09420303,0,-1,0,0.09420303,0,0,1.387779E-17,0,0,0.09916109,0.09420303,0,0,5.526439,5.651479,0,0.09916109,-0.09916109,8.652663,61.80461,0.04806311,0.1036233,0,0,5.651479
11/12/2007 3:00:00 AM,0,0,-73.54644,90,0,0,0,0,0,-1,0,0,0,0,0,0,0,0,0,0,0,5.636618,5.552318,0,0,0,8.652663,61.80461,0.04806311,0,0,0,5.552318
11/12/2007 4:00:00 AM,0,0,-74.14849,90,0,0,0,0,0,-1,0,0,0,0,0,0,0,0,0,0,0,5.636618,5.552318,0,0,0,8.652663,61.80461,0.04806311,0,0,0,5.552318
11/12/2007 5:00:00 AM,0,0,-73.41132,90,0,0,0.1596947,0.1596947,0,0,0,0.1596947,0,0,2.775558E-17,0,0,0.1680997,0.1596947,0,0,5.636618,5.552318,0,0.1680997,-0.1680997,8.475471,60.53895,0.04806311,0.1756642,0,0,5.552318
11/12/2007 6:00:00 AM,0.0203703,0,-71.61045,90,0,0,0.1183358,0.1183358,0,0,0,0.1183358,0,0,1.387779E-17,0,0,0.124564,0.1183358,0,0,5.823395,5.384219,0,0.124564,-0.124564,8.344169,59.60108,0.04806311,0.1301694,0,0,5.384219
11/12/2007 7:00:00 AM,0.1344571,13.83883,-68.63633,73.03703,0.1405492,0.6307847,0,0,0,0,0,0,0,0,0,0,0.6307847,0,0,0,0,5.9618,5.259655,0.6307847,0,0.6307847,8.942583,63.87547,0.04805053,0,0.5046277,0,5.890439
11/12/2007 8:00:00 AM,0.2946456,27.42079,-64.02055,58.9455,0.306232,1.374369,0.3289511,0.3289511,0,0,0,0.3289511,417.8035,0,0,0,1.374369,0.3462643,0.3289511,0,0,5.331015,5.827361,1.028105,0,1.028105,9.917929,70.84221,0.04803006,0.3618462,1.099495,0,7.20173
11/12/2007 9:00:00 AM,0.2482017,40.32616,-56.71027,45.18628,0.2480969,1.113459,1.572912,1.572912,0,-1,0,1.572912,70.78964,0,2.220446E-16,0,1.113459,1.655697,1.572912,0,0,4.30291,6.752655,0,0.5422381,-0.5422381,9.34636,66.75958,0.04803006,1.730203,0.8907672,0,7.866114
11/12/2007 10:00:00 AM,0.2946538,51.8431,-44.51671,32.24982,0.2942457,1.320575,1.768675,1.768675,0,0,0,1.768675,74.66464,0,2.220446E-16,0,1.320575,1.861763,1.768675,0,0,4.905397,6.210417,0,0.5411882,-0.5411882,8.775898,62.68486,0.04803006,1.945542,1.05646,0,7.530992
11/12/2007 11:00:00 AM,0.5857366,60.29502,-23.74477,21.7166,0.6012232,2.69829,0.01697798,0.01697798,0,0,0,0.01697798,15892.87,0,0,0,2.69829,0.01787156,0.01697798,0,0,5.506717,5.669229,2.680418,0,2.680418,11.31877,80.84816,0.04797675,0.01867578,2.158632,0,8.367518
11/12/2007 12:00:00 PM,0.8826093,62.66433,5.96158,18.37466,0.9374646,4.207341,2.217716,2.217716,0,0,0,2.217716,189.7151,0,0,0,4.207341,2.334437,2.217716,0,0,2.826299,8.081605,1.872904,0,1.872904,13.09556,93.53951,0.04793958,2.439487,3.365873,0,12.28895
11/12/2007 1:00:00 PM,0.8767217,57.58692,32.96597,25.2658,0.9353036,4.197642,0.8280863,0.8280863,0,0,0,0.8280863,506.9088,2.372578,0,0,4.197642,0.8716698,0.8280863,0,0,0.9533951,9.767219,0.9533951,0,0.9533951,14.00003,100,0.04792068,0.9108949,3.358114,0,13.96486
11/12/2007 2:00:00 PM,0.6388988,47.66482,49.98207,37.05704,0.6771128,3.038882,0.5717195,0.5717195,0,-1,0,0.5717195,531.5338,2.437072,0,0,3.038882,0.60181,0.5717195,0,0,0,10.62527,0,0,0,14.00003,100,0.04792068,0.6288915,2.431106,0,13.66416
11/12/2007 3:00:00 PM,0.4949063,35.48731,59.93878,50.40511,0.5304226,2.380537,0.4472352,0.4472352,0,0,0,0.4472352,532.2784,1.909763,0,0,2.380537,0.4707739,0.4472352,0,0,0,10.62527,0,0,0,14.00003,100,0.04792068,0.4919587,1.904429,0,13.00581
11/12/2007 4:00:00 PM,0.3859857,22.26774,66.03501,64.32628,0.4369801,1.961167,1.280687,1.280687,0,0,0,1.280687,153.134,0.6130754,0,0,1.961167,1.348091,1.280687,0,0,0,10.62527,0,0,0,14.00003,100,0.04792068,1.408756,1.568933,0,12.58644
11/12/2007 5:00:00 PM,0.1015264,8.522237,69.93658,78.48545,0.1165802,0.5232121,0,0,0,0,0,0,0,0.5232121,0,0,0.5232121,0,0,0,0,0,10.62527,0,0,0,14.00003,100,0.04792068,0,0.4185697,0,11.14849
11/12/2007 6:00:00 PM,0.0008856776,0,72.42703,90,0,0,0.3535452,0.3535452,0,0,0,0.3535452,0,0,5.551115E-17,0,0,0.3721528,0.3535452,0,0,0,10.62527,0,0.3721528,-0.3721528,13.60774,97.19798,0.04792068,0.3888997,0,0,10.62527
11/12/2007 7:00:00 PM,0,0,73.82455,90,0,0,0.8238609,0.8238609,0,-1,0,0.8238609,0,0,1.110223E-16,0,0,0.867222,0.8238609,0,0,0.4135031,10.25312,0,0.867222,-0.867222,12.69361,90.66848,0.04792068,0.906247,0,0,10.25312
11/12/2007 8:00:00 PM,0,0,74.10891,90,0,0,0.7093778,0.7093778,0,-1,0,0.7093778,0,0,0,0,0,0.7467134,0.7093778,0,0,1.377083,9.3859,0,0.7467134,-0.7467134,11.90651,85.04631,0.04792068,0.7803155,0,0,9.3859
11/12/2007 9:00:00 PM,0,0,72.77644,90,0,0,1.505804,1.505804,0,-1,0,1.505804,0,0,2.220446E-16,0,0,1.585057,1.505804,0,0,2.206765,8.639186,0,1.585057,-1.585057,10.23571,73.11207,0.04792068,1.656385,0,0,8.639186
11/12/2007 10:00:00 PM,0,0,67.94761,90,0,0,0.1803376,0.1803376,0,-1,0,0.1803376,0,0,2.775558E-17,0,0,0.1898291,0.1803376,0,0,3.967939,7.054129,0,0.1898291,-0.1898291,10.03561,71.68281,0.04792068,0.1983714,0,0,7.054129
11/12/2007 11:00:00 PM,0,0,50.8552,90,0,0,0.1195626,0.1195626,0,-1,0,0.1195626,0,0,1.387779E-17,0,0,0.1258554,0.1195626,0,0,4.178861,6.8643,0,0.1258554,-0.1258554,9.902949,70.73521,0.04792068,0.1315189,0,0,6.8643
11/13/2007 12:00:00 AM,0,0,-16.04634,90,0,0,0.003749948,0.003749948,0,-1,0,0.003749948,0,0,4.336809E-19,0,0,0.003947314,0.003749948,0,0,4.3187,6.738444,0,0.003947314,-0.003947314,9.898788,70.70549,0.04792068,0.004124943,0,0,6.738444
11/13/2007 1:00:00 AM,0,0,-59.59456,90,0,0,0.2263717,0.2263717,0,-1,0,0.2263717,0,0,2.775558E-17,0,0,0.238286,0.2263717,0,0,4.323086,6.734497,0,0.238286,-0.238286,9.647614,68.91138,0.04792068,0.2490089,0,0,6.734497
11/13/2007 2:00:00 AM,0,0,-70.00681,90,0,0,0.126947,0.126947,0,-1,0,0.126947,0,0,0,0,0,0.1336284,0.126947,0,0,4.587848,6.496211,0,0.1336284,-0.1336284,9.506757,67.90527,0.04792068,0.1396417,0,0,6.496211
11/13/2007 3:00:00 AM,0,0,-73.20042,90,0,0,0,0,0,-1,0,0,0,0,0,0,0,0,0,0,0,4.736324,6.362583,0,0,0,9.506757,67.90527,0.04792068,0,0,0,6.362583
11/13/2007 4:00:00 AM,0,0,-73.86158,90,0,0,0,0,0,-1,0,0,0,0,0,0,0,0,0,0,0,4.736324,6.362583,0,0,0,9.506757,67.90527,0.04792068,0,0,0,6.362583
11/13/2007 5:00:00 AM,0,0,-73.15468,90,0,0,0.04959671,0.04959671,0,0,0,0.04959671,0,0,0,0,0,0.05220706,0.04959671,0,0,4.736324,6.362583,0,0.05220706,-0.05220706,9.451725,67.51219,0.04792068,0.05455638,0,0,6.362583
11/13/2007 6:00:00 AM,0.03154365,0,-71.36671,90,0,0,0.205331,0.205331,0,0,0,0.205331,0,0,2.775558E-17,0,0,0.2161379,0.205331,0,0,4.794332,6.310376,0,0.2161379,-0.2161379,9.223896,65.88484,0.04792068,0.2258641,0,0,6.310376
11/13/2007 7:00:00 AM,0.2491722,13.74421,-68.39305,73.09446,0.3013324,1.35238,0.435313,0.435313,0,0,0,0.435313,310.6683,0,0,0,1.35238,0.4582242,0.435313,0,0,5.034485,6.094238,0.8941554,0,0.8941554,10.07217,71.9439,0.04790296,0.4788443,1.081904,0,7.446617
11/13/2007 8:00:00 AM,0.5115107,27.30055,-63.76798,59.0272,0.5709947,2.562624,1.134589,1.134589,0,0,0,1.134589,225.8636,0,0,0,2.562624,1.194304,1.134589,0,0,4.14033,6.898977,1.36832,0,1.36832,11.37027,81.21604,0.04787588,1.248048,2.050099,0,9.461601
11/13/2007 9:00:00 AM,0.6862286,40.1729,-56.44405,45.29942,0.7448922,3.343076,0,0,0,-1,0,0,0,0.5710664,0,0,3.343076,0,0,0,0,2.77201,8.130466,2.77201,0,2.77201,14.00003,100,0.04782112,0,2.674461,0,11.47354
11/13/2007 10:00:00 AM,0.9064289,51.64646,-44.25575,32.4091,0.9731779,4.367622,0,0,0,0,0,0,0,4.367622,0,0,4.367622,0,0,0,0,0,10.62527,0,0,0,14.00003,100,0.04782112,0,3.494098,0,14.9929
11/13/2007 11:00:00 AM,1.07904,60.05217,-23.59171,21.94304,1.152996,5.174646,0.9741551,0.9741551,0,0,0,0.9741551,531.1933,4.14922,0,0,5.174646,1.025426,0.9741551,0,0,0,10.62527,0,0,0,14.00003,100,0.04782112,1.071571,4.139717,0,15.79992
11/13/2007 12:00:00 PM,1.02607,62.41677,5.833537,18.61891,1.094452,4.9119,0,0,0,0,0,0,0,4.9119,0,0,4.9119,0,0,0,0,0,10.62527,0,0,0,14.00003,100,0.04782112,0,3.92952,0,15.53717
11/13/2007 1:00:00 PM,1.080257,57.39656,32.65163,25.4188,1.156319,5.18956,0.8551276,0.8551276,0,0,0,0.8551276,606.8755,4.289426,0,0,5.18956,0.9001344,0.8551276,0,0,0,10.62527,0,0,0,14.00003,100,0.04782112,0.9406404,4.151649,0,15.81483
11/13/2007 2:00:00 PM,0.9199064,47.53722,49.65549,37.13831,0.9918887,4.451596,1.297985,1.297985,0,-1,0,1.297985,342.9622,3.085297,0,0,4.451596,1.3663,1.297985,0,0,0,10.62527,0,0,0,14.00003,100,0.04782112,1.427783,3.561277,0,15.07687
11/13/2007 3:00:00 PM,0.6969868,35.40572,59.64286,50.44299,0.7636401,3.427217,0,0,0,0,0,0,0,3.427217,0,0,3.427217,0,0,0,0,0,10.62527,0,0,0,14.00003,100,0.04782112,0,2.741773,0,14.05249
11/13/2007 4:00:00 PM,0.4204583,22.2192,65.76509,64.33449,0.4786004,2.147959,1.285419,1.285419,0,0,0,1.285419,167.1018,0.7948857,0,0,2.147959,1.353073,1.285419,0,0,0,10.62527,0,0,0,14.00003,100,0.04782112,1.413961,1.718367,0,12.77323
11/13/2007 5:00:00 PM,0.1299129,8.499089,69.68031,78.47022,0.165441,0.7424994,0.1615601,0.1615601,0,0,0,0.1615601,459.5808,0.5724361,0,0,0.7424994,0.1700633,0.1615601,0,0,0,10.62527,0,0,0,14.00003,100,0.04782112,0.1777162,0.5939995,0,11.36777
11/13/2007 6:00:00 PM,0.001009069,0,72.17135,90,0,0,1.912754,1.912754,0,0,0,1.912754,0,0,2.220446E-16,0,0,2.013425,1.912754,0,0,0,10.62527,0,2.013425,-2.013425,11.87769,84.84048,0.04782112,2.104029,0,0,10.62527
11/13/2007 7:00:00 PM,0,0,73.55492,90,0,0,2.331085,2.331085,0,-1,0,2.331085,0,0,0,0,0,2.453773,2.331085,0,0,2.237139,8.611849,0,2.453773,-2.453773,9.291187,66.36549,0.04782112,2.564193,0,0,8.611849
11/13/2007 8:00:00 PM,0,0,73.80568,90,0,0,1.79297,1.79297,0,-1,0,1.79297,0,0,0,0,0,1.887337,1.79297,0,0,4.963554,6.158075,0,1.887337,-1.887337,7.30176,52.15532,0.04782112,1.972267,0,0,6.158075
11/13/2007 9:00:00 PM,0,0,72.40694,90,0,0,0,0,0,-1,0,0,0,0,0,0,0,0,0,0,0,7.060595,4.270739,0,0,0,7.30176,52.15532,0.04782112,0,0,0,4.270739
11/13/2007 10:00:00 PM,0,0,67.44728,90,0,0,0.3243735,0.3243735,0,-1,0,0.3243735,0,0,5.551115E-17,0,0,0.3414458,0.3243735,0,0,7.060595,4.270739,0,0.3414458,-0.3414458,6.941844,49.5845,0.04782112,0.3568108,0,0,4.270739
11/13/2007 11:00:00 PM,0,0,50.1464,90,0,0,0.08608823,0.08608823,0,-1,0,0.08608823,0,0,1.387779E-17,0,0,0.0906192,0.08608823,0,0,7.439979,3.929293,0,0.0906192,-0.0906192,6.846323,48.90221,0.04782112,0.09469706,0,0,3.929293
11/14/2007 12:00:00 AM,0,0,-15.44397,90,0,0,0,0,0,-1,0,0,0,0,0,0,0,0,0,0,0,7.540667,3.838674,0,0,0,6.846323,48.90221,0.04782112,0,0,0,3.838674
11/14/2007 1:00:00 AM,0,0,-58.89315,90,0,0,0.2058475,0.2058475,0,-1,0,0.2058475,0,0,2.775558E-17,0,0,0.2166816,0.2058475,0,0,7.540667,3.838674,0,0.2166816,-0.2166816,6.61792,47.27077,0.04782112,0.2264322,0,0,3.838674
11/14/2007 2:00:00 AM,0,0,-69.55233,90,0,0,0.09747282,0.09747282,0,-1,0,0.09747282,0,0,1.387779E-17,0,0,0.102603,0.09747282,0,0,7.781425,3.621992,0,0.102603,-0.102603,6.509768,46.49825,0.04782112,0.1072201,0,0,3.621992
11/14/2007 3:00:00 AM,0,0,-72.86131,90,0,0,0.1003822,0.1003822,0,-1,0,0.1003822,0,0,1.387779E-17,0,0,0.1056655,0.1003822,0,0,7.895428,3.519389,0,0.1056655,-0.1056655,6.398386,45.70267,0.04782112,0.1104204,0,0,3.519389
11/14/2007 4:00:00 AM,0,0,-73.5807,90,0,0,0.08669385,0.08669385,0,-1,0,0.08669385,0,0,0,0,0,0.09125669,0.08669385,0,0,8.012834,3.413724,0,0.09125669,-0.09125669,6.302193,45.01558,0.04782112,0.09536324,0,0,3.413724
11/14/2007 5:00:00 AM,0,0,-72.90378,90,0,0,0,0,0,0,0,0,0,0,0,0,0,0,0,0,0,8.11423,3.322467,0,0,0,6.302193,45.01558,0.04782112,0,0,0,3.322467
11/14/2007 6:00:00 AM,0.02637859,0,-71.12886,90,0,0,0.3324677,0.3324677,0,0,0,0.3324677,0,0,5.551115E-17,0,0,0.349966,0.3324677,0,0,8.11423,3.322467,0,0.349966,-0.349966,5.933297,42.38061,0.04782112,0.3657145,0,0,3.322467
11/14/2007 7:00:00 AM,0.2426907,13.64778,-68.15619,73.15469,0.2939133,1.319083,0,0,0,0,0,0,0,0,0,0,1.319083,0,0,0,0,8.503081,2.972501,1.319083,0,1.319083,7.184689,51.3191,0.04779509,0,1.055266,0,4.291584
11/14/2007 8:00:00 AM,0.5270498,27.17897,-63.52291,59.11141,0.5895328,2.645823,1.277138,1.277138,0,0,0,1.277138,207.1682,0,0,0,2.645823,1.344356,1.277138,0,0,7.183998,4.159676,1.301467,0,1.301467,8.41937,60.13823,0.04776945,1.404852,2.116658,0,6.805499
11/14/2007 9:00:00 AM,0.7681585,40.0191,-56.18719,45.41452,0.8359994,3.751966,0.9533858,0.9533858,0,-1,0,0.9533858,393.5412,0,0,0,3.751966,1.003564,0.9533858,0,0,5.882531,5.330997,2.748401,0,2.748401,11.02673,78.76221,0.04771539,1.048724,3.001572,0,9.082962
11/14/2007 10:00:00 AM,0.8115786,51.45079,-44.00676,32.56916,0.8705289,3.906934,0.1355876,0.1355876,0,0,0,0.1355876,2881.484,0.6300808,0,0,3.906934,0.1427238,0.1355876,0,0,3.134129,7.804558,3.134129,0,3.134129,14.00003,100,0.04765389,0.1491463,3.125547,0,11.71149
11/14/2007 11:00:00 AM,1.097653,59.81283,-23.45092,22.16726,1.174024,5.26902,0.8850387,0.8850387,0,0,0,0.8850387,595.3434,4.3374,0,0,5.26902,0.9316197,0.8850387,0,0,0,10.62527,0,0,0,14.00003,100,0.04765389,0.9735426,4.215216,0,15.89429
11/14/2007 12:00:00 PM,1.134177,62.17482,5.702289,18.85756,1.211748,5.438323,0.7833276,0.7833276,0,0,0,0.7833276,694.259,4.613767,0,0,5.438323,0.8245554,0.7833276,0,0,0,10.62527,0,0,0,14.00003,100,0.04765389,0.8616604,4.350658,0,16.0636
11/14/2007 1:00:00 PM,1.0776,57.21165,32.34148,25.56729,1.154396,5.180928,1.331039,1.331039,0,0,0,1.331039,389.2394,3.779834,0,0,5.180928,1.401094,1.331039,0,0,0,10.62527,0,0,0,14.00003,100,0.04765389,1.464143,4.144742,0,15.8062
11/14/2007 2:00:00 PM,0.9316573,47.41445,49.3341,37.21575,1.005611,4.51318,0.2692299,0.2692299,0,-1,0,0.2692299,1676.329,4.22978,0,0,4.51318,0.2833999,0.2692299,0,0,0,10.62527,0,0,0,14.00003,100,0.04765389,0.2961529,3.610544,0,15.13845
11/14/2007 3:00:00 PM,0.6639677,35.32856,59.35188,50.47734,0.7278934,3.266785,0.7259373,0.7259373,0,0,0,0.7259373,450.0093,2.502641,0,0,3.266785,0.7641445,0.7259373,0,0,0,10.62527,0,0,0,14.00003,100,0.04765389,0.798531,2.613428,0,13.89206
11/14/2007 4:00:00 PM,0.4082721,22.17483,65.49989,64.33933,0.465233,2.087966,0.9139259,0.9139259,0,0,0,0.9139259,228.4612,1.125938,0,0,2.087966,0.9620273,0.9139259,0,0,0,10.62527,0,0,0,14.00003,100,0.04765389,1.005319,1.670373,0,12.71324
11/14/2007 5:00:00 PM,0.1373161,8.479945,69.42877,78.4518,0.1787256,0.8021204,0.2311561,0.2311561,0,0,0,0.2311561,347.0038,0.5587982,0,0,0.8021204,0.2433222,0.2311561,0,0,0,10.62527,0,0,0,14.00003,100,0.04765389,0.2542717,0.6416963,0,11.42739
11/14/2007 6:00:00 PM,0.001061132,0,71.92068,90,0,0,0,0,0,0,0,0,0,0,0,0,0,0,0,0,0,0,10.62527,0,0,0,14.00003,100,0.04765389,0,0,0,10.62527
11/14/2007 7:00:00 PM,0,0,73.29094,90,0,0,1.082115,1.082115,0,-1,0,1.082115,0,0,0,0,0,1.139068,1.082115,0,0,0,10.62527,0,1.139068,-1.139068,12.79935,91.42371,0.04765389,1.190326,0,0,10.62527
11/14/2007 8:00:00 PM,0,0,73.50939,90,0,0,0.8347923,0.8347923,0,-1,0,0.8347923,0,0,1.110223E-16,0,0,0.8787287,0.8347923,0,0,1.265631,9.486206,0,0.8787287,-0.8787287,11.87308,84.80757,0.04765389,0.9182715,0,0,9.486206
11/14/2007 9:00:00 PM,0,0,72.04704,90,0,0,0,0,0,-1,0,0,0,0,0,0,0,0,0,0,0,2.241997,8.607477,0,0,0,11.87308,84.80757,0.04765389,0,0,0,8.607477
11/14/2007 10:00:00 PM,0,0,66.9632,90,0,0,0.2619744,0.2619744,0,-1,0,0.2619744,0,0,0,0,0,0.2757625,0.2619744,0,0,2.241997,8.607477,0,0.2757625,-0.2757625,11.5824,82.73129,0.04765389,0.2881718,0,0,8.607477
11/14/2007 11:00:00 PM,0,0,49.47721,90,0,0,0.05247126,0.05247126,0,-1,0,0.05247126,0,0,6.938894E-18,0,0,0.0552329,0.05247126,0,0,2.548399,8.331715,0,0.0552329,-0.0552329,11.52418,82.31543,0.04765389,0.05771839,0,0,8.331715
11/15/2007 12:00:00 AM,0,0,-14.86002,90,0,0,0.150106,0.150106,0,-1,0,0.150106,0,0,0,0,0,0.1580063,0.150106,0,0,2.609769,8.276482,0,0.1580063,-0.1580063,11.35763,81.12577,0.04765389,0.1651166,0,0,8.276482
11/15/2007 1:00:00 AM,0,0,-58.20749,90,0,0,0,0,0,-1,0,0,0,0,0,0,0,0,0,0,0,2.785332,8.118476,0,0,0,11.35763,81.12577,0.04765389,0,0,0,8.118476
11/15/2007 2:00:00 AM,0,0,-69.10692,90,0,0,0.6637338,0.6637338,0,-1,0,0.6637338,0,0,1.110223E-16,0,0,0.6986672,0.6637338,0,0,2.785332,8.118476,0,0.6986672,-0.6986672,10.62117,75.86535,0.04765389,0.7301072,0,0,8.118476
11/15/2007 3:00:00 AM,0,0,-72.52916,90,0,0,0.3459462,0.3459462,0,-1,0,0.3459462,0,0,0,0,0,0.3641539,0.3459462,0,0,3.561629,7.419808,0,0.3641539,-0.3641539,10.23732,73.12356,0.04765389,0.3805408,0,0,7.419808
11/15/2007 4:00:00 AM,0,0,-73.30592,90,0,0,0.1494487,0.1494487,0,-1,0,0.1494487,0,0,2.775558E-17,0,0,0.1573144,0.1494487,0,0,3.966244,7.055655,0,0.1573144,-0.1573144,10.07149,71.9391,0.04765389,0.1643936,0,0,7.055655
11/15/2007 5:00:00 AM,0,0,-72.6587,90,0,0,0.2686908,0.2686908,0,0,0,0.2686908,0,0,0,0,0,0.2828324,0.2686908,0,0,4.141038,6.89834,0,0.2828324,-0.2828324,9.773363,69.80959,0.04765389,0.2955599,0,0,6.89834
11/15/2007 6:00:00 AM,0.02607825,0,-70.89695,90,0,0,0.01090561,0.01090561,0,0,0,0.01090561,0,0,1.734723E-18,0,0,0.01147959,0.01090561,0,0,4.455296,6.615508,0,0.01147959,-0.01147959,9.761263,69.72317,0.04765389,0.01199617,0,0,6.615508
11/15/2007 7:00:00 AM,0.2566195,13.5496,-67.9258,73.21767,0.313113,1.405251,1.821292,1.821292,0,0,0,1.821292,77.15681,0,0,0,1.405251,1.91715,1.821292,0,0,4.468051,6.604028,0,0.5118988,-0.5118988,9.221674,65.86897,0.04765389,2.003422,1.124201,0,8.009279
11/15/2007 8:00:00 AM,0.5385667,27.05613,-63.28539,59.19802,0.6035746,2.708843,1.298024,1.298024,0,0,0,1.298024,208.6898,0,0,0,2.708843,1.366341,1.298024,0,0,5.036828,6.092129,1.342502,0,1.342502,10.49528,74.96616,0.04762759,1.427826,2.167074,0,8.800972
11/15/2007 9:00:00 AM,0.6921954,39.86491,-55.9397,45.53146,0.7532753,3.3807,0.388335,0.388335,0,-1,0,0.388335,870.5626,0,0,0,3.3807,0.4087737,0.388335,0,0,3.694326,7.300381,2.971926,0,2.971926,13.3147,95.1048,0.04756948,0.4271685,2.70456,0,10.68108
11/15/2007 10:00:00 AM,0.8528639,51.25624,-43.76962,32.72983,0.9168248,4.11471,0.6189237,0.6189237,0,0,0,0.6189237,664.817,2.740811,0,0,4.11471,0.6514987,0.6189237,0,0,0.7223998,9.975115,0.7223998,0,0.7223998,14.00003,100,0.04755538,0.6808161,3.291768,0,14.08982
11/15/2007 11:00:00 AM,0.9263093,59.57712,-23.32208,22.38907,0.9899759,4.443012,0.08121645,0.08121645,0,0,0,0.08121645,5470.581,4.357521,0,0,4.443012,0.085491,0.08121645,0,0,0,10.62527,0,0,0,14.00003,100,0.04755538,0.08933809,3.55441,0,15.06829
11/15/2007 12:00:00 PM,0.966293,61.93856,5.567929,19.09057,1.031788,4.630662,0.4394854,0.4394854,0,0,0,0.4394854,1053.656,4.168046,0,0,4.630662,0.4626162,0.4394854,0,0,0,10.62527,0,0,0,14.00003,100,0.04755538,0.4834339,3.70453,0,15.25594
11/15/2007 1:00:00 PM,0.8438275,57.03226,32.03543,25.71119,0.9010425,4.043879,0,0,0,0,0,0,0,4.043879,0,0,4.043879,0,0,0,0,0,10.62527,0,0,0,14.00003,100,0.04755538,0,3.235103,0,14.66915
11/15/2007 2:00:00 PM,0.789517,47.29657,49.01789,37.2893,0.851465,3.821375,0.3308413,0.3308413,0,-1,0,0.3308413,1155.048,3.473121,0,0,3.821375,0.348254,0.3308413,0,0,0,10.62527,0,0,0,14.00003,100,0.04755538,0.3639254,3.0571,0,14.44665
11/15/2007 3:00:00 PM,0.6086502,35.25586,59.06586,50.50811,0.6669382,2.993219,0,0,0,0,0,0,0,2.993219,0,0,2.993219,0,0,0,0,0,10.62527,0,0,0,14.00003,100,0.04755538,0,2.394575,0,13.61849
11/15/2007 4:00:00 PM,0.4123472,22.13466,65.23949,64.34082,0.4707641,2.112789,0.7538518,0.7538518,0,0,0,0.7538518,280.2658,1.319261,0,0,2.112789,0.7935283,0.7538518,0,0,0,10.62527,0,0,0,14.00003,100,0.04755538,0.829237,1.690231,0,12.73806
11/15/2007 5:00:00 PM,0.1553573,8.464794,69.18204,78.4302,0.2080524,0.9337393,1.555004,1.555004,0,0,0,1.555004,60.04738,0,0,0,0.9337393,1.636847,1.555004,0,0,0,10.62527,0,0.7031073,-0.7031073,13.25889,94.70615,0.04755538,1.710505,0.7469915,0,11.55901
11/15/2007 6:00:00 PM,0.001248438,0,71.67512,90,0,0,1.908652,1.908652,0,0,0,1.908652,0,0,2.220446E-16,0,0,2.009108,1.908652,0,0,0.7812304,9.922167,0,2.009108,-2.009108,11.1411,79.57914,0.04755538,2.099518,0,0,9.922167
11/15/2007 7:00:00 PM,0,0,73.03272,90,0,0,1.26752,1.26752,0,-1,0,1.26752,0,0,2.220446E-16,0,0,1.334231,1.26752,0,0,3.013572,7.913059,0,1.334231,-1.334231,9.734698,69.53342,0.04755538,1.394272,0,0,7.913059
11/15/2007 8:00:00 PM,0,0,73.22015,90,0,0,0.4484189,0.4484189,0,-1,0,0.4484189,0,0,0,0,0,0.4720198,0.4484189,0,0,4.496052,6.578827,0,0.4720198,-0.4720198,9.237146,65.97948,0.04755538,0.4932607,0,0,6.578827
11/15/2007 9:00:00 PM,0,0,71.69683,90,0,0,1.083618,1.083618,0,-1,0,1.083618,0,0,0,0,0,1.14065,1.083618,0,0,5.020518,6.106808,0,1.14065,-1.14065,8.034795,57.39128,0.04755538,1.19198,0,0,6.106808
11/15/2007 10:00:00 PM,0,0,66.49545,90,0,0,0.1640212,0.1640212,0,-1,0,0.1640212,0,0,0,0,0,0.1726539,0.1640212,0,0,6.287908,4.966157,0,0.1726539,-0.1726539,7.852802,56.09133,0.04755538,0.1804233,0,0,4.966157
11/15/2007 11:00:00 PM,0,0,48.84647,90,0,0,0,0,0,-1,0,0,0,0,0,0,0,0,0,0,0,6.479745,4.793503,0,0,0,7.852802,56.09133,0.04755538,0,0,0,4.793503
11/16/2007 12:00:00 AM,0,0,-14.29272,90,0,0,0,0,0,-1,0,0,0,0,0,0,0,0,0,0,0,6.479745,4.793503,0,0,0,7.852802,56.09133,0.04755538,0,0,0,4.793503
11/16/2007 1:00:00 AM,0,0,-57.53728,90,0,0,0.1510221,0.1510221,0,-1,0,0.1510221,0,0,2.775558E-17,0,0,0.1589706,0.1510221,0,0,6.479745,4.793503,0,0.1589706,-0.1589706,7.685232,54.89441,0.04755538,0.1661243,0,0,4.793503
11/16/2007 2:00:00 AM,0,0,-68.67058,90,0,0,0.3443481,0.3443481,0,-1,0,0.3443481,0,0,0,0,0,0.3624716,0.3443481,0,0,6.656379,4.634533,0,0.3624716,-0.3624716,7.303154,52.16528,0.04755538,0.3787829,0,0,4.634533
11/16/2007 3:00:00 AM,0,0,-72.20404,90,0,0,0.2474756,0.2474756,0,-1,0,0.2474756,0,0,2.775558E-17,0,0,0.2605006,0.2474756,0,0,7.059125,4.272061,0,0.2605006,-0.2605006,7.028562,50.20391,0.04755538,0.2722232,0,0,4.272061
11/16/2007 4:00:00 AM,0,0,-73.03732,90,0,0,0.2499083,0.2499083,0,-1,0,0.2499083,0,0,5.551115E-17,0,0,0.2630613,0.2499083,0,0,7.348571,4.01156,0,0.2630613,-0.2630613,6.751271,48.22327,0.04755538,0.2748991,0,0,4.01156
11/16/2007 5:00:00 AM,0,0,-72.4195,90,0,0,0.3489057,0.3489057,0,0,0,0.3489057,0,0,5.551115E-17,0,0,0.3672691,0.3489057,0,0,7.640861,3.748499,0,0.3672691,-0.3672691,6.364135,45.45802,0.04755538,0.3837962,0,0,3.748499
11/16/2007 6:00:00 AM,0.02790311,0,-70.67104,90,0,0,0,0,0,0,0,0,0,0,0,0,0,0,0,0,0,8.048938,3.38123,0,0,0,6.364135,45.45802,0.04755538,0,0,0,3.38123
11/16/2007 7:00:00 AM,0.213752,13.44974,-67.70195,73.28333,0.2556415,1.147319,1.542121,1.542121,0,0,0,1.542121,74.39878,0,0,0,1.147319,1.623285,1.542121,0,0,8.048938,3.38123,0,0.4759661,-0.4759661,5.862423,41.87436,0.04755538,1.696333,0.9178553,0,4.528549
11/16/2007 8:00:00 AM,0.3891049,26.93215,-63.05545,59.28695,0.4259629,1.911721,0.8985539,0.8985539,0,0,0,0.8985539,212.7553,0,0,0,1.911721,0.9458462,0.8985539,0,0,8.577789,2.905264,0.9658751,0,0.9658751,6.778732,48.41942,0.04753654,0.9884093,1.529377,0,4.816986
11/16/2007 9:00:00 AM,0.4961711,39.71043,-55.70155,45.65009,0.5237926,2.350781,0.3929763,0.3929763,0,-1,0,0.3929763,598.1992,0,0,0,2.350781,0.4136593,0.3929763,0,0,7.611914,3.774552,1.937122,0,1.937122,8.616447,61.54593,0.04749879,0.432274,1.880625,0,6.125333
11/16/2007 10:00:00 AM,0.6248696,51.06295,-43.54418,32.89094,0.6567436,2.947465,0,0,0,0,0,0,0,0,0,0,2.947465,0,0,0,0,5.674792,5.517962,2.947465,0,2.947465,11.41266,81.51883,0.04744148,0,2.357972,0,8.465426
11/16/2007 11:00:00 AM,0.9177728,59.34517,-23.20488,22.60831,0.9814358,4.404684,1.381852,1.381852,0,0,0,1.381852,318.7522,0.222776,0,0,4.404684,1.454581,1.381852,0,0,2.727327,8.17068,2.727327,0,2.727327,14.00003,100,0.04738856,1.520037,3.523747,0,12.57536
11/16/2007 12:00:00 PM,0.9356279,61.70804,5.430548,19.31789,0.9992067,4.48444,0.5781378,0.5781378,0,0,0,0.5781378,775.6697,3.875874,0,0,4.48444,0.608566,0.5781378,0,0,0,10.62527,0,0,0,14.00003,100,0.04738856,0.6359515,3.587552,0,15.10971
11/16/2007 1:00:00 PM,0.7579277,56.85845,31.7334,25.85041,0.8038986,3.607897,0.7073382,0.7073382,0,0,0,0.7073382,510.0668,2.863331,0,0,3.607897,0.7445664,0.7073382,0,0,0,10.62527,0,0,0,14.00003,100,0.04738856,0.7780719,2.886318,0,14.23317
11/16/2007 2:00:00 PM,0.6442461,47.18362,48.70686,37.35889,0.6858012,3.077876,0.08901782,0.08901782,0,-1,0,0.08901782,3457.595,2.984173,0,0,3.077876,0.09370297,0.08901782,0,0,0,10.62527,0,0,0,14.00003,100,0.04738856,0.09791961,2.462301,0,13.70315
11/16/2007 3:00:00 PM,0.5526174,35.18767,58.78485,50.53527,0.6023882,2.703518,1.522931,1.522931,0,0,0,1.522931,177.5207,1.100433,0,0,2.703518,1.603085,1.522931,0,0,0,10.62527,0,0,0,14.00003,100,0.04738856,1.675224,2.162815,0,13.32879
11/16/2007 4:00:00 PM,0.3597593,22.09869,64.98392,64.33894,0.4070766,1.82696,0,0,0,0,0,0,0,1.82696,0,0,1.82696,0,0,0,0,0,10.62527,0,0,0,14.00003,100,0.04738856,0,1.461568,0,12.45223
11/16/2007 5:00:00 PM,0.1279207,8.453623,68.94019,78.40544,0.1636828,0.7346082,0.6715,0.6715,0,0,0,0.6715,109.3981,0.02776616,0,0,0.7346082,0.7068421,0.6715,0,0,0,10.62527,0,0,0,14.00003,100,0.04738856,0.73865,0.5876866,0,11.35988
11/16/2007 6:00:00 PM,0.0009813929,0,71.43472,90,0,0,0.2967373,0.2967373,0,0,0,0.2967373,0,0,5.551115E-17,0,0,0.312355,0.2967373,0,0,0,10.62527,0,0.312355,-0.312355,13.67078,97.64821,0.04738856,0.326411,0,0,10.62527
11/16/2007 7:00:00 PM,0,0,72.78035,90,0,0,0.8026363,0.8026363,0,-1,0,0.8026363,0,0,1.110223E-16,0,0,0.8448803,0.8026363,0,0,0.3470611,10.31292,0,0.8448803,-0.8448803,12.7802,91.28693,0.04738856,0.8828999,0,0,10.31292
11/16/2007 8:00:00 PM,0,0,72.93806,90,0,0,0,0,0,-1,0,0,0,0,0,0,0,0,0,0,0,1.285817,9.468039,0,0,0,12.7802,91.28693,0.04738856,0,0,0,9.468039
11/16/2007 9:00:00 PM,0,0,71.35645,90,0,0,0,0,0,-1,0,0,0,0,0,0,0,0,0,0,0,1.285817,9.468039,0,0,0,12.7802,91.28693,0.04738856,0,0,0,9.468039
11/16/2007 10:00:00 PM,0,0,66.04408,90,0,0,0.2237561,0.2237561,0,-1,0,0.2237561,0,0,2.775558E-17,0,0,0.2355327,0.2237561,0,0,1.285817,9.468039,0,0.2355327,-0.2355327,12.53192,89.51355,0.04738856,0.2461317,0,0,9.468039
11/16/2007 11:00:00 PM,0,0,48.253,90,0,0,0,0,0,-1,0,0,0,0,0,0,0,0,0,0,0,1.54752,9.232506,0,0,0,12.53192,89.51355,0.04738856,0,0,0,9.232506
11/17/2007 12:00:00 AM,0,0,-13.74048,90,0,0,0.06670813,0.06670813,0,-1,0,0.06670813,0,0,1.387779E-17,0,0,0.07021908,0.06670813,0,0,1.54752,9.232506,0,0.07021908,-0.07021908,12.4579,88.98485,0.04738856,0.07337894,0,0,9.232506
11/17/2007 1:00:00 AM,0,0,-56.88227,90,0,0,0.3491424,0.3491424,0,-1,0,0.3491424,0,0,5.551115E-17,0,0,0.3675183,0.3491424,0,0,1.625541,9.162287,0,0.3675183,-0.3675183,12.07051,86.21773,0.04738856,0.3840567,0,0,9.162287
11/17/2007 2:00:00 AM,0,0,-68.24335,90,0,0,0.3336948,0.3336948,0,-1,0,0.3336948,0,0,0,0,0,0.3512577,0.3336948,0,0,2.033895,8.794768,0,0.3512577,-0.3512577,11.70025,83.57303,0.04738856,0.3670642,0,0,8.794768
11/17/2007 3:00:00 AM,0,0,-71.88601,90,0,0,0.2269106,0.2269106,0,-1,0,0.2269106,0,0,0,0,0,0.2388533,0.2269106,0,0,2.424181,8.443511,0,0.2388533,-0.2388533,11.44847,81.77465,0.04738856,0.2496017,0,0,8.443511
11/17/2007 4:00:00 AM,0,0,-72.77495,90,0,0,0.2326664,0.2326664,0,-1,0,0.2326664,0,0,2.775558E-17,0,0,0.244912,0.2326664,0,0,2.689574,8.204658,0,0.244912,-0.244912,11.19031,79.93066,0.04738856,0.255933,0,0,8.204658
11/17/2007 5:00:00 AM,0,0,-72.18625,90,0,0,0,0,0,0,0,0,0,0,0,0,0,0,0,0,0,2.961698,7.959746,0,0,0,11.19031,79.93066,0.04738856,0,0,0,7.959746
11/17/2007 6:00:00 AM,0.01854782,0,-70.45119,90,0,0,0.1091223,0.1091223,0,0,0,0.1091223,0,0,1.387779E-17,0,0,0.1148656,0.1091223,0,0,2.961698,7.959746,0,0.1148656,-0.1148656,11.06924,79.06581,0.04738856,0.1200345,0,0,7.959746
11/17/2007 7:00:00 AM,0.2113626,13.34829,-67.48468,73.35159,0.2532896,1.136764,1.713063,1.713063,0,0,0,1.713063,66.35855,0,0,0,1.136764,1.803224,1.713063,0,0,3.089327,7.84488,0,0.6664604,-0.6664604,10.36672,74.04788,0.04738856,1.884369,0.9094108,0,8.981644
11/17/2007 8:00:00 AM,0.3883465,26.80713,-62.83312,59.37807,0.4257992,1.910987,0.5038662,0.5038662,0,0,0,0.5038662,379.2647,0,0,0,1.910987,0.5303855,0.5038662,0,0,3.829838,7.17842,1.380601,0,1.380601,11.67648,83.40324,0.04736182,0.5542528,1.528789,0,9.089407
11/17/2007 9:00:00 AM,0.6864524,39.55581,-55.47273,45.77028,0.748555,3.359515,1.022418,1.022418,0,-1,0,1.022418,328.5852,0,0,0,3.359515,1.07623,1.022418,0,0,2.449237,8.420961,2.283285,0,2.283285,13.84259,98.87546,0.04731766,1.12466,2.687612,0,11.78048
11/17/2007 10:00:00 AM,0.8670411,50.87107,-43.33029,33.0523,0.9338281,4.19102,0.3627582,0.3627582,0,0,0,0.3627582,1155.321,3.643218,0,0,4.19102,0.3818507,0.3627582,0,0,0.1659518,10.47592,0.1659518,0,0.1659518,14.00003,100,0.04731445,0.399034,3.352816,0,14.66694
11/17/2007 11:00:00 AM,0.9116362,59.11707,-23.09901,22.82482,0.9754798,4.377953,0.4966203,0.4966203,0,0,0,0.4966203,881.5494,3.855195,0,0,4.377953,0.5227582,0.4966203,0,0,0,10.62527,0,0,0,14.00003,100,0.04731445,0.5462824,3.502362,0,15.00323
11/17/2007 12:00:00 PM,0.88009,61.4833,5.290233,19.53946,0.938427,4.21166,1.709176,1.709176,0,0,0,1.709176,246.4146,2.412528,0,0,4.21166,1.799133,1.709176,0,0,0,10.62527,0,0,0,14.00003,100,0.04731445,1.880094,3.369328,0,14.83694
11/17/2007 1:00:00 PM,0.6993575,56.69025,31.43533,25.98487,0.7364788,3.305317,0,0,0,0,0,0,0,3.305317,0,0,3.305317,0,0,0,0,0,10.62527,0,0,0,14.00003,100,0.04731445,0,2.644253,0,13.93059
11/17/2007 2:00:00 PM,0.6585227,47.07566,48.40097,37.42448,0.7031832,3.155886,0.9818585,0.9818585,0,-1,0,0.9818585,321.4197,2.122351,0,0,3.155886,1.033535,0.9818585,0,0,0,10.62527,0,0,0,14.00003,100,0.04731445,1.080044,2.524709,0,13.78116
11/17/2007 3:00:00 PM,0.5459841,35.124,58.50888,50.5588,0.5951076,2.670843,0.1287707,0.1287707,0,0,0,0.1287707,2074.108,2.535295,0,0,2.670843,0.1355481,0.1287707,0,0,0,10.62527,0,0,0,14.00003,100,0.04731445,0.1416478,2.136674,0,13.29612
11/17/2007 4:00:00 PM,0.3234839,22.06692,64.73325,64.33368,0.3603431,1.61722,0.3239183,0.3239183,0,0,0,0.3239183,499.2679,1.276253,0,0,1.61722,0.3409666,0.3239183,0,0,0,10.62527,0,0,0,14.00003,100,0.04731445,0.3563101,1.293776,0,12.24249
11/17/2007 5:00:00 PM,0.1051923,8.446412,68.70329,78.37756,0.1241477,0.557175,0.1736685,0.1736685,0,0,0,0.1736685,320.8268,0.3743661,0,0,0.557175,0.1828089,0.1736685,0,0,0,10.62527,0,0,0,14.00003,100,0.04731445,0.1910353,0.44574,0,11.18245
11/17/2007 6:00:00 PM,0.0006714027,0,71.19958,90,0,0,1.228138,1.228138,0,0,0,1.228138,0,0,2.220446E-16,0,0,1.292777,1.228138,0,0,0,10.62527,0,1.292777,-1.292777,12.63732,90.2664,0.04731445,1.350952,0,0,10.62527
11/17/2007 7:00:00 PM,0,0,72.53391,90,0,0,1.655319,1.655319,0,-1,0,1.655319,0,0,2.220446E-16,0,0,1.742441,1.655319,0,0,1.436419,9.332497,0,1.742441,-1.742441,10.80063,77.14718,0.04731445,1.820851,0,0,9.332497
11/17/2007 8:00:00 PM,0,0,72.66322,90,0,0,0.1352609,0.1352609,0,-1,0,0.1352609,0,0,2.775558E-17,0,0,0.1423799,0.1352609,0,0,3.372465,7.590056,0,0.1423799,-0.1423799,10.65055,76.07517,0.04731445,0.148787,0,0,7.590056
11/17/2007 9:00:00 PM,0,0,71.02599,90,0,0,0.1755163,0.1755163,0,-1,0,0.1755163,0,0,2.775558E-17,0,0,0.184754,0.1755163,0,0,3.530665,7.447676,0,0.184754,-0.184754,10.4558,74.68412,0.04731445,0.1930679,0,0,7.447676
11/17/2007 10:00:00 PM,0,0,65.60911,90,0,0,0.2720174,0.2720174,0,-1,0,0.2720174,0,0,0,0,0,0.2863342,0.2720174,0,0,3.735947,7.262922,0,0.2863342,-0.2863342,10.15397,72.52824,0.04731445,0.2992192,0,0,7.262922
11/17/2007 11:00:00 PM,0,0,47.69564,90,0,0,0,0,0,-1,0,0,0,0,0,0,0,0,0,0,0,4.054096,6.976588,0,0,0,10.15397,72.52824,0.04731445,0,0,0,6.976588
11/18/2007 12:00:00 AM,0,0,-13.2019,90,0,0,0,0,0,-1,0,0,0,0,0,0,0,0,0,0,0,4.054096,6.976588,0,0,0,10.15397,72.52824,0.04731445,0,0,0,6.976588
11/18/2007 1:00:00 AM,0,0,-56.24216,90,0,0,0.1830489,0.1830489,0,-1,0,0.1830489,0,0,2.775558E-17,0,0,0.1926831,0.1830489,0,0,4.054096,6.976588,0,0.1926831,-0.1926831,9.950869,71.07749,0.04731445,0.2013538,0,0,6.976588
11/18/2007 2:00:00 AM,0,0,-67.82523,90,0,0,0.04639812,0.04639812,0,-1,0,0.04639812,0,0,6.938894E-18,0,0,0.04884012,0.04639812,0,0,4.268188,6.783905,0,0.04884012,-0.04884012,9.899387,70.70976,0.04731445,0.05103793,0,0,6.783905
11/18/2007 3:00:00 AM,0,0,-71.57511,90,0,0,0.1200188,0.1200188,0,-1,0,0.1200188,0,0,1.387779E-17,0,0,0.1263356,0.1200188,0,0,4.322455,6.735065,0,0.1263356,-0.1263356,9.766217,69.75856,0.04731445,0.1320207,0,0,6.735065
11/18/2007 4:00:00 AM,0,0,-72.51887,90,0,0,0.153914,0.153914,0,-1,0,0.153914,0,0,2.775558E-17,0,0,0.1620148,0.153914,0,0,4.462828,6.608729,0,0.1620148,-0.1620148,9.595439,68.53871,0.04731445,0.1693054,0,0,6.608729
11/18/2007 5:00:00 AM,0,0,-71.95901,90,0,0,0,0,0,0,0,0,0,0,0,0,0,0,0,0,0,4.642845,6.446714,0,0,0,9.595439,68.53871,0.04731445,0,0,0,6.446714
11/18/2007 6:00:00 AM,0.0132644,0,-70.23747,90,0,0,0.07830491,0.07830491,0,0,0,0.07830491,0,0,1.387779E-17,0,0,0.08242622,0.07830491,0,0,4.642845,6.446714,0,0.08242622,-0.08242622,9.508554,67.91811,0.04731445,0.0861354,0,0,6.446714
11/18/2007 7:00:00 AM,0.170614,13.24532,-67.27404,73.42237,0.1930813,0.8665489,0,0,0,0,0,0,0,0,0,0,0.8665489,0,0,0,0,4.734429,6.364288,0.8665489,0,0.8665489,10.33063,73.7901,0.04729772,0,0.6932392,0,7.230837
11/18/2007 8:00:00 AM,0.1516028,26.68116,-62.61843,59.4713,0.1514861,0.6798696,0.1903529,0.1903529,0,0,0,0.1903529,357.1628,0,0,0,0.6798696,0.2003714,0.1903529,0,0,3.86788,7.144182,0.4794981,0,0.4794981,10.78553,77.03932,0.04728846,0.2093882,0.5438957,0,7.824051
11/18/2007 9:00:00 AM,0.3767376,39.40116,-55.25322,45.89188,0.3852925,1.729193,0.8936423,0.8936423,0,-1,0,0.8936423,193.4994,0,0,0,1.729193,0.9406762,0.8936423,0,0,3.388382,7.57573,0.7885168,0,0.7885168,11.53358,82.38255,0.04727325,0.9830065,1.383354,0,9.304923
11/18/2007 10:00:00 AM,0.4318305,50.68072,-43.12782,33.21374,0.4378446,1.965046,1.257011,1.257011,0,0,0,1.257011,156.327,0,0,0,1.965046,1.323169,1.257011,0,0,2.599865,8.285396,0.6418774,0,0.6418774,12.14252,86.73209,0.04726087,1.382712,1.572037,0,10.25044
11/18/2007 11:00:00 AM,0.1200515,58.89292,-23.00418,23.03845,0.1195582,0.5365773,1.636268,1.636268,0,0,0,1.636268,32.79275,0,0,0,0.5365773,1.722388,1.636268,0,0,1.957988,8.863085,0,1.18581,-1.18581,10.89256,77.80387,0.04726087,1.799895,0.4292619,0,9.399662
11/18/2007 12:00:00 PM,0.6243891,61.26439,5.14707,19.75526,0.6452384,2.89583,1.966547,1.966547,0,0,0,1.966547,147.2546,0,0,0,2.89583,2.070049,1.966547,0,0,3.275555,7.677275,0.8257807,0,0.8257807,11.67597,83.3996,0.04724496,2.163201,2.316664,0,10.5731
11/18/2007 1:00:00 PM,0.3558902,56.52774,31.14114,26.1145,0.3562655,1.598919,0.9973607,0.9973607,0,0,0,0.9973607,160.315,0,0,0,1.598919,1.049853,0.9973607,0,0,2.449775,8.420477,0.5490659,0,0.5490659,12.19686,87.12024,0.04723439,1.097097,1.279135,0,10.0194
11/18/2007 2:00:00 PM,0.3149435,46.97273,48.10023,37.486,0.3155658,1.416259,0.9935241,0.9935241,0,-1,0,0.9935241,142.5491,0,0,0,1.416259,1.045815,0.9935241,0,0,1.900708,8.914637,0.3704446,0,0.3704446,12.54829,89.63048,0.04722726,1.092877,1.133008,0,10.3309
11/18/2007 3:00:00 PM,0.09146431,35.06487,58.23798,50.57867,0.09113172,0.4089991,1.584873,1.584873,0,0,0,1.584873,25.80644,0,0,0,0.4089991,1.668287,1.584873,0,0,1.530264,9.248036,0,1.259288,-1.259288,11.22089,80.14902,0.04722726,1.74336,0.3271993,0,9.657036
11/18/2007 4:00:00 PM,0.09050209,22.03936,64.48753,64.32507,0.09032359,0.4053723,0,0,0,0,0,0,0,0,0,0,0.4053723,0,0,0,0,2.929473,7.988749,0.4053723,0,0.4053723,11.60546,82.89595,0.04721946,0,0.3242978,0,8.394121
11/18/2007 5:00:00 PM,0.01960947,8.443143,68.4714,78.34656,0.01958378,0.08789199,0.2878577,0.2878577,0,0,0,0.2878577,30.53314,0,0,0,0.08789199,0.3030081,0.2878577,0,0,2.5241,8.353584,0,0.2151161,-0.2151161,11.3787,81.27629,0.04721946,0.3166434,0.0703136,0,8.441476
11/18/2007 6:00:00 PM,0.001099386,0,70.96978,90,0,0,0.8303301,0.8303301,0,0,0,0.8303301,0,0,0,0,0,0.8740317,0.8303301,0,0,2.763118,8.138468,0,0.8740317,-0.8740317,10.45739,74.69552,0.04721946,0.9133632,0,0,8.138468
11/18/2007 7:00:00 PM,0,0,72.2935,90,0,0,0.6570728,0.6570728,0,-1,0,0.6570728,0,0,0,0,0,0.6916555,0.6570728,0,0,3.734265,7.264436,0,0.6916555,-0.6916555,9.728325,69.48789,0.04721946,0.72278,0,0,7.264436
11/18/2007 8:00:00 PM,0,0,72.39573,90,0,0,0,0,0,-1,0,0,0,0,0,0,0,0,0,0,0,4.502771,6.572781,0,0,0,9.728325,69.48789,0.04721946,0,0,0,6.572781
11/18/2007 9:00:00 PM,0,0,70.70555,90,0,0,2.681627,2.681627,0,-1,0,2.681627,0,0,4.440892E-16,0,0,2.822765,2.681627,0,0,4.502771,6.572781,0,2.822765,-2.822765,6.752869,48.23468,0.04721946,2.949789,0,0,6.572781
11/18/2007 10:00:00 PM,0,0,65.19055,90,0,0,0,0,0,-1,0,0,0,0,0,0,0,0,0,0,0,7.639176,3.750015,0,0,0,6.752869,48.23468,0.04721946,0,0,0,3.750015
11/18/2007 11:00:00 PM,0,0,47.17324,90,0,0,0.1670064,0.1670064,0,-1,0,0.1670064,0,0,0,0,0,0.1757962,0.1670064,0,0,7.639176,3.750015,0,0.1757962,-0.1757962,6.567564,46.91108,0.04721946,0.183707,0,0,3.750015
11/19/2007 12:00:00 AM,0,0,-12.67572,90,0,0,0.4853393,0.4853393,0,-1,0,0.4853393,0,0,5.551115E-17,0,0,0.5108834,0.4853393,0,0,7.834506,3.574219,0,0.5108834,-0.5108834,6.029045,43.06452,0.04721946,0.5338731,0,0,3.574219
11/19/2007 1:00:00 AM,0,0,-55.61671,90,0,0,0.08656537,0.08656537,0,-1,0,0.08656537,0,0,1.387779E-17,0,0,0.09112144,0.08656537,0,0,8.402154,3.063336,0,0.09112144,-0.09112144,5.932995,42.37845,0.04721946,0.09522191,0,0,3.063336
11/19/2007 2:00:00 AM,0,0,-67.41624,90,0,0,0,0,0,-1,0,0,0,0,0,0,0,0,0,0,0,8.5034,2.972214,0,0,0,5.932995,42.37845,0.04721946,0,0,0,2.972214
11/19/2007 3:00:00 AM,0,0,-71.27142,90,0,0,0.02595154,0.02595154,0,-1,0,0.02595154,0,0,3.469447E-18,0,0,0.02731741,0.02595154,0,0,8.5034,2.972214,0,0.02731741,-0.02731741,5.9042,42.17277,0.04721946,0.02854669,0,0,2.972214
11/19/2007 4:00:00 AM,0,0,-72.26915,90,0,0,0,0,0,-1,0,0,0,0,0,0,0,0,0,0,0,8.533752,2.944897,0,0,0,5.9042,42.17277,0.04721946,0,0,0,2.944897
11/19/2007 5:00:00 AM,0,0,-71.73782,90,0,0,0.526839,0.526839,0,0,0,0.526839,0,0,1.110223E-16,0,0,0.5545674,0.526839,0,0,8.533752,2.944897,0,0.5545674,-0.5545674,5.319634,37.99731,0.04721946,0.5795229,0,0,2.944897
11/19/2007 6:00:00 AM,0.01686006,0,-70.02991,90,0,0,0.1873974,0.1873974,0,0,0,0.1873974,0,0,2.775558E-17,0,0,0.1972604,0.1873974,0,0,9.149939,2.39033,0,0.1972604,-0.1972604,5.111704,36.5121,0.04721946,0.2061371,0,0,2.39033
11/19/2007 7:00:00 AM,0.1348374,13.14091,-67.07008,73.49561,0.1434038,0.6435962,1.390734,1.390734,0,0,0,1.390734,46.27745,0,0,0,0.6435962,1.46393,1.390734,0,0,9.369117,2.193069,0,0.8203341,-0.8203341,4.246995,30.33562,0.04721946,1.529807,0.514877,0,2.836666
11/19/2007 8:00:00 AM,0.2569849,26.55436,-62.41142,59.56653,0.264279,1.186084,0,0,0,0,0,0,0,0,0,0,1.186084,0,0,0,0,10.2806,1.372735,1.186084,0,1.186084,5.372214,38.37288,0.04719664,0,0.9488673,0,2.558819
11/19/2007 9:00:00 AM,0.4510331,39.24661,-55.04298,46.01478,0.4714291,2.115774,0.8342352,0.8342352,0,-1,0,0.8342352,253.6184,0,0,0,2.115774,0.8781423,0.8342352,0,0,9.094515,2.440211,1.237632,0,1.237632,6.546334,46.75944,0.04717286,0.9176587,1.692619,0,4.555985
11/19/2007 10:00:00 AM,0.6624287,50.49204,-42.93663,33.3751,0.7027259,3.153834,0,0,0,0,0,0,0,0,0,0,3.153834,0,0,0,0,7.856883,3.554079,3.153834,0,3.153834,9.538323,68.13074,0.04711238,0,2.523067,0,6.707913
11/19/2007 11:00:00 AM,0.7102584,58.67284,-22.92012,23.24906,0.7473778,3.354232,0,0,0,0,0,0,0,0,0,0,3.354232,0,0,0,0,4.703049,6.39253,3.354232,0,3.354232,12.72043,90.86002,0.04704821,0,2.683385,0,9.746761
11/19/2007 12:00:00 PM,0.7391509,61.05136,5.001146,19.96523,0.7782859,3.492947,0,0,0,0,0,0,0,2.14413,0,0,3.492947,0,0,0,0,1.348818,9.411339,1.348818,0,1.348818,14.00003,100,0.04702246,0,2.794358,0,12.90429
11/19/2007 1:00:00 PM,0.7517825,56.37094,30.85079,26.23923,0.798611,3.584166,0.1551239,0.1551239,0,0,0,0.1551239,2310.519,3.420878,0,0,3.584166,0.1632883,0.1551239,0,0,0,10.62527,0,0,0,14.00003,100,0.04702246,0.1706363,2.867333,0,14.20944
11/19/2007 2:00:00 PM,0.764415,46.87486,47.80463,37.54342,0.8263925,3.70885,1.357838,1.357838,0,-1,0,1.357838,273.1438,2.279547,0,0,3.70885,1.429303,1.357838,0,0,0,10.62527,0,0,0,14.00003,100,0.04702246,1.493622,2.96708,0,14.33412
11/19/2007 3:00:00 PM,0.5808451,35.01031,57.97219,50.59487,0.6375999,2.861548,0.6025023,0.6025023,0,0,0,0.6025023,474.9439,2.227335,0,0,2.861548,0.6342129,0.6025023,0,0,0,10.62527,0,0,0,14.00003,100,0.04702246,0.6627525,2.289238,0,13.48682
11/19/2007 4:00:00 PM,0.2664686,22.016,64.24683,64.31309,0.285874,1.283002,0.7510878,0.7510878,0,0,0,0.7510878,170.8192,0.4923837,0,0,1.283002,0.7906187,0.7510878,0,0,0,10.62527,0,0,0,14.00003,100,0.04702246,0.8261966,1.026402,0,11.90828
11/19/2007 5:00:00 PM,0.1094511,8.443791,68.24458,78.31249,0.1319029,0.59198,1.564715,1.564715,0,0,0,1.564715,37.8331,0,2.220446E-16,0,0.59198,1.647068,1.564715,0,0,0,10.62527,0,1.055088,-1.055088,12.88787,92.05602,0.04702246,1.721186,0.4735841,0,11.21725
11/19/2007 6:00:00 PM,0.001104434,0,70.74538,90,0,0,2.506493,2.506493,0,0,0,2.506493,0,0,0,0,0,2.638414,2.506493,0,0,1.17232,9.570187,0,2.638414,-2.638414,10.10674,72.19082,0.04702246,2.757143,0,0,9.570187
11/19/2007 7:00:00 PM,0,0,72.05917,90,0,0,0.6056396,0.6056396,0,-1,0,0.6056396,0,0,0,0,0,0.6375153,0.6056396,0,0,4.103891,6.931772,0,0.6375153,-0.6375153,9.434734,67.39083,0.04702246,0.6662035,0,0,6.931772
11/19/2007 8:00:00 PM,0,0,72.13567,90,0,0,0.7411512,0.7411512,0,-1,0,0.7411512,0,0,0,0,0,0.7801592,0.7411512,0,0,4.812242,6.294257,0,0.7801592,-0.7801592,8.612375,61.51684,0.04702246,0.8152664,0,0,6.294257
11/19/2007 9:00:00 PM,0,0,70.39522,90,0,0,0.6357517,0.6357517,0,-1,0,0.6357517,0,0,0,0,0,0.6692123,0.6357517,0,0,5.679085,5.514098,0,0.6692123,-0.6692123,7.906963,56.4782,0.04702246,0.6993269,0,0,5.514098
11/19/2007 10:00:00 PM,0,0,64.78841,90,0,0,0.1212595,0.1212595,0,-1,0,0.1212595,0,0,2.775558E-17,0,0,0.1276416,0.1212595,0,0,6.422654,4.844885,0,0.1276416,-0.1276416,7.772417,55.51715,0.04702246,0.1333854,0,0,4.844885
11/19/2007 11:00:00 PM,0,0,46.68466,90,0,0,0.2762855,0.2762855,0,-1,0,0.2762855,0,0,5.551115E-17,0,0,0.2908268,0.2762855,0,0,6.564478,4.717244,0,0.2908268,-0.2908268,7.465858,53.32745,0.04702246,0.303914,0,0,4.717244
11/20/2007 12:00:00 AM,0,0,-12.16081,90,0,0,0.4738964,0.4738964,0,-1,0,0.4738964,0,0,5.551115E-17,0,0,0.4988383,0.4738964,0,0,6.887619,4.426417,0,0.4988383,-0.4988383,6.940037,49.57159,0.04702246,0.5212861,0,0,4.426417
11/20/2007 1:00:00 AM,0,0,-55.00566,90,0,0,0.2291856,0.2291856,0,-1,0,0.2291856,0,0,2.775558E-17,0,0,0.241248,0.2291856,0,0,7.441884,3.927578,0,0.241248,-0.241248,6.685739,47.75518,0.04702246,0.2521041,0,0,3.927578
11/20/2007 2:00:00 AM,0,0,-67.01643,90,0,0,0.199341,0.199341,0,-1,0,0.199341,0,0,2.775558E-17,0,0,0.2098327,0.199341,0,0,7.709938,3.686331,0,0.2098327,-0.2098327,6.464556,46.17531,0.04702246,0.2192751,0,0,3.686331
11/20/2007 3:00:00 AM,0,0,-70.97499,90,0,0,0.1221045,0.1221045,0,-1,0,0.1221045,0,0,2.775558E-17,0,0,0.1285311,0.1221045,0,0,7.943085,3.476498,0,0.1285311,-0.1285311,6.329072,45.20757,0.04702246,0.134315,0,0,3.476498
11/20/2007 4:00:00 AM,0,0,-72.02585,90,0,0,0,0,0,-1,0,0,0,0,0,0,0,0,0,0,0,8.085897,3.347967,0,0,0,6.329072,45.20757,0.04702246,0,0,0,3.347967
11/20/2007 5:00:00 AM,0,0,-71.52277,90,0,0,0.0588726,0.0588726,0,0,0,0.0588726,0,0,6.938894E-18,0,0,0.06197116,0.0588726,0,0,8.085897,3.347967,0,0.06197116,-0.06197116,6.263749,44.74097,0.04702246,0.06475987,0,0,3.347967
11/20/2007 6:00:00 AM,0.01029413,0,-69.82858,90,0,0,0.06510342,0.06510342,0,0,0,0.06510342,0,0,0,0,0,0.06852992,0.06510342,0,0,8.154754,3.285995,0,0.06852992,-0.06852992,6.191512,44.225,0.04702246,0.07161377,0,0,3.285995
11/20/2007 7:00:00 AM,0.1197352,13.03515,-66.87283,73.57123,0.1246422,0.5593943,0,0,0,0,0,0,0,0,0,0,0.5593943,0,0,0,0,8.230898,3.217466,0.5593943,0,0.5593943,6.7222,48.01562,0.04701179,0,0.4475155,0,3.77686
11/20/2007 8:00:00 AM,0.1881805,26.42681,-62.21208,59.66366,0.1890896,0.8486339,0.8767186,0.8767186,0,0,0,0.8767186,96.79662,1.110223E-16,0,0,0.8486339,0.9228616,0.8767186,0,0,7.671504,3.720921,0,0.07422774,-0.07422774,6.643957,47.45675,0.04701179,0.9643904,0.6789071,0,4.569554
11/20/2007 9:00:00 AM,0.2547241,39.09229,-54.84199,46.13883,0.2550046,1.144461,0.8599162,0.8599162,0,-1,0,0.8599162,133.0898,0,0,0,1.144461,0.905175,0.8599162,0,0,7.753979,3.646693,0.2392857,0,0.2392857,6.870964,49.07821,0.04700723,0.9459078,0.9155685,0,4.791153
11/20/2007 10:00:00 AM,0.1255955,50.30517,-42.75655,33.53621,0.1251106,0.5614965,0.6204716,0.6204716,0,0,0,0.6204716,90.49512,0,0,0,0.5614965,0.653128,0.6204716,0,0,7.514694,3.86205,0,0.09163152,-0.09163152,6.774375,48.3883,0.04700723,0.6825188,0.4491972,0,4.423546
11/20/2007 11:00:00 AM,0.5338825,58.45691,-22.84654,23.4565,0.5455225,2.448305,0,0,0,0,0,0,0,0,0,0,2.448305,0,0,0,0,7.616507,3.770418,2.448305,0,2.448305,9.097041,64.97874,0.04696058,0,1.958644,0,6.218723
11/20/2007 12:00:00 PM,0.3641971,60.84427,4.852542,20.16933,0.3643401,1.635158,0.9657969,0.9657969,0,0,0,0.9657969,169.3067,0,0,0,1.635158,1.016628,0.9657969,0,0,5.168201,5.973893,0.6185302,0,0.6185302,9.68383,69.17008,0.04694881,1.062377,1.308127,0,7.609051
11/20/2007 1:00:00 PM,0.2800615,56.21992,30.56421,26.35899,0.2793936,1.253918,1.307117,1.307117,0,0,0,1.307117,95.9301,0,0,0,1.253918,1.375912,1.307117,0,0,4.549672,6.53057,0,0.1219939,-0.1219939,9.555238,68.25156,0.04694881,1.437828,1.003135,0,7.784488
11/20/2007 2:00:00 PM,0.5094159,46.7821,47.51418,37.59667,0.5286059,2.372383,0,0,0,-1,0,0,0,0,0,0,2.372383,0,0,0,0,4.68522,6.408576,2.372383,0,2.372383,11.80588,84.32753,0.04690373,0,1.897907,0,8.780959
11/20/2007 3:00:00 PM,0.4016241,34.96034,57.71156,50.60737,0.4206274,1.887776,1.736581,1.736581,0,0,0,1.736581,108.7064,0,0,0,1.887776,1.827981,1.736581,0,0,2.312837,8.543721,0.05979547,0,0.05979547,11.86261,84.73272,0.04690259,1.91024,1.510221,0,10.4315
11/20/2007 4:00:00 PM,0.2017753,21.99684,64.01118,64.29777,0.2069698,0.9288805,1.427235,1.427235,0,0,0,1.427235,65.08253,0,0,0,0.9288805,1.502352,1.427235,0,0,2.253042,8.597537,0,0.5734718,-0.5734718,11.25811,80.41493,0.04690259,1.569958,0.7431044,0,9.526417
11/20/2007 5:00:00 PM,0.04826816,8.448332,68.02292,78.27538,0.04855621,0.2179203,0.7945412,0.7945412,0,0,0,0.7945412,27.42719,0,1.110223E-16,0,0.2179203,0.8363591,0.7945412,0,0,2.890233,8.024065,0,0.6184388,-0.6184388,10.60622,75.75857,0.04690259,0.8739953,0.1743362,0,8.241985
11/20/2007 6:00:00 PM,0.0007127302,0,70.52644,90,0,0,1.488367,1.488367,0,0,0,1.488367,0,0,0,0,0,1.566702,1.488367,0,0,3.577387,7.405626,0,1.566702,-1.566702,8.954771,63.96252,0.04690259,1.637204,0,0,7.405626
11/20/2007 7:00:00 PM,0,0,71.83103,90,0,0,0,0,0,-1,0,0,0,0,0,0,0,0,0,0,0,5.318167,5.838923,0,0,0,8.954771,63.96252,0.04690259,0,0,0,5.838923
11/20/2007 8:00:00 PM,0,0,71.88312,90,0,0,0.7839036,0.7839036,0,-1,0,0.7839036,0,0,1.110223E-16,0,0,0.8251616,0.7839036,0,0,5.318167,5.838923,0,0.8251616,-0.8251616,8.084974,57.7497,0.04690259,0.862294,0,0,5.838923
11/20/2007 9:00:00 PM,0,0,70.09507,90,0,0,1.09112,1.09112,0,-1,0,1.09112,0,0,2.220446E-16,0,0,1.148547,1.09112,0,0,6.235013,5.013762,0,1.148547,-1.148547,6.8743,49.10204,0.04690259,1.200232,0,0,5.013762
11/20/2007 10:00:00 PM,0,0,64.40263,90,0,0,0.08880361,0.08880361,0,-1,0,0.08880361,0,0,1.387779E-17,0,0,0.09347749,0.08880361,0,0,7.511177,3.865215,0,0.09347749,-0.09347749,6.775766,48.39823,0.04690259,0.09768397,0,0,3.865215
11/20/2007 11:00:00 PM,0,0,46.22879,90,0,0,0.3028118,0.3028118,0,-1,0,0.3028118,0,0,5.551115E-17,0,0,0.3187493,0.3028118,0,0,7.615041,3.771737,0,0.3187493,-0.3187493,6.439775,45.9983,0.04690259,0.333093,0,0,3.771737
11/21/2007 12:00:00 AM,0,0,-11.65613,90,0,0,0,0,0,-1,0,0,0,0,0,0,0,0,0,0,0,7.969207,3.452988,0,0,0,6.439775,45.9983,0.04690259,0,0,0,3.452988
11/21/2007 1:00:00 AM,0,0,-54.40876,90,0,0,0.1757462,0.1757462,0,-1,0,0.1757462,0,0,0,0,0,0.184996,0.1757462,0,0,7.969207,3.452988,0,0.184996,-0.184996,6.244772,44.60542,0.04690259,0.1933209,0,0,3.452988
11/21/2007 2:00:00 AM,0,0,-66.6258,90,0,0,0.05009389,0.05009389,0,-1,0,0.05009389,0,0,0,0,0,0.05273042,0.05009389,0,0,8.174758,3.267992,0,0.05273042,-0.05273042,6.189189,44.2084,0.04690259,0.05510328,0,0,3.267992
11/21/2007 3:00:00 AM,0,0,-70.68587,90,0,0,0.2195222,0.2195222,0,-1,0,0.2195222,0,0,2.775558E-17,0,0,0.231076,0.2195222,0,0,8.233347,3.215262,0,0.231076,-0.231076,5.945613,42.46858,0.04690259,0.2414744,0,0,3.215262
11/21/2007 4:00:00 AM,0,0,-71.78903,90,0,0,0.213275,0.213275,0,-1,0,0.213275,0,0,2.775558E-17,0,0,0.2245,0.213275,0,0,8.490098,2.984186,0,0.2245,-0.2245,5.70897,40.77827,0.04690259,0.2346025,0,0,2.984186
11/21/2007 5:00:00 AM,0,0,-71.31389,90,0,0,0.06147624,0.06147624,0,0,0,0.06147624,0,0,1.387779E-17,0,0,0.06471183,0.06147624,0,0,8.739543,2.759686,0,0.06471183,-0.06471183,5.640758,40.29104,0.04690259,0.06762386,0,0,2.759686
11/21/2007 6:00:00 AM,0.006412411,0,-69.63353,90,0,0,0.2899969,0.2899969,0,0,0,0.2899969,0,0,5.551115E-17,0,0,0.3052599,0.2899969,0,0,8.811445,2.694974,0,0.3052599,-0.3052599,5.318985,37.99268,0.04690259,0.3189966,0,0,2.694974
11/21/2007 7:00:00 AM,0.1165871,12.9281,-66.68234,73.64914,0.1210647,0.5433384,0.01376173,0.01376173,0,0,0,0.01376173,3948.184,0,0,0,0.5433384,0.01448603,0.01376173,0,0,9.150622,2.389714,0.5288523,0,0.5288523,5.820699,41.57634,0.04689256,0.0151379,0.4346707,0,2.933052
11/21/2007 8:00:00 AM,0.2506001,26.29863,-62.02044,59.76258,0.2574073,1.155244,0.466181,0.466181,0,0,0,0.466181,247.8102,0,0,0,1.155244,0.4907168,0.466181,0,0,8.62177,2.865681,0.6645272,0,0.6645272,6.451125,46.07937,0.04687995,0.5127991,0.9241952,0,4.020925
11/21/2007 9:00:00 AM,0.2234566,38.93831,-54.65021,46.2639,0.2231955,1.001701,0.7720529,0.7720529,0,-1,0,0.7720529,129.7452,0,0,0,1.001701,0.8126873,0.7720529,0,0,7.957243,3.463756,0.1890142,0,0.1890142,6.630439,47.36018,0.04687636,0.8492582,0.8013612,0,4.465457
11/21/2007 10:00:00 AM,0.3993843,50.12023,-42.58746,33.6969,0.403317,1.810086,0.05766536,0.05766536,0,0,0,0.05766536,3138.95,0,0,0,1.810086,0.06070038,0.05766536,0,0,7.768229,3.633868,1.749386,0,1.749386,8.290052,59.21454,0.04684322,0.0634319,1.448069,0,5.443955
11/21/2007 11:00:00 AM,0.5956278,58.24523,-22.78319,23.66065,0.615456,2.762167,0.5694297,0.5694297,0,0,0,0.5694297,485.076,0,0,0,2.762167,0.5993997,0.5694297,0,0,6.018843,5.208316,2.162767,0,2.162767,10.34183,73.87009,0.04680229,0.6263727,2.209733,0,7.970483
11/21/2007 12:00:00 PM,0.7684724,60.64314,4.70134,20.36753,0.813457,3.650795,1.191217,1.191217,0,0,0,1.191217,306.4761,0,0,0,3.650795,1.253913,1.191217,0,0,3.856075,7.154806,2.396882,0,2.396882,12.61572,90.11208,0.04675703,1.310339,2.920636,0,10.8056
11/21/2007 1:00:00 PM,0.6514037,56.0747,30.28137,26.47372,0.6823472,3.062374,1.149254,1.149254,0,0,0,1.149254,266.4662,0.3934397,0,0,3.062374,1.209741,1.149254,0,0,1.459193,9.312,1.459193,0,1.459193,14.00003,100,0.04672952,1.26418,2.449899,0,12.37437
11/21/2007 2:00:00 PM,0.4795087,46.69447,47.22886,37.64571,0.494364,2.218705,0.8625977,0.8625977,0,-1,0,0.8625977,257.2121,1.310708,0,0,2.218705,0.9079976,0.8625977,0,0,0,10.62527,0,0,0,14.00003,100,0.04672952,0.9488575,1.774964,0,12.84398
11/21/2007 3:00:00 PM,0.4810326,34.91497,57.4561,50.61617,0.5180136,2.324845,0.4985355,0.4985355,0,0,0,0.4985355,466.3348,1.800071,0,0,2.324845,0.5247743,0.4985355,0,0,0,10.62527,0,0,0,14.00003,100,0.04672952,0.5483891,1.859876,0,12.95012
11/21/2007 4:00:00 PM,0.1704738,21.98187,63.78067,64.2791,0.1722971,0.7732694,0,0,0,0,0,0,0,0.7732694,0,0,0.7732694,0,0,0,0,0,10.62527,0,0,0,14.00003,100,0.04672952,0,0.6186156,0,11.39854
11/21/2007 5:00:00 PM,0.08872382,8.456736,67.80646,78.23525,0.09817189,0.4405954,0,0,0,0,0,0,0,0.4405954,0,0,0.4405954,0,0,0,0,0,10.62527,0,0,0,14.00003,100,0.04672952,0,0.3524764,0,11.06587
11/21/2007 6:00:00 PM,0.001559465,0,70.31306,90,0,0,1.61894,1.61894,0,0,0,1.61894,0,0,2.220446E-16,0,0,1.704147,1.61894,0,0,0,10.62527,0,1.704147,-1.704147,12.2037,87.16911,0.04672952,1.780834,0,0,10.62527
11/21/2007 7:00:00 PM,0,0,71.60914,90,0,0,0.8530281,0.8530281,0,-1,0,0.8530281,0,0,1.110223E-16,0,0,0.8979244,0.8530281,0,0,1.893497,8.921127,0,0.8979244,-0.8979244,11.2572,80.40844,0.04672952,0.9383309,0,0,8.921127
11/21/2007 8:00:00 PM,0,0,71.63817,90,0,0,1.390454,1.390454,0,-1,0,1.390454,0,0,2.220446E-16,0,0,1.463636,1.390454,0,0,2.891191,8.023203,0,1.463636,-1.463636,9.714396,69.3884,0.04672952,1.5295,0,0,8.023203
11/21/2007 9:00:00 PM,0,0,69.80516,90,0,0,0.8451454,0.8451454,0,-1,0,0.8451454,0,0,1.110223E-16,0,0,0.8896267,0.8451454,0,0,4.517453,6.559567,0,0.8896267,-0.8896267,8.776648,62.69021,0.04672952,0.92966,0,0,6.559567
11/21/2007 10:00:00 PM,0,0,64.03318,90,0,0,0.1927315,0.1927315,0,-1,0,0.1927315,0,0,2.775558E-17,0,0,0.2028752,0.1927315,0,0,5.505927,5.66994,0,0.2028752,-0.2028752,8.562798,61.16272,0.04672952,0.2120046,0,0,5.66994
11/21/2007 11:00:00 PM,0,0,45.80456,90,0,0,0.0740021,0.0740021,0,-1,0,0.0740021,0,0,0,0,0,0.07789695,0.0740021,0,0,5.731344,5.467065,0,0.07789695,-0.07789695,8.480687,60.57622,0.04672952,0.08140231,0,0,5.467065
11/22/2007 12:00:00 AM,0,0,-11.16076,90,0,0,0.4806857,0.4806857,0,-1,0,0.4806857,0,0,5.551115E-17,0,0,0.5059849,0.4806857,0,0,5.817896,5.389168,0,0.5059849,-0.5059849,7.947332,56.76655,0.04672952,0.5287542,0,0,5.389168
11/22/2007 1:00:00 AM,0,0,-53.82579,90,0,0,0.212212,0.212212,0,-1,0,0.212212,0,0,2.775558E-17,0,0,0.2233811,0.212212,0,0,6.380101,4.883183,0,0.2233811,-0.2233811,7.711868,55.08466,0.04672952,0.2334332,0,0,4.883183
11/22/2007 2:00:00 AM,0,0,-66.24438,90,0,0,0.209613,0.209613,0,-1,0,0.209613,0,0,2.775558E-17,0,0,0.2206453,0.209613,0,0,6.628303,4.659802,0,0.2206453,-0.2206453,7.479288,53.42337,0.04672952,0.2305744,0,0,4.659802
11/22/2007 3:00:00 AM,0,0,-70.40414,90,0,0,0.2843269,0.2843269,0,-1,0,0.2843269,0,0,0,0,0,0.2992915,0.2843269,0,0,6.873464,4.439157,0,0.2992915,-0.2992915,7.163806,51.16994,0.04672952,0.3127596,0,0,4.439157
11/22/2007 4:00:00 AM,0,0,-71.55875,90,0,0,0.5052236,0.5052236,0,-1,0,0.5052236,0,0,1.110223E-16,0,0,0.5318143,0.5052236,0,0,7.20601,4.139865,0,0.5318143,-0.5318143,6.603225,47.1658,0.04672952,0.555746,0,0,4.139865
11/22/2007 5:00:00 AM,0,0,-71.11125,90,0,0,0.2929212,0.2929212,0,0,0,0.2929212,0,0,0,0,0,0.3083381,0.2929212,0,0,7.796915,3.608051,0,0.3083381,-0.3083381,6.278208,44.84425,0.04672952,0.3222133,0,0,3.608051
11/22/2007 6:00:00 AM,0.02023149,0,-69.4448,90,0,0,0,0,0,0,0,0,0,0,0,0,0,0,0,0,0,8.139513,3.299713,0,0,0,6.278208,44.84425,0.04672952,0,0,0,3.299713
11/22/2007 7:00:00 AM,0.2401763,12.81987,-66.49865,73.72927,0.2997247,1.345164,1.436903,1.436903,0,0,0,1.436903,93.61555,0,0,0,1.345164,1.512529,1.436903,0,0,8.139513,3.299713,0,0.1673648,-0.1673648,6.10179,43.58413,0.04672952,1.580593,1.076131,0,4.644877
11/22/2007 8:00:00 AM,0.5162926,26.16992,-61.83652,59.86319,0.5846894,2.624086,1.772935,1.772935,0,0,0,1.772935,148.008,0,0,0,2.624086,1.866247,1.772935,0,0,8.325474,3.132348,0.7578388,0,0.7578388,6.820739,48.71947,0.04671524,1.950228,2.099269,0,5.756434
11/22/2007 9:00:00 AM,0.7363008,38.78479,-54.46761,46.38985,0.8078144,3.625471,1.167929,1.167929,0,-1,0,1.167929,310.4187,0,0,0,3.625471,1.229399,1.167929,0,0,7.567635,3.814403,2.396072,0,2.396072,9.093852,64.95596,0.04667015,1.284722,2.900377,0,7.439874
11/22/2007 10:00:00 AM,0.8160681,49.93734,-42.42919,33.85703,0.8817264,3.957188,0.7612122,0.7612122,0,0,0,0.7612122,519.8535,0,0,0,3.957188,0.801276,0.7612122,0,0,5.171563,5.970868,3.155912,0,3.155912,12.08781,86.34135,0.04661091,0.8373334,3.165751,0,9.928056
11/22/2007 11:00:00 AM,0.7148771,58.03789,-22.7298,23.86137,0.7544139,3.38581,1.106159,1.106159,0,0,0,1.106159,306.0869,0.2057803,0,0,3.38581,1.164378,1.106159,0,0,2.015651,8.811189,2.015651,0,2.015651,14.00003,100,0.04657315,1.216775,2.708648,0,12.197
11/22/2007 12:00:00 PM,0.7307795,60.44802,4.547619,20.55978,0.7701,3.456209,1.461903,1.461903,0,0,0,1.461903,236.4184,1.917363,0,0,3.456209,1.538846,1.461903,0,0,0,10.62527,0,0,0,14.00003,100,0.04657315,1.608094,2.764967,0,14.08148
11/22/2007 1:00:00 PM,0.7711279,55.93533,30.00222,26.58335,0.8227516,3.692509,0.3094528,0.3094528,0,0,0,0.3094528,1193.238,3.366769,0,0,3.692509,0.3257397,0.3094528,0,0,0,10.62527,0,0,0,14.00003,100,0.04657315,0.340398,2.954007,0,14.31778
11/22/2007 2:00:00 PM,0.5652745,46.61201,46.94869,37.69052,0.594916,2.669983,1.153026,1.153026,0,-1,0,1.153026,231.5631,1.456271,0,0,2.669983,1.213712,1.153026,0,0,0,10.62527,0,0,0,14.00003,100,0.04657315,1.268329,2.135987,0,13.29526
11/22/2007 3:00:00 PM,0.5153534,34.8742,57.20588,50.62124,0.5606866,2.516361,0,0,0,0,0,0,0,2.516361,0,0,2.516361,0,0,0,0,0,10.62527,0,0,0,14.00003,100,0.04657315,0,2.013089,0,13.14164
11/22/2007 4:00:00 PM,0.2934556,21.97109,63.55532,64.25712,0.3221619,1.445862,0.4305008,0.4305008,0,0,0,0.4305008,335.8559,0.9927036,0,0,1.445862,0.4531588,0.4305008,0,0,0,10.62527,0,0,0,14.00003,100,0.04657315,0.4735509,1.15669,0,12.07114
11/22/2007 5:00:00 PM,0.1389506,8.468972,67.59527,78.19216,0.185155,0.8309756,1.085246,1.085246,0,0,0,1.085246,76.57024,0,0,0,0.8309756,1.142364,1.085246,0,0,0,10.62527,0,0.3113887,-0.3113887,13.6718,97.65549,0.04657315,1.193771,0.6647804,0,11.45625
11/22/2007 6:00:00 PM,0.001262907,0,70.10529,90,0,0,1.303804,1.303804,0,0,0,1.303804,0,0,2.220446E-16,0,0,1.372425,1.303804,0,0,0.3459875,10.31389,0,1.372425,-1.372425,12.22513,87.3222,0.04657315,1.434184,0,0,10.31389
11/22/2007 7:00:00 PM,0,0,71.39357,90,0,0,1.334932,1.334932,0,-1,0,1.334932,0,0,2.220446E-16,0,0,1.405191,1.334932,0,0,1.870904,8.941461,0,1.405191,-1.405191,10.74393,76.74221,0.04657315,1.468425,0,0,8.941461
11/22/2007 8:00:00 PM,0,0,71.40088,90,0,0,0.8711641,0.8711641,0,-1,0,0.8711641,0,0,1.110223E-16,0,0,0.9170149,0.8711641,0,0,3.432228,7.536269,0,0.9170149,-0.9170149,9.777312,69.83781,0.04657315,0.9582806,0,0,7.536269
11/22/2007 9:00:00 PM,0,0,69.52556,90,0,0,1.329744,1.329744,0,-1,0,1.329744,0,0,2.220446E-16,0,0,1.399731,1.329744,0,0,4.451133,6.619254,0,1.399731,-1.399731,8.301867,59.29893,0.04657315,1.462718,0,0,6.619254
11/22/2007 10:00:00 PM,0,0,63.67999,90,0,0,0.4187802,0.4187802,0,-1,0,0.4187802,0,0,0,0,0,0.4408212,0.4187802,0,0,6.00639,5.219523,0,0.4408212,-0.4408212,7.8372,55.97989,0.04657315,0.4606582,0,0,5.219523
11/22/2007 11:00:00 PM,0,0,45.41089,90,0,0,0.3129756,0.3129756,0,-1,0,0.3129756,0,0,0,0,0,0.329448,0.3129756,0,0,6.496191,4.778702,0,0.329448,-0.329448,7.489932,53.4994,0.04657315,0.3442731,0,0,4.778702
11/23/2007 12:00:00 AM,0,0,-10.67387,90,0,0,0,0,0,-1,0,0,0,0,0,0,0,0,0,0,0,6.862244,4.449255,0,0,0,7.489932,53.4994,0.04657315,0,0,0,4.449255
11/23/2007 1:00:00 AM,0,0,-53.25651,90,0,0,0.529009,0.529009,0,-1,0,0.529009,0,0,0,0,0,0.5568516,0.529009,0,0,6.862244,4.449255,0,0.5568516,-0.5568516,6.902958,49.30675,0.04657315,0.5819099,0,0,4.449255
11/23/2007 2:00:00 AM,0,0,-65.87219,90,0,0,0,0,0,-1,0,0,0,0,0,0,0,0,0,0,0,7.480968,3.892403,0,0,0,6.902958,49.30675,0.04657315,0,0,0,3.892403
11/23/2007 3:00:00 AM,0,0,-70.12983,90,0,0,0.2589289,0.2589289,0,-1,0,0.2589289,0,0,0,0,0,0.2725567,0.2589289,0,0,7.480968,3.892403,0,0.2725567,-0.2725567,6.615658,47.25461,0.04657315,0.2848218,0,0,3.892403
11/23/2007 4:00:00 AM,0,0,-71.33507,90,0,0,0.350162,0.350162,0,-1,0,0.350162,0,0,5.551115E-17,0,0,0.3685915,0.350162,0,0,7.783809,3.619846,0,0.3685915,-0.3685915,6.227129,44.4794,0.04657315,0.3851781,0,0,3.619846
11/23/2007 5:00:00 AM,0,0,-70.91489,90,0,0,0.1555339,0.1555339,0,0,0,0.1555339,0,0,2.775558E-17,0,0,0.1637198,0.1555339,0,0,8.193356,3.251255,0,0.1637198,-0.1637198,6.054553,43.24672,0.04657315,0.1710872,0,0,3.251255
11/23/2007 6:00:00 AM,0.01928141,0,-69.26244,90,0,0,0,0,0,0,0,0,0,0,0,0,0,0,0,0,0,8.375266,3.087535,0,0,0,6.054553,43.24672,0.04657315,0,0,0,3.087535
11/23/2007 7:00:00 AM,0.2176877,12.71052,-66.32178,73.81153,0.2698227,1.210964,1.368798,1.368798,0,0,0,1.368798,88.46918,0,2.220446E-16,0,1.210964,1.44084,1.368798,0,0,8.375266,3.087535,0,0.2298756,-0.2298756,5.812243,41.51594,0.04657315,1.505678,0.9687714,0,4.298499
11/23/2007 8:00:00 AM,0.5406148,26.04078,-61.66032,59.96539,0.6135936,2.753808,2.454986,2.454986,0,0,0,2.454986,112.1721,0,0,0,2.753808,2.584195,2.454986,0,0,8.630683,2.857659,0.1696129,0,0.1696129,5.973152,42.66528,0.04656997,2.700484,2.203047,0,5.611467
11/23/2007 9:00:00 AM,0.7354522,38.63186,-54.29414,46.51656,0.8076738,3.62484,0.5376059,0.5376059,0,-1,0,0.5376059,674.2559,0,0,0,3.62484,0.565901,0.5376059,0,0,8.46107,3.010311,3.058939,0,3.058939,8.875116,63.39356,0.04651279,0.5913665,2.899872,0,6.63515
11/23/2007 10:00:00 AM,0.8139635,49.75664,-42.2816,34.01643,0.8800979,3.949879,0.6508849,0.6508849,0,0,0,0.6508849,606.8475,0,0,0,3.949879,0.685142,0.6508849,0,0,5.402132,5.763356,3.264737,0,3.264737,11.97232,85.51638,0.04645192,0.7159734,3.159903,0,9.713235
11/23/2007 11:00:00 AM,0.9755753,57.83498,-22.68613,24.05856,1.049314,4.709323,0.3435759,0.3435759,0,0,0,0.3435759,1370.679,2.21027,0,0,4.709323,0.3616588,0.3435759,0,0,2.137394,8.701619,2.137394,0,2.137394,14.00003,100,0.04641215,0.3779335,3.767459,0,13.41094
11/23/2007 12:00:00 PM,1.066812,60.25896,4.391459,20.74605,1.146432,5.145187,1.655371,1.655371,0,0,0,1.655371,310.8178,3.402691,0,0,5.145187,1.742496,1.655371,0,0,0,10.62527,0,0,0,14.00003,100,0.04641215,1.820908,4.11615,0,15.77046
11/23/2007 1:00:00 PM,1.033106,55.80185,29.72672,26.68784,1.113562,4.997667,0.4379361,0.4379361,0,0,0,0.4379361,1141.186,4.536682,0,0,4.997667,0.4609853,0.4379361,0,0,0,10.62527,0,0,0,14.00003,100,0.04641215,0.4817297,3.998133,0,15.62294
11/23/2007 2:00:00 PM,0.8732017,46.53474,46.67368,37.73104,0.9487368,4.257931,0.4441684,0.4441684,0,-1,0,0.4441684,958.63,3.790385,0,0,4.257931,0.4675456,0.4441684,0,0,0,10.62527,0,0,0,14.00003,100,0.04641215,0.4885852,3.406345,0,14.88321
11/23/2007 3:00:00 PM,0.6676687,34.83805,56.96092,50.62259,0.7384553,3.314188,0.8275633,0.8275633,0,0,0,0.8275633,400.4754,2.443068,0,0,3.314188,0.8711193,0.8275633,0,0,0,10.62527,0,0,0,14.00003,100,0.04641215,0.9103197,2.65135,0,13.93946
11/23/2007 4:00:00 PM,0.3946402,21.96447,63.33522,64.23183,0.4546524,2.04048,0.4952317,0.4952317,0,0,0,0.4952317,412.0253,1.519183,0,0,2.04048,0.5212965,0.4952317,0,0,0,10.62527,0,0,0,14.00003,100,0.04641215,0.5447548,1.632384,0,12.66575
11/23/2007 5:00:00 PM,0.133214,8.485007,67.38941,78.14613,0.1752472,0.7865096,0.7915954,0.7915954,0,0,0,0.7915954,99.35753,0,0,0,0.7865096,0.8332583,0.7915954,0,0,0,10.62527,0,0.04674866,-0.04674866,13.95075,99.64802,0.04641215,0.8707549,0.6292077,0,11.41178
11/23/2007 6:00:00 PM,0.001196272,0,69.90319,90,0,0,0.2531546,0.2531546,0,0,0,0.2531546,0,0,0,0,0,0.2664786,0.2531546,0,0,0.05194296,10.57853,0,0.2664786,-0.2664786,13.66986,97.64165,0.04641215,0.2784701,0,0,10.57853
11/23/2007 7:00:00 PM,0,0,71.18439,90,0,0,1.041903,1.041903,0,-1,0,1.041903,0,0,0,0,0,1.09674,1.041903,0,0,0.3480302,10.31205,0,1.09674,-1.09674,12.51379,89.38406,0.04641215,1.146093,0,0,10.31205
11/23/2007 8:00:00 PM,0,0,71.17133,90,0,0,0.5903702,0.5903702,0,-1,0,0.5903702,0,0,1.110223E-16,0,0,0.6214423,0.5903702,0,0,1.56663,9.215307,0,0.6214423,-0.6214423,11.85874,84.70508,0.04641215,0.6494072,0,0,9.215307
11/23/2007 9:00:00 PM,0,0,69.25631,90,0,0,1.953179,1.953179,0,-1,0,1.953179,0,0,4.440892E-16,0,0,2.055978,1.953179,0,0,2.257121,8.593865,0,2.055978,-2.055978,9.691545,69.22517,0.04641215,2.148497,0,0,8.593865
11/23/2007 10:00:00 PM,0,0,63.34299,90,0,0,0.4073451,0.4073451,0,-1,0,0.4073451,0,0,5.551115E-17,0,0,0.4287843,0.4073451,0,0,4.541541,6.537888,0,0.4287843,-0.4287843,9.239566,65.99677,0.04641215,0.4480796,0,0,6.537888
11/23/2007 11:00:00 PM,0,0,45.04678,90,0,0,0.2209296,0.2209296,0,-1,0,0.2209296,0,0,2.775558E-17,0,0,0.2325575,0.2209296,0,0,5.017968,6.109103,0,0.2325575,-0.2325575,8.994429,64.24579,0.04641215,0.2430226,0,0,6.109103
11/24/2007 12:00:00 AM,0,0,-10.19467,90,0,0,0.3843639,0.3843639,0,-1,0,0.3843639,0,0,0,0,0,0.4045936,0.3843639,0,0,5.276365,5.876546,0,0.4045936,-0.4045936,8.567949,61.19952,0.04641215,0.4228003,0,0,5.876546
11/24/2007 1:00:00 AM,0,0,-52.70072,90,0,0,0.4249417,0.4249417,0,-1,0,0.4249417,0,0,5.551115E-17,0,0,0.447307,0.4249417,0,0,5.725914,5.471952,0,0.447307,-0.447307,8.096447,57.83165,0.04641215,0.4674358,0,0,5.471952
11/24/2007 2:00:00 AM,0,0,-65.50928,90,0,0,0,0,0,-1,0,0,0,0,0,0,0,0,0,0,0,6.222921,5.024645,0,0,0,8.096447,57.83165,0.04641215,0,0,0,5.024645
11/24/2007 3:00:00 AM,0,0,-69.86301,90,0,0,0.436729,0.436729,0,-1,0,0.436729,0,0,0,0,0,0.4597147,0.436729,0,0,6.222921,5.024645,0,0.4597147,-0.4597147,7.611865,54.37035,0.04641215,0.4804019,0,0,5.024645
11/24/2007 4:00:00 AM,0,0,-71.11804,90,0,0,0,0,0,-1,0,0,0,0,0,0,0,0,0,0,0,6.733716,4.56493,0,0,0,7.611865,54.37035,0.04641215,0,0,0,4.56493
11/24/2007 5:00:00 AM,0,0,-70.72488,90,0,0,0.1452821,0.1452821,0,0,0,0.1452821,0,0,2.775558E-17,0,0,0.1529285,0.1452821,0,0,6.733716,4.56493,0,0.1529285,-0.1529285,7.450664,53.21892,0.04641215,0.1598103,0,0,4.56493
11/24/2007 6:00:00 AM,0.02324525,0,-69.08649,90,0,0,0.1442278,0.1442278,0,0,0,0.1442278,0,0,2.775558E-17,0,0,0.1518188,0.1442278,0,0,6.903636,4.412002,0,0.1518188,-0.1518188,7.290633,52.07584,0.04641215,0.1586506,0,0,4.412002
11/24/2007 7:00:00 AM,0.2704977,12.60015,-66.15176,73.89584,0.3410791,1.530763,0.06046546,0.06046546,0,0,0,0.06046546,2531.632,0,0,0,1.530763,0.06364786,0.06046546,0,0,7.072323,4.260183,1.467115,0,1.467115,8.682461,62.01745,0.04638489,0.06651201,1.22461,0,5.790946
11/24/2007 8:00:00 AM,0.5628357,25.91131,-61.49186,60.06907,0.6401961,2.8732,1.356443,1.356443,0,0,0,1.356443,211.8186,0,0,0,2.8732,1.427835,1.356443,0,0,5.605208,5.580587,1.445365,0,1.445365,10.05365,71.81167,0.04635807,1.492088,2.29856,0,8.453787
11/24/2007 9:00:00 AM,0.7841517,38.47963,-54.12976,46.6439,0.8626551,3.871596,1.141641,1.141641,0,-1,0,1.141641,339.1254,0,0,0,3.871596,1.201728,1.141641,0,0,4.159843,6.881415,2.669868,0,2.669868,12.58651,89.90349,0.04630861,1.255805,3.097277,0,10.75301
11/24/2007 10:00:00 AM,0.9742526,49.57822,-42.14456,34.17497,1.056459,4.741389,0.888708,0.888708,0,0,0,0.888708,533.5148,2.315931,0,0,4.741389,0.9354821,0.888708,0,0,1.489975,9.284297,1.489975,0,1.489975,14.00003,100,0.04628105,0.9775788,3.793111,0,14.02569
11/24/2007 11:00:00 AM,1.047538,57.63657,-22.65195,24.25208,1.128204,5.063379,0.2203729,0.2203729,0,0,0,0.2203729,2297.642,4.831408,0,0,5.063379,0.2319715,0.2203729,0,0,0,10.62527,0,0,0,14.00003,100,0.04628105,0.2424102,4.050704,0,15.68865
11/24/2007 12:00:00 PM,0.9996534,60.07598,4.232934,20.92631,1.074292,4.821424,0.9862589,0.9862589,0,0,0,0.9862589,488.8599,3.783257,0,0,4.821424,1.038167,0.9862589,0,0,0,10.62527,0,0,0,14.00003,100,0.04628105,1.084885,3.857139,0,15.4467
11/24/2007 1:00:00 PM,0.9133044,55.67429,29.45485,26.78712,0.9839342,4.415896,1.42955,1.42955,0,0,0,1.42955,308.9012,2.911107,0,0,4.415896,1.504789,1.42955,0,0,0,10.62527,0,0,0,14.00003,100,0.04628105,1.572505,3.532717,0,15.04117
11/24/2007 2:00:00 PM,0.7848276,46.46269,46.40382,37.76726,0.8522782,3.825025,0,0,0,-1,0,0,0,3.825025,0,0,3.825025,0,0,0,0,0,10.62527,0,0,0,14.00003,100,0.04628105,0,3.060019,0,14.4503
11/24/2007 3:00:00 PM,0.5750467,34.80653,56.72127,50.6202,0.6335884,2.843544,1.159746,1.159746,0,0,0,1.159746,245.1868,1.622759,0,0,2.843544,1.220786,1.159746,0,0,0,10.62527,0,0,0,14.00003,100,0.04628105,1.275721,2.274836,0,13.46882
11/24/2007 4:00:00 PM,0.2963353,21.96201,63.1204,64.20325,0.3264993,1.465329,0.9877657,0.9877657,0,0,0,0.9877657,148.3478,0.4255755,0,0,1.465329,1.039753,0.9877657,0,0,0,10.62527,0,0,0,14.00003,100,0.04628105,1.086542,1.172263,0,12.0906
11/24/2007 5:00:00 PM,0.1167898,8.504804,67.18896,78.09721,0.1454362,0.6527175,1.177049,1.177049,0,0,0,1.177049,55.45372,0,0,0,0.6527175,1.238999,1.177049,0,0,0,10.62527,0,0.5862814,-0.5862814,13.38203,95.58576,0.04628105,1.294754,0.5221739,0,11.27799
11/24/2007 6:00:00 PM,0.0009120514,0,69.70684,90,0,0,4.181231,4.181231,1.25,0,0.50625,4.181231,0,0,0,0,0,3.085506,2.931231,0,0,0.6514238,10.03899,0,3.085506,-3.085506,10.12962,72.35431,0.04628105,4.599354,0,5,10.03899
11/24/2007 7:00:00 PM,0,0,70.98167,90,0,0,0.3585674,0.3585674,0,-1,0,0.3585674,0,0,5.551115E-17,0,0,0.3774393,0.3585674,0,0,4.079764,6.953486,0,0.3774393,-0.3774393,9.731768,69.51249,0.04628105,0.3944241,0,0,6.953486
11/24/2007 8:00:00 PM,0,0,70.94956,90,0,0,0.963901,0.963901,0,-1,0,0.963901,0,0,0,0,0,1.014633,0.963901,0,0,4.499141,6.576047,0,1.014633,-1.014633,8.662251,61.8731,0.04628105,1.060291,0,0,6.576047
11/24/2007 9:00:00 PM,0,0,68.99745,90,0,0,0.6963695,0.6963695,0,-1,0,0.6963695,0,0,1.110223E-16,0,0,0.7330205,0.6963695,0,0,5.626511,5.561415,0,0.7330205,-0.7330205,7.88958,56.35403,0.04628105,0.7660064,0,0,5.561415
11/24/2007 10:00:00 PM,0,0,63.02208,90,0,0,0.2092164,0.2092164,0,-1,0,0.2092164,0,0,0,0,0,0.2202278,0.2092164,0,0,6.440978,4.828394,0,0.2202278,-0.2202278,7.657439,54.69589,0.04628105,0.230138,0,0,4.828394
11/24/2007 11:00:00 PM,0,0,44.71124,90,0,0,0.1633961,0.1633961,0,-1,0,0.1633961,0,0,0,0,0,0.171996,0.1633961,0,0,6.685675,4.608166,0,0.171996,-0.171996,7.47614,53.40089,0.04628105,0.1797358,0,0,4.608166
11/25/2007 12:00:00 AM,0,0,-9.722492,90,0,0,0.1783967,0.1783967,0,-1,0,0.1783967,0,0,2.775558E-17,0,0,0.187786,0.1783967,0,0,6.876782,4.436171,0,0.187786,-0.187786,7.278196,51.98701,0.04628105,0.1962364,0,0,4.436171
11/25/2007 1:00:00 AM,0,0,-52.15821,90,0,0,0.3803631,0.3803631,0,-1,0,0.3803631,0,0,5.551115E-17,0,0,0.4003822,0.3803631,0,0,7.085433,4.248384,0,0.4003822,-0.4003822,6.856156,48.97245,0.04628105,0.4183994,0,0,4.248384
11/25/2007 2:00:00 AM,0,0,-65.15565,90,0,0,0.177045,0.177045,0,-1,0,0.177045,0,0,2.775558E-17,0,0,0.1863632,0.177045,0,0,7.530302,3.848002,0,0.1863632,-0.1863632,6.659712,47.56927,0.04628105,0.1947495,0,0,3.848002
11/25/2007 3:00:00 AM,0,0,-69.60374,90,0,0,0.1055182,0.1055182,0,-1,0,0.1055182,0,0,0,0,0,0.1110718,0.1055182,0,0,7.737372,3.661639,0,0.1110718,-0.1110718,6.542632,46.73299,0.04628105,0.1160701,0,0,3.661639
11/25/2007 4:00:00 AM,0,0,-70.90772,90,0,0,0,0,0,-1,0,0,0,0,0,0,0,0,0,0,0,7.860785,3.550567,0,0,0,6.542632,46.73299,0.04628105,0,0,0,3.550567
11/25/2007 5:00:00 AM,0,0,-70.54127,90,0,0,0.2539518,0.2539518,0,0,0,0.2539518,0,0,0,0,0,0.2673177,0.2539518,0,0,7.860785,3.550567,0,0.2673177,-0.2673177,6.260854,44.7203,0.04628105,0.279347,0,0,3.550567
11/25/2007 6:00:00 AM,0.01339323,0,-68.917,90,0,0,0.2733783,0.2733783,0,0,0,0.2733783,0,0,0,0,0,0.2877666,0.2733783,0,0,8.157805,3.283249,0,0.2877666,-0.2877666,5.957522,42.55364,0.04628105,0.3007161,0,0,3.283249
11/25/2007 7:00:00 AM,0.2077827,12.48885,-65.98863,73.98213,0.2577223,1.156658,0.5369377,0.5369377,0,0,0,0.5369377,215.4175,0,0,0,1.156658,0.5651975,0.5369377,0,0,8.477546,2.995483,0.5914602,0,0.5914602,6.518631,46.56155,0.04627012,0.5906314,0.9253262,0,4.152141
11/25/2007 8:00:00 AM,0.3822861,25.78161,-61.33113,60.17411,0.4244776,1.905056,1.097246,1.097246,0,0,0,1.097246,173.6216,0,0,0,1.905056,1.154995,1.097246,0,0,7.886086,3.527797,0.7500602,0,0.7500602,7.2302,51.64418,0.04625626,1.20697,1.524044,0,5.432853
11/25/2007 9:00:00 AM,0.5816935,38.32821,-53.97442,46.77174,0.6332058,2.841828,0.2782046,0.2782046,0,-1,0,0.2782046,1021.489,0,0,0,2.841828,0.2928469,0.2782046,0,0,7.136025,4.202851,2.548981,0,2.548981,9.648376,68.91683,0.04620925,0.306025,2.273462,0,7.044679
11/25/2007 10:00:00 AM,0.8507769,49.40222,-42.0179,34.33249,0.921985,4.137868,1.089826,1.089826,0,0,0,1.089826,379.6817,0,0,0,4.137868,1.147185,1.089826,0,0,4.587044,6.496934,2.990684,0,2.990684,12.48559,89.18259,0.0461542,1.198808,3.310295,0,10.6348
11/25/2007 11:00:00 AM,0.8948023,57.44275,-22.62702,24.44185,0.9625202,4.31979,0.2557451,0.2557451,0,0,0,0.2557451,1689.1,2.454224,0,0,4.31979,0.2692054,0.2557451,0,0,1.596361,9.188549,1.596361,0,1.596361,14.00003,100,0.04612487,0.2813196,3.455832,0,13.50834
11/25/2007 12:00:00 PM,0.8484308,59.89914,4.07212,21.10052,0.9078611,4.074481,1.152575,1.152575,0,0,0,1.152575,353.5109,2.861243,0,0,4.074481,1.213237,1.152575,0,0,0,10.62527,0,0,0,14.00003,100,0.04612487,1.267833,3.259584,0,14.69975
11/25/2007 1:00:00 PM,0.9669389,55.55268,29.18657,26.88114,1.042866,4.680384,0,0,0,0,0,0,0,4.680384,0,0,4.680384,0,0,0,0,0,10.62527,0,0,0,14.00003,100,0.04612487,0,3.744307,0,15.30566
11/25/2007 2:00:00 PM,0.8487656,46.39589,46.13913,37.79913,0.923149,4.143093,0.2954654,0.2954654,0,-1,0,0.2954654,1402.226,3.832076,0,0,4.143093,0.3110163,0.2954654,0,0,0,10.62527,0,0,0,14.00003,100,0.04612487,0.325012,3.314474,0,14.76837
11/25/2007 3:00:00 PM,0.6327669,34.77963,56.48697,50.61409,0.700525,3.143956,0.8079781,0.8079781,0,0,0,0.8079781,389.114,2.293453,0,0,3.143956,0.8505033,0.8079781,0,0,0,10.62527,0,0,0,14.00003,100,0.04612487,0.8887759,2.515165,0,13.76923
11/25/2007 4:00:00 PM,0.3343478,21.96368,62.91092,64.17141,0.3779477,1.696229,0,0,0,0,0,0,0,1.696229,0,0,1.696229,0,0,0,0,0,10.62527,0,0,0,14.00003,100,0.04612487,0,1.356984,0,12.3215
11/25/2007 5:00:00 PM,0.1397906,8.528324,66.99396,78.04545,0.1870367,0.8394208,0.4116399,0.4116399,0,0,0,0.4116399,203.9211,0.4061156,0,0,0.8394208,0.4333051,0.4116399,0,0,0,10.62527,0,0,0,14.00003,100,0.04612487,0.4528039,0.6715366,0,11.46469
11/25/2007 6:00:00 PM,0.00117244,0,69.5163,90,0,0,1.674194,1.674194,0,0,0,1.674194,0,0,2.220446E-16,0,0,1.762309,1.674194,0,0,0,10.62527,0,1.762309,-1.762309,12.14239,86.73119,0.04612487,1.841613,0,0,10.62527
11/25/2007 7:00:00 PM,0,0,70.78547,90,0,0,2.382493,2.382493,0,-1,0,2.382493,0,0,4.440892E-16,0,0,2.507888,2.382493,0,0,1.958121,8.862966,0,2.507888,-2.507888,9.498845,67.84875,0.04612487,2.620743,0,0,8.862966
11/25/2007 8:00:00 PM,0,0,70.73566,90,0,0,0.5349627,0.5349627,0,-1,0,0.5349627,0,0,1.110223E-16,0,0,0.5631186,0.5349627,0,0,4.744663,6.355077,0,0.5631186,-0.5631186,8.905266,63.60892,0.04612487,0.5884589,0,0,6.355077
11/25/2007 9:00:00 PM,0,0,68.74902,90,0,0,0,0,0,-1,0,0,0,0,0,0,0,0,0,0,0,5.370351,5.791959,0,0,0,8.905266,63.60892,0.04612487,0,0,0,5.791959
11/25/2007 10:00:00 PM,0,0,62.71716,90,0,0,0.2459593,0.2459593,0,-1,0,0.2459593,0,0,2.775558E-17,0,0,0.2589045,0.2459593,0,0,5.370351,5.791959,0,0.2589045,-0.2589045,8.632357,61.65957,0.04612487,0.2705552,0,0,5.791959
11/25/2007 11:00:00 PM,0,0,44.40331,90,0,0,0.3013102,0.3013102,0,-1,0,0.3013102,0,0,0,0,0,0.3171686,0.3013102,0,0,5.658022,5.533054,0,0.3171686,-0.3171686,8.298032,59.27154,0.04612487,0.3314412,0,0,5.533054
11/26/2007 12:00:00 AM,0,0,-9.25668,90,0,0,0.2643641,0.2643641,0,-1,0,0.2643641,0,0,5.551115E-17,0,0,0.278278,0.2643641,0,0,6.010432,5.215886,0,0.278278,-0.278278,8.004701,57.17632,0.04612487,0.2908005,0,0,5.215886
11/26/2007 1:00:00 AM,0,0,-51.62879,90,0,0,0.4434071,0.4434071,0,-1,0,0.4434071,0,0,0,0,0,0.4667443,0.4434071,0,0,6.31963,4.937607,0,0.4667443,-0.4667443,7.512709,53.6621,0.04612487,0.4877478,0,0,4.937607
11/26/2007 2:00:00 AM,0,0,-64.81136,90,0,0,0,0,0,-1,0,0,0,0,0,0,0,0,0,0,0,6.838234,4.470863,0,0,0,7.512709,53.6621,0.04612487,0,0,0,4.470863
11/26/2007 3:00:00 AM,0,0,-69.35209,90,0,0,0.2639802,0.2639802,0,-1,0,0.2639802,0,0,5.551115E-17,0,0,0.2778739,0.2639802,0,0,6.838234,4.470863,0,0.2778739,-0.2778739,7.219804,51.56993,0.04612487,0.2903782,0,0,4.470863
11/26/2007 4:00:00 AM,0,0,-70.70419,90,0,0,0.07526384,0.07526384,0,-1,0,0.07526384,0,0,1.387779E-17,0,0,0.07922509,0.07526384,0,0,7.146983,4.192989,0,0.07922509,-0.07922509,7.136294,50.97343,0.04612487,0.08279022,0,0,4.192989
11/26/2007 5:00:00 AM,0,0,-70.36408,90,0,0,0.06203848,0.06203848,0,0,0,0.06203848,0,0,6.938894E-18,0,0,0.06530366,0.06203848,0,0,7.235011,4.113764,0,0.06530366,-0.06530366,7.067458,50.48174,0.04612487,0.06824233,0,0,4.113764
11/26/2007 6:00:00 AM,0.0160242,0,-68.754,90,0,0,0.2980127,0.2980127,0,0,0,0.2980127,0,0,0,0,0,0.3136975,0.2980127,0,0,7.30757,4.04846,0,0.3136975,-0.3136975,6.736792,48.11984,0.04612487,0.327814,0,0,4.04846
11/26/2007 7:00:00 AM,0.1828731,12.37669,-65.83241,74.0703,0.2203008,0.9887099,1.126377,1.126377,0,0,0,1.126377,87.7779,0,0,0,0.9887099,1.18566,1.126377,0,0,7.656124,3.734763,0,0.1969499,-0.1969499,6.529188,46.63696,0.04612487,1.239014,0.7909679,0,4.723473
11/26/2007 8:00:00 AM,0.3646702,25.65179,-61.17813,60.28043,0.4022641,1.805361,0.5824211,0.5824211,0,0,0,0.5824211,309.9753,0,0,0,1.805361,0.6130748,0.5824211,0,0,7.874957,3.537813,1.192286,0,1.192286,7.66029,54.71625,0.04610299,0.6406632,1.444289,0,5.343174
11/26/2007 9:00:00 AM,0.6701146,38.17773,-53.82807,46.89994,0.7371553,3.308353,0.5135955,0.5135955,0,-1,0,0.5135955,644.1554,0,0,0,3.308353,0.5406268,0.5135955,0,0,6.68267,4.610871,2.767726,0,2.767726,10.28599,73.47118,0.04605228,0.5649551,2.646683,0,7.919224
11/26/2007 10:00:00 AM,0.5640551,49.22874,-41.90149,34.48885,0.5900623,2.648199,0.6685282,0.6685282,0,0,0,0.6685282,396.1238,0,0,0,2.648199,0.7037139,0.6685282,0,0,3.914944,7.101825,1.944485,0,1.944485,12.13069,86.64759,0.04601672,0.735381,2.118559,0,9.750024
11/26/2007 11:00:00 AM,0.824663,57.25359,-22.61112,24.62775,0.8841724,3.968166,0.1596761,0.1596761,0,0,0,0.1596761,2485.135,1.829627,0,0,3.968166,0.1680801,0.1596761,0,0,1.970459,8.851862,1.970459,0,1.970459,14.00003,100,0.04598074,0.1756437,3.174533,0,12.82003
11/26/2007 12:00:00 PM,0.8041269,59.72845,3.909091,21.26865,0.8575385,3.848633,1.109432,1.109432,0,0,0,1.109432,346.9012,2.680809,0,0,3.848633,1.167823,1.109432,0,0,0,10.62527,0,0,0,14.00003,100,0.04598074,1.220375,3.078906,0,14.47391
11/26/2007 1:00:00 PM,0.9060368,55.43706,28.92187,26.96987,0.9771714,4.385545,0.7135695,0.7135695,0,0,0,0.7135695,614.5925,3.634419,0,0,4.385545,0.7511258,0.7135695,0,0,0,10.62527,0,0,0,14.00003,100,0.04598074,0.7849265,3.508436,0,15.01082
11/26/2007 2:00:00 PM,0.7848799,46.33435,45.87963,37.82663,0.853435,3.830216,0.5757681,0.5757681,0,-1,0,0.5757681,665.236,3.224145,0,0,3.830216,0.6060717,0.5757681,0,0,0,10.62527,0,0,0,14.00003,100,0.04598074,0.6333449,3.064173,0,14.45549
11/26/2007 3:00:00 PM,0.6687705,34.75735,56.25806,50.60424,0.7414062,3.327431,1.018768,1.018768,0,0,0,1.018768,326.6131,2.255043,0,0,3.327431,1.072388,1.018768,0,0,0,10.62527,0,0,0,14.00003,100,0.04598074,1.120645,2.661945,0,13.95271
11/26/2007 4:00:00 PM,0.4333902,21.96946,62.70684,64.13633,0.5020977,2.253414,0.5725616,0.5725616,0,0,0,0.5725616,393.5671,1.650718,0,0,2.253414,0.6026964,0.5725616,0,0,0,10.62527,0,0,0,14.00003,100,0.04598074,0.6298178,1.802731,0,12.87869
11/26/2007 5:00:00 PM,0.1213119,8.555527,66.80447,77.99088,0.1535647,0.6891983,0.3565143,0.3565143,0,0,0,0.3565143,193.3158,0.3139201,0,0,0.6891983,0.3752782,0.3565143,0,0,0,10.62527,0,0,0,14.00003,100,0.04598074,0.3921657,0.5513586,0,11.31447
11/26/2007 6:00:00 PM,0.001110163,0,69.33161,90,0,0,0.697033,0.697033,0,0,0,0.697033,0,0,0,0,0,0.733719,0.697033,0,0,0,10.62527,0,0.733719,-0.733719,13.22662,94.47567,0.04598074,0.7667363,0,0,10.62527
11/26/2007 7:00:00 PM,0,0,70.59585,90,0,0,2.588524,2.588524,0,-1,0,2.588524,0,0,0,0,0,2.724762,2.588524,0,0,0.8152433,9.891555,0,2.724762,-2.724762,10.35447,73.96034,0.04598074,2.847376,0,0,9.891555
11/26/2007 8:00:00 PM,0,0,70.52966,90,0,0,1.993549,1.993549,0,-1,0,1.993549,0,0,2.220446E-16,0,0,2.098473,1.993549,0,0,3.842757,7.166793,0,2.098473,-2.098473,8.142484,58.16048,0.04598074,2.192904,0,0,7.166793
11/26/2007 9:00:00 PM,0,0,68.51105,90,0,0,0.4958969,0.4958969,0,-1,0,0.4958969,0,0,5.551115E-17,0,0,0.5219967,0.4958969,0,0,6.174393,5.06832,0,0.5219967,-0.5219967,7.592251,54.23026,0.04598074,0.5454866,0,0,5.06832
11/26/2007 10:00:00 PM,0,0,62.42811,90,0,0,0.194646,0.194646,0,-1,0,0.194646,0,0,0,0,0,0.2048905,0.194646,0,0,6.75439,4.546323,0,0.2048905,-0.2048905,7.376277,52.68759,0.04598074,0.2141106,0,0,4.546323
11/26/2007 11:00:00 PM,0,0,44.12208,90,0,0,0.29406,0.29406,0,-1,0,0.29406,0,0,0,0,0,0.3095369,0.29406,0,0,6.982046,4.341433,0,0.3095369,-0.3095369,7.049997,50.35702,0.04598074,0.323466,0,0,4.341433
11/27/2007 12:00:00 AM,0,0,-8.796655,90,0,0,0.4267427,0.4267427,0,-1,0,0.4267427,0,0,5.551115E-17,0,0,0.4492028,0.4267427,0,0,7.325976,4.031896,0,0.4492028,-0.4492028,6.576496,46.97488,0.04598074,0.4694169,0,0,4.031896
11/27/2007 1:00:00 AM,0,0,-51.11227,90,0,0,0.08790591,0.08790591,0,-1,0,0.08790591,0,0,0,0,0,0.09253254,0.08790591,0,0,7.82509,3.582693,0,0.09253254,-0.09253254,6.478958,46.27818,0.04598074,0.0966965,0,0,3.582693
11/27/2007 2:00:00 AM,0,0,-64.47644,90,0,0,0,0,0,-1,0,0,0,0,0,0,0,0,0,0,0,7.927904,3.490161,0,0,0,6.478958,46.27818,0.04598074,0,0,0,3.490161
11/27/2007 3:00:00 AM,0,0,-69.1081,90,0,0,0.4537252,0.4537252,0,-1,0,0.4537252,0,0,5.551115E-17,0,0,0.4776055,0.4537252,0,0,7.927904,3.490161,0,0.4776055,-0.4776055,5.975518,42.68218,0.04598074,0.4990977,0,0,3.490161
11/27/2007 4:00:00 AM,0,0,-70.50746,90,0,0,0.3043692,0.3043692,0,-1,0,0.3043692,0,0,0,0,0,0.3203886,0.3043692,0,0,8.458577,3.012555,0,0.3203886,-0.3203886,5.637798,40.26991,0.04598074,0.3348061,0,0,3.012555
11/27/2007 5:00:00 AM,0,0,-70.19339,90,0,0,0.216758,0.216758,0,0,0,0.216758,0,0,0,0,0,0.2281663,0.216758,0,0,8.814564,2.692167,0,0.2281663,-0.2281663,5.39729,38.55199,0.04598074,0.2384338,0,0,2.692167
11/27/2007 6:00:00 AM,0.006506353,0,-68.59752,90,0,0,0.4360071,0.4360071,0,0,0,0.4360071,0,0,5.551115E-17,0,0,0.4589549,0.4360071,0,0,9.068082,2.464,0,0.4589549,-0.4589549,4.913509,35.09642,0.04598074,0.4796078,0,0,2.464
11/27/2007 7:00:00 AM,0.04254163,12.26376,-65.68313,74.16026,0.04251511,0.1908078,1.295224,1.295224,0,0,0,1.295224,14.73164,0,2.220446E-16,0,0.1908078,1.363394,1.295224,0,0,9.578032,2.005045,0,1.172586,-1.172586,3.677495,26.26777,0.04598074,1.424747,0.1526462,0,2.195853
11/27/2007 8:00:00 AM,0.1901612,25.52196,-61.03286,60.38791,0.1916101,0.859946,0.7081087,0.7081087,0,0,0,0.7081087,121.4426,0,0,0,0.859946,0.7453776,0.7081087,0,0,10.88091,0.8324594,0.1145683,0,0.1145683,3.786184,27.04412,0.04597865,0.7789196,0.6879568,0,1.692405
11/27/2007 9:00:00 AM,0.3389722,38.02829,-53.69066,47.02839,0.3449827,1.548283,0,0,0,-1,0,0,0,0,0,0,1.548283,0,0,0,0,10.76634,0.935571,1.548283,0,1.548283,5.255014,37.53574,0.04595042,0,1.238626,0,2.483853
11/27/2007 10:00:00 AM,0.406002,49.0579,-41.79519,34.64393,0.4111211,1.845112,1.335048,1.335048,0,0,0,1.335048,138.2056,0,0,0,1.845112,1.405314,1.335048,0,0,9.218055,2.329025,0.4397976,0,0.4397976,5.672242,40.51594,0.0459424,1.468553,1.476089,0,4.174137
11/27/2007 11:00:00 AM,0.5942572,57.06918,-22.60403,24.80968,0.6158051,2.763733,0.9175434,0.9175434,0,0,0,0.9175434,301.2101,0,0,0,2.763733,0.9658352,0.9175434,0,0,8.778256,2.724843,1.797898,0,1.797898,7.377879,52.69903,0.04590968,1.009298,2.210987,0,5.488576
11/27/2007 12:00:00 PM,0.5035574,59.56396,3.74392,21.43067,0.5119385,2.29758,0,0,0,0,0,0,0,0,0,0,2.29758,0,0,0,0,6.980359,4.342951,2.29758,0,2.29758,9.557554,68.2681,0.04586792,0,1.838064,0,6.640532
11/27/2007 1:00:00 PM,0.5319686,55.32745,28.66072,27.05326,0.5462525,2.451581,0.6183591,0.6183591,0,0,0,0.6183591,396.4656,0,0,0,2.451581,0.6509044,0.6183591,0,0,4.682779,6.410773,1.800677,0,1.800677,11.26583,80.47002,0.04583525,0.6801951,1.961265,0,8.862355
11/27/2007 2:00:00 PM,0.5979025,46.27809,45.62533,37.84973,0.635608,2.852609,1.08017,1.08017,0,-1,0,1.08017,264.0889,0,0,0,2.852609,1.137021,1.08017,0,0,2.882102,8.031383,1.715588,0,1.715588,12.89338,92.09536,0.04580417,1.188187,2.282087,0,10.88399
11/27/2007 3:00:00 PM,0.413955,34.7397,56.0346,50.59066,0.4370298,1.96139,0.9727926,0.9727926,0,0,0,0.9727926,201.6247,0,0,0,1.96139,1.023992,0.9727926,0,0,1.166514,9.575412,0.9373977,0,0.9373977,13.78267,98.44744,0.0457872,1.070072,1.569112,0,11.5368
11/27/2007 4:00:00 PM,0.2851885,21.97933,62.50822,64.09805,0.3120272,1.400378,1.165328,1.165328,0,0,0,1.165328,120.1703,0,0,0,1.400378,1.226661,1.165328,0,0,0.2291162,10.41907,0.1737171,0,0.1737171,13.94747,99.6246,0.04578406,1.28186,1.120302,0,11.81945
11/27/2007 5:00:00 PM,0.1006386,8.586369,66.62055,77.93356,0.1167571,0.5240057,1.938216,1.938216,0,0,0,1.938216,27.03546,4.440892E-16,0,0,0.5240057,2.040228,1.938216,0,0,0.05539913,10.57541,0,1.516222,-1.516222,12.34923,88.20863,0.04578406,2.132038,0.4192045,0,11.09942
11/27/2007 6:00:00 PM,0.001922579,0,69.15285,90,0,0,2.494881,2.494881,0,0,0,2.494881,0,0,4.440892E-16,0,0,2.626191,2.494881,0,0,1.74009,9.059193,0,2.626191,-2.626191,9.580985,68.43547,0.04578406,2.744369,0,0,9.059193
11/27/2007 7:00:00 PM,0,0,70.41286,90,0,0,3.412011,3.33,0,-1,0,3.33,0,0,0.08201108,0.4232122,0,3.505263,3.33,0,0,4.65808,6.433002,0,3.505263,-3.505263,5.886113,42.04358,0.04578406,3.753212,0,0,6.433002
11/27/2007 8:00:00 PM,0,0,70.33162,90,0,0,0.8761885,0.8761885,0,-1,0,0.8761885,0,0,1.110223E-16,0,0,0.9223037,0.8761885,0,0,8.552817,2.927739,0,0.9223037,-0.9223037,4.91392,35.09936,0.04578406,0.9638073,0,0,2.927739
11/27/2007 9:00:00 PM,0,0,68.28355,90,0,0,1.096567,1.096567,0,-1,0,1.096567,0,0,0,0,0,1.154281,1.096567,0,0,9.577599,2.005435,0,1.154281,-1.154281,3.697201,26.40853,0.04578406,1.206224,0,0,2.005435
11/27/2007 10:00:00 PM,0,0,62.15482,90,0,0,0.3370197,0.3370197,0,-1,0,0.3370197,0,0,5.551115E-17,0,0,0.3547575,0.3370197,0,0,10.86013,0.8511541,0,0.3547575,-0.3547575,3.323254,23.73748,0.04578406,0.3707216,0,0,0.8511541
11/27/2007 11:00:00 PM,0,0,43.86667,90,0,0,0.1219723,0.1219723,0,-1,0,0.1219723,0,0,0,0,0,0.1283919,0.1219723,0,0,11.25431,0.4963966,0,0.1283919,-0.1283919,3.187917,22.77079,0.04578406,0.1341695,0,0,0.4963966
11/28/2007 12:00:00 AM,0,0,-8.341878,90,0,0,0.09679116,0.09679116,0,-1,0,0.09679116,0,0,0,0,0,0.1018854,0.09679116,0,0,11.39697,0.3680047,0,0.1018854,-0.1018854,3.08052,22.00367,0.04578406,0.1064703,0,0,0.3680047
11/28/2007 1:00:00 AM,0,0,-50.60849,90,0,0,0,0,0,-1,0,0,0,0,0,0,0,0,0,0,0,11.51017,0.2661193,0,0,0,3.08052,22.00367,0.04578406,0,0,0,0.2661193
11/28/2007 2:00:00 AM,0,0,-64.15092,90,0,0,0.1165968,0.1165968,0,-1,0,0.1165968,0,0,1.387779E-17,0,0,0.1227334,0.1165968,0,0,11.51017,0.2661193,0,0.1227334,-0.1227334,2.951148,21.07958,0.04578406,0.1282564,0,0,0.2661193
11/28/2007 3:00:00 AM,0,0,-68.87183,90,0,0,0,0,0,-1,0,0,0,0,0,0,0,0,0,0,0,11.64654,0.1433859,0,0,0,2.951148,21.07958,0.04578406,0,0,0,0.1433859
11/28/2007 4:00:00 AM,0,0,-70.31763,90,0,0,0.1071258,0.1071258,0,-1,0,0.1071258,0,0,1.387779E-17,0,0,0.1127641,0.1071258,0,0,11.64654,0.1433859,0,0.1127641,-0.1127641,2.832284,20.23056,0.04578406,0.1178384,0,0,0.1433859
11/28/2007 5:00:00 AM,0,0,-70.02924,90,0,0,0,0,0,0,0,0,0,0,0,0,0,0,0,0,0,11.77184,0.03062182,0,0,0,2.832284,20.23056,0.04578406,0,0,0,0.03062182
11/28/2007 6:00:00 AM,0.01474057,0,-68.44762,90,0,0,0.294144,0.294144,3.799407,0,1.202238,0.294144,0,0,0,0,0,0,0,3.505263,3.33,11.77184,0.03062182,3.33,0,3.33,5.991399,42.79562,0.04602905,0.3235584,0,5,0.03062182
11/28/2007 7:00:00 AM,0.1419015,12.15015,-65.54079,74.25194,0.1582314,0.7101426,0.930411,0.930411,4.435674,0,1.375939,0.930411,76.32568,0,0,0,0.7101426,0,0,3.505263,3.33,8.441836,3.027622,4.040143,0,4.040143,9.824215,70.17282,0.04633649,1.023452,0.5681141,5,3.737764
11/28/2007 8:00:00 AM,0.4236462,25.3922,-60.89532,60.49645,0.4799869,2.154181,0.7760069,0.7760069,3.141809,0,1.022714,0.7760069,277.5982,0,0,0,2.154181,0,0,2.365803,2.247512,4.401693,6.66375,4.401693,0,4.401693,14.00003,100,0.04648196,0.8536075,1.723345,5,8.817931
11/28/2007 9:00:00 AM,0.6995846,37.88,-53.56212,47.15696,0.7714414,3.462229,0.4163743,0.4163743,0,-1,0,0.4163743,831.5184,3.02394,0,0,3.462229,0.4382887,0.4163743,0,0,0,10.62527,0,0,0,14.00003,100,0.04648196,0.4580117,2.769783,0,14.0875
11/28/2007 10:00:00 AM,0.7979227,48.88979,-41.69883,34.79757,0.8654917,3.884327,0.5296848,0.5296848,0,0,0,0.5296848,733.3281,3.326764,0,0,3.884327,0.5575629,0.5296848,0,0,0,10.62527,0,0,0,14.00003,100,0.04648196,0.5826532,3.107462,0,14.5096
11/28/2007 11:00:00 AM,0.8153039,56.88956,-22.60554,24.98755,0.874607,3.925236,0,0,0,0,0,0,0,3.925236,0,0,3.925236,0,0,0,0,0,10.62527,0,0,0,14.00003,100,0.04648196,0,3.140189,0,14.55051
11/28/2007 12:00:00 PM,0.7035219,59.40569,3.576677,21.58656,0.7408459,3.324916,1.176908,1.176908,0,0,0,1.176908,282.5129,2.086066,0,0,3.324916,1.23885,1.176908,0,0,0,10.62527,0,0,0,14.00003,100,0.04648196,1.294598,2.659933,0,13.95019
11/28/2007 1:00:00 PM,0.8141615,55.22387,28.40312,27.13126,0.8754421,3.928984,0,0,0,0,0,0,0,3.928984,0,0,3.928984,0,0,0,0,0,10.62527,0,0,0,14.00003,100,0.04648196,0,3.143187,0,14.55426
11/28/2007 2:00:00 PM,0.786327,46.22712,45.37626,37.86842,0.8560518,3.84196,0.8314178,0.8314178,0,-1,0,0.8314178,462.0974,2.966784,0,0,3.84196,0.8751767,0.8314178,0,0,0,10.62527,0,0,0,14.00003,100,0.04648196,0.9145596,3.073568,0,14.46723
11/28/2007 3:00:00 PM,0.5905966,34.72667,55.81662,50.57335,0.6536717,2.933679,0.004647594,0.004647594,0,0,0,0.004647594,63122.52,2.928786,0,0,2.933679,0.004892205,0.004647594,0,0,0,10.62527,0,0,0,14.00003,100,0.04648196,0.005112354,2.346943,0,13.55895
11/28/2007 4:00:00 PM,0.2719097,21.99327,62.3151,64.05657,0.2944307,1.321405,0.500092,0.500092,0,0,0,0.500092,264.2324,0.7949924,0,0,1.321405,0.5264126,0.500092,0,0,0,10.62527,0,0,0,14.00003,100,0.04648196,0.5501012,1.057124,0,11.94668
11/28/2007 5:00:00 PM,0.1115697,8.620805,66.44226,77.87354,0.1355022,0.6081339,0,0,0,0,0,0,0,0.6081339,0,0,0.6081339,0,0,0,0,0,10.62527,0,0,0,14.00003,100,0.04648196,0,0.4865071,0,11.23341
11/28/2007 6:00:00 PM,0.0009634107,0,68.98007,90,0,0,0.4959373,0.4959373,0,0,0,0.4959373,0,0,0,0,0,0.5220393,0.4959373,0,0,0,10.62527,0,0.5220393,-0.5220393,13.44975,96.06945,0.04648196,0.5455311,0,0,10.62527
11/28/2007 7:00:00 PM,0,0,70.23656,90,0,0,0,0,0,-1,0,0,0,0,0,0,0,0,0,0,0,0.5800437,10.10324,0,0,0,13.44975,96.06945,0.04648196,0,0,0,10.10324
11/28/2007 8:00:00 PM,0,0,70.14158,90,0,0,0.8127363,0.8127363,0,-1,0,0.8127363,0,0,0,0,0,0.8555119,0.8127363,0,0,0.5800437,10.10324,0,0.8555119,-0.8555119,12.54796,89.62812,0.04648196,0.8940099,0,0,10.10324
11/28/2007 9:00:00 PM,0,0,68.06652,90,0,0,1.209722,1.209722,0,-1,0,1.209722,0,0,0,0,0,1.273391,1.209722,0,0,1.530612,9.247723,0,1.273391,-1.273391,11.20569,80.04048,0.04648196,1.330694,0,0,9.247723
11/28/2007 10:00:00 PM,0,0,61.89714,90,0,0,0.1692831,0.1692831,0,-1,0,0.1692831,0,0,0,0,0,0.1781927,0.1692831,0,0,2.945491,7.974332,0,0.1781927,-0.1781927,11.01786,78.69883,0.04648196,0.1862114,0,0,7.974332
11/28/2007 11:00:00 PM,0,0,43.63622,90,0,0,0.1004104,0.1004104,0,-1,0,0.1004104,0,0,1.387779E-17,0,0,0.1056952,0.1004104,0,0,3.143483,7.796139,0,0.1056952,-0.1056952,10.90645,77.90302,0.04648196,0.1104515,0,0,7.796139
11/29/2007 12:00:00 AM,0,0,-7.891853,90,0,0,0.1093445,0.1093445,0,-1,0,0.1093445,0,0,1.387779E-17,0,0,0.1150995,0.1093445,0,0,3.260922,7.690444,0,0.1150995,-0.1150995,10.78512,77.03642,0.04648196,0.120279,0,0,7.690444
11/29/2007 1:00:00 AM,0,0,-50.11729,90,0,0,0.08299416,0.08299416,0,-1,0,0.08299416,0,0,1.387779E-17,0,0,0.08736227,0.08299416,0,0,3.388811,7.575345,0,0.08736227,-0.08736227,10.69303,76.37865,0.04648196,0.09129357,0,0,7.575345
11/29/2007 2:00:00 AM,0,0,-63.83485,90,0,0,0.4211457,0.4211457,0,-1,0,0.4211457,0,0,5.551115E-17,0,0,0.4433113,0.4211457,0,0,3.48588,7.487982,0,0.4433113,-0.4433113,10.22574,73.04086,0.04648196,0.4632603,0,0,7.487982
11/29/2007 3:00:00 AM,0,0,-68.64336,90,0,0,0.344005,0.344005,0,-1,0,0.344005,0,0,5.551115E-17,0,0,0.3621105,0.344005,0,0,3.978448,7.044671,0,0.3621105,-0.3621105,9.844043,70.31445,0.04648196,0.3784055,0,0,7.044671
11/29/2007 4:00:00 AM,0,0,-70.13473,90,0,0,0,0,0,-1,0,0,0,0,0,0,0,0,0,0,0,4.380793,6.68256,0,0,0,9.844043,70.31445,0.04648196,0,0,0,6.68256
11/29/2007 5:00:00 AM,0,0,-69.87165,90,0,0,0,0,0,0,0,0,0,0,0,0,0,0,0,0,0,4.380793,6.68256,0,0,0,9.844043,70.31445,0.04648196,0,0,0,6.68256
11/29/2007 6:00:00 AM,0.006125356,0,-68.30431,90,0,0,0.08326757,0.08326757,0,0,0,0.08326757,0,0,1.387779E-17,0,0,0.08765007,0.08326757,0,0,4.380793,6.68256,0,0.08765007,-0.08765007,9.751652,69.65451,0.04648196,0.09159432,0,0,6.68256
11/29/2007 7:00:00 AM,0.08381456,12.03595,-65.40543,74.34524,0.08479246,0.3805486,2.548761,2.548761,0,0,0,2.548761,14.93073,0,0,0,0.3805486,2.682906,2.548761,0,0,4.478182,6.59491,0,2.302357,-2.302357,7.324754,52.31956,0.04648196,2.803637,0.3044389,0,6.975459
11/29/2007 8:00:00 AM,0.2466194,25.26262,-60.76549,60.60594,0.2546836,1.14302,0,0,0,0,0,0,0,0,0,0,1.14302,0,0,0,0,7.036357,4.292553,1.14302,0,1.14302,8.409118,60.06501,0.04646107,0,0.914416,0,5.435573
11/29/2007 9:00:00 AM,0.2508788,37.73298,-53.44241,47.28553,0.2513729,1.128162,0.01369143,0.01369143,0,-1,0,0.01369143,8239.913,0,0,0,1.128162,0.01441203,0.01369143,0,0,5.893337,5.321271,1.11375,0,1.11375,9.465714,67.6121,0.04644074,0.01506057,0.9025294,0,6.449432
11/29/2007 10:00:00 AM,0.3246334,48.72452,-41.6123,34.94967,0.3253889,1.460345,1.181294,1.181294,0,0,0,1.181294,123.6225,0,0,0,1.460345,1.243468,1.181294,0,0,4.779587,6.323646,0.2168775,0,0.2168775,9.671461,69.08173,0.04643678,1.299424,1.168276,0,7.783991
11/29/2007 11:00:00 AM,0.6328533,56.71483,-22.61546,25.16128,0.661337,2.96808,0.2173954,0.2173954,0,0,0,0.2173954,1365.291,0,0,0,2.96808,0.2288373,0.2173954,0,0,4.56271,6.518836,2.739243,0,2.739243,12.27014,87.64365,0.04638686,0.239135,2.374464,0,9.486916
11/29/2007 12:00:00 PM,0.5960382,59.25367,3.407432,21.73629,0.616012,2.764662,0.50444,0.50444,0,0,0,0.50444,548.0655,0.4102053,0,0,2.764662,0.5309895,0.50444,0,0,1.823467,8.984154,1.823467,0,1.823467,14.00003,100,0.04635368,0.554884,2.211729,0,11.74882
11/29/2007 1:00:00 PM,0.853056,55.12635,28.14905,27.20385,0.9200224,4.12906,0.6521871,0.6521871,0,0,0,0.6521871,633.1098,3.442548,0,0,4.12906,0.6865128,0.6521871,0,0,0,10.62527,0,0,0,14.00003,100,0.04635368,0.7174059,3.303248,0,14.75433
11/29/2007 2:00:00 PM,0.6611174,46.18145,45.13243,37.88268,0.712019,3.195541,0,0,0,-1,0,0,0,3.195541,0,0,3.195541,0,0,0,0,0,10.62527,0,0,0,14.00003,100,0.04635368,0,2.556433,0,13.82082
11/29/2007 3:00:00 PM,0.6290081,34.71824,55.60417,50.55234,0.6982014,3.133528,0.2370533,0.2370533,0,0,0,0.2370533,1321.867,2.883998,0,0,3.133528,0.2495297,0.2370533,0,0,0,10.62527,0,0,0,14.00003,100,0.04635368,0.2607586,2.506822,0,13.7588
11/29/2007 4:00:00 PM,0.3967957,22.01124,62.12755,64.01196,0.4597161,2.063206,0.5078003,0.5078003,0,0,0,0.5078003,406.3026,1.528679,0,0,2.063206,0.5345267,0.5078003,0,0,0,10.62527,0,0,0,14.00003,100,0.04635368,0.5585804,1.650565,0,12.68848
11/29/2007 5:00:00 PM,0.1208853,8.658788,66.26966,77.81087,0.1521915,0.6830353,0,0,0,0,0,0,0,0.6830353,0,0,0.6830353,0,0,0,0,0,10.62527,0,0,0,14.00003,100,0.04635368,0,0.5464282,0,11.30831
11/29/2007 6:00:00 PM,0.001779596,0,68.81332,90,0,0,0.530183,0.530183,0,0,0,0.530183,0,0,0,0,0,0.5580874,0.530183,0,0,0,10.62527,0,0.5580874,-0.5580874,13.41175,95.79804,0.04635368,0.5832013,0,0,10.62527
11/29/2007 7:00:00 PM,0,0,70.067,90,0,0,2.075633,2.075633,0,-1,0,2.075633,0,0,0,0,0,2.184877,2.075633,0,0,0.6200971,10.06719,0,2.184877,-2.184877,11.10869,79.34763,0.04635368,2.283196,0,0,10.06719
11/29/2007 8:00:00 PM,0,0,69.95957,90,0,0,0,0,0,-1,0,0,0,0,0,0,0,0,0,0,0,3.047738,7.88231,0,0,0,11.10869,79.34763,0.04635368,0,0,0,7.88231
11/29/2007 9:00:00 PM,0,0,67.85998,90,0,0,0.8672837,0.8672837,0,-1,0,0.8672837,0,0,1.110223E-16,0,0,0.9129302,0.8672837,0,0,3.047738,7.88231,0,0.9129302,-0.9129302,10.14638,72.47398,0.04635368,0.9540121,0,0,7.88231
11/29/2007 10:00:00 PM,0,0,61.65495,90,0,0,0.1859701,0.1859701,0,-1,0,0.1859701,0,0,2.775558E-17,0,0,0.195758,0.1859701,0,0,4.062105,6.969379,0,0.195758,-0.195758,9.94003,71.00007,0.04635368,0.2045671,0,0,6.969379
11/29/2007 11:00:00 PM,0,0,43.42994,90,0,0,0,0,0,-1,0,0,0,0,0,0,0,0,0,0,0,4.279614,6.773622,0,0,0,9.94003,71.00007,0.04635368,0,0,0,6.773622
11/30/2007 12:00:00 AM,0,0,-7.446121,90,0,0,0.3675586,0.3675586,0,-1,0,0.3675586,0,0,0,0,0,0.3869037,0.3675586,0,0,4.279614,6.773622,0,0.3869037,-0.3869037,9.532197,68.08699,0.04635368,0.4043144,0,0,6.773622
11/30/2007 1:00:00 AM,0,0,-49.63852,90,0,0,0.377271,0.377271,0,-1,0,0.377271,0,0,0,0,0,0.3971274,0.377271,0,0,4.709507,6.386718,0,0.3971274,-0.3971274,9.113588,65.09693,0.04635368,0.4149981,0,0,6.386718
11/30/2007 2:00:00 AM,0,0,-63.52826,90,0,0,0.3555129,0.3555129,0,-1,0,0.3555129,0,0,0,0,0,0.3742241,0.3555129,0,0,5.15076,5.989591,0,0.3742241,-0.3742241,8.719122,62.27932,0.04635368,0.3910642,0,0,5.989591
11/30/2007 3:00:00 AM,0,0,-68.42274,90,0,0,0,0,0,-1,0,0,0,0,0,0,0,0,0,0,0,5.566564,5.615366,0,0,0,8.719122,62.27932,0.04635368,0,0,0,5.615366
11/30/2007 4:00:00 AM,0,0,-69.95881,90,0,0,0,0,0,-1,0,0,0,0,0,0,0,0,0,0,0,5.566564,5.615366,0,0,0,8.719122,62.27932,0.04635368,0,0,0,5.615366
11/30/2007 5:00:00 AM,0,0,-69.7207,90,0,0,0.6140651,0.6140651,0,0,0,0.6140651,0,0,1.110223E-16,0,0,0.6463844,0.6140651,0,0,5.566564,5.615366,0,0.6463844,-0.6463844,8.037772,57.41255,0.04635368,0.6754717,0,0,5.615366
11/30/2007 6:00:00 AM,0.01487954,0,-68.16763,90,0,0,0.09815675,0.09815675,0,0,0,0.09815675,0,0,1.387779E-17,0,0,0.1033229,0.09815675,0,0,6.284769,4.968982,0,0.1033229,-0.1033229,7.928861,56.63461,0.04635368,0.1079724,0,0,4.968982
11/30/2007 7:00:00 AM,0.220007,11.92125,-65.27704,74.44007,0.2816007,1.263824,0,0,0,0,0,0,0,0,0,0,1.263824,0,0,0,0,6.399572,4.865659,1.263824,0,1.263824,9.12783,65.19865,0.04633072,0,1.011059,0,6.129483
11/30/2007 8:00:00 AM,0.4134826,25.13332,-60.64336,60.71627,0.4688238,2.104081,0.09850728,0.09850728,0,0,0,0.09850728,2135.966,0,0,0,2.104081,0.1036919,0.09850728,0,0,5.135748,6.0031,2.00039,0,2.00039,11.02557,78.75388,0.04629442,0.108358,1.683265,0,8.107182
11/30/2007 9:00:00 AM,0.7767398,37.58733,-53.33147,47.41398,0.8591152,3.855709,0.2425624,0.2425624,0,-1,0,0.2425624,1589.574,0.465021,0,0,3.855709,0.2553289,0.2425624,0,0,3.135359,7.803451,3.135359,0,3.135359,14.00003,100,0.04623763,0.2668186,3.084567,0,11.65916
11/30/2007 10:00:00 AM,0.859028,48.56219,-41.53543,35.10008,0.9341916,4.192652,1.352173,1.352173,0,0,0,1.352173,310.0677,2.769312,0,0,4.192652,1.42334,1.352173,0,0,0,10.62527,0,0,0,14.00003,100,0.04623763,1.487391,3.354121,0,14.81793
11/30/2007 11:00:00 AM,0.7265752,56.54504,-22.63359,25.33078,0.7721968,3.465619,0,0,0,0,0,0,0,3.465619,0,0,3.465619,0,0,0,0,0,10.62527,0,0,0,14.00003,100,0.04623763,0,2.772495,0,14.09089
11/30/2007 12:00:00 PM,0.5477613,59.10794,3.236254,21.87983,0.5614014,2.519569,0.3612568,0.3612568,0,0,0,0.3612568,697.4455,2.139299,0,0,2.519569,0.3802703,0.3612568,0,0,0,10.62527,0,0,0,14.00003,100,0.04623763,0.3973825,2.015656,0,13.14484
11/30/2007 1:00:00 PM,0.5923122,55.03492,27.8985,27.27098,0.6161002,2.765058,0.6850928,0.6850928,0,0,0,0.6850928,403.6034,2.043907,0,0,2.765058,0.7211503,0.6850928,0,0,0,10.62527,0,0,0,14.00003,100,0.04623763,0.7536021,2.212046,0,13.39033
11/30/2007 2:00:00 PM,0.6180128,46.1411,44.89388,37.89249,0.6607123,2.965277,0.3056807,0.3056807,0,-1,0,0.3056807,970.0571,2.643508,0,0,2.965277,0.3217691,0.3056807,0,0,0,10.62527,0,0,0,14.00003,100,0.04623763,0.3362487,2.372221,0,13.59055
11/30/2007 3:00:00 PM,0.4372063,34.71441,55.3973,50.52762,0.4661496,2.092079,1.918648,1.918648,0,0,0,1.918648,109.0393,0.07245014,0,0,2.092079,2.019629,1.918648,0,0,0,10.62527,0,0,0,14.00003,100,0.04623763,2.110512,1.673663,0,12.71735
11/30/2007 4:00:00 PM,0.1993214,22.03321,61.94562,63.96422,0.2044817,0.9177139,0.1725735,0.1725735,0,0,0,0.1725735,531.7815,0.7360576,0,0,0.9177139,0.1816563,0.1725735,0,0,0,10.62527,0,0,0,14.00003,100,0.04623763,0.1898309,0.7341712,0,11.54299
11/30/2007 5:00:00 PM,0.1259702,8.700269,66.10281,77.74561,0.1612778,0.7238148,0.6767533,0.6767533,0,0,0,0.6767533,106.954,0.01144291,0,0,0.7238148,0.7123719,0.6767533,0,0,0,10.62527,0,0,0,14.00003,100,0.04623763,0.7444286,0.5790519,0,11.34909
11/30/2007 6:00:00 PM,0.001150509,0,68.65266,90,0,0,1.675459,1.675459,0,0,0,1.675459,0,0,2.220446E-16,0,0,1.763641,1.675459,0,0,0,10.62527,0,1.763641,-1.763641,12.14099,86.72116,0.04623763,1.843005,0,0,10.62527
11/30/2007 7:00:00 PM,0,0,69.90422,90,0,0,1.062136,1.062136,0,-1,0,1.062136,0,0,2.220446E-16,0,0,1.118038,1.062136,0,0,1.959602,8.861632,0,1.118038,-1.118038,10.96247,78.30321,0.04623763,1.16835,0,0,8.861632
11/30/2007 8:00:00 PM,0,0,69.78564,90,0,0,0.3576414,0.3576414,0,-1,0,0.3576414,0,0,5.551115E-17,0,0,0.3764646,0.3576414,0,0,3.201866,7.743595,0,0.3764646,-0.3764646,10.56564,75.46873,0.04623763,0.3934056,0,0,7.743595
11/30/2007 9:00:00 PM,0,0,67.66392,90,0,0,1.005512,1.005512,0,-1,0,1.005512,0,0,2.220446E-16,0,0,1.058433,1.005512,0,0,3.62016,7.36713,0,1.058433,-1.058433,9.449956,67.49955,0.04623763,1.106063,0,0,7.36713
11/30/2007 10:00:00 PM,0,0,61.42809,90,0,0,0.2538574,0.2538574,0,-1,0,0.2538574,0,0,0,0,0,0.2672184,0.2538574,0,0,4.796197,6.308697,0,0.2672184,-0.2672184,9.168283,65.4876,0.04623763,0.2792432,0,0,6.308697
11/30/2007 11:00:00 PM,0,0,43.24706,90,0,0,0.2545843,0.2545843,0,-1,0,0.2545843,0,0,0,0,0,0.2679835,0.2545843,0,0,5.093107,6.041478,0,0.2679835,-0.2679835,8.885803,63.4699,0.04623763,0.2800428,0,0,6.041478
12/1/2007 12:00:00 AM,0,0,-7.004256,90,0,0,0,0,0,-1,0,0,0,0,0,0,0,0,0,0,0,5.390866,5.773495,0,0,0,8.885803,63.4699,0.04623763,0,0,0,5.773495
12/1/2007 1:00:00 AM,0,0,-49.17203,90,0,0,0.444756,0.444756,0,-1,0,0.444756,0,0,5.551115E-17,0,0,0.4681642,0.444756,0,0,5.390866,5.773495,0,0.4681642,-0.4681642,8.392315,59.94499,0.04623763,0.4892316,0,0,5.773495
12/1/2007 2:00:00 AM,0,0,-63.23122,90,0,0,0.04486063,0.04486063,0,-1,0,0.04486063,0,0,0,0,0,0.04722172,0.04486063,0,0,5.911048,5.305331,0,0.04722172,-0.04722172,8.342539,59.58945,0.04623763,0.04934669,0,0,5.305331
12/1/2007 3:00:00 AM,0,0,-68.21002,90,0,0,0.02873763,0.02873763,0,-1,0,0.02873763,0,0,3.469447E-18,0,0,0.03025014,0.02873763,0,0,5.963517,5.258109,0,0.03025014,-0.03025014,8.310653,59.36169,0.04623763,0.03161139,0,0,5.258109
12/1/2007 4:00:00 AM,0,0,-69.78993,90,0,0,0.4221184,0.4221184,0,-1,0,0.4221184,0,0,0,0,0,0.4443351,0.4221184,0,0,5.997128,5.227859,0,0.4443351,-0.4443351,7.842282,56.01619,0.04623763,0.4643302,0,0,5.227859
12/1/2007 5:00:00 AM,0,0,-69.5764,90,0,0,0.04292673,0.04292673,0,0,0,0.04292673,0,0,0,0,0,0.04518604,0.04292673,0,0,6.490834,4.783524,0,0.04518604,-0.04518604,7.794652,55.67598,0.04623763,0.04721941,0,0,4.783524
12/1/2007 6:00:00 AM,0.01196989,0,-68.03761,90,0,0,0,0,0,0,0,0,0,0,0,0,0,0,0,0,0,6.54104,4.738338,0,0,0,7.794652,55.67598,0.04623763,0,0,0,4.738338
12/1/2007 7:00:00 AM,0.1281385,11.80613,-65.15565,74.53635,0.1401525,0.6290045,1.008645,1.008645,0,0,0,1.008645,62.36134,0,0,0,0.6290045,1.061732,1.008645,0,0,6.54104,4.738338,0,0.432727,-0.432727,7.338518,52.41788,0.04623763,1.109509,0.5032036,0,5.367342
12/1/2007 8:00:00 AM,0.1429748,25.0044,-60.52893,60.82736,0.142954,0.6415777,0.9170301,0.9170301,0,0,0,0.9170301,69.96255,0,0,0,0.6415777,0.9652948,0.9170301,0,0,7.021849,4.305611,0,0.3237171,-0.3237171,6.99729,49.98054,0.04623763,1.008733,0.5132622,0,4.947188
12/1/2007 9:00:00 AM,0.1747435,37.44315,-53.22922,47.5422,0.1743396,0.7824363,0,0,0,-1,0,0,0,0,0,0,0.7824363,0,0,0,0,7.381534,3.981893,0.7824363,0,0.7824363,7.739574,55.28256,0.04622348,0,0.625949,0,4.764329
12/1/2007 10:00:00 AM,0.2249588,48.4029,-41.46811,35.24869,0.2243747,1.006994,0.8205556,0.8205556,0,0,0,0.8205556,122.7209,0,0,0,1.006994,0.8637427,0.8205556,0,0,6.599098,4.686086,0.1432508,0,0.1432508,7.875473,56.25327,0.04622089,0.9026111,0.8055948,0,5.693079
12/1/2007 11:00:00 AM,0.5548817,56.38025,-22.65974,25.49596,0.5716784,2.565693,1.152207,1.152207,0,0,0,1.152207,222.6763,0,0,0,2.565693,1.21285,1.152207,0,0,6.455847,4.815012,1.352843,0,1.352843,9.158893,65.42053,0.04619645,1.267428,2.052554,0,7.380704
12/1/2007 12:00:00 PM,0.5855306,58.96852,3.063209,22.01716,0.6044131,2.712606,0.2098729,0.2098729,0,0,0,0.2098729,1292.5,0,0,0,2.712606,0.2209188,0.2098729,0,0,5.103004,6.03257,2.491687,0,2.491687,11.52271,82.30494,0.0461515,0.2308601,2.170085,0,8.745176
12/1/2007 1:00:00 PM,0.4576233,54.94958,27.65149,27.33262,0.4642633,2.083614,1.81472,1.81472,0,0,0,1.81472,114.8174,0,0,0,2.083614,1.910232,1.81472,0,0,2.611317,8.275088,0.1733821,0,0.1733821,11.6872,83.47983,0.04614838,1.996192,1.666891,0,10.3587
12/1/2007 2:00:00 PM,0.7884977,46.10607,44.66063,37.89785,0.8598042,3.858801,1.123009,1.123009,0,-1,0,1.123009,343.6126,0.2387512,0,0,3.858801,1.182115,1.123009,0,0,2.437935,8.431132,2.437935,0,2.437935,14.00003,100,0.04610449,1.23531,3.087041,0,12.28993
12/1/2007 3:00:00 PM,0.3415247,34.71517,55.19606,50.49921,0.3513925,1.57705,0.807735,0.807735,0,0,0,0.807735,195.2434,0.7268022,0,0,1.57705,0.8502473,0.807735,0,0,0,10.62527,0,0,0,14.00003,100,0.04610449,0.8885084,1.26164,0,12.20232
12/1/2007 4:00:00 PM,0.2834573,22.05916,61.76935,63.91341,0.3099689,1.391141,0.5555763,0.5555763,0,0,0,0.5555763,250.396,0.8063235,0,0,1.391141,0.5848171,0.5555763,0,0,0,10.62527,0,0,0,14.00003,100,0.04610449,0.6111339,1.112913,0,12.01641
12/1/2007 5:00:00 PM,0.1030391,8.745195,65.94173,77.67779,0.1199092,0.5381524,0.6290292,0.6290292,0,0,0,0.6290292,85.55285,0,1.110223E-16,0,0.5381524,0.662136,0.6290292,0,0,0,10.62527,0,0.1239836,-0.1239836,13.86934,99.0665,0.04610449,0.6919321,0.4305219,0,11.16343
12/1/2007 6:00:00 PM,0.001402529,0,68.49814,90,0,0,2.149625,2.149625,0,0,0,2.149625,0,0,4.440892E-16,0,0,2.262763,2.149625,0,0,0.1377596,10.50129,0,2.262763,-2.262763,11.48418,82.02966,0.04610449,2.364587,0,0,10.50129
12/1/2007 7:00:00 PM,0,0,69.74828,90,0,0,0.5588175,0.5588175,0,-1,0,0.5588175,0,0,0,0,0,0.5882289,0.5588175,0,0,2.651941,8.238527,0,0.5882289,-0.5882289,10.86413,77.60076,0.04610449,0.6146992,0,0,8.238527
12/1/2007 8:00:00 PM,0,0,69.6198,90,0,0,2.05215,2.05215,0,-1,0,2.05215,0,0,0,0,0,2.160158,2.05215,0,0,3.305528,7.650299,0,2.160158,-2.160158,8.587122,61.33646,0.04610449,2.257365,0,0,7.650299
12/1/2007 9:00:00 PM,0,0,67.47833,90,0,0,0.09249552,0.09249552,0,-1,0,0.09249552,0,0,0,0,0,0.09736371,0.09249552,0,0,5.705704,5.49014,0,0.09736371,-0.09736371,8.484491,60.60339,0.04610449,0.1017451,0,0,5.49014
12/1/2007 10:00:00 PM,0,0,61.21642,90,0,0,0.1118735,0.1118735,0,-1,0,0.1118735,0,0,1.387779E-17,0,0,0.1177616,0.1118735,0,0,5.813886,5.392777,0,0.1177616,-0.1177616,8.36036,59.71674,0.04610449,0.1230609,0,0,5.392777
12/1/2007 11:00:00 PM,0,0,43.08682,90,0,0,0,0,0,-1,0,0,0,0,0,0,0,0,0,0,0,5.944732,5.275015,0,0,0,8.36036,59.71674,0.04610449,0,0,0,5.275015
12/2/2007 12:00:00 AM,0,0,-6.565862,90,0,0,0.02220697,0.02220697,0,-1,0,0.02220697,0,0,3.469447E-18,0,0,0.02337576,0.02220697,0,0,5.944732,5.275015,0,0.02337576,-0.02337576,8.33572,59.54074,0.04610449,0.02442767,0,0,5.275015
12/2/2007 1:00:00 AM,0,0,-48.71772,90,0,0,0.2975676,0.2975676,0,-1,0,0.2975676,0,0,5.551115E-17,0,0,0.3132291,0.2975676,0,0,5.970705,5.251639,0,0.3132291,-0.3132291,8.005548,57.18237,0.04610449,0.3273244,0,0,5.251639
12/2/2007 2:00:00 AM,0,0,-62.94376,90,0,0,0.1131101,0.1131101,0,-1,0,0.1131101,0,0,1.387779E-17,0,0,0.1190632,0.1131101,0,0,6.318738,4.93841,0,0.1190632,-0.1190632,7.880044,56.28591,0.04610449,0.1244211,0,0,4.93841
12/2/2007 3:00:00 AM,0,0,-68.00527,90,0,0,0.1807155,0.1807155,0,-1,0,0.1807155,0,0,0,0,0,0.1902268,0.1807155,0,0,6.45103,4.819347,0,0.1902268,-0.1902268,7.679527,54.85365,0.04610449,0.198787,0,0,4.819347
12/2/2007 4:00:00 AM,0,0,-69.62816,90,0,0,0.2585218,0.2585218,0,-1,0,0.2585218,0,0,5.551115E-17,0,0,0.2721282,0.2585218,0,0,6.662393,4.62912,0,0.2721282,-0.2721282,7.392679,52.80474,0.04610449,0.284374,0,0,4.62912
12/2/2007 5:00:00 AM,0,0,-69.43881,90,0,0,0.1846274,0.1846274,0,0,0,0.1846274,0,0,2.775558E-17,0,0,0.1943447,0.1846274,0,0,6.964758,4.356992,0,0.1943447,-0.1943447,7.187821,51.34148,0.04610449,0.2030902,0,0,4.356992
12/2/2007 6:00:00 AM,0.01305908,0,-67.91428,90,0,0,0,0,0,0,0,0,0,0,0,0,0,0,0,0,0,7.180696,4.162648,0,0,0,7.187821,51.34148,0.04610449,0,0,0,4.162648
12/2/2007 7:00:00 AM,0.1892044,11.69068,-65.04128,74.634,0.2380951,1.068571,0.8292341,0.8292341,0,0,0,0.8292341,128.8624,0,0,0,1.068571,0.872878,0.8292341,0,0,7.180696,4.162648,0.1956931,0,0.1956931,7.373472,52.66755,0.04610097,0.9121575,0.8548568,0,5.231218
12/2/2007 8:00:00 AM,0.407688,24.87596,-60.42216,60.93908,0.4630663,2.078242,2.716188,2.716188,0,0,0,2.716188,76.51318,0,0,0,2.078242,2.859145,2.716188,0,0,6.985003,4.338771,0,0.7809033,-0.7809033,6.550328,46.78796,0.04610097,2.987807,1.662593,0,6.417013
12/2/2007 9:00:00 AM,0.7284488,37.30055,-53.13562,47.67006,0.806382,3.619042,1.122544,1.122544,0,-1,0,1.122544,322.3964,0,0,0,3.619042,1.181626,1.122544,0,0,7.852674,3.557868,2.437417,0,2.437417,8.862664,63.30462,0.04605718,1.234799,2.895234,0,7.17691
12/2/2007 10:00:00 AM,0.855513,48.24675,-41.41018,35.39538,0.9314736,4.180453,0.1625346,0.1625346,0,0,0,0.1625346,2572.039,0,0,0,4.180453,0.1710891,0.1625346,0,0,5.415257,5.751543,4.009364,0,4.009364,12.66628,90.47325,0.04598534,0.1787881,3.344362,0,9.931996
12/2/2007 11:00:00 AM,0.9057282,56.22052,-22.69373,25.65675,0.9785563,4.391761,0.443546,0.443546,0,0,0,0.443546,990.1478,2.518978,0,0,4.391761,0.4668905,0.443546,0,0,1.405893,9.359971,1.405893,0,1.405893,14.00003,100,0.0459602,0.4879006,3.513409,0,13.75173
12/2/2007 12:00:00 PM,0.8599028,58.83543,2.888364,22.14826,0.9245053,4.14918,0.5055052,0.5055052,0,0,0,0.5055052,820.7986,3.617069,0,0,4.14918,0.5321108,0.5055052,0,0,0,10.62527,0,0,0,14.00003,100,0.0459602,0.5560557,3.319344,0,14.77445
12/2/2007 1:00:00 PM,0.9149573,54.87036,27.408,27.38874,0.9898601,4.442492,0.5389637,0.5389637,0,0,0,0.5389637,824.2654,3.875162,0,0,4.442492,0.5673302,0.5389637,0,0,0,10.62527,0,0,0,14.00003,100,0.0459602,0.5928601,3.553993,0,15.06777
12/2/2007 2:00:00 PM,0.6832958,46.07637,44.4327,37.89873,0.7393553,3.318227,0,0,0,-1,0,0,0,3.318227,0,0,3.318227,0,0,0,0,0,10.62527,0,0,0,14.00003,100,0.0459602,0,2.654581,0,13.9435
12/2/2007 3:00:00 PM,0.6003693,34.72049,55.0005,50.46713,0.6665147,2.991318,0.5781937,0.5781937,0,0,0,0.5781937,517.3557,2.382693,0,0,2.991318,0.608625,0.5781937,0,0,0,10.62527,0,0,0,14.00003,100,0.0459602,0.6360131,2.393054,0,13.61659
12/2/2007 4:00:00 PM,0.37182,22.08904,61.59882,63.85956,0.428919,1.924988,0,0,0,0,0,0,0,1.924988,0,0,1.924988,0,0,0,0,0,10.62527,0,0,0,14.00003,100,0.0459602,0,1.539991,0,12.55026
12/2/2007 5:00:00 PM,0.1082215,8.793515,65.78651,77.6075,0.1284453,0.5764627,0.2699479,0.2699479,0,0,0,0.2699479,213.5459,0.292307,0,0,0.5764627,0.2841557,0.2699479,0,0,0,10.62527,0,0,0,14.00003,100,0.0459602,0.2969427,0.4611701,0,11.20174
12/2/2007 6:00:00 PM,0.0009176783,0,68.3498,90,0,0,0.8201382,0.8201382,0,0,0,0.8201382,0,0,1.110223E-16,0,0,0.8633034,0.8201382,0,0,0,10.62527,0,0.8633034,-0.8633034,13.09003,93.5,0.0459602,0.902152,0,0,10.62527
12/2/2007 7:00:00 PM,0,0,69.59919,90,0,0,0,0,0,-1,0,0,0,0,0,0,0,0,0,0,0,0.959226,9.761971,0,0,0,13.09003,93.5,0.0459602,0,0,0,9.761971
12/2/2007 8:00:00 PM,0,0,69.4621,90,0,0,0,0,0,-1,0,0,0,0,0,0,0,0,0,0,0,0.959226,9.761971,0,0,0,13.09003,93.5,0.0459602,0,0,0,9.761971
12/2/2007 9:00:00 PM,0,0,67.3032,90,0,0,1.895355,1.895355,0,-1,0,1.895355,0,0,2.220446E-16,0,0,1.99511,1.895355,0,0,0.959226,9.761971,0,1.99511,-1.99511,10.987,78.47838,0.0459602,2.08489,0,0,9.761971
12/2/2007 10:00:00 PM,0,0,61.01976,90,0,0,0.1744643,0.1744643,0,-1,0,0.1744643,0,0,2.775558E-17,0,0,0.1836466,0.1744643,0,0,3.176015,7.76686,0,0.1836466,-0.1836466,10.79342,77.09566,0.0459602,0.1919107,0,0,7.76686
12/2/2007 11:00:00 PM,0,0,42.94853,90,0,0,0,0,0,-1,0,0,0,0,0,0,0,0,0,0,0,3.380067,7.583214,0,0,0,10.79342,77.09566,0.0459602,0,0,0,7.583214
12/3/2007 12:00:00 AM,0,0,-6.130569,90,0,0,0.3666065,0.3666065,0,-1,0,0.3666065,0,0,5.551115E-17,0,0,0.3859016,0.3666065,0,0,3.380067,7.583214,0,0.3859016,-0.3859016,10.38664,74.19013,0.0459602,0.4032672,0,0,7.583214
12/3/2007 1:00:00 AM,0,0,-48.27545,90,0,0,0.4574026,0.4574026,0,-1,0,0.4574026,0,0,5.551115E-17,0,0,0.4814765,0.4574026,0,0,3.808847,7.197312,0,0.4814765,-0.4814765,9.879118,70.56499,0.0459602,0.503143,0,0,7.197312
12/3/2007 2:00:00 AM,0,0,-62.66594,90,0,0,0.05249092,0.05249092,0,-1,0,0.05249092,0,0,6.938894E-18,0,0,0.0552536,0.05249092,0,0,4.343821,6.715836,0,0.0552536,-0.0552536,9.820875,70.14897,0.0459602,0.05774001,0,0,6.715836
12/3/2007 3:00:00 AM,0,0,-67.80856,90,0,0,0.03961954,0.03961954,0,-1,0,0.03961954,0,0,6.938894E-18,0,0,0.04170477,0.03961954,0,0,4.405213,6.660582,0,0.04170477,-0.04170477,9.776915,69.83497,0.0459602,0.04358149,0,0,6.660582
12/3/2007 4:00:00 AM,0,0,-69.47352,90,0,0,0.08934344,0.08934344,0,-1,0,0.08934344,0,0,1.387779E-17,0,0,0.09404573,0.08934344,0,0,4.451552,6.618877,0,0.09404573,-0.09404573,9.677782,69.12688,0.0459602,0.09827778,0,0,6.618877
12/3/2007 5:00:00 AM,0,0,-69.30797,90,0,0,0.1494947,0.1494947,0,0,0,0.1494947,0,0,0,0,0,0.1573628,0.1494947,0,0,4.556047,6.524832,0,0.1573628,-0.1573628,9.511907,67.94205,0.0459602,0.1644442,0,0,6.524832
12/3/2007 6:00:00 AM,0.01174628,0,-67.79766,90,0,0,0.08153439,0.08153439,0,0,0,0.08153439,0,0,1.387779E-17,0,0,0.08582567,0.08153439,0,0,4.730895,6.367469,0,0.08582567,-0.08582567,9.421439,67.29586,0.0459602,0.08968783,0,0,6.367469
12/3/2007 7:00:00 AM,0.1308691,11.57499,-64.93391,74.73291,0.1454002,0.6525563,1.378577,1.378577,0,0,0,1.378577,47.33551,0,0,0,0.6525563,1.451133,1.378577,0,0,4.826257,6.281643,0,0.798577,-0.798577,8.579665,61.2832,0.0459602,1.516434,0.522045,0,6.934199
12/3/2007 8:00:00 AM,0.204007,24.74809,-60.32306,61.05135,0.2070808,0.9293784,1.026035,1.026035,0,0,0,1.026035,90.57959,0,0,0,0.9293784,1.080037,1.026035,0,0,5.713564,5.483066,0,0.1506586,-0.1506586,8.420856,60.14886,0.0459602,1.128639,0.7435027,0,6.412445
12/3/2007 9:00:00 AM,0.3498651,37.15963,-53.05058,47.79745,0.3581569,1.607408,0.7761948,0.7761948,0,-1,0,0.7761948,207.0882,0,0,0,1.607408,0.8170471,0.7761948,0,0,5.880963,5.332407,0.7903608,0,0.7903608,9.170659,65.50458,0.04594607,0.8538142,1.285926,0,6.939816
12/3/2007 10:00:00 AM,0.6949697,48.09381,-41.36152,35.54004,0.7495284,3.363883,1.32287,1.32287,0,0,0,1.32287,254.2868,0,0,0,3.363883,1.392495,1.32287,0,0,5.090602,6.043732,1.971389,0,1.971389,11.04088,78.86329,0.04591089,1.455157,2.691107,0,9.407616
12/3/2007 11:00:00 AM,0.8001179,56.06591,-22.73539,25.81308,0.8596697,3.858198,0.3513007,0.3513007,0,0,0,0.3513007,1098.261,0.3691944,0,0,3.858198,0.3697903,0.3513007,0,0,3.119213,7.817982,3.119213,0,3.119213,14.00003,100,0.04585533,0.3864308,3.086558,0,11.67618
12/3/2007 12:00:00 PM,0.761507,58.70869,2.711784,22.27311,0.8109792,3.639675,0.07913858,0.07913858,0,0,0,0.07913858,4599.116,3.556371,0,0,3.639675,0.08330376,0.07913858,0,0,0,10.62527,0,0,0,14.00003,100,0.04585533,0.08705243,2.91174,0,14.26495
12/3/2007 1:00:00 PM,0.8856754,54.79727,27.16804,27.43933,0.958156,4.300204,0.9582313,0.9582313,0,0,0,0.9582313,448.7647,3.291539,0,0,4.300204,1.008664,0.9582313,0,0,0,10.62527,0,0,0,14.00003,100,0.04585533,1.054054,3.440163,0,14.92548
12/3/2007 2:00:00 PM,0.7446114,46.05199,44.21013,37.89514,0.8110688,3.640077,0.08590037,0.08590037,0,-1,0,0.08590037,4237.557,3.549655,0,0,3.640077,0.09042144,0.08590037,0,0,0,10.62527,0,0,0,14.00003,100,0.04585533,0.09449041,2.912061,0,14.26535
12/3/2007 3:00:00 PM,0.4218483,34.73037,54.81066,50.4314,0.4474832,2.008305,0.3480342,0.3480342,0,0,0,0.3480342,577.0424,1.641953,0,0,2.008305,0.3663518,0.3480342,0,0,0,10.62527,0,0,0,14.00003,100,0.04585533,0.3828376,1.606644,0,12.63358
12/3/2007 4:00:00 PM,0.2999589,22.12282,61.43406,63.80271,0.3323139,1.491425,0,0,0,0,0,0,0,1.491425,0,0,1.491425,0,0,0,0,0,10.62527,0,0,0,14.00003,100,0.04585533,0,1.19314,0,12.1167
12/3/2007 5:00:00 PM,0.115811,8.845174,65.63719,77.53477,0.1414918,0.6350152,0.7612219,0.7612219,0,0,0,0.7612219,83.42051,0,0,0,0.6350152,0.8012862,0.7612219,0,0,0,10.62527,0,0.166271,-0.166271,13.82476,98.74811,0.04585533,0.8373441,0.5080121,0,11.26029
12/3/2007 6:00:00 PM,0.001316886,0,68.20769,90,0,0,0,0,0,0,0,0,0,0,0,0,0,0,0,0,0,0.1847456,10.459,0,0,0,13.82476,98.74811,0.04585533,0,0,0,10.459
12/3/2007 7:00:00 PM,0,0,69.45702,90,0,0,2.2541,2.2541,0,-1,0,2.2541,0,0,4.440892E-16,0,0,2.372737,2.2541,0,0,0.1847456,10.459,0,2.372737,-2.372737,11.32368,80.88326,0.04585533,2.479511,0,0,10.459
12/3/2007 8:00:00 PM,0,0,69.31255,90,0,0,1.895794,1.895794,0,-1,0,1.895794,0,0,0,0,0,1.995573,1.895794,0,0,2.82112,8.086266,0,1.995573,-1.995573,9.22016,65.85815,0.04585533,2.085373,0,0,8.086266
12/3/2007 9:00:00 PM,0,0,67.13852,90,0,0,1.610376,1.610376,0,-1,0,1.610376,0,0,2.220446E-16,0,0,1.695133,1.610376,0,0,5.038424,6.090693,0,1.695133,-1.695133,7.433332,53.09513,0.04585533,1.771414,0,0,6.090693
12/3/2007 10:00:00 PM,0,0,60.83797,90,0,0,0.2168137,0.2168137,0,-1,0,0.2168137,0,0,2.775558E-17,0,0,0.2282249,0.2168137,0,0,6.921905,4.39556,0,0.2282249,-0.2282249,7.192762,51.37677,0.04585533,0.2384951,0,0,4.39556
12/3/2007 11:00:00 PM,0,0,42.83152,90,0,0,0.08208681,0.08208681,0,-1,0,0.08208681,0,0,1.387779E-17,0,0,0.08640717,0.08208681,0,0,7.175488,4.167335,0,0.08640717,-0.08640717,7.101681,50.72619,0.04585533,0.09029549,0,0,4.167335
12/4/2007 12:00:00 AM,0,0,-5.69803,90,0,0,0.3378711,0.3378711,0,-1,0,0.3378711,0,0,5.551115E-17,0,0,0.3556538,0.3378711,0,0,7.271496,4.080928,0,0.3556538,-0.3556538,6.726789,48.0484,0.04585533,0.3716582,0,0,4.080928
12/4/2007 1:00:00 AM,0,0,-47.84514,90,0,0,0,0,0,-1,0,0,0,0,0,0,0,0,0,0,0,7.666667,3.725274,0,0,0,6.726789,48.0484,0.04585533,0,0,0,3.725274
12/4/2007 2:00:00 AM,0,0,-62.39781,90,0,0,0.2124319,0.2124319,0,-1,0,0.2124319,0,0,2.775558E-17,0,0,0.2236125,0.2124319,0,0,7.666667,3.725274,0,0.2236125,-0.2236125,6.491081,46.36477,0.04585533,0.233675,0,0,3.725274
12/4/2007 3:00:00 AM,0,0,-67.61993,90,0,0,0.4755957,0.4755957,0,-1,0,0.4755957,0,0,0,0,0,0.5006271,0.4755957,0,0,7.915125,3.501662,0,0.5006271,-0.5006271,5.963374,42.59544,0.04585533,0.5231553,0,0,3.501662
12/4/2007 4:00:00 AM,0,0,-69.32608,90,0,0,0,0,0,-1,0,0,0,0,0,0,0,0,0,0,0,8.471377,3.001034,0,0,0,5.963374,42.59544,0.04585533,0,0,0,3.001034
12/4/2007 5:00:00 AM,0,0,-69.1839,90,0,0,0.1094428,0.1094428,0,0,0,0.1094428,0,0,0,0,0,0.115203,0.1094428,0,0,8.471377,3.001034,0,0.115203,-0.115203,5.841939,41.72805,0.04585533,0.1203871,0,0,3.001034
12/4/2007 6:00:00 AM,0.003428265,0,-67.68777,90,0,0,0.3047446,0.3047446,0,0,0,0.3047446,0,0,5.551115E-17,0,0,0.3207838,0.3047446,0,0,8.59938,2.885832,0,0.3207838,-0.3207838,5.503803,39.3128,0.04585533,0.3352191,0,0,2.885832
12/4/2007 7:00:00 AM,0.04360536,11.45915,-64.83357,74.833,0.04362079,0.1957701,0,0,0,0,0,0,0,0,0,0,0.1957701,0,0,0,0,8.955807,2.565048,0.1957701,0,0.1957701,5.689527,40.6394,0.04585185,0,0.1566161,0,2.760818
12/4/2007 8:00:00 AM,0.2265555,24.6209,-60.23159,61.16405,0.2325153,1.043529,0.6632624,0.6632624,0,0,0,0.6632624,157.3327,0,0,0,1.043529,0.6981709,0.6632624,0,0,8.760037,2.741241,0.345358,0,0.345358,6.017162,42.97964,0.0458457,0.7295886,0.8348231,0,3.78477
12/4/2007 9:00:00 AM,0.377364,37.02048,-52.97406,47.92427,0.3898493,1.749644,1.214018,1.214018,0,-1,0,1.214018,144.1201,0,0,0,1.749644,1.277913,1.214018,0,0,8.41468,3.052063,0.4717303,0,0.4717303,6.464685,46.17623,0.04583731,1.33542,1.399715,0,4.801707
12/4/2007 10:00:00 AM,0.3468582,47.94419,-41.32198,35.68256,0.3487434,1.565161,0,0,0,0,0,0,0,0,0,0,1.565161,0,0,0,0,7.942949,3.47662,1.565161,0,1.565161,7.949527,56.78222,0.04580951,0,1.252128,0,5.041781
12/4/2007 11:00:00 AM,0.475015,55.91648,-22.78454,25.96489,0.4828451,2.167009,0.1802997,0.1802997,0,0,0,0.1802997,1201.893,0,0,0,2.167009,0.1897891,0.1802997,0,0,6.377788,4.885265,1.97722,0,1.97722,9.825282,70.18044,0.04577443,0.1983296,1.733607,0,7.052274
12/4/2007 12:00:00 PM,0.4116175,58.58834,2.533532,22.39169,0.4139479,1.857798,0,0,0,0,0,0,0,0,0,0,1.857798,0,0,0,0,4.400568,6.664762,1.857798,0,1.857798,11.58774,82.76944,0.04574151,0,1.486239,0,8.522561
12/4/2007 1:00:00 PM,0.4099166,54.73033,26.93162,27.48435,0.4131947,1.854418,0,0,0,0,0,0,0,0,0,0,1.854418,0,0,0,0,2.54277,8.336781,1.854418,0,1.854418,13.347,95.33552,0.04570871,0,1.483534,0,10.1912
12/4/2007 2:00:00 PM,0.2225732,46.03294,43.99297,37.88708,0.2220441,0.9965338,1.558528,1.558528,0,-1,0,1.558528,63.94071,0,0,0,0.9965338,1.640556,1.558528,0,0,0.6883522,10.00576,0,0.644022,-0.644022,12.66814,90.48654,0.04570871,1.714381,0.7972271,0,11.00229
12/4/2007 3:00:00 PM,0.3808,34.74478,54.62659,50.39204,0.3975874,1.784372,0.5879123,0.5879123,0,0,0,0.5879123,303.5099,0,0,0,1.784372,0.618855,0.5879123,0,0,1.403932,9.361735,1.165517,0,1.165517,13.77385,98.38443,0.04568812,0.6467035,1.427498,0,11.14611
12/4/2007 4:00:00 PM,0.2494701,22.16047,61.27514,63.74291,0.2652196,1.190305,0.613203,0.613203,0,0,0,0.613203,194.1128,0.3064137,0,0,1.190305,0.6454768,0.613203,0,0,0.238415,10.4107,0.238415,0,0.238415,14.00003,100,0.04568391,0.6745233,0.9522444,0,11.60101
12/4/2007 5:00:00 PM,0.07191943,8.900114,65.49381,77.45969,0.07454185,0.3345439,1.077206,1.077206,0,0,0,1.077206,31.05663,0,2.220446E-16,0,0.3345439,1.133901,1.077206,0,0,0,10.62527,0,0.7993571,-0.7993571,13.15743,93.98147,0.04568391,1.184927,0.2676351,0,10.95982
12/4/2007 6:00:00 PM,0.001459438,0,68.07185,90,0,0,0.3820847,0.3820847,0,0,0,0.3820847,0,0,0,0,0,0.4021944,0.3820847,0,0,0.8881746,9.825917,0,0.4021944,-0.4021944,12.73348,90.95325,0.04568391,0.4202932,0,0,9.825917
12/4/2007 7:00:00 PM,0,0,69.3218,90,0,0,0.3372201,0.3372201,0,-1,0,0.3372201,0,0,5.551115E-17,0,0,0.3549686,0.3372201,0,0,1.335057,9.423722,0,0.3549686,-0.3549686,12.35931,88.28062,0.04568391,0.3709421,0,0,9.423722
12/4/2007 8:00:00 PM,0,0,69.17117,90,0,0,0.6549581,0.6549581,0,-1,0,0.6549581,0,0,1.110223E-16,0,0,0.6894296,0.6549581,0,0,1.729467,9.068754,0,0.6894296,-0.6894296,11.63259,83.08976,0.04568391,0.7204539,0,0,9.068754
12/4/2007 9:00:00 PM,0,0,66.98425,90,0,0,1.916785,1.916785,0,-1,0,1.916785,0,0,2.220446E-16,0,0,2.017668,1.916785,0,0,2.4955,8.379325,0,2.017668,-2.017668,9.50578,67.89829,0.04568391,2.108463,0,0,8.379325
12/4/2007 10:00:00 PM,0,0,60.67087,90,0,0,0.2661381,0.2661381,0,-1,0,0.2661381,0,0,0,0,0,0.2801454,0.2661381,0,0,4.737353,6.361656,0,0.2801454,-0.2801454,9.210481,65.78902,0.04568391,0.2927519,0,0,6.361656
12/4/2007 11:00:00 PM,0,0,42.73515,90,0,0,0.05435122,0.05435122,0,-1,0,0.05435122,0,0,6.938894E-18,0,0,0.05721181,0.05435122,0,0,5.048626,6.081511,0,0.05721181,-0.05721181,9.150174,65.35826,0.04568391,0.05978634,0,0,6.081511
12/5/2007 12:00:00 AM,0,0,-5.267919,90,0,0,0,0,0,-1,0,0,0,0,0,0,0,0,0,0,0,5.112195,6.024299,0,0,0,9.150174,65.35826,0.04568391,0,0,0,6.024299
12/5/2007 1:00:00 AM,0,0,-47.42669,90,0,0,0,0,0,-1,0,0,0,0,0,0,0,0,0,0,0,5.112195,6.024299,0,0,0,9.150174,65.35826,0.04568391,0,0,0,6.024299
12/5/2007 2:00:00 AM,0,0,-62.13944,90,0,0,0.0004193984,0.0004193984,0,-1,0,0.0004193984,0,0,5.421011E-20,0,0,0.000441472,0.0004193984,0,0,5.112195,6.024299,0,0.000441472,-0.000441472,9.149709,65.35493,0.04568391,0.0004613382,0,0,6.024299
12/5/2007 3:00:00 AM,0,0,-67.43947,90,0,0,0,0,0,-1,0,0,0,0,0,0,0,0,0,0,0,5.112685,6.023858,0,0,0,9.149709,65.35493,0.04568391,0,0,0,6.023858
12/5/2007 4:00:00 AM,0,0,-69.18588,90,0,0,0.3891394,0.3891394,0,-1,0,0.3891394,0,0,5.551115E-17,0,0,0.4096204,0.3891394,0,0,5.112685,6.023858,0,0.4096204,-0.4096204,8.717931,62.27081,0.04568391,0.4280533,0,0,6.023858
12/5/2007 5:00:00 AM,0,0,-69.06665,90,0,0,0.1320671,0.1320671,0,0,0,0.1320671,0,0,2.775558E-17,0,0,0.139018,0.1320671,0,0,5.567819,5.614237,0,0.139018,-0.139018,8.571393,61.22412,0.04568391,0.1452738,0,0,5.614237
12/5/2007 6:00:00 AM,0.00479049,0,-67.58465,90,0,0,0.1249368,0.1249368,0,0,0,0.1249368,0,0,0,0,0,0.1315124,0.1249368,0,0,5.722283,5.475219,0,0.1315124,-0.1315124,8.432767,60.23393,0.04568391,0.1374304,0,0,5.475219
12/5/2007 7:00:00 AM,0.02496808,11.34324,-64.74026,74.93419,0.024918,0.111832,0.7801297,0.7801297,0,0,0,0.7801297,14.33505,0,1.110223E-16,0,0.111832,0.8211892,0.7801297,0,0,5.868408,5.343707,0,0.7093573,-0.7093573,7.685039,54.89302,0.04568391,0.8581427,0.08946557,0,5.455539
12/5/2007 8:00:00 AM,0.147756,24.49447,-60.14773,61.27709,0.1478835,0.6637014,1.280414,1.280414,0,0,0,1.280414,51.83488,0,0,0,0.6637014,1.347805,1.280414,0,0,6.656583,4.63435,0,0.6841033,-0.6841033,6.963931,49.74226,0.04568391,1.408456,0.5309611,0,5.298051
12/5/2007 9:00:00 AM,0.09189967,36.88322,-52.90599,48.0504,0.09156828,0.4109584,0.9548171,0.9548171,0,-1,0,0.9548171,43.04054,0,0,0,0.4109584,1.005071,0.9548171,0,0,7.416698,3.950246,0,0.5941122,-0.5941122,6.337682,45.26906,0.04568391,1.050299,0.3287667,0,4.361205
12/5/2007 10:00:00 AM,0.4355441,47.79797,-41.29145,35.82284,0.4445961,1.995347,0.7355147,0.7355147,0,0,0,0.7355147,271.2859,0,0,0,1.995347,0.774226,0.7355147,0,0,8.076822,3.356134,1.221121,0,1.221121,7.496139,53.54374,0.04566235,0.8090661,1.596278,0,5.351481
12/5/2007 11:00:00 AM,0.6383341,55.77227,-22.84103,26.1121,0.6697442,3.005812,0,0,0,0,0,0,0,0,0,0,3.005812,0,0,0,0,6.855701,4.455143,3.005812,0,3.005812,10.3477,73.91201,0.04560938,0,2.404649,0,7.460955
12/5/2007 12:00:00 PM,0.3628502,58.47438,2.353671,22.50398,0.3633499,1.630714,0.9310226,0.9310226,0,0,0,0.9310226,175.153,0,0,0,1.630714,0.9800239,0.9310226,0,0,3.849889,7.160374,0.6506905,0,0.6506905,10.965,78.32129,0.04559794,1.024125,1.304572,0,8.791088
12/5/2007 1:00:00 PM,0.2972006,54.66955,26.69876,27.52378,0.2967875,1.331982,0.9985771,0.9985771,0,0,0,0.9985771,133.388,0,0,0,1.331982,1.051134,0.9985771,0,0,3.199198,7.745996,0.2808485,0,0.2808485,11.23144,80.2244,0.045593,1.098435,1.065586,0,9.077978
12/5/2007 2:00:00 PM,0.1418788,46.01921,43.78123,37.87453,0.1413936,0.6345745,0.6640404,0.6640404,0,-1,0,0.6640404,95.56263,0,0,0,0.6345745,0.6989899,0.6640404,0,0,2.91835,7.998759,0,0.06441545,-0.06441545,11.16354,79.7394,0.045593,0.7304445,0.5076596,0,8.633334
12/5/2007 3:00:00 PM,0.2344584,34.76369,54.44836,50.34908,0.2350797,1.055038,1.147763,1.147763,0,0,0,1.147763,91.92117,0,0,0,1.055038,1.208172,1.147763,0,0,2.989923,7.934344,0,0.1531344,-0.1531344,11.00212,78.58642,0.045593,1.26254,0.8440301,0,8.989382
12/5/2007 4:00:00 PM,0.295871,22.20193,61.1221,63.68019,0.3266555,1.46603,0,0,0,0,0,0,0,0,0,0,1.46603,0,0,0,0,3.160072,7.781209,1.46603,0,1.46603,12.39292,88.52067,0.04556723,0,1.172824,0,9.247239
12/5/2007 5:00:00 PM,0.1330978,8.958278,65.35644,77.38229,0.1722109,0.7728823,0.3499621,0.3499621,0,0,0,0.3499621,220.8474,0,0,0,0.7728823,0.3683812,0.3499621,0,0,1.694042,9.100636,0.4045012,0,0.4045012,12.77666,91.26169,0.04556012,0.3849583,0.6183059,0,9.873519
12/5/2007 6:00:00 PM,0.001711523,0,67.94233,90,0,0,0.979489,0.979489,0,0,0,0.979489,0,0,1.110223E-16,0,0,1.031041,0.979489,0,0,1.289541,9.464687,0,1.031041,-1.031041,11.68985,83.49876,0.04556012,1.077438,0,0,9.464687
12/5/2007 7:00:00 PM,0,0,69.19355,90,0,0,1.279076,1.279076,0,-1,0,1.279076,0,0,2.220446E-16,0,0,1.346396,1.279076,0,0,2.435142,8.433646,0,1.346396,-1.346396,10.27062,73.36145,0.04556012,1.406984,0,0,8.433646
12/5/2007 8:00:00 PM,0,0,69.03798,90,0,0,1.582838,1.582838,0,-1,0,1.582838,0,0,0,0,0,1.666145,1.582838,0,0,3.931138,7.08725,0,1.666145,-1.666145,8.514353,60.81668,0.04556012,1.741121,0,0,7.08725
12/5/2007 9:00:00 PM,0,0,66.84036,90,0,0,1.026605,1.026605,0,-1,0,1.026605,0,0,0,0,0,1.080637,1.026605,0,0,5.78241,5.421105,0,1.080637,-1.080637,7.375261,52.68033,0.04556012,1.129266,0,0,5.421105
12/5/2007 10:00:00 PM,0,0,60.51831,90,0,0,0.3497494,0.3497494,0,-1,0,0.3497494,0,0,0,0,0,0.3681573,0.3497494,0,0,6.983118,4.340468,0,0.3681573,-0.3681573,6.987189,49.90839,0.04556012,0.3847244,0,0,4.340468
12/5/2007 11:00:00 PM,0,0,42.65881,90,0,0,0.3131675,0.3131675,0,-1,0,0.3131675,0,0,5.551115E-17,0,0,0.32965,0.3131675,0,0,7.392181,3.972311,0,0.32965,-0.32965,6.639707,47.42638,0.04556012,0.3444843,0,0,3.972311
12/6/2007 12:00:00 AM,0,0,-4.839929,90,0,0,0.04885846,0.04885846,0,-1,0,0.04885846,0,0,6.938894E-18,0,0,0.05142995,0.04885846,0,0,7.75846,3.642661,0,0.05142995,-0.05142995,6.585495,47.03916,0.04556012,0.0537443,0,0,3.642661
12/6/2007 1:00:00 AM,0,0,-47.02002,90,0,0,0.380356,0.380356,0,-1,0,0.380356,0,0,5.551115E-17,0,0,0.4003747,0.380356,0,0,7.815604,3.591231,0,0.4003747,-0.4003747,6.163463,44.02465,0.04556012,0.4183916,0,0,3.591231
12/6/2007 2:00:00 AM,0,0,-61.8909,90,0,0,0.1417562,0.1417562,0,-1,0,0.1417562,0,0,0,0,0,0.1492171,0.1417562,0,0,8.260465,3.190856,0,0.1492171,-0.1492171,6.006175,42.90116,0.04556012,0.1559319,0,0,3.190856
12/6/2007 3:00:00 AM,0,0,-67.26723,90,0,0,0.2157674,0.2157674,0,-1,0,0.2157674,0,0,2.775558E-17,0,0,0.2271236,0.2157674,0,0,8.426261,3.041639,0,0.2271236,-0.2271236,5.766766,41.1911,0.04556012,0.2373441,0,0,3.041639
12/6/2007 4:00:00 AM,0,0,-69.05298,90,0,0,0.08921581,0.08921581,0,-1,0,0.08921581,0,0,1.387779E-17,0,0,0.09391137,0.08921581,0,0,8.67862,2.814515,0,0.09391137,-0.09391137,5.667774,40.48402,0.04556012,0.09813739,0,0,2.814515
12/6/2007 5:00:00 AM,0,0,-68.95625,90,0,0,0.02052025,0.02052025,0,0,0,0.02052025,0,0,3.469447E-18,0,0,0.02160027,0.02052025,0,0,8.782967,2.720604,0,0.02160027,-0.02160027,5.645005,40.32139,0.04556012,0.02257228,0,0,2.720604
12/6/2007 6:00:00 AM,0.008379685,0,-67.4883,90,0,0,0.3339901,0.3339901,0,0,0,0.3339901,0,0,0,0,0,0.3515685,0.3339901,0,0,8.806967,2.699004,0,0.3515685,-0.3515685,5.27442,37.67435,0.04556012,0.3673891,0,0,2.699004
12/6/2007 7:00:00 AM,0.1500917,11.22736,-64.65397,75.03638,0.1785155,0.8011774,0.821228,0.821228,0,0,0,0.821228,97.55848,1.110223E-16,0,0,0.8011774,0.8644505,0.821228,0,0,9.197598,2.347435,0,0.063273,-0.063273,5.207724,37.19796,0.04556012,0.9033507,0.640942,0,3.148613
12/6/2007 8:00:00 AM,0.3816153,24.36891,-60.07146,61.39036,0.4323501,1.940387,1.352293,1.352293,0,0,0,1.352293,143.4887,0,0,0,1.940387,1.423466,1.352293,0,0,9.267902,2.284162,0.5169213,0,0.5169213,5.698119,40.70077,0.04555104,1.487522,1.55231,0,4.224549
12/6/2007 9:00:00 AM,0.5210704,36.74792,-52.84628,48.17573,0.5659712,2.540079,2.08772,2.08772,0,-1,0,2.08772,121.6676,0,0,0,2.540079,2.197601,2.08772,0,0,8.75098,2.749392,0.3424783,0,0.3424783,6.023022,43.0215,0.04554503,2.296493,2.032063,0,5.28947
12/6/2007 10:00:00 AM,0.8555619,47.65522,-41.26978,35.96077,0.9335836,4.189923,0.4018181,0.4018181,0,0,0,0.4018181,1042.741,0,0,0,4.189923,0.4229664,0.4018181,0,0,8.408503,3.057622,3.766957,0,3.766957,9.596671,68.54752,0.04547901,0.4419999,3.351938,0,7.247545
12/6/2007 11:00:00 AM,0.9493055,55.63334,-22.9047,26.25466,1.028029,4.613793,0.2160014,0.2160014,0,0,0,0.2160014,2136.001,0,0,0,4.613793,0.2273699,0.2160014,0,0,4.641546,6.447883,4.386423,0,4.386423,13.758,98.27121,0.04540238,0.2376015,3.691034,0,11.06168
12/6/2007 12:00:00 PM,0.9553126,58.36685,2.172263,22.60997,1.032245,4.632717,0,0,0,0,0,0,0,4.377594,0,0,4.632717,0,0,0,0,0.2551229,10.39566,0.2551229,0,0.2551229,14.00003,100,0.04539793,0,3.706174,0,15.02838
12/6/2007 1:00:00 PM,0.9357778,54.61493,26.46946,27.5576,1.014178,4.55163,0.7480285,0.7480285,0,0,0,0.7480285,608.4835,3.764232,0,0,4.55163,0.7873985,0.7480285,0,0,0,10.62527,0,0,0,14.00003,100,0.04539793,0.8228314,3.641304,0,15.1769
12/6/2007 2:00:00 PM,0.8812244,46.0108,43.57497,37.85751,0.9640715,4.326753,0.6627663,0.6627663,0,-1,0,0.6627663,652.8323,3.629104,0,0,4.326753,0.6976488,0.6627663,0,0,0,10.62527,0,0,0,14.00003,100,0.04539793,0.7290429,3.461402,0,14.95203
12/6/2007 3:00:00 PM,0.5892885,34.7871,54.27601,50.30253,0.6545445,2.937596,0.8015702,0.8015702,0,0,0,0.8015702,366.4801,2.093837,0,0,2.937596,0.8437581,0.8015702,0,0,0,10.62527,0,0,0,14.00003,100,0.04539793,0.8817272,2.350076,0,13.56287
12/6/2007 4:00:00 PM,0.3675773,22.24716,60.97499,63.61462,0.4236894,1.901518,0.4222491,0.4222491,0,0,0,0.4222491,450.3308,1.457045,0,0,1.901518,0.4444728,0.4222491,0,0,0,10.62527,0,0,0,14.00003,100,0.04539793,0.4644741,1.521214,0,12.52679
12/6/2007 5:00:00 PM,0.1367006,9.019606,65.2251,77.30267,0.1782449,0.799963,1.773904,1.773904,0,0,0,1.773904,45.09619,0,0,0,0.799963,1.867267,1.773904,0,0,0,10.62527,0,1.067304,-1.067304,12.87499,91.96404,0.04539793,1.951294,0.6399704,0,11.42524
12/6/2007 6:00:00 PM,0.002577886,0,67.81917,90,0,0,1.927982,1.927982,0,0,0,1.927982,0,0,0,0,0,2.029455,1.927982,0,0,1.185893,9.55797,0,2.029455,-2.029455,10.73576,76.68383,0.04539793,2.12078,0,0,9.55797
12/6/2007 7:00:00 PM,0,0,69.0723,90,0,0,0.747964,0.747964,0,-1,0,0.747964,0,0,0,0,0,0.7873305,0.747964,0,0,3.440843,7.528515,0,0.7873305,-0.7873305,9.905838,70.75584,0.04539793,0.8227604,0,0,7.528515
12/6/2007 8:00:00 PM,0,0,68.91298,90,0,0,1.804443,1.804443,0,-1,0,1.804443,0,0,2.220446E-16,0,0,1.899414,1.804443,0,0,4.315655,6.741185,0,1.899414,-1.899414,7.90368,56.45475,0.04539793,1.984887,0,0,6.741185
12/6/2007 9:00:00 PM,0,0,66.70683,90,0,0,2.493254,2.493254,0,-1,0,2.493254,0,0,4.440892E-16,0,0,2.624478,2.493254,0,0,6.426115,4.841771,0,2.624478,-2.624478,5.137238,36.69448,0.04539793,2.74258,0,0,4.841771
12/6/2007 10:00:00 PM,0,0,60.38011,90,0,0,0.4110264,0.4110264,0,-1,0,0.4110264,0,0,5.551115E-17,0,0,0.4326594,0.4110264,0,0,9.342201,2.217293,0,0.4326594,-0.4326594,4.681174,33.43689,0.04539793,0.452129,0,0,2.217293
12/6/2007 11:00:00 PM,0,0,42.60194,90,0,0,0.1849967,0.1849967,0,-1,0,0.1849967,0,0,2.775558E-17,0,0,0.1947334,0.1849967,0,0,9.822934,1.784633,0,0.1947334,-0.1947334,4.475907,31.9707,0.04539793,0.2034964,0,0,1.784633
12/7/2007 12:00:00 AM,0,0,-4.41377,90,0,0,0.3541943,0.3541943,0,-1,0,0.3541943,0,0,0,0,0,0.3728361,0.3541943,0,0,10.0393,1.5899,0,0.3728361,-0.3728361,4.082904,29.16354,0.04539793,0.3896137,0,0,1.5899
12/7/2007 1:00:00 AM,0,0,-46.62508,90,0,0,0.3358117,0.3358117,0,-1,0,0.3358117,0,0,0,0,0,0.353486,0.3358117,0,0,10.45357,1.217064,0,0.353486,-0.353486,3.710297,26.50207,0.04539793,0.3693928,0,0,1.217064
12/7/2007 2:00:00 AM,0,0,-61.65224,90,0,0,0.2800023,0.2800023,0,-1,0,0.2800023,0,0,0,0,0,0.2947393,0.2800023,0,0,10.84633,0.863578,0,0.2947393,-0.2947393,3.399614,24.28291,0.04539793,0.3080025,0,0,0.863578
12/7/2007 3:00:00 AM,0,0,-67.10327,90,0,0,0.2390572,0.2390572,0,-1,0,0.2390572,0,0,0,0,0,0.2516392,0.2390572,0,0,11.17382,0.5688387,0,0.2516392,-0.2516392,3.134363,22.38826,0.04539793,0.2629629,0,0,0.5688387
12/7/2007 4:00:00 AM,0,0,-68.92742,90,0,0,0.4347104,0.3013396,0,-1,0,0.3013396,0,0,0.1333708,0.1768419,0,0.3171995,0.3013396,0,0,11.45342,0.3171995,0,0.3171995,-0.3171995,2.800006,20,0.04539793,0.4781814,0,0,0.3171995
12/7/2007 5:00:00 AM,0,0,-68.85274,90,0,0,0.4243794,0.4243794,3.929643,0,1.237792,0.4243794,0,0,0,0,0,0,0,3.505263,3.33,11.80586,0,3.33,0,3.33,5.959121,42.56506,0.04565175,0.4668173,0,5,0
12/7/2007 6:00:00 AM,0.01330807,0,-67.39874,90,0,0,0.3004887,0.3004887,3.805752,0,1.20397,0.3004887,0,0,0,0,0,0,0,3.505263,3.33,8.475861,2.997,3.33,0,3.33,9.118237,65.13013,0.04589053,0.3305376,0,5,2.997
12/7/2007 7:00:00 AM,0.2079365,11.11159,-64.5747,75.13947,0.2726617,1.223706,1.231859,1.231859,4.737123,0,1.458234,1.231859,99.33813,0,0,0,1.223706,0,0,3.505263,3.33,5.14586,5.994,4.553706,0,4.553706,13.43826,95.98739,0.04621517,1.355045,0.9789647,5,7.217706
12/7/2007 8:00:00 AM,0.4334427,24.2443,-60.00274,61.50377,0.4990839,2.239888,0.6126932,0.6126932,0,0,0,0.6126932,365.5808,1.002794,0,0,2.239888,0.6449402,0.6126932,0,0,0.5921543,10.09234,0.5921543,0,0.5921543,14.00003,100,0.0462047,0.6739625,1.791911,0,12.33222
12/7/2007 9:00:00 AM,0.5948643,36.6147,-52.79489,48.30016,0.6567934,2.947689,2.37266,2.37266,0,-1,0,2.37266,124.2356,0.4501513,0,0,2.947689,2.497537,2.37266,0,0,0,10.62527,0,0,0,14.00003,100,0.0462047,2.609926,2.358151,0,13.57296
12/7/2007 10:00:00 AM,0.7635174,47.51603,-41.25686,36.09625,0.8313934,3.731293,1.50833,1.50833,0,0,0,1.50833,247.379,2.143577,0,0,3.731293,1.587716,1.50833,0,0,0,10.62527,0,0,0,14.00003,100,0.0462047,1.659164,2.985035,0,14.35657
12/7/2007 11:00:00 AM,0.9431115,55.49974,-22.9754,26.39251,1.021667,4.58524,1.30308,1.30308,0,0,0,1.30308,351.8771,3.213577,0,0,4.58524,1.371663,1.30308,0,0,0,10.62527,0,0,0,14.00003,100,0.0462047,1.433388,3.668192,0,15.21051
12/7/2007 12:00:00 PM,0.7967042,58.26575,1.989368,22.70964,0.8535959,3.830939,0.7171734,0.7171734,0,0,0,0.7171734,534.1719,3.076019,0,0,3.830939,0.7549194,0.7171734,0,0,0,10.62527,0,0,0,14.00003,100,0.0462047,0.7888908,3.064751,0,14.45621
12/7/2007 1:00:00 PM,0.9477467,54.56649,26.24376,27.58579,1.027617,4.611946,0,0,0,0,0,0,0,4.611946,0,0,4.611946,0,0,0,0,0,10.62527,0,0,0,14.00003,100,0.0462047,0,3.689557,0,15.23722
12/7/2007 2:00:00 PM,0.7943933,46.00769,43.37422,37.83602,0.8683903,3.897335,0.6944558,0.6944558,0,-1,0,0.6944558,561.2072,3.166329,0,0,3.897335,0.7310061,0.6944558,0,0,0,10.62527,0,0,0,14.00003,100,0.0462047,0.7639014,3.117868,0,14.52261
12/7/2007 3:00:00 PM,0.5866348,34.81495,54.1096,50.25244,0.6515828,2.924304,1.681415,1.681415,0,0,0,1.681415,173.9192,1.154393,0,0,2.924304,1.76991,1.681415,0,0,0,10.62527,0,0,0,14.00003,100,0.0462047,1.849556,2.339443,0,13.54958
12/7/2007 4:00:00 PM,0.235684,22.29612,60.83389,63.54623,0.2476426,1.11142,0,0,0,0,0,0,0,1.11142,0,0,1.11142,0,0,0,0,0,10.62527,0,0,0,14.00003,100,0.0462047,0,0.8891359,0,11.73669
12/7/2007 5:00:00 PM,0.09895217,9.084036,65.09985,77.22086,0.1112913,0.4994751,0.6862197,0.6862197,0,0,0,0.6862197,72.78648,0,0,0,0.4994751,0.7223365,0.6862197,0,0,0,10.62527,0,0.2228614,-0.2228614,13.76511,98.32203,0.0462047,0.7548417,0.3995801,0,11.12475
12/7/2007 6:00:00 PM,0.003179974,0,67.70241,90,0,0,0.03009856,0.03009856,0,0,0,0.03009856,0,0,0,0,0,0.0316827,0.03009856,0,0,0.2476238,10.40241,0,0.0316827,-0.0316827,13.73172,98.08348,0.0462047,0.03310842,0,0,10.40241
12/7/2007 7:00:00 PM,0,0,68.95809,90,0,0,1.064521,1.064521,0,-1,0,1.064521,0,0,0,0,0,1.120549,1.064521,0,0,0.2828268,10.37073,0,1.120549,-1.120549,12.55055,89.64663,0.0462047,1.170974,0,0,10.37073
12/7/2007 8:00:00 PM,0,0,68.79619,90,0,0,2.636488,2.636488,0,-1,0,2.636488,0,0,4.440892E-16,0,0,2.77525,2.636488,0,0,1.527881,9.250181,0,2.77525,-2.77525,9.625182,68.75116,0.0462047,2.900137,0,0,9.250181
12/7/2007 9:00:00 PM,0,0,66.58361,90,0,0,0.3965306,0.3965306,0,-1,0,0.3965306,0,0,0,0,0,0.4174006,0.3965306,0,0,4.611493,6.474931,0,0.4174006,-0.4174006,9.185204,65.60846,0.0462047,0.4361836,0,0,6.474931
12/7/2007 10:00:00 PM,0,0,60.2561,90,0,0,0.07715324,0.07715324,0,-1,0,0.07715324,0,0,1.387779E-17,0,0,0.08121393,0.07715324,0,0,5.075271,6.05753,0,0.08121393,-0.08121393,9.099596,64.99699,0.0462047,0.08486856,0,0,6.05753
12/7/2007 11:00:00 PM,0,0,42.56398,90,0,0,0.2633247,0.2633247,0,-1,0,0.2633247,0,0,5.551115E-17,0,0,0.2771839,0.2633247,0,0,5.165509,5.976316,0,0.2771839,-0.2771839,8.807419,62.91001,0.0462047,0.2896571,0,0,5.976316
12/8/2007 12:00:00 AM,0,0,-3.989165,90,0,0,0.1263034,0.1263034,0,-1,0,0.1263034,0,0,2.775558E-17,0,0,0.1329509,0.1263034,0,0,5.473491,5.699132,0,0.1329509,-0.1329509,8.667276,61.90899,0.0462047,0.1389337,0,0,5.699132
12/8/2007 1:00:00 AM,0,0,-46.24179,90,0,0,0.1343767,0.1343767,0,-1,0,0.1343767,0,0,0,0,0,0.1414492,0.1343767,0,0,5.621214,5.566182,0,0.1414492,-0.1414492,8.518176,60.84399,0.0462047,0.1478144,0,0,5.566182
12/8/2007 2:00:00 AM,0,0,-61.42354,90,0,0,0,0,0,-1,0,0,0,0,0,0,0,0,0,0,0,5.77838,5.424732,0,0,0,8.518176,60.84399,0.0462047,0,0,0,5.424732
12/8/2007 3:00:00 AM,0,0,-66.94766,90,0,0,0,0,0,-1,0,0,0,0,0,0,0,0,0,0,0,5.77838,5.424732,0,0,0,8.518176,60.84399,0.0462047,0,0,0,5.424732
12/8/2007 4:00:00 AM,0,0,-68.80925,90,0,0,0.1239715,0.1239715,0,-1,0,0.1239715,0,0,2.775558E-17,0,0,0.1304963,0.1239715,0,0,5.77838,5.424732,0,0.1304963,-0.1304963,8.38062,59.86145,0.0462047,0.1363687,0,0,5.424732
12/8/2007 5:00:00 AM,0,0,-68.75613,90,0,0,0.03738577,0.03738577,0,0,0,0.03738577,0,0,6.938894E-18,0,0,0.03935344,0.03738577,0,0,5.923376,5.294236,0,0.03935344,-0.03935344,8.339138,59.56516,0.0462047,0.04112435,0,0,5.294236
12/8/2007 6:00:00 AM,0.0115449,0,-67.31599,90,0,0,0,0,0,0,0,0,0,0,0,0,0,0,0,0,0,5.967102,5.254883,0,0,0,8.339138,59.56516,0.0462047,0,0,0,5.254883
12/8/2007 7:00:00 AM,0.1984874,10.99603,-64.50246,75.2434,0.2601449,1.167531,0,0,0,0,0,0,0,0,0,0,1.167531,0,0,0,0,5.967102,5.254883,1.167531,0,1.167531,9.446755,67.47668,0.04618408,0,0.9340245,0,6.422413
12/8/2007 8:00:00 AM,0.4402588,24.12074,-59.94156,61.61722,0.5080277,2.280028,0.3853762,0.3853762,0,0,0,0.3853762,591.6371,0,0,0,2.280028,0.4056591,0.3853762,0,0,4.799571,6.30566,1.874369,0,1.874369,11.22494,80.17796,0.04615102,0.4239138,1.824023,0,8.585689
12/8/2007 9:00:00 AM,0.6814342,36.48362,-52.75173,48.42359,0.7570243,3.397525,1.174884,1.174884,0,-1,0,1.174884,289.1797,0,0,0,3.397525,1.23672,1.174884,0,0,2.925202,7.992592,2.160805,0,2.160805,13.27486,94.82022,0.04611296,1.292372,2.71802,0,11.39012
12/8/2007 10:00:00 AM,0.7775388,47.38048,-41.25255,36.22918,0.8478017,3.804934,0.4484261,0.4484261,0,0,0,0.4484261,848.5086,2.56851,0,0,3.804934,0.4720275,0.4484261,0,0,0.7643965,9.937317,0.7643965,0,0.7643965,14.00003,100,0.04609951,0.4932687,3.043947,0,13.74225
12/8/2007 11:00:00 AM,0.8609713,55.37149,-23.05298,26.52559,0.9313302,4.17981,0,0,0,0,0,0,0,4.17981,0,0,4.17981,0,0,0,0,0,10.62527,0,0,0,14.00003,100,0.04609951,0,3.343848,0,14.80508
12/8/2007 12:00:00 PM,0.9846554,58.1711,1.805046,22.80297,1.064988,4.779665,0.08443893,0.08443893,0,0,0,0.08443893,5660.499,4.690782,0,0,4.779665,0.08888309,0.08443893,0,0,0,10.62527,0,0,0,14.00003,100,0.04609951,0.09288283,3.823732,0,15.40494
12/8/2007 1:00:00 PM,0.8608786,54.52423,26.02166,27.60835,0.9322251,4.183826,0.7587551,0.7587551,0,0,0,0.7587551,551.4067,3.385137,0,0,4.183826,0.7986896,0.7587551,0,0,0,10.62527,0,0,0,14.00003,100,0.04609951,0.8346307,3.347061,0,14.8091
12/8/2007 2:00:00 PM,0.6238968,46.0099,43.17904,37.81006,0.6695039,3.004733,0,0,0,-1,0,0,0,3.004733,0,0,3.004733,0,0,0,0,0,10.62527,0,0,0,14.00003,100,0.04609951,0,2.403787,0,13.63001
12/8/2007 3:00:00 PM,0.5980074,34.84724,53.94917,50.19883,0.665132,2.985112,0.9311544,0.9311544,0,0,0,0.9311544,320.5819,2.00495,0,0,2.985112,0.9801625,0.9311544,0,0,0,10.62527,0,0,0,14.00003,100,0.04609951,1.02427,2.38809,0,13.61039
12/8/2007 4:00:00 PM,0.402867,22.34877,60.69882,63.47508,0.4687051,2.103549,1.206051,1.206051,0,0,0,1.206051,174.4163,0.8340216,0,0,2.103549,1.269527,1.206051,0,0,0,10.62527,0,0,0,14.00003,100,0.04609951,1.326656,1.682839,0,12.72882
12/8/2007 5:00:00 PM,0.1395704,9.151505,64.98074,77.13695,0.182176,0.817606,0.4431938,0.4431938,0,0,0,0.4431938,184.4805,0.3510862,0,0,0.817606,0.4665198,0.4431938,0,0,0,10.62527,0,0,0,14.00003,100,0.04609951,0.4875132,0.6540848,0,11.44288
12/8/2007 6:00:00 PM,0.002268613,0,67.59208,90,0,0,1.341741,1.341741,0,0,0,1.341741,0,0,0,0,0,1.412359,1.341741,0,0,0,10.62527,0,1.412359,-1.412359,12.51127,89.36604,0.04609951,1.475915,0,0,10.62527
12/8/2007 7:00:00 PM,0,0,68.85094,90,0,0,1.406349,1.406349,0,-1,0,1.406349,0,0,2.220446E-16,0,0,1.480368,1.406349,0,0,1.569288,9.212915,0,1.480368,-1.480368,10.95083,78.22003,0.04609951,1.546984,0,0,9.212915
12/8/2007 8:00:00 PM,0,0,68.6876,90,0,0,0.1850995,0.1850995,0,-1,0,0.1850995,0,0,2.775558E-17,0,0,0.1948416,0.1850995,0,0,3.214141,7.732547,0,0.1948416,-0.1948416,10.74545,76.75303,0.04609951,0.2036095,0,0,7.732547
12/8/2007 9:00:00 PM,0,0,66.47067,90,0,0,0.6139878,0.6139878,0,-1,0,0.6139878,0,0,1.110223E-16,0,0,0.6463029,0.6139878,0,0,3.430632,7.537706,0,0.6463029,-0.6463029,10.06418,71.88687,0.04609951,0.6753866,0,0,7.537706
12/8/2007 10:00:00 PM,0,0,60.14611,90,0,0,0.189207,0.189207,0,-1,0,0.189207,0,0,2.775558E-17,0,0,0.1991653,0.189207,0,0,4.148746,6.891403,0,0.1991653,-0.1991653,9.854243,70.38731,0.04609951,0.2081277,0,0,6.891403
12/8/2007 11:00:00 PM,0,0,42.54441,90,0,0,0.2634767,0.2634767,0,-1,0,0.2634767,0,0,5.551115E-17,0,0,0.2773439,0.2634767,0,0,4.370041,6.692237,0,0.2773439,-0.2773439,9.561897,68.29913,0.04609951,0.2898244,0,0,6.692237
12/9/2007 12:00:00 AM,0,0,-3.565851,90,0,0,0.1824324,0.1824324,0,-1,0,0.1824324,0,0,2.775558E-17,0,0,0.1920341,0.1824324,0,0,4.678201,6.414894,0,0.1920341,-0.1920341,9.359475,66.85326,0.04609951,0.2006757,0,0,6.414894
12/9/2007 1:00:00 AM,0,0,-45.87012,90,0,0,0,0,0,-1,0,0,0,0,0,0,0,0,0,0,0,4.891572,6.222859,0,0,0,9.359475,66.85326,0.04609951,0,0,0,6.222859
12/9/2007 2:00:00 AM,0,0,-61.20487,90,0,0,0.1931854,0.1931854,0,-1,0,0.1931854,0,0,2.775558E-17,0,0,0.203353,0.1931854,0,0,4.891572,6.222859,0,0.203353,-0.203353,9.145123,65.32217,0.04609951,0.2125039,0,0,6.222859
12/9/2007 3:00:00 AM,0,0,-66.80047,90,0,0,0.2339855,0.2339855,0,-1,0,0.2339855,0,0,2.775558E-17,0,0,0.2463006,0.2339855,0,0,5.11752,6.019506,0,0.2463006,-0.2463006,8.885499,63.46772,0.04609951,0.2573841,0,0,6.019506
12/9/2007 4:00:00 AM,0,0,-68.69852,90,0,0,0.2692344,0.2692344,0,-1,0,0.2692344,0,0,5.551115E-17,0,0,0.2834046,0.2692344,0,0,5.391187,5.773206,0,0.2834046,-0.2834046,8.586764,61.33391,0.04609951,0.2961578,0,0,5.773206
12/9/2007 5:00:00 AM,0,0,-68.66649,90,0,0,0.1849063,0.1849063,0,0,0,0.1849063,0,0,2.775558E-17,0,0,0.1946382,0.1849063,0,0,5.706081,5.489801,0,0.1946382,-0.1946382,8.381598,59.86843,0.04609951,0.2033969,0,0,5.489801
12/9/2007 6:00:00 AM,0.01084595,0,-67.24007,90,0,0,0.1373394,0.1373394,0,0,0,0.1373394,0,0,0,0,0,0.1445678,0.1373394,0,0,5.922346,5.295163,0,0.1445678,-0.1445678,8.22921,58.77995,0.04609951,0.1510734,0,0,5.295163
12/9/2007 7:00:00 AM,0.1857413,10.88075,-64.43724,75.34806,0.2418368,1.085363,2.606615,2.606615,0,0,0,2.606615,41.63881,0,0,0,1.085363,2.743805,2.606615,0,0,6.082977,5.150595,0,1.658442,-1.658442,6.481059,46.29318,0.04609951,2.867276,0.8682907,0,6.235959
12/9/2007 8:00:00 AM,0.3773679,23.99831,-59.88788,61.73062,0.4289651,1.925195,1.636994,1.636994,0,0,0,1.636994,117.6055,0,0,0,1.925195,1.723152,1.636994,0,0,7.92569,3.492154,0.2020437,0,0.2020437,6.672734,47.66229,0.04609596,1.800694,1.540156,0,5.417349
12/9/2007 9:00:00 AM,0.5839922,36.35479,-52.71674,48.54592,0.6448368,2.894027,0.7772219,0.7772219,0,-1,0,0.7772219,372.3554,0,0,0,2.894027,0.8181283,0.7772219,0,0,7.723646,3.673993,2.075899,0,2.075899,8.642105,61.7292,0.04605949,0.8549441,2.315222,0,6.56802
12/9/2007 10:00:00 AM,0.7573042,47.24864,-41.25674,36.35949,0.8251528,3.703286,0,0,0,0,0,0,0,0,0,0,3.703286,0,0,0,0,5.647747,5.542302,3.703286,0,3.703286,12.15535,86.82376,0.04599456,0,2.962629,0,9.245588
12/9/2007 11:00:00 AM,0.8454183,55.24866,-23.1373,26.65385,0.914108,4.102517,2.075568,2.075568,0,0,0,2.075568,197.6575,0,0,0,4.102517,2.184808,2.075568,0,0,1.944461,8.875259,1.917709,0,1.917709,13.97465,99.81872,0.04596101,2.283125,3.282014,0,12.97778
12/9/2007 12:00:00 PM,0.955814,58.08292,1.619356,22.88997,1.033823,4.639796,0.5257555,0.5257555,0,0,0,0.5257555,882.5007,4.059617,0,0,4.639796,0.5534269,0.5257555,0,0,0.02675238,10.6012,0.02675238,0,0.02675238,14.00003,100,0.04596054,0.5783311,3.711837,0,15.24099
12/9/2007 1:00:00 PM,0.9446136,54.48816,25.8032,27.62526,1.024791,4.599262,1.038694,1.038694,0,0,0,1.038694,442.7927,3.505899,0,0,4.599262,1.093362,1.038694,0,0,0,10.62527,0,0,0,14.00003,100,0.04596054,1.142564,3.679409,0,15.22454
12/9/2007 2:00:00 PM,0.7700117,46.01739,42.98946,37.77965,0.8415725,3.776977,1.141764,1.141764,0,-1,0,1.141764,330.8019,2.57512,0,0,3.776977,1.201857,1.141764,0,0,0,10.62527,0,0,0,14.00003,100,0.04596054,1.25594,3.021582,0,14.40225
12/9/2007 3:00:00 PM,0.61274,34.88392,53.7948,50.14174,0.682429,3.062742,1.856432,1.856432,0,0,0,1.856432,164.98,1.108603,0,0,3.062742,1.954139,1.856432,0,0,0,10.62527,0,0,0,14.00003,100,0.04596054,2.042075,2.450193,0,13.68802
12/9/2007 4:00:00 PM,0.3525316,22.40505,60.56985,63.40122,0.4034929,1.810876,0.6788797,0.6788797,0,0,0,0.6788797,266.7448,1.096266,0,0,1.810876,0.7146103,0.6788797,0,0,0,10.62527,0,0,0,14.00003,100,0.04596054,0.7467677,1.448701,0,12.43615
12/9/2007 5:00:00 PM,0.1097305,9.22195,64.86782,77.05099,0.1279185,0.5740982,0,0,0,0,0,0,0,0.5740982,0,0,0.5740982,0,0,0,0,0,10.62527,0,0,0,14.00003,100,0.04596054,0,0.4592786,0,11.19937
12/9/2007 6:00:00 PM,0.002220935,0,67.48821,90,0,0,0,0,0,0,0,0,0,0,0,0,0,0,0,0,0,0,10.62527,0,0,0,14.00003,100,0.04596054,0,0,0,10.62527
12/9/2007 7:00:00 PM,0,0,68.75088,90,0,0,0.9932087,0.9932087,0,-1,0,0.9932087,0,0,1.110223E-16,0,0,1.045483,0.9932087,0,0,0,10.62527,0,1.045483,-1.045483,12.89799,92.12833,0.04596054,1.09253,0,0,10.62527
12/9/2007 8:00:00 PM,0,0,68.58722,90,0,0,0,0,0,-1,0,0,0,0,0,0,0,0,0,0,0,1.161648,9.579791,0,0,0,12.89799,92.12833,0.04596054,0,0,0,9.579791
12/9/2007 9:00:00 PM,0,0,66.36796,90,0,0,0,0,0,-1,0,0,0,0,0,0,0,0,0,0,0,1.161648,9.579791,0,0,0,12.89799,92.12833,0.04596054,0,0,0,9.579791
12/9/2007 10:00:00 PM,0,0,60.04998,90,0,0,0.1997146,0.1997146,0,-1,0,0.1997146,0,0,2.775558E-17,0,0,0.2102259,0.1997146,0,0,1.161648,9.579791,0,0.2102259,-0.2102259,12.67639,90.54549,0.04596054,0.2196861,0,0,9.579791
12/9/2007 11:00:00 PM,0,0,42.54275,90,0,0,0.2647358,0.2647358,0,-1,0,0.2647358,0,0,0,0,0,0.2786692,0.2647358,0,0,1.395232,9.369565,0,0.2786692,-0.2786692,12.38265,88.44733,0.04596054,0.2912093,0,0,9.369565
12/10/2007 12:00:00 AM,0,0,-3.143576,90,0,0,0.4273624,0.4273624,0,-1,0,0.4273624,0,0,5.551115E-17,0,0,0.4498552,0.4273624,0,0,1.704864,9.090897,0,0.4498552,-0.4498552,11.90846,85.06028,0.04596054,0.4700987,0,0,9.090897
12/10/2007 1:00:00 AM,0,0,-45.51005,90,0,0,0.1597719,0.1597719,0,-1,0,0.1597719,0,0,2.775558E-17,0,0,0.168181,0.1597719,0,0,2.204704,8.641041,0,0.168181,-0.168181,11.73118,83.79401,0.04596054,0.1757491,0,0,8.641041
12/10/2007 2:00:00 AM,0,0,-60.99632,90,0,0,0,0,0,-1,0,0,0,0,0,0,0,0,0,0,0,2.391571,8.47286,0,0,0,11.73118,83.79401,0.04596054,0,0,0,8.47286
12/10/2007 3:00:00 AM,0,0,-66.66176,90,0,0,0.09353113,0.09353113,0,-1,0,0.09353113,0,0,1.387779E-17,0,0,0.09845382,0.09353113,0,0,2.391571,8.47286,0,0.09845382,-0.09845382,11.62741,83.05273,0.04596054,0.1028842,0,0,8.47286
12/10/2007 4:00:00 AM,0,0,-68.59527,90,0,0,0,0,0,-1,0,0,0,0,0,0,0,0,0,0,0,2.500964,8.374406,0,0,0,11.62741,83.05273,0.04596054,0,0,0,8.374406
12/10/2007 5:00:00 AM,0,0,-68.58381,90,0,0,0.2212492,0.2212492,0,0,0,0.2212492,0,0,2.775558E-17,0,0,0.2328939,0.2212492,0,0,2.500964,8.374406,0,0.2328939,-0.2328939,11.38191,81.29922,0.04596054,0.2433741,0,0,8.374406
12/10/2007 6:00:00 AM,0.009555029,0,-67.171,90,0,0,0.166837,0.166837,0,0,0,0.166837,0,0,0,0,0,0.1756179,0.166837,0,0,2.759735,8.141513,0,0.1756179,-0.1756179,11.1968,79.97695,0.04596054,0.1835207,0,0,8.141513
12/10/2007 7:00:00 AM,0.1665744,10.76584,-64.37904,75.45337,0.2115478,0.9494264,1.528697,1.528697,0,0,0,1.528697,62.10689,0,0,0,0.9494264,1.609155,1.528697,0,0,2.954866,7.965895,0,0.6597287,-0.6597287,10.50138,75.00971,0.04596054,1.681567,0.7595411,0,8.915321
12/10/2007 8:00:00 AM,0.4334881,23.87712,-59.84167,61.84386,0.5010999,2.248936,0.6087065,0.6087065,0,0,0,0.6087065,369.4615,0,0,0,2.248936,0.6407437,0.6087065,0,0,3.687898,7.306166,1.608193,0,1.608193,12.02705,85.9073,0.04593245,0.6695772,1.799149,0,9.555102
12/10/2007 9:00:00 AM,0.5343255,36.22829,-52.68985,48.66704,0.5845495,2.623458,0.4645723,0.4645723,0,-1,0,0.4645723,564.7039,0.05472906,0,0,2.623458,0.4890235,0.4645723,0,0,2.079705,8.753539,2.079705,0,2.079705,14.00003,100,0.04589617,0.5110296,2.098767,0,11.377
12/10/2007 10:00:00 AM,0.708149,47.12058,-41.2693,36.48708,0.7683694,3.448442,0.4401109,0.4401109,0,0,0,0.4401109,783.5393,2.985168,0,0,3.448442,0.4632747,0.4401109,0,0,0,10.62527,0,0,0,14.00003,100,0.04589617,0.484122,2.758754,0,14.07372
12/10/2007 11:00:00 AM,0.874748,55.13129,-23.22822,26.77725,0.9474946,4.252356,0.1764411,0.1764411,0,0,0,0.1764411,2410.072,4.066628,0,0,4.252356,0.1857274,0.1764411,0,0,0,10.62527,0,0,0,14.00003,100,0.04589617,0.1940852,3.401885,0,14.87763
12/10/2007 12:00:00 PM,0.9304079,58.00122,1.432355,22.9706,1.006342,4.516462,0,0,0,0,0,0,0,4.516462,0,0,4.516462,0,0,0,0,0,10.62527,0,0,0,14.00003,100,0.04589617,0,3.613169,0,15.14174
12/10/2007 1:00:00 PM,0.9622838,54.45827,25.5884,27.6365,1.044424,4.687377,0.2870254,0.2870254,0,0,0,0.2870254,1633.088,4.385245,0,0,4.687377,0.302132,0.2870254,0,0,0,10.62527,0,0,0,14.00003,100,0.04589617,0.3157279,3.749902,0,15.31265
12/10/2007 2:00:00 PM,0.8008429,46.03016,42.80554,37.74479,0.876229,3.932516,0.5529978,0.5529978,0,-1,0,0.5529978,711.1269,3.350413,0,0,3.932516,0.5821029,0.5529978,0,0,0,10.62527,0,0,0,14.00003,100,0.04589617,0.6082975,3.146013,0,14.55779
12/10/2007 3:00:00 PM,0.6005158,34.92496,53.64652,50.0812,0.6683071,2.999362,2.360748,2.360748,0,0,0,2.360748,127.0514,0.5143645,0,0,2.999362,2.484998,2.360748,0,0,0,10.62527,0,0,0,14.00003,100,0.04589617,2.596823,2.39949,0,13.62464
12/10/2007 4:00:00 PM,0.3924709,22.46491,60.44703,63.32471,0.4556428,2.044925,1.378813,1.378813,0,0,0,1.378813,148.3105,0.5935424,0,0,2.044925,1.451382,1.378813,0,0,0,10.62527,0,0,0,14.00003,100,0.04589617,1.516695,1.63594,0,12.6702
12/10/2007 5:00:00 PM,0.146738,9.295304,64.76112,76.96307,0.1936648,0.8691676,0,0,0,0,0,0,0,0.8691676,0,0,0.8691676,0,0,0,0,0,10.62527,0,0,0,14.00003,100,0.04589617,0,0.6953341,0,11.49444
12/10/2007 6:00:00 PM,0.002441407,0,67.39085,90,0,0,3.043279,3.043279,1.25,0,0.50625,3.043279,0,0,4.440892E-16,0,0,1.887662,1.793279,0,0,0,10.62527,0,1.887662,-1.887662,12.01026,85.78738,0.04589617,3.347606,0,5,10.62527
12/10/2007 7:00:00 PM,0,0,68.65791,90,0,0,1.072581,1.072581,0,-1,0,1.072581,0,0,2.220446E-16,0,0,1.129032,1.072581,0,0,2.097402,8.737613,0,1.129032,-1.129032,10.82015,77.28665,0.04589617,1.179839,0,0,8.737613
12/10/2007 8:00:00 PM,0,0,68.49505,90,0,0,0.5056327,0.5056327,0,-1,0,0.5056327,0,0,1.110223E-16,0,0,0.532245,0.5056327,0,0,3.351882,7.60858,0,0.532245,-0.532245,10.25912,73.27927,0.04589617,0.556196,0,0,7.60858
12/10/2007 9:00:00 PM,0,0,66.27543,90,0,0,2.589115,2.589115,0,-1,0,2.589115,0,0,0,0,0,2.725384,2.589115,0,0,3.943265,7.076335,0,2.725384,-2.725384,7.386311,52.75926,0.04589617,2.848027,0,0,7.076335
12/10/2007 10:00:00 PM,0,0,59.96752,90,0,0,0.4045967,0.4045967,0,-1,0,0.4045967,0,0,5.551115E-17,0,0,0.4258913,0.4045967,0,0,6.97147,4.350951,0,0.4258913,-0.4258913,6.937382,49.55263,0.04589617,0.4450564,0,0,4.350951
12/10/2007 11:00:00 PM,0,0,42.55853,90,0,0,0.1024228,0.1024228,0,-1,0,0.1024228,0,0,1.387779E-17,0,0,0.1078135,0.1024228,0,0,7.444683,3.92506,0,0.1078135,-0.1078135,6.823736,48.74088,0.04589617,0.1126651,0,0,3.92506
12/11/2007 12:00:00 AM,0,0,-2.722098,90,0,0,0.1208455,0.1208455,0,-1,0,0.1208455,0,0,1.387779E-17,0,0,0.1272057,0.1208455,0,0,7.564476,3.817246,0,0.1272057,-0.1272057,6.68965,47.78312,0.04589617,0.13293,0,0,3.817246
12/11/2007 1:00:00 AM,0,0,-45.16155,90,0,0,0.5488573,0.5488573,0,-1,0,0.5488573,0,0,0,0,0,0.5777446,0.5488573,0,0,7.705815,3.690041,0,0.5777446,-0.5777446,6.080654,43.43315,0.04589617,0.6037431,0,0,3.690041
12/11/2007 2:00:00 AM,0,0,-60.79795,90,0,0,0.09444193,0.09444193,0,-1,0,0.09444193,0,0,1.387779E-17,0,0,0.09941255,0.09444193,0,0,8.347754,3.112296,0,0.09941255,-0.09941255,5.975863,42.68465,0.04589617,0.1038861,0,0,3.112296
12/11/2007 3:00:00 AM,0,0,-66.53159,90,0,0,0.1400622,0.1400622,0,-1,0,0.1400622,0,0,2.775558E-17,0,0,0.1474339,0.1400622,0,0,8.458212,3.012883,0,0.1474339,-0.1474339,5.820455,41.57459,0.04589617,0.1540684,0,0,3.012883
12/11/2007 4:00:00 AM,0,0,-68.49955,90,0,0,0.1853495,0.1853495,0,-1,0,0.1853495,0,0,2.775558E-17,0,0,0.1951048,0.1853495,0,0,8.622027,2.865449,0,0.1951048,-0.1951048,5.614796,40.10561,0.04589617,0.2038845,0,0,2.865449
12/11/2007 5:00:00 AM,0,0,-68.50814,90,0,0,0.3351045,0.3351045,0,0,0,0.3351045,0,0,0,0,0,0.3527416,0.3351045,0,0,8.838811,2.670345,0,0.3527416,-0.3527416,5.242974,37.44974,0.04589617,0.368615,0,0,2.670345
12/11/2007 6:00:00 AM,0.008237193,0,-67.10876,90,0,0,0.07114494,0.07114494,0,0,0,0.07114494,0,0,1.387779E-17,0,0,0.07488941,0.07114494,0,0,9.230745,2.317603,0,0.07488941,-0.07488941,5.164033,36.88588,0.04589617,0.07825943,0,0,2.317603
12/11/2007 7:00:00 AM,0.1814276,10.65139,-64.32784,75.55923,0.2375514,1.066131,1.377274,1.377274,0,0,0,1.377274,77.40874,2.220446E-16,0,0,1.066131,1.449762,1.377274,0,0,9.313956,2.242714,0,0.3836316,-0.3836316,4.75965,33.99743,0.04589617,1.515002,0.8529046,0,3.308844
12/11/2007 8:00:00 AM,0.4407719,23.75724,-59.8029,61.95685,0.5104759,2.291016,0.6096753,0.6096753,0,0,0,0.6096753,375.7764,0,0,0,2.291016,0.6417635,0.6096753,0,0,9.740213,1.859082,1.649252,0,1.649252,6.324268,45.17326,0.04586743,0.6706429,1.832813,0,4.150098
12/11/2007 9:00:00 AM,0.6955611,36.10421,-52.67099,48.78687,0.7743452,3.475261,0,0,0,-1,0,0,0,0,0,0,3.475261,0,0,0,0,8.090961,3.343409,3.475261,0,3.475261,9.62119,68.72265,0.045807,0,2.780209,0,6.81867
12/11/2007 10:00:00 AM,0.8157891,46.99638,-41.29012,36.61185,0.8917569,4.002205,0.684634,0.684634,0,0,0,0.684634,584.5759,0,0,0,4.002205,0.7206673,0.684634,0,0,4.6157,6.471144,3.281538,0,3.281538,12.73433,90.95932,0.04575009,0.7530974,3.201764,0,10.47335
12/11/2007 11:00:00 AM,0.9898743,55.0194,-23.32562,26.89574,1.074334,4.82161,0,0,0,0,0,0,0,3.487448,0,0,4.82161,0,0,0,0,1.334162,9.424528,1.334162,0,1.334162,14.00003,100,0.04572699,0,3.857289,0,14.24614
12/11/2007 12:00:00 PM,1.046765,57.92601,1.2441,23.04487,1.133828,5.088621,0.6014592,0.6014592,0,0,0,0.6014592,846.0458,4.455505,0,0,5.088621,0.6331149,0.6014592,0,0,0,10.62527,0,0,0,14.00003,100,0.04572699,0.6616051,4.070897,0,15.71389
12/11/2007 1:00:00 PM,0.8929568,54.43458,25.3773,27.64207,0.9686639,4.347364,0.8167523,0.8167523,0,0,0,0.8167523,532.2745,3.487625,0,0,4.347364,0.8597392,0.8167523,0,0,0,10.62527,0,0,0,14.00003,100,0.04572699,0.8984275,3.477891,0,14.97264
12/11/2007 2:00:00 PM,0.7354092,46.04818,42.62733,37.70551,0.8023678,3.601027,0.8222763,0.8222763,0,-1,0,0.8222763,437.9339,2.735473,0,0,3.601027,0.865554,0.8222763,0,0,0,10.62527,0,0,0,14.00003,100,0.04572699,0.9045039,2.880821,0,14.2263
12/11/2007 3:00:00 PM,0.6097214,34.97033,53.5044,50.01725,0.6791355,3.04796,1.069781,1.069781,0,0,0,1.069781,284.9144,1.921875,0,0,3.04796,1.126085,1.069781,0,0,0,10.62527,0,0,0,14.00003,100,0.04572699,1.176759,2.438368,0,13.67323
12/11/2007 4:00:00 PM,0.4141074,22.5283,60.3304,63.2456,0.4824645,2.165301,1.222812,1.222812,0,0,0,1.222812,177.0755,0.87813,0,0,2.165301,1.287171,1.222812,0,0,0,10.62527,0,0,0,14.00003,100,0.04572699,1.345093,1.73224,0,12.79058
12/11/2007 5:00:00 PM,0.1721626,9.371502,64.66068,76.87325,0.235567,1.057225,1.243664,1.243664,0,0,0,1.243664,85.00887,0,2.220446E-16,0,1.057225,1.30912,1.243664,0,0,0,10.62527,0,0.2518952,-0.2518952,13.73451,98.10342,0.04572699,1.36803,0.8457796,0,11.6825
12/11/2007 6:00:00 PM,0.003377631,0,67.30002,90,0,0,0,0,0,0,0,0,0,0,0,0,0,0,0,0,0,0.2798836,10.37338,0,0,0,13.73451,98.10342,0.04572699,0,0,0,10.37338
12/11/2007 7:00:00 PM,0,0,68.57205,90,0,0,1.079978,1.079978,0,-1,0,1.079978,0,0,0,0,0,1.136819,1.079978,0,0,0.2798836,10.37338,0,1.136819,-1.136819,12.53619,89.54407,0.04572699,1.187976,0,0,10.37338
12/11/2007 8:00:00 PM,0,0,68.41107,90,0,0,0.2028369,0.2028369,0,-1,0,0.2028369,0,0,2.775558E-17,0,0,0.2135125,0.2028369,0,0,1.543016,9.23656,0,0.2135125,-0.2135125,12.31113,87.93649,0.04572699,0.2231206,0,0,9.23656
12/11/2007 9:00:00 PM,0,0,66.19302,90,0,0,3.475799,3.33,0,-1,0,3.33,0,0,0.1457993,0.4933792,0,3.505263,3.33,0,0,1.780252,9.023047,0,3.505263,-3.505263,8.616261,61.5446,0.04572699,3.823379,0,0,9.023047
12/11/2007 10:00:00 PM,0,0,59.89857,90,0,0,0.01628747,0.01628747,0,-1,0,0.01628747,0,0,3.469447E-18,0,0,0.01714471,0.01628747,0,0,5.674989,5.517785,0,0.01714471,-0.01714471,8.598189,61.41551,0.04572699,0.01791622,0,0,5.517785
12/11/2007 11:00:00 PM,0,0,42.59131,90,0,0,0.1248263,0.1248263,0,-1,0,0.1248263,0,0,1.387779E-17,0,0,0.1313961,0.1248263,0,0,5.694038,5.50064,0,0.1313961,-0.1313961,8.459685,60.4262,0.04572699,0.1373089,0,0,5.50064
12/12/2007 12:00:00 AM,0,0,-2.301183,90,0,0,0,0,0,-1,0,0,0,0,0,0,0,0,0,0,0,5.840034,5.369244,0,0,0,8.459685,60.4262,0.04572699,0,0,0,5.369244
12/12/2007 1:00:00 AM,0,0,-44.82463,90,0,0,0.3923012,0.3923012,0,-1,0,0.3923012,0,0,5.551115E-17,0,0,0.4129486,0.3923012,0,0,5.840034,5.369244,0,0.4129486,-0.4129486,8.0244,57.31702,0.04572699,0.4315313,0,0,5.369244
12/12/2007 2:00:00 AM,0,0,-60.60987,90,0,0,0.3836986,0.3836986,0,-1,0,0.3836986,0,0,5.551115E-17,0,0,0.4038932,0.3836986,0,0,6.298866,4.956295,0,0.4038932,-0.4038932,7.598659,54.27602,0.04572699,0.4220684,0,0,4.956295
12/12/2007 3:00:00 AM,0,0,-66.41005,90,0,0,0,0,0,-1,0,0,0,0,0,0,0,0,0,0,0,6.747636,4.552402,0,0,0,7.598659,54.27602,0.04572699,0,0,0,4.552402
12/12/2007 4:00:00 AM,0,0,-68.41141,90,0,0,0.1458478,0.1458478,0,-1,0,0.1458478,0,0,0,0,0,0.153524,0.1458478,0,0,6.747636,4.552402,0,0.153524,-0.153524,7.43683,53.12011,0.04572699,0.1604326,0,0,4.552402
12/12/2007 5:00:00 AM,0,0,-68.4395,90,0,0,0.02019054,0.02019054,0,0,0,0.02019054,0,0,3.469447E-18,0,0,0.0212532,0.02019054,0,0,6.918218,4.398878,0,0.0212532,-0.0212532,7.414427,52.96009,0.04572699,0.02220959,0,0,4.398878
12/12/2007 6:00:00 AM,0.008015321,0,-67.05339,90,0,0,0.308681,0.308681,0,0,0,0.308681,0,0,0,0,0,0.3249273,0.308681,0,0,6.941833,4.377625,0,0.3249273,-0.3249273,7.071924,50.51364,0.04572699,0.339549,0,0,4.377625
12/12/2007 7:00:00 AM,0.176558,10.5375,-64.28364,75.66556,0.2309618,1.036556,0.5389764,0.5389764,0,0,0,0.5389764,192.3195,0,0,0,1.036556,0.5673435,0.5389764,0,0,7.302863,4.052697,0.4692129,0,0.4692129,7.517058,53.69316,0.04571887,0.592874,0.8292452,0,5.089253
12/12/2007 8:00:00 AM,0.4058178,23.63877,-59.77153,62.0695,0.4679808,2.100298,0,0,0,0,0,0,0,0,0,0,2.100298,0,0,0,0,6.833651,4.474989,2.100298,0,2.100298,9.509576,67.92541,0.04568257,0,1.680238,0,6.575287
12/12/2007 9:00:00 AM,0.6968319,35.98262,-52.66008,48.90531,0.776214,3.483649,0.4862451,0.4862451,0,-1,0,0.4862451,716.4388,0,0,0,3.483649,0.5118369,0.4862451,0,0,4.733352,6.365257,2.971812,0,2.971812,12.32888,88.06328,0.0456313,0.5348696,2.786919,0,9.848906
12/12/2007 10:00:00 AM,0.8814381,46.87609,-41.31908,36.73375,0.9646728,4.329452,1.648048,1.648048,0,0,0,1.648048,262.7018,0.8331233,0,0,4.329452,1.734787,1.648048,0,0,1.761541,9.039887,1.761541,0,1.761541,14.00003,100,0.04560097,1.812853,3.463561,0,13.36934
12/12/2007 11:00:00 AM,0.9904302,54.91304,-23.42937,27.00928,1.075258,4.825758,0.6541188,0.6541188,0,0,0,0.6541188,737.7495,4.137212,0,0,4.825758,0.6885461,0.6541188,0,0,0,10.62527,0,0,0,14.00003,100,0.04560097,0.7195306,3.860606,0,15.45103
12/12/2007 12:00:00 PM,1.024015,57.85731,1.054648,23.11276,1.109207,4.978122,1.000113,1.000113,0,0,0,1.000113,497.7558,3.925371,0,0,4.978122,1.052751,1.000113,0,0,0,10.62527,0,0,0,14.00003,100,0.04560097,1.100125,3.982497,0,15.6034
12/12/2007 1:00:00 PM,0.9758821,54.41707,25.16993,27.64197,1.059806,4.756409,0.450156,0.450156,0,0,0,0.450156,1056.614,4.282561,0,0,4.756409,0.4738484,0.450156,0,0,0,10.62527,0,0,0,14.00003,100,0.04560097,0.4951716,3.805128,0,15.38168
12/12/2007 2:00:00 PM,0.8833588,46.07145,42.45489,37.66182,0.9679136,4.343997,0,0,0,-1,0,0,0,4.343997,0,0,4.343997,0,0,0,0,0,10.62527,0,0,0,14.00003,100,0.04560097,0,3.475197,0,14.96927
12/12/2007 3:00:00 PM,0.6824991,35.01999,53.3685,49.94994,0.7619205,3.419499,1.034622,1.034622,0,0,0,1.034622,330.507,2.330423,0,0,3.419499,1.089076,1.034622,0,0,0,10.62527,0,0,0,14.00003,100,0.04560097,1.138084,2.735599,0,14.04477
12/12/2007 4:00:00 PM,0.42676,22.59517,60.22002,63.16395,0.4976443,2.233428,0.6772243,0.6772243,0,0,0,0.6772243,329.7914,1.52056,0,0,2.233428,0.7128677,0.6772243,0,0,0,10.62527,0,0,0,14.00003,100,0.04560097,0.7449468,1.786742,0,12.8587
12/12/2007 5:00:00 PM,0.1522644,9.450474,64.56654,76.78159,0.2018657,0.9059734,1.13463,1.13463,0,0,0,1.13463,79.84748,2.220446E-16,0,0,0.9059734,1.194347,1.13463,0,0,0,10.62527,0,0.2883739,-0.2883739,13.69606,97.82877,0.04560097,1.248093,0.7247787,0,11.53125
12/12/2007 6:00:00 PM,0.002832196,0,67.21575,90,0,0,0,0,0,0,0,0,0,0,0,0,0,0,0,0,0,0.3204154,10.3369,0,0,0,13.69606,97.82877,0.04560097,0,0,0,10.3369
12/12/2007 7:00:00 PM,0,0,68.49333,90,0,0,0.9666985,0.9666985,0,-1,0,0.9666985,0,0,0,0,0,1.017577,0.9666985,0,0,0.3204154,10.3369,0,1.017577,-1.017577,12.62343,90.16721,0.04560097,1.063368,0,0,10.3369
12/12/2007 8:00:00 PM,0,0,68.3353,90,0,0,0.5137889,0.5137889,0,-1,0,0.5137889,0,0,0,0,0,0.5408304,0.5137889,0,0,1.451057,9.319323,0,0.5408304,-0.5408304,12.05335,86.09518,0.04560097,0.5651678,0,0,9.319323
12/12/2007 9:00:00 PM,0,0,66.1207,90,0,0,0.8618337,0.8618337,0,-1,0,0.8618337,0,0,1.110223E-16,0,0,0.9071934,0.8618337,0,0,2.05198,8.778493,0,0.9071934,-0.9071934,11.09708,79.26472,0.04560097,0.9480171,0,0,8.778493
12/12/2007 10:00:00 PM,0,0,59.84297,90,0,0,0.3443826,0.3443826,0,-1,0,0.3443826,0,0,5.551115E-17,0,0,0.362508,0.3443826,0,0,3.059972,7.871299,0,0.362508,-0.362508,10.71497,76.53532,0.04560097,0.3788208,0,0,7.871299
12/12/2007 11:00:00 PM,0,0,42.64069,90,0,0,0.2173333,0.2173333,0,-1,0,0.2173333,0,0,2.775558E-17,0,0,0.2287719,0.2173333,0,0,3.462759,7.508791,0,0.2287719,-0.2287719,10.47382,74.81285,0.04560097,0.2390667,0,0,7.508791
12/13/2007 12:00:00 AM,0,0,-1.880605,90,0,0,0.1375156,0.1375156,0,-1,0,0.1375156,0,0,2.775558E-17,0,0,0.1447533,0.1375156,0,0,3.71695,7.280019,0,0.1447533,-0.1447533,10.32124,73.72297,0.04560097,0.1512672,0,0,7.280019
12/13/2007 1:00:00 AM,0,0,-44.49928,90,0,0,0,0,0,-1,0,0,0,0,0,0,0,0,0,0,0,3.877787,7.135266,0,0,0,10.32124,73.72297,0.04560097,0,0,0,7.135266
12/13/2007 2:00:00 AM,0,0,-60.43217,90,0,0,0,0,0,-1,0,0,0,0,0,0,0,0,0,0,0,3.877787,7.135266,0,0,0,10.32124,73.72297,0.04560097,0,0,0,7.135266
12/13/2007 3:00:00 AM,0,0,-66.29718,90,0,0,0.2110664,0.2110664,0,-1,0,0.2110664,0,0,2.775558E-17,0,0,0.2221752,0.2110664,0,0,3.877787,7.135266,0,0.2221752,-0.2221752,10.08704,72.05016,0.04560097,0.2321731,0,0,7.135266
12/13/2007 4:00:00 AM,0,0,-68.33088,90,0,0,0.10623,0.10623,0,-1,0,0.10623,0,0,1.387779E-17,0,0,0.1118211,0.10623,0,0,4.124648,6.913091,0,0.1118211,-0.1118211,9.969173,71.20824,0.04560097,0.116853,0,0,6.913091
12/13/2007 5:00:00 AM,0,0,-68.37791,90,0,0,0.2650523,0.2650523,0,0,0,0.2650523,0,0,0,0,0,0.2790024,0.2650523,0,0,4.248894,6.80127,0,0.2790024,-0.2790024,9.675079,69.10757,0.04560097,0.2915575,0,0,6.80127
12/13/2007 6:00:00 AM,0.007521047,0,-67.00488,90,0,0,0.2786414,0.2786414,0,0,0,0.2786414,0,0,5.551115E-17,0,0,0.2933067,0.2786414,0,0,4.558897,6.522267,0,0.2933067,-0.2933067,9.365907,66.8992,0.04560097,0.3065056,0,0,6.522267
12/13/2007 7:00:00 AM,0.1451828,10.42424,-64.24641,75.77226,0.1783364,0.8003737,0.8595281,0.8595281,0,0,0,0.8595281,93.1178,0,0,0,0.8003737,0.9047664,0.8595281,0,0,4.884793,6.228961,0,0.1043928,-0.1043928,9.255867,66.1132,0.04560097,0.9454809,0.6402989,0,7.029334
12/13/2007 8:00:00 AM,0.3663217,23.52179,-59.74752,62.18172,0.4170358,1.871657,0.4483744,0.4483744,0,0,0,0.4483744,417.4317,0,0,0,1.871657,0.471973,0.4483744,0,0,5.000785,6.124568,1.399684,0,1.399684,10.58372,75.59788,0.0455769,0.4932118,1.497325,0,7.996224
12/13/2007 9:00:00 AM,0.547367,35.86362,-52.65706,49.02227,0.6021362,2.702387,1.182248,1.182248,0,-1,0,1.182248,228.5803,0,0,0,2.702387,1.244472,1.182248,0,0,3.601101,7.384283,1.457915,0,1.457915,11.96682,85.47714,0.04555185,1.300473,2.16191,0,10.08667
12/13/2007 10:00:00 AM,0.6066787,46.75978,-41.35607,36.85268,0.6475986,2.906423,0.4980233,0.4980233,0,0,0,0.4980233,583.5917,0.2390017,0,0,2.906423,0.524235,0.4980233,0,0,2.143186,8.696407,2.143186,0,2.143186,14.00003,100,0.04551508,0.5478256,2.325138,0,11.60283
12/13/2007 11:00:00 AM,0.6118594,54.81223,-23.53936,27.11782,0.6403844,2.874045,0.4093785,0.4093785,0,0,0,0.4093785,702.0508,2.44312,0,0,2.874045,0.4309247,0.4093785,0,0,0,10.62527,0,0,0,14.00003,100,0.04551508,0.4503164,2.299236,0,13.49932
12/13/2007 12:00:00 PM,0.7225766,57.79512,0.8640527,23.17427,0.7676485,3.445207,0,0,0,0,0,0,0,3.445207,0,0,3.445207,0,0,0,0,0,10.62527,0,0,0,14.00003,100,0.04551508,0,2.756165,0,14.07048
12/13/2007 1:00:00 PM,0.7430106,54.40575,24.96633,27.63618,0.7970418,3.577123,0.9213606,0.9213606,0,0,0,0.9213606,388.2436,2.60727,0,0,3.577123,0.9698532,0.9213606,0,0,0,10.62527,0,0,0,14.00003,100,0.04551508,1.013497,2.861699,0,14.2024
12/13/2007 2:00:00 PM,0.5490765,46.09994,42.28826,37.61373,0.5791703,2.599316,0.6229711,0.6229711,0,-1,0,0.6229711,417.2451,1.943557,0,0,2.599316,0.655759,0.6229711,0,0,0,10.62527,0,0,0,14.00003,100,0.04551508,0.6852682,2.079453,0,13.22459
12/13/2007 3:00:00 PM,0.3948598,35.0739,53.23888,49.87931,0.4143409,1.859562,1.879653,1.879653,0,0,0,1.879653,98.93117,0,0,0,1.859562,1.978582,1.879653,0,0,0,10.62527,0,0.1190194,-0.1190194,13.87457,99.10387,0.04551508,2.067618,1.48765,0,12.48484
12/13/2007 4:00:00 PM,0.2430049,22.66545,60.11595,63.07983,0.2560385,1.149101,1.427376,1.427376,0,0,0,1.427376,80.50446,0,0,0,1.149101,1.502501,1.427376,0,0,0.1322437,10.50626,0,0.3533996,-0.3533996,13.50206,96.44305,0.04551508,1.570113,0.9192808,0,11.65536
12/13/2007 5:00:00 PM,0.1409376,9.53215,64.47876,76.68817,0.1806156,0.810603,0,0,0,0,0,0,0,0.2856931,0,0,0.810603,0,0,0,0,0.5249099,10.15285,0.5249099,0,0.5249099,14.00003,100,0.04550608,0,0.6484824,0,10.96346
12/13/2007 6:00:00 PM,0.004958434,0,67.13807,90,0,0,0.5750651,0.5750651,0,0,0,0.5750651,0,0,1.110223E-16,0,0,0.6053317,0.5750651,0,0,0,10.62527,0,0.6053317,-0.6053317,13.36195,95.44233,0.04550608,0.6325716,0,0,10.62527
12/13/2007 7:00:00 PM,0,0,68.42176,90,0,0,0.4809197,0.4809197,0,-1,0,0.4809197,0,0,0,0,0,0.5062313,0.4809197,0,0,0.6725908,10.01994,0,0.5062313,-0.5062313,12.82834,91.6308,0.04550608,0.5290117,0,0,10.01994
12/13/2007 8:00:00 PM,0,0,68.2677,90,0,0,1.619559,1.619559,0,-1,0,1.619559,0,0,0,0,0,1.704799,1.619559,0,0,1.23507,9.513711,0,1.704799,-1.704799,11.03132,78.795,0.04550608,1.781515,0,0,9.513711
12/13/2007 9:00:00 PM,0,0,66.0584,90,0,0,0.5112308,0.5112308,0,-1,0,0.5112308,0,0,0,0,0,0.5381377,0.5112308,0,0,3.129291,7.808912,0,0.5381377,-0.5381377,10.46408,74.74324,0.04550608,0.5623539,0,0,7.808912
12/13/2007 10:00:00 PM,0,0,59.80053,90,0,0,0.05590553,0.05590553,0,-1,0,0.05590553,0,0,6.938894E-18,0,0,0.05884793,0.05590553,0,0,3.727222,7.270775,0,0.05884793,-0.05884793,10.40204,74.30016,0.04550608,0.06149609,0,0,7.270775
12/13/2007 11:00:00 PM,0,0,42.70628,90,0,0,0.13653,0.13653,0,-1,0,0.13653,0,0,2.775558E-17,0,0,0.1437158,0.13653,0,0,3.792608,7.211926,0,0.1437158,-0.1437158,10.25055,73.21809,0.04550608,0.150183,0,0,7.211926
12/14/2007 12:00:00 AM,0,0,-1.460142,90,0,0,0.4344226,0.4344226,0,-1,0,0.4344226,0,0,5.551115E-17,0,0,0.457287,0.4344226,0,0,3.952293,7.068211,0,0.457287,-0.457287,9.768531,69.77509,0.04550608,0.4778649,0,0,7.068211
12/14/2007 1:00:00 AM,0,0,-44.18553,90,0,0,0,0,0,-1,0,0,0,0,0,0,0,0,0,0,0,4.460389,6.610924,0,0,0,9.768531,69.77509,0.04550608,0,0,0,6.610924
12/14/2007 2:00:00 AM,0,0,-60.26493,90,0,0,0.4019124,0.4019124,0,-1,0,0.4019124,0,0,5.551115E-17,0,0,0.4230657,0.4019124,0,0,4.460389,6.610924,0,0.4230657,-0.4230657,9.322581,66.58973,0.04550608,0.4421036,0,0,6.610924
12/14/2007 3:00:00 AM,0,0,-66.19307,90,0,0,0.1845244,0.1845244,0,-1,0,0.1845244,0,0,2.775558E-17,0,0,0.1942362,0.1845244,0,0,4.930462,6.187858,0,0.1942362,-0.1942362,9.117838,65.12728,0.04550608,0.2029769,0,0,6.187858
12/14/2007 4:00:00 AM,0,0,-68.25801,90,0,0,0,0,0,-1,0,0,0,0,0,0,0,0,0,0,0,5.14628,5.993622,0,0,0,9.117838,65.12728,0.04550608,0,0,0,5.993622
12/14/2007 5:00:00 AM,0,0,-68.32339,90,0,0,0.5674446,0.5674446,0,0,0,0.5674446,0,0,1.110223E-16,0,0,0.5973101,0.5674446,0,0,5.14628,5.993622,0,0.5973101,-0.5973101,8.488218,60.63,0.04550608,0.624189,0,0,5.993622
12/14/2007 6:00:00 AM,0.007080606,0,-66.96325,90,0,0,0.5661983,0.5661983,0,0,0,0.5661983,0,0,1.110223E-16,0,0,0.5959982,0.5661983,0,0,5.809958,5.396312,0,0.5959982,-0.5959982,7.859981,56.1426,0.04550608,0.6228181,0,0,5.396312
12/14/2007 7:00:00 AM,0.1669297,10.31169,-64.21617,75.87926,0.2175411,0.9763243,0,0,0,0,0,0,0,0,0,0,0.9763243,0,0,0,0,6.472178,4.800314,0.9763243,0,0.9763243,8.786203,62.75847,0.04548935,0,0.7810594,0,5.776638
12/14/2007 8:00:00 AM,0.416486,23.40639,-59.73085,62.29341,0.4825936,2.16588,1.642028,1.642028,0,0,0,1.642028,131.9028,0,0,0,2.16588,1.72845,1.642028,0,0,5.495854,5.679006,0.4374298,0,0.4374298,9.201185,65.72263,0.04548186,1.806231,1.732704,0,7.844886
12/14/2007 9:00:00 AM,0.6208376,35.74728,-52.66185,49.13766,0.6907639,3.100148,0.4317935,0.4317935,0,-1,0,0.4317935,717.97,0,0,0,3.100148,0.4545195,0.4317935,0,0,5.058424,6.072692,2.645629,0,2.645629,11.71105,83.65018,0.04543661,0.4749729,2.480119,0,9.172841
12/14/2007 10:00:00 AM,0.7324871,46.64752,-41.40098,36.96858,0.7983235,3.582876,0.3228972,0.3228972,0,0,0,0.3228972,1109.603,0.8301888,0,0,3.582876,0.3398918,0.3228972,0,0,2.412795,8.453758,2.412795,0,2.412795,14.00003,100,0.04539543,0.355187,2.866301,0,12.03663
12/14/2007 11:00:00 AM,0.9674458,54.71703,-23.65545,27.22135,1.050593,4.71506,0.676706,0.676706,0,0,0,0.676706,696.7664,4.002738,0,0,4.71506,0.7123221,0.676706,0,0,0,10.62527,0,0,0,14.00003,100,0.04539543,0.7443766,3.772048,0,15.34033
12/14/2007 12:00:00 PM,0.9680802,57.73945,0.67237,23.22939,1.048475,4.705554,1.432615,1.432615,0,0,0,1.432615,328.459,3.197538,0,0,4.705554,1.508016,1.432615,0,0,0,10.62527,0,0,0,14.00003,100,0.04539543,1.575877,3.764443,0,15.33083
12/14/2007 1:00:00 PM,0.7663594,54.40062,24.76653,27.62471,0.8246809,3.701168,0,0,0,0,0,0,0,3.701168,0,0,3.701168,0,0,0,0,0,10.62527,0,0,0,14.00003,100,0.04539543,0,2.960934,0,14.32644
12/14/2007 2:00:00 PM,0.6896244,46.13363,42.12752,37.56128,0.7489274,3.361186,1.504618,1.504618,0,-1,0,1.504618,223.3913,1.777377,0,0,3.361186,1.583808,1.504618,0,0,0,10.62527,0,0,0,14.00003,100,0.04539543,1.65508,2.688949,0,13.98646
12/14/2007 3:00:00 PM,0.6732337,35.13202,53.11559,49.8054,0.7515605,3.373004,0.6118641,0.6118641,0,0,0,0.6118641,551.2668,2.728936,0,0,3.373004,0.6440675,0.6118641,0,0,0,10.62527,0,0,0,14.00003,100,0.04539543,0.6730506,2.698403,0,13.99828
12/14/2007 4:00:00 PM,0.338816,22.73909,60.01822,62.99329,0.3837816,1.722412,0.8506655,0.8506655,0,0,0,0.8506655,202.4782,0.8269747,0,0,1.722412,0.8954373,0.8506655,0,0,0,10.62527,0,0,0,14.00003,100,0.04539543,0.935732,1.37793,0,12.34769
12/14/2007 5:00:00 PM,0.1117435,9.616462,64.39736,76.59308,0.1284438,0.5764557,1.122658,1.122658,0,0,0,1.122658,51.3474,0,0,0,0.5764557,1.181745,1.122658,0,0,0,10.62527,0,0.6052895,-0.6052895,13.362,95.44264,0.04539543,1.234924,0.4611645,0,11.20173
12/14/2007 6:00:00 PM,0.005575326,0,67.06701,90,0,0,1.421624,1.421624,0,0,0,1.421624,0,0,0,0,0,1.496446,1.421624,0,0,0.6725439,10.01998,0,1.496446,-1.496446,11.7846,84.17558,0.04539543,1.563787,0,0,10.01998
12/14/2007 7:00:00 PM,0,0,68.35734,90,0,0,0.04771456,0.04771456,0,-1,0,0.04771456,0,0,6.938894E-18,0,0,0.05022585,0.04771456,0,0,2.335262,8.523539,0,0.05022585,-0.05022585,11.73166,83.79741,0.04539543,0.05248602,0,0,8.523539
12/14/2007 8:00:00 PM,0,0,68.20827,90,0,0,1.977445,1.977445,0,-1,0,1.977445,0,0,2.220446E-16,0,0,2.081522,1.977445,0,0,2.391069,8.473312,0,2.081522,-2.081522,9.537544,68.12518,0.04539543,2.17519,0,0,8.473312
12/14/2007 9:00:00 PM,0,0,66.00605,90,0,0,1.398518,1.398518,0,-1,0,1.398518,0,0,0,0,0,1.472124,1.398518,0,0,4.703871,6.391791,0,1.472124,-1.472124,7.985789,57.04124,0.04539543,1.53837,0,0,6.391791
12/14/2007 10:00:00 PM,0,0,59.77111,90,0,0,0.1459506,0.1459506,0,-1,0,0.1459506,0,0,0,0,0,0.1536323,0.1459506,0,0,6.339564,4.919666,0,0.1536323,-0.1536323,7.823846,55.88451,0.04539543,0.1605457,0,0,4.919666
12/14/2007 11:00:00 PM,0,0,42.7877,90,0,0,0.385411,0.385411,0,-1,0,0.385411,0,0,0,0,0,0.4056958,0.385411,0,0,6.510267,4.766034,0,0.4056958,-0.4056958,7.396205,52.82993,0.04539543,0.4239521,0,0,4.766034
12/15/2007 12:00:00 AM,0,0,-1.03958,90,0,0,0.3356887,0.3356887,0,-1,0,0.3356887,0,0,5.551115E-17,0,0,0.3533565,0.3356887,0,0,6.96104,4.360338,0,0.3533565,-0.3533565,7.023735,50.16944,0.04539543,0.3692576,0,0,4.360338
12/15/2007 1:00:00 AM,0,0,-43.88342,90,0,0,0.304582,0.304582,0,-1,0,0.304582,0,0,0,0,0,0.3206126,0.304582,0,0,7.353658,4.006982,0,0.3206126,-0.3206126,6.68578,47.75547,0.04539543,0.3350402,0,0,4.006982
12/15/2007 2:00:00 AM,0,0,-60.10826,90,0,0,0.1517054,0.1517054,0,-1,0,0.1517054,0,0,2.775558E-17,0,0,0.1596899,0.1517054,0,0,7.709895,3.686369,0,0.1596899,-0.1596899,6.517452,46.55313,0.04539543,0.166876,0,0,3.686369
12/15/2007 3:00:00 AM,0,0,-66.09778,90,0,0,0.2587138,0.2587138,0,-1,0,0.2587138,0,0,5.551115E-17,0,0,0.2723303,0.2587138,0,0,7.887328,3.526679,0,0.2723303,-0.2723303,6.230391,44.5027,0.04539543,0.2845851,0,0,3.526679
12/15/2007 4:00:00 AM,0,0,-68.19285,90,0,0,0.2575621,0.2575621,0,-1,0,0.2575621,0,0,0,0,0,0.271118,0.2575621,0,0,8.189917,3.254349,0,0.271118,-0.271118,5.944607,42.4614,0.04539543,0.2833183,0,0,3.254349
12/15/2007 5:00:00 AM,0,0,-68.27598,90,0,0,0.1276515,0.1276515,0,0,0,0.1276515,0,0,2.775558E-17,0,0,0.13437,0.1276515,0,0,8.491159,2.983231,0,0.13437,-0.13437,5.802969,41.44969,0.04539543,0.1404167,0,0,2.983231
12/15/2007 6:00:00 AM,0.008020322,0,-66.92848,90,0,0,0,0,0,0,0,0,0,0,0,0,0,0,0,0,0,8.640459,2.848861,0,0,0,5.802969,41.44969,0.04539543,0,0,0,2.848861
12/15/2007 7:00:00 AM,0.1777408,10.19996,-64.19288,75.98647,0.2366992,1.062306,0.878995,0.878995,0,0,0,0.878995,120.8546,0,0,0,1.062306,0.9252579,0.878995,0,0,8.640459,2.848861,0.137048,0,0.137048,5.932984,42.37837,0.04539309,0.9668944,0.8498447,0,3.911167
12/15/2007 8:00:00 AM,0.4538399,23.29266,-59.72146,62.40449,0.5279946,2.36964,1.099347,1.099347,0,0,0,1.099347,215.5497,0,0,0,2.36964,1.157208,1.099347,0,0,8.503411,2.972204,1.212432,0,1.212432,7.083198,50.59417,0.04537243,1.209282,1.895712,0,5.341844
12/15/2007 9:00:00 AM,0.6458008,35.63367,-52.67439,49.25139,0.71977,3.230328,0.5953475,0.5953475,0,-1,0,0.5953475,542.5953,0,0,0,3.230328,0.6266816,0.5953475,0,0,7.290979,4.063393,2.603646,0,2.603646,9.553233,68.23724,0.04532811,0.6548823,2.584262,0,7.293721
12/15/2007 10:00:00 AM,0.8884985,46.53936,-41.4537,37.08136,0.9734565,4.368873,0.0362328,0.0362328,0,0,0,0.0362328,12057.78,0,0,0,4.368873,0.03813979,0.0362328,0,0,4.687333,6.406674,4.330733,0,4.330733,13.66173,97.58357,0.04525459,0.03985608,3.495098,0,10.77555
12/15/2007 11:00:00 AM,0.9113595,54.62744,-23.77755,27.31981,0.9893335,4.440129,0.9965813,0.9965813,0,0,0,0.9965813,445.536,3.034496,0,0,4.440129,1.049033,0.9965813,0,0,0.3566,10.30433,0.3566,0,0.3566,14.00003,100,0.04524855,1.096239,3.552103,0,14.74446
12/15/2007 12:00:00 PM,0.9292841,57.69031,0.4796531,23.27812,1.006212,4.515881,0,0,0,0,0,0,0,4.515881,0,0,4.515881,0,0,0,0,0,10.62527,0,0,0,14.00003,100,0.04524855,0,3.612705,0,15.14116
12/15/2007 1:00:00 PM,0.9513642,54.40165,24.57059,27.60756,1.033408,4.637935,0.5683265,0.5683265,0,0,0,0.5683265,816.0688,4.039697,0,0,4.637935,0.5982384,0.5683265,0,0,0,10.62527,0,0,0,14.00003,100,0.04524855,0.6251591,3.710348,0,15.26321
12/15/2007 2:00:00 PM,0.8003145,46.1725,41.97271,37.50449,0.8763098,3.932878,0.3011527,0.3011527,0,-1,0,0.3011527,1305.941,3.615875,0,0,3.932878,0.3170029,0.3011527,0,0,0,10.62527,0,0,0,14.00003,100,0.04524855,0.331268,3.146303,0,14.55815
12/15/2007 3:00:00 PM,0.6248895,35.1943,52.9987,49.72826,0.6967863,3.127177,0,0,0,0,0,0,0,3.127177,0,0,3.127177,0,0,0,0,0,10.62527,0,0,0,14.00003,100,0.04524855,0,2.501742,0,13.75245
12/15/2007 4:00:00 PM,0.3927475,22.81603,59.9269,62.9044,0.4552067,2.042968,1.851367,1.851367,0,0,0,1.851367,110.3492,0.09416076,0,0,2.042968,1.948807,1.851367,0,0,0,10.62527,0,0,0,14.00003,100,0.04524855,2.036503,1.634374,0,12.66824
12/15/2007 5:00:00 PM,0.15771,9.703335,64.32238,76.49638,0.2087035,0.9366615,0.8294773,0.8294773,0,0,0,0.8294773,112.9219,0.06352753,0,0,0.9366615,0.873134,0.8294773,0,0,0,10.62527,0,0,0,14.00003,100,0.04524855,0.912425,0.7493293,0,11.56194
12/15/2007 6:00:00 PM,0.00400923,0,67.00258,90,0,0,0.4164987,0.4164987,0,0,0,0.4164987,0,0,5.551115E-17,0,0,0.4384196,0.4164987,0,0,0,10.62527,0,0.4384196,-0.4384196,13.53789,96.69904,0.04524855,0.4581485,0,0,10.62527
12/15/2007 7:00:00 PM,0,0,68.30009,90,0,0,1.290089,1.290089,0,-1,0,1.290089,0,0,2.220446E-16,0,0,1.357988,1.290089,0,0,0.4871329,10.18685,0,1.357988,-1.357988,12.10645,86.47445,0.04524855,1.419098,0,0,10.18685
12/15/2007 8:00:00 PM,0,0,68.15701,90,0,0,1.324591,1.324591,0,-1,0,1.324591,0,0,2.220446E-16,0,0,1.394307,1.324591,0,0,1.996009,8.828866,0,1.394307,-1.394307,10.63672,75.97642,0.04524855,1.45705,0,0,8.828866
12/15/2007 9:00:00 PM,0,0,65.9636,90,0,0,1.130427,1.130427,0,-1,0,1.130427,0,0,0,0,0,1.189923,1.130427,0,0,3.545239,7.434559,0,1.189923,-1.189923,9.38243,67.01723,0.04524855,1.243469,0,0,7.434559
12/15/2007 10:00:00 PM,0,0,59.75453,90,0,0,0.2039236,0.2039236,0,-1,0,0.2039236,0,0,2.775558E-17,0,0,0.2146564,0.2039236,0,0,4.867375,6.244637,0,0.2146564,-0.2146564,9.156163,65.40103,0.04524855,0.2243159,0,0,6.244637
12/15/2007 11:00:00 PM,0,0,42.88461,90,0,0,0.5073459,0.5073459,0,-1,0,0.5073459,0,0,0,0,0,0.5340483,0.5073459,0,0,5.105882,6.02998,0,0.5340483,-0.5340483,8.593226,61.38007,0.04524855,0.5580805,0,0,6.02998
12/16/2007 12:00:00 AM,0,0,-0.6187077,90,0,0,0,0,0,-1,0,0,0,0,0,0,0,0,0,0,0,5.699269,5.495932,0,0,0,8.593226,61.38007,0.04524855,0,0,0,5.495932
12/16/2007 1:00:00 AM,0,0,-43.593,90,0,0,0,0,0,-1,0,0,0,0,0,0,0,0,0,0,0,5.699269,5.495932,0,0,0,8.593226,61.38007,0.04524855,0,0,0,5.495932
12/16/2007 2:00:00 AM,0,0,-59.96227,90,0,0,0.503755,0.503755,0,-1,0,0.503755,0,0,0,0,0,0.5302684,0.503755,0,0,5.699269,5.495932,0,0.5302684,-0.5302684,8.034274,57.38756,0.04524855,0.5541305,0,0,5.495932
12/16/2007 3:00:00 AM,0,0,-66.01138,90,0,0,0.2934305,0.2934305,0,-1,0,0.2934305,0,0,0,0,0,0.3088742,0.2934305,0,0,6.288456,4.965663,0,0.3088742,-0.3088742,7.708693,55.06198,0.04524855,0.3227735,0,0,4.965663
12/16/2007 4:00:00 AM,0,0,-68.13542,90,0,0,0.2408782,0.2408782,0,-1,0,0.2408782,0,0,2.775558E-17,0,0,0.253556,0.2408782,0,0,6.63165,4.656789,0,0.253556,-0.253556,7.441421,53.1529,0.04524855,0.264966,0,0,4.656789
12/16/2007 5:00:00 AM,0,0,-68.23569,90,0,0,0.2965158,0.2965158,0,0,0,0.2965158,0,0,5.551115E-17,0,0,0.3121219,0.2965158,0,0,6.913379,4.403233,0,0.3121219,-0.3121219,7.112416,50.80287,0.04524855,0.3261674,0,0,4.403233
12/16/2007 6:00:00 AM,0.006200122,0,-66.9006,90,0,0,0.07854094,0.07854094,0,0,0,0.07854094,0,0,1.387779E-17,0,0,0.08267467,0.07854094,0,0,7.260181,4.091111,0,0.08267467,-0.08267467,7.025269,50.18039,0.04524855,0.08639504,0,0,4.091111
12/16/2007 7:00:00 AM,0.1735596,10.08911,-64.17653,76.0938,0.231186,1.037563,0.4297265,0.4297265,0,0,0,0.4297265,241.4472,0,0,0,1.037563,0.4523436,0.4297265,0,0,7.352042,4.008437,0.585219,0,0.585219,7.580456,54.14601,0.04523864,0.4726991,0.8300501,0,5.046
12/16/2007 8:00:00 AM,0.4244758,23.18066,-59.71932,62.51486,0.4934852,2.214761,0.1134004,0.1134004,0,0,0,0.1134004,1953.046,0,0,0,2.214761,0.1193688,0.1134004,0,0,6.766823,4.535134,2.095393,0,2.095393,9.56832,68.34501,0.04520318,0.1247404,1.771809,0,6.749895
12/16/2007 9:00:00 AM,0.6634168,35.52287,-52.6946,49.36338,0.7399678,3.320976,1.228721,1.228721,0,-1,0,1.228721,270.2791,0,0,0,3.320976,1.29339,1.228721,0,0,4.67143,6.420987,2.027585,0,2.027585,11.49186,82.08453,0.04516891,1.351593,2.65678,0,9.741962
12/16/2007 10:00:00 AM,0.8586318,46.43537,-41.51413,37.19097,0.9406337,4.221564,0.628388,0.628388,0,0,0,0.628388,671.8084,0.9162582,0,0,4.221564,0.6614611,0.628388,0,0,2.643845,8.245814,2.643845,0,2.643845,14.00003,100,0.04512432,0.6912268,3.377251,0,12.46738
12/16/2007 11:00:00 AM,1.008106,54.5435,-23.90554,27.41318,1.095679,4.917405,0.7950647,0.7950647,0,0,0,0.7950647,618.4911,4.080495,0,0,4.917405,0.8369102,0.7950647,0,0,0,10.62527,0,0,0,14.00003,100,0.04512432,0.8745713,3.933924,0,15.54268
12/16/2007 12:00:00 PM,1.008705,57.64771,0.2859551,23.32045,1.093264,4.906566,0.09583066,0.09583066,0,0,0,0.09583066,5120.038,4.805692,0,0,4.906566,0.1008744,0.09583066,0,0,0,10.62527,0,0,0,14.00003,100,0.04512432,0.1054137,3.925253,0,15.53184
12/16/2007 1:00:00 PM,0.9799455,54.40887,24.37855,27.58472,1.064894,4.779245,0.3311906,0.3311906,0,0,0,0.3311906,1443.05,4.430624,0,0,4.779245,0.3486217,0.3311906,0,0,0,10.62527,0,0,0,14.00003,100,0.04512432,0.3643097,3.823396,0,15.40452
12/16/2007 2:00:00 PM,0.8891006,46.21651,41.82392,37.44339,0.9747084,4.374491,0.5008976,0.5008976,0,-1,0,0.5008976,873.3305,3.847231,0,0,4.374491,0.5272606,0.5008976,0,0,0,10.62527,0,0,0,14.00003,100,0.04512432,0.5509873,3.499593,0,14.99977
12/16/2007 3:00:00 PM,0.6259273,35.26069,52.88826,49.64795,0.6979479,3.13239,1.686548,1.686548,0,0,0,1.686548,185.728,1.357077,0,0,3.13239,1.775313,1.686548,0,0,0,10.62527,0,0,0,14.00003,100,0.04512432,1.855202,2.505912,0,13.75766
12/16/2007 4:00:00 PM,0.3931413,22.89621,59.84202,62.81322,0.4554544,2.04408,0.5952377,0.5952377,0,0,0,0.5952377,343.4055,1.417513,0,0,2.04408,0.6265661,0.5952377,0,0,0,10.62527,0,0,0,14.00003,100,0.04512432,0.6547616,1.635264,0,12.66935
12/16/2007 5:00:00 PM,0.1583545,9.792698,64.25386,76.39813,0.2088545,0.9373391,0.5975799,0.5975799,0,0,0,0.5975799,156.8559,0.3083077,0,0,0.9373391,0.6290315,0.5975799,0,0,0,10.62527,0,0,0,14.00003,100,0.04512432,0.6573379,0.7498713,0,11.56261
12/16/2007 6:00:00 PM,0.004418363,0,66.94481,90,0,0,0.1130585,0.1130585,0,0,0,0.1130585,0,0,1.387779E-17,0,0,0.1190089,0.1130585,0,0,0,10.62527,0,0.1190089,-0.1190089,13.87458,99.10396,0.04512432,0.1243643,0,0,10.62527
12/16/2007 7:00:00 PM,0,0,68.25,90,0,0,0.9298069,0.9298069,0,-1,0,0.9298069,0,0,1.110223E-16,0,0,0.9787441,0.9298069,0,0,0.1322321,10.50627,0,0.9787441,-0.9787441,12.84289,91.73478,0.04512432,1.022788,0,0,10.50627
12/16/2007 8:00:00 PM,0,0,68.11387,90,0,0,1.163097,1.163097,0,-1,0,1.163097,0,0,0,0,0,1.224313,1.163097,0,0,1.219726,9.527521,0,1.224313,-1.224313,11.55236,82.51666,0.04512432,1.279407,0,0,9.527521
12/16/2007 9:00:00 PM,0,0,65.93099,90,0,0,0.1143157,0.1143157,0,-1,0,0.1143157,0,0,1.387779E-17,0,0,0.1203323,0.1143157,0,0,2.580073,8.303208,0,0.1203323,-0.1203323,11.42551,81.61066,0.04512432,0.1257472,0,0,8.303208
12/16/2007 10:00:00 PM,0,0,59.75064,90,0,0,0.4466775,0.4466775,0,-1,0,0.4466775,0,0,5.551115E-17,0,0,0.4701869,0.4466775,0,0,2.713776,8.182877,0,0.4701869,-0.4701869,10.92989,78.07052,0.04512432,0.4913453,0,0,8.182877
12/16/2007 11:00:00 PM,0,0,42.99669,90,0,0,0.3313655,0.3313655,0,-1,0,0.3313655,0,0,5.551115E-17,0,0,0.3488057,0.3313655,0,0,3.236205,7.712689,0,0.3488057,-0.3488057,10.56222,75.44428,0.04512432,0.364502,0,0,7.712689
12/17/2007 12:00:00 AM,0,0,-0.1973158,90,0,0,0.456746,0.456746,0,-1,0,0.456746,0,0,5.551115E-17,0,0,0.4807853,0.456746,0,0,3.623767,7.363883,0,0.4807853,-0.4807853,10.05543,71.82434,0.04512432,0.5024207,0,0,7.363883
12/17/2007 1:00:00 AM,0,0,-43.31432,90,0,0,0,0,0,-1,0,0,0,0,0,0,0,0,0,0,0,4.157973,6.883098,0,0,0,10.05543,71.82434,0.04512432,0,0,0,6.883098
12/17/2007 2:00:00 AM,0,0,-59.82706,90,0,0,0.3243971,0.3243971,0,-1,0,0.3243971,0,0,5.551115E-17,0,0,0.3414706,0.3243971,0,0,4.157973,6.883098,0,0.3414706,-0.3414706,9.695487,69.25333,0.04512432,0.3568368,0,0,6.883098
12/17/2007 3:00:00 AM,0,0,-65.93394,90,0,0,0.03184868,0.03184868,0,-1,0,0.03184868,0,0,0,0,0,0.03352493,0.03184868,0,0,4.537385,6.541628,0,0.03352493,-0.03352493,9.660149,69.00092,0.04512432,0.03503355,0,0,6.541628
12/17/2007 4:00:00 AM,0,0,-68.08578,90,0,0,0.04249281,0.04249281,0,-1,0,0.04249281,0,0,6.938894E-18,0,0,0.04472928,0.04249281,0,0,4.574635,6.508103,0,0.04472928,-0.04472928,9.612999,68.66415,0.04512432,0.0467421,0,0,6.508103
12/17/2007 5:00:00 AM,0,0,-68.20253,90,0,0,0.1054982,0.1054982,0,0,0,0.1054982,0,0,1.387779E-17,0,0,0.1110507,0.1054982,0,0,4.624334,6.463374,0,0.1110507,-0.1110507,9.495942,67.82802,0.04512432,0.116048,0,0,6.463374
12/17/2007 6:00:00 AM,0.00739682,0,-66.87959,90,0,0,0.1903083,0.1903083,0,0,0,0.1903083,0,0,2.775558E-17,0,0,0.2003245,0.1903083,0,0,4.747724,6.352323,0,0.2003245,-0.2003245,9.284781,66.31973,0.04512432,0.2093391,0,0,6.352323
12/17/2007 7:00:00 AM,0.181817,9.979235,-64.1671,76.20115,0.2454073,1.101388,1.461588,1.461588,0,0,0,1.461588,75.35555,0,0,0,1.101388,1.538514,1.461588,0,0,4.970306,6.151998,0,0.437126,-0.437126,8.82401,63.02851,0.04512432,1.607747,0.8811103,0,7.253386
12/17/2007 8:00:00 AM,0.3660187,23.0705,-59.72439,62.62445,0.4191443,1.881119,0.7556757,0.7556757,0,0,0,0.7556757,248.9321,0,0,0,1.881119,0.7954481,0.7556757,0,0,5.456002,5.714872,1.085671,0,1.085671,9.853969,70.38535,0.04510603,0.8312432,1.504896,0,7.595992
12/17/2007 9:00:00 AM,0.6630536,35.41496,-52.72241,49.47355,0.7398618,3.3205,0,0,0,-1,0,0,0,0,0,0,3.3205,0,0,0,0,4.370331,6.691977,3.3205,0,3.3205,13.00407,92.88603,0.04505019,0,2.6564,0,10.01248
12/17/2007 10:00:00 AM,0.835002,46.33558,-41.58215,37.29734,0.9146974,4.105162,1.585912,1.585912,0,0,0,1.585912,258.8518,1.38595,0,0,4.105162,1.669381,1.585912,0,0,1.049831,9.680427,1.049831,0,1.049831,14.00003,100,0.04503256,1.744503,3.28413,0,13.78559
12/17/2007 11:00:00 AM,0.8331304,54.46525,-24.03933,27.50142,0.9022333,4.049223,0,0,0,0,0,0,0,4.049223,0,0,4.049223,0,0,0,0,0,10.62527,0,0,0,14.00003,100,0.04503256,0,3.239378,0,14.6745
12/17/2007 12:00:00 PM,0.8457308,57.61164,0.09132835,23.35637,0.9125398,4.095479,1.248869,1.248869,0,0,0,1.248869,327.9349,2.780879,0,0,4.095479,1.314599,1.248869,0,0,0,10.62527,0,0,0,14.00003,100,0.04503256,1.373756,3.276383,0,14.72075
12/17/2007 1:00:00 PM,0.6205027,54.42224,24.19046,27.55621,0.6512877,2.922979,0,0,0,0,0,0,0,2.922979,0,0,2.922979,0,0,0,0,0,10.62527,0,0,0,14.00003,100,0.04503256,0,2.338383,0,13.54825
12/17/2007 2:00:00 PM,0.667151,46.26565,41.68119,37.378,0.722036,3.240498,1.336586,1.336586,0,-1,0,1.336586,242.4459,1.833565,0,0,3.240498,1.406933,1.336586,0,0,0,10.62527,0,0,0,14.00003,100,0.04503256,1.470245,2.592398,0,13.86577
12/17/2007 3:00:00 PM,0.4879459,35.33116,52.78435,49.56451,0.529736,2.377455,0.1125784,0.1125784,0,0,0,0.1125784,2111.822,2.258951,0,0,2.377455,0.1185036,0.1125784,0,0,0,10.62527,0,0,0,14.00003,100,0.04503256,0.1238362,1.901964,0,13.00273
12/17/2007 4:00:00 PM,0.3727516,22.97957,59.76364,62.71983,0.4285514,1.923339,0,0,0,0,0,0,0,1.923339,0,0,1.923339,0,0,0,0,0,10.62527,0,0,0,14.00003,100,0.04503256,0,1.538671,0,12.54861
12/17/2007 5:00:00 PM,0.1324207,9.884476,64.19183,76.29845,0.1615597,0.7250797,0,0,0,0,0,0,0,0.7250797,0,0,0.7250797,0,0,0,0,0,10.62527,0,0,0,14.00003,100,0.04503256,0,0.5800638,0,11.35035
12/17/2007 6:00:00 PM,0.004265992,0,66.89373,90,0,0,1.259117,1.259117,0,0,0,1.259117,0,0,2.220446E-16,0,0,1.325386,1.259117,0,0,0,10.62527,0,1.325386,-1.325386,12.60295,90.02087,0.04503256,1.385029,0,0,10.62527
12/17/2007 7:00:00 PM,0,0,68.20708,90,0,0,1.77418,1.77418,0,-1,0,1.77418,0,0,0,0,0,1.867558,1.77418,0,0,1.472652,9.299888,0,1.867558,-1.867558,10.63437,75.95963,0.04503256,1.951598,0,0,9.299888
12/17/2007 8:00:00 PM,0,0,68.07885,90,0,0,1.637725,1.637725,0,-1,0,1.637725,0,0,0,0,0,1.723921,1.637725,0,0,3.547716,7.43233,0,1.723921,-1.723921,8.817197,62.97985,0.04503256,1.801498,0,0,7.43233
12/17/2007 9:00:00 PM,0,0,65.90816,90,0,0,0.69165,0.69165,0,-1,0,0.69165,0,0,0,0,0,0.7280527,0.69165,0,0,5.463184,5.708409,0,0.7280527,-0.7280527,8.049762,57.49818,0.04503256,0.7608151,0,0,5.708409
12/17/2007 10:00:00 PM,0,0,59.75926,90,0,0,0.04243514,0.04243514,0,-1,0,0.04243514,0,0,6.938894E-18,0,0,0.04466857,0.04243514,0,0,6.272131,4.980356,0,0.04466857,-0.04466857,8.002677,57.16187,0.04503256,0.04667865,0,0,4.980356
12/17/2007 11:00:00 PM,0,0,43.12365,90,0,0,0.04879934,0.04879934,0,-1,0,0.04879934,0,0,6.938894E-18,0,0,0.05136773,0.04879934,0,0,6.321763,4.935688,0,0.05136773,-0.05136773,7.948531,56.7751,0.04503256,0.05367927,0,0,4.935688
12/18/2007 12:00:00 AM,0,0,0.2248019,90,0,0,0.4742481,0.4742481,0,-1,0,0.4742481,0,0,5.551115E-17,0,0,0.4992086,0.4742481,0,0,6.378839,4.88432,0,0.4992086,-0.4992086,7.422318,53.01646,0.04503256,0.521673,0,0,4.88432
12/18/2007 1:00:00 AM,0,0,-43.04747,90,0,0,0.01512376,0.01512376,0,-1,0,0.01512376,0,0,0,0,0,0.01591975,0.01512376,0,0,6.933515,4.385111,0,0.01591975,-0.01591975,7.405538,52.89659,0.04503256,0.01663614,0,0,4.385111
12/18/2007 2:00:00 AM,0,0,-59.70274,90,0,0,0.01970593,0.01970593,0,-1,0,0.01970593,0,0,0,0,0,0.02074308,0.01970593,0,0,6.951203,4.369191,0,0.02074308,-0.02074308,7.383673,52.74041,0.04503256,0.02167652,0,0,4.369191
12/18/2007 3:00:00 AM,0,0,-65.86552,90,0,0,0.2197027,0.2197027,0,-1,0,0.2197027,0,0,2.775558E-17,0,0,0.2312659,0.2197027,0,0,6.974251,4.348448,0,0.2312659,-0.2312659,7.139897,50.99916,0.04503256,0.2416729,0,0,4.348448
12/18/2007 4:00:00 AM,0,0,-68.04397,90,0,0,0.3160037,0.3160037,0,-1,0,0.3160037,0,0,5.551115E-17,0,0,0.3326355,0.3160037,0,0,7.231213,4.117182,0,0.3326355,-0.3326355,6.789268,48.49467,0.04503256,0.347604,0,0,4.117182
12/18/2007 5:00:00 AM,0,0,-68.17653,90,0,0,0.1838592,0.1838592,0,0,0,0.1838592,0,0,2.775558E-17,0,0,0.193536,0.1838592,0,0,7.600808,3.784547,0,0.193536,-0.193536,6.585263,47.0375,0.04503256,0.2022451,0,0,3.784547
12/18/2007 6:00:00 AM,0.00284713,0,-66.86547,90,0,0,0.4887749,0.4887749,0,0,0,0.4887749,0,0,1.110223E-16,0,0,0.5144999,0.4887749,0,0,7.815848,3.591011,0,0.5144999,-0.5144999,6.042933,43.16372,0.04503256,0.5376524,0,0,3.591011
12/18/2007 7:00:00 AM,0.1020366,9.87042,-64.16457,76.30844,0.111965,0.502499,0.6253718,0.6253718,0,0,0,0.6253718,80.35204,0,0,0,0.502499,0.6582862,0.6253718,0,0,8.387515,3.076511,0,0.1557871,-0.1557871,5.878719,41.99076,0.04503256,0.687909,0.4019992,0,3.57901
12/18/2007 8:00:00 AM,0.2383311,22.96224,-59.73663,62.73316,0.2496058,1.120231,0,0,0,0,0,0,0,0,0,0,1.120231,0,0,0,0,8.560612,2.920724,1.120231,0,1.120231,6.941463,49.58178,0.04501377,0,0.8961847,0,4.040955
12/18/2007 9:00:00 AM,0.4121401,35.31,-52.75775,49.58182,0.4350325,1.952426,0.7182339,0.7182339,0,-1,0,0.7182339,271.8371,0,0,0,1.952426,0.7560357,0.7182339,0,0,7.440381,3.928931,1.19639,0,1.19639,8.076459,57.68887,0.04499372,0.7900573,1.561941,0,5.881358
12/18/2007 10:00:00 AM,0.4532219,46.24007,-41.65768,37.4004,0.4662595,2.092573,0.8761538,0.8761538,0,0,0,0.8761538,238.8362,0,0,0,2.092573,0.9222671,0.8761538,0,0,6.24399,5.005683,1.170306,0,1.170306,9.186707,65.61921,0.04497412,0.9637691,1.674058,0,7.098256
12/18/2007 11:00:00 AM,0.5859261,54.3927,-24.17881,27.58453,0.6105484,2.740141,1.336521,1.336521,0,0,0,1.336521,205.0204,0,0,0,2.740141,1.406864,1.336521,0,0,5.073685,6.058958,1.333277,0,1.333277,10.45156,74.65388,0.04495182,1.470173,2.192113,0,8.799099
12/18/2007 12:00:00 PM,0.6232269,57.58212,-0.1041753,23.3859,0.650481,2.919359,1.687749,1.687749,0,0,0,1.687749,172.9735,0,0,0,2.919359,1.776578,1.687749,0,0,3.740408,7.258907,1.142781,0,1.142781,11.5357,82.39771,0.04493271,1.856524,2.335487,0,10.17827
12/18/2007 1:00:00 PM,0.7032158,54.44176,24.00637,27.52203,0.7499711,3.36587,1.596228,1.596228,0,0,0,1.596228,210.8641,0,0,0,3.36587,1.68024,1.596228,0,0,2.597627,8.28741,1.685631,0,1.685631,13.13483,93.82004,0.04490457,1.75585,2.692696,0,11.65328
12/18/2007 2:00:00 PM,0.4919967,46.31987,41.54461,37.30836,0.5110431,2.293561,1.5992,1.5992,0,-1,0,1.5992,143.4193,0,0,0,2.293561,1.683368,1.5992,0,0,0.9119967,9.804477,0.6101933,0,0.6101933,13.71371,97.9549,0.04489439,1.75912,1.834849,0,12.09804
12/18/2007 3:00:00 PM,0.2880996,35.40564,52.68702,49.478,0.2915441,1.30845,0,0,0,0,0,0,0,1.006647,0,0,1.30845,0,0,0,0,0.3018034,10.35365,0.3018034,0,0.3018034,14.00003,100,0.04488935,0,1.04676,0,11.6621
12/18/2007 4:00:00 PM,0.1503543,23.06603,59.69181,62.62428,0.1508384,0.6769629,0.9977307,0.9977307,0,0,0,0.9977307,67.85027,0,1.110223E-16,0,0.6769629,1.050243,0.9977307,0,0,0,10.62527,0,0.3732799,-0.3732799,13.60656,97.18949,0.04488935,1.097504,0.5415703,0,11.30224
12/18/2007 5:00:00 PM,0.1110185,9.978594,64.13633,76.19737,0.1249419,0.5607393,1.143043,1.143043,0,0,0,1.143043,49.05673,0,0,0,0.5607393,1.203203,1.143043,0,0,0.4147555,10.25199,0,0.6424634,-0.6424634,12.92934,92.35225,0.04488935,1.257347,0.4485914,0,10.81273
12/18/2007 6:00:00 PM,0.004203094,0,66.84934,90,0,0,1.792189,1.792189,0,0,0,1.792189,0,0,2.220446E-16,0,0,1.886515,1.792189,0,0,1.128604,9.60953,0,1.886515,-1.886515,10.94078,78.14827,0.04488935,1.971408,0,0,9.60953
12/18/2007 7:00:00 PM,0,0,68.17135,90,0,0,1.5029,1.5029,0,-1,0,1.5029,0,0,0,0,0,1.582,1.5029,0,0,3.224731,7.723016,0,1.582,-1.582,9.273206,66.23705,0.04488935,1.65319,0,0,7.723016
12/18/2007 8:00:00 PM,0,0,68.05192,90,0,0,1.675801,1.675801,0,-1,0,1.675801,0,0,2.220446E-16,0,0,1.764001,1.675801,0,0,4.982508,6.141016,0,1.764001,-1.764001,7.413785,52.9555,0.04488935,1.843381,0,0,6.141016
12/18/2007 9:00:00 PM,0,0,65.89503,90,0,0,0.1879996,0.1879996,0,-1,0,0.1879996,0,0,2.775558E-17,0,0,0.1978943,0.1879996,0,0,6.942509,4.377016,0,0.1978943,-0.1978943,7.205186,51.46552,0.04488935,0.2067995,0,0,4.377016
12/18/2007 10:00:00 PM,0,0,59.78026,90,0,0,0,0,0,-1,0,0,0,0,0,0,0,0,0,0,0,7.162392,4.179121,0,0,0,7.205186,51.46552,0.04488935,0,0,0,4.179121
12/18/2007 11:00:00 PM,0,0,43.26518,90,0,0,0.4796678,0.4796678,0,-1,0,0.4796678,0,0,0,0,0,0.5049134,0.4796678,0,0,7.162392,4.179121,0,0.5049134,-0.5049134,6.672961,47.66391,0.04488935,0.5276346,0,0,4.179121
12/19/2007 12:00:00 AM,0,0,0.6478507,90,0,0,0.184809,0.184809,0,-1,0,0.184809,0,0,2.775558E-17,0,0,0.1945358,0.184809,0,0,7.723407,3.674208,0,0.1945358,-0.1945358,6.467902,46.19921,0.04488935,0.2032899,0,0,3.674208
12/19/2007 1:00:00 AM,0,0,-42.79254,90,0,0,0.009030131,0.009030131,0,-1,0,0.009030131,0,0,0,0,0,0.0095054,0.009030131,0,0,7.939558,3.479672,0,0.0095054,-0.0095054,6.457882,46.12764,0.04488935,0.009933143,0,0,3.479672
12/19/2007 2:00:00 AM,0,0,-59.58943,90,0,0,0.373917,0.373917,0,-1,0,0.373917,0,0,5.551115E-17,0,0,0.3935968,0.373917,0,0,7.950119,3.470167,0,0.3935968,-0.3935968,6.042995,43.16417,0.04488935,0.4113086,0,0,3.470167
12/19/2007 3:00:00 AM,0,0,-65.80621,90,0,0,0,0,0,-1,0,0,0,0,0,0,0,0,0,0,0,8.387449,3.07657,0,0,0,6.042995,43.16417,0.04488935,0,0,0,3.07657
12/19/2007 4:00:00 AM,0,0,-68.01001,90,0,0,0.3811283,0.3811283,0,-1,0,0.3811283,0,0,5.551115E-17,0,0,0.4011876,0.3811283,0,0,8.387449,3.07657,0,0.4011876,-0.4011876,5.620106,40.14354,0.04488935,0.4192411,0,0,3.07657
12/19/2007 5:00:00 AM,0,0,-68.15769,90,0,0,0.04059453,0.04059453,0,0,0,0.04059453,0,0,0,0,0,0.04273108,0.04059453,0,0,8.833213,2.675382,0,0.04273108,-0.04273108,5.575064,39.8218,0.04488935,0.04465398,0,0,2.675382
12/19/2007 6:00:00 AM,0.005120891,0,-66.85822,90,0,0,0.1097253,0.1097253,0,0,0,0.1097253,0,0,0,0,0,0.1155003,0.1097253,0,0,8.880692,2.632651,0,0.1155003,-0.1155003,5.453316,38.95218,0.04488935,0.1206978,0,0,2.632651
12/19/2007 7:00:00 AM,0.1487951,9.762744,-64.16893,76.4156,0.1924085,0.8635294,0.7813448,0.7813448,0,0,0,0.7813448,110.5183,0,0,0,0.8635294,0.8224683,0.7813448,0,0,9.009026,2.517151,0.04106114,0,0.04106114,5.49227,39.23042,0.04488867,0.8594794,0.6908236,0,3.38068
12/19/2007 8:00:00 AM,0.4259375,22.85596,-59.75599,62.84091,0.4966016,2.228748,0.9408063,0.9408063,0,0,0,0.9408063,236.8977,0,0,0,2.228748,0.9903224,0.9408063,0,0,8.967965,2.554106,1.238426,0,1.238426,6.667143,47.62236,0.04486803,1.034887,1.782999,0,4.782854
12/19/2007 9:00:00 AM,0.6706781,35.20806,-52.80055,49.68811,0.7490266,3.361631,0.9144939,0.9144939,0,-1,0,0.9144939,367.5947,0,0,0,3.361631,0.9626251,0.9144939,0,0,7.729539,3.668689,2.399006,0,2.399006,8.943041,63.87873,0.04482809,1.005943,2.689305,0,7.030321
12/19/2007 10:00:00 AM,0.8439985,46.14887,-41.7406,37.5001,0.9250557,4.15165,0.5174,0.5174,0,0,0,0.5174,802.4062,0,0,0,4.15165,0.5446316,0.5174,0,0,5.330533,5.827795,3.607018,0,3.607018,12.36496,88.32096,0.04476818,0.56914,3.32132,0,9.979445
12/19/2007 11:00:00 AM,0.9438372,54.32587,-24.32389,27.66246,1.02559,4.602847,1.254611,1.254611,0,0,0,1.254611,366.8745,1.55869,0,0,4.602847,1.320643,1.254611,0,0,1.723514,9.074111,1.723514,0,1.723514,14.00003,100,0.04473962,1.380072,3.682278,0,13.67696
12/19/2007 12:00:00 PM,0.9272419,57.55915,-0.3005047,23.40902,1.004421,4.507842,0,0,0,0,0,0,0,4.507842,0,0,4.507842,0,0,0,0,0,10.62527,0,0,0,14.00003,100,0.04473962,0,3.606273,0,15.13312
12/19/2007 1:00:00 PM,0.7968051,54.46743,23.82634,27.48219,0.8604898,3.861878,0,0,0,0,0,0,0,3.861878,0,0,3.861878,0,0,0,0,0,10.62527,0,0,0,14.00003,100,0.04473962,0,3.089503,0,14.48715
12/19/2007 2:00:00 PM,0.777205,46.37916,41.41424,37.2345,0.8504753,3.816933,0,0,0,-1,0,0,0,3.816933,0,0,3.816933,0,0,0,0,0,10.62527,0,0,0,14.00003,100,0.04473962,0,3.053546,0,14.44221
12/19/2007 3:00:00 PM,0.6560619,35.4841,52.59634,49.38848,0.731971,3.285086,1.406374,1.406374,0,0,0,1.406374,233.5855,1.804692,0,0,3.285086,1.480394,1.406374,0,0,0,10.62527,0,0,0,14.00003,100,0.04473962,1.547011,2.628069,0,13.91036
12/19/2007 4:00:00 PM,0.3131014,23.15554,59.62657,62.52666,0.3467842,1.556368,0.01921539,0.01921539,0,0,0,0.01921539,8099.59,1.536141,0,0,1.556368,0.02022672,0.01921539,0,0,0,10.62527,0,0,0,14.00003,100,0.04473962,0.02113692,1.245094,0,12.18164
12/19/2007 5:00:00 PM,0.104531,10.07498,64.08739,76.09501,0.1146465,0.5145335,0.7964145,0.7964145,0,0,0,0.7964145,64.60624,0,0,0,0.5145335,0.838331,0.7964145,0,0,0,10.62527,0,0.3237976,-0.3237976,13.65872,97.56206,0.04473962,0.876056,0.4116268,0,11.13981
12/19/2007 6:00:00 PM,0.003725071,0,66.81167,90,0,0,1.464403,1.464403,0,0,0,1.464403,0,0,2.220446E-16,0,0,1.541477,1.464403,0,0,0.3597751,10.30148,0,1.541477,-1.541477,12.03386,85.95594,0.04473962,1.610843,0,0,10.30148
12/19/2007 7:00:00 PM,0,0,68.14278,90,0,0,0.7877039,0.7877039,0,-1,0,0.7877039,0,0,1.110223E-16,0,0,0.8291621,0.7877039,0,0,2.072527,8.759999,0,0.8291621,-0.8291621,11.15984,79.713,0.04473962,0.8664743,0,0,8.759999
12/19/2007 8:00:00 PM,0,0,68.03306,90,0,0,0.09809983,0.09809983,0,-1,0,0.09809983,0,0,1.387779E-17,0,0,0.103263,0.09809983,0,0,2.993819,7.930838,0,0.103263,-0.103263,11.05099,78.93551,0.04473962,0.1079098,0,0,7.930838
12/19/2007 9:00:00 PM,0,0,65.89153,90,0,0,1.055993,1.055993,0,-1,0,1.055993,0,0,0,0,0,1.111571,1.055993,0,0,3.108555,7.827575,0,1.111571,-1.111571,9.879294,70.56625,0.04473962,1.161592,0,0,7.827575
12/19/2007 10:00:00 PM,0,0,59.81347,90,0,0,0.277326,0.277326,0,-1,0,0.277326,0,0,0,0,0,0.2919221,0.277326,0,0,4.343634,6.716003,0,0.2919221,-0.2919221,9.571582,68.3683,0.04473962,0.3050586,0,0,6.716003
12/19/2007 11:00:00 PM,0,0,43.42104,90,0,0,0.08375444,0.08375444,0,-1,0,0.08375444,0,0,1.387779E-17,0,0,0.08816256,0.08375444,0,0,4.667992,6.424081,0,0.08816256,-0.08816256,9.47865,67.70451,0.04473962,0.09212988,0,0,6.424081
12/20/2007 12:00:00 AM,0,0,1.072036,90,0,0,0,0,0,-1,0,0,0,0,0,0,0,0,0,0,0,4.765951,6.335919,0,0,0,9.47865,67.70451,0.04473962,0,0,0,6.335919
12/20/2007 1:00:00 AM,0,0,-42.54963,90,0,0,0.1632114,0.1632114,0,-1,0,0.1632114,0,0,0,0,0,0.1718015,0.1632114,0,0,4.765951,6.335919,0,0.1718015,-0.1718015,9.297556,66.41098,0.04473962,0.1795326,0,0,6.335919
12/20/2007 2:00:00 AM,0,0,-59.48726,90,0,0,0,0,0,-1,0,0,0,0,0,0,0,0,0,0,0,4.956841,6.164117,0,0,0,9.297556,66.41098,0.04473962,0,0,0,6.164117
12/20/2007 3:00:00 AM,0,0,-65.75607,90,0,0,0.5427958,0.5427958,0,-1,0,0.5427958,0,0,1.110223E-16,0,0,0.571364,0.5427958,0,0,4.956841,6.164117,0,0.571364,-0.571364,8.695285,62.10905,0.04473962,0.5970754,0,0,6.164117
12/20/2007 4:00:00 AM,0,0,-67.98395,90,0,0,0.4684993,0.4684993,0,-1,0,0.4684993,0,0,5.551115E-17,0,0,0.4931572,0.4684993,0,0,5.59169,5.592753,0,0.4931572,-0.4931572,8.175451,58.39597,0.04473962,0.5153493,0,0,5.592753
12/20/2007 5:00:00 AM,0,0,-68.14605,90,0,0,0.274344,0.274344,0,0,0,0.274344,0,0,0,0,0,0.2887832,0.274344,0,0,6.139643,5.099596,0,0.2887832,-0.2887832,7.871047,56.22166,0.04473962,0.3017784,0,0,5.099596
12/20/2007 6:00:00 AM,0.004938226,0,-66.85783,90,0,0,0.3909743,0.3909743,0,0,0,0.3909743,0,0,5.551115E-17,0,0,0.4115519,0.3909743,0,0,6.460513,4.810813,0,0.4115519,-0.4115519,7.437234,53.12299,0.04473962,0.4300717,0,0,4.810813
12/20/2007 7:00:00 AM,0.1457736,9.656292,-64.18015,76.52253,0.1882469,0.8448521,0.7594774,0.7594774,0,0,0,0.7594774,111.2412,0,0,0,0.8448521,0.7994499,0.7594774,0,0,6.917793,4.399261,0.04540218,0,0.04540218,7.480306,53.43065,0.04473887,0.8354251,0.6758817,0,5.244113
12/20/2007 8:00:00 AM,0.3615845,22.75175,-59.78243,62.94762,0.4148875,1.862015,0.4370176,0.4370176,0,0,0,0.4370176,426.0733,0,0,0,1.862015,0.4600185,0.4370176,0,0,6.87239,4.440123,1.401997,0,1.401997,8.810357,62.93099,0.04471565,0.4807193,1.489612,0,6.302138
12/20/2007 9:00:00 AM,0.5814711,35.10921,-52.85074,49.79234,0.6463131,2.900653,1.313768,1.313768,0,-1,0,1.313768,220.7888,0,0,0,2.900653,1.382914,1.313768,0,0,5.470394,5.70192,1.517739,0,1.517739,10.25021,73.21564,0.04469055,1.445145,2.320523,0,8.602573
12/20/2007 10:00:00 AM,0.7859493,46.06204,-41.83084,37.59639,0.860822,3.863369,0.3732436,0.3732436,0,0,0,0.3732436,1035.08,0,0,0,3.863369,0.392888,0.3732436,0,0,3.952655,7.067885,3.470481,0,3.470481,13.5426,96.73265,0.04463327,0.410568,3.090695,0,10.93125
12/20/2007 11:00:00 AM,0.9291481,54.26479,-24.47447,27.7352,1.009572,4.530961,0.520179,0.520179,0,0,0,0.520179,871.0388,3.50123,0,0,4.530961,0.5475569,0.520179,0,0,0.4821736,10.19132,0.4821736,0,0.4821736,14.00003,100,0.04462532,0.572197,3.624769,0,14.72228
12/20/2007 12:00:00 PM,0.9280854,57.54273,-0.4976093,23.42573,1.005405,4.512256,1.267338,1.267338,0,0,0,1.267338,356.042,3.178216,0,0,4.512256,1.33404,1.267338,0,0,0,10.62527,0,0,0,14.00003,100,0.04462532,1.394072,3.609805,0,15.13753
12/20/2007 1:00:00 PM,0.8246964,54.49922,23.65043,27.43669,0.8926759,4.00633,0.866574,0.866574,0,0,0,0.866574,462.3182,3.094146,0,0,4.00633,0.9121832,0.866574,0,0,0,10.62527,0,0,0,14.00003,100,0.04462532,0.9532315,3.205064,0,14.6316
12/20/2007 2:00:00 PM,0.7502145,46.44347,41.29016,37.15648,0.8196234,3.67847,1.218931,1.218931,0,-1,0,1.218931,301.7784,2.395385,0,0,3.67847,1.283085,1.218931,0,0,0,10.62527,0,0,0,14.00003,100,0.04462532,1.340824,2.942776,0,14.30374
12/20/2007 3:00:00 PM,0.5019683,35.56646,52.51237,49.29601,0.5467592,2.453855,0.5633619,0.5633619,0,0,0,0.5633619,435.5735,1.860843,0,0,2.453855,0.5930125,0.5633619,0,0,0,10.62527,0,0,0,14.00003,100,0.04462532,0.6196981,1.963084,0,13.07913
12/20/2007 4:00:00 PM,0.3639493,23.24803,59.56797,62.42704,0.4156032,1.865227,0.6558279,0.6558279,0,0,0,0.6558279,284.4081,1.174882,0,0,1.865227,0.6903451,0.6558279,0,0,0,10.62527,0,0,0,14.00003,100,0.04462532,0.7214106,1.492182,0,12.4905
12/20/2007 5:00:00 PM,0.1642214,10.17354,64.04503,75.99142,0.2147908,0.9639811,0.3117574,0.3117574,0,0,0,0.3117574,309.2088,0.6358155,0,0,0.9639811,0.3281657,0.3117574,0,0,0,10.62527,0,0,0,14.00003,100,0.04462532,0.3429331,0.7711849,0,11.58926
12/20/2007 6:00:00 PM,0.005977195,0,66.78073,90,0,0,2.064022,2.064022,0,0,0,2.064022,0,0,4.440892E-16,0,0,2.172655,2.064022,0,0,0,10.62527,0,2.172655,-2.172655,11.70985,83.64161,0.04462532,2.270424,0,0,10.62527
12/20/2007 7:00:00 PM,0,0,68.12138,90,0,0,1.055967,1.055967,0,-1,0,1.055967,0,0,2.220446E-16,0,0,1.111544,1.055967,0,0,2.414061,8.45262,0,1.111544,-1.111544,10.53818,75.27255,0.04462532,1.161564,0,0,8.45262
12/20/2007 8:00:00 PM,0,0,68.02224,90,0,0,0.5663951,0.5663951,0,-1,0,0.5663951,0,0,1.110223E-16,0,0,0.5962054,0.5663951,0,0,3.64911,7.341075,0,0.5962054,-0.5962054,9.909722,70.78359,0.04462532,0.6230346,0,0,7.341075
12/20/2007 9:00:00 PM,0,0,65.89761,90,0,0,0.3417627,0.3417627,0,-1,0,0.3417627,0,0,5.551115E-17,0,0,0.3597502,0.3417627,0,0,4.31156,6.74487,0,0.3597502,-0.3597502,9.530513,68.07495,0.04462532,0.3759389,0,0,6.74487
12/20/2007 10:00:00 PM,0,0,59.85875,90,0,0,0,0,0,-1,0,0,0,0,0,0,0,0,0,0,0,4.711283,6.38512,0,0,0,9.530513,68.07495,0.04462532,0,0,0,6.38512
12/20/2007 11:00:00 PM,0,0,43.59098,90,0,0,0,0,0,-1,0,0,0,0,0,0,0,0,0,0,0,4.711283,6.38512,0,0,0,9.530513,68.07495,0.04462532,0,0,0,6.38512
12/21/2007 12:00:00 AM,0,0,1.497563,90,0,0,0.4363068,0.4363068,0,-1,0,0.4363068,0,0,5.551115E-17,0,0,0.4592704,0.4363068,0,0,4.711283,6.38512,0,0.4592704,-0.4592704,9.046399,64.61701,0.04462532,0.4799375,0,0,6.38512
12/21/2007 1:00:00 AM,0,0,-42.31887,90,0,0,0.112962,0.112962,0,-1,0,0.112962,0,0,1.387779E-17,0,0,0.1189074,0.112962,0,0,5.221583,5.925849,0,0.1189074,-0.1189074,8.92106,63.72173,0.04462532,0.1242582,0,0,5.925849
12/21/2007 2:00:00 AM,0,0,-59.39635,90,0,0,0.1390546,0.1390546,0,-1,0,0.1390546,0,0,0,0,0,0.1463732,0.1390546,0,0,5.353703,5.806942,0,0.1463732,-0.1463732,8.766769,62.61965,0.04462532,0.15296,0,0,5.806942
12/21/2007 3:00:00 AM,0,0,-65.71517,90,0,0,0.2197731,0.2197731,0,-1,0,0.2197731,0,0,0,0,0,0.2313401,0.2197731,0,0,5.516339,5.660569,0,0.2313401,-0.2313401,8.522915,60.87784,0.04462532,0.2417504,0,0,5.660569
12/21/2007 4:00:00 AM,0,0,-67.96582,90,0,0,0.1286628,0.1286628,0,-1,0,0.1286628,0,0,0,0,0,0.1354345,0.1286628,0,0,5.773384,5.429229,0,0.1354345,-0.1354345,8.380155,59.85813,0.04462532,0.1415291,0,0,5.429229
12/21/2007 5:00:00 AM,0,0,-68.14159,90,0,0,0.3074267,0.3074267,0,0,0,0.3074267,0,0,0,0,0,0.323607,0.3074267,0,0,5.923867,5.293794,0,0.323607,-0.323607,8.039042,57.42162,0.04462532,0.3381693,0,0,5.293794
12/21/2007 6:00:00 AM,0.003863768,0,-66.86431,90,0,0,0,0,0,0,0,0,0,0,0,0,0,0,0,0,0,6.28343,4.970187,0,0,0,8.039042,57.42162,0.04462532,0,0,0,4.970187
12/21/2007 7:00:00 AM,0.1262282,9.551146,-64.19819,76.62914,0.1539925,0.6911183,1.187816,1.187816,0,0,0,1.187816,58.18395,0,0,0,0.6911183,1.250333,1.187816,0,0,6.28343,4.970187,0,0.5592144,-0.5592144,7.449579,53.21117,0.04462532,1.306598,0.5528947,0,5.661305
12/21/2007 8:00:00 AM,0.3974161,22.64968,-59.8159,63.0532,0.4622031,2.074368,0,0,0,0,0,0,0,0,0,0,2.074368,0,0,0,0,6.904779,4.410973,2.074368,0,2.074368,9.417497,67.2677,0.04459115,0,1.659494,0,6.485341
12/21/2007 9:00:00 AM,0.5714009,35.01353,-52.90825,49.89445,0.6344658,2.847482,2.01701,2.01701,0,-1,0,2.01701,141.1734,0,0,0,2.847482,2.123168,2.01701,0,0,4.830412,6.277904,0.7243142,0,0.7243142,10.10464,72.17587,0.04457924,2.218711,2.277986,0,9.125386
12/21/2007 10:00:00 AM,0.7984896,45.97961,-41.92829,37.6892,0.8749436,3.926747,0.6256934,0.6256934,0,0,0,0.6256934,627.5832,0,0,0,3.926747,0.6586246,0.6256934,0,0,4.106098,6.929786,3.268122,0,3.268122,13.20506,94.32163,0.04452556,0.6882628,3.141397,0,10.85653
12/21/2007 11:00:00 AM,0.912492,54.20948,-24.63048,27.80274,0.9913664,4.449253,0.08706669,0.08706669,0,0,0,0.08706669,5110.167,3.519628,0,0,4.449253,0.09164914,0.08706669,0,0,0.8379753,9.871097,0.8379753,0,0.8379753,14.00003,100,0.04451181,0.09577335,3.559402,0,14.32035
12/21/2007 12:00:00 PM,1.024111,57.53285,-0.6954389,23.43604,1.110563,4.984205,0.5671295,0.5671295,0,0,0,0.5671295,878.8478,4.387227,0,0,4.984205,0.5969784,0.5671295,0,0,0,10.62527,0,0,0,14.00003,100,0.04451181,0.6238425,3.987364,0,15.60948
12/21/2007 1:00:00 PM,0.9135853,54.53712,23.4787,27.38556,0.9922644,4.453283,0.5697931,0.5697931,0,0,0,0.5697931,781.5613,3.8535,0,0,4.453283,0.5997822,0.5697931,0,0,0,10.62527,0,0,0,14.00003,100,0.04451181,0.6267724,3.562626,0,15.07856
12/21/2007 2:00:00 PM,0.7804384,46.51276,41.17245,37.07431,0.8539816,3.832669,1.293326,1.293326,0,-1,0,1.293326,296.3421,2.471273,0,0,3.832669,1.361396,1.293326,0,0,0,10.62527,0,0,0,14.00003,100,0.04451181,1.422658,3.066135,0,14.45794
12/21/2007 3:00:00 PM,0.5903482,35.65268,52.43518,49.20064,0.6555065,2.941913,0.3152507,0.3152507,0,0,0,0.3152507,933.1981,2.61007,0,0,2.941913,0.3318428,0.3152507,0,0,0,10.62527,0,0,0,14.00003,100,0.04451181,0.3467758,2.353531,0,13.56719
12/21/2007 4:00:00 PM,0.3486513,23.34342,59.51607,62.32549,0.3944487,1.770286,0,0,0,0,0,0,0,1.770286,0,0,1.770286,0,0,0,0,0,10.62527,0,0,0,14.00003,100,0.04451181,0,1.416229,0,12.39556
12/21/2007 5:00:00 PM,0.1320398,10.27422,64.00929,75.8867,0.1572159,0.7055851,1.029876,1.029876,0,0,0,1.029876,68.51164,0,0,0,0.7055851,1.08408,1.029876,0,0,0,10.62527,0,0.378495,-0.378495,13.60106,97.15023,0.04451181,1.132864,0.564468,0,11.33086
12/21/2007 6:00:00 PM,0.004019164,0,66.75654,90,0,0,2.278296,2.278296,0,0,0,2.278296,0,0,0,0,0,2.398206,2.278296,0,0,0.42055,10.24678,0,2.398206,-2.398206,11.07313,79.09361,0.04451181,2.506125,0,0,10.24678
12/21/2007 7:00:00 PM,0,0,68.10715,90,0,0,0.2521162,0.2521162,0,-1,0,0.2521162,0,0,0,0,0,0.2653855,0.2521162,0,0,3.085223,7.848573,0,0.2653855,-0.2653855,10.79339,77.09547,0.04451181,0.2773278,0,0,7.848573
12/21/2007 8:00:00 PM,0,0,68.01943,90,0,0,0.3668197,0.3668197,0,-1,0,0.3668197,0,0,5.551115E-17,0,0,0.386126,0.3668197,0,0,3.380096,7.583188,0,0.386126,-0.386126,10.38637,74.18824,0.04451181,0.4035017,0,0,7.583188
12/21/2007 9:00:00 PM,0,0,65.9132,90,0,0,2.129995,2.129995,0,-1,0,2.129995,0,0,0,0,0,2.2421,2.129995,0,0,3.809125,7.197062,0,2.2421,-2.2421,8.022994,57.30698,0.04451181,2.342995,0,0,7.197062
12/21/2007 10:00:00 PM,0,0,59.91594,90,0,0,0.1071971,0.1071971,0,-1,0,0.1071971,0,0,1.387779E-17,0,0,0.112839,0.1071971,0,0,6.300347,4.954962,0,0.112839,-0.112839,7.904051,56.45739,0.04451181,0.1179168,0,0,4.954962
12/21/2007 11:00:00 PM,0,0,43.77476,90,0,0,0.2455936,0.2455936,0,-1,0,0.2455936,0,0,5.551115E-17,0,0,0.2585196,0.2455936,0,0,6.425724,4.842123,0,0.2585196,-0.2585196,7.631547,54.51094,0.04451181,0.2701529,0,0,4.842123
12/22/2007 12:00:00 AM,0,0,1.924639,90,0,0,0.1480373,0.1480373,0,-1,0,0.1480373,0,0,2.775558E-17,0,0,0.1558287,0.1480373,0,0,6.712968,4.583603,0,0.1558287,-0.1558287,7.467289,53.33768,0.04451181,0.162841,0,0,4.583603
12/22/2007 1:00:00 AM,0,0,-42.1004,90,0,0,0.2753102,0.2753102,0,-1,0,0.2753102,0,0,5.551115E-17,0,0,0.2898003,0.2753102,0,0,6.886111,4.427774,0,0.2898003,-0.2898003,7.161813,51.15571,0.04451181,0.3028413,0,0,4.427774
12/22/2007 2:00:00 AM,0,0,-59.31683,90,0,0,0.1438458,0.1438458,0,-1,0,0.1438458,0,0,0,0,0,0.1514166,0.1438458,0,0,7.208111,4.137974,0,0.1514166,-0.1514166,7.002206,50.01566,0.04451181,0.1582303,0,0,4.137974
12/22/2007 3:00:00 AM,0,0,-65.68359,90,0,0,0.1312635,0.1312635,0,-1,0,0.1312635,0,0,2.775558E-17,0,0,0.1381721,0.1312635,0,0,7.376352,3.986557,0,0.1381721,-0.1381721,6.85656,48.97533,0.04451181,0.1443899,0,0,3.986557
12/22/2007 4:00:00 AM,0,0,-67.95567,90,0,0,0.09974615,0.09974615,0,-1,0,0.09974615,0,0,1.387779E-17,0,0,0.1049959,0.09974615,0,0,7.529876,3.848385,0,0.1049959,-0.1049959,6.745884,48.18479,0.04451181,0.1097208,0,0,3.848385
12/22/2007 5:00:00 AM,0,0,-68.14436,90,0,0,0.1023708,0.1023708,0,0,0,0.1023708,0,0,1.387779E-17,0,0,0.1077587,0.1023708,0,0,7.646539,3.743389,0,0.1077587,-0.1077587,6.632297,47.37346,0.04451181,0.1126078,0,0,3.743389
12/22/2007 6:00:00 AM,0.001487109,0,-66.87765,90,0,0,0,0,0,0,0,0,0,0,0,0,0,0,0,0,0,7.766271,3.635631,0,0,0,6.632297,47.37346,0.04451181,0,0,0,3.635631
12/22/2007 7:00:00 AM,0.03489191,9.447386,-64.22305,76.73537,0.03494129,0.1568165,1.091196,1.091196,0,0,0,1.091196,14.37107,0,0,0,0.1568165,1.148627,1.091196,0,0,7.766271,3.635631,0,0.9918107,-0.9918107,5.586837,39.9059,0.04451181,1.200315,0.1254532,0,3.792447
12/22/2007 8:00:00 AM,0.08617166,22.54982,-59.85637,63.15759,0.08601255,0.3860243,0.7972867,0.7972867,0,0,0,0.7972867,48.41726,0,1.110223E-16,0,0.3860243,0.8392491,0.7972867,0,0,8.868282,2.64382,0,0.4532248,-0.4532248,5.109096,36.49347,0.04451181,0.8770154,0.3088195,0,3.029844
12/22/2007 9:00:00 AM,0.1277435,34.92105,-52.97301,49.99436,0.1273897,0.5717248,0.1316975,0.1316975,0,-1,0,0.1316975,434.1197,0,0,0,0.5717248,0.1386289,0.1316975,0,0,9.371865,2.190595,0.4330958,0,0.4330958,5.519967,39.42825,0.04450471,0.1448672,0.4573798,0,2.76232
12/22/2007 10:00:00 AM,0.2145007,45.90165,-42.03286,37.77849,0.2139797,0.9603407,1.215452,1.215452,0,0,0,1.215452,79.011,0,0,0,0.9603407,1.279423,1.215452,0,0,8.938769,2.580381,0,0.3190824,-0.3190824,5.183624,37.02581,0.04450471,1.336997,0.7682726,0,3.540722
12/22/2007 11:00:00 AM,0.3127904,54.15995,-24.79183,27.86505,0.3126534,1.403188,0.3974323,0.3974323,0,0,0,0.3974323,353.0634,0,0,0,1.403188,0.4183498,0.3974323,0,0,9.293305,2.261299,0.9848385,0,0.9848385,6.117924,43.69937,0.04448858,0.4371756,1.122551,0,3.664487
12/22/2007 12:00:00 PM,0.2076927,57.52952,-0.893944,23.43995,0.2070342,0.9291695,0,0,0,0,0,0,0,0,0,0,0.9291695,0,0,0,0,8.308467,3.147654,0.9291695,0,0.9291695,6.999412,49.9957,0.04447336,0,0.7433356,0,4.076823
12/22/2007 1:00:00 PM,0.06629059,54.58112,23.31122,27.32879,0.06599926,0.2962047,0.8331993,0.8331993,0,0,0,0.8331993,35.55028,0,0,0,0.2962047,0.8770519,0.8331993,0,0,7.379298,3.983906,0,0.5808472,-0.5808472,6.387145,45.62237,0.04447336,0.9165192,0.2369637,0,4.280111
12/22/2007 2:00:00 PM,0.00488658,46.587,41.06118,36.98805,0.004862617,0.02182342,0,0,0,-1,0,0,0,0,0,0,0.02182342,0,0,0,0,8.024683,3.403059,0.02182342,0,0.02182342,6.407848,45.77025,0.044473,0,0.01745874,0,3.424883
12/22/2007 3:00:00 PM,0.06549832,35.7427,52.36483,49.10246,0.06524052,0.2927995,1.39432,1.39432,0,0,0,1.39432,20.99944,0,0,0,0.2927995,1.467706,1.39432,0,0,8.00286,3.4227,0,1.174906,-1.174906,5.169389,36.92413,0.044473,1.533752,0.2342396,0,3.7155
12/22/2007 4:00:00 PM,0.003536487,23.44165,59.4709,62.22208,0.003519348,0.01579483,0.6112542,0.6112542,0,0,0,0.6112542,2.584004,0,1.110223E-16,0,0.01579483,0.6434255,0.6112542,0,0,9.308311,2.247794,0,0.6276306,-0.6276306,4.507808,32.19856,0.044473,0.6723796,0.01263587,0,2.263589
12/22/2007 5:00:00 PM,0.01201075,10.37693,63.98021,75.78092,0.01197142,0.05372772,0,0,0,0,0,0,0,0,0,0,0.05372772,0,0,0,0,10.00568,1.620163,0.05372772,0,0.05372772,4.558778,32.56264,0.04447212,0,0.04298218,0,1.673891
12/22/2007 6:00:00 PM,0.005564487,0,66.73911,90,0,0,0,0,0,0,0,0,0,0,0,0,0,0,0,0,0,9.951951,1.668518,0,0,0,4.558778,32.56264,0.04447212,0,0,0,1.668518
12/22/2007 7:00:00 PM,0,0,68.10009,90,0,0,0.1905269,0.1905269,0,-1,0,0.1905269,0,0,2.775558E-17,0,0,0.2005546,0.1905269,0,0,9.951951,1.668518,0,0.2005546,-0.2005546,4.347375,31.05262,0.04447212,0.2095795,0,0,1.668518
12/22/2007 8:00:00 PM,0,0,68.0246,90,0,0,0,0,0,-1,0,0,0,0,0,0,0,0,0,0,0,10.17479,1.467964,0,0,0,4.347375,31.05262,0.04447212,0,0,0,1.467964
12/22/2007 9:00:00 PM,0,0,65.93822,90,0,0,0.7512559,0.7512559,0,-1,0,0.7512559,0,0,1.110223E-16,0,0,0.7907956,0.7512559,0,0,10.17479,1.467964,0,0.7907956,-0.7907956,3.513803,25.09855,0.04447212,0.8263814,0,0,1.467964
12/22/2007 10:00:00 PM,0,0,59.98491,90,0,0,0.03146367,0.03146367,0,-1,0,0.03146367,0,0,0,0,0,0.03311965,0.03146367,0,0,11.05345,0.6771682,0,0.03311965,-0.03311965,3.478892,24.84918,0.04447212,0.03461003,0,0,0.6771682
12/22/2007 11:00:00 PM,0,0,43.97218,90,0,0,0.08015546,0.08015546,0,-1,0,0.08015546,0,0,0,0,0,0.08437417,0.08015546,0,0,11.09025,0.6440485,0,0.08437417,-0.08437417,3.389954,24.21391,0.04447212,0.08817101,0,0,0.6440485
12/23/2007 12:00:00 AM,0,0,2.353474,90,0,0,0.3618065,0.3618065,0,-1,0,0.3618065,0,0,5.551115E-17,0,0,0.380849,0.3618065,0,0,11.184,0.5596744,0,0.380849,-0.380849,2.988504,21.34641,0.04447212,0.3979872,0,0,0.5596744
12/23/2007 1:00:00 AM,0,0,-41.89436,90,0,0,0.3831983,0.1698841,0,-1,0,0.1698841,0,0,0.2133141,0.2516339,0,0.1788254,0.1698841,0,0,11.60717,0.1788254,0,0.1788254,-0.1788254,2.800006,20,0.04447212,0.4215181,0,0,0.1788254
12/23/2007 2:00:00 AM,0,0,-59.24885,90,0,0,0.5002614,0,0,-1,0,0,0,0,0.5002614,0.5502875,0,0,0,0,0,11.80586,0,0,0,0,2.800006,20,0.04447212,0.5502875,0,0,0
12/23/2007 3:00:00 AM,0,0,-65.66139,90,0,0,0.1471283,0,0,-1,0,0,0,0,0.1471283,0.1618412,0,0,0,0,0,11.80586,0,0,0,0,2.800006,20,0.04447212,0.1618412,0,0,0
12/23/2007 4:00:00 AM,0,0,-67.95351,90,0,0,0.1904893,0,0,-1,0,0,0,0,0.1904893,0.2095382,0,0,0,0,0,11.80586,0,0,0,0,2.800006,20,0.04447212,0.2095382,0,0,0
12/23/2007 5:00:00 AM,0,0,-68.15433,90,0,0,0.3223177,0.3223177,3.827581,0,1.20993,0.3223177,0,0,0,0,0,0,0,3.505263,3.33,11.80586,0,3.33,0,3.33,5.959121,42.56506,0.04470509,0.3545495,0,5,0
12/23/2007 6:00:00 AM,0.004470871,0,-66.89783,90,0,0,0.08145891,0.08145891,3.586722,0,1.144175,0.08145891,0,0,0,0,0,0,0,3.505263,3.33,8.475861,2.997,3.33,0,3.33,9.118237,65.13013,0.04491067,0.0896048,0,5,2.997
12/23/2007 7:00:00 AM,0.1395176,9.345093,-64.25469,76.84111,0.1805942,0.8105066,0,0,3.505263,0,1.121937,0,0,0,0,0,0.8105066,0,0,3.505263,3.33,5.14586,5.994,4.140507,0,4.140507,13.04627,93.18742,0.04509328,0,0.6484053,5,6.804507
12/23/2007 8:00:00 AM,0.2565265,22.45225,-59.90377,63.26068,0.2739353,1.229421,1.049385,1.049385,0,0,0,1.049385,117.1564,0,0,0,1.229421,1.104615,1.049385,0,0,1.005354,9.720456,0.124806,0,0.124806,13.16467,94.03315,0.04509122,1.154323,0.9835371,0,10.94988
12/23/2007 9:00:00 AM,0.3866432,34.83186,-53.04495,50.092,0.4049896,1.817593,0,0,0,-1,0,0,0,0.9370459,0,0,1.817593,0,0,0,0,0.8805475,9.832782,0.8805475,0,0.8805475,14.00003,100,0.04507667,0,1.454075,0,11.65037
12/23/2007 10:00:00 AM,0.5699889,45.82817,-42.14447,37.86421,0.6051841,2.716066,0.06717332,0.06717332,0,0,0,0.06717332,4043.37,2.645358,0,0,2.716066,0.07070877,0.06717332,0,0,0,10.62527,0,0,0,14.00003,100,0.04507667,0.07389066,2.172853,0,13.34134
12/23/2007 11:00:00 AM,0.5589563,54.11622,-24.95843,27.92211,0.5793974,2.600336,1.056939,1.056939,0,0,0,1.056939,246.0253,1.487769,0,0,2.600336,1.112567,1.056939,0,0,0,10.62527,0,0,0,14.00003,100,0.04507667,1.162632,2.080269,0,13.22561
12/23/2007 12:00:00 PM,0.5981628,57.53274,-1.093075,23.43747,0.6212429,2.788138,0.6616158,0.6616158,0,0,0,0.6616158,421.4134,2.0917,0,0,2.788138,0.6964378,0.6616158,0,0,0,10.62527,0,0,0,14.00003,100,0.04507667,0.7277775,2.23051,0,13.41341
12/23/2007 1:00:00 PM,0.6194093,54.6312,23.14806,27.26641,0.6497239,2.915961,1.022145,1.022145,0,0,0,1.022145,285.2785,1.840018,0,0,2.915961,1.075942,1.022145,0,0,0,10.62527,0,0,0,14.00003,100,0.04507667,1.12436,2.332768,0,13.54123
12/23/2007 2:00:00 PM,0.7309753,46.66615,40.95644,36.89774,0.7969359,3.576648,1.302145,1.302145,0,-1,0,1.302145,274.6735,2.205969,0,0,3.576648,1.370679,1.302145,0,0,0,10.62527,0,0,0,14.00003,100,0.04507667,1.43236,2.861319,0,14.20192
12/23/2007 3:00:00 PM,0.5940238,35.83646,52.30139,49.00151,0.6593984,2.95938,2.29542,2.29542,0,0,0,2.29542,128.9254,0.5431482,0,0,2.95938,2.416232,2.29542,0,0,0,10.62527,0,0,0,14.00003,100,0.04507667,2.524962,2.367504,0,13.58465
12/23/2007 4:00:00 PM,0.2794191,23.54264,59.43251,62.11689,0.3001319,1.346992,0.44294,0.44294,0,0,0,0.44294,304.1026,0.8807394,0,0,1.346992,0.4662526,0.44294,0,0,0,10.62527,0,0,0,14.00003,100,0.04507667,0.487234,1.077594,0,11.97227
12/23/2007 5:00:00 PM,0.1478449,10.48158,63.9578,75.67417,0.1826546,0.8197536,0.02405618,0.02405618,0,0,0,0.02405618,3407.663,0.7944314,0,0,0.8197536,0.0253223,0.02405618,0,0,0,10.62527,0,0,0,14.00003,100,0.04507667,0.0264618,0.6558029,0,11.44503
12/23/2007 6:00:00 PM,0.0085829,0,66.72843,90,0,0,0.3956665,0.3956665,0,0,0,0.3956665,0,0,5.551115E-17,0,0,0.4164911,0.3956665,0,0,0,10.62527,0,0.4164911,-0.4164911,13.56101,96.86415,0.04507667,0.4352331,0,0,10.62527
12/23/2007 7:00:00 PM,0,0,68.10017,90,0,0,0.7314327,0.7314327,0,-1,0,0.7314327,0,0,1.110223E-16,0,0,0.7699292,0.7314327,0,0,0.4627678,10.20878,0,0.7699292,-0.7699292,12.74943,91.06718,0.04507667,0.804576,0,0,10.20878
12/23/2007 8:00:00 PM,0,0,68.03773,90,0,0,0.9459565,0.9459565,0,-1,0,0.9459565,0,0,1.110223E-16,0,0,0.9957436,0.9459565,0,0,1.318245,9.438854,0,0.9957436,-0.9957436,11.69983,83.57001,0.04507667,1.040552,0,0,9.438854
12/23/2007 9:00:00 PM,0,0,65.9726,90,0,0,3.705071,3.33,0,-1,0,3.33,0,0,0.3750713,0.7455785,0,3.505263,3.33,0,0,2.424627,8.44311,0,3.505263,-3.505263,8.004953,57.17812,0.04507667,4.075579,0,0,8.44311
12/23/2007 10:00:00 PM,0,0,60.06551,90,0,0,0.2160139,0.2160139,0,-1,0,0.2160139,0,0,2.775558E-17,0,0,0.227383,0.2160139,0,0,6.319364,4.937847,0,0.227383,-0.227383,7.765271,55.46611,0.04507667,0.2376152,0,0,4.937847
12/23/2007 11:00:00 PM,0,0,44.18304,90,0,0,0.4728167,0.4728167,0,-1,0,0.4728167,0,0,5.551115E-17,0,0,0.4977018,0.4728167,0,0,6.572011,4.710464,0,0.4977018,-0.4977018,7.240647,51.7188,0.04507667,0.5200983,0,0,4.710464
12/24/2007 12:00:00 AM,0,0,2.784281,90,0,0,0.09646232,0.09646232,0,-1,0,0.09646232,0,0,1.387779E-17,0,0,0.1015393,0.09646232,0,0,7.125013,4.212762,0,0.1015393,-0.1015393,7.133615,50.95429,0.04507667,0.1061085,0,0,4.212762
12/24/2007 1:00:00 AM,0,0,-41.70094,90,0,0,0.1515652,0.1515652,0,-1,0,0.1515652,0,0,0,0,0,0.1595423,0.1515652,0,0,7.237834,4.111223,0,0.1595423,-0.1595423,6.965443,49.75306,0.04507667,0.1667217,0,0,4.111223
12/24/2007 2:00:00 AM,0,0,-59.19253,90,0,0,0.2072702,0.2072702,0,-1,0,0.2072702,0,0,2.775558E-17,0,0,0.2181792,0.2072702,0,0,7.415104,3.951681,0,0.2181792,-0.2181792,6.735462,48.11034,0.04507667,0.2279973,0,0,3.951681
12/24/2007 3:00:00 AM,0,0,-65.64865,90,0,0,0,0,0,-1,0,0,0,0,0,0,0,0,0,0,0,7.657525,3.733502,0,0,0,6.735462,48.11034,0.04507667,0,0,0,3.733502
12/24/2007 4:00:00 AM,0,0,-67.95938,90,0,0,0.2875821,0.2875821,0,-1,0,0.2875821,0,0,5.551115E-17,0,0,0.302718,0.2875821,0,0,7.657525,3.733502,0,0.302718,-0.302718,6.416369,45.83112,0.04507667,0.3163403,0,0,3.733502
12/24/2007 5:00:00 AM,0,0,-68.17152,90,0,0,0.6534423,0.6534423,0,0,0,0.6534423,0,0,0,0,0,0.687834,0.6534423,0,0,7.993878,3.430784,0,0.687834,-0.687834,5.691329,40.65226,0.04507667,0.7187865,0,0,3.430784
12/24/2007 6:00:00 AM,0.002062679,0,-66.92485,90,0,0,0.4758703,0.4758703,0,0,0,0.4758703,0,0,5.551115E-17,0,0,0.5009161,0.4758703,0,0,8.758139,2.74295,0,0.5009161,-0.5009161,5.163317,36.88076,0.04507667,0.5234573,0,0,2.74295
12/24/2007 7:00:00 AM,0.08512964,9.244346,-64.29308,76.94629,0.09068088,0.4069758,0.5517419,0.5517419,0,0,0,0.5517419,73.76199,0,0,0,0.4069758,0.5807809,0.5517419,0,0,9.314712,2.242034,0,0.1738051,-0.1738051,4.98011,35.57214,0.04507667,0.6069161,0.3255806,0,2.649009
12/24/2007 8:00:00 AM,0.1610901,22.35703,-59.95807,63.36242,0.1623021,0.7284117,0.958195,0.958195,0,0,0,0.958195,76.01915,2.220446E-16,0,0,0.7284117,1.008626,0.958195,0,0,9.507829,2.068228,0,0.2802146,-0.2802146,4.684738,33.46235,0.04507667,1.054014,0.5827293,0,2.79664
12/24/2007 9:00:00 AM,0.3697912,34.74601,-53.124,50.18732,0.3849262,1.727549,0.1679392,0.1679392,0,-1,0,0.1679392,1028.675,0,0,0,1.727549,0.1767781,0.1679392,0,0,9.819179,1.788014,1.550771,0,1.550771,6.155928,43.97083,0.04505106,0.1847332,1.382039,0,3.515563
12/24/2007 10:00:00 AM,0.6261712,45.75924,-42.26302,37.94632,0.6736563,3.023369,0.5039449,0.5039449,0,0,0,0.5039449,599.9404,0,0,0,3.023369,0.5304683,0.5039449,0,0,8.268408,3.183707,2.492901,0,2.492901,8.520902,60.86346,0.04500997,0.5543394,2.418695,0,6.207077
12/24/2007 11:00:00 AM,0.6989651,54.07831,-25.13022,27.97392,0.7454824,3.345725,1.639923,1.639923,0,0,0,1.639923,204.0172,0,0,0,3.345725,1.726234,1.639923,0,0,5.775506,5.427318,1.619491,0,1.619491,10.05729,71.83761,0.04498332,1.803915,2.67658,0,8.773044
12/24/2007 12:00:00 PM,0.6591436,57.5425,-1.292784,23.42859,0.6928795,3.109643,0,0,0,0,0,0,0,0,0,0,3.109643,0,0,0,0,4.156016,6.88486,3.109643,0,3.109643,13.00735,92.90947,0.04493222,0,2.487715,0,9.994503
12/24/2007 1:00:00 PM,0.5881706,54.68733,22.98928,27.19844,0.6127986,2.75024,0.7638476,0.7638476,0,0,0,0.7638476,360.0509,0.8998172,0,0,2.75024,0.8040501,0.7638476,0,0,1.046373,9.683538,1.046373,0,1.046373,14.00003,100,0.04491505,0.8402323,2.200192,0,12.43378
12/24/2007 2:00:00 PM,0.7193455,46.75016,40.85831,36.80344,0.7831383,3.514725,0.4675837,0.4675837,0,-1,0,0.4675837,751.6783,3.022531,0,0,3.514725,0.4921933,0.4675837,0,0,0,10.62527,0,0,0,14.00003,100,0.04491505,0.514342,2.81178,0,14.14
12/24/2007 3:00:00 PM,0.4800634,35.93389,52.24494,48.89787,0.5180442,2.324982,0.5435963,0.5435963,0,0,0,0.5435963,427.7039,1.752776,0,0,2.324982,0.5722066,0.5435963,0,0,0,10.62527,0,0,0,14.00003,100,0.04491505,0.5979559,1.859986,0,12.95026
12/24/2007 4:00:00 PM,0.1473992,23.64632,59.40096,62.01001,0.1476733,0.6627578,1.47543,1.47543,0,0,0,1.47543,44.91964,0,0,0,0.6627578,1.553084,1.47543,0,0,0,10.62527,0,0.8903262,-0.8903262,13.06154,93.29654,0.04491505,1.622973,0.5302062,0,11.28803
12/24/2007 5:00:00 PM,0.06345872,10.5881,63.94209,75.56654,0.06386781,0.2866387,0.4614099,0.4614099,0,0,0,0.4614099,62.12237,0,5.551115E-17,0,0.2866387,0.4856946,0.4614099,0,0,0.9892514,9.734948,0,0.1990559,-0.1990559,12.85172,91.79781,0.04491505,0.5075508,0.229311,0,10.02159
12/24/2007 6:00:00 PM,0.006957609,0,66.72454,90,0,0,1.463075,1.463075,0,0,0,1.463075,0,0,2.220446E-16,0,0,1.540079,1.463075,0,0,1.210425,9.535892,0,1.540079,-1.540079,11.22833,80.20222,0.04491505,1.609382,0,0,9.535892
12/24/2007 7:00:00 PM,0,0,68.10741,90,0,0,0.5294868,0.5294868,0,-1,0,0.5294868,0,0,1.110223E-16,0,0,0.5573545,0.5294868,0,0,2.921623,7.995813,0,0.5573545,-0.5573545,10.64083,76.00578,0.04491505,0.5824355,0,0,7.995813
12/24/2007 8:00:00 PM,0,0,68.05877,90,0,0,0,0,0,-1,0,0,0,0,0,0,0,0,0,0,0,3.540906,7.438459,0,0,0,10.64083,76.00578,0.04491505,0,0,0,7.438459
12/24/2007 9:00:00 PM,0,0,66.01626,90,0,0,0.6082129,0.6082129,0,-1,0,0.6082129,0,0,1.110223E-16,0,0,0.6402242,0.6082129,0,0,3.540906,7.438459,0,0.6402242,-0.6402242,9.965974,71.18539,0.04491505,0.6690342,0,0,7.438459
12/24/2007 10:00:00 PM,0,0,60.1576,90,0,0,0.04496791,0.04496791,0,-1,0,0.04496791,0,0,0,0,0,0.04733464,0.04496791,0,0,4.252266,6.798234,0,0.04733464,-0.04733464,9.916079,70.82899,0.04491505,0.0494647,0,0,6.798234
12/24/2007 11:00:00 PM,0,0,44.40715,90,0,0,0.1656421,0.1656421,0,-1,0,0.1656421,0,0,2.775558E-17,0,0,0.1743601,0.1656421,0,0,4.30486,6.7509,0,0.1743601,-0.1743601,9.732287,69.5162,0.04491505,0.1822063,0,0,6.7509
12/25/2007 12:00:00 AM,0,0,3.217276,90,0,0,0.1094987,0.1094987,0,-1,0,0.1094987,0,0,1.387779E-17,0,0,0.1152618,0.1094987,0,0,4.498594,6.57654,0,0.1152618,-0.1152618,9.61079,68.64837,0.04491505,0.1204485,0,0,6.57654
12/25/2007 1:00:00 AM,0,0,-41.52032,90,0,0,0,0,0,-1,0,0,0,0,0,0,0,0,0,0,0,4.626662,6.461278,0,0,0,9.61079,68.64837,0.04491505,0,0,0,6.461278
12/25/2007 2:00:00 AM,0,0,-59.14803,90,0,0,0.009859757,0.009859757,0,-1,0,0.009859757,0,0,0,0,0,0.01037869,0.009859757,0,0,4.626662,6.461278,0,0.01037869,-0.01037869,9.599851,68.57022,0.04491505,0.01084573,0,0,6.461278
12/25/2007 3:00:00 AM,0,0,-65.64544,90,0,0,0.3111222,0.3111222,0,-1,0,0.3111222,0,0,5.551115E-17,0,0,0.3274971,0.3111222,0,0,4.638194,6.4509,0,0.3274971,-0.3274971,9.254639,66.10443,0.04491505,0.3422345,0,0,6.4509
12/25/2007 4:00:00 AM,0,0,-67.97331,90,0,0,0.1779618,0.1779618,0,-1,0,0.1779618,0,0,0,0,0,0.1873282,0.1779618,0,0,5.00208,6.123402,0,0.1873282,-0.1873282,9.057178,64.69399,0.04491505,0.195758,0,0,6.123402
12/25/2007 5:00:00 AM,0,0,-68.19595,90,0,0,0.5114666,0.5114666,0,0,0,0.5114666,0,0,0,0,0,0.5383859,0.5114666,0,0,5.210222,5.936074,0,0.5383859,-0.5383859,8.489669,60.64037,0.04491505,0.5626133,0,0,5.936074
12/25/2007 6:00:00 AM,0.00239625,0,-66.95869,90,0,0,0.3887786,0.3887786,0,0,0,0.3887786,0,0,5.551115E-17,0,0,0.4092406,0.3887786,0,0,5.808429,5.397688,0,0.4092406,-0.4092406,8.058291,57.5591,0.04491505,0.4276565,0,0,5.397688
12/25/2007 7:00:00 AM,0.101206,9.145226,-64.3382,77.05083,0.11472,0.5148634,1.413398,1.413398,0,0,0,1.413398,36.42734,0,2.220446E-16,0,0.5148634,1.487788,1.413398,0,0,6.263141,4.988448,0,0.9729244,-0.9729244,7.032739,50.23375,0.04491505,1.554738,0.4118907,0,5.503311
12/25/2007 8:00:00 AM,0.2752508,22.26425,-60.01922,63.46272,0.2992597,1.343078,1.300217,1.300217,0,0,0,1.300217,103.2964,0,0,0,1.343078,1.368649,1.300217,0,0,7.344168,4.015523,0,0.02557181,-0.02557181,7.005784,50.04121,0.04491505,1.430239,1.074462,0,5.358601
12/25/2007 9:00:00 AM,0.6225136,34.66355,-53.21009,50.28024,0.6954749,3.121291,0.6884009,0.6884009,0,-1,0,0.6884009,453.4118,0,0,0,3.121291,0.7246326,0.6884009,0,0,7.372581,3.989951,2.396659,0,2.396659,9.279453,66.28168,0.04487578,0.757241,2.497033,0,7.111243
12/25/2007 10:00:00 AM,0.8178837,45.69487,-42.38844,38.02476,0.8966883,4.024337,1.235533,1.235533,0,0,0,1.235533,325.7166,0,0,0,4.024337,1.300561,1.235533,0,0,4.975922,6.146944,2.723776,0,2.723776,11.86345,84.73879,0.04483123,1.359087,3.21947,0,10.17128
12/25/2007 11:00:00 AM,0.7072007,54.04623,-25.30712,28.02047,0.7553351,3.389944,1.205756,1.205756,0,0,0,1.205756,281.1468,0,0,0,3.389944,1.269217,1.205756,0,0,2.252146,8.598342,2.120727,0,2.120727,13.87535,99.10947,0.04479661,1.326331,2.711955,0,11.98829
12/25/2007 12:00:00 PM,0.7145925,57.5588,-1.493022,23.41333,0.7587206,3.405138,0.9409369,0.9409369,0,0,0,0.9409369,361.8881,2.283259,0,0,3.405138,0.9904599,0.9409369,0,0,0.1314193,10.507,0.1314193,0,0.1314193,14.00003,100,0.04479447,1.035031,2.724111,0,13.91214
12/25/2007 1:00:00 PM,0.5922593,54.7495,22.83498,27.1249,0.6174958,2.771321,1.02194,1.02194,0,0,0,1.02194,271.1824,1.695595,0,0,2.771321,1.075726,1.02194,0,0,0,10.62527,0,0,0,14.00003,100,0.04479447,1.124134,2.217057,0,13.3966
12/25/2007 2:00:00 PM,0.5196439,46.83899,40.76689,36.70519,0.542837,2.436252,0.7903229,0.7903229,0,-1,0,0.7903229,308.2604,1.604333,0,0,2.436252,0.8319189,0.7903229,0,0,0,10.62527,0,0,0,14.00003,100,0.04479447,0.8693552,1.949002,0,13.06153
12/25/2007 3:00:00 PM,0.531919,36.03493,52.19553,48.79162,0.5827834,2.615532,1.004997,1.004997,0,0,0,1.004997,260.2526,1.55764,0,0,2.615532,1.057892,1.004997,0,0,0,10.62527,0,0,0,14.00003,100,0.04479447,1.105497,2.092426,0,13.24081
12/25/2007 4:00:00 PM,0.2824497,23.75261,59.37627,61.90151,0.3033432,1.361404,1.434206,1.434206,0,0,0,1.434206,94.92387,0,0,0,1.361404,1.509691,1.434206,0,0,0,10.62527,0,0.1482867,-0.1482867,13.84372,98.88351,0.04479447,1.577627,1.089123,0,11.98668
12/25/2007 5:00:00 PM,0.1397944,10.69641,63.9331,75.4581,0.1665885,0.7476492,0,0,0,0,0,0,0,0.5828862,0,0,0.7476492,0,0,0,0,0.164763,10.47699,0.164763,0,0.164763,14.00003,100,0.04479178,0,0.5981194,0,11.22464
12/25/2007 6:00:00 PM,0.005316317,0,66.72743,90,0,0,0,0,0,0,0,0,0,0,0,0,0,0,0,0,0,0,10.62527,0,0,0,14.00003,100,0.04479178,0,0,0,10.62527
12/25/2007 7:00:00 PM,0,0,68.12177,90,0,0,1.067469,1.067469,0,-1,0,1.067469,0,0,2.220446E-16,0,0,1.123652,1.067469,0,0,0,10.62527,0,1.123652,-1.123652,12.81559,91.53978,0.04479178,1.174216,0,0,10.62527
12/25/2007 8:00:00 PM,0,0,68.08768,90,0,0,2.486927,2.486927,0,-1,0,2.486927,0,0,0,0,0,2.617818,2.486927,0,0,1.248502,9.501622,0,2.617818,-2.617818,10.05617,71.82966,0.04479178,2.73562,0,0,9.501622
12/25/2007 9:00:00 PM,0,0,66.06915,90,0,0,0.2193483,0.2193483,0,-1,0,0.2193483,0,0,2.775558E-17,0,0,0.230893,0.2193483,0,0,4.157188,6.883804,0,0.230893,-0.230893,9.81279,70.09122,0.04479178,0.2412832,0,0,6.883804
12/25/2007 10:00:00 PM,0,0,60.26106,90,0,0,0.2417656,0.2417656,0,-1,0,0.2417656,0,0,2.775558E-17,0,0,0.2544901,0.2417656,0,0,4.413736,6.652912,0,0.2544901,-0.2544901,9.544534,68.17511,0.04479178,0.2659421,0,0,6.652912
12/25/2007 11:00:00 PM,0,0,44.64437,90,0,0,0.4140765,0.4140765,0,-1,0,0.4140765,0,0,5.551115E-17,0,0,0.43587,0.4140765,0,0,4.696503,6.398421,0,0.43587,-0.43587,9.085087,64.89335,0.04479178,0.4554842,0,0,6.398421
12/26/2007 12:00:00 AM,0,0,3.652682,90,0,0,0.3783981,0.3783981,0,-1,0,0.3783981,0,0,5.551115E-17,0,0,0.3983138,0.3783981,0,0,5.180803,5.962552,0,0.3983138,-0.3983138,8.665227,61.89436,0.04479178,0.4162379,0,0,5.962552
12/26/2007 1:00:00 AM,0,0,-41.35271,90,0,0,0.1888688,0.1888688,0,-1,0,0.1888688,0,0,0,0,0,0.1988092,0.1888688,0,0,5.623374,5.564238,0,0.1988092,-0.1988092,8.455664,60.39748,0.04479178,0.2077557,0,0,5.564238
12/26/2007 2:00:00 AM,0,0,-59.1155,90,0,0,0.166624,0.166624,0,-1,0,0.166624,0,0,2.775558E-17,0,0,0.1753936,0.166624,0,0,5.844273,5.365428,0,0.1753936,-0.1753936,8.270782,59.0769,0.04479178,0.1832864,0,0,5.365428
12/26/2007 3:00:00 AM,0,0,-65.65182,90,0,0,0,0,0,-1,0,0,0,0,0,0,0,0,0,0,0,6.039155,5.190035,0,0,0,8.270782,59.0769,0.04479178,0,0,0,5.190035
12/26/2007 4:00:00 AM,0,0,-67.99534,90,0,0,0.04889919,0.04889919,0,-1,0,0.04889919,0,0,6.938894E-18,0,0,0.05147283,0.04889919,0,0,6.039155,5.190035,0,0.05147283,-0.05147283,8.216525,58.68935,0.04479178,0.05378911,0,0,5.190035
12/26/2007 5:00:00 AM,0,0,-68.22761,90,0,0,0.05844242,0.05844242,0,0,0,0.05844242,0,0,6.938894E-18,0,0,0.06151834,0.05844242,0,0,6.096347,5.138562,0,0.06151834,-0.06151834,8.151679,58.22617,0.04479178,0.06428667,0,0,5.138562
12/26/2007 6:00:00 AM,0.003200007,0,-66.99934,90,0,0,0.2299681,0.2299681,0,0,0,0.2299681,0,0,0,0,0,0.2420716,0.2299681,0,0,6.164701,5.077044,0,0.2420716,-0.2420716,7.896513,56.40356,0.04479178,0.2529649,0,0,5.077044
12/26/2007 7:00:00 AM,0.1481771,9.04781,-64.39001,77.15464,0.1999869,0.8975414,0.5237815,0.5237815,0,0,0,0.5237815,171.358,0,0,0,0.8975414,0.551349,0.5237815,0,0,6.433669,4.834972,0.3461924,0,0.3461924,8.22494,58.74946,0.04478613,0.5761597,0.7180331,0,5.732513
12/26/2007 8:00:00 AM,0.4281355,22.17397,-60.08717,63.56152,0.5013136,2.249896,1.760836,1.760836,0,0,0,1.760836,127.7743,0,0,0,2.249896,1.853511,1.760836,0,0,6.087477,5.146545,0.3963843,0,0.3963843,8.600984,61.43547,0.04477967,1.936919,1.799917,0,7.396441
12/26/2007 9:00:00 AM,0.6484511,34.58454,-53.30316,50.3707,0.7249854,3.253735,1.690176,1.690176,0,-1,0,1.690176,192.5086,0,0,0,3.253735,1.779133,1.690176,0,0,5.691092,5.503291,1.474602,0,1.474602,9.999914,71.42781,0.04475565,1.859194,2.602988,0,8.757026
12/26/2007 10:00:00 AM,0.8747766,45.63511,-42.52065,38.09951,0.9597966,4.307567,0.3620681,0.3620681,0,0,0,0.3620681,1189.712,0,0,0,4.307567,0.3811243,0.3620681,0,0,4.216491,6.830432,3.926443,0,3.926443,13.72486,98.03455,0.0446918,0.3982749,3.446054,0,11.138
12/26/2007 11:00:00 AM,0.9954559,54.01998,-25.48906,28.06175,1.082488,4.858208,1.461318,1.461318,0,0,0,1.461318,332.4539,3.029931,0,0,4.858208,1.538229,1.461318,0,0,0.2900479,10.36423,0.2900479,0,0.2900479,14.00003,100,0.04468709,1.607449,3.886566,0,15.22244
12/26/2007 12:00:00 PM,0.9892201,57.58162,-1.693742,23.39168,1.072133,4.811732,0.7867559,0.7867559,0,0,0,0.7867559,611.5914,3.983567,0,0,4.811732,0.8281641,0.7867559,0,0,0,10.62527,0,0,0,14.00003,100,0.04468709,0.8654315,3.849385,0,15.43701
12/26/2007 1:00:00 PM,0.9133065,54.81769,22.68522,27.0458,0.9915365,4.450016,0.1053064,0.1053064,0,0,0,0.1053064,4225.778,4.339167,0,0,4.450016,0.1108489,0.1053064,0,0,0,10.62527,0,0,0,14.00003,100,0.04468709,0.1158371,3.560013,0,15.07529
12/26/2007 2:00:00 PM,0.8156462,46.93259,40.68225,36.60305,0.8925682,4.005846,0,0,0,-1,0,0,0,4.005846,0,0,4.005846,0,0,0,0,0,10.62527,0,0,0,14.00003,100,0.04468709,0,3.204677,0,14.63112
12/26/2007 3:00:00 PM,0.6903843,36.13953,52.15324,48.68282,0.7693799,3.452977,0,0,0,0,0,0,0,3.452977,0,0,3.452977,0,0,0,0,0,10.62527,0,0,0,14.00003,100,0.04468709,0,2.762382,0,14.07825
12/26/2007 4:00:00 PM,0.419903,23.86144,59.35851,61.79148,0.4853857,2.178411,0,0,0,0,0,0,0,2.178411,0,0,2.178411,0,0,0,0,0,10.62527,0,0,0,14.00003,100,0.04468709,0,1.742729,0,12.80369
12/26/2007 5:00:00 PM,0.1619504,10.80642,63.93087,75.34895,0.203725,0.914318,0.5206732,0.5206732,0,0,0,0.5206732,175.6031,0.3662409,0,0,0.914318,0.548077,0.5206732,0,0,0,10.62527,0,0,0,14.00003,100,0.04468709,0.5727405,0.7314544,0,11.53959
12/26/2007 6:00:00 PM,0.007395486,0,66.73711,90,0,0,0.3815196,0.3815196,0,0,0,0.3815196,0,0,5.551115E-17,0,0,0.4015996,0.3815196,0,0,0,10.62527,0,0.4015996,-0.4015996,13.5767,96.97627,0.04468709,0.4196716,0,0,10.62527
12/26/2007 7:00:00 PM,0,0,68.14324,90,0,0,1.857413,1.857413,0,-1,0,1.857413,0,0,2.220446E-16,0,0,1.955172,1.857413,0,0,0.4462218,10.22367,0,1.955172,-1.955172,11.51577,82.25536,0.04468709,2.043154,0,0,10.22367
12/26/2007 8:00:00 PM,0,0,68.12445,90,0,0,0,0,0,-1,0,0,0,0,0,0,0,0,0,0,0,2.618635,8.268503,0,0,0,11.51577,82.25536,0.04468709,0,0,0,8.268503
12/26/2007 9:00:00 PM,0,0,66.13117,90,0,0,0.5399556,0.5399556,0,-1,0,0.5399556,0,0,0,0,0,0.5683743,0.5399556,0,0,2.618635,8.268503,0,0.5683743,-0.5683743,10.91665,77.97594,0.04468709,0.5939512,0,0,8.268503
12/26/2007 10:00:00 PM,0,0,60.37576,90,0,0,0.06583957,0.06583957,0,-1,0,0.06583957,0,0,1.387779E-17,0,0,0.06930481,0.06583957,0,0,3.250162,7.700129,0,0.06930481,-0.06930481,10.8436,77.45413,0.04468709,0.07242353,0,0,7.700129
12/26/2007 11:00:00 PM,0,0,44.89454,90,0,0,0.02618704,0.02618704,0,-1,0,0.02618704,0,0,3.469447E-18,0,0,0.0275653,0.02618704,0,0,3.327167,7.630824,0,0.0275653,-0.0275653,10.81454,77.24659,0.04468709,0.02880574,0,0,7.630824
12/27/2007 12:00:00 AM,0,0,4.090728,90,0,0,0,0,0,-1,0,0,0,0,0,0,0,0,0,0,0,3.357795,7.603259,0,0,0,10.81454,77.24659,0.04468709,0,0,0,7.603259
12/27/2007 1:00:00 AM,0,0,-41.19834,90,0,0,0.1208321,0.1208321,0,-1,0,0.1208321,0,0,0,0,0,0.1271917,0.1208321,0,0,3.357795,7.603259,0,0.1271917,-0.1271917,10.68047,76.28893,0.04468709,0.1329153,0,0,7.603259
12/27/2007 2:00:00 AM,0,0,-59.09509,90,0,0,0,0,0,-1,0,0,0,0,0,0,0,0,0,0,0,3.49912,7.476067,0,0,0,10.68047,76.28893,0.04468709,0,0,0,7.476067
12/27/2007 3:00:00 AM,0,0,-65.66788,90,0,0,0,0,0,-1,0,0,0,0,0,0,0,0,0,0,0,3.49912,7.476067,0,0,0,10.68047,76.28893,0.04468709,0,0,0,7.476067
12/27/2007 4:00:00 AM,0,0,-68.02549,90,0,0,0.1995147,0.1995147,0,-1,0,0.1995147,0,0,2.775558E-17,0,0,0.2100154,0.1995147,0,0,3.49912,7.476067,0,0.2100154,-0.2100154,10.4591,74.70768,0.04468709,0.2194661,0,0,7.476067
12/27/2007 5:00:00 AM,0,0,-68.2665,90,0,0,0.2285869,0.2285869,0,0,0,0.2285869,0,0,2.775558E-17,0,0,0.2406178,0.2285869,0,0,3.73247,7.266051,0,0.2406178,-0.2406178,10.20546,72.89602,0.04468709,0.2514455,0,0,7.266051
12/27/2007 6:00:00 AM,0.003024195,0,-67.04678,90,0,0,0.2315072,0.2315072,0,0,0,0.2315072,0,0,2.775558E-17,0,0,0.2436917,0.2315072,0,0,3.999823,7.025434,0,0.2436917,-0.2436917,9.948589,71.06121,0.04468709,0.2546579,0,0,7.025434
12/27/2007 7:00:00 AM,0.1758346,8.952175,-64.44849,77.25764,0.2454121,1.101409,0.4737374,0.4737374,0,0,0,0.4737374,232.4937,0,0,0,1.101409,0.4986709,0.4737374,0,0,4.270592,6.781742,0.6027384,0,0.6027384,10.5204,75.14555,0.04467731,0.5211111,0.8811274,0,7.883151
12/27/2007 8:00:00 AM,0.4160774,22.08626,-60.16186,63.65873,0.4871453,2.186308,0,0,0,0,0,0,0,0,0,0,2.186308,0,0,0,0,3.667853,7.324206,2.186308,0,2.186308,12.59451,89.96061,0.04464186,0,1.749046,0,9.510514
12/27/2007 9:00:00 AM,0.5886901,34.50904,-53.40313,50.45864,0.6562689,2.945335,0.1036248,0.1036248,0,-1,0,0.1036248,2842.307,1.354711,0,0,2.945335,0.1090787,0.1036248,0,0,1.481545,9.291883,1.481545,0,1.481545,14.00003,100,0.04461787,0.1139873,2.356268,0,12.23722
12/27/2007 10:00:00 AM,0.6858648,45.57998,-42.65955,38.17054,0.7457411,3.346886,0.6147041,0.6147041,0,0,0,0.6147041,544.4711,2.699829,0,0,3.346886,0.6470569,0.6147041,0,0,0,10.62527,0,0,0,14.00003,100,0.04461787,0.6761745,2.677509,0,13.97216
12/27/2007 11:00:00 AM,0.6435896,53.99958,-25.67598,28.09776,0.6792741,3.048583,0.5958316,0.5958316,0,0,0,0.5958316,511.6517,2.421391,0,0,3.048583,0.6271911,0.5958316,0,0,0,10.62527,0,0,0,14.00003,100,0.04461787,0.6554147,2.438866,0,13.67386
12/27/2007 12:00:00 PM,0.5569426,57.61098,-1.894895,23.36366,0.573586,2.574254,0,0,0,0,0,0,0,2.574254,0,0,2.574254,0,0,0,0,0,10.62527,0,0,0,14.00003,100,0.04461787,0,2.059403,0,13.19953
12/27/2007 1:00:00 PM,0.6784089,54.89186,22.54009,26.96118,0.7194777,3.229016,1.033296,1.033296,0,0,0,1.033296,312.4967,2.141336,0,0,3.229016,1.08768,1.033296,0,0,0,10.62527,0,0,0,14.00003,100,0.04461787,1.136626,2.583213,0,13.85429
12/27/2007 2:00:00 PM,0.8682422,47.03092,40.60451,36.49708,0.9505208,4.265937,0.09813348,0.09813348,0,-1,0,0.09813348,4347.076,4.162639,0,0,4.265937,0.1032984,0.09813348,0,0,0,10.62527,0,0,0,14.00003,100,0.04461787,0.1079468,3.41275,0,14.89121
12/27/2007 3:00:00 PM,0.6226799,36.2476,52.11813,48.57156,0.6920048,3.105718,0.7443503,0.7443503,0,0,0,0.7443503,417.2387,2.322191,0,0,3.105718,0.7835267,0.7443503,0,0,0,10.62527,0,0,0,14.00003,100,0.04461787,0.8187854,2.484574,0,13.73099
12/27/2007 4:00:00 PM,0.4399624,23.97272,59.34771,61.68,0.5095512,2.286866,1.398081,1.398081,0,0,0,1.398081,163.5718,0.8152018,0,0,2.286866,1.471664,1.398081,0,0,0,10.62527,0,0,0,14.00003,100,0.04461787,1.537889,1.829493,0,12.91214
12/27/2007 5:00:00 PM,0.1748678,10.91805,63.93541,75.23915,0.2245237,1.007662,0,0,0,0,0,0,0,1.007662,0,0,1.007662,0,0,0,0,0,10.62527,0,0,0,14.00003,100,0.04461787,0,0.8061298,0,11.63294
12/27/2007 6:00:00 PM,0.007350898,0,66.75359,90,0,0,0,0,0,0,0,0,0,0,0,0,0,0,0,0,0,0,10.62527,0,0,0,14.00003,100,0.04461787,0,0,0,10.62527
12/27/2007 7:00:00 PM,0,0,68.17183,90,0,0,2.514438,2.514438,0,-1,0,2.514438,0,0,4.440892E-16,0,0,2.646777,2.514438,0,0,0,10.62527,0,2.646777,-2.646777,11.21008,80.07184,0.04461787,2.765882,0,0,10.62527
12/27/2007 8:00:00 PM,0,0,68.16902,90,0,0,2.232522,2.232522,0,-1,0,2.232522,0,0,0,0,0,2.350023,2.232522,0,0,2.940864,7.978497,0,2.350023,-2.350023,8.732938,62.378,0.04461787,2.455774,0,0,7.978497
12/27/2007 9:00:00 PM,0,0,66.20228,90,0,0,2.545224,2.545224,0,-1,0,2.545224,0,0,4.440892E-16,0,0,2.679183,2.545224,0,0,5.552001,5.628474,0,2.679183,-2.679183,5.908831,42.20585,0.04461787,2.799746,0,0,5.628474
12/27/2007 10:00:00 PM,0,0,60.50155,90,0,0,0,0,0,-1,0,0,0,0,0,0,0,0,0,0,0,8.528871,2.949291,0,0,0,5.908831,42.20585,0.04461787,0,0,0,2.949291
12/27/2007 11:00:00 PM,0,0,45.15751,90,0,0,0.1003081,0.1003081,0,-1,0,0.1003081,0,0,1.387779E-17,0,0,0.1055874,0.1003081,0,0,8.528871,2.949291,0,0.1055874,-0.1055874,5.797532,41.41086,0.04461787,0.1103389,0,0,2.949291
12/28/2007 12:00:00 AM,0,0,4.531647,90,0,0,0.1658242,0.1658242,0,-1,0,0.1658242,0,0,0,0,0,0.1745518,0.1658242,0,0,8.64619,2.843703,0,0.1745518,-0.1745518,5.613538,40.09662,0.04461787,0.1824066,0,0,2.843703
12/28/2007 1:00:00 AM,0,0,-41.05746,90,0,0,0.2042113,0.2042113,0,-1,0,0.2042113,0,0,2.775558E-17,0,0,0.2149593,0.2042113,0,0,8.840137,2.669152,0,0.2149593,-0.2149593,5.386951,38.47815,0.04461787,0.2246324,0,0,2.669152
12/28/2007 2:00:00 AM,0,0,-59.08696,90,0,0,0.2341144,0.2341144,0,-1,0,0.2341144,0,0,0,0,0,0.2464362,0.2341144,0,0,9.078979,2.454192,0,0.2464362,-0.2464362,5.127185,36.62268,0.04461787,0.2575258,0,0,2.454192
12/28/2007 3:00:00 AM,0,0,-65.69367,90,0,0,0.1843657,0.1843657,0,-1,0,0.1843657,0,0,0,0,0,0.1940692,0.1843657,0,0,9.352798,2.207756,0,0.1940692,-0.1940692,4.922618,35.16149,0.04461787,0.2028023,0,0,2.207756
12/28/2007 4:00:00 AM,0,0,-68.06377,90,0,0,0.2662714,0.2662714,0,-1,0,0.2662714,0,0,5.551115E-17,0,0,0.2802857,0.2662714,0,0,9.56843,2.013687,0,0.2802857,-0.2802857,4.627171,33.05116,0.04461787,0.2928986,0,0,2.013687
12/28/2007 5:00:00 AM,0,0,-68.31264,90,0,0,0.205581,0.205581,0,0,0,0.205581,0,0,2.775558E-17,0,0,0.216401,0.205581,0,0,9.879859,1.733401,0,0.216401,-0.216401,4.399064,31.42182,0.04461787,0.2261391,0,0,1.733401
12/28/2007 6:00:00 AM,0.002786543,0,-67.10101,90,0,0,0.2740818,0.2740818,0,0,0,0.2740818,0,0,0,0,0,0.2885071,0.2740818,0,0,10.1203,1.517,0,0.2885071,-0.2885071,4.094951,29.24959,0.04461787,0.3014899,0,0,1.517
12/28/2007 7:00:00 AM,0.1411651,8.8584,-64.51359,77.35976,0.1895756,0.8508152,0.4761941,0.4761941,0,0,0,0.4761941,178.6699,0,0,0,0.8508152,0.5012569,0.4761941,0,0,10.44087,1.228493,0.3495584,0,0.3495584,4.426571,31.6183,0.04461221,0.5238134,0.6806522,0,2.079308
12/28/2007 8:00:00 AM,0.37696,22.00118,-60.24325,63.75428,0.4385272,1.96811,0.5804359,0.5804359,0,0,0,0.5804359,339.0745,0,0,0,1.96811,0.6109852,0.5804359,0,0,10.09131,1.543096,1.357125,0,1.357125,5.714053,40.81458,0.04459026,0.6384795,1.574488,0,3.511206
12/28/2007 9:00:00 AM,0.5254771,34.4371,-53.50995,50.54401,0.5794814,2.600712,0.06236384,0.06236384,0,-1,0,0.06236384,4170.225,0,0,0,2.600712,0.06564614,0.06236384,0,0,8.734184,2.764508,2.535066,0,2.535066,8.119028,57.99294,0.04454933,0.06860022,2.08057,0,5.36522
12/28/2007 10:00:00 AM,0.7719703,45.52953,-42.80508,38.23779,0.845556,3.794855,0.5789397,0.5789397,0,0,0,0.5789397,655.4836,0,0,0,3.794855,0.6094102,0.5789397,0,0,6.199119,5.046067,3.185445,0,3.185445,11.14101,79.57845,0.04449799,0.6368337,3.035884,0,8.840922
12/28/2007 11:00:00 AM,0.8639956,53.98505,-25.86782,28.12848,0.9375849,4.207881,1.9076,1.9076,0,0,0,1.9076,220.5851,0,0,0,4.207881,2.008,1.9076,0,0,3.013674,7.912968,2.199881,0,2.199881,13.228,94.4855,0.04446261,2.09836,3.366305,0,12.12085
12/28/2007 12:00:00 PM,0.9812511,57.64685,-2.096434,23.32928,1.063148,4.77141,0.2628161,0.2628161,0,0,0,0.2628161,1815.494,3.680968,0,0,4.77141,0.2766485,0.2628161,0,0,0.8137929,9.89286,0.8137929,0,0.8137929,14.00003,100,0.04444953,0.2890977,3.817128,0,14.66427
12/28/2007 1:00:00 PM,0.863161,54.972,22.39969,26.87106,0.9354638,4.198361,1.198068,1.198068,0,0,0,1.198068,350.4276,2.937237,0,0,4.198361,1.261124,1.198068,0,0,0,10.62527,0,0,0,14.00003,100,0.04444953,1.317875,3.358689,0,14.82364
12/28/2007 2:00:00 PM,0.8720338,47.13392,40.53374,36.38733,0.9544654,4.28364,1.281811,1.281811,0,-1,0,1.281811,334.1865,2.934365,0,0,4.28364,1.349275,1.281811,0,0,0,10.62527,0,0,0,14.00003,100,0.04444953,1.409993,3.426913,0,14.90891
12/28/2007 3:00:00 PM,0.6992879,36.35907,52.09029,48.45791,0.7787991,3.49525,1.971609,1.971609,0,0,0,1.971609,177.2791,1.419872,0,0,3.49525,2.075378,1.971609,0,0,0,10.62527,0,0,0,14.00003,100,0.04444953,2.16877,2.7962,0,14.12052
12/28/2007 4:00:00 PM,0.4464095,24.08638,59.34391,61.56715,0.5168267,2.319518,0,0,0,0,0,0,0,2.319518,0,0,2.319518,0,0,0,0,0,10.62527,0,0,0,14.00003,100,0.04444953,0,1.855615,0,12.94479
12/28/2007 5:00:00 PM,0.1981514,11.03122,63.94674,75.12882,0.2605136,1.169185,0,0,0,0,0,0,0,1.169185,0,0,1.169185,0,0,0,0,0,10.62527,0,0,0,14.00003,100,0.04444953,0,0.935348,0,11.79446
12/28/2007 6:00:00 PM,0.008773934,0,66.77685,90,0,0,0.1945395,0.1945395,0,0,0,0.1945395,0,0,2.775558E-17,0,0,0.2047784,0.1945395,0,0,0,10.62527,0,0.2047784,-0.2047784,13.78417,98.45818,0.04444953,0.2139934,0,0,10.62527
12/28/2007 7:00:00 PM,0,0,68.2075,90,0,0,1.105127,1.105127,0,-1,0,1.105127,0,0,2.220446E-16,0,0,1.163291,1.105127,0,0,0.2275315,10.4205,0,1.163291,-1.163291,12.55796,89.69951,0.04444953,1.215639,0,0,10.4205
12/28/2007 8:00:00 PM,0,0,68.22136,90,0,0,0.8633788,0.8633788,0,-1,0,0.8633788,0,0,1.110223E-16,0,0,0.9088198,0.8633788,0,0,1.520078,9.257204,0,0.9088198,-0.9088198,11.59998,82.8568,0.04444953,0.9497167,0,0,9.257204
12/28/2007 9:00:00 PM,0,0,66.28238,90,0,0,0.08324734,0.08324734,0,-1,0,0.08324734,0,0,0,0,0,0.08762878,0.08324734,0,0,2.529877,8.348385,0,0.08762878,-0.08762878,11.50761,82.19703,0.04444953,0.09157208,0,0,8.348385
12/28/2007 10:00:00 PM,0,0,60.63833,90,0,0,0.2622462,0.2622462,0,-1,0,0.2622462,0,0,5.551115E-17,0,0,0.2760486,0.2622462,0,0,2.627243,8.260756,0,0.2760486,-0.2760486,11.21663,80.1186,0.04444953,0.2884708,0,0,8.260756
12/28/2007 11:00:00 PM,0,0,45.43318,90,0,0,0.06752925,0.06752925,0,-1,0,0.06752925,0,0,0,0,0,0.07108343,0.06752925,0,0,2.933963,7.984707,0,0.07108343,-0.07108343,11.1417,79.5834,0.04444953,0.07428218,0,0,7.984707
12/29/2007 12:00:00 AM,0,0,4.975684,90,0,0,0.2540791,0.2540791,0,-1,0,0.2540791,0,0,5.551115E-17,0,0,0.2674516,0.2540791,0,0,3.012945,7.913624,0,0.2674516,-0.2674516,10.85978,77.56969,0.04444953,0.279487,0,0,7.913624
12/29/2007 1:00:00 AM,0,0,-40.93033,90,0,0,0.4093726,0.4093726,0,-1,0,0.4093726,0,0,5.551115E-17,0,0,0.4309185,0.4093726,0,0,3.310113,7.646172,0,0.4309185,-0.4309185,10.40555,74.32521,0.04444953,0.4503098,0,0,7.646172
12/29/2007 2:00:00 AM,0,0,-59.09127,90,0,0,0.3216694,0.3216694,0,-1,0,0.3216694,0,0,5.551115E-17,0,0,0.3385994,0.3216694,0,0,3.788912,7.215254,0,0.3385994,-0.3385994,10.04864,71.77583,0.04444953,0.3538363,0,0,7.215254
12/29/2007 3:00:00 AM,0,0,-65.72928,90,0,0,0.1521088,0.1521088,0,-1,0,0.1521088,0,0,2.775558E-17,0,0,0.1601145,0.1521088,0,0,4.165133,6.876654,0,0.1601145,-0.1601145,9.87986,70.57029,0.04444953,0.1673197,0,0,6.876654
12/29/2007 4:00:00 AM,0,0,-68.11024,90,0,0,0.2782338,0.2782338,0,-1,0,0.2782338,0,0,0,0,0,0.2928777,0.2782338,0,0,4.343038,6.71654,0,0.2928777,-0.2928777,9.57114,68.36515,0.04444953,0.3060572,0,0,6.71654
12/29/2007 5:00:00 AM,0,0,-68.366,90,0,0,0.1578759,0.1578759,0,0,0,0.1578759,0,0,2.775558E-17,0,0,0.1661852,0.1578759,0,0,4.668458,6.423662,0,0.1661852,-0.1661852,9.395966,67.11391,0.04444953,0.1736635,0,0,6.423662
12/29/2007 6:00:00 AM,0.002294209,0,-67.16198,90,0,0,0.2078099,0.2078099,0,0,0,0.2078099,0,0,0,0,0,0.2187472,0.2078099,0,0,4.853108,6.257477,0,0.2187472,-0.2187472,9.165385,65.46691,0.04444953,0.2285908,0,0,6.257477
12/29/2007 7:00:00 AM,0.1426275,8.76656,-64.58528,77.46092,0.1933452,0.8677331,1.048901,1.048901,0,0,0,1.048901,82.72785,0,0,0,0.8677331,1.104106,1.048901,0,0,5.09616,6.03873,0,0.236373,-0.236373,8.916226,63.68721,0.04444953,1.153791,0.6941865,0,6.906463
12/29/2007 8:00:00 AM,0.4386976,21.91879,-60.33129,63.84812,0.5144352,2.308785,1.056924,1.056924,0,0,0,1.056924,218.4438,0,0,0,2.308785,1.112552,1.056924,0,0,5.358797,5.802357,1.196234,0,1.196234,10.05107,71.79324,0.04443033,1.162617,1.847028,0,8.111142
12/29/2007 9:00:00 AM,0.6924578,34.36876,-53.62354,50.62676,0.7749709,3.478069,0.7711025,0.7711025,0,-1,0,0.7711025,451.0515,0,0,0,3.478069,0.8116869,0.7711025,0,0,4.162564,6.878967,2.666382,0,2.666382,12.58063,89.86143,0.04438758,0.8482128,2.782455,0,10.35704
12/29/2007 10:00:00 AM,0.8156512,45.48377,-42.95716,38.30124,0.8940919,4.012684,0.618284,0.618284,0,0,0,0.618284,649.0034,1.865678,0,0,4.012684,0.6508253,0.618284,0,0,1.496181,9.278711,1.496181,0,1.496181,14.00003,100,0.04436363,0.6801124,3.210148,0,13.2914
12/29/2007 11:00:00 AM,0.8592198,53.97637,-26.0645,28.15392,0.9321154,4.183334,0.06002232,0.06002232,0,0,0,0.06002232,6969.63,4.120152,0,0,4.183334,0.06318139,0.06002232,0,0,0,10.62527,0,0,0,14.00003,100,0.04436363,0.06602455,3.346667,0,14.80861
12/29/2007 12:00:00 PM,0.953791,57.68924,-2.298313,23.28855,1.032951,4.635886,1.207065,1.207065,0,0,0,1.207065,384.0626,3.365291,0,0,4.635886,1.270595,1.207065,0,0,0,10.62527,0,0,0,14.00003,100,0.04436363,1.327772,3.708709,0,15.26116
12/29/2007 1:00:00 PM,0.9312469,55.05808,22.26409,26.77546,1.01063,4.535709,1.824521,1.824521,0,0,0,1.824521,248.5973,2.61516,0,0,4.535709,1.920548,1.824521,0,0,0,10.62527,0,0,0,14.00003,100,0.04436363,2.006973,3.628567,0,15.16098
12/29/2007 2:00:00 PM,0.8123842,47.24153,40.47006,36.27388,0.8882481,3.986457,1.196852,1.196852,0,-1,0,1.196852,333.0785,2.726613,0,0,3.986457,1.259844,1.196852,0,0,0,10.62527,0,0,0,14.00003,100,0.04436363,1.316537,3.189166,0,14.61173
12/29/2007 3:00:00 PM,0.7136673,36.47388,52.06977,48.34195,0.7946635,3.56645,1.523921,1.523921,0,0,0,1.523921,234.0311,1.962322,0,0,3.56645,1.604128,1.523921,0,0,0,10.62527,0,0,0,14.00003,100,0.04436363,1.676313,2.85316,0,14.19172
12/29/2007 4:00:00 PM,0.4540267,24.20233,59.34716,61.45303,0.5254088,2.358035,0,0,0,0,0,0,0,2.358035,0,0,2.358035,0,0,0,0,0,10.62527,0,0,0,14.00003,100,0.04436363,0,1.886428,0,12.98331
12/29/2007 5:00:00 PM,0.1857238,11.14583,63.96488,75.01804,0.2398924,1.076637,0.34675,0.34675,0,0,0,0.34675,310.4938,0.7116373,0,0,1.076637,0.3649999,0.34675,0,0,0,10.62527,0,0,0,14.00003,100,0.04436363,0.381425,0.8613098,0,11.70191
12/29/2007 6:00:00 PM,0.00585726,0,66.80691,90,0,0,0.1935889,0.1935889,0,0,0,0.1935889,0,0,2.775558E-17,0,0,0.2037777,0.1935889,0,0,0,10.62527,0,0.2037777,-0.2037777,13.78523,98.46571,0.04436363,0.2129477,0,0,10.62527
12/29/2007 7:00:00 PM,0,0,68.25024,90,0,0,1.310808,1.310808,0,-1,0,1.310808,0,0,2.220446E-16,0,0,1.379798,1.310808,0,0,0.2264197,10.4215,0,1.379798,-1.379798,12.33079,88.07691,0.04436363,1.441889,0,0,10.4215
12/29/2007 8:00:00 PM,0,0,68.28142,90,0,0,1.023106,1.023106,0,-1,0,1.023106,0,0,2.220446E-16,0,0,1.076954,1.023106,0,0,1.759529,9.041698,0,1.076954,-1.076954,11.19558,79.96829,0.04436363,1.125417,0,0,9.041698
12/29/2007 9:00:00 PM,0,0,66.37141,90,0,0,0.4132209,0.4132209,0,-1,0,0.4132209,0,0,0,0,0,0.4349694,0.4132209,0,0,2.956144,7.964745,0,0.4349694,-0.4349694,10.73709,76.69331,0.04436363,0.4545431,0,0,7.964745
12/29/2007 10:00:00 PM,0,0,60.78597,90,0,0,0.128053,0.128053,0,-1,0,0.128053,0,0,0,0,0,0.1347926,0.128053,0,0,3.439443,7.529775,0,0.1347926,-0.1347926,10.595,75.67843,0.04436363,0.1408583,0,0,7.529775
12/29/2007 11:00:00 PM,0,0,45.72142,90,0,0,0.1543866,0.1543866,0,-1,0,0.1543866,0,0,2.775558E-17,0,0,0.1625122,0.1543866,0,0,3.589213,7.394983,0,0.1625122,-0.1625122,10.4237,74.45484,0.04436363,0.1698253,0,0,7.394983
12/30/2007 12:00:00 AM,0,0,5.42309,90,0,0,0.3078474,0.3078474,0,-1,0,0.3078474,0,0,5.551115E-17,0,0,0.3240498,0.3078474,0,0,3.769782,7.232471,0,0.3240498,-0.3240498,10.08212,72.015,0.04436363,0.3386321,0,0,7.232471
12/30/2007 1:00:00 AM,0,0,-40.81725,90,0,0,0.346801,0.346801,0,-1,0,0.346801,0,0,5.551115E-17,0,0,0.3650537,0.346801,0,0,4.129838,6.908421,0,0.3650537,-0.3650537,9.69732,69.26643,0.04436363,0.3814811,0,0,6.908421
12/30/2007 2:00:00 AM,0,0,-59.1082,90,0,0,0.5607262,0.5607262,0,-1,0,0.5607262,0,0,1.110223E-16,0,0,0.5902382,0.5607262,0,0,4.535453,6.543367,0,0.5902382,-0.5902382,9.075154,64.8224,0.04436363,0.6167989,0,0,6.543367
12/30/2007 3:00:00 AM,0,0,-65.77476,90,0,0,0.5229512,0.5229512,0,-1,0,0.5229512,0,0,0,0,0,0.5504749,0.5229512,0,0,5.191273,5.953129,0,0.5504749,-0.5504749,8.494903,60.67775,0.04436363,0.5752463,0,0,5.953129
12/30/2007 4:00:00 AM,0,0,-68.16488,90,0,0,0.4379567,0.4379567,0,-1,0,0.4379567,0,0,0,0,0,0.461007,0.4379567,0,0,5.802912,5.402654,0,0.461007,-0.461007,8.008959,57.20673,0.04436363,0.4817523,0,0,5.402654
12/30/2007 5:00:00 AM,0,0,-68.4266,90,0,0,0.2663598,0.2663598,0,0,0,0.2663598,0,0,5.551115E-17,0,0,0.2803788,0.2663598,0,0,6.315142,4.941647,0,0.2803788,-0.2803788,7.713413,55.0957,0.04436363,0.2929958,0,0,4.941647
12/30/2007 6:00:00 AM,0.002122099,0,-67.22968,90,0,0,0.2467943,0.2467943,0,0,0,0.2467943,0,0,0,0,0,0.2597834,0.2467943,0,0,6.626674,4.661268,0,0.2597834,-0.2597834,7.439578,53.13973,0.04436363,0.2714737,0,0,4.661268
12/30/2007 7:00:00 AM,0.1708231,8.676729,-64.66353,77.56104,0.240111,1.077618,0.9775245,0.9775245,0,0,0,0.9775245,110.2395,0,0,0,1.077618,1.028973,0.9775245,0,0,6.915322,4.401484,0.04864486,0,0.04864486,7.485726,53.46936,0.04436285,1.075277,0.8620944,0,5.479103
12/30/2007 8:00:00 AM,0.4018571,21.83918,-60.42593,63.94016,0.4703937,2.111127,1.784908,1.784908,0,0,0,1.784908,118.2765,0,0,0,2.111127,1.87885,1.784908,0,0,6.866677,4.445265,0.2322769,0,0.2322769,7.706083,55.04334,0.04435913,1.963399,1.688902,0,6.556392
12/30/2007 9:00:00 AM,0.4780293,34.30407,-53.74383,50.70682,0.5200503,2.333986,1.67653,1.67653,0,-1,0,1.67653,139.2152,0,0,0,2.333986,1.764769,1.67653,0,0,6.6344,4.654314,0.5692171,0,0.5692171,8.24609,58.90052,0.04435003,1.844184,1.867189,0,6.9883
12/30/2007 10:00:00 AM,0.6229109,45.44274,-43.11573,38.36087,0.6699981,3.006952,1.40788,1.40788,0,0,0,1.40788,213.5802,0,0,0,3.006952,1.481979,1.40788,0,0,6.065183,5.166609,1.524973,0,1.524973,9.692806,69.23419,0.04432566,1.548668,2.405561,0,8.173561
12/30/2007 11:00:00 AM,0.616635,53.97356,-26.266,28.17408,0.6470697,2.904049,1.817296,1.817296,0,0,0,1.817296,159.8006,0,0,0,2.904049,1.912943,1.817296,0,0,4.54021,6.539085,0.991106,0,0.991106,10.63305,75.95022,0.04430984,1.999025,2.323239,0,9.443134
12/30/2007 12:00:00 PM,0.7644019,57.73812,-2.500485,23.24147,0.8171729,3.667472,0.5128135,0.5128135,0,0,0,0.5128135,715.1667,0,0,0,3.667472,0.5398037,0.5128135,0,0,3.549104,7.43108,3.127668,0,3.127668,13.60022,97.14423,0.04425997,0.5640949,2.933977,0,11.09855
12/30/2007 1:00:00 PM,0.6318963,55.15006,22.13339,26.67442,0.6635225,2.977889,0.9307819,0.9307819,0,0,0,0.9307819,319.9342,1.576683,0,0,2.977889,0.9797704,0.9307819,0,0,0.421436,10.24598,0.421436,0,0.421436,14.00003,100,0.04425326,1.02386,2.382311,0,13.22387
12/30/2007 2:00:00 PM,0.6605721,47.35371,40.41356,36.15678,0.7114677,3.193067,1.115712,1.115712,0,-1,0,1.115712,286.1909,2.018633,0,0,3.193067,1.174434,1.115712,0,0,0,10.62527,0,0,0,14.00003,100,0.04425326,1.227284,2.554454,0,13.81834
12/30/2007 3:00:00 PM,0.6699052,36.59195,52.05666,48.22377,0.7449797,3.343469,0.7988833,0.7988833,0,0,0,0.7988833,418.5178,2.502539,0,0,3.343469,0.8409297,0.7988833,0,0,0,10.62527,0,0,0,14.00003,100,0.04425326,0.8787716,2.674775,0,13.96874
12/30/2007 4:00:00 PM,0.4379951,24.32049,59.3575,61.33773,0.5055919,2.269096,1.599696,1.599696,0,0,0,1.599696,141.8455,0.5852057,0,0,2.269096,1.683891,1.599696,0,0,0,10.62527,0,0,0,14.00003,100,0.04425326,1.759666,1.815277,0,12.89437
12/30/2007 5:00:00 PM,0.1717272,11.26181,63.98986,74.90688,0.2153744,0.9666002,1.08516,1.08516,0,0,0,1.08516,89.07443,0,0,0,0.9666002,1.142274,1.08516,0,0,0,10.62527,0,0.1756736,-0.1756736,13.81485,98.67731,0.04425326,1.193676,0.7732801,0,11.59187
12/30/2007 6:00:00 PM,0.009795761,0,66.84376,90,0,0,1.113923,1.113923,0,0,0,1.113923,0,0,2.220446E-16,0,0,1.172551,1.113923,0,0,0.1951928,10.4496,0,1.172551,-1.172551,12.57887,89.84892,0.04425326,1.225316,0,0,10.4496
12/30/2007 7:00:00 PM,0,0,68.30002,90,0,0,2.969016,2.969016,0,-1,0,2.969016,0,0,0,0,0,3.12528,2.969016,0,0,1.498027,9.27705,0,3.12528,-3.12528,9.28454,66.31801,0.04425326,3.265918,0,0,9.27705
12/30/2007 8:00:00 PM,0,0,68.34917,90,0,0,1.650991,1.650991,0,-1,0,1.650991,0,0,0,0,0,1.737885,1.650991,0,0,4.970561,6.15177,0,1.737885,-1.737885,7.452648,53.2331,0.04425326,1.81609,0,0,6.15177
12/30/2007 9:00:00 PM,0,0,66.46929,90,0,0,2.152928,2.152928,0,-1,0,2.152928,0,0,0,0,0,2.26624,2.152928,0,0,6.901544,4.413885,0,2.26624,-2.26624,5.063821,36.17008,0.04425326,2.368221,0,0,4.413885
12/30/2007 10:00:00 PM,0,0,60.94436,90,0,0,0.1462656,0.1462656,0,-1,0,0.1462656,0,0,0,0,0,0.1539638,0.1462656,0,0,9.419589,2.147644,0,0.1539638,-0.1539638,4.901529,35.01085,0.04425326,0.1608922,0,0,2.147644
12/30/2007 11:00:00 PM,0,0,46.02216,90,0,0,0.1066123,0.1066123,0,-1,0,0.1066123,0,0,1.387779E-17,0,0,0.1122235,0.1066123,0,0,9.59066,1.99368,0,0.1122235,-0.1122235,4.783235,34.1659,0.04425326,0.1172736,0,0,1.99368
12/31/2007 12:00:00 AM,0,0,5.874127,90,0,0,0.044921,0.044921,0,-1,0,0.044921,0,0,6.938894E-18,0,0,0.04728526,0.044921,0,0,9.715353,1.881457,0,0.04728526,-0.04728526,4.733392,33.80988,0.04425326,0.0494131,0,0,1.881457
12/31/2007 1:00:00 AM,0,0,-40.71852,90,0,0,0.3009835,0.3009835,0,-1,0,0.3009835,0,0,0,0,0,0.3168247,0.3009835,0,0,9.767892,1.834172,0,0.3168247,-0.3168247,4.399429,31.42443,0.04425326,0.3310818,0,0,1.834172
12/31/2007 2:00:00 AM,0,0,-59.13791,90,0,0,0.1362368,0.1362368,0,-1,0,0.1362368,0,0,0,0,0,0.1434072,0.1362368,0,0,10.11992,1.517347,0,0.1434072,-0.1434072,4.248265,30.34469,0.04425326,0.1498605,0,0,1.517347
12/31/2007 3:00:00 AM,0,0,-65.83018,90,0,0,0.02251758,0.02251758,0,-1,0,0.02251758,0,0,3.469447E-18,0,0,0.02370271,0.02251758,0,0,10.27926,1.37394,0,0.02370271,-0.02370271,4.22328,30.16623,0.04425326,0.02476933,0,0,1.37394
12/31/2007 4:00:00 AM,0,0,-68.22774,90,0,0,0.3649855,0.3649855,0,-1,0,0.3649855,0,0,5.551115E-17,0,0,0.3841952,0.3649855,0,0,10.3056,1.350237,0,0.3841952,-0.3841952,3.818303,27.27354,0.04425326,0.401484,0,0,1.350237
12/31/2007 5:00:00 AM,0,0,-68.49442,90,0,0,0.196011,0.196011,0,0,0,0.196011,0,0,2.775558E-17,0,0,0.2063274,0.196011,0,0,10.73248,0.9660417,0,0.2063274,-0.2063274,3.600815,25.72005,0.04425326,0.2156121,0,0,0.9660417
12/31/2007 6:00:00 AM,0.001391158,0,-67.30411,90,0,0,0.07039568,0.07039568,0,0,0,0.07039568,0,0,0,0,0,0.07410071,0.07039568,0,0,10.96173,0.7597142,0,0.07410071,-0.07410071,3.522706,25.16213,0.04425326,0.07743524,0,0,0.7597142
12/31/2007 7:00:00 AM,0.08130779,8.588984,-64.7483,77.66003,0.08762153,0.3932455,0.6134109,0.6134109,0,0,0,0.6134109,64.10799,0,0,0,0.3932455,0.6456957,0.6134109,0,0,11.04407,0.6856136,0,0.2524503,-0.2524503,3.2566,23.26138,0.04425326,0.674752,0.3145964,0,1.078859
12/31/2007 8:00:00 AM,0.1842906,21.76238,-60.52711,64.03033,0.1879161,0.8433675,0.3192773,0.3192773,0,0,0,0.3192773,264.1489,0,0,0,0.8433675,0.3360814,0.3192773,0,0,11.32457,0.4331633,0.5072861,0,0.5072861,3.737854,26.6989,0.04424518,0.351205,0.674694,0,1.276531
12/31/2007 9:00:00 AM,0.4411834,34.24308,-53.87077,50.78415,0.4735902,2.125473,0.8377839,0.8377839,0,-1,0,0.8377839,253.7018,0,0,0,2.125473,0.8818778,0.8377839,0,0,10.81728,0.8897208,1.243595,0,1.243595,4.917632,35.12587,0.0442254,0.9215623,1.700378,0,3.015194
12/31/2007 10:00:00 AM,0.5600364,45.40646,-43.2807,38.41664,0.5935577,2.663887,1.08744,1.08744,0,0,0,1.08744,244.9685,0,0,0,2.663887,1.144674,1.08744,0,0,9.573687,2.008956,1.519213,0,1.519213,6.358883,45.42051,0.04420126,1.196184,2.131109,0,4.672843
12/31/2007 11:00:00 AM,0.6773953,53.97662,-26.47224,28.18896,0.7194065,3.228696,0,0,0,0,0,0,0,0,0,0,3.228696,0,0,0,0,8.054474,3.376248,3.228696,0,3.228696,9.421894,67.2991,0.04415004,0,2.582957,0,6.604944
12/31/2007 12:00:00 PM,0.8208976,57.7935,-2.702902,23.18805,0.8831088,3.963392,0.6204914,0.6204914,0,0,0,0.6204914,638.7505,0,0,0,3.963392,0.6531489,0.6204914,0,0,4.825778,6.282074,3.310243,0,3.310243,12.56227,89.73029,0.04409765,0.6825406,3.170714,0,10.24547
12/31/2007 1:00:00 PM,0.7023973,55.24792,22.0077,26.56796,0.7472323,3.353579,0.8038617,0.8038617,0,0,0,0.8038617,417.1835,0.9918744,0,0,3.353579,0.8461702,0.8038617,0,0,1.515534,9.261293,1.515534,0,1.515534,14.00003,100,0.0440737,0.8842478,2.682863,0,12.61487
12/31/2007 2:00:00 PM,0.5346038,47.47038,40.36434,36.0361,0.5593601,2.510408,0.1788059,0.1788059,0,-1,0,0.1788059,1403.985,2.322192,0,0,2.510408,0.1882167,0.1788059,0,0,0,10.62527,0,0,0,14.00003,100,0.0440737,0.1966865,2.008327,0,13.13568
12/31/2007 3:00:00 PM,0.5955511,36.7132,52.05102,48.10345,0.6582392,2.954178,1.299733,1.299733,0,0,0,1.299733,227.2911,1.586038,0,0,2.954178,1.36814,1.299733,0,0,0,10.62527,0,0,0,14.00003,100,0.0440737,1.429706,2.363342,0,13.57945
12/31/2007 4:00:00 PM,0.2887731,24.44078,59.37497,61.22132,0.3090703,1.387107,0.04232314,0.04232314,0,0,0,0.04232314,3277.421,1.342557,0,0,1.387107,0.04455068,0.04232314,0,0,0,10.62527,0,0,0,14.00003,100,0.0440737,0.04655546,1.109686,0,12.01238
12/31/2007 5:00:00 PM,0.1089828,11.37907,64.02168,74.79544,0.1157423,0.5194513,0.1547081,0.1547081,0,0,0,0.1547081,335.7621,0.3566006,0,0,0.5194513,0.1628507,0.1547081,0,0,0,10.62527,0,0,0,14.00003,100,0.0440737,0.170179,0.415561,0,11.14473
12/31/2007 6:00:00 PM,0.01052737,0,66.8874,90,0,0,1.180803,1.180803,0,0,0,1.180803,0,0,2.220446E-16,0,0,1.242951,1.180803,0,0,0,10.62527,0,1.242951,-1.242951,12.68984,90.64155,0.0440737,1.298884,0,0,10.62527
12/31/2007 7:00:00 PM,0,0,68.35683,90,0,0,1.197045,1.197045,0,-1,0,1.197045,0,0,2.220446E-16,0,0,1.260047,1.197045,0,0,1.381057,9.382323,0,1.260047,-1.260047,11.36164,81.15438,0.0440737,1.316749,0,0,9.382323
12/31/2007 8:00:00 PM,0,0,68.42455,90,0,0,1.334229,1.334229,0,-1,0,1.334229,0,0,2.220446E-16,0,0,1.404452,1.334229,0,0,2.781109,8.122276,0,1.404452,-1.404452,9.881214,70.57996,0.0440737,1.467652,0,0,8.122276
12/31/2007 9:00:00 PM,0,0,66.57596,90,0,0,0.4748227,0.4748227,0,-1,0,0.4748227,0,0,0,0,0,0.4998133,0.4748227,0,0,4.341611,6.717824,0,0.4998133,-0.4998133,9.354364,66.81676,0.0440737,0.5223049,0,0,6.717824
12/31/2007 10:00:00 PM,0,0,61.11338,90,0,0,0.3946165,0.3946165,0,-1,0,0.3946165,0,0,5.551115E-17,0,0,0.4153858,0.3946165,0,0,4.896959,6.218011,0,0.4153858,-0.4153858,8.91651,63.68922,0.0440737,0.4340782,0,0,6.218011
12/31/2007 11:00:00 PM,0,0,46.3353,90,0,0,0.1052476,0.1052476,0,-1,0,0.1052476,0,0,1.387779E-17,0,0,0.1107869,0.1052476,0,0,5.358499,5.802625,0,0.1107869,-0.1107869,8.799729,62.85509,0.0440737,0.1157723,0,0,5.802625
