Time,Global Solar,Generic flat plate PV Solar Altitude,Generic flat plate PV Solar Azimuth,Generic flat plate PV Angle of Incidence,Generic flat plate PV Incident Solar,Generic flat plate PV Power Output,AC Primary Load,AC Primary Load Served,Generic Small Genset (size-your-own) Power Output,Generic Small Genset (size-your-own) Operating Status,Generic Small Genset (size-your-own) Fuel,Total Electrical Load Served,Renewable Penetration,Excess Electrical Production,Unmet Electrical Load,Capacity Shortage,Total Renewable Power Output,Inverter Power Input,Inverter Power Output,Rectifier Power Input,Rectifier Power Output,Generic 1kWh Li-Ion Maximum Charge Power,Generic 1kWh Li-Ion Maximum Discharge Power,Generic 1kWh Li-Ion Charge Power,Generic 1kWh Li-Ion Discharge Power,Generic 1kWh Li-Ion Input Power,Generic 1kWh Li-Ion Energy Content,Generic 1kWh Li-Ion State of Charge,Generic 1kWh Li-Ion Energy Cost,AC Required Operating Capacity,DC Required Operating Capacity,AC Operating Capacity,DC Operating Capacity
1/1/2007 12:00:00 AM,0,0,6.329071,90,0,0,0,0,0,-1,0,0,0,0,0,0,0,0,0,0,0,0,10.62527,0,0,0,14.00003,100,0,0,0,0,10.62527
1/1/2007 1:00:00 AM,0,0,-40.63449,90,0,0,0,0,0,-1,0,0,0,0,0,0,0,0,0,0,0,0,10.62527,0,0,0,14.00003,100,0,0,0,0,10.62527
1/1/2007 2:00:00 AM,0,0,-59.18059,90,0,0,0.9630922,0.9630922,0,-1,0,0.9630922,0,0,1.110223E-16,0,0,1.013781,0.9630922,0,0,0,10.62527,0,1.013781,-1.013781,12.93141,92.36702,0,1.059401,0,0,10.62527
1/1/2007 3:00:00 AM,0,0,-65.89561,90,0,0,1.771564,1.771564,0,-1,0,1.771564,0,0,2.220446E-16,0,0,1.864804,1.771564,0,0,1.126424,9.611493,0,1.864804,-1.864804,10.96573,78.32651,0,1.94872,0,0,9.611493
1/1/2007 4:00:00 AM,0,0,-68.29882,90,0,0,1.789462,1.789462,0,-1,0,1.789462,0,0,2.220446E-16,0,0,1.883644,1.789462,0,0,3.198428,7.746689,0,1.883644,-1.883644,8.980198,64.14414,0,1.968408,0,0,7.746689
1/1/2007 5:00:00 AM,0,0,-68.56945,90,0,0,1.634779,1.634779,0,0,0,1.634779,0,0,0,0,0,1.72082,1.634779,0,0,5.291366,5.863045,0,1.72082,-1.72082,7.166294,51.18771,0,1.798257,0,0,5.863045
1/1/2007 6:00:00 AM,0.0008882491,0,-67.38521,90,0,0,0.5509498,0.5509498,0,0,0,0.5509498,0,0,1.110223E-16,0,0,0.5799471,0.5509498,0,0,7.203388,4.142225,0,0.5799471,-0.5799471,6.554976,46.82116,0,0.6060447,0,0,4.142225
1/1/2007 7:00:00 AM,0.06397346,8.503396,-64.83955,77.75782,0.06572935,0.2949933,1.687648,1.687648,0,0,0,1.687648,17.47956,0,0,0,0.2949933,1.776471,1.687648,0,0,7.847774,3.562278,0,1.481478,-1.481478,4.993361,35.66679,0,1.856413,0.2359947,0,3.857271
1/1/2007 8:00:00 AM,0.1468058,21.68848,-60.63478,64.11859,0.1475045,0.6620001,1.729418,1.729418,0,0,0,1.729418,38.27877,0,0,0,0.6620001,1.82044,1.729418,0,0,9.493861,2.0808,0,1.15844,-1.15844,3.772258,26.94464,0,1.90236,0.5296,0,2.7428
1/1/2007 9:00:00 AM,0.2838784,34.18584,-54.00429,50.85869,0.2876508,1.290977,3.590231,2.102669,0,-1,0,2.102669,61.39705,0,1.487562,2.827728,1.290977,2.213336,2.102669,0,0,10.78102,0.9223592,0,0.9223592,-0.9223592,2.800006,20,0,3.949254,1.032781,0,2.213336
1/1/2007 10:00:00 AM,0.07039502,45.37495,-43.45202,38.46853,0.0700992,0.3146052,1.080689,1.080689,4.585953,0,1.416965,1.080689,29.11153,4.440892E-16,0,0,0.3146052,0,0,3.505263,3.33,11.80586,0,3.644605,0,3.644605,6.257582,44.69692,0.2776448,1.188758,0.2516842,5,0.3146052
1/1/2007 11:00:00 AM,0.05697239,53.98555,-26.68318,28.19857,0.05671747,0.254548,4.348904,4.348904,5,0,1.53,4.348904,5.853153,0,0,0,0.254548,0,0,0.6510961,0.6185413,8.161255,3.280145,0.8730893,0,0.8730893,7.085867,50.61324,0.2839406,4.783794,0.2036384,5,3.534693
1/1/2007 12:00:00 PM,0.3085695,57.85535,-2.905519,23.12832,0.308119,1.382838,3.772985,3.772985,5,0,1.53,3.772985,36.65104,0,0,0,1.382838,0,0,1.227015,1.165664,7.288166,4.065925,2.548502,0,2.548502,9.503589,67.88264,0.2906004,4.150283,1.106271,5,5.448763
1/1/2007 1:00:00 PM,0.2728486,55.35163,21.88712,26.45613,0.2722346,1.221789,2.864548,2.864548,5,0,1.53,2.864548,42.65207,0,0,0,1.221789,0,0,2.135452,2.028679,4.739663,6.359577,3.250468,0,3.250468,12.58725,89.90878,0.2959553,3.151003,0.9774314,5,7.581367
1/1/2007 2:00:00 PM,0.1157476,47.5915,40.32253,35.91192,0.1153119,0.5175199,1.740154,1.740154,0,-1,0,1.740154,29.73989,0,0,0,0.5175199,1.831741,1.740154,0,0,1.489195,9.284999,0,1.314221,-1.314221,11.20194,80.01372,0.2959553,1.914169,0.4140159,0,9.802519
1/1/2007 3:00:00 PM,0.06560741,36.83756,52.05293,47.98108,0.06534532,0.2932698,0,0,0,-1,0,0,0,0,0,0,0.2932698,0,0,0,0,2.94944,7.970778,0.2932698,0,0.2932698,11.48016,82.001,0.2877748,0,0.2346158,0,8.264048
1/1/2007 4:00:00 PM,0.1289536,24.56311,59.3996,61.10392,0.1288548,0.5783004,2.326568,2.326568,0,-1,0,2.326568,24.85637,0,0,0,0.5783004,2.449018,2.326568,0,0,2.656171,8.23472,0,1.870718,-1.870718,9.508253,67.91596,0.2877748,2.559224,0.4626403,0,8.813021
1/1/2007 5:00:00 PM,0.06745297,11.49752,64.06036,74.68382,0.0677819,0.3042051,0,0,0,-1,0,0,0,0,0,0,0.3042051,0,0,0,0,4.734746,6.364003,0.3042051,0,0.3042051,9.796847,69.97734,0.2797538,0,0.2433641,0,6.668208
1/1/2007 6:00:00 PM,0.009087816,0,66.93783,90,0,0,2.794656,2.794656,0,-1,0,2.794656,0,0,4.440892E-16,0,0,2.941743,2.794656,0,0,4.430541,6.637787,0,2.941743,-2.941743,6.695978,47.82832,0.2797538,3.074121,0,0,6.637787
1/1/2007 7:00:00 PM,0,0,68.42065,90,0,0,3.864882,3.33,0,-1,0,3.33,0,0,0.5348814,0.9213696,0,3.505263,3.33,0,0,7.699144,3.696044,0,3.505263,-3.505263,3.001107,21.43643,0.2797538,4.251369,0,0,3.696044
1/1/2007 8:00:00 PM,0,0,68.50754,90,0,0,5.391178,0.1812421,0,-1,0,0.1812421,0,0,5.209936,5.749054,0,0.1907811,0.1812421,0,0,11.59388,0.1907811,0,0.1907811,-0.1907811,2.800006,20,0.2797538,5.930296,0,0,0.1907811
1/1/2007 9:00:00 PM,0,0,66.69133,90,0,0,6.372078,0,0,-1,0,0,0,0,6.372078,7.009286,0,0,0,0,0,11.80586,0,0,0,0,2.800006,20,0.2797538,7.009286,0,0,0
1/1/2007 10:00:00 PM,0,0,61.29293,90,0,0,0.07813492,0,0,-1,0,0,0,0,0.07813492,0.08594842,0,0,0,0,0,11.80586,0,0,0,0,2.800006,20,0.2797538,0.08594842,0,0,0
1/1/2007 11:00:00 PM,0,0,46.66078,90,0,0,0.3240845,0,0,-1,0,0,0,0,0.3240845,0.3564929,0,0,0,0,0,11.80586,0,0,0,0,2.800006,20,0.2797538,0.3564929,0,0,0
1/2/2007 12:00:00 AM,0,0,6.788207,90,0,0,0.9911637,0,0,-1,0,0,0,0,0.9911637,1.09028,0,0,0,0,0,11.80586,0,0,0,0,2.800006,20,0.2797538,1.09028,0,0,0
1/2/2007 1:00:00 AM,0,0,-40.56551,90,0,0,0.4087018,0,0,-1,0,0,0,0,0.4087018,0.449572,0,0,0,0,0,11.80586,0,0,0,0,2.800006,20,0.2797538,0.449572,0,0,0
1/2/2007 2:00:00 AM,0,0,-59.2364,90,0,0,0,0,0,-1,0,0,0,0,0,0,0,0,0,0,0,11.80586,0,0,0,0,2.800006,20,0.2797538,0,0,0,0
1/2/2007 3:00:00 AM,0,0,-65.97112,90,0,0,1.44108,0,0,-1,0,0,0,0,1.44108,1.585188,0,0,0,0,0,11.80586,0,0,0,0,2.800006,20,0.2797538,1.585188,0,0,0
1/2/2007 4:00:00 AM,0,0,-68.37815,90,0,0,0,0,0,-1,0,0,0,0,0,0,0,0,0,0,0,11.80586,0,0,0,0,2.800006,20,0.2797538,0,0,0,0
1/2/2007 5:00:00 AM,0,0,-68.6517,90,0,0,0.2345051,0.2345051,3.739768,0,1.185957,0.2345051,0,0,0,0,0,0,0,3.505263,3.33,11.80586,0,3.33,0,3.33,5.959121,42.56506,0.2673732,0.2579556,0,5,0
1/2/2007 6:00:00 AM,0.00108274,0,-67.47298,90,0,0,0,0,3.505263,0,1.121937,0,0,0,0,0,0,0,0,3.505263,3.33,8.475861,2.997,3.33,0,3.33,9.118237,65.13013,0.2556369,0,0,5,2.997
1/2/2007 7:00:00 AM,0.0894334,8.420039,-64.93723,77.85435,0.100424,0.4507029,1.103176,1.103176,4.608439,0,1.423104,1.103176,40.85502,0,0,0,0.4507029,0,0,3.505263,3.33,5.14586,5.994,3.780703,0,3.780703,12.70493,90.74929,0.2580831,1.213494,0.3605623,5,6.444703
1/2/2007 8:00:00 AM,0.2576896,21.61751,-60.74889,64.20486,0.2779504,1.247441,0.7304133,0.7304133,0,0,0,0.7304133,170.7857,0,0,0,1.247441,0.768856,0.7304133,0,0,1.365157,9.396632,0.4785854,0,0.4785854,13.15895,93.99232,0.252426,0.8034546,0.9979531,0,10.64407
1/2/2007 9:00:00 AM,0.4718998,34.13238,-54.14432,50.93041,0.5125239,2.300207,0.8612533,0.8612533,0,-1,0,0.8612533,267.0768,0.5070528,0,0,2.300207,0.9065824,0.8612533,0,0,0.8865719,9.827359,0.8865719,0,0.8865719,14.00003,100,0.2425759,0.9473786,1.840166,0,12.12757
1/2/2007 10:00:00 AM,0.7602223,45.34824,-43.62961,38.51652,0.8317798,3.733027,0,0,0,0,0,0,0,3.733027,0,0,3.733027,0,0,0,0,0,10.62527,0,0,0,14.00003,100,0.2425759,0,2.986422,0,14.3583
1/2/2007 11:00:00 AM,0.9687649,54.00035,-26.89878,28.20292,1.052089,4.721777,0,0,0,0,0,0,0,4.721777,0,0,4.721777,0,0,0,0,0,10.62527,0,0,0,14.00003,100,0.2425759,0,3.777422,0,15.34705
1/2/2007 12:00:00 PM,1.031318,57.92366,-3.10829,23.06229,1.116794,5.012169,2.338216,2.338216,0,0,0,2.338216,214.3587,2.550889,0,0,5.012169,2.46128,2.338216,0,0,0,10.62527,0,0,0,14.00003,100,0.2425759,2.572037,4.009736,0,15.63744
1/2/2007 1:00:00 PM,0.9423041,55.46115,21.77175,26.33896,1.021659,4.585204,4.248698,4.248698,1.25,0,0.50625,4.248698,107.9202,1.42868,0,0,4.585204,3.156524,2.998698,0,0,0,10.62527,0,0,0,14.00003,100,0.2425759,4.673567,3.668163,5,15.21048
1/2/2007 2:00:00 PM,0.9231796,47.717,40.28822,35.78432,1.009363,4.530021,4.105931,3.33,0,-1,0,3.33,136.0367,1.024758,0.7759307,1.186524,4.530021,3.505263,3.33,0,0,0,10.62527,0,0,0,14.00003,100,0.2425759,4.516524,3.624017,0,15.1553
1/2/2007 3:00:00 PM,0.6474482,36.96494,52.06245,47.85676,0.718266,3.223578,1.088583,1.088583,0,-1,0,1.088583,296.126,2.077701,0,0,3.223578,1.145877,1.088583,0,0,0,10.62527,0,0,0,14.00003,100,0.2425759,1.197441,2.578862,0,13.84885
1/2/2007 4:00:00 PM,0.2630356,24.6874,59.43145,60.9856,0.2758419,1.237978,2.537442,2.537442,0,-1,0,2.537442,48.78843,0,4.440892E-16,0,1.237978,2.670992,2.537442,0,0,0,10.62527,0,1.433014,-1.433014,12.4895,89.21053,0.2425759,2.791187,0.9903826,0,11.86325
1/2/2007 5:00:00 PM,0.168327,11.61707,64.10592,74.57209,0.2057889,0.9235804,3.566895,3.33,0,-1,0,3.33,27.73515,0,0.2368948,0.5935842,0.9235804,3.505263,3.33,0,0,1.592238,9.192261,0,2.581683,-2.581683,9.768167,69.77248,0.2425759,3.923584,0.7388644,0,10.11584
1/2/2007 6:00:00 PM,0.01077664,0,66.99503,90,0,0,0,0,0,-1,0,0,0,0,0,0,0,0,0,0,0,4.460774,6.610578,0,0,0,9.768167,69.77248,0.2425759,0,0,0,6.610578
1/2/2007 7:00:00 PM,0,0,68.49145,90,0,0,1.094908,1.094908,0,-1,0,1.094908,0,0,2.220446E-16,0,0,1.152534,1.094908,0,0,4.460774,6.610578,0,1.152534,-1.152534,8.553288,61.0948,0.2425759,1.204399,0,0,6.610578
1/2/2007 8:00:00 PM,0,0,68.59808,90,0,0,2.883211,2.883211,0,-1,0,2.883211,0,0,0,0,0,3.034959,2.883211,0,0,5.741368,5.458043,0,3.034959,-3.034959,5.354161,38.24393,0.2425759,3.171532,0,0,5.458043
1/2/2007 9:00:00 PM,0,0,66.81534,90,0,0,0,0,0,-1,0,0,0,0,0,0,0,0,0,0,0,9.113544,2.423084,0,0,0,5.354161,38.24393,0.2425759,0,0,0,2.423084
1/2/2007 10:00:00 PM,0,0,61.48289,90,0,0,0,0,0,-1,0,0,0,0,0,0,0,0,0,0,0,9.113544,2.423084,0,0,0,5.354161,38.24393,0.2425759,0,0,0,2.423084
1/2/2007 11:00:00 PM,0,0,46.99853,90,0,0,0.8436685,0.8436685,0,-1,0,0.8436685,0,0,1.110223E-16,0,0,0.8880721,0.8436685,0,0,9.113544,2.423084,0,0.8880721,-0.8880721,4.418051,31.55744,0.2425759,0.9280354,0,0,2.423084
1/3/2007 12:00:00 AM,0,0,7.251837,90,0,0,1.029078,1.029078,0,-1,0,1.029078,0,0,2.220446E-16,0,0,1.08324,1.029078,0,0,10.10029,1.535012,0,1.08324,-1.08324,3.276215,23.40149,0.2425759,1.131986,0,0,1.535012
1/3/2007 1:00:00 AM,0,0,-40.51197,90,0,0,0.1097586,0.1097586,0,-1,0,0.1097586,0,0,0,0,0,0.1155353,0.1097586,0,0,11.30389,0.4517719,0,0.1155353,-0.1155353,3.15443,22.5316,0.2425759,0.1207344,0,0,0.4517719
1/3/2007 2:00:00 AM,0,0,-59.30554,90,0,0,0.2728978,0.2728978,0,-1,0,0.2728978,0,0,0,0,0,0.2872608,0.2728978,0,0,11.43226,0.3362366,0,0.2872608,-0.2872608,2.851631,20.36875,0.2425759,0.3001875,0,0,0.3362366
1/3/2007 3:00:00 AM,0,0,-66.05676,90,0,0,1.485661,0.04652704,0,-1,0,0.04652704,0,0,1.439134,1.5877,0,0.04897583,0.04652704,0,0,11.75144,0.04897583,0,0.04897583,-0.04897583,2.800006,20,0.2425759,1.634228,0,0,0.04897583
1/3/2007 4:00:00 AM,0,0,-68.46574,90,0,0,1.029451,0,0,-1,0,0,0,0,1.029451,1.132397,0,0,0,0,0,11.80586,0,0,0,0,2.800006,20,0.2425759,1.132397,0,0,0
1/3/2007 5:00:00 AM,0,0,-68.74113,90,0,0,1.559418,1.559418,5,0,1.53,1.559418,0,0,0,0,0,0,0,3.440582,3.268553,11.80586,0,3.268553,0,3.268553,5.900827,42.14868,0.2522252,1.71536,0,5,0
1/3/2007 6:00:00 AM,0.001416367,0,-67.56737,90,0,0,0.6039442,0.6039442,4.109208,0,1.286814,0.6039442,0,4.440892E-16,0,0,0,0,0,3.505263,3.33,8.537308,2.941697,3.33,0,3.33,9.059942,64.71375,0.2531592,0.6643386,0,5,2.941697
1/3/2007 7:00:00 AM,0.154613,8.338984,-65.04131,77.94952,0.2181808,0.9791952,0,0,3.505263,0,1.121937,0,0,0,0,0,0.9791952,0,0,3.505263,3.33,5.207307,5.938697,4.309195,0,4.309195,13.148,93.91412,0.2410616,0,0.7833562,5,6.917892
1/3/2007 8:00:00 AM,0.3864299,21.54955,-60.86939,64.28908,0.4516696,2.027093,2.348004,2.348004,0,0,0,2.348004,86.3326,0,0,0,2.027093,2.471584,2.348004,0,0,0.8981123,9.816973,0,0.4444903,-0.4444903,12.67947,90.56746,0.2410616,2.582805,1.621675,0,11.84407
1/3/2007 9:00:00 AM,0.5964742,34.08275,-54.2908,50.99925,0.66541,2.98636,3.138322,3.138322,0,-1,0,3.138322,95.15786,4.440892E-16,0,0.1221541,2.98636,3.303497,3.138322,0,0,1.39199,9.372482,0,0.3171369,-0.3171369,12.34518,88.17966,0.2410616,3.452154,2.389088,0,12.35884
1/3/2007 10:00:00 AM,0.868866,45.32633,-43.81342,38.56059,0.9523236,4.274028,2.10444,2.10444,0,0,0,2.10444,203.0957,0.3144631,0,0,4.274028,2.2152,2.10444,0,0,1.744365,9.055346,1.744365,0,1.744365,14.00003,100,0.2291737,2.314885,3.419223,0,13.32937
1/3/2007 11:00:00 AM,1.045182,54.02103,-27.119,28.202,1.135717,5.097099,6.00772,6.00772,2.677719,0,0.8960174,6.00772,84.84249,1.591835,0,0,5.097099,3.505263,3.33,0,0,0,10.62527,0,0,0,14.00003,100,0.2291737,6.608491,4.077679,5,15.72237
1/3/2007 12:00:00 PM,1.103408,57.99842,-3.311169,22.98996,1.195367,5.364808,1.286897,1.286897,0,0,0,1.286897,416.8794,4.01018,0,0,5.364808,1.354628,1.286897,0,0,0,10.62527,0,0,0,14.00003,100,0.2291737,1.415586,4.291846,0,15.99008
1/3/2007 1:00:00 PM,1.07279,55.57644,21.66171,26.2165,1.164307,5.225409,2.113186,2.113186,0,0,0,2.113186,247.2763,3.001003,0,0,5.225409,2.224407,2.113186,0,0,0,10.62527,0,0,0,14.00003,100,0.2291737,2.324505,4.180327,0,15.85068
1/3/2007 2:00:00 PM,0.9414855,47.84681,40.26152,35.65337,1.029178,4.618952,1.336625,1.336625,0,-1,0,1.336625,345.5683,3.211979,0,0,4.618952,1.406974,1.336625,0,0,0,10.62527,0,0,0,14.00003,100,0.2291737,1.470288,3.695162,0,15.24423
1/3/2007 3:00:00 PM,0.6946991,37.09526,52.07967,47.73057,0.7711912,3.461106,3.700264,3.33,0,-1,0,3.33,103.9371,0,0.3702641,0.7402905,3.461106,3.505263,3.33,0,0,0,10.62527,0,0.04415685,-0.04415685,13.95348,99.66753,0.2291737,4.070291,2.768885,0,14.08638
1/3/2007 4:00:00 PM,0.4499265,24.81354,59.47055,60.86646,0.5176767,2.323333,3.135073,3.135073,0,-1,0,3.135073,74.10777,0,4.440892E-16,0.1185802,2.323333,3.300077,3.135073,0,0,0.04906317,10.58112,0,0.976744,-0.976744,12.9239,92.31342,0.2291737,3.44858,1.858666,0,12.90445
1/3/2007 5:00:00 PM,0.1871784,11.73763,64.15836,74.46036,0.2357385,1.057995,7.513963,3.33,0,-1,0,3.33,31.77161,0,4.183963,4.935359,1.057995,3.505263,3.33,0,0,1.134334,9.604373,0,2.447268,-2.447268,10.34426,73.8874,0.2291737,8.265359,0.8463957,0,10.66237
1/3/2007 6:00:00 PM,0.01226666,0,67.05901,90,0,0,4.334027,3.33,0,-1,0,3.33,0,0,1.004027,1.43743,0,3.505263,3.33,0,0,3.853522,7.157105,0,3.505263,-3.505263,6.649384,47.49551,0.2291737,4.767429,0,0,7.157105
1/3/2007 7:00:00 PM,0,0,68.5692,90,0,0,0,0,0,-1,0,0,0,0,0,0,0,0,0,0,0,7.748259,3.651842,0,0,0,6.649384,47.49551,0.2291737,0,0,0,3.651842
1/3/2007 8:00:00 PM,0,0,68.69611,90,0,0,4.256064,3.33,0,-1,0,3.33,0,0,0.9260643,1.351671,0,3.505263,3.33,0,0,7.748259,3.651842,0,3.505263,-3.505263,2.954513,21.10362,0.2291737,4.681671,0,0,3.651842
1/3/2007 9:00:00 PM,0,0,66.94791,90,0,0,4.694134,0.1392495,0,-1,0,0.1392495,0,0,4.554884,5.024298,0,0.1465784,0.1392495,0,0,11.64299,0.1465784,0,0.1465784,-0.1465784,2.800006,20,0.2291737,5.163548,0,0,0.1465784
1/3/2007 10:00:00 PM,0,0,61.68317,90,0,0,1.662952,0,0,-1,0,0,0,0,1.662952,1.829247,0,0,0,0,0,11.80586,0,0,0,0,2.800006,20,0.2291737,1.829247,0,0,0
1/3/2007 11:00:00 PM,0,0,47.34851,90,0,0,1.083108,0,0,-1,0,0,0,0,1.083108,1.191419,0,0,0,0,0,11.80586,0,0,0,0,2.800006,20,0.2291737,1.191419,0,0,0
1/4/2007 12:00:00 AM,0,0,7.720277,90,0,0,0.3998302,0,0,-1,0,0,0,0,0.3998302,0.4398132,0,0,0,0,0,11.80586,0,0,0,0,2.800006,20,0.2291737,0.4398132,0,0,0
1/4/2007 1:00:00 AM,0,0,-40.47429,90,0,0,1.490976,0,0,-1,0,0,0,0,1.490976,1.640073,0,0,0,0,0,11.80586,0,0,0,0,2.800006,20,0.2291737,1.640073,0,0,0
1/4/2007 2:00:00 AM,0,0,-59.3882,90,0,0,1.289048,0,0,-1,0,0,0,0,1.289048,1.417953,0,0,0,0,0,11.80586,0,0,0,0,2.800006,20,0.2291737,1.417953,0,0,0
1/4/2007 3:00:00 AM,0,0,-66.15261,90,0,0,0.2648657,0,0,-1,0,0,0,0,0.2648657,0.2913522,0,0,0,0,0,11.80586,0,0,0,0,2.800006,20,0.2291737,0.2913522,0,0,0
1/4/2007 4:00:00 AM,0,0,-68.56158,90,0,0,0.009751974,0,0,-1,0,0,0,0,0.009751974,0.01072717,0,0,0,0,0,11.80586,0,0,0,0,2.800006,20,0.2291737,0.01072717,0,0,0
1/4/2007 5:00:00 AM,0,0,-68.83775,90,0,0,0.6034908,0.6034908,4.108754,0,1.28669,0.6034908,0,0,0,0,0,0,0,3.505263,3.33,11.80586,0,3.33,0,3.33,5.959121,42.56506,0.2318611,0.6638399,0,5,0
1/4/2007 6:00:00 AM,0.001396567,0,-67.66837,90,0,0,1.023377,1.023377,4.52864,0,1.401319,1.023377,0,4.440892E-16,0,0,0,0,0,3.505263,3.33,8.475861,2.997,3.33,0,3.33,9.118237,65.13013,0.2371528,1.125714,0,5,2.997
1/4/2007 7:00:00 AM,0.0564668,8.260301,-65.15175,78.04327,0.0574417,0.2577983,0,0,3.505263,0,1.121937,0,0,0,0,0,0.2577983,0,0,3.505263,3.33,5.14586,5.994,3.587798,0,3.587798,12.52192,89.44212,0.2334974,0,0.2062387,5,6.251798
1/4/2007 8:00:00 AM,0.2004859,21.48465,-60.99622,64.37119,0.2067318,0.9278123,0.05363699,0.05363699,0,0,0,0.05363699,1729.8,0,0,0,0.9278123,0.05645999,0.05363699,0,0,1.558062,9.223019,0.8713524,0,0.8713524,13.34856,95.34666,0.2291211,0.05900069,0.7422499,0,10.15083
1/4/2007 9:00:00 AM,0.4016865,34.03698,-54.44366,51.06519,0.4245787,1.905509,0,0,0,-1,0,0,0,1.2188,0,0,1.905509,0,0,0,0,0.6867095,10.00724,0.6867095,0,0.6867095,14.00003,100,0.2257861,0,1.524408,0,11.91274
1/4/2007 10:00:00 AM,0.3202593,45.30926,-44.00337,38.60072,0.3216372,1.443508,6.943391,6.943391,5,0,1.53,6.943391,20.78966,0,0,0,1.443508,2.045675,1.943391,0,0,0,10.62527,0,0.6021674,-0.6021674,13.36529,95.46615,0.2257861,7.637731,1.154806,5,12.06878
1/4/2007 11:00:00 AM,0.1218587,54.04757,-27.34379,28.19584,0.1213832,0.5447679,2.989749,2.989749,0,0,0,2.989749,18.22119,0,0,0,0.5447679,3.147104,2.989749,0,0,0.669075,10.02311,0,2.602336,-2.602336,10.62218,75.8726,0.2257861,3.288724,0.4358144,0,10.56787
1/4/2007 12:00:00 PM,0.319373,58.07962,-3.51411,22.91136,0.3190297,1.431805,0.7791579,0.7791579,0,0,0,0.7791579,183.7632,0,0,0,1.431805,0.8201663,0.7791579,0,0,3.56056,7.420771,0.6116392,0,0.6116392,11.20244,80.01724,0.2228964,0.8570738,1.145444,0,8.852576
1/4/2007 1:00:00 PM,0.5423717,55.69747,21.55712,26.08877,0.5583194,2.505738,2.452826,2.452826,0,0,0,2.452826,102.1572,0,4.440892E-16,0,2.505738,2.581923,2.452826,0,0,2.94892,7.971246,0,0.0761848,-0.0761848,11.12213,79.44363,0.2228964,2.698109,2.00459,0,10.47698
1/4/2007 2:00:00 PM,0.1238305,47.98087,40.24257,35.51914,0.1233725,0.5536957,3.316685,3.316685,0,-1,0,3.316685,16.69425,0,4.440892E-16,0.3183532,0.5536957,3.491247,3.316685,0,0,3.03357,7.895061,0,2.937551,-2.937551,8.02568,57.32617,0.2228964,3.648353,0.4429566,0,8.448757
1/4/2007 3:00:00 PM,0.1481758,37.22844,52.10466,47.60261,0.1477778,0.6632267,1.021546,1.021546,0,-1,0,1.021546,64.92385,0,0,0,0.6632267,1.075311,1.021546,0,0,6.297516,4.95751,0,0.4120845,-0.4120845,7.591304,54.2235,0.2228964,1.1237,0.5305814,0,5.620737
1/4/2007 4:00:00 PM,0.09439445,24.94146,59.51693,60.74661,0.09418964,0.4227231,0,0,0,-1,0,0,0,0,0,0,0.4227231,0,0,0,0,6.755388,4.545425,0.4227231,0,0.4227231,7.992335,57.08799,0.220942,0,0.3381785,0,4.968148
1/4/2007 5:00:00 PM,0.05515802,11.85911,64.21771,74.34872,0.05524664,0.2479469,0.9275198,0.9275198,0,-1,0,0.9275198,26.73225,0,0,0,0.2479469,0.9763366,0.9275198,0,0,6.332664,4.925876,0,0.7283897,-0.7283897,7.224545,51.60379,0.220942,1.020272,0.1983575,0,5.173823
1/4/2007 6:00:00 PM,0.01462315,0,67.12976,90,0,0,5.529836,3.33,0,-1,0,3.33,0,0,2.199836,2.752819,0,3.505263,3.33,0,0,7.141986,4.197486,0,3.505263,-3.505263,3.529673,25.2119,0.220942,6.082819,0,0,4.197486
1/4/2007 7:00:00 PM,0,0,68.65388,90,0,0,3.408186,0.6576121,0,-1,0,0.6576121,0,0,2.750574,3.091392,0,0.6922233,0.6576121,0,0,11.03672,0.6922233,0,0.6922233,-0.6922233,2.800006,20,0.220942,3.749004,0,0,0.6922233
1/4/2007 8:00:00 PM,0,0,68.80161,90,0,0,0.8067301,0,0,-1,0,0,0,0,0.8067301,0.8874031,0,0,0,0,0,11.80586,0,0,0,0,2.800006,20,0.220942,0.8874031,0,0,0
1/4/2007 9:00:00 PM,0,0,67.08897,90,0,0,4.01101,0,0,-1,0,0,0,0,4.01101,4.412111,0,0,0,0,0,11.80586,0,0,0,0,2.800006,20,0.220942,4.412111,0,0,0
1/4/2007 10:00:00 PM,0,0,61.89367,90,0,0,0.8775836,0,0,-1,0,0,0,0,0.8775836,0.9653419,0,0,0,0,0,11.80586,0,0,0,0,2.800006,20,0.220942,0.9653419,0,0,0
1/4/2007 11:00:00 PM,0,0,47.71067,90,0,0,0.8788739,0,0,-1,0,0,0,0,0.8788739,0.9667613,0,0,0,0,0,11.80586,0,0,0,0,2.800006,20,0.220942,0.9667613,0,0,0
1/5/2007 12:00:00 AM,0,0,8.193862,90,0,0,0.08883438,0,0,-1,0,0,0,0,0.08883438,0.09771781,0,0,0,0,0,11.80586,0,0,0,0,2.800006,20,0.220942,0.09771781,0,0,0
1/5/2007 1:00:00 AM,0,0,-40.4529,90,0,0,0.6590153,0,0,-1,0,0,0,0,0.6590153,0.7249168,0,0,0,0,0,11.80586,0,0,0,0,2.800006,20,0.220942,0.7249168,0,0,0
1/5/2007 2:00:00 AM,0,0,-59.48455,90,0,0,0.4340647,0,0,-1,0,0,0,0,0.4340647,0.4774712,0,0,0,0,0,11.80586,0,0,0,0,2.800006,20,0.220942,0.4774712,0,0,0
1/5/2007 3:00:00 AM,0,0,-66.25872,90,0,0,1.714156,0,0,-1,0,0,0,0,1.714156,1.885572,0,0,0,0,0,11.80586,0,0,0,0,2.800006,20,0.220942,1.885572,0,0,0
1/5/2007 4:00:00 AM,0,0,-68.6657,90,0,0,0.2649158,0,0,-1,0,0,0,0,0.2649158,0.2914074,0,0,0,0,0,11.80586,0,0,0,0,2.800006,20,0.220942,0.2914074,0,0,0
1/5/2007 5:00:00 AM,0,0,-68.94153,90,0,0,1.490673,1.490673,4.995936,0,1.52889,1.490673,0,0,0,0,0,0,0,3.505263,3.33,11.80586,0,3.33,0,3.33,5.959121,42.56506,0.2272965,1.63974,0,5,0
1/5/2007 6:00:00 AM,0.000681252,0,-67.77593,90,0,0,0.2857192,0.2857192,3.790982,0,1.199938,0.2857192,0,4.440892E-16,0,0,0,0,0,3.505263,3.33,8.475861,2.997,3.33,0,3.33,9.118237,65.13013,0.2275492,0.3142912,0,5,2.997
1/5/2007 7:00:00 AM,0.07869507,8.18406,-65.26849,78.13553,0.08541105,0.3833248,0,0,3.505263,0,1.121937,0,0,0,0,0,0.3833248,0,0,3.505263,3.33,5.14586,5.994,3.713325,0,3.713325,12.64101,90.29272,0.2248034,0,0.3066598,5,6.377325
1/5/2007 8:00:00 AM,0.182332,21.42287,-61.12932,64.45112,0.1859924,0.8347338,2.21068,2.21068,0,0,0,2.21068,37.75914,0,0,0,0.8347338,2.327032,2.21068,0,0,1.432535,9.335992,0,1.492298,-1.492298,11.06799,79.05688,0.2248034,2.431748,0.6677871,0,10.17073
1/5/2007 9:00:00 AM,0.2065261,33.99511,-54.60286,51.12816,0.2065514,0.9270027,2.05057,2.05057,0,-1,0,2.05057,45.20708,0,0,0,0.9270027,2.158494,2.05057,0,0,3.090645,7.843694,0,1.231492,-1.231492,9.769879,69.78471,0.2248034,2.255627,0.7416022,0,8.770697
1/5/2007 10:00:00 AM,0.325105,45.29703,-44.19942,38.6369,0.3266926,1.466196,1.423178,1.423178,0,0,0,1.423178,103.0227,0,0,0,1.466196,1.498082,1.423178,0,0,4.458969,6.612202,0,0.03188579,-0.03188579,9.736268,69.54463,0.2248034,1.565496,1.172957,0,8.078399
1/5/2007 11:00:00 AM,0.288039,54.07996,-27.57312,28.18444,0.2875628,1.290582,0.3216455,0.3216455,0,0,0,0.3216455,401.2436,0,0,0,1.290582,0.3385742,0.3216455,0,0,4.494397,6.580317,0.9520078,0,0.9520078,10.63942,75.99572,0.2212088,0.35381,1.032466,0,7.870899
1/5/2007 12:00:00 PM,0.4582569,58.16724,-3.717067,22.8265,0.463616,2.080709,0,0,0,0,0,0,0,0,0,0,2.080709,0,0,0,0,3.54239,7.437124,2.080709,0,2.080709,12.61336,90.09521,0.2137391,0,1.664567,0,9.517832
1/5/2007 1:00:00 PM,0.08972704,55.82419,21.45809,25.95583,0.08934792,0.4009935,4.856885,4.856885,5,0,1.53,4.856885,8.256186,0,0,0,0.4009935,0,0,0.1431146,0.1359589,1.461681,9.309761,0.5369523,0,0.5369523,13.12275,93.73376,0.2144501,5.342574,0.3207948,5,9.710754
1/5/2007 2:00:00 PM,0.2928005,48.11911,40.23148,35.38174,0.2928372,1.314253,0,0,0,-1,0,0,0,0.3895246,0,0,1.314253,0,0,0,0,0.9247288,9.793018,0.9247288,0,0.9247288,14.00003,100,0.2113064,0,1.051403,0,11.10727
1/5/2007 3:00:00 PM,0.3049999,37.36439,52.13749,47.47298,0.3085338,1.3847,6.350604,3.33,0,-1,0,3.33,41.58257,0,3.020603,3.655664,1.3847,3.505263,3.33,0,0,0,10.62527,0,2.120564,-2.120564,11.76476,84.03381,0.2113064,6.985664,1.10776,0,12.00997
1/5/2007 4:00:00 PM,0.2248806,25.07106,59.57062,60.62613,0.2300673,1.032542,0,0,0,-1,0,0,0,0,0,0,1.032542,0,0,0,0,2.356182,8.50471,1.032542,0,1.032542,12.74431,91.03062,0.2079033,0,0.8260338,0,9.537252
1/5/2007 5:00:00 PM,0.08889148,11.98143,64.28397,74.23724,0.09042348,0.4058206,1.832789,1.832789,0,-1,0,1.832789,22.14225,0,2.220446E-16,0,0.4058206,1.929251,1.832789,0,0,1.32364,9.433999,0,1.523431,-1.523431,11.13848,79.56039,0.2079033,2.016068,0.3246565,0,9.839819
1/5/2007 6:00:00 PM,0.01483844,0,67.20725,90,0,0,0.2781757,0.2781757,0,-1,0,0.2781757,0,0,5.551115E-17,0,0,0.2928165,0.2781757,0,0,3.01634,7.910568,0,0.2928165,-0.2928165,10.82982,77.35571,0.2079033,0.3059933,0,0,7.910568
1/5/2007 7:00:00 PM,0,0,68.74545,90,0,0,2.129855,2.129855,0,-1,0,2.129855,0,0,0,0,0,2.241953,2.129855,0,0,3.341692,7.617752,0,2.241953,-2.241953,8.466595,60.47556,0.2079033,2.342841,0,0,7.617752
1/5/2007 8:00:00 PM,0,0,68.91452,90,0,0,1.775432,1.775432,0,-1,0,1.775432,0,0,0,0,0,1.868876,1.775432,0,0,5.832751,5.375799,0,1.868876,-1.868876,6.496627,46.40438,0.2079033,1.952975,0,0,5.375799
1/5/2007 9:00:00 PM,0,0,67.23844,90,0,0,0,0,0,-1,0,0,0,0,0,0,0,0,0,0,0,7.909279,3.506923,0,0,0,6.496627,46.40438,0.2079033,0,0,0,3.506923
1/5/2007 10:00:00 PM,0,0,62.11428,90,0,0,0.5682402,0.5682402,0,-1,0,0.5682402,0,0,0,0,0,0.5981475,0.5682402,0,0,7.909279,3.506923,0,0.5981475,-0.5981475,5.866124,41.9008,0.2079033,0.6250642,0,0,3.506923
1/5/2007 11:00:00 PM,0,0,48.08501,90,0,0,0.7594718,0.7594718,0,-1,0,0.7594718,0,0,1.110223E-16,0,0,0.799444,0.7594718,0,0,8.573888,2.908775,0,0.799444,-0.799444,5.023436,35.88161,0.2079033,0.835419,0,0,2.908775
1/6/2007 12:00:00 AM,0,0,8.672945,90,0,0,1.090183,1.090183,0,-1,0,1.090183,0,0,2.220446E-16,0,0,1.147561,1.090183,0,0,9.462158,2.109331,0,1.147561,-1.147561,3.8138,27.24138,0.2079033,1.199202,0,0,2.109331
1/6/2007 1:00:00 AM,0,0,-40.44829,90,0,0,0.5660121,0.5660121,0,-1,0,0.5660121,0,0,1.110223E-16,0,0,0.5958022,0.5660121,0,0,10.73723,0.9617702,0,0.5958022,-0.5958022,3.18577,22.75545,0.2079033,0.6226134,0,0,0.9617702
1/6/2007 2:00:00 AM,0,0,-59.5948,90,0,0,0.8302479,0.3476695,0,-1,0,0.3476695,0,0,0.4825784,0.5656032,0,0.3659679,0.3476695,0,0,11.39923,0.3659679,0,0.3659679,-0.3659679,2.800006,20,0.2079033,0.9132727,0,0,0.3659679
1/6/2007 3:00:00 AM,0,0,-66.37514,90,0,0,0.064523,0,0,-1,0,0,0,0,0.064523,0.0709753,0,0,0,0,0,11.80586,0,0,0,0,2.800006,20,0.2079033,0.0709753,0,0,0
1/6/2007 4:00:00 AM,0,0,-68.77811,90,0,0,1.755978,0,0,-1,0,0,0,0,1.755978,1.931576,0,0,0,0,0,11.80586,0,0,0,0,2.800006,20,0.2079033,1.931576,0,0,0
1/6/2007 5:00:00 AM,0,0,-69.05246,90,0,0,1.239789,1.239789,4.745052,0,1.460399,1.239789,0,0,0,0,0,0,0,3.505263,3.33,11.80586,0,3.33,0,3.33,5.959121,42.56506,0.2133575,1.363768,0,5,0
1/6/2007 6:00:00 AM,0.001084721,0,-67.89004,90,0,0,1.070083,1.070083,4.575346,0,1.414069,1.070083,0,0,0,0,0,0,0,3.505263,3.33,8.475861,2.997,3.33,0,3.33,9.118237,65.13013,0.2175711,1.177091,0,5,2.997
1/6/2007 7:00:00 AM,0.1321421,8.11033,-65.39151,78.22622,0.1816117,0.8150733,0.400859,0.400859,3.906122,0,1.231371,0.400859,203.3317,0,0,0,0.8150733,0,0,3.505263,3.33,5.14586,5.994,4.145073,0,4.145073,13.0506,93.21837,0.2162876,0.4409449,0.6520586,5,6.809073
1/6/2007 8:00:00 AM,0.4302843,21.36425,-61.26864,64.52883,0.5045347,2.264351,0,0,0,0,0,0,0,1.263564,0,0,2.264351,0,0,0,0,1.000787,9.724566,1.000787,0,1.000787,14.00003,100,0.2134364,0,1.811481,0,11.98892
1/6/2007 9:00:00 AM,0.7177265,33.95718,-54.76831,51.18814,0.8026395,3.602246,0,0,0,-1,0,0,0,3.602246,0,0,3.602246,0,0,0,0,0,10.62527,0,0,0,14.00003,100,0.2134364,0,2.881797,0,14.22752
1/6/2007 10:00:00 AM,0.8607623,45.28965,-44.40151,38.66911,0.9425548,4.230186,2.100641,2.100641,0,0,0,2.100641,201.376,2.018985,0,0,4.230186,2.211201,2.100641,0,0,0,10.62527,0,0,0,14.00003,100,0.2134364,2.310705,3.384149,0,14.85546
1/6/2007 11:00:00 AM,0.9368334,54.11822,-27.80695,28.16783,1.015929,4.559488,0,0,0,0,0,0,0,4.559488,0,0,4.559488,0,0,0,0,0,10.62527,0,0,0,14.00003,100,0.2134364,0,3.64759,0,15.18476
1/6/2007 12:00:00 PM,0.990012,58.26125,-3.919996,22.73541,1.070311,4.803557,0,0,0,0,0,0,0,4.803557,0,0,4.803557,0,0,0,0,0,10.62527,0,0,0,14.00003,100,0.2134364,0,3.842846,0,15.42883
1/6/2007 1:00:00 PM,1.032254,55.95657,21.36475,25.81772,1.118598,5.020266,3.014856,3.014856,0,0,0,3.014856,166.5176,1.846732,0,0,5.020266,3.173533,3.014856,0,0,0,10.62527,0,0,0,14.00003,100,0.2134364,3.316342,4.016212,0,15.64554
1/6/2007 2:00:00 PM,0.9024954,48.26145,40.22836,35.24125,0.9847104,4.41938,0.5308104,0.5308104,0,-1,0,0.5308104,832.5722,3.860632,0,0,4.41938,0.5587478,0.5308104,0,0,0,10.62527,0,0,0,14.00003,100,0.2134364,0.5838915,3.535504,0,15.04465
1/6/2007 3:00:00 PM,0.7487394,37.50302,52.17824,47.34178,0.8303384,3.726559,4.408452,3.33,0,-1,0,3.33,111.9087,0.2212956,1.078452,1.519297,3.726559,3.505263,3.33,0,0,0,10.62527,0,0,0,14.00003,100,0.2134364,4.849297,2.981247,0,14.35183
1/6/2007 4:00:00 PM,0.5215095,25.20224,59.63168,60.50513,0.5998284,2.69203,1.323632,1.323632,0,-1,0,1.323632,203.3821,1.298733,0,0,2.69203,1.393296,1.323632,0,0,0,10.62527,0,0,0,14.00003,100,0.2134364,1.455995,2.153624,0,13.3173
1/6/2007 5:00:00 PM,0.1997071,12.10449,64.35713,74.12605,0.2517448,1.129831,2.42476,2.42476,0,-1,0,2.42476,46.59557,0,0,0,1.129831,2.552379,2.42476,0,0,0,10.62527,0,1.422549,-1.422549,12.50053,89.28932,0.2134364,2.667236,0.9038646,0,11.75511
1/6/2007 6:00:00 PM,0.0115686,0,67.29149,90,0,0,0,0,0,-1,0,0,0,0,0,0,0,0,0,0,0,1.580609,9.202725,0,0,0,12.50053,89.28932,0.2134364,0,0,0,9.202725
1/6/2007 7:00:00 PM,0,0,68.84389,90,0,0,2.781267,2.781267,0,-1,0,2.781267,0,0,0,0,0,2.92765,2.781267,0,0,1.580609,9.202725,0,2.92765,-2.92765,9.414516,67.24641,0.2134364,3.059394,0,0,9.202725
1/6/2007 8:00:00 PM,0,0,69.03479,90,0,0,0.2933545,0.2933545,0,-1,0,0.2933545,0,0,5.551115E-17,0,0,0.3087941,0.2933545,0,0,4.833554,6.275076,0,0.3087941,-0.3087941,9.089019,64.92143,0.2134364,0.3226899,0,0,6.275076
1/6/2007 9:00:00 PM,0,0,67.39626,90,0,0,0,0,0,-1,0,0,0,0,0,0,0,0,0,0,0,5.176658,5.966282,0,0,0,9.089019,64.92143,0.2134364,0,0,0,5.966282
1/6/2007 10:00:00 PM,0,0,62.34493,90,0,0,0.9061164,0.9061164,0,-1,0,0.9061164,0,0,1.110223E-16,0,0,0.9538067,0.9061164,0,0,5.176658,5.966282,0,0.9538067,-0.9538067,8.083618,57.74001,0.2134364,0.996728,0,0,5.966282
1/6/2007 11:00:00 PM,0,0,48.47151,90,0,0,0.2973606,0.2973606,0,-1,0,0.2973606,0,0,5.551115E-17,0,0,0.3130112,0.2973606,0,0,6.236444,5.012475,0,0.3130112,-0.3130112,7.753675,55.38329,0.2134364,0.3270967,0,0,5.012475
1/7/2007 12:00:00 AM,0,0,9.1579,90,0,0,0.2571646,0.2571646,0,-1,0,0.2571646,0,0,0,0,0,0.2706996,0.2571646,0,0,6.584234,4.699464,0,0.2706996,-0.2706996,7.468333,53.34513,0.2134364,0.2828811,0,0,4.699464
1/7/2007 1:00:00 AM,0,0,-40.46095,90,0,0,0.5777919,0.5777919,0,-1,0,0.5777919,0,0,1.110223E-16,0,0,0.608202,0.5777919,0,0,6.885011,4.428764,0,0.608202,-0.608202,6.827232,48.76584,0.2134364,0.6355711,0,0,4.428764
1/7/2007 2:00:00 AM,0,0,-59.71914,90,0,0,1.515382,1.515382,0,-1,0,1.515382,0,0,2.220446E-16,0,0,1.595139,1.515382,0,0,7.560791,3.820562,0,1.595139,-1.595139,5.145808,36.7557,0.2134364,1.66692,0,0,3.820562
1/7/2007 3:00:00 AM,0,0,-66.50193,90,0,0,0.275283,0.275283,0,-1,0,0.275283,0,0,5.551115E-17,0,0,0.2897716,0.275283,0,0,9.333167,2.225424,0,0.2897716,-0.2897716,4.840362,34.57394,0.2134364,0.3028113,0,0,2.225424
1/7/2007 4:00:00 AM,0,0,-68.8988,90,0,0,0.6665663,0.6665663,0,-1,0,0.6665663,0,0,0,0,0,0.7016488,0.6665663,0,0,9.655136,1.935652,0,0.7016488,-0.7016488,4.100759,29.29108,0.2134364,0.733223,0,0,1.935652
1/7/2007 5:00:00 AM,0,0,-69.17051,90,0,0,0.7421852,0.7421852,0,0,0,0.7421852,0,0,1.110223E-16,0,0,0.7812476,0.7421852,0,0,10.43475,1.234003,0,0.7812476,-0.7812476,3.277252,23.4089,0.2134364,0.8164037,0,0,1.234003
1/7/2007 6:00:00 AM,0.0009695232,0,-68.01064,90,0,0,0,0,0,0,0,0,0,0,0,0,0,0,0,0,0,11.3028,0.4527556,0,0,0,3.277252,23.4089,0.2134364,0,0,0,0.4527556
1/7/2007 7:00:00 AM,0.109305,8.039177,-65.52074,78.31528,0.1385892,0.6219883,0,0,0,0,0,0,0,0,0,0,0.6219883,0,0,0,0,11.3028,0.4527556,0.6219883,0,0.6219883,3.867322,27.62367,0.211702,0,0.4975906,0,1.074744
1/7/2007 8:00:00 AM,0.3018528,21.30885,-61.41413,64.60426,0.3389643,1.521272,1.12907,1.12907,0,0,0,1.12907,134.7368,0,0,0,1.521272,1.188494,1.12907,0,0,10.68081,1.012545,0.3327775,0,0.3327775,4.183022,29.87867,0.2107855,1.241977,1.217017,0,2.533817
1/7/2007 9:00:00 AM,0.5661517,33.92322,-54.93997,51.24509,0.6290356,2.823112,0.9828112,0.9828112,0,-1,0,0.9828112,287.2486,0,0,0,2.823112,1.034538,0.9828112,0,0,10.34803,1.312045,1.788574,0,1.788574,5.879812,41.99857,0.2059928,1.081092,2.258489,0,4.135157
1/7/2007 10:00:00 AM,0.8407726,45.28714,-44.60958,38.69735,0.9201165,4.129483,4.879589,4.879589,4.879589,0,1.497128,4.879589,84.62769,0,0,0,4.129483,0,0,0,0,8.559459,2.921761,4.129483,0,4.129483,9.797383,69.98117,0.2079188,5.367547,3.303586,5,7.051244
1/7/2007 11:00:00 AM,0.8038797,54.16232,-28.04527,28.14602,0.8671108,3.891594,0.3106053,0.3106053,1.25,0,0.50625,0.3106053,1252.907,0.3726761,0,0,3.891594,0,0,0.5667186,0.5383827,4.429976,6.638296,4.429976,0,4.429976,14.00003,100,0.1973586,0.3416658,3.113275,5,10.52989
1/7/2007 12:00:00 PM,0.9543476,58.36165,-4.122851,22.63809,1.031037,4.627293,0,0,0,0,0,0,0,4.627293,0,0,4.627293,0,0,0,0,0,10.62527,0,0,0,14.00003,100,0.1973586,0,3.701834,0,15.25257
1/7/2007 1:00:00 PM,0.9310331,56.09457,21.27723,25.6745,1.007478,4.52156,0,0,0,0,0,0,0,4.52156,0,0,4.52156,0,0,0,0,0,10.62527,0,0,0,14.00003,100,0.1973586,0,3.617248,0,15.14683
1/7/2007 2:00:00 PM,0.87279,48.40782,40.23335,35.09774,0.9514747,4.270218,0.7302831,0.7302831,0,-1,0,0.7302831,584.7346,3.501499,0,0,4.270218,0.7687191,0.7302831,0,0,0,10.62527,0,0,0,14.00003,100,0.1973586,0.8033114,3.416175,0,14.89549
1/7/2007 3:00:00 PM,0.715812,37.64424,52.22699,47.20911,0.7928146,3.558152,0.0761428,0.0761428,0,-1,0,0.0761428,4672.999,3.478002,0,0,3.558152,0.08015032,0.0761428,0,0,0,10.62527,0,0,0,14.00003,100,0.1973586,0.08375709,2.846522,0,14.18343
1/7/2007 4:00:00 PM,0.4911869,25.33492,59.70012,60.38371,0.5637252,2.529999,4.743971,3.33,0,-1,0,3.33,75.97594,0,1.413971,1.888368,2.529999,3.505263,3.33,0,0,0,10.62527,0,0.9752643,-0.9752643,12.97201,92.65702,0.1973586,5.218368,2.023999,0,13.15527
1/7/2007 5:00:00 PM,0.2093229,12.22821,64.43723,74.01521,0.2652477,1.190432,0.649704,0.649704,0,-1,0,0.649704,183.2268,0,0,0,1.190432,0.6838989,0.649704,0,0,1.083627,9.65001,0.5065328,0,0.5065328,13.45255,96.08944,0.196219,0.7146744,0.9523454,0,10.84044
1/7/2007 6:00:00 PM,0.01456242,0,67.38245,90,0,0,0,0,0,-1,0,0,0,0,0,0,0,0,0,0,0,0.5770941,10.10589,0,0,0,13.45255,96.08944,0.196219,0,0,0,10.10589
1/7/2007 7:00:00 PM,0,0,68.94917,90,0,0,2.384418,2.384418,0,-1,0,2.384418,0,0,4.440892E-16,0,0,2.509913,2.384418,0,0,0.5770941,10.10589,0,2.509913,-2.509913,10.80687,77.19176,0.196219,2.622859,0,0,10.10589
1/7/2007 8:00:00 PM,0,0,69.16236,90,0,0,2.311923,2.311923,0,-1,0,2.311923,0,0,0,0,0,2.433603,2.311923,0,0,3.365887,7.595976,0,2.433603,-2.433603,8.241625,58.86863,0.196219,2.543115,0,0,7.595976
1/7/2007 9:00:00 PM,0,0,67.56236,90,0,0,0,0,0,-1,0,0,0,0,0,0,0,0,0,0,0,6.06989,5.162373,0,0,0,8.241625,58.86863,0.196219,0,0,0,5.162373
1/7/2007 10:00:00 PM,0,0,62.58551,90,0,0,0.3551,0.3551,0,-1,0,0.3551,0,0,5.551115E-17,0,0,0.3737895,0.3551,0,0,6.06989,5.162373,0,0.3737895,-0.3737895,7.847616,56.05429,0.196219,0.39061,0,0,5.162373
1/7/2007 11:00:00 PM,0,0,48.87015,90,0,0,0.118089,0.118089,0,-1,0,0.118089,0,0,1.387779E-17,0,0,0.1243042,0.118089,0,0,6.485212,4.788584,0,0.1243042,-0.1243042,7.716588,55.11837,0.196219,0.1298978,0,0,4.788584
1/8/2007 12:00:00 AM,0,0,9.649125,90,0,0,0.4170709,0.4170709,0,-1,0,0.4170709,0,0,5.551115E-17,0,0,0.439022,0.4170709,0,0,6.623328,4.664279,0,0.439022,-0.439022,7.253818,51.81288,0.196219,0.458778,0,0,4.664279
1/8/2007 1:00:00 AM,0,0,-40.49142,90,0,0,1.020711,1.020711,0,-1,0,1.020711,0,0,0,0,0,1.074432,1.020711,0,0,7.11113,4.225257,0,1.074432,-1.074432,6.121267,43.72325,0.196219,1.122782,0,0,4.225257
1/8/2007 2:00:00 AM,0,0,-59.85777,90,0,0,0.4549707,0.4549707,0,-1,0,0.4549707,0,0,5.551115E-17,0,0,0.4789166,0.4549707,0,0,8.304944,3.150825,0,0.4789166,-0.4789166,5.616444,40.11738,0.196219,0.5004678,0,0,3.150825
1/8/2007 3:00:00 AM,0,0,-66.63914,90,0,0,0.3465118,0.3465118,0,-1,0,0.3465118,0,0,0,0,0,0.3647493,0.3465118,0,0,8.837073,2.671908,0,0.3647493,-0.3647493,5.231965,37.3711,0.196219,0.381163,0,0,2.671908
1/8/2007 4:00:00 AM,0,0,-69.02777,90,0,0,0.9689616,0.9689616,0,-1,0,0.9689616,0,0,2.220446E-16,0,0,1.01996,0.9689616,0,0,9.242351,2.307159,0,1.01996,-1.01996,4.156833,29.6916,0.196219,1.065858,0,0,2.307159
1/8/2007 5:00:00 AM,0,0,-69.29566,90,0,0,0,0,0,0,0,0,0,0,0,0,0,0,0,0,0,10.37564,1.287199,0,0,0,4.156833,29.6916,0.196219,0,0,0,1.287199
1/8/2007 6:00:00 AM,0.000886008,0,-68.13771,90,0,0,0.8294643,0.8294643,0,0,0,0.8294643,0,0,0,0,0,0.8731203,0.8294643,0,0,10.37564,1.287199,0,0.8731203,-0.8731203,3.236483,23.11769,0.196219,0.9124107,0,0,1.287199
1/8/2007 7:00:00 AM,0.1547532,7.970668,-65.65615,78.40262,0.2206382,0.9902241,0.7432994,0.7432994,4.248562,0,1.324858,0.7432994,133.2201,0,0,0,0.9902241,0,0,3.505263,3.33,11.34577,0.4140792,4.320224,0,4.320224,7.335008,52.39281,0.196891,0.8176293,0.7921792,5,1.404303
1/8/2007 8:00:00 AM,0.3836554,21.25671,-61.56573,64.67734,0.4481316,2.011214,2.288662,2.288662,5,0,1.53,2.288662,87.87728,0,0,0,2.011214,0,0,2.711338,2.575771,7.025548,4.302281,4.586985,0,4.586985,11.6866,83.47558,0.1993163,2.517529,1.608971,5,6.313495
1/8/2007 9:00:00 AM,0.5146025,33.89325,-55.11777,51.29898,0.5659232,2.539863,2.415009,2.415009,0,-1,0,2.415009,105.1699,0,4.440892E-16,0,2.539863,2.542115,2.415009,0,0,2.438563,8.430568,0,0.002252055,-0.002252055,11.68423,83.45862,0.1993163,2.65651,2.03189,0,10.97043
1/8/2007 10:00:00 AM,0.72628,45.28951,-44.82357,38.72161,0.7915943,3.552675,5.0846,5.0846,4.028571,0,1.2648,5.0846,69.87128,0,0,0,3.552675,1.11161,1.056029,0,0,2.441065,8.428315,2.441065,0,2.441065,14.00003,100,0.2013675,5.59306,2.84214,5,11.98099
1/8/2007 11:00:00 AM,0.7988151,54.21226,-28.28803,28.11903,0.8609416,3.863906,5.659621,5.659621,2.329621,0,0.8009865,5.659621,68.27146,0.3586427,0,0,3.863906,3.505263,3.33,0,0,0,10.62527,0,0,0,14.00003,100,0.2013675,6.225583,3.091125,5,14.48918
1/8/2007 12:00:00 PM,0.9536217,58.46841,-4.325587,22.53458,1.029855,4.621989,0.087307,0.087307,0,0,0,0.087307,5293.95,4.530087,0,0,4.621989,0.0919021,0.087307,0,0,0,10.62527,0,0,0,14.00003,100,0.2013675,0.09603769,3.697591,0,15.24726
1/8/2007 1:00:00 PM,0.9715855,56.23814,21.19568,25.52621,1.051322,4.718334,4.428065,4.428065,1.25,0,0.50625,4.428065,106.5552,1.373002,0,0,4.718334,3.345332,3.178065,0,0,0,10.62527,0,0,0,14.00003,100,0.2013675,4.870872,3.774667,5,15.34361
1/8/2007 2:00:00 PM,0.8718801,48.55814,40.24658,34.95134,0.9499687,4.26346,3.457412,3.33,0,-1,0,3.33,128.0318,0.7581965,0.1274114,0.4731525,4.26346,3.505263,3.33,0,0,0,10.62527,0,0,0,14.00003,100,0.2013675,3.803153,3.410768,0,14.88873
1/8/2007 3:00:00 PM,0.6513196,37.78795,52.28379,47.07508,0.7195379,3.229286,2.27763,2.27763,0,-1,0,2.27763,141.7827,0.8317809,0,0,3.229286,2.397505,2.27763,0,0,0,10.62527,0,0,0,14.00003,100,0.2013675,2.505393,2.583429,0,13.85456
1/8/2007 4:00:00 PM,0.4150728,25.469,59.77597,60.26197,0.470533,2.111752,4.168334,3.33,0,-1,0,3.33,63.41598,0,0.8383346,1.255168,2.111752,3.505263,3.33,0,0,0,10.62527,0,1.393511,-1.393511,12.53114,89.50795,0.2013675,4.585168,1.689402,0,12.73703
1/8/2007 5:00:00 PM,0.1925695,12.35248,64.52424,73.90482,0.2377326,1.066944,2.72288,2.72288,0,-1,0,2.72288,39.18439,0,0,0,1.066944,2.86619,2.72288,0,0,1.548346,9.231763,0,1.799246,-1.799246,10.63457,75.96104,0.2013675,2.995168,0.8535553,0,10.29871
1/8/2007 6:00:00 PM,0.01669082,0,67.48012,90,0,0,3.844963,3.33,0,-1,0,3.33,0,0,0.5149627,0.899459,0,3.505263,3.33,0,0,3.547508,7.432518,0,3.505263,-3.505263,6.939695,49.56915,0.2013675,4.229459,0,0,7.432518
1/8/2007 7:00:00 PM,0,0,69.06126,90,0,0,7.45793,3.33,0,-1,0,3.33,0,0,4.12793,4.873723,0,3.505263,3.33,0,0,7.442245,3.927254,0,3.505263,-3.505263,3.244823,23.17726,0.2013675,8.203723,0,0,3.927254
1/8/2007 8:00:00 PM,0,0,69.2972,90,0,0,6.475208,0.4008915,0,-1,0,0.4008915,0,0,6.074317,6.721838,0,0.4219911,0.4008915,0,0,11.33698,0.4219911,0,0.4219911,-0.4219911,2.800006,20,0.2013675,7.122729,0,0,0.4219911
1/8/2007 9:00:00 PM,0,0,67.73666,90,0,0,3.717445,0,0,-1,0,0,0,0,3.717445,4.08919,0,0,0,0,0,11.80586,0,0,0,0,2.800006,20,0.2013675,4.08919,0,0,0
1/8/2007 10:00:00 PM,0,0,62.83595,90,0,0,1.116569,0,0,-1,0,0,0,0,1.116569,1.228226,0,0,0,0,0,11.80586,0,0,0,0,2.800006,20,0.2013675,1.228226,0,0,0
1/8/2007 11:00:00 PM,0,0,49.28095,90,0,0,0,0,0,-1,0,0,0,0,0,0,0,0,0,0,0,11.80586,0,0,0,0,2.800006,20,0.2013675,0,0,0,0
1/9/2007 12:00:00 AM,0,0,10.14704,90,0,0,0.7727075,0,0,-1,0,0,0,0,0.7727075,0.8499782,0,0,0,0,0,11.80586,0,0,0,0,2.800006,20,0.2013675,0.8499782,0,0,0
1/9/2007 1:00:00 AM,0,0,-40.54027,90,0,0,0.8512377,0,0,-1,0,0,0,0,0.8512377,0.9363614,0,0,0,0,0,11.80586,0,0,0,0,2.800006,20,0.2013675,0.9363614,0,0,0
1/9/2007 2:00:00 AM,0,0,-60.01089,90,0,0,0.9573789,0,0,-1,0,0,0,0,0.9573789,1.053117,0,0,0,0,0,11.80586,0,0,0,0,2.800006,20,0.2013675,1.053117,0,0,0
1/9/2007 3:00:00 AM,0,0,-66.78683,90,0,0,0.9821851,0,0,-1,0,0,0,0,0.9821851,1.080404,0,0,0,0,0,11.80586,0,0,0,0,2.800006,20,0.2013675,1.080404,0,0,0
1/9/2007 4:00:00 AM,0,0,-69.16502,90,0,0,1.240896,0,0,-1,0,0,0,0,1.240896,1.364986,0,0,0,0,0,11.80586,0,0,0,0,2.800006,20,0.2013675,1.364986,0,0,0
1/9/2007 5:00:00 AM,0,0,-69.42788,90,0,0,0,0,0,0,0,0,0,0,0,0,0,0,0,0,0,11.80586,0,0,0,0,2.800006,20,0.2013675,0,0,0,0
1/9/2007 6:00:00 AM,0.0006866917,0,-68.27119,90,0,0,0.985361,0.985361,4.490624,0,1.39094,0.985361,0,0,0,0,0,0,0,3.505263,3.33,11.80586,0,3.33,0,3.33,5.959121,42.56506,0.2044184,1.083897,0,5,0
1/9/2007 7:00:00 AM,0.1102289,7.904867,-65.79768,78.48819,0.1417775,0.6362973,3.651164,3.651164,5,0,1.53,3.651164,17.42724,0,0,0,0.6362973,0,0,1.348836,1.281394,8.475861,2.997,1.917691,0,1.917691,7.778403,55.55991,0.2063403,4.016281,0.5090379,5,3.633297
1/9/2007 8:00:00 AM,0.3135049,21.2079,-61.72339,64.74803,0.3552222,1.594237,3.237197,3.237197,5,0,1.53,3.237197,49.24746,0,0,0,1.594237,0,0,1.762803,1.674663,6.558169,4.722922,3.2689,0,3.2689,10.87955,77.71095,0.2093109,3.560917,1.27539,5,6.31716
1/9/2007 9:00:00 AM,0.5271484,33.86731,-55.30165,51.34977,0.5812923,2.60884,3.67825,3.33,0,-1,0,3.33,78.34354,0,0.3482504,0.7160755,2.60884,3.505263,3.33,0,0,3.289269,7.664932,0,0.8964235,-0.8964235,9.93464,70.96157,0.2093109,4.046075,2.087072,0,10.27377
1/9/2007 10:00:00 AM,0.8341396,45.29676,-45.04345,38.74189,0.9120913,4.093465,0.9353142,0.9353142,0,0,0,0.9353142,437.6567,0,0,0,4.093465,0.9845412,0.9353142,0,0,4.285295,6.768509,3.108924,0,3.108924,12.88402,92.02856,0.2034327,1.028846,3.274772,0,10.86197
1/9/2007 11:00:00 AM,0.9080145,54.26802,-28.53523,28.08688,0.9833231,4.413154,1.386732,1.386732,0,0,0,1.386732,318.2414,1.777066,0,0,4.413154,1.459718,1.386732,0,0,1.176371,9.566541,1.176371,0,1.176371,14.00003,100,0.2012936,1.525405,3.530523,0,13.97969
1/9/2007 12:00:00 PM,1.062891,58.5815,-4.528159,22.42489,1.148564,5.154757,5.708966,5.708966,2.378966,0,0.8144577,5.708966,90.2923,1.649493,0,0,5.154757,3.505263,3.33,0,0,0,10.62527,0,0,0,14.00003,100,0.2012936,6.279862,4.123805,5,15.78003
1/9/2007 1:00:00 PM,1.075064,56.38722,21.12022,25.3729,1.163949,5.223805,1.898213,1.898213,0,0,0,1.898213,275.196,3.225687,0,0,5.223805,1.998119,1.898213,0,0,0,10.62527,0,0,0,14.00003,100,0.2012936,2.088034,4.179044,0,15.84908
1/9/2007 2:00:00 PM,0.9067171,48.71233,40.26817,34.80213,0.9877867,4.433187,1.612187,1.612187,0,-1,0,1.612187,274.9797,2.736148,0,0,4.433187,1.697039,1.612187,0,0,0,10.62527,0,0,0,14.00003,100,0.2012936,1.773406,3.54655,0,15.05846
1/9/2007 3:00:00 PM,0.7043362,37.93406,52.34874,46.9398,0.7788015,3.495261,5.357174,3.33,0,-1,0,3.33,104.9628,0,2.027174,2.562892,3.495261,3.505263,3.33,0,0,0,10.62527,0,0.01000198,-0.01000198,13.98948,99.92469,0.2012936,5.892892,2.796209,0,14.12053
1/9/2007 4:00:00 PM,0.4523128,25.60438,59.85928,60.14001,0.5163294,2.317286,5.098857,3.33,0,-1,0,3.33,69.58818,0,1.768857,2.278743,2.317286,3.505263,3.33,0,0,0.01111332,10.61527,0,1.187977,-1.187977,12.73725,90.98016,0.2012936,5.608743,1.853829,0,12.93256
1/9/2007 5:00:00 PM,0.2049757,12.47722,64.61818,73.79498,0.2559424,1.148669,1.279855,1.279855,0,-1,0,1.279855,89.74993,0,0,0,1.148669,1.347216,1.279855,0,0,1.331087,9.427296,0,0.1985469,-0.1985469,12.52796,89.48525,0.2012936,1.407841,0.9189355,0,10.57596
1/9/2007 6:00:00 PM,0.01545623,0,67.58447,90,0,0,8.777672,3.33,0,-1,0,3.33,0,0,5.447671,6.325438,0,3.505263,3.33,0,0,1.551695,9.228748,0,3.505263,-3.505263,8.833089,63.09336,0.2012936,9.655438,0,0,9.228748
1/9/2007 7:00:00 PM,0,0,69.1801,90,0,0,9.988189,3.33,0,-1,0,3.33,0,0,6.658189,7.657008,0,3.505263,3.33,0,0,5.446432,5.723485,0,3.505263,-3.505263,5.138217,36.70148,0.2012936,10.98701,0,0,5.723485
1/9/2007 8:00:00 PM,0,0,69.43925,90,0,0,8.574001,2.107311,0,-1,0,2.107311,0,0,6.466691,7.32409,0,2.218222,2.107311,0,0,9.341168,2.218222,0,2.218222,-2.218222,2.800006,20,0.2012936,9.431402,0,0,2.218222
1/9/2007 9:00:00 PM,0,0,67.91909,90,0,0,0,0,0,-1,0,0,0,0,0,0,0,0,0,0,0,11.80586,0,0,0,0,2.800006,20,0.2012936,0,0,0,0
1/9/2007 10:00:00 PM,0,0,63.09615,90,0,0,0.9028435,0,0,-1,0,0,0,0,0.9028435,0.9931279,0,0,0,0,0,11.80586,0,0,0,0,2.800006,20,0.2012936,0.9931279,0,0,0
1/9/2007 11:00:00 PM,0,0,49.70392,90,0,0,0.631594,0,0,-1,0,0,0,0,0.631594,0.6947534,0,0,0,0,0,11.80586,0,0,0,0,2.800006,20,0.2012936,0.6947534,0,0,0
1/10/2007 12:00:00 AM,0,0,10.65211,90,0,0,0,0,0,-1,0,0,0,0,0,0,0,0,0,0,0,11.80586,0,0,0,0,2.800006,20,0.2012936,0,0,0,0
1/10/2007 1:00:00 AM,0,0,-40.6081,90,0,0,0,0,0,-1,0,0,0,0,0,0,0,0,0,0,0,11.80586,0,0,0,0,2.800006,20,0.2012936,0,0,0,0
1/10/2007 2:00:00 AM,0,0,-60.1787,90,0,0,0.3997743,0,0,-1,0,0,0,0,0.3997743,0.4397517,0,0,0,0,0,11.80586,0,0,0,0,2.800006,20,0.2012936,0.4397517,0,0,0
1/10/2007 3:00:00 AM,0,0,-66.94504,90,0,0,0.561617,0,0,-1,0,0,0,0,0.561617,0.6177787,0,0,0,0,0,11.80586,0,0,0,0,2.800006,20,0.2012936,0.6177787,0,0,0
1/10/2007 4:00:00 AM,0,0,-69.31054,90,0,0,0.2751539,0,0,-1,0,0,0,0,0.2751539,0.3026693,0,0,0,0,0,11.80586,0,0,0,0,2.800006,20,0.2012936,0.3026693,0,0,0
1/10/2007 5:00:00 AM,0,0,-69.56715,90,0,0,0.4952196,0.4952196,4.000483,0,1.257132,0.4952196,0,0,0,0,0,0,0,3.505263,3.33,11.80586,0,3.33,0,3.33,5.959121,42.56506,0.2027172,0.5447415,0,5,0
1/10/2007 6:00:00 AM,0.0006194375,0,-68.41107,90,0,0,0.4950609,0.4950609,4.000324,0,1.257088,0.4950609,0,0,0,0,0,0,0,3.505263,3.33,8.475861,2.997,3.33,0,3.33,9.118237,65.13013,0.2040603,0.544567,0,5,2.997
1/10/2007 7:00:00 AM,0.135184,7.841839,-65.94528,78.57191,0.189713,0.8514318,0,0,3.505263,0,1.121937,0,0,0,0,0,0.8514318,0,0,3.505263,3.33,5.14586,5.994,4.181432,0,4.181432,13.08509,93.46474,0.2026819,0,0.6811454,5,6.845432
1/10/2007 8:00:00 AM,0.3650279,21.16245,-61.88704,64.81629,0.424313,1.904317,2.335829,2.335829,0,0,0,2.335829,81.52637,0,0,0,1.904317,2.458768,2.335829,0,0,0.9644284,9.757289,0,0.5544508,-0.5544508,12.50065,89.29017,0.2026819,2.569412,1.523453,0,11.6616
1/10/2007 9:00:00 AM,0.5931668,33.84543,-55.49156,51.39744,0.6602006,2.96298,1.464311,1.464311,0,-1,0,1.464311,202.3463,0,0,0,2.96298,1.541381,1.464311,0,0,1.580485,9.202838,1.4216,0,1.4216,13.8493,98.92335,0.2003608,1.610743,2.370384,0,12.16582
1/10/2007 10:00:00 AM,0.8682119,45.3089,-45.26916,38.75818,0.9493685,4.260766,3.671983,3.671983,1.25,0,0.50625,3.671983,116.0345,1.552425,0,0,4.260766,2.549456,2.421983,0,0,0.1588852,10.48228,0.1588852,0,0.1588852,14.00003,100,0.2001047,4.039181,3.408613,5,14.74304
1/10/2007 11:00:00 AM,0.9448775,54.32959,-28.78684,28.0496,1.023197,4.592108,6.422429,6.422429,3.092428,0,1.009233,6.422429,71.50111,1.086845,0,0,4.592108,3.505263,3.33,0,0,0,10.62527,0,0,0,14.00003,100,0.2001047,7.064671,3.673687,5,15.21738
1/10/2007 12:00:00 PM,0.9208276,58.70092,-4.730523,22.30905,0.9930105,4.456631,0,0,0,0,0,0,0,4.456631,0,0,4.456631,0,0,0,0,0,10.62527,0,0,0,14.00003,100,0.2001047,0,3.565305,0,15.08191
1/10/2007 1:00:00 PM,0.8228669,56.54178,21.05102,25.21465,0.8849044,3.971451,3.430607,3.430607,1.25,0,0.50625,3.430607,115.7653,1.676075,0,0,3.971451,2.295375,2.180607,0,0,0,10.62527,0,0,0,14.00003,100,0.2001047,3.773667,3.177161,5,14.59673
1/10/2007 2:00:00 PM,0.7602938,48.8703,40.29827,34.65021,0.8241336,3.698712,1.986678,1.986678,0,-1,0,1.986678,186.1757,1.607472,0,0,3.698712,2.09124,1.986678,0,0,0,10.62527,0,0,0,14.00003,100,0.2001047,2.185345,2.958969,0,14.32399
1/10/2007 3:00:00 PM,0.6023687,38.08248,52.4219,46.80338,0.6607406,2.965404,3.404705,3.33,0,-1,0,3.33,89.05117,0,0.07470482,0.4151753,2.965404,3.505263,3.33,0,0,0,10.62527,0,0.5398592,-0.5398592,13.43097,95.93528,0.2001047,3.745175,2.372323,0,13.59068
1/10/2007 4:00:00 PM,0.4365447,25.74096,59.95007,60.01794,0.4960791,2.226403,0,0,0,-1,0,0,0,1.626559,0,0,2.226403,0,0,0,0,0.5998436,10.08541,0.5998436,0,0.5998436,14.00003,100,0.1991437,0,1.781122,0,12.31182
1/10/2007 5:00:00 PM,0.2193088,12.60234,64.71905,73.68579,0.2762672,1.239887,2.597367,2.597367,0,-1,0,2.597367,47.73631,0,0,0,1.239887,2.73407,2.597367,0,0,0,10.62527,0,1.494183,-1.494183,12.42502,88.74997,0.1991437,2.857104,0.9919097,0,11.86516
1/10/2007 6:00:00 PM,0.01732648,0,67.6955,90,0,0,4.439404,3.33,0,-1,0,3.33,0,0,1.109404,1.553344,0,3.505263,3.33,0,0,1.660204,9.131091,0,3.505263,-3.505263,8.730149,62.35808,0.1991437,4.883344,0,0,9.131091
1/10/2007 7:00:00 PM,0,0,69.30568,90,0,0,7.499815,3.33,0,-1,0,3.33,0,0,4.169816,4.919797,0,3.505263,3.33,0,0,5.55494,5.625828,0,3.505263,-3.505263,5.035277,35.96619,0.1991437,8.249797,0,0,5.625828
1/10/2007 8:00:00 PM,0,0,69.58844,90,0,0,0,0,0,-1,0,0,0,0,0,0,0,0,0,0,0,9.449677,2.120565,0,0,0,5.035277,35.96619,0.1991437,0,0,0,2.120565
1/10/2007 9:00:00 PM,0,0,68.10958,90,0,0,7.128988,2.014536,0,-1,0,2.014536,0,0,5.114451,5.82735,0,2.120565,2.014536,0,0,9.449677,2.120565,0,2.120565,-2.120565,2.800006,20,0.1991437,7.841887,0,0,2.120565
1/10/2007 10:00:00 PM,0,0,63.36604,90,0,0,0.3917976,0,0,-1,0,0,0,0,0.3917976,0.4309774,0,0,0,0,0,11.80586,0,0,0,0,2.800006,20,0.1991437,0.4309774,0,0,0
1/10/2007 11:00:00 PM,0,0,50.13909,90,0,0,0,0,0,-1,0,0,0,0,0,0,0,0,0,0,0,11.80586,0,0,0,0,2.800006,20,0.1991437,0,0,0,0
1/11/2007 12:00:00 AM,0,0,11.1648,90,0,0,0,0,0,-1,0,0,0,0,0,0,0,0,0,0,0,11.80586,0,0,0,0,2.800006,20,0.1991437,0,0,0,0
1/11/2007 1:00:00 AM,0,0,-40.69558,90,0,0,1.51188,0,0,-1,0,0,0,0,1.51188,1.663067,0,0,0,0,0,11.80586,0,0,0,0,2.800006,20,0.1991437,1.663067,0,0,0
1/11/2007 2:00:00 AM,0,0,-60.36139,90,0,0,1.050026,0,0,-1,0,0,0,0,1.050026,1.155028,0,0,0,0,0,11.80586,0,0,0,0,2.800006,20,0.1991437,1.155028,0,0,0
1/11/2007 3:00:00 AM,0,0,-67.11379,90,0,0,0.3858582,0,0,-1,0,0,0,0,0.3858582,0.424444,0,0,0,0,0,11.80586,0,0,0,0,2.800006,20,0.1991437,0.424444,0,0,0
1/11/2007 4:00:00 AM,0,0,-69.46432,90,0,0,0,0,0,-1,0,0,0,0,0,0,0,0,0,0,0,11.80586,0,0,0,0,2.800006,20,0.1991437,0,0,0,0
1/11/2007 5:00:00 AM,0,0,-69.71343,90,0,0,1.254055,1.254055,4.759318,0,1.464294,1.254055,0,0,0,0,0,0,0,3.505263,3.33,11.80586,0,3.33,0,3.33,5.959121,42.56506,0.202264,1.37946,0,5,0
1/11/2007 6:00:00 AM,0.0001949929,0,-68.55728,90,0,0,1.762333,1.762333,5,0,1.53,1.762333,0,0,0,0,0,0,0,3.237668,3.075784,8.475861,2.997,3.075784,0,3.075784,8.877066,63.40749,0.2050055,1.938566,0,5,2.997
1/11/2007 7:00:00 AM,0.0419649,7.781645,-66.0989,78.65373,0.04223139,0.1895345,0,0,3.505263,0,1.121937,0,0,0,0,0,0.1895345,0,0,3.505263,3.33,5.400076,5.765206,3.519535,0,3.519535,12.21599,87.2569,0.2047279,0,0.1516276,5,5.95474
1/11/2007 8:00:00 AM,0.2843762,21.1204,-62.05663,64.88206,0.3151461,1.414376,0.1089075,0.1089075,0,0,0,0.1089075,1298.694,0,0,0,1.414376,0.1146395,0.1089075,0,0,1.880542,8.932787,1.299736,0,1.299736,13.44903,96.06429,0.2027731,0.1197983,1.1315,0,10.34716
1/11/2007 9:00:00 AM,0.516535,33.82762,-55.68744,51.44196,0.5677875,2.54823,4.051125,3.33,0,-1,0,3.33,76.52342,0,0.7211244,1.126237,2.54823,3.505263,3.33,0,0,0.5808055,10.10255,0,0.9570331,-0.9570331,12.44023,88.85858,0.2027731,4.456237,2.038584,0,12.65078
1/11/2007 10:00:00 AM,0.5636287,45.32592,-45.50065,38.77048,0.596713,2.678048,0,0,0,0,0,0,0,1.033872,0,0,2.678048,0,0,0,0,1.644176,9.145516,1.644176,0,1.644176,14.00003,100,0.2003532,0,2.142438,0,11.82356
1/11/2007 11:00:00 AM,0.7093861,54.39696,-29.04285,28.00721,0.7550802,3.3888,2.414614,2.414614,0,0,0,2.414614,140.3454,0.8471012,0,0,3.3888,2.541699,2.414614,0,0,0,10.62527,0,0,0,14.00003,100,0.2003532,2.656075,2.71104,0,14.01407
1/11/2007 12:00:00 PM,0.7314488,58.82663,-4.932634,22.18708,0.7748091,3.477343,0.7535015,0.7535015,0,0,0,0.7535015,461.4912,2.684184,0,0,3.477343,0.7931594,0.7535015,0,0,0,10.62527,0,0,0,14.00003,100,0.2003532,0.8288516,2.781875,0,14.10262
1/11/2007 1:00:00 PM,0.3758185,56.70176,20.98821,25.0515,0.3769137,1.691589,3.098569,3.098569,1.491559,0,0.5721957,3.098569,54.59259,2.220446E-16,0,0,1.691589,1.691589,1.607009,0,0,0,10.62527,0,0,0,14.00003,100,0.2003532,3.408426,1.353271,5,12.31686
1/11/2007 2:00:00 PM,0.3381211,49.03198,40.337,34.4957,0.33928,1.522689,3.335267,3.33,0,-1,0,3.33,45.72638,0,0.00526685,0.3387935,1.522689,3.505263,3.33,0,0,0,10.62527,0,1.982575,-1.982575,11.91021,85.07276,0.2003532,3.668793,1.218151,0,12.14796
1/11/2007 3:00:00 PM,0.3116828,38.23309,52.50335,46.66593,0.3151358,1.41433,1.691908,1.691908,0,-1,0,1.691908,83.59377,0,2.220446E-16,0,1.41433,1.780956,1.691908,0,0,2.202861,8.642699,0,0.366626,-0.366626,11.52375,82.31236,0.2003532,1.861099,1.131464,0,10.05703
1/11/2007 4:00:00 PM,0.1921813,25.87865,60.04836,59.89586,0.1936056,0.8689019,1.016508,1.016508,0,-1,0,1.016508,85.47915,0,0,0,0.8689019,1.070008,1.016508,0,0,2.610223,8.276073,0,0.2011059,-0.2011059,11.31177,80.79819,0.2003532,1.118158,0.6951215,0,9.144976
1/11/2007 5:00:00 PM,0.1289195,12.72775,64.82684,73.57734,0.1375317,0.617242,3.479017,3.33,0,-1,0,3.33,18.5358,4.440892E-16,0.1490167,0.4969184,0.617242,3.505263,3.33,0,0,2.833674,8.074967,0,2.888021,-2.888021,8.267528,59.05365,0.2003532,3.826918,0.4937936,0,8.69221
1/11/2007 6:00:00 PM,0.00900378,0,67.81319,90,0,0,6.499665,3.33,0,-1,0,3.33,0,0,3.169665,3.819632,0,3.505263,3.33,0,0,6.042586,5.186946,0,3.505263,-3.505263,4.572656,32.66176,0.2003532,7.149632,0,0,5.186946
1/11/2007 7:00:00 PM,0,0,69.43796,90,0,0,5.38376,1.597599,0,-1,0,1.597599,0,0,3.786161,4.324537,0,1.681683,1.597599,0,0,9.937323,1.681683,0,1.681683,-1.681683,2.800006,20,0.2003532,5.922137,0,0,1.681683
1/11/2007 8:00:00 PM,0,0,69.74474,90,0,0,5.523582,0,0,-1,0,0,0,0,5.523582,6.075941,0,0,0,0,0,11.80586,0,0,0,0,2.800006,20,0.2003532,6.075941,0,0,0
1/11/2007 9:00:00 PM,0,0,68.30806,90,0,0,0,0,0,-1,0,0,0,0,0,0,0,0,0,0,0,11.80586,0,0,0,0,2.800006,20,0.2003532,0,0,0,0
1/11/2007 10:00:00 PM,0,0,63.64553,90,0,0,0.1210765,0,0,-1,0,0,0,0,0.1210765,0.1331842,0,0,0,0,0,11.80586,0,0,0,0,2.800006,20,0.2003532,0.1331842,0,0,0
1/11/2007 11:00:00 PM,0,0,50.58649,90,0,0,0.7766446,0,0,-1,0,0,0,0,0.7766446,0.854309,0,0,0,0,0,11.80586,0,0,0,0,2.800006,20,0.2003532,0.854309,0,0,0
1/12/2007 12:00:00 AM,0,0,11.68564,90,0,0,0.4702349,0,0,-1,0,0,0,0,0.4702349,0.5172584,0,0,0,0,0,11.80586,0,0,0,0,2.800006,20,0.2003532,0.5172584,0,0,0
1/12/2007 1:00:00 AM,0,0,-40.80336,90,0,0,0.4599531,0,0,-1,0,0,0,0,0.4599531,0.5059484,0,0,0,0,0,11.80586,0,0,0,0,2.800006,20,0.2003532,0.5059484,0,0,0
1/12/2007 2:00:00 AM,0,0,-60.55916,90,0,0,0.6089526,0,0,-1,0,0,0,0,0.6089526,0.6698478,0,0,0,0,0,11.80586,0,0,0,0,2.800006,20,0.2003532,0.6698478,0,0,0
1/12/2007 3:00:00 AM,0,0,-67.29314,90,0,0,0.3951724,0,0,-1,0,0,0,0,0.3951724,0.4346896,0,0,0,0,0,11.80586,0,0,0,0,2.800006,20,0.2003532,0.4346896,0,0,0
1/12/2007 4:00:00 AM,0,0,-69.62636,90,0,0,0.8735712,0,0,-1,0,0,0,0,0.8735712,0.9609283,0,0,0,0,0,11.80586,0,0,0,0,2.800006,20,0.2003532,0.9609283,0,0,0
1/12/2007 5:00:00 AM,0,0,-69.8667,90,0,0,0,0,0,0,0,0,0,0,0,0,0,0,0,0,0,11.80586,0,0,0,0,2.800006,20,0.2003532,0,0,0,0
1/12/2007 6:00:00 AM,0.0005128765,0,-68.70979,90,0,0,1.123035,1.123035,4.628298,0,1.428525,1.123035,0,0,0,0,0,0,0,3.505263,3.33,11.80586,0,3.33,0,3.33,5.959121,42.56506,0.2028874,1.235339,0,5,0
1/12/2007 7:00:00 AM,0.08993678,7.724347,-66.25849,78.73357,0.1056646,0.4742225,0.9589001,0.9589001,4.464163,0,1.383717,0.9589001,49.45485,0,0,0,0.4742225,0,0,3.505263,3.33,8.475861,2.997,3.804223,0,3.804223,9.568124,68.34361,0.2042892,1.05479,0.3793781,5,3.471223
1/12/2007 8:00:00 AM,0.2302731,21.0818,-62.2321,64.94528,0.2434537,1.09262,0.3950173,0.3950173,3.90028,0,1.229777,0.3950173,276.6006,0,0,0,1.09262,0,0,3.505263,3.33,4.671638,6.4208,4.42262,0,4.42262,13.76379,98.31258,0.2036224,0.434519,0.8740961,5,7.513421
1/12/2007 9:00:00 AM,0.5504398,33.81391,-55.88921,51.4833,0.6089998,2.733191,3.746309,3.33,0,-1,0,3.33,82.07781,4.440892E-16,0.4163087,0.7909396,2.733191,3.505263,3.33,0,0,0.2490175,10.40116,0,0.7720721,-0.7720721,12.94995,92.49949,0.2036224,4.12094,2.186553,0,13.13435
1/12/2007 10:00:00 AM,0.6426749,45.34783,-45.73788,38.7788,0.6917716,3.104671,0,0,0,0,0,0,0,1.997796,0,0,3.104671,0,0,0,0,1.106875,9.629086,1.106875,0,1.106875,14.00003,100,0.2021242,0,2.483737,0,12.73376
1/12/2007 11:00:00 AM,0.5127569,54.4701,-29.30324,27.95975,0.5253304,2.357683,3.030793,3.030793,1.25,0,0.50625,3.030793,77.79095,0.4831637,0,0,2.357683,1.874519,1.780793,0,0,0,10.62527,0,0,0,14.00003,100,0.2021242,3.333872,1.886146,5,12.98296
1/12/2007 12:00:00 PM,0.3888064,58.95861,-5.134448,22.059,0.3899852,1.750254,4.905268,4.905268,3.242527,0,1.05021,4.905268,35.6811,0,0,0,1.750254,1.750254,1.662741,0,0,0,10.62527,0,0,0,14.00003,100,0.2021242,5.395795,1.400203,5,12.37553
1/12/2007 1:00:00 PM,0.5434753,56.8671,20.93196,24.88352,0.5580519,2.504537,7.91787,7.91787,5,0,1.53,7.91787,31.63145,0,0,0.3796566,2.504537,3.071442,2.91787,0,0,0,10.62527,0,0.5669045,-0.5669045,13.40246,95.73165,0.2021242,8.709657,2.00363,5,13.12981
1/12/2007 2:00:00 PM,0.2681062,49.19727,40.38452,34.3387,0.2676745,1.201323,2.217823,2.217823,0,-1,0,2.217823,54.16679,0,0,0,1.201323,2.33455,2.217823,0,0,0.6298939,10.05837,0,1.133227,-1.133227,12.20793,87.19934,0.2021242,2.439605,0.9610586,0,11.25969
1/12/2007 3:00:00 PM,0.2010524,38.38581,52.59316,46.52757,0.2006769,0.9006382,4.734948,3.33,0,-1,0,3.33,27.04619,0,1.404948,1.878442,0.9006382,3.505263,3.33,0,0,1.889035,8.925143,0,2.604625,-2.604625,9.462417,67.58855,0.2021242,5.208442,0.7205105,0,9.825781
1/12/2007 4:00:00 PM,0.09759445,26.01734,60.15419,59.77388,0.09736306,0.4369654,1.581924,1.581924,0,-1,0,1.581924,27.6224,0,0,0,0.4369654,1.665183,1.581924,0,0,4.783062,6.320518,0,1.228218,-1.228218,8.167762,58.34104,0.2021242,1.740116,0.3495723,0,6.757483
1/12/2007 5:00:00 PM,0.06873277,12.85334,64.94156,73.46971,0.06886759,0.3090778,0,0,0,-1,0,0,0,0,0,0,0.3090778,0,0,0,0,6.147749,5.0923,0.3090778,0,0.3090778,8.460979,60.43544,0.2017097,0,0.2472622,0,5.401378
1/12/2007 6:00:00 PM,0.02251411,0,67.93749,90,0,0,2.986376,2.986376,0,-1,0,2.986376,0,0,0,0,0,3.143553,2.986376,0,0,5.838671,5.370471,0,3.143553,-3.143553,5.147382,36.76694,0.2017097,3.285013,0,0,5.370471
1/12/2007 7:00:00 PM,0,0,69.57689,90,0,0,8.37274,2.115571,0,-1,0,2.115571,0,0,6.257168,7.094442,0,2.226917,2.115571,0,0,9.331509,2.226917,0,2.226917,-2.226917,2.800006,20,0.2017097,9.210013,0,0,2.226917
1/12/2007 8:00:00 PM,0,0,69.90809,90,0,0,5.944801,0,0,-1,0,0,0,0,5.944801,6.539281,0,0,0,0,0,11.80586,0,0,0,0,2.800006,20,0.2017097,6.539281,0,0,0
1/12/2007 9:00:00 PM,0,0,68.51446,90,0,0,4.647138,0,0,-1,0,0,0,0,4.647138,5.111852,0,0,0,0,0,11.80586,0,0,0,0,2.800006,20,0.2017097,5.111852,0,0,0
1/12/2007 10:00:00 PM,0,0,63.93457,90,0,0,0.8563803,0,0,-1,0,0,0,0,0.8563803,0.9420184,0,0,0,0,0,11.80586,0,0,0,0,2.800006,20,0.2017097,0.9420184,0,0,0
1/12/2007 11:00:00 PM,0,0,51.04618,90,0,0,0.2850951,0,0,-1,0,0,0,0,0.2850951,0.3136046,0,0,0,0,0,11.80586,0,0,0,0,2.800006,20,0.2017097,0.3136046,0,0,0
1/13/2007 12:00:00 AM,0,0,12.21518,90,0,0,0,0,0,-1,0,0,0,0,0,0,0,0,0,0,0,11.80586,0,0,0,0,2.800006,20,0.2017097,0,0,0,0
1/13/2007 1:00:00 AM,0,0,-40.93219,90,0,0,0.266598,0,0,-1,0,0,0,0,0.266598,0.2932578,0,0,0,0,0,11.80586,0,0,0,0,2.800006,20,0.2017097,0.2932578,0,0,0
1/13/2007 2:00:00 AM,0,0,-60.77223,90,0,0,1.392233,0,0,-1,0,0,0,0,1.392233,1.531457,0,0,0,0,0,11.80586,0,0,0,0,2.800006,20,0.2017097,1.531457,0,0,0
1/13/2007 3:00:00 AM,0,0,-67.48313,90,0,0,0.5452896,0,0,-1,0,0,0,0,0.5452896,0.5998185,0,0,0,0,0,11.80586,0,0,0,0,2.800006,20,0.2017097,0.5998185,0,0,0
1/13/2007 4:00:00 AM,0,0,-69.79662,90,0,0,0.2263851,0,0,-1,0,0,0,0,0.2263851,0.2490236,0,0,0,0,0,11.80586,0,0,0,0,2.800006,20,0.2017097,0.2490236,0,0,0
1/13/2007 5:00:00 AM,0,0,-70.0269,90,0,0,0,0,0,0,0,0,0,0,0,0,0,0,0,0,0,11.80586,0,0,0,0,2.800006,20,0.2017097,0,0,0,0
1/13/2007 6:00:00 AM,0.0004107667,0,-68.86854,90,0,0,1.750882,1.750882,5,0,1.53,1.750882,0,4.440892E-16,0,0,0,0,0,3.249118,3.086662,11.80586,0,3.086662,0,3.086662,5.72827,40.91613,0.2040692,1.92597,0,5,0
1/13/2007 7:00:00 AM,0.1330514,7.670002,-66.424,78.81137,0.1872164,0.8402271,0.4909436,0.4909436,3.996207,0,1.255964,0.4909436,171.1454,0,0,0,0.8402271,0,0,3.505263,3.33,8.719198,2.777996,4.170227,0,4.170227,9.684495,69.17483,0.2039553,0.5400379,0.6721817,5,3.618223
1/13/2007 8:00:00 AM,0.3268335,21.0467,-62.41339,65.00593,0.3733487,1.675589,3.519521,3.519521,5,0,1.53,3.519521,47.60844,0,0,0,1.675589,0,0,1.480479,1.406455,4.548971,6.5312,3.082044,0,3.082044,12.60838,90.05967,0.2058384,3.871473,1.340471,5,8.206789
1/13/2007 9:00:00 AM,0.4949288,33.80432,-56.09684,51.52144,0.5404702,2.425631,0,0,0,-1,0,0,0,0.9587033,0,0,2.425631,0,0,0,0,1.466927,9.305039,1.466927,0,1.466927,14.00003,100,0.2039808,0,1.940504,0,11.73067
1/13/2007 10:00:00 AM,0.6704469,45.37463,-45.98082,38.78314,0.7245589,3.25182,2.249549,2.249549,0,0,0,2.249549,144.5543,0.8838741,0,0,3.25182,2.367946,2.249549,0,0,0,10.62527,0,0,0,14.00003,100,0.2039808,2.474504,2.601456,0,13.87709
1/13/2007 11:00:00 AM,0.9311951,54.54901,-29.56801,27.90723,1.006858,4.51878,0.2684273,0.2684273,0,0,0,0.2684273,1683.428,4.236225,0,0,4.51878,0.2825551,0.2684273,0,0,0,10.62527,0,0,0,14.00003,100,0.2039808,0.2952701,3.615024,0,15.14405
1/13/2007 12:00:00 PM,0.9686084,59.09682,-5.335921,21.92485,1.043837,4.684742,0,0,0,0,0,0,0,4.684742,0,0,4.684742,0,0,0,0,0,10.62527,0,0,0,14.00003,100,0.2039808,0,3.747794,0,15.31002
1/13/2007 1:00:00 PM,0.9634872,57.03777,20.88245,24.71078,1.039898,4.667062,0,0,0,0,0,0,0,4.667062,0,0,4.667062,0,0,0,0,0,10.62527,0,0,0,14.00003,100,0.2039808,0,3.733649,0,15.29234
1/13/2007 2:00:00 PM,0.7840497,49.36609,40.44096,34.17932,0.8495614,3.812831,1.86841,1.86841,0,-1,0,1.86841,204.0682,1.846084,0,0,3.812831,1.966748,1.86841,0,0,0,10.62527,0,0,0,14.00003,100,0.2039808,2.055252,3.050265,0,14.43811
1/13/2007 3:00:00 PM,0.5629679,38.54053,52.69141,46.3884,0.6110199,2.742257,0,0,0,-1,0,0,0,2.742257,0,0,2.742257,0,0,0,0,0,10.62527,0,0,0,14.00003,100,0.2039808,0,2.193806,0,13.36753
1/13/2007 4:00:00 PM,0.2707071,26.15692,60.26757,59.65211,0.2815127,1.263429,0,0,0,-1,0,0,0,1.263429,0,0,1.263429,0,0,0,0,0,10.62527,0,0,0,14.00003,100,0.2039808,0,1.010743,0,11.8887
1/13/2007 5:00:00 PM,0.1458373,12.97904,65.06319,73.36301,0.1596684,0.7165918,5.562253,3.33,0,-1,0,3.33,21.51927,0,2.232253,2.788478,0.7165918,3.505263,3.33,0,0,0,10.62527,0,2.788671,-2.788671,11.06051,79.00349,0.2039808,6.118478,0.5732734,0,11.34187
1/13/2007 6:00:00 PM,0.01107917,0,68.0684,90,0,0,3.044363,3.044363,0,-1,0,3.044363,0,0,4.440892E-16,0.01879906,0,3.204592,3.044363,0,0,3.098524,7.836603,0,3.204592,-3.204592,7.682573,54.87541,0.2039808,3.348799,0,0,7.836603
1/13/2007 7:00:00 PM,0,0,69.72243,90,0,0,6.112965,3.33,0,-1,0,3.33,0,0,2.782965,3.394261,0,3.505263,3.33,0,0,6.659182,4.63201,0,3.505263,-3.505263,3.987701,28.48352,0.2039808,6.724261,0,0,4.63201
1/13/2007 8:00:00 PM,0,0,70.07843,90,0,0,3.793166,1.07041,0,-1,0,1.07041,0,0,2.722756,3.102072,0,1.126747,1.07041,0,0,10.55392,1.126747,0,1.126747,-1.126747,2.800006,20,0.2039808,4.172482,0,0,1.126747
1/13/2007 9:00:00 PM,0,0,68.72871,90,0,0,4.204542,0,0,-1,0,0,0,0,4.204542,4.624996,0,0,0,0,0,11.80586,0,0,0,0,2.800006,20,0.2039808,4.624996,0,0,0
1/13/2007 10:00:00 PM,0,0,64.23306,90,0,0,0.1121201,0,0,-1,0,0,0,0,0.1121201,0.1233321,0,0,0,0,0,11.80586,0,0,0,0,2.800006,20,0.2039808,0.1233321,0,0,0
1/13/2007 11:00:00 PM,0,0,51.5182,90,0,0,0.9846764,0,0,-1,0,0,0,0,0.9846764,1.083144,0,0,0,0,0,11.80586,0,0,0,0,2.800006,20,0.2039808,1.083144,0,0,0
1/14/2007 12:00:00 AM,0,0,12.75401,90,0,0,1.496948,0,0,-1,0,0,0,0,1.496948,1.646643,0,0,0,0,0,11.80586,0,0,0,0,2.800006,20,0.2039808,1.646643,0,0,0
1/14/2007 1:00:00 AM,0,0,-41.08284,90,0,0,0.5587793,0,0,-1,0,0,0,0,0.5587793,0.6146572,0,0,0,0,0,11.80586,0,0,0,0,2.800006,20,0.2039808,0.6146572,0,0,0
1/14/2007 2:00:00 AM,0,0,-61.00078,90,0,0,0.4993277,0,0,-1,0,0,0,0,0.4993277,0.5492604,0,0,0,0,0,11.80586,0,0,0,0,2.800006,20,0.2039808,0.5492604,0,0,0
1/14/2007 3:00:00 AM,0,0,-67.68376,90,0,0,0.2624038,0,0,-1,0,0,0,0,0.2624038,0.2886442,0,0,0,0,0,11.80586,0,0,0,0,2.800006,20,0.2039808,0.2886442,0,0,0
1/14/2007 4:00:00 AM,0,0,-69.9751,90,0,0,0.9665297,0,0,-1,0,0,0,0,0.9665297,1.063183,0,0,0,0,0,11.80586,0,0,0,0,2.800006,20,0.2039808,1.063183,0,0,0
1/14/2007 5:00:00 AM,0,0,-70.19401,90,0,0,0.02414686,0.02414686,3.52941,0,1.128529,0.02414686,0,4.440892E-16,0,0,0,0,0,3.505263,3.33,11.80586,0,3.33,0,3.33,5.959121,42.56506,0.2040541,0.02656155,0,5,0
1/14/2007 6:00:00 AM,0.0002771394,0,-69.03349,90,0,0,1.37869,1.37869,4.883953,0,1.498319,1.37869,0,4.440892E-16,0,0,0,0,0,3.505263,3.33,8.475861,2.997,3.33,0,3.33,9.118237,65.13013,0.2063221,1.516559,0,5,2.997
1/14/2007 7:00:00 AM,0.08544446,7.618671,-66.59537,78.88707,0.09866214,0.4427957,4.118716,4.118716,5,0,1.53,4.118716,10.75082,0,0,0,0.4427957,0,0,0.8812835,0.8372194,5.14586,5.994,1.280015,0,1.280015,10.33257,73.80389,0.2070895,4.530588,0.3542365,5,6.436796
1/14/2007 8:00:00 AM,0.3479636,21.01513,-62.60046,65.06395,0.4014784,1.801835,4.644903,4.644903,5,0,1.53,4.644903,38.79166,0,0,0,1.801835,0,0,0.3550966,0.3373418,3.865845,7.146014,2.139177,0,2.139177,12.36197,88.29958,0.208155,5.109394,1.441468,5,8.947848
1/14/2007 9:00:00 AM,0.4931559,33.79887,-56.31026,51.55636,0.538011,2.414593,1.607897,1.607897,0,-1,0,1.607897,150.1709,0,0,0,2.414593,1.692523,1.607897,0,0,1.726668,9.071273,0.7220699,0,0.7220699,13.04698,93.19254,0.207288,1.768687,1.931674,0,11.48587
1/14/2007 10:00:00 AM,0.4325802,45.40632,-46.22941,38.7835,0.4428362,1.987449,0.2633488,0.2633488,0,0,0,0.2633488,754.6832,0.7056412,0,0,1.987449,0.2772093,0.2633488,0,0,1.004599,9.721135,1.004599,0,1.004599,14.00003,100,0.2060936,0.2896837,1.589959,0,11.70858
1/14/2007 11:00:00 AM,0.4561976,54.63365,-29.83715,27.84971,0.4626355,2.076308,0,0,0,0,0,0,0,2.076308,0,0,2.076308,0,0,0,0,0,10.62527,0,0,0,14.00003,100,0.2060936,0,1.661047,0,12.70158
1/14/2007 12:00:00 PM,0.6990533,59.24126,-5.537009,21.78465,0.7355181,3.301005,0,0,0,0,0,0,0,3.301005,0,0,3.301005,0,0,0,0,0,10.62527,0,0,0,14.00003,100,0.2060936,0,2.640804,0,13.92628
1/14/2007 1:00:00 PM,0.7572445,57.21368,20.83982,24.53335,0.8065817,3.619939,2.256382,2.256382,0,0,0,2.256382,160.4311,1.2448,0,0,3.619939,2.375139,2.256382,0,0,0,10.62527,0,0,0,14.00003,100,0.2060936,2.48202,2.895951,0,14.24521
1/14/2007 2:00:00 PM,0.6416387,49.53834,40.50647,34.01768,0.6819105,3.060415,2.0041,2.0041,0,-1,0,2.0041,152.7077,0.9508357,0,0,3.060415,2.109579,2.0041,0,0,0,10.62527,0,0,0,14.00003,100,0.2060936,2.20451,2.448332,0,13.68569
1/14/2007 3:00:00 PM,0.407778,38.69713,52.79816,46.24857,0.422276,1.895175,2.003749,2.003749,0,-1,0,2.003749,94.58144,0,0,0,1.895175,2.109209,2.003749,0,0,0,10.62527,0,0.2140347,-0.2140347,13.77442,98.38849,0.2060936,2.204124,1.51614,0,12.52045
1/14/2007 4:00:00 PM,0.2853884,26.29731,60.38853,59.53065,0.2988722,1.341338,0,0,0,-1,0,0,0,1.103522,0,0,1.341338,0,0,0,0,0.2378163,10.41124,0.2378163,0,0.2378163,14.00003,100,0.2058129,0,1.073071,0,11.75258
1/14/2007 5:00:00 PM,0.138849,13.10473,65.19173,73.25733,0.1493732,0.6703871,3.099465,3.099465,0,-1,0,3.099465,21.62912,0,0,0.07941131,0.6703871,3.262594,3.099465,0,0,0,10.62527,0,2.592207,-2.592207,11.2676,80.4827,0.2058129,3.409411,0.5363097,0,11.29566
1/14/2007 6:00:00 PM,0.01548818,0,68.20589,90,0,0,3.701732,3.33,0,-1,0,3.33,0,0,0.3717319,0.7419051,0,3.505263,3.33,0,0,2.88023,8.033067,0,3.505263,-3.505263,7.57273,54.09082,0.2058129,4.071905,0,0,8.033067
1/14/2007 7:00:00 PM,0,0,69.87455,90,0,0,0,0,0,-1,0,0,0,0,0,0,0,0,0,0,0,6.774967,4.527803,0,0,0,7.57273,54.09082,0.2058129,0,0,0,4.527803
1/14/2007 8:00:00 PM,0,0,70.2557,90,0,0,8.871915,3.33,0,-1,0,3.33,0,0,5.541914,6.429106,0,3.505263,3.33,0,0,6.774967,4.527803,0,3.505263,-3.505263,3.877858,27.69893,0.2058129,9.759106,0,0,4.527803
1/14/2007 9:00:00 PM,0,0,68.95074,90,0,0,9.941191,0.9714134,0,-1,0,0.9714134,0,0,8.969777,9.963897,0,1.02254,0.9714134,0,0,10.6697,1.02254,0,1.02254,-1.02254,2.800006,20,0.2058129,10.93531,0,0,1.02254
1/14/2007 10:00:00 PM,0,0,64.54095,90,0,0,1.260846,0,0,-1,0,0,0,0,1.260846,1.386931,0,0,0,0,0,11.80586,0,0,0,0,2.800006,20,0.2058129,1.386931,0,0,0
1/14/2007 11:00:00 PM,0,0,52.00262,90,0,0,0,0,0,-1,0,0,0,0,0,0,0,0,0,0,0,11.80586,0,0,0,0,2.800006,20,0.2058129,0,0,0,0
1/15/2007 12:00:00 AM,0,0,13.30279,90,0,0,0.1712648,0,0,-1,0,0,0,0,0.1712648,0.1883913,0,0,0,0,0,11.80586,0,0,0,0,2.800006,20,0.2058129,0.1883913,0,0,0
1/15/2007 1:00:00 AM,0,0,-41.25611,90,0,0,1.298344,0,0,-1,0,0,0,0,1.298344,1.428178,0,0,0,0,0,11.80586,0,0,0,0,2.800006,20,0.2058129,1.428178,0,0,0
1/15/2007 2:00:00 AM,0,0,-61.245,90,0,0,0.4075564,0,0,-1,0,0,0,0,0.4075564,0.448312,0,0,0,0,0,11.80586,0,0,0,0,2.800006,20,0.2058129,0.448312,0,0,0
1/15/2007 3:00:00 AM,0,0,-67.89508,90,0,0,0.976072,0,0,-1,0,0,0,0,0.976072,1.073679,0,0,0,0,0,11.80586,0,0,0,0,2.800006,20,0.2058129,1.073679,0,0,0
1/15/2007 4:00:00 AM,0,0,-70.16176,90,0,0,1.293436,0,0,-1,0,0,0,0,1.293436,1.42278,0,0,0,0,0,11.80586,0,0,0,0,2.800006,20,0.2058129,1.42278,0,0,0
1/15/2007 5:00:00 AM,0,0,-70.36798,90,0,0,0.6795165,0.6795165,4.18478,0,1.307445,0.6795165,0,0,0,0,0,0,0,3.505263,3.33,11.80586,0,3.33,0,3.33,5.959121,42.56506,0.2069643,0.7474681,0,5,0
1/15/2007 6:00:00 AM,0.000288602,0,-69.20458,90,0,0,0.8496971,0.8496971,4.35496,0,1.353904,0.8496971,0,4.440892E-16,0,0,0,0,0,3.505263,3.33,8.475861,2.997,3.33,0,3.33,9.118237,65.13013,0.2083582,0.9346668,0,5,2.997
1/15/2007 7:00:00 AM,0.1475035,7.570409,-66.77254,78.96061,0.2108376,0.9462392,0,0,3.505263,0,1.121937,0,0,0,0,0,0.9462392,0,0,3.505263,3.33,5.14586,5.994,4.276239,0,4.276239,13.17503,94.10719,0.207243,0,0.7569914,5,6.940239
1/15/2007 8:00:00 AM,0.4387697,20.98712,-62.79322,65.1193,0.5124088,2.29969,4.485413,4.485413,3.126847,0,1.018629,4.485413,51.27043,0,0,0,2.29969,1.43007,1.358566,0,0,0.869621,9.842615,0.869621,0,0.869621,14.00003,100,0.2076206,4.933954,1.839752,5,12.14231
1/15/2007 9:00:00 AM,0.6431121,33.79758,-56.52943,51.58805,0.7150344,3.209074,0.5691131,0.5691131,0,-1,0,0.5691131,563.8729,2.610008,0,0,3.209074,0.5990664,0.5691131,0,0,0,10.62527,0,0,0,14.00003,100,0.2076206,0.6260244,2.56726,0,13.83435
1/15/2007 10:00:00 AM,0.7675488,45.44288,-46.48363,38.77991,0.835858,3.751331,4.327771,4.327771,1.25,0,0.50625,4.327771,86.68044,0.5115718,0,0,3.751331,3.239759,3.077771,0,0,0,10.62527,0,0,0,14.00003,100,0.2076206,4.760548,3.001065,5,14.37661
1/15/2007 11:00:00 AM,0.9389614,54.72401,-30.11066,27.78721,1.014293,4.552146,0.4116471,0.4116471,0,0,0,0.4116471,1105.837,4.118834,0,0,4.552146,0.4333127,0.4116471,0,0,0,10.62527,0,0,0,14.00003,100,0.2076206,0.4528118,3.641717,0,15.17742
1/15/2007 12:00:00 PM,0.858369,59.39188,-5.737669,21.63843,0.9204022,4.130765,2.776502,2.776502,0,0,0,2.776502,148.7759,1.208132,0,0,4.130765,2.922633,2.776502,0,0,0,10.62527,0,0,0,14.00003,100,0.2076206,3.054152,3.304612,0,14.75604
1/15/2007 1:00:00 PM,0.9307128,57.39479,20.80427,24.35131,1.00308,4.501823,0,0,0,0,0,0,0,4.501823,0,0,4.501823,0,0,0,0,0,10.62527,0,0,0,14.00003,100,0.2076206,0,3.601459,0,15.1271
1/15/2007 2:00:00 PM,0.8236932,49.71391,40.5812,33.85391,0.8929101,4.00738,1.677328,1.677328,0,-1,0,1.677328,238.9146,2.241773,0,0,4.00738,1.765608,1.677328,0,0,0,10.62527,0,0,0,14.00003,100,0.2076206,1.84506,3.205904,0,14.63266
1/15/2007 3:00:00 PM,0.5377827,38.85552,52.91349,46.10817,0.5788498,2.597878,4.152211,3.33,0,-1,0,3.33,78.01434,0,0.8222111,1.237432,2.597878,3.505263,3.33,0,0,0,10.62527,0,0.9073854,-0.9073854,13.04356,93.1681,0.2076206,4.567432,2.078302,0,13.22315
1/15/2007 4:00:00 PM,0.445312,26.43839,60.51709,59.40961,0.5027537,2.256358,0.7916411,0.7916411,0,-1,0,0.7916411,285.0229,0.4148459,0,0,2.256358,0.8333064,0.7916411,0,0,1.008206,9.717889,1.008206,0,1.008206,14.00003,100,0.2065036,0.8708053,1.805087,0,11.97425
1/15/2007 5:00:00 PM,0.2081229,13.23034,65.32718,73.15276,0.2527815,1.134483,4.89784,3.33,0,-1,0,3.33,34.06856,0,1.567841,2.057625,1.134483,3.505263,3.33,0,0,0,10.62527,0,2.37078,-2.37078,11.50101,82.14988,0.2065036,5.387625,0.9075865,0,11.75976
1/15/2007 6:00:00 PM,0.02474559,0,68.34991,90,0,0,4.135673,3.33,0,-1,0,3.33,0,0,0.8056731,1.21924,0,3.505263,3.33,0,0,2.6342,8.254494,0,3.505263,-3.505263,7.806135,55.75799,0.2065036,4.549241,0,0,8.254494
1/15/2007 7:00:00 PM,0,0,70.0332,90,0,0,8.451012,3.33,0,-1,0,3.33,0,0,5.121012,5.966113,0,3.505263,3.33,0,0,6.528937,4.749231,0,3.505263,-3.505263,4.111263,29.3661,0.2065036,9.296113,0,0,4.749231
1/15/2007 8:00:00 PM,0,0,70.43986,90,0,0,6.091357,1.181769,0,-1,0,1.181769,0,0,4.909588,5.518723,0,1.243968,1.181769,0,0,10.42367,1.243968,0,1.243968,-1.243968,2.800006,20,0.2065036,6.700493,0,0,1.243968
1/15/2007 9:00:00 PM,0,0,69.18047,90,0,0,2.447173,0,0,-1,0,0,0,0,2.447173,2.69189,0,0,0,0,0,11.80586,0,0,0,0,2.800006,20,0.2065036,2.69189,0,0,0
1/15/2007 10:00:00 PM,0,0,64.85815,90,0,0,0.3495925,0,0,-1,0,0,0,0,0.3495925,0.3845518,0,0,0,0,0,11.80586,0,0,0,0,2.800006,20,0.2065036,0.3845518,0,0,0
1/15/2007 11:00:00 PM,0,0,52.4995,90,0,0,0.7783343,0,0,-1,0,0,0,0,0.7783343,0.8561677,0,0,0,0,0,11.80586,0,0,0,0,2.800006,20,0.2065036,0.8561677,0,0,0
1/16/2007 12:00:00 AM,0,0,13.86219,90,0,0,0.6194236,0,0,-1,0,0,0,0,0.6194236,0.681366,0,0,0,0,0,11.80586,0,0,0,0,2.800006,20,0.2065036,0.681366,0,0,0
1/16/2007 1:00:00 AM,0,0,-41.45289,90,0,0,0.7280515,0,0,-1,0,0,0,0,0.7280515,0.8008567,0,0,0,0,0,11.80586,0,0,0,0,2.800006,20,0.2065036,0.8008567,0,0,0
1/16/2007 2:00:00 AM,0,0,-61.5051,90,0,0,0,0,0,-1,0,0,0,0,0,0,0,0,0,0,0,11.80586,0,0,0,0,2.800006,20,0.2065036,0,0,0,0
1/16/2007 3:00:00 AM,0,0,-68.11709,90,0,0,0,0,0,-1,0,0,0,0,0,0,0,0,0,0,0,11.80586,0,0,0,0,2.800006,20,0.2065036,0,0,0,0
1/16/2007 4:00:00 AM,0,0,-70.35658,90,0,0,1.268016,0,0,-1,0,0,0,0,1.268016,1.394817,0,0,0,0,0,11.80586,0,0,0,0,2.800006,20,0.2065036,1.394817,0,0,0
1/16/2007 5:00:00 AM,0,0,-70.54876,90,0,0,0.4038728,0.4038728,3.909136,0,1.232194,0.4038728,0,0,0,0,0,0,0,3.505263,3.33,11.80586,0,3.33,0,3.33,5.959121,42.56506,0.2071272,0.4442601,0,5,0
1/16/2007 6:00:00 AM,0.000363403,0,-69.38177,90,0,0,0,0,3.505263,0,1.121937,0,0,0,0,0,0,0,0,3.505263,3.33,8.475861,2.997,3.33,0,3.33,9.118237,65.13013,0.2070982,0,0,5,2.997
1/16/2007 7:00:00 AM,0.1085909,7.52527,-66.95546,79.03192,0.1422326,0.6383397,2.390619,2.390619,5,0,1.53,2.390619,26.70185,0,0,0,0.6383397,0,0,2.609381,2.478912,5.14586,5.994,3.117251,0,3.117251,12.07552,86.25355,0.2087712,2.629681,0.5106717,5,6.632339
1/16/2007 8:00:00 AM,0.3194852,20.96271,-62.99164,65.17194,0.362936,1.628857,0,0,0,0,0,0,0,0,0,0,1.628857,0,0,0,0,2.028609,8.799526,1.628857,0,1.628857,13.62079,97.29116,0.2070607,0,1.303085,0,10.42838
1/16/2007 9:00:00 AM,0.351952,33.80045,-56.75427,51.61648,0.3642733,1.634858,1.578313,1.578313,0,-1,0,1.578313,103.5826,0,0,0,1.634858,1.661383,1.578313,0,0,0.3997521,10.2655,0,0.0265241,-0.0265241,13.59283,97.09145,0.2070607,1.736145,1.307887,0,11.90036
1/16/2007 10:00:00 AM,0.3437169,45.48431,-46.74343,38.77237,0.3460137,1.552909,1.330468,1.330468,0,0,0,1.330468,116.719,0,0,0,1.552909,1.400493,1.330468,0,0,0.4292233,10.23897,0.1524164,0,0.1524164,13.73743,98.12428,0.2069021,1.463515,1.242328,0,11.79188
1/16/2007 11:00:00 AM,0.6374745,54.82006,-30.38854,27.71978,0.6683679,2.999635,0,0,0,0,0,0,0,2.722828,0,0,2.999635,0,0,0,0,0.2768069,10.37615,0.2768069,0,0.2768069,14.00003,100,0.2066146,0,2.399708,0,13.37578
1/16/2007 12:00:00 PM,0.6850976,59.54865,-5.937859,21.48622,0.7183729,3.224057,1.584103,1.584103,0,0,0,1.584103,203.5258,1.556581,0,0,3.224057,1.667476,1.584103,0,0,0,10.62527,0,0,0,14.00003,100,0.2066146,1.742513,2.579246,0,13.84933
1/16/2007 1:00:00 PM,0.2230852,57.58104,20.77598,24.16471,0.2223816,0.9980485,0,0,0,0,0,0,0,0.9980485,0,0,0.9980485,0,0,0,0,0,10.62527,0,0,0,14.00003,100,0.2066146,0,0.7984388,0,11.62332
1/16/2007 2:00:00 PM,0.1334777,49.89272,40.6653,33.68813,0.13298,0.5968142,0.9039283,0.9039283,0,-1,0,0.9039283,66.02451,1.110223E-16,0,0,0.5968142,0.9515035,0.9039283,0,0,0,10.62527,0,0.3546893,-0.3546893,13.62615,97.32947,0.2066146,0.9943212,0.4774514,0,11.22209
1/16/2007 3:00:00 PM,0.1848639,39.01558,53.03747,45.96735,0.1844209,0.8276808,0,0,0,-1,0,0,0,0.4335816,0,0,0.8276808,0,0,0,0,0.3940992,10.27059,0.3940992,0,0.3940992,14.00003,100,0.2062068,0,0.6621447,0,11.09827
1/16/2007 4:00:00 PM,0.198603,26.58006,60.65326,59.28912,0.2000385,0.8977728,0,0,0,-1,0,0,0,0.8977728,0,0,0.8977728,0,0,0,0,0,10.62527,0,0,0,14.00003,100,0.2062068,0,0.7182183,0,11.52305
1/16/2007 5:00:00 PM,0.08370983,13.35577,65.46951,73.0494,0.08412158,0.3775377,2.318313,2.318313,0,-1,0,2.318313,16.28502,0,4.440892E-16,0,0.3775377,2.440329,2.318313,0,0,0,10.62527,0,2.062792,-2.062792,11.82565,84.4688,0.2062068,2.550144,0.3020301,0,11.00281
1/16/2007 6:00:00 PM,0.01671152,0,68.50047,90,0,0,3.047293,3.047293,0,-1,0,3.047293,0,0,4.440892E-16,0.02202238,0,3.207677,3.047293,0,0,2.291991,8.562483,0,3.207677,-3.207677,8.444467,60.3175,0.2062068,3.352022,0,0,8.562483
1/16/2007 7:00:00 PM,0,0,70.19834,90,0,0,4.795523,3.33,0,-1,0,3.33,0,0,1.465523,1.945076,0,3.505263,3.33,0,0,5.856076,5.354805,0,3.505263,-3.505263,4.749595,33.92561,0.2062068,5.275075,0,0,5.354805
1/16/2007 8:00:00 PM,0,0,70.63083,90,0,0,2.880373,1.757065,0,-1,0,1.757065,0,0,1.123307,1.411345,0,1.849542,1.757065,0,0,9.750813,1.849542,0,1.849542,-1.849542,2.800006,20,0.2062068,3.16841,0,0,1.849542
1/16/2007 9:00:00 PM,0,0,69.41785,90,0,0,0,0,0,-1,0,0,0,0,0,0,0,0,0,0,0,11.80586,0,0,0,0,2.800006,20,0.2062068,0,0,0,0
1/16/2007 10:00:00 PM,0,0,65.18462,90,0,0,0.2221129,0,0,-1,0,0,0,0,0.2221129,0.2443242,0,0,0,0,0,11.80586,0,0,0,0,2.800006,20,0.2062068,0.2443242,0,0,0
1/16/2007 11:00:00 PM,0,0,53.00893,90,0,0,0,0,0,-1,0,0,0,0,0,0,0,0,0,0,0,11.80586,0,0,0,0,2.800006,20,0.2062068,0,0,0,0
1/17/2007 12:00:00 AM,0,0,14.43298,90,0,0,0.4388292,0,0,-1,0,0,0,0,0.4388292,0.4827122,0,0,0,0,0,11.80586,0,0,0,0,2.800006,20,0.2062068,0.4827122,0,0,0
1/17/2007 1:00:00 AM,0,0,-41.67406,90,0,0,0.6112233,0,0,-1,0,0,0,0,0.6112233,0.6723457,0,0,0,0,0,11.80586,0,0,0,0,2.800006,20,0.2062068,0.6723457,0,0,0
1/17/2007 2:00:00 AM,0,0,-61.78126,90,0,0,0,0,0,-1,0,0,0,0,0,0,0,0,0,0,0,11.80586,0,0,0,0,2.800006,20,0.2062068,0,0,0,0
1/17/2007 3:00:00 AM,0,0,-68.34981,90,0,0,0.2621434,0,0,-1,0,0,0,0,0.2621434,0.2883578,0,0,0,0,0,11.80586,0,0,0,0,2.800006,20,0.2062068,0.2883578,0,0,0
1/17/2007 4:00:00 AM,0,0,-70.55952,90,0,0,0.4834265,0,0,-1,0,0,0,0,0.4834265,0.5317692,0,0,0,0,0,11.80586,0,0,0,0,2.800006,20,0.2062068,0.5317692,0,0,0
1/17/2007 5:00:00 AM,0,0,-70.73631,90,0,0,0,0,0,0,0,0,0,0,0,0,0,0,0,0,0,11.80586,0,0,0,0,2.800006,20,0.2062068,0,0,0,0
1/17/2007 6:00:00 AM,0.000213021,0,-69.56501,90,0,0,0.4005853,0.4005853,3.905849,0,1.231297,0.4005853,0,0,0,0,0,0,0,3.505263,3.33,11.80586,0,3.33,0,3.33,5.959121,42.56506,0.2067928,0.4406438,0,5,0
1/17/2007 7:00:00 AM,0.1330875,7.483308,-67.14407,79.10096,0.1880818,0.8441109,0.2614757,0.2614757,3.766739,0,1.19332,0.2614757,322.8257,0,0,0,0.8441109,0,0,3.505263,3.33,8.475861,2.997,4.174111,0,4.174111,9.91903,70.85007,0.2063111,0.2876233,0.6752887,5,3.841111
1/17/2007 8:00:00 AM,0.3968426,20.94195,-63.19564,65.22185,0.4618579,2.072818,4.57841,4.57841,5,0,1.53,4.57841,45.27375,0,0,0,2.072818,0,0,0.42159,0.4005105,4.301749,6.7537,2.473329,0,2.473329,12.26544,87.61008,0.2073365,5.036251,1.658254,5,8.826518
1/17/2007 9:00:00 AM,0.6636482,33.8075,-56.98475,51.64164,0.7371469,3.308315,4.333274,3.33,0,-1,0,3.33,99.3488,0,1.003274,1.436601,3.308315,3.505263,3.33,0,0,1.828421,8.979695,0,0.196948,-0.196948,12.05783,86.12721,0.2073365,4.766601,2.646652,0,12.28801
1/17/2007 10:00:00 AM,0.8303947,45.53059,-47.00879,38.7609,0.9042205,4.058142,0,0,0,0,0,0,0,2.01089,0,0,4.058142,0,0,0,0,2.047252,8.782747,2.047252,0,2.047252,14.00003,100,0.205331,0,3.246513,0,12.84089
1/17/2007 11:00:00 AM,0.988205,54.92178,-30.67081,27.64745,1.066812,4.787853,3.513872,3.513872,1.25,0,0.50625,3.513872,136.2558,2.40483,0,0,4.787853,2.383024,2.263872,0,0,0,10.62527,0,0,0,14.00003,100,0.205331,3.865259,3.830282,5,15.41313
1/17/2007 12:00:00 PM,0.9749408,59.71155,-6.137534,21.32806,1.048463,4.705503,0,0,0,0,0,0,0,4.705503,0,0,4.705503,0,0,0,0,0,10.62527,0,0,0,14.00003,100,0.205331,0,3.764403,0,15.33078
1/17/2007 1:00:00 PM,0.8775097,57.77236,20.75514,23.97367,0.9429698,4.232049,1.725518,1.725518,0,0,0,1.725518,245.2626,2.415714,0,0,4.232049,1.816334,1.725518,0,0,0,10.62527,0,0,0,14.00003,100,0.205331,1.898069,3.385639,0,14.85732
1/17/2007 2:00:00 PM,0.961598,50.07467,40.75892,33.52047,1.042797,4.680074,0.3367262,0.3367262,0,-1,0,0.3367262,1389.875,4.325625,0,0,4.680074,0.3544486,0.3367262,0,0,0,10.62527,0,0,0,14.00003,100,0.205331,0.3703988,3.744059,0,15.30535
1/17/2007 3:00:00 PM,0.7389315,39.1772,53.17016,45.82622,0.8119631,3.64409,3.675364,3.33,0,-1,0,3.33,109.4321,0.1388274,0.3453638,0.7129002,3.64409,3.505263,3.33,0,0,0,10.62527,0,0,0,14.00003,100,0.205331,4.0429,2.915272,0,14.26936
1/17/2007 4:00:00 PM,0.5370637,26.72222,60.79706,59.16926,0.609034,2.733345,0.930734,0.930734,0,-1,0,0.930734,293.6762,1.753625,0,0,2.733345,0.97972,0.930734,0,0,0,10.62527,0,0,0,14.00003,100,0.205331,1.023807,2.186676,0,13.35862
1/17/2007 5:00:00 PM,0.2371155,13.48093,65.61871,72.94733,0.2929211,1.31463,5.33579,3.33,0,-1,0,3.33,39.47837,4.440892E-16,2.00579,2.539369,1.31463,3.505263,3.33,0,0,0,10.62527,0,2.190633,-2.190633,11.6909,83.50625,0.205331,5.86937,1.051704,0,11.9399
1/17/2007 6:00:00 PM,0.02051994,0,68.6575,90,0,0,3.754478,3.33,0,-1,0,3.33,0,0,0.4244782,0.799926,0,3.505263,3.33,0,0,2.434037,8.434641,0,3.505263,-3.505263,7.996026,57.11436,0.205331,4.129926,0,0,8.434641
1/17/2007 7:00:00 PM,0,0,70.36992,90,0,0,4.387117,3.33,0,-1,0,3.33,0,0,1.057117,1.495829,0,3.505263,3.33,0,0,6.328774,4.929378,0,3.505263,-3.505263,4.301154,30.72247,0.205331,4.825829,0,0,4.929378
1/17/2007 8:00:00 PM,0,0,70.82857,90,0,0,4.030959,1.352909,0,-1,0,1.352909,0,0,2.67805,3.081146,0,1.424114,1.352909,0,0,10.22351,1.424114,0,1.424114,-1.424114,2.800006,20,0.205331,4.434055,0,0,1.424114
1/17/2007 9:00:00 PM,0,0,69.6628,90,0,0,0.1850271,0,0,-1,0,0,0,0,0.1850271,0.2035298,0,0,0,0,0,11.80586,0,0,0,0,2.800006,20,0.205331,0.2035298,0,0,0
1/17/2007 10:00:00 PM,0,0,65.52029,90,0,0,0.4671418,0,0,-1,0,0,0,0,0.4671418,0.5138559,0,0,0,0,0,11.80586,0,0,0,0,2.800006,20,0.205331,0.5138559,0,0,0
1/17/2007 11:00:00 PM,0,0,53.53099,90,0,0,0,0,0,-1,0,0,0,0,0,0,0,0,0,0,0,11.80586,0,0,0,0,2.800006,20,0.205331,0,0,0,0
1/18/2007 12:00:00 AM,0,0,15.01595,90,0,0,1.013459,0,0,-1,0,0,0,0,1.013459,1.114805,0,0,0,0,0,11.80586,0,0,0,0,2.800006,20,0.205331,1.114805,0,0,0
1/18/2007 1:00:00 AM,0,0,-41.92062,90,0,0,0.9674497,0,0,-1,0,0,0,0,0.9674497,1.064195,0,0,0,0,0,11.80586,0,0,0,0,2.800006,20,0.205331,1.064195,0,0,0
1/18/2007 2:00:00 AM,0,0,-62.07366,90,0,0,1.165981,0,0,-1,0,0,0,0,1.165981,1.28258,0,0,0,0,0,11.80586,0,0,0,0,2.800006,20,0.205331,1.28258,0,0,0
1/18/2007 3:00:00 AM,0,0,-68.59324,90,0,0,0.248254,0,0,-1,0,0,0,0,0.248254,0.2730794,0,0,0,0,0,11.80586,0,0,0,0,2.800006,20,0.205331,0.2730794,0,0,0
1/18/2007 4:00:00 AM,0,0,-70.77055,90,0,0,1.0793,0,0,-1,0,0,0,0,1.0793,1.18723,0,0,0,0,0,11.80586,0,0,0,0,2.800006,20,0.205331,1.18723,0,0,0
1/18/2007 5:00:00 AM,0,0,-70.93058,90,0,0,0.134115,0.134115,3.639378,0,1.15855,0.134115,0,0,0,0,0,0,0,3.505263,3.33,11.80586,0,3.33,0,3.33,5.959121,42.56506,0.2055219,0.1475265,0,5,0
1/18/2007 6:00:00 AM,0.0001765,0,-69.75422,90,0,0,1.262623,1.262623,4.767886,0,1.466633,1.262623,0,4.440892E-16,0,0,0,0,0,3.505263,3.33,8.475861,2.997,3.33,0,3.33,9.118237,65.13013,0.2072573,1.388885,0,5,2.997
1/18/2007 7:00:00 AM,0.1184985,7.444574,-67.3383,79.16766,0.1619186,0.7266905,3.919294,3.919294,5,0,1.53,3.919294,18.54136,2.220446E-16,0,0,0.7266905,0,0,1.080706,1.026671,5.14586,5.994,1.753362,0,1.753362,10.78162,77.01143,0.2080471,4.311223,0.5813524,5,6.720691
1/18/2007 8:00:00 AM,0.4199835,20.92484,-63.40517,65.26897,0.4887913,2.193696,2.565454,2.565454,3.704317,0,1.176279,2.565454,85.50905,0,0,0,2.193696,0,0,1.138863,1.08192,3.392498,7.572025,3.275615,0,3.275615,13.88914,99.20796,0.2083292,2.822,1.754956,5,9.765721
1/18/2007 9:00:00 AM,0.6973498,33.81874,-57.2208,51.66352,0.7745031,3.47597,1.197364,1.197364,0,-1,0,1.197364,290.3019,2.098704,0,0,3.47597,1.260383,1.197364,0,0,0.1168833,10.52008,0.1168833,0,0.1168833,14.00003,100,0.2082202,1.3171,2.780776,0,13.99605
1/18/2007 10:00:00 AM,0.8977039,45.58172,-47.27968,38.74551,0.9777029,4.38793,3.638041,3.638041,1.25,0,0.50625,3.638041,120.6124,1.874202,0,0,4.38793,2.513728,2.388041,0,0,0,10.62527,0,0,0,14.00003,100,0.2082202,4.001846,3.510344,5,15.0132
1/18/2007 11:00:00 AM,1.017733,55.02914,-30.95746,27.57027,1.098353,4.929407,4.013636,4.013636,1.25,0,0.50625,4.013636,122.8165,2.020316,0,0,4.929407,2.909091,2.763636,0,0,0,10.62527,0,0,0,14.00003,100,0.2082202,4.415,3.943526,5,15.55468
1/18/2007 12:00:00 PM,1.092032,59.88054,-6.336653,21.16397,1.174911,5.273002,5.63497,5.63497,2.30497,0,0.7942567,5.63497,93.57641,1.767739,0,0,5.273002,3.505263,3.33,0,0,0,10.62527,0,0,0,14.00003,100,0.2082202,6.198467,4.218402,5,15.89828
1/18/2007 1:00:00 PM,1.026962,57.96869,20.74195,23.77824,1.105778,4.96273,1.226389,1.226389,0,0,0,1.226389,404.662,3.671794,0,0,4.96273,1.290936,1.226389,0,0,0,10.62527,0,0,0,14.00003,100,0.2082202,1.349028,3.970184,0,15.588
1/18/2007 2:00:00 PM,0.8477852,50.25963,40.86223,33.35106,0.9175532,4.117979,4.859303,3.33,0,-1,0,3.33,123.663,0.6127155,1.529303,2.015234,4.117979,3.505263,3.33,0,0,0,10.62527,0,0,0,14.00003,100,0.2082202,5.345233,3.294383,0,14.74325
1/18/2007 3:00:00 PM,0.6227645,39.34027,53.31164,45.68491,0.6792706,3.048567,2.974442,2.974442,0,-1,0,2.974442,102.492,0,0,0,3.048567,3.130992,2.974442,0,0,0,10.62527,0,0.08242521,-0.08242521,13.91314,99.3794,0.2082202,3.271887,2.438853,0,13.67384
1/18/2007 4:00:00 PM,0.4982969,26.86475,60.94851,59.05016,0.5636368,2.529602,0.688077,0.688077,0,-1,0,0.688077,367.6336,1.713727,0,0,2.529602,0.7242916,0.688077,0,0,0.09158356,10.54285,0.09158356,0,0.09158356,14.00003,100,0.2081349,0.7568847,2.023682,0,13.07245
1/18/2007 5:00:00 PM,0.2617971,13.60571,65.77478,72.84667,0.3247683,1.45756,7.445422,3.33,0,-1,0,3.33,43.77057,4.440892E-16,4.115422,4.859964,1.45756,3.505263,3.33,0,0,0,10.62527,0,2.047703,-2.047703,11.84156,84.5824,0.2081349,8.189964,1.166048,0,12.08283
1/18/2007 6:00:00 PM,0.02357677,0,68.82098,90,0,0,0,0,0,-1,0,0,0,0,0,0,0,0,0,0,0,2.275226,8.577571,0,0,0,11.84156,84.5824,0.2081349,0,0,0,8.577571
1/18/2007 7:00:00 PM,0,0,70.54789,90,0,0,1.870626,1.870626,0,-1,0,1.870626,0,0,2.220446E-16,0,0,1.96908,1.870626,0,0,2.275226,8.577571,0,1.96908,-1.96908,9.765966,69.75677,0.2081349,2.057689,0,0,8.577571
1/18/2007 8:00:00 PM,0,0,71.03301,90,0,0,4.009757,3.33,0,-1,0,3.33,0,0,0.6797569,1.080733,0,3.505263,3.33,0,0,4.463092,6.608491,0,3.505263,-3.505263,6.071095,43.36488,0.2081349,4.410733,0,0,6.608491
1/18/2007 9:00:00 PM,0,0,69.91526,90,0,0,7.749807,2.948066,0,-1,0,2.948066,0,0,4.801741,5.576722,0,3.103228,2.948066,0,0,8.357829,3.103228,0,3.103228,-3.103228,2.800006,20,0.2081349,8.524788,0,0,3.103228
1/18/2007 10:00:00 PM,0,0,65.86508,90,0,0,0.1269125,0,0,-1,0,0,0,0,0.1269125,0.1396038,0,0,0,0,0,11.80586,0,0,0,0,2.800006,20,0.2081349,0.1396038,0,0,0
1/18/2007 11:00:00 PM,0,0,54.06579,90,0,0,0.3509066,0,0,-1,0,0,0,0,0.3509066,0.3859973,0,0,0,0,0,11.80586,0,0,0,0,2.800006,20,0.2081349,0.3859973,0,0,0
1/19/2007 12:00:00 AM,0,0,15.612,90,0,0,0.5057792,0,0,-1,0,0,0,0,0.5057792,0.5563571,0,0,0,0,0,11.80586,0,0,0,0,2.800006,20,0.2081349,0.5563571,0,0,0
1/19/2007 1:00:00 AM,0,0,-42.19357,90,0,0,1.725092,0,0,-1,0,0,0,0,1.725092,1.897601,0,0,0,0,0,11.80586,0,0,0,0,2.800006,20,0.2081349,1.897601,0,0,0
1/19/2007 2:00:00 AM,0,0,-62.38248,90,0,0,0,0,0,-1,0,0,0,0,0,0,0,0,0,0,0,11.80586,0,0,0,0,2.800006,20,0.2081349,0,0,0,0
1/19/2007 3:00:00 AM,0,0,-68.84738,90,0,0,1.117595,0,0,-1,0,0,0,0,1.117595,1.229355,0,0,0,0,0,11.80586,0,0,0,0,2.800006,20,0.2081349,1.229355,0,0,0
1/19/2007 4:00:00 AM,0,0,-70.98962,90,0,0,1.386585,0,0,-1,0,0,0,0,1.386585,1.525243,0,0,0,0,0,11.80586,0,0,0,0,2.800006,20,0.2081349,1.525243,0,0,0
1/19/2007 5:00:00 AM,0,0,-71.13151,90,0,0,0.3225212,0.3225212,3.827784,0,1.209985,0.3225212,0,0,0,0,0,0,0,3.505263,3.33,11.80586,0,3.33,0,3.33,5.959121,42.56506,0.2085265,0.3547733,0,5,0
1/19/2007 6:00:00 AM,0.0001984013,0,-69.94936,90,0,0,0.7781411,0.7781411,4.283404,0,1.334369,0.7781411,0,0,0,0,0,0,0,3.505263,3.33,8.475861,2.997,3.33,0,3.33,9.118237,65.13013,0.209507,0.8559553,0,5,2.997
1/19/2007 7:00:00 AM,0.1319826,7.409117,-67.53811,79.23197,0.1862325,0.8358115,3.676984,3.676984,5,0,1.53,3.676984,22.7309,0,0,0,0.8358115,0,0,1.323016,1.256865,5.14586,5.994,2.092677,0,2.092677,11.10352,79.31072,0.210384,4.044683,0.6686492,5,6.829812
1/19/2007 8:00:00 AM,0.4216398,20.91144,-63.62017,65.31327,0.4902582,2.200279,0,0,1.25,0,0.50625,0,0,0.3522054,0,0,2.200279,0,0,0.8977947,0.8529049,3.053184,7.877409,3.053184,0,3.053184,14.00003,100,0.2076549,0,1.760223,5,10.07769
1/19/2007 9:00:00 AM,0.6537675,33.83417,-57.46238,51.68212,0.7249312,3.253491,3.090957,3.090957,0,-1,0,3.090957,105.2584,0,0,0.07005264,3.253491,3.253639,3.090957,0,0,0,10.62527,0,0.0001476744,-0.0001476744,13.99987,99.99889,0.2076549,3.400053,2.602793,0,13.87877
1/19/2007 10:00:00 AM,0.7812236,45.63768,-47.55606,38.72623,0.8489919,3.810276,0,0,0,0,0,0,0,3.810112,0,0,3.810276,0,0,0,0,0.0001640827,10.62513,0.0001640827,0,0.0001640827,14.00003,100,0.2076547,0,3.048221,0,14.4354
1/19/2007 11:00:00 AM,0.957374,55.14209,-31.24853,27.48829,1.031976,4.631508,6.479521,6.479521,3.149521,0,1.024819,6.479521,71.47917,1.126245,0,0,4.631508,3.505263,3.33,0,0,0,10.62527,0,0,0,14.00003,100,0.2076547,7.127473,3.705206,5,15.25678
1/19/2007 12:00:00 PM,1.077326,60.05558,-6.535174,20.994,1.15823,5.198135,2.204901,2.204901,0,0,0,2.204901,235.7536,2.877186,0,0,5.198135,2.320949,2.204901,0,0,0,10.62527,0,0,0,14.00003,100,0.2076547,2.425391,4.158508,0,15.82341
1/19/2007 1:00:00 PM,0.9450002,58.16994,20.73661,23.57853,1.016124,4.560365,0.8132482,0.8132482,0,0,0,0.8132482,560.7594,3.704315,0,0,4.560365,0.8560507,0.8132482,0,0,0,10.62527,0,0,0,14.00003,100,0.2076547,0.894573,3.648292,0,15.18564
1/19/2007 2:00:00 PM,0.9034718,50.44751,40.97538,33.18004,0.9776923,4.387883,0,0,0,-1,0,0,0,4.387883,0,0,4.387883,0,0,0,0,0,10.62527,0,0,0,14.00003,100,0.2076547,0,3.510306,0,15.01316
1/19/2007 3:00:00 PM,0.7278106,39.50467,53.46196,45.54357,0.7980884,3.581821,5.017184,3.33,0,-1,0,3.33,107.5622,0.07655778,1.687184,2.188902,3.581821,3.505263,3.33,0,0,0,10.62527,0,0,0,14.00003,100,0.2076547,5.518902,2.865457,0,14.2071
1/19/2007 4:00:00 PM,0.4317084,27.00756,61.10761,58.93193,0.4821678,2.163969,1.380484,1.380484,0,-1,0,1.380484,156.7544,0.7108279,0,0,2.163969,1.453141,1.380484,0,0,0,10.62527,0,0,0,14.00003,100,0.2076547,1.518533,1.731175,0,12.78924
1/19/2007 5:00:00 PM,0.2040928,13.73004,65.93768,72.74748,0.2414819,1.083771,3.258902,3.258902,0,-1,0,3.258902,33.2557,0,0,0.2547924,1.083771,3.430423,3.258902,0,0,0,10.62527,0,2.346653,-2.346653,11.52644,82.33154,0.2076547,3.584792,0.8670164,0,11.70904
1/19/2007 6:00:00 PM,0.01843383,0.03617861,68.99088,86.73779,0.03899634,0.1750156,4.359171,3.33,0,-1,0,3.33,5.255723,0,1.029171,1.465089,0.1750156,3.505263,3.33,0,0,2.607392,8.278622,0,3.330248,-3.330248,8.016049,57.25738,0.2076547,4.795089,0.1400124,0,8.453637
1/19/2007 7:00:00 PM,0,0,70.7322,90,0,0,5.758377,3.33,0,-1,0,3.33,0,0,2.428377,3.004215,0,3.505263,3.33,0,0,6.307667,4.948374,0,3.505263,-3.505263,4.321178,30.86549,0.2076547,6.334215,0,0,4.948374
1/19/2007 8:00:00 PM,0,0,71.2441,90,0,0,0,0,0,-1,0,0,0,0,0,0,0,0,0,0,0,10.2024,1.443111,0,0,0,4.321178,30.86549,0.2076547,0,0,0,1.443111
1/19/2007 9:00:00 PM,0,0,70.17516,90,0,0,2.546865,1.370955,0,-1,0,1.370955,0,0,1.17591,1.430596,0,1.443111,1.370955,0,0,10.2024,1.443111,0,1.443111,-1.443111,2.800006,20,0.2076547,2.801551,0,0,1.443111
1/19/2007 10:00:00 PM,0,0,66.21896,90,0,0,0.319613,0,0,-1,0,0,0,0,0.319613,0.3515743,0,0,0,0,0,11.80586,0,0,0,0,2.800006,20,0.2076547,0.3515743,0,0,0
1/19/2007 11:00:00 PM,0,0,54.61342,90,0,0,1.696905,0,0,-1,0,0,0,0,1.696905,1.866595,0,0,0,0,0,11.80586,0,0,0,0,2.800006,20,0.2076547,1.866595,0,0,0
1/20/2007 12:00:00 AM,0,0,16.22207,90,0,0,0.1747644,0,0,-1,0,0,0,0,0.1747644,0.1922408,0,0,0,0,0,11.80586,0,0,0,0,2.800006,20,0.2076547,0.1922408,0,0,0
1/20/2007 1:00:00 AM,0,0,-42.49398,90,0,0,0.2561862,0,0,-1,0,0,0,0,0.2561862,0.2818048,0,0,0,0,0,11.80586,0,0,0,0,2.800006,20,0.2076547,0.2818048,0,0,0
1/20/2007 2:00:00 AM,0,0,-62.70788,90,0,0,1.152662,0,0,-1,0,0,0,0,1.152662,1.267928,0,0,0,0,0,11.80586,0,0,0,0,2.800006,20,0.2076547,1.267928,0,0,0
1/20/2007 3:00:00 AM,0,0,-69.11223,90,0,0,1.407506,0,0,-1,0,0,0,0,1.407506,1.548257,0,0,0,0,0,11.80586,0,0,0,0,2.800006,20,0.2076547,1.548257,0,0,0
1/20/2007 4:00:00 AM,0,0,-71.2167,90,0,0,0.5862632,0,0,-1,0,0,0,0,0.5862632,0.6448896,0,0,0,0,0,11.80586,0,0,0,0,2.800006,20,0.2076547,0.6448896,0,0,0
1/20/2007 5:00:00 AM,0,0,-71.33904,90,0,0,0.7837901,0.7837901,4.289053,0,1.335912,0.7837901,0,0,0,0,0,0,0,3.505263,3.33,11.80586,0,3.33,0,3.33,5.959121,42.56506,0.2086198,0.862169,0,5,0
1/20/2007 6:00:00 AM,0.0001823281,0,-70.15036,90,0,0,1.430345,1.430345,4.935608,0,1.512421,1.430345,0,4.440892E-16,0,0,0,0,0,3.505263,3.33,8.475861,2.997,3.33,0,3.33,9.118237,65.13013,0.2101426,1.57338,0,5,2.997
1/20/2007 7:00:00 AM,0.157429,7.376985,-67.74342,79.29384,0.2247887,1.008852,0.4577076,0.4577076,3.962971,0,1.246891,0.4577076,220.414,0,0,0,1.008852,0,0,3.505263,3.33,5.14586,5.994,4.338851,0,4.338851,13.23443,94.53147,0.209782,0.5034783,0.8070813,5,7.002851
1/20/2007 8:00:00 AM,0.4086209,20.90176,-63.84058,65.35473,0.4743553,2.128907,0.2192032,0.2192032,0,0,0,0.2192032,971.2023,1.091158,0,0,2.128907,0.2307402,0.2192032,0,0,0.8070086,9.898967,0.8070086,0,0.8070086,14.00003,100,0.2090971,0.2411236,1.703125,0,12.02787
1/20/2007 9:00:00 AM,0.664312,33.85381,-57.70942,51.69742,0.7361698,3.30393,1.091311,1.091311,0,-1,0,1.091311,302.7487,2.155182,0,0,3.30393,1.148748,1.091311,0,0,0,10.62527,0,0,0,14.00003,100,0.2090971,1.200442,2.643144,0,13.9292
1/20/2007 10:00:00 AM,0.8878829,45.69845,-47.83791,38.70308,0.9655761,4.333506,5.858191,5.858191,2.52819,0,0.8551959,5.858191,73.97345,0.8282422,0,0,4.333506,3.505263,3.33,0,0,0,10.62527,0,0,0,14.00003,100,0.2090971,6.444009,3.466804,5,14.95878
1/20/2007 11:00:00 AM,0.9610604,55.26062,-31.54401,27.40157,1.035331,4.646567,3.614819,3.614819,1.25,0,0.50625,3.614819,128.5422,2.157284,0,0,4.646567,2.489284,2.364819,0,0,0,10.62527,0,0,0,14.00003,100,0.2090971,3.976301,3.717254,5,15.27184
1/20/2007 12:00:00 PM,1.011367,60.23664,-6.733056,20.81818,1.086011,4.874016,0,0,0,0,0,0,0,4.874016,0,0,4.874016,0,0,0,0,0,10.62527,0,0,0,14.00003,100,0.2090971,0,3.899213,0,15.49929
1/20/2007 1:00:00 PM,1.062392,58.37606,20.73935,23.37463,1.142783,5.128808,1.473784,1.473784,0,0,0,1.473784,348.0027,3.577456,0,0,5.128808,1.551352,1.473784,0,0,0,10.62527,0,0,0,14.00003,100,0.2090971,1.621162,4.103046,0,15.75408
1/20/2007 2:00:00 PM,0.821247,50.6382,41.09853,33.00755,0.8867531,3.979748,1.037704,1.037704,0,-1,0,1.037704,383.5149,2.887429,0,0,3.979748,1.09232,1.037704,0,0,0,10.62527,0,0,0,14.00003,100,0.2090971,1.141474,3.183799,0,14.60502
1/20/2007 3:00:00 PM,0.7307328,39.67028,53.6212,45.40231,0.8005455,3.592848,1.493367,1.493367,0,-1,0,1.493367,240.587,2.020882,0,0,3.592848,1.571966,1.493367,0,0,0,10.62527,0,0,0,14.00003,100,0.2090971,1.642704,2.874278,0,14.21812
1/20/2007 4:00:00 PM,0.5191082,27.15053,61.27437,58.81468,0.5857888,2.62902,0.1349045,0.1349045,0,-1,0,0.1349045,1948.8,2.487015,0,0,2.62902,0.1420048,0.1349045,0,0,0,10.62527,0,0,0,14.00003,100,0.2090971,0.148395,2.103216,0,13.25429
1/20/2007 5:00:00 PM,0.1866801,13.85381,66.1074,72.64988,0.2138708,0.959852,2.586371,2.586371,0,-1,0,2.586371,37.11192,0,0,0,0.959852,2.722496,2.586371,0,0,0,10.62527,0,1.762644,-1.762644,12.14204,86.72867,0.2090971,2.845009,0.7678816,0,11.58513
1/20/2007 6:00:00 PM,0.02273674,0.1430149,69.16716,86.658,0.06742398,0.3025988,3.334403,3.33,0,-1,0,3.33,9.087051,0,0.004402641,0.3378429,0.3025988,3.505263,3.33,0,0,1.958494,8.86263,0,3.202664,-3.202664,8.766133,62.61511,0.2090971,3.667843,0.242079,0,9.165229
1/20/2007 7:00:00 PM,0,0,70.92281,90,0,0,5.73282,3.33,0,-1,0,3.33,0,0,2.40282,2.976102,0,3.505263,3.33,0,0,5.51701,5.659966,0,3.505263,-3.505263,5.071261,36.22322,0.2090971,6.306102,0,0,5.659966
1/20/2007 8:00:00 PM,0,0,71.46178,90,0,0,5.889894,2.046967,0,-1,0,2.046967,0,0,3.842927,4.431916,0,2.154702,2.046967,0,0,9.411746,2.154702,0,2.154702,-2.154702,2.800006,20,0.2090971,6.478883,0,0,2.154702
1/20/2007 9:00:00 PM,0,0,70.44241,90,0,0,2.167209,0,0,-1,0,0,0,0,2.167209,2.38393,0,0,0,0,0,11.80586,0,0,0,0,2.800006,20,0.2090971,2.38393,0,0,0
1/20/2007 10:00:00 PM,0,0,66.58184,90,0,0,0.7955329,0,0,-1,0,0,0,0,0.7955329,0.8750862,0,0,0,0,0,11.80586,0,0,0,0,2.800006,20,0.2090971,0.8750862,0,0,0
1/20/2007 11:00:00 PM,0,0,55.17399,90,0,0,0.1801924,0,0,-1,0,0,0,0,0.1801924,0.1982116,0,0,0,0,0,11.80586,0,0,0,0,2.800006,20,0.2090971,0.1982116,0,0,0
1/21/2007 12:00:00 AM,0,0,16.8472,90,0,0,0.5842667,0,0,-1,0,0,0,0,0.5842667,0.6426933,0,0,0,0,0,11.80586,0,0,0,0,2.800006,20,0.2090971,0.6426933,0,0,0
1/21/2007 1:00:00 AM,0,0,-42.823,90,0,0,0.7638654,0,0,-1,0,0,0,0,0.7638654,0.8402519,0,0,0,0,0,11.80586,0,0,0,0,2.800006,20,0.2090971,0.8402519,0,0,0
1/21/2007 2:00:00 AM,0,0,-63.05003,90,0,0,0.2256541,0,0,-1,0,0,0,0,0.2256541,0.2482195,0,0,0,0,0,11.80586,0,0,0,0,2.800006,20,0.2090971,0.2482195,0,0,0
1/21/2007 3:00:00 AM,0,0,-69.38776,90,0,0,0.4339046,0,0,-1,0,0,0,0,0.4339046,0.4772951,0,0,0,0,0,11.80586,0,0,0,0,2.800006,20,0.2090971,0.4772951,0,0,0
1/21/2007 4:00:00 AM,0,0,-71.45171,90,0,0,1.445981,0,0,-1,0,0,0,0,1.445981,1.59058,0,0,0,0,0,11.80586,0,0,0,0,2.800006,20,0.2090971,1.59058,0,0,0
1/21/2007 5:00:00 AM,0,0,-71.55312,90,0,0,0.2589225,0.2589225,3.764186,0,1.192623,0.2589225,0,0,0,0,0,0,0,3.505263,3.33,11.80586,0,3.33,0,3.33,5.959121,42.56506,0.2093619,0.2848148,0,5,0
1/21/2007 6:00:00 AM,0.0001084185,0,-70.35716,90,0,0,0.5943648,0.5943648,4.099628,0,1.284198,0.5943648,0,4.440892E-16,0,0,0,0,0,3.505263,3.33,8.475861,2.997,3.33,0,3.33,9.118237,65.13013,0.2100207,0.6538013,0,5,2.997
1/21/2007 7:00:00 AM,0.1110153,7.348223,-67.95417,79.35321,0.1479468,0.6639855,3.978495,3.978495,5,0,1.53,3.978495,16.68936,0,0,0,0.6639855,0,0,1.021505,0.9704296,5.14586,5.994,1.634415,0,1.634415,10.66878,76.20541,0.2106389,4.376345,0.5311884,5,6.657986
1/21/2007 8:00:00 AM,0.4146448,20.89582,-64.06633,65.39332,0.4809213,2.158375,0,0,1.424285,0,0.5538297,0,0,0,0,0,2.158375,0,0,1.424285,1.35307,3.511445,7.464973,3.511445,0,3.511445,14.00003,100,0.207987,0,1.7267,5,9.623348
1/21/2007 9:00:00 AM,0.5212713,33.87764,-57.96189,51.70943,0.5701481,2.558825,0.8099321,0.8099321,0,-1,0,0.8099321,315.9308,1.706265,0,0,2.558825,0.85256,0.8099321,0,0,0,10.62527,0,0,0,14.00003,100,0.207987,0.8909253,2.04706,0,13.1841
1/21/2007 10:00:00 AM,0.6073831,45.764,-48.12521,38.67609,0.6461026,2.899709,2.73901,2.73901,0,0,0,2.73901,105.867,0.01654012,0,0,2.899709,2.883168,2.73901,0,0,0,10.62527,0,0,0,14.00003,100,0.207987,3.012911,2.319767,0,13.52498
1/21/2007 11:00:00 AM,0.7841767,55.38469,-31.84395,27.31014,0.8379858,3.76088,0.7900831,0.7900831,0,0,0,0.7900831,476.0107,2.929214,0,0,3.76088,0.8316664,0.7900831,0,0,0,10.62527,0,0,0,14.00003,100,0.207987,0.8690913,3.008704,0,14.38615
1/21/2007 12:00:00 PM,0.9412655,60.42369,-6.930258,20.63654,1.009296,4.529719,2.666242,2.666242,0,0,0,2.666242,169.8915,1.723148,0,0,4.529719,2.806571,2.666242,0,0,0,10.62527,0,0,0,14.00003,100,0.207987,2.932866,3.623775,0,15.15499
1/21/2007 1:00:00 PM,0.9253677,58.58696,20.75037,23.16664,0.9933405,4.458112,0.4272403,0.4272403,0,0,0,0.4272403,1043.467,4.008386,0,0,4.458112,0.4497266,0.4272403,0,0,0,10.62527,0,0,0,14.00003,100,0.207987,0.4699643,3.56649,0,15.08339
1/21/2007 2:00:00 PM,0.8530208,50.83158,41.23186,32.83375,0.9211637,4.134183,4.495569,3.33,0,-1,0,3.33,124.1496,0.6289197,1.165569,1.615126,4.134183,3.505263,3.33,0,0,0,10.62527,0,0,0,14.00003,100,0.207987,4.945126,3.307346,0,14.75946
1/21/2007 3:00:00 PM,0.5044144,39.83699,53.78941,45.26126,0.5343755,2.398277,6.369207,3.33,0,-1,0,3.33,72.02034,0,3.039207,3.676128,2.398277,3.505263,3.33,0,0,0,10.62527,0,1.106986,-1.106986,12.83316,91.66526,0.207987,7.006128,1.918622,0,13.02355
1/21/2007 4:00:00 PM,0.3131171,27.29355,61.4488,58.69852,0.3297692,1.480004,3.912711,3.33,0,-1,0,3.33,44.44457,0,0.5827109,0.973982,1.480004,3.505263,3.33,0,0,1.229984,9.518289,0,2.025259,-2.025259,10.69835,76.41665,0.207987,4.303982,1.184003,0,10.99829
1/21/2007 5:00:00 PM,0.1848098,13.97694,66.28391,72.55395,0.2100594,0.9427465,1.138849,1.138849,0,-1,0,1.138849,82.78066,0,2.220446E-16,0,0.9427465,1.198788,1.138849,0,0,3.480272,7.49303,0,0.2560417,-0.2560417,10.42846,74.48885,0.207987,1.252734,0.7541972,0,8.435776
1/21/2007 6:00:00 PM,0.02302144,0.248695,69.34977,86.58032,0.06599383,0.2961803,4.1722,3.33,0,-1,0,3.33,8.894303,0,0.8421995,1.259419,0.2961803,3.505263,3.33,0,0,3.764763,7.236988,0,3.209083,-3.209083,7.04579,50.32697,0.207987,4.589419,0.2369442,0,7.533168
1/21/2007 7:00:00 PM,0,0,71.11966,90,0,0,6.05829,3.33,0,-1,0,3.33,0,0,2.728291,3.33412,0,3.505263,3.33,0,0,7.33041,4.027905,0,3.505263,-3.505263,3.350918,23.93508,0.207987,6.66412,0,0,4.027905
1/21/2007 8:00:00 PM,0,0,71.68597,90,0,0,4.105347,0.4965096,0,-1,0,0.4965096,0,0,3.608837,4.019372,0,0.5226417,0.4965096,0,0,11.22515,0.5226417,0,0.5226417,-0.5226417,2.800006,20,0.207987,4.515881,0,0,0.5226417
1/21/2007 9:00:00 PM,0,0,70.71696,90,0,0,2.564399,0,0,-1,0,0,0,0,2.564399,2.820839,0,0,0,0,0,11.80586,0,0,0,0,2.800006,20,0.207987,2.820839,0,0,0
1/21/2007 10:00:00 PM,0,0,66.95369,90,0,0,0.4252525,0,0,-1,0,0,0,0,0.4252525,0.4677778,0,0,0,0,0,11.80586,0,0,0,0,2.800006,20,0.207987,0.4677778,0,0,0
1/21/2007 11:00:00 PM,0,0,55.74762,90,0,0,0.8795529,0,0,-1,0,0,0,0,0.8795529,0.9675081,0,0,0,0,0,11.80586,0,0,0,0,2.800006,20,0.207987,0.9675081,0,0,0
1/22/2007 12:00:00 AM,0,0,17.48852,90,0,0,1.22579,0,0,-1,0,0,0,0,1.22579,1.348369,0,0,0,0,0,11.80586,0,0,0,0,2.800006,20,0.207987,1.348369,0,0,0
1/22/2007 1:00:00 AM,0,0,-43.18182,90,0,0,0.944075,0,0,-1,0,0,0,0,0.944075,1.038483,0,0,0,0,0,11.80586,0,0,0,0,2.800006,20,0.207987,1.038483,0,0,0
1/22/2007 2:00:00 AM,0,0,-63.40908,90,0,0,2.574167,0,0,-1,0,0,0,0,2.574167,2.831583,0,0,0,0,0,11.80586,0,0,0,0,2.800006,20,0.207987,2.831583,0,0,0
1/22/2007 3:00:00 AM,0,0,-69.67397,90,0,0,0,0,0,-1,0,0,0,0,0,0,0,0,0,0,0,11.80586,0,0,0,0,2.800006,20,0.207987,0,0,0,0
1/22/2007 4:00:00 AM,0,0,-71.69462,90,0,0,0,0,0,-1,0,0,0,0,0,0,0,0,0,0,0,11.80586,0,0,0,0,2.800006,20,0.207987,0,0,0,0
1/22/2007 5:00:00 AM,0,0,-71.77368,90,0,0,1.255718,1.255718,4.760982,0,1.464748,1.255718,0,0,0,0,0,0,0,3.505263,3.33,11.80586,0,3.33,0,3.33,5.959121,42.56506,0.2094001,1.38129,0,5,0
1/22/2007 6:00:00 AM,0.0001013888,0,-70.56969,90,0,0,0.5109103,0.5109103,4.016173,0,1.261415,0.5109103,0,0,0,0,0,0,0,3.505263,3.33,8.475861,2.997,3.33,0,3.33,9.118237,65.13013,0.2099338,0.5620013,0,5,2.997
1/22/2007 7:00:00 AM,0.1279793,7.322873,-68.1703,79.41003,0.1790639,0.8036386,5.275299,5.275299,5,0,1.53,5.275299,15.23399,0,0,0,0.8036386,0.2897884,0.275299,0,0,5.14586,5.994,0.5138502,0,0.5138502,9.605718,68.61213,0.2100848,5.802829,0.6429108,5,6.797638
1/22/2007 8:00:00 AM,0.3631935,20.89365,-64.29737,65.429,0.4183585,1.877593,3.833786,3.833786,5,0,1.53,3.833786,48.97491,0,0,0,1.877593,0,0,1.166214,1.107903,4.63201,6.456465,2.985496,0,2.985496,12.43801,88.84274,0.2110792,4.217165,1.502074,5,8.334058
1/22/2007 9:00:00 AM,0.5119744,33.90568,-58.21973,51.71814,0.5583208,2.505744,2.425069,2.425069,0,-1,0,2.425069,103.3267,0,0,0,2.505744,2.552704,2.425069,0,0,1.646514,9.143412,0,0.04696012,-0.04696012,12.38851,88.48917,0.2110792,2.667575,2.004595,0,11.64916
1/22/2007 10:00:00 AM,0.77026,45.83433,-48.41794,38.64529,0.8349826,3.747402,0,0,0,0,0,0,0,2.04871,0,0,3.747402,0,0,0,0,1.698692,9.096452,1.698692,0,1.698692,14.00003,100,0.2097552,0,2.997922,0,12.84385
1/22/2007 11:00:00 AM,0.9518149,55.51426,-32.14837,27.21408,1.023925,4.595376,4.966308,4.966308,1.636308,0,0.6117121,4.966308,92.53104,1.090113,0,0,4.595376,3.505263,3.33,0,0,0,10.62527,0,0,0,14.00003,100,0.2097552,5.462939,3.676301,5,15.22065
1/22/2007 12:00:00 PM,0.8415782,60.61668,-7.12674,20.44913,0.8970903,4.026141,3.532136,3.532136,1.25,0,0.50625,3.532136,113.986,1.623893,0,0,4.026141,2.402249,2.282136,0,0,0,10.62527,0,0,0,14.00003,100,0.2097552,3.88535,3.220913,5,14.65142
1/22/2007 1:00:00 PM,0.9630346,58.80259,20.76991,22.95465,1.033565,4.638638,1.180785,1.180785,0,0,0,1.180785,392.8436,3.395706,0,0,4.638638,1.242932,1.180785,0,0,0,10.62527,0,0,0,14.00003,100,0.2097552,1.298864,3.710911,0,15.26391
1/22/2007 2:00:00 PM,0.8792083,51.02753,41.37551,32.65877,0.9489689,4.258973,5.78178,3.33,0,-1,0,3.33,127.8971,0.7537094,2.45178,3.029958,4.258973,3.505263,3.33,0,0,0,10.62527,0,0,0,14.00003,100,0.2097552,6.359958,3.407178,0,14.88425
1/22/2007 3:00:00 PM,0.6820942,40.00467,53.96666,45.12059,0.7447463,3.342421,3.337122,3.33,0,-1,0,3.33,100.373,0,0.007122341,0.3408346,3.342421,3.505263,3.33,0,0,0,10.62527,0,0.1628419,-0.1628419,13.82838,98.77393,0.2097552,3.670835,2.673937,0,13.9677
1/22/2007 4:00:00 PM,0.4679098,27.43652,61.6309,58.58357,0.5240794,2.352068,0,0,0,-1,0,0,0,2.171133,0,0,2.352068,0,0,0,0,0.1809354,10.46243,0.1809354,0,0.1809354,14.00003,100,0.2096152,0,1.881655,0,12.8145
1/22/2007 5:00:00 PM,0.2221495,14.09933,66.46719,72.45977,0.2648433,1.188617,4.504803,3.33,0,-1,0,3.33,35.6942,0,1.174803,1.625283,1.188617,3.505263,3.33,0,0,0,10.62527,0,2.316646,-2.316646,11.55807,82.55746,0.2096152,4.955283,0.9508934,0,11.81389
1/22/2007 6:00:00 PM,0.02092545,0.3531455,69.53868,86.50483,0.04725671,0.2120881,12.25748,3.33,0,-1,0,3.33,6.369013,0,8.927485,10.15323,0.2120881,3.505263,3.33,0,0,2.574052,8.308628,0,3.293175,-3.293175,8.086757,57.76244,0.2096152,13.48323,0.1696705,0,8.520716
1/22/2007 7:00:00 PM,0,0,71.3227,90,0,0,0,0,0,-1,0,0,0,0,0,0,0,0,0,0,0,6.233135,5.015453,0,0,0,8.086757,57.76244,0.2096152,0,0,0,5.015453
1/22/2007 8:00:00 PM,0,0,71.91663,90,0,0,7.062821,3.33,0,-1,0,3.33,0,0,3.732821,4.439103,0,3.505263,3.33,0,0,6.233135,5.015453,0,3.505263,-3.505263,4.391885,31.37055,0.2096152,7.769103,0,0,5.015453
1/22/2007 9:00:00 PM,0,0,70.99876,90,0,0,6.582434,1.43468,0,-1,0,1.43468,0,0,5.147754,5.805997,0,1.51019,1.43468,0,0,10.12787,1.51019,0,1.51019,-1.51019,2.800006,20,0.2096152,7.240677,0,0,1.51019
1/22/2007 10:00:00 PM,0,0,67.33444,90,0,0,0.8280727,0,0,-1,0,0,0,0,0.8280727,0.91088,0,0,0,0,0,11.80586,0,0,0,0,2.800006,20,0.2096152,0.91088,0,0,0
1/22/2007 11:00:00 PM,0,0,56.33443,90,0,0,0.6184319,0,0,-1,0,0,0,0,0.6184319,0.6802751,0,0,0,0,0,11.80586,0,0,0,0,2.800006,20,0.2096152,0.6802751,0,0,0
1/23/2007 12:00:00 AM,0,0,18.14727,90,0,0,0.7412378,0,0,-1,0,0,0,0,0.7412378,0.8153616,0,0,0,0,0,11.80586,0,0,0,0,2.800006,20,0.2096152,0.8153616,0,0,0
1/23/2007 1:00:00 AM,0,0,-43.57168,90,0,0,0.6807026,0,0,-1,0,0,0,0,0.6807026,0.7487729,0,0,0,0,0,11.80586,0,0,0,0,2.800006,20,0.2096152,0.7487729,0,0,0
1/23/2007 2:00:00 AM,0,0,-63.78516,90,0,0,0.4858584,0,0,-1,0,0,0,0,0.4858584,0.5344442,0,0,0,0,0,11.80586,0,0,0,0,2.800006,20,0.2096152,0.5344442,0,0,0
1/23/2007 3:00:00 AM,0,0,-69.9708,90,0,0,1.024041,0,0,-1,0,0,0,0,1.024041,1.126446,0,0,0,0,0,11.80586,0,0,0,0,2.800006,20,0.2096152,1.126446,0,0,0
1/23/2007 4:00:00 AM,0,0,-71.94536,90,0,0,0.3092715,0,0,-1,0,0,0,0,0.3092715,0.3401987,0,0,0,0,0,11.80586,0,0,0,0,2.800006,20,0.2096152,0.3401987,0,0,0
1/23/2007 5:00:00 AM,0,0,-72.00066,90,0,0,0.3742348,0.3742348,3.879498,0,1.224103,0.3742348,0,0,0,0,0,0,0,3.505263,3.33,11.80586,0,3.33,0,3.33,5.959121,42.56506,0.2099782,0.4116583,0,5,0
1/23/2007 6:00:00 AM,0.00004219419,0,-70.7879,90,0,0,0.7247857,0.7247857,4.230049,0,1.319803,0.7247857,0,0,0,0,0,0,0,3.505263,3.33,8.475861,2.997,3.33,0,3.33,9.118237,65.13013,0.2107155,0.7972643,0,5,2.997
1/23/2007 7:00:00 AM,0.05232768,7.300978,-68.39175,79.46428,0.05347588,0.2399997,1.845886,1.845886,5,0,1.53,1.845886,13.00187,0,0,0,0.2399997,0,0,3.154114,2.996408,5.14586,5.994,3.236408,0,3.236408,12.18856,87.06098,0.2119399,2.030475,0.1919998,5,6.234
1/23/2007 8:00:00 AM,0.1704412,20.89528,-64.53364,65.46176,0.1728802,0.7758865,0.336662,0.336662,0,0,0,0.336662,230.4645,0,0,0,0.7758865,0.3543811,0.336662,0,0,1.909453,8.906767,0.4215055,0,0.4215055,12.58844,89.91723,0.2116224,0.3703282,0.6207092,0,9.682653
1/23/2007 9:00:00 AM,0.4009243,33.93791,-58.48288,51.72355,0.4214159,1.891315,0,0,0,-1,0,0,0,0.4033674,0,0,1.891315,0,0,0,0,1.487947,9.286121,1.487947,0,1.487947,14.00003,100,0.210509,0,1.513052,0,11.17744
1/23/2007 10:00:00 AM,0.7745861,45.90939,-48.71607,38.61071,0.8391539,3.766123,0,0,0,0,0,0,0,3.766123,0,0,3.766123,0,0,0,0,0,10.62527,0,0,0,14.00003,100,0.210509,0,3.012898,0,14.3914
1/23/2007 11:00:00 AM,0.8569505,55.6493,-32.4573,27.11343,0.9193547,4.126064,7.257999,7.257999,3.927999,0,1.237344,7.257999,56.84851,0.6208007,0,0,4.126064,3.505263,3.33,0,0,0,10.62527,0,0,0,14.00003,100,0.210509,7.983799,3.300851,5,14.75134
1/23/2007 12:00:00 PM,0.930976,60.81557,-7.322462,20.256,0.9966159,4.472812,0.8379738,0.8379738,0,0,0,0.8379738,533.7651,3.590734,0,0,4.472812,0.8820778,0.8379738,0,0,0,10.62527,0,0,0,14.00003,100,0.210509,0.9217712,3.57825,0,15.09809
1/23/2007 1:00:00 PM,0.6356393,59.02283,20.79822,22.73877,0.6600083,2.962117,0.6311349,0.6311349,0,0,0,0.6311349,469.3318,2.297765,0,0,2.962117,0.6643526,0.6311349,0,0,0,10.62527,0,0,0,14.00003,100,0.210509,0.6942484,2.369694,0,13.58739
1/23/2007 2:00:00 PM,0.5561253,51.22593,41.52966,32.48277,0.5766994,2.588227,2.967852,2.967852,0,-1,0,2.967852,87.20878,0,4.440892E-16,0,2.588227,3.124054,2.967852,0,0,0,10.62527,0,0.5358273,-0.5358273,13.43522,95.96564,0.210509,3.264637,2.070582,0,13.2135
1/23/2007 3:00:00 PM,0.5203809,40.17319,54.15299,44.9804,0.5524365,2.479335,0,0,0,-1,0,0,0,1.883972,0,0,2.479335,0,0,0,0,0.5953636,10.08945,0.5953636,0,0.5953636,14.00003,100,0.2100668,0,1.983468,0,12.56878
1/23/2007 4:00:00 PM,0.2601953,27.57933,61.82067,58.46993,0.2665062,1.19608,3.974288,3.33,0,-1,0,3.33,35.91832,4.440892E-16,0.6442879,1.041717,1.19608,3.505263,3.33,0,0,0,10.62527,0,2.309183,-2.309183,11.56594,82.61366,0.2100668,4.371717,0.9568639,0,11.82135
1/23/2007 5:00:00 PM,0.03337835,14.22089,66.65721,72.36744,0.03329053,0.1494079,1.19503,1.19503,0,-1,0,1.19503,12.50244,0,2.220446E-16,0,0.1494079,1.257926,1.19503,0,0,2.565759,8.316091,0,1.108518,-1.108518,10.39745,74.26739,0.2100668,1.314533,0.1195263,0,8.465499
1/23/2007 6:00:00 PM,0.01678341,0.4562941,69.73383,86.43158,0.02491063,0.1117989,0,0,0,-1,0,0,0,0,0,0,0.1117989,0,0,0,0,3.797446,7.207573,0.1117989,0,0.1117989,10.50352,75.02496,0.2099839,0,0.08943913,0,7.319372
1/23/2007 7:00:00 PM,0,0,71.53188,90,0,0,3.343041,3.33,0,-1,0,3.33,0,0,0.01304135,0.3473455,0,3.505263,3.33,0,0,3.685647,7.308192,0,3.505263,-3.505263,6.808644,48.63308,0.2099839,3.677346,0,0,7.308192
1/23/2007 8:00:00 PM,0,0,72.15368,90,0,0,7.027689,3.33,0,-1,0,3.33,0,0,3.69769,4.400459,0,3.505263,3.33,0,0,7.580384,3.802929,0,3.505263,-3.505263,3.113773,22.24119,0.2099839,7.730459,0,0,3.802929
1/23/2007 9:00:00 PM,0,0,71.2877,90,0,0,0,0,0,-1,0,0,0,0,0,0,0,0,0,0,0,11.47512,0.2976657,0,0,0,3.113773,22.24119,0.2099839,0,0,0,0.2976657
1/23/2007 10:00:00 PM,0,0,67.72405,90,0,0,1.169973,0.2827823,0,-1,0,0.2827823,0,0,0.8871911,1.004188,0,0.2976657,0.2827823,0,0,11.47512,0.2976657,0,0.2976657,-0.2976657,2.800006,20,0.2099839,1.286971,0,0,0.2976657
1/23/2007 11:00:00 PM,0,0,56.93455,90,0,0,1.112117,0,0,-1,0,0,0,0,1.112117,1.223328,0,0,0,0,0,11.80586,0,0,0,0,2.800006,20,0.2099839,1.223328,0,0,0
1/24/2007 12:00:00 AM,0,0,18.82481,90,0,0,0.6752976,0,0,-1,0,0,0,0,0.6752976,0.7428274,0,0,0,0,0,11.80586,0,0,0,0,2.800006,20,0.2099839,0.7428274,0,0,0
1/24/2007 1:00:00 AM,0,0,-43.99392,90,0,0,0.08400727,0,0,-1,0,0,0,0,0.08400727,0.09240799,0,0,0,0,0,11.80586,0,0,0,0,2.800006,20,0.2099839,0.09240799,0,0,0
1/24/2007 2:00:00 AM,0,0,-64.1784,90,0,0,1.02927,0,0,-1,0,0,0,0,1.02927,1.132197,0,0,0,0,0,11.80586,0,0,0,0,2.800006,20,0.2099839,1.132197,0,0,0
1/24/2007 3:00:00 AM,0,0,-70.27823,90,0,0,0.3659434,0,0,-1,0,0,0,0,0.3659434,0.4025377,0,0,0,0,0,11.80586,0,0,0,0,2.800006,20,0.2099839,0.4025377,0,0,0
1/24/2007 4:00:00 AM,0,0,-72.20385,90,0,0,0.922501,0,0,-1,0,0,0,0,0.922501,1.014751,0,0,0,0,0,11.80586,0,0,0,0,2.800006,20,0.2099839,1.014751,0,0,0
1/24/2007 5:00:00 AM,0,0,-72.23397,90,0,0,0,0,0,0,0,0,0,0,0,0,0,0,0,0,0,11.80586,0,0,0,0,2.800006,20,0.2099839,0,0,0,0
1/24/2007 6:00:00 AM,0.00003281652,0,-71.01171,90,0,0,0.5186856,0.5186856,4.023949,0,1.263538,0.5186856,0,0,0,0,0,0,0,3.505263,3.33,11.80586,0,3.33,0,3.33,5.959121,42.56506,0.2104796,0.5705541,0,5,0
1/24/2007 7:00:00 AM,0.07638385,7.282576,-68.61845,79.51588,0.08537049,0.3831428,2.025872,2.025872,5,0,1.53,2.025872,18.91249,0,0,0,0.3831428,0,0,2.974128,2.825422,8.475861,2.997,3.208565,0,3.208565,9.003033,64.30724,0.2116422,2.228459,0.3065142,5,3.380143
1/24/2007 8:00:00 AM,0.2836825,20.9007,-64.77507,65.49158,0.3123742,1.401935,4.184538,4.184538,5,0,1.53,4.184538,33.50275,0,0,0,1.401935,0,0,0.8154616,0.7746885,5.267296,5.884708,2.176624,0,2.176624,11.06796,79.05669,0.2122947,4.602992,1.121548,5,7.286644
1/24/2007 9:00:00 AM,0.6237165,33.97434,-58.75131,51.72567,0.6881925,3.088608,2.992277,2.992277,0,-1,0,2.992277,103.2193,0,0,0,3.088608,3.149765,2.992277,0,0,3.090672,7.84367,0,0.06115716,-0.06115716,11.00349,78.59623,0.2122947,3.291504,2.470886,0,10.93228
1/24/2007 10:00:00 AM,0.6932003,45.98917,-49.0196,38.57239,0.7459061,3.347627,4.77419,4.77419,4.594638,0,1.419336,4.77419,70.11925,0,0,0,3.347627,0.1890026,0.1795525,0,0,3.158624,7.782513,3.158624,0,3.158624,14.00003,100,0.2131059,5.25161,2.678101,5,11.13014
1/24/2007 11:00:00 AM,0.8394541,55.78974,-32.77078,27.00828,0.8990625,4.034993,0,0,0,0,0,0,0,4.034993,0,0,4.034993,0,0,0,0,0,10.62527,0,0,0,14.00003,100,0.2131059,0,3.227994,0,14.66027
1/24/2007 12:00:00 PM,0.7057277,61.02033,-7.517386,20.05717,0.7388576,3.315993,0,0,0,0,0,0,0,3.315993,0,0,3.315993,0,0,0,0,0,10.62527,0,0,0,14.00003,100,0.2131059,0,2.652794,0,13.94127
1/24/2007 1:00:00 PM,0.5709516,59.24763,20.83553,22.51912,0.585951,2.629748,1.003632,1.003632,0,0,0,1.003632,262.0232,1.573293,0,0,2.629748,1.056454,1.003632,0,0,0,10.62527,0,0,0,14.00003,100,0.2131059,1.103995,2.103798,0,13.25502
1/24/2007 2:00:00 PM,0.5346733,51.42667,41.69448,32.30592,0.5516627,2.475862,4.34578,3.33,0,-1,0,3.33,74.35022,4.440892E-16,1.01578,1.450358,2.475862,3.505263,3.33,0,0,0,10.62527,0,1.029401,-1.029401,12.91494,92.24942,0.2131059,4.780358,1.98069,0,13.10114
1/24/2007 3:00:00 PM,0.4067037,40.34245,54.34848,44.84085,0.4179333,1.875685,4.598076,3.33,0,-1,0,3.33,56.32687,0,1.268076,1.727884,1.875685,3.505263,3.33,0,0,1.143779,9.595873,0,1.629578,-1.629578,11.19722,79.97997,0.2131059,5.057884,1.500548,0,11.47156
1/24/2007 4:00:00 PM,0.1821637,27.72186,62.0181,58.35773,0.1824719,0.8189337,0,0,0,-1,0,0,0,0,0,0,0.8189337,0,0,0,0,2.954421,7.966295,0.8189337,0,0.8189337,11.97413,85.5293,0.2125168,0,0.655147,0,8.785229
1/24/2007 5:00:00 PM,0.1798503,14.34153,66.85394,72.27705,0.2000839,0.8979765,4.646892,3.33,0,-1,0,3.33,26.96626,0,1.316892,1.781582,0.8979765,3.505263,3.33,0,0,2.135488,8.703336,0,2.607287,-2.607287,9.225805,65.89848,0.2125168,5.111581,0.7183812,0,9.601312
1/24/2007 6:00:00 PM,0.02326317,0.5580696,69.9352,86.36065,0.05764688,0.2587192,5.810915,3.33,0,-1,0,3.33,7.769345,0,2.480915,3.062007,0.2587192,3.505263,3.33,0,0,5.032473,6.096049,0,3.246544,-3.246544,5.803647,41.45454,0.2125168,6.392006,0.2069753,0,6.354768
1/24/2007 7:00:00 PM,0,0,71.74713,90,0,0,3.190812,2.707029,0,-1,0,2.707029,0,0,0.4837824,0.8028635,0,2.849505,2.707029,0,0,8.639744,2.849505,0,2.849505,-2.849505,2.800006,20,0.2125168,3.509893,0,0,2.849505
1/24/2007 8:00:00 PM,0,0,72.39706,90,0,0,2.723963,0,0,-1,0,0,0,0,2.723963,2.996359,0,0,0,0,0,11.80586,0,0,0,0,2.800006,20,0.2125168,2.996359,0,0,0
1/24/2007 9:00:00 PM,0,0,71.58375,90,0,0,2.797115,0,0,-1,0,0,0,0,2.797115,3.076827,0,0,0,0,0,11.80586,0,0,0,0,2.800006,20,0.2125168,3.076827,0,0,0
1/24/2007 10:00:00 PM,0,0,68.12247,90,0,0,0.7764025,0,0,-1,0,0,0,0,0.7764025,0.8540428,0,0,0,0,0,11.80586,0,0,0,0,2.800006,20,0.2125168,0.8540428,0,0,0
1/24/2007 11:00:00 PM,0,0,57.54811,90,0,0,0,0,0,-1,0,0,0,0,0,0,0,0,0,0,0,11.80586,0,0,0,0,2.800006,20,0.2125168,0,0,0,0
1/25/2007 12:00:00 AM,0,0,19.52261,90,0,0,0.07043552,0,0,-1,0,0,0,0,0.07043552,0.07747908,0,0,0,0,0,11.80586,0,0,0,0,2.800006,20,0.2125168,0.07747908,0,0,0
1/25/2007 1:00:00 AM,0,0,-44.44989,90,0,0,0,0,0,-1,0,0,0,0,0,0,0,0,0,0,0,11.80586,0,0,0,0,2.800006,20,0.2125168,0,0,0,0
1/25/2007 2:00:00 AM,0,0,-64.58891,90,0,0,0,0,0,-1,0,0,0,0,0,0,0,0,0,0,0,11.80586,0,0,0,0,2.800006,20,0.2125168,0,0,0,0
1/25/2007 3:00:00 AM,0,0,-70.5962,90,0,0,1.237944,0,0,-1,0,0,0,0,1.237944,1.361739,0,0,0,0,0,11.80586,0,0,0,0,2.800006,20,0.2125168,1.361739,0,0,0
1/25/2007 4:00:00 AM,0,0,-72.47004,90,0,0,0,0,0,-1,0,0,0,0,0,0,0,0,0,0,0,11.80586,0,0,0,0,2.800006,20,0.2125168,0,0,0,0
1/25/2007 5:00:00 AM,0,0,-72.47356,90,0,0,0.6464139,0.6464139,4.151677,0,1.298408,0.6464139,0,0,0,0,0,0,0,3.505263,3.33,11.80586,0,3.33,0,3.33,5.959121,42.56506,0.2130926,0.7110553,0,5,0
1/25/2007 6:00:00 AM,0.00006975817,0,-71.24104,90,0,0,0.2369221,0.2369221,3.742185,0,1.186617,0.2369221,0,0,0,0,0,0,0,3.505263,3.33,8.475861,2.997,3.33,0,3.33,9.118237,65.13013,0.2132457,0.2606143,0,5,2.997
1/25/2007 7:00:00 AM,0.1298988,7.267704,-68.85032,79.5648,0.181409,0.8141636,1.642772,1.642772,4.784952,0,1.471292,1.642772,49.56034,0,0,0,0.8141636,0,0,3.142179,2.985071,5.14586,5.994,3.799234,0,3.799234,12.72251,90.87486,0.2141004,1.80705,0.6513309,5,6.808164
1/25/2007 8:00:00 AM,0.3618769,20.90995,-65.0216,65.51842,0.4150979,1.862959,6.370869,6.370869,5,0,1.53,6.370869,29.24184,0,0,0,1.862959,1.44302,1.370868,0,0,1.346626,9.413311,0.4199398,0,0.4199398,13.1209,93.7205,0.2142016,7.007956,1.490367,5,11.27627
1/25/2007 9:00:00 AM,0.5704384,34.01495,-59.02496,51.7245,0.6266847,2.812561,0.9293149,0.9293149,0,-1,0,0.9293149,302.6489,0.9076484,0,0,2.812561,0.9782261,0.9293149,0,0,0.9266862,9.791257,0.9266862,0,0.9266862,14.00003,100,0.2135572,1.022246,2.250049,0,12.60382
1/25/2007 10:00:00 AM,0.726095,46.07362,-49.3285,38.53036,0.783168,3.514858,0.369355,0.369355,0,0,0,0.369355,951.6207,3.126064,0,0,3.514858,0.3887947,0.369355,0,0,0,10.62527,0,0,0,14.00003,100,0.2135572,0.4062904,2.811887,0,14.14013
1/25/2007 11:00:00 AM,0.8460837,55.93557,-33.08885,26.89867,0.9058204,4.065322,4.266065,4.266065,1.25,0,0.50625,4.266065,95.29442,0.8905165,0,0,4.065322,3.174805,3.016065,0,0,0,10.62527,0,0,0,14.00003,100,0.2135572,4.692671,3.252257,5,14.6906
1/25/2007 12:00:00 PM,1.0089,61.2309,-7.711475,19.8527,1.079679,4.845598,5.792216,5.792216,2.462216,0,0.8371849,5.792216,83.65707,1.340335,0,0,4.845598,3.505263,3.33,0,0,0,10.62527,0,0,0,14.00003,100,0.2135572,6.371438,3.876478,5,15.47087
1/25/2007 1:00:00 PM,0.7828899,59.47689,20.88211,22.29582,0.8297244,3.723803,1.012809,1.012809,0,0,0,1.012809,367.6708,2.657688,0,0,3.723803,1.066115,1.012809,0,0,0,10.62527,0,0,0,14.00003,100,0.2135572,1.11409,2.979042,0,14.34908
1/25/2007 2:00:00 PM,0.4914475,51.6296,41.87014,32.12837,0.5025412,2.255405,1.929008,1.929008,0,-1,0,1.929008,116.9204,0.2248701,0,0,2.255405,2.030535,1.929008,0,0,0,10.62527,0,0,0,14.00003,100,0.2135572,2.121909,1.804324,0,12.88068
1/25/2007 3:00:00 PM,0.4327433,40.5123,54.55315,44.70207,0.4474595,2.008198,0,0,0,-1,0,0,0,2.008198,0,0,2.008198,0,0,0,0,0,10.62527,0,0,0,14.00003,100,0.2135572,0,1.606558,0,12.63347
1/25/2007 4:00:00 PM,0.4467947,27.86402,62.22319,58.24707,0.4954233,2.22346,0,0,0,-1,0,0,0,2.22346,0,0,2.22346,0,0,0,0,0,10.62527,0,0,0,14.00003,100,0.2135572,0,1.778768,0,12.84873
1/25/2007 5:00:00 PM,0.1765269,14.46117,67.05733,72.18868,0.1945617,0.8731928,0,0,0,-1,0,0,0,0.8731928,0,0,0.8731928,0,0,0,0,0,10.62527,0,0,0,14.00003,100,0.2135572,0,0.6985543,0,11.49847
1/25/2007 6:00:00 PM,0.02924861,0.6584027,70.14272,86.29211,0.1043736,0.4684287,0,0,0,-1,0,0,0,0.4684287,0,0,0.4684287,0,0,0,0,0,10.62527,0,0,0,14.00003,100,0.2135572,0,0.374743,0,11.0937
1/25/2007 7:00:00 PM,0,0,71.96841,90,0,0,4.45421,3.33,0,-1,0,3.33,0,0,1.12421,1.569632,0,3.505263,3.33,0,0,0,10.62527,0,3.505263,-3.505263,10.30516,73.60811,0.2135572,4.899632,0,0,10.62527
1/25/2007 8:00:00 PM,0,0,72.64672,90,0,0,1.452978,1.452978,0,-1,0,1.452978,0,0,2.220446E-16,0,0,1.52945,1.452978,0,0,3.894737,7.120011,0,1.52945,-1.52945,8.692974,62.09255,0.2135572,1.598275,0,0,7.120011
1/25/2007 9:00:00 PM,0,0,71.88681,90,0,0,0,0,0,-1,0,0,0,0,0,0,0,0,0,0,0,5.594126,5.590561,0,0,0,8.692974,62.09255,0.2135572,0,0,0,5.590561
1/25/2007 10:00:00 PM,0,0,68.52962,90,0,0,0.315176,0.315176,0,-1,0,0.315176,0,0,0,0,0,0.3317642,0.315176,0,0,5.594126,5.590561,0,0.3317642,-0.3317642,8.343265,59.59462,0.2135572,0.3466936,0,0,5.590561
1/25/2007 11:00:00 PM,0,0,58.17525,90,0,0,0.5209509,0.5209509,0,-1,0,0.5209509,0,0,0,0,0,0.5483694,0.5209509,0,0,5.962753,5.258797,0,0.5483694,-0.5483694,7.765232,55.46583,0.2135572,0.573046,0,0,5.258797
1/26/2007 12:00:00 AM,0,0,20.24229,90,0,0,1.211446,1.211446,0,-1,0,1.211446,0,0,2.220446E-16,0,0,1.275206,1.211446,0,0,6.572052,4.710427,0,1.275206,-1.275206,6.421047,45.86452,0.2135572,1.332591,0,0,4.710427
1/26/2007 1:00:00 AM,0,0,-44.94105,90,0,0,0.1758771,0.1758771,0,-1,0,0.1758771,0,0,0,0,0,0.1851338,0.1758771,0,0,7.988948,3.435221,0,0.1851338,-0.1851338,6.225898,44.47062,0.2135572,0.1934648,0,0,3.435221
1/26/2007 2:00:00 AM,0,0,-65.01679,90,0,0,0.3060136,0.3060136,0,-1,0,0.3060136,0,0,0,0,0,0.3221196,0.3060136,0,0,8.194653,3.250087,0,0.3221196,-0.3221196,5.886354,42.04531,0.2135572,0.336615,0,0,3.250087
1/26/2007 3:00:00 AM,0,0,-70.92466,90,0,0,0.7879987,0.7879987,0,-1,0,0.7879987,0,0,0,0,0,0.8294724,0.7879987,0,0,8.552563,2.927968,0,0.8294724,-0.8294724,5.012014,35.80003,0.2135572,0.8667986,0,0,2.927968
1/26/2007 4:00:00 AM,0,0,-72.74384,90,0,0,0,0,0,-1,0,0,0,0,0,0,0,0,0,0,0,9.474198,2.098495,0,0,0,5.012014,35.80003,0.2135572,0,0,0,2.098495
1/26/2007 5:00:00 AM,0,0,-72.71935,90,0,0,0,0,0,0,0,0,0,0,0,0,0,0,0,0,0,9.474198,2.098495,0,0,0,5.012014,35.80003,0.2135572,0,0,0,2.098495
1/26/2007 6:00:00 AM,0.00006869343,0,-71.47584,90,0,0,0.465657,0.465657,0,0,0,0.465657,0,0,5.551115E-17,0,0,0.4901652,0.465657,0,0,9.474198,2.098495,0,0.4901652,-0.4901652,4.495334,32.10947,0.2135572,0.5122226,0,0,2.098495
1/26/2007 7:00:00 AM,0.1301601,7.256395,-69.0873,79.61101,0.1814109,0.8141722,0,0,0,0,0,0,0,0,0,0,0.8141722,0,0,0,0,10.01883,1.60833,0.8141722,0,0.8141722,5.267726,37.62654,0.2129942,0,0.6513377,0,2.422502
1/26/2007 8:00:00 AM,0.3747933,20.92303,-65.27317,65.54228,0.4305148,1.93215,3.338376,3.338376,5,0,1.53,3.338376,57.87696,0,0,0,1.93215,0,0,1.661624,1.578543,9.204655,2.341085,3.510693,0,3.510693,8.598262,61.41603,0.2139965,3.672213,1.54572,5,4.273235
1/26/2007 9:00:00 AM,0.6129732,34.05973,-59.30379,51.72006,0.6748063,3.028531,0.03896264,0.03896264,0,-1,0,0.03896264,7772.91,0,0,0,3.028531,0.0410133,0.03896264,0,0,5.693961,5.500709,2.987517,0,2.987517,11.43247,81.66034,0.2119691,0.0428589,2.422825,0,8.52924
1/26/2007 10:00:00 AM,0.8905523,46.16272,-49.64276,38.48467,0.9639933,4.326402,1.221893,1.221893,0,0,0,1.221893,354.0736,0.3337546,0,0,4.326402,1.286204,1.221893,0,0,2.706444,8.189475,2.706444,0,2.706444,14.00003,100,0.2101653,1.344083,3.461122,0,12.51588
1/26/2007 11:00:00 AM,1.021712,56.08672,-33.41157,26.78468,1.096649,4.92176,0,0,0,0,0,0,0,4.92176,0,0,4.92176,0,0,0,0,0,10.62527,0,0,0,14.00003,100,0.2101653,0,3.937407,0,15.54703
1/26/2007 12:00:00 PM,1.127383,61.44725,-7.904692,19.64264,1.206762,5.415948,0,0,0,0,0,0,0,5.415948,0,0,5.415948,0,0,0,0,0,10.62527,0,0,0,14.00003,100,0.2101653,0,4.332758,0,16.04122
1/26/2007 1:00:00 PM,1.070001,59.71053,20.93822,22.06898,1.146031,5.143386,2.023651,2.023651,0,0,0,2.023651,254.1637,3.013227,0,0,5.143386,2.130159,2.023651,0,0,0,10.62527,0,0,0,14.00003,100,0.2101653,2.226017,4.114709,0,15.76866
1/26/2007 2:00:00 PM,1.004368,51.83461,42.0568,31.95029,1.081789,4.855067,0,0,0,-1,0,0,0,4.855067,0,0,4.855067,0,0,0,0,0,10.62527,0,0,0,14.00003,100,0.2101653,0,3.884053,0,15.48034
1/26/2007 3:00:00 PM,0.7033097,40.68262,54.76708,44.56421,0.7652672,3.434519,1.772463,1.772463,0,-1,0,1.772463,193.771,1.568768,0,0,3.434519,1.865751,1.772463,0,0,0,10.62527,0,0,0,14.00003,100,0.2101653,1.94971,2.747615,0,14.05979
1/26/2007 4:00:00 PM,0.5093119,28.00568,62.43593,58.13806,0.5692037,2.554586,4.151597,3.33,0,-1,0,3.33,76.71431,0,0.8215966,1.236756,2.554586,3.505263,3.33,0,0,0,10.62527,0,0.9506767,-0.9506767,12.99793,92.84215,0.2101653,4.566756,2.043669,0,13.17986
1/26/2007 5:00:00 PM,0.2236361,14.57971,67.26737,72.10243,0.2621092,1.176346,3.392942,3.33,0,-1,0,3.33,35.32571,4.440892E-16,0.06294215,0.4022364,1.176346,3.505263,3.33,0,0,1.056307,9.674598,0,2.328917,-2.328917,10.54303,75.30723,0.2101653,3.732236,0.9410769,0,10.85094
1/26/2007 6:00:00 PM,0.031731,0.7572253,70.35633,86.226,0.1225387,0.5499538,0,0,0,-1,0,0,0,0,0,0,0.5499538,0,0,0,0,3.643993,7.34568,0.5499538,0,0.5499538,11.06476,79.03387,0.2098025,0,0.439963,0,7.895634
1/26/2007 7:00:00 PM,0,0,72.19565,90,0,0,2.774459,2.774459,0,-1,0,2.774459,0,0,4.440892E-16,0,0,2.920483,2.774459,0,0,3.094039,7.840639,0,2.920483,-2.920483,7.986305,57.04492,0.2098025,3.051905,0,0,7.840639
1/26/2007 8:00:00 PM,0,0,72.90258,90,0,0,0,0,0,-1,0,0,0,0,0,0,0,0,0,0,0,6.339021,4.920156,0,0,0,7.986305,57.04492,0.2098025,0,0,0,4.920156
1/26/2007 9:00:00 PM,0,0,72.19684,90,0,0,1.33969,1.33969,0,-1,0,1.33969,0,0,2.220446E-16,0,0,1.4102,1.33969,0,0,6.339021,4.920156,0,1.4102,-1.4102,6.499824,46.42722,0.2098025,1.473659,0,0,4.920156
1/26/2007 10:00:00 PM,0,0,68.94549,90,0,0,1.096599,1.096599,0,-1,0,1.096599,0,0,2.220446E-16,0,0,1.154314,1.096599,0,0,7.90591,3.509955,0,1.154314,-1.154314,5.28307,37.73613,0.2098025,1.206258,0,0,3.509955
1/26/2007 11:00:00 PM,0,0,58.81612,90,0,0,0.5568281,0.5568281,0,-1,0,0.5568281,0,0,0,0,0,0.5861349,0.5568281,0,0,9.188481,2.355641,0,0.5861349,-0.5861349,4.665229,33.323,0.2098025,0.6125109,0,0,2.355641
1/27/2007 12:00:00 AM,0,0,20.98565,90,0,0,1.160677,1.160677,0,-1,0,1.160677,0,0,2.220446E-16,0,0,1.221766,1.160677,0,0,9.839742,1.769506,0,1.221766,-1.221766,3.377375,24.12406,0.2098025,1.276745,0,0,1.769506
1/27/2007 1:00:00 AM,0,0,-45.4689,90,0,0,0,0,0,-1,0,0,0,0,0,0,0,0,0,0,0,11.19726,0.5477408,0,0,0,3.377375,24.12406,0.2098025,0,0,0,0.5477408
1/27/2007 2:00:00 AM,0,0,-65.46211,90,0,0,1.272661,0.5203537,0,-1,0,0.5203537,0,0,0.7523068,0.8795729,0,0.5477408,0.5203537,0,0,11.19726,0.5477408,0,0.5477408,-0.5477408,2.800006,20,0.2098025,1.399927,0,0,0.5477408
1/27/2007 3:00:00 AM,0,0,-71.26353,90,0,0,0.264788,0,0,-1,0,0,0,0,0.264788,0.2912668,0,0,0,0,0,11.80586,0,0,0,0,2.800006,20,0.2098025,0.2912668,0,0,0
1/27/2007 4:00:00 AM,0,0,-73.02518,90,0,0,0.3951933,0,0,-1,0,0,0,0,0.3951933,0.4347126,0,0,0,0,0,11.80586,0,0,0,0,2.800006,20,0.2098025,0.4347126,0,0,0
1/27/2007 5:00:00 AM,0,0,-72.97124,90,0,0,1.240165,1.240165,4.745428,0,1.460502,1.240165,0,4.440892E-16,0,0,0,0,0,3.505263,3.33,11.80586,0,3.33,0,3.33,5.959121,42.56506,0.2109259,1.364181,0,5,0
1/27/2007 6:00:00 AM,0.00004537927,0,-71.71601,90,0,0,0.5569648,0.5569648,4.062228,0,1.273988,0.5569648,0,4.440892E-16,0,0,0,0,0,3.505263,3.33,8.475861,2.997,3.33,0,3.33,9.118237,65.13013,0.2113891,0.6126612,0,5,2.997
1/27/2007 7:00:00 AM,0.06215739,7.248682,-69.32934,79.65446,0.06527662,0.2929615,1.999702,1.999702,5,0,1.53,1.999702,14.65026,4.440892E-16,0,0,0.2929615,0,0,3.000298,2.850283,5.14586,5.994,3.143244,0,3.143244,12.10018,86.42968,0.2123941,2.199673,0.2343692,5,6.286962
1/27/2007 8:00:00 AM,0.2296482,20.93995,-65.52972,65.56314,0.2415218,1.08395,3.304976,3.304976,4.177709,0,1.305515,3.304976,32.79751,0,0,0,1.08395,0,0,0.8727328,0.8290961,2.002616,8.82292,1.913046,0,1.913046,13.91505,99.39305,0.2129111,3.635474,0.86716,5,9.90687
1/27/2007 9:00:00 AM,0.4018427,34.10867,-59.58775,51.71236,0.4214097,1.891287,5.332042,3.33,0,-1,0,3.33,56.79539,0,2.002042,2.535246,1.891287,3.505263,3.33,0,0,0.08956994,10.54466,0,1.613976,-1.613976,12.21377,87.24107,0.2129111,5.865246,1.513029,0,12.43595
1/27/2007 10:00:00 AM,0.3398878,46.25643,-49.96238,38.43536,0.3414848,1.532584,2.578124,2.578124,0,0,0,2.578124,59.44571,0,0,0,1.532584,2.713814,2.578124,0,0,1.882877,8.930685,0,1.181231,-1.181231,10.96865,78.34733,0.2129111,2.835936,1.226067,0,10.46327
1/27/2007 11:00:00 AM,0.4149941,56.24314,-33.73898,26.66639,0.4175201,1.87383,3.486743,3.486743,4.742191,0,1.459618,3.486743,53.74157,0,0,0,1.87383,0,0,1.255449,1.192676,3.195355,7.749454,3.066507,0,3.066507,13.87779,99.12688,0.2137147,3.835417,1.499064,5,9.623284
1/27/2007 12:00:00 PM,0.5910116,61.66932,-8.097002,19.42703,0.6063734,2.721404,2.93524,2.93524,0,0,0,2.93524,92.71486,4.440892E-16,0,0,2.721404,3.089726,2.93524,0,0,0.1288487,10.50931,0,0.3683226,-0.3683226,13.48954,96.3537,0.2137147,3.228764,2.177123,0,13.23071
1/27/2007 1:00:00 PM,0.4543588,59.94846,21.00414,21.83875,0.4580577,2.055763,4.644619,4.644619,3.202836,0,1.039374,4.644619,44.26118,2.220446E-16,0,0,2.055763,1.517667,1.441784,0,0,0.5380961,10.14099,0.5380961,0,0.5380961,14.00003,100,0.2138347,5.109081,1.64461,5,12.19675
1/27/2007 2:00:00 PM,0.2296513,52.04155,42.25465,31.77186,0.2289633,1.027587,0,0,0,-1,0,0,0,1.027587,0,0,1.027587,0,0,0,0,0,10.62527,0,0,0,14.00003,100,0.2138347,0,0.8220698,0,11.65286
1/27/2007 3:00:00 PM,0.4225384,40.85328,54.99029,44.42741,0.4350322,1.952424,4.34474,3.33,0,-1,0,3.33,58.63136,0,1.01474,1.449214,1.952424,3.505263,3.33,0,0,0,10.62527,0,1.552839,-1.552839,12.36319,88.30834,0.2138347,4.779214,1.561939,0,12.5777
1/27/2007 4:00:00 PM,0.42566,28.14674,62.6563,58.03082,0.4672703,2.097109,0,0,0,-1,0,0,0,0.3717329,0,0,2.097109,0,0,0,0,1.725376,9.072435,1.725376,0,1.725376,14.00003,100,0.2127355,0,1.677687,0,11.16955
1/27/2007 5:00:00 PM,0.203835,14.69706,67.48401,72.01837,0.2320749,1.041552,0,0,0,-1,0,0,0,1.041552,0,0,1.041552,0,0,0,0,0,10.62527,0,0,0,14.00003,100,0.2127355,0,0.8332417,0,11.66683
1/27/2007 6:00:00 PM,0.0263916,0.8544707,70.576,86.1624,0.06566364,0.2946984,0,0,0,-1,0,0,0,0.2946984,0,0,0.2946984,0,0,0,0,0,10.62527,0,0,0,14.00003,100,0.2127355,0,0.2357588,0,10.91997
1/27/2007 7:00:00 PM,0,0,72.42879,90,0,0,5.031132,3.33,0,-1,0,3.33,0,0,1.701132,2.204245,0,3.505263,3.33,0,0,0,10.62527,0,3.505263,-3.505263,10.30516,73.60811,0.2127355,5.534245,0,0,10.62527
1/27/2007 8:00:00 PM,0,0,73.16458,90,0,0,0.8847923,0.8847923,0,-1,0,0.8847923,0,0,1.110223E-16,0,0,0.9313604,0.8847923,0,0,3.894737,7.120011,0,0.9313604,-0.9313604,9.323416,66.5957,0.2127355,0.9732715,0,0,7.120011
1/27/2007 9:00:00 PM,0,0,72.51375,90,0,0,4.763413,3.33,0,-1,0,3.33,0,0,1.433414,1.909755,0,3.505263,3.33,0,0,4.929582,6.188651,0,3.505263,-3.505263,5.628544,40.20381,0.2127355,5.239755,0,0,6.188651
1/27/2007 10:00:00 PM,0,0,69.37001,90,0,0,1.186643,1.186643,0,-1,0,1.186643,0,0,0,0,0,1.249098,1.186643,0,0,8.824319,2.683388,0,1.249098,-1.249098,4.31188,30.79908,0.2127355,1.305307,0,0,2.683388
1/27/2007 11:00:00 PM,0,0,59.47087,90,0,0,0.3261636,0.3261636,0,-1,0,0.3261636,0,0,0,0,0,0.3433301,0.3261636,0,0,10.2122,1.43429,0,0.3433301,-0.3433301,3.949978,28.21408,0.2127355,0.3587799,0,0,1.43429
1/28/2007 12:00:00 AM,0,0,21.75465,90,0,0,0.4811835,0.4811835,0,-1,0,0.4811835,0,0,5.551115E-17,0,0,0.5065089,0.4811835,0,0,10.59368,1.09096,0,0.5065089,-0.5065089,3.416071,24.40046,0.2127355,0.5293018,0,0,1.09096
1/28/2007 1:00:00 AM,0,0,-46.035,90,0,0,0.7625641,0.5552284,0,-1,0,0.5552284,0,0,0.2073357,0.2835921,0,0.584451,0.5552284,0,0,11.15647,0.584451,0,0.584451,-0.584451,2.800006,20,0.2127355,0.8388206,0,0,0.584451
1/28/2007 2:00:00 AM,0,0,-65.92494,90,0,0,0.8222414,0,0,-1,0,0,0,0,0.8222414,0.9044655,0,0,0,0,0,11.80586,0,0,0,0,2.800006,20,0.2127355,0.9044655,0,0,0
1/28/2007 3:00:00 AM,0,0,-71.61275,90,0,0,0.3669043,0,0,-1,0,0,0,0,0.3669043,0.4035947,0,0,0,0,0,11.80586,0,0,0,0,2.800006,20,0.2127355,0.4035947,0,0,0
1/28/2007 4:00:00 AM,0,0,-73.31396,90,0,0,0.3801876,0,0,-1,0,0,0,0,0.3801876,0.4182063,0,0,0,0,0,11.80586,0,0,0,0,2.800006,20,0.2127355,0.4182063,0,0,0
1/28/2007 5:00:00 AM,0,0,-73.22917,90,0,0,0.2908534,0.2908534,3.796117,0,1.20134,0.2908534,0,0,0,0,0,0,0,3.505263,3.33,11.80586,0,3.33,0,3.33,5.959121,42.56506,0.212924,0.3199387,0,5,0
1/28/2007 6:00:00 AM,0.00001219213,0,-71.96149,90,0,0,0.3362506,0.3362506,3.841514,0,1.213733,0.3362506,0,0,0,0,0,0,0,3.505263,3.33,8.475861,2.997,3.33,0,3.33,9.118237,65.13013,0.2131491,0.3698757,0,5,2.997
1/28/2007 7:00:00 AM,0.08206166,7.244593,-69.57634,79.69511,0.09424157,0.4229561,1.697043,1.697043,4.91151,0,1.505842,1.697043,24.92313,0,0,0,0.4229561,0,0,3.214467,3.053743,5.14586,5.994,3.4767,0,3.4767,12.41652,88.68928,0.2141784,1.866747,0.3383649,5,6.416956
1/28/2007 8:00:00 AM,0.2652841,20.96071,-65.79119,65.58099,0.2867259,1.286826,1.896457,1.896457,0,0,0,1.896457,67.85419,0,0,0,1.286826,1.996271,1.896457,0,0,1.669161,9.12303,0,0.7094451,-0.7094451,11.6687,83.34771,0.2141784,2.086103,1.029461,0,10.40986
1/28/2007 9:00:00 AM,0.5280818,34.16175,-59.87679,51.7014,0.5745196,2.578444,3.699731,3.33,0,-1,0,3.33,77.43075,0,0.3697309,0.739704,2.578444,3.505263,3.33,0,0,2.457433,8.413585,0,0.9268193,-0.9268193,10.69175,76.36948,0.2141784,4.069704,2.062755,0,10.99203
1/28/2007 10:00:00 AM,0.7604692,46.35471,-50.28735,38.38248,0.8198969,3.679698,0,0,0,0,0,0,0,0.1924653,0,0,3.679698,0,0,0,0,3.487232,7.486765,3.487232,0,3.487232,14.00003,100,0.2120399,0,2.943758,0,11.16646
1/28/2007 11:00:00 AM,0.5543412,56.40479,-34.07115,26.54387,0.5688505,2.553001,3.627592,3.627592,1.25,0,0.50625,3.627592,70.3773,0.05027274,0,0,2.553001,2.502728,2.377592,0,0,0,10.62527,0,0,0,14.00003,100,0.2120399,3.990351,2.042401,5,13.17828
1/28/2007 12:00:00 PM,0.8017207,61.89706,-8.288369,19.20592,0.8474602,3.803401,2.148449,2.148449,0,0,0,2.148449,177.0301,1.541875,0,0,3.803401,2.261526,2.148449,0,0,0,10.62527,0,0,0,14.00003,100,0.2120399,2.363294,3.042721,0,14.42868
1/28/2007 1:00:00 PM,0.7719921,60.19056,21.08016,21.60524,0.8150971,3.658156,0,0,0,0,0,0,0,3.658156,0,0,3.658156,0,0,0,0,0,10.62527,0,0,0,14.00003,100,0.2120399,0,2.926525,0,14.28343
1/28/2007 2:00:00 PM,0.7580477,52.2503,42.46384,31.59324,0.8089824,3.630713,0.1254983,0.1254983,0,-1,0,0.1254983,2893.038,3.498609,0,0,3.630713,0.1321034,0.1254983,0,0,0,10.62527,0,0,0,14.00003,100,0.2120399,0.1380481,2.90457,0,14.25599
1/28/2007 3:00:00 PM,0.4647444,41.02415,55.22283,44.29181,0.4834358,2.16966,0.4968783,0.4968783,0,-1,0,0.4968783,436.6582,1.64663,0,0,2.16966,0.5230298,0.4968783,0,0,0,10.62527,0,0,0,14.00003,100,0.2120399,0.5465661,1.735728,0,12.79493
1/28/2007 4:00:00 PM,0.2445617,28.2871,62.88428,57.92546,0.2481668,1.113772,2.192574,2.192574,0,-1,0,2.192574,50.79749,0,0,0,1.113772,2.307972,2.192574,0,0,0,10.62527,0,1.1942,-1.1942,12.74123,91.00861,0.2120399,2.411831,0.8910179,0,11.73905
1/28/2007 5:00:00 PM,0.1778999,14.81314,67.70719,71.93659,0.1943025,0.8720297,2.854623,2.854623,0,-1,0,2.854623,30.54798,0,0,0,0.8720297,3.004867,2.854623,0,0,1.326889,9.431074,0,2.132837,-2.132837,10.49302,74.95001,0.2120399,3.140086,0.6976238,0,10.3031
1/28/2007 6:00:00 PM,0.03356327,0.9500744,70.80168,86.10136,0.1091139,0.489703,0,0,0,-1,0,0,0,0,0,0,0.489703,0,0,0,0,3.696708,7.298237,0.489703,0,0.489703,10.9576,78.26839,0.211743,0,0.3917624,0,7.78794
1/28/2007 7:00:00 PM,0,0,72.66776,90,0,0,0,0,0,-1,0,0,0,0,0,0,0,0,0,0,0,3.207005,7.73897,0,0,0,10.9576,78.26839,0.211743,0,0,0,7.73897
1/28/2007 8:00:00 PM,0,0,73.43265,90,0,0,8.702522,3.33,0,-1,0,3.33,0,0,5.372522,6.242774,0,3.505263,3.33,0,0,3.207005,7.73897,0,3.505263,-3.505263,7.262724,51.8765,0.211743,9.572774,0,0,7.73897
1/28/2007 9:00:00 PM,0,0,72.83748,90,0,0,0,0,0,-1,0,0,0,0,0,0,0,0,0,0,0,7.101742,4.233707,0,0,0,7.262724,51.8765,0.211743,0,0,0,4.233707
1/28/2007 10:00:00 PM,0,0,69.80312,90,0,0,0.5780004,0.5780004,0,-1,0,0.5780004,0,0,1.110223E-16,0,0,0.6084215,0.5780004,0,0,7.101742,4.233707,0,0.6084215,-0.6084215,6.621392,47.29556,0.211743,0.6358005,0,0,4.233707
1/28/2007 11:00:00 PM,0,0,60.13963,90,0,0,0.07010887,0.07010887,0,-1,0,0.07010887,0,0,1.387779E-17,0,0,0.07379881,0.07010887,0,0,7.777765,3.625285,0,0.07379881,-0.07379881,6.543601,46.73991,0.211743,0.07711976,0,0,3.625285
1/29/2007 12:00:00 AM,0,0,22.55146,90,0,0,0,0,0,-1,0,0,0,0,0,0,0,0,0,0,0,7.859764,3.551486,0,0,0,6.543601,46.73991,0.211743,0,0,0,3.551486
1/29/2007 1:00:00 AM,0,0,-46.64096,90,0,0,1.169369,1.169369,0,-1,0,1.169369,0,0,2.220446E-16,0,0,1.230915,1.169369,0,0,7.859764,3.551486,0,1.230915,-1.230915,5.246103,37.47209,0.211743,1.286306,0,0,3.551486
1/29/2007 2:00:00 AM,0,0,-66.4053,90,0,0,0.8534803,0.8534803,0,-1,0,0.8534803,0,0,1.110223E-16,0,0,0.8984003,0.8534803,0,0,9.227448,2.320571,0,0.8984003,-0.8984003,4.299106,30.70784,0.211743,0.9388283,0,0,2.320571
1/29/2007 3:00:00 AM,0,0,-71.97222,90,0,0,0.4070009,0.4070009,0,-1,0,0.4070009,0,0,0,0,0,0.428422,0.4070009,0,0,10.22567,1.422171,0,0.428422,-0.428422,3.847509,27.48215,0.211743,0.4477009,0,0,1.422171
1/29/2007 4:00:00 AM,0,0,-73.61008,90,0,0,0,0,0,-1,0,0,0,0,0,0,0,0,0,0,0,10.70169,0.9937493,0,0,0,3.847509,27.48215,0.211743,0,0,0,0.9937493
1/29/2007 5:00:00 AM,0,0,-73.49306,90,0,0,0,0,0,0,0,0,0,0,0,0,0,0,0,0,0,10.70169,0.9937493,0,0,0,3.847509,27.48215,0.211743,0,0,0,0.9937493
1/29/2007 6:00:00 AM,0.00003206067,0,-72.2122,90,0,0,1.367245,1.367245,4.872508,0,1.495195,1.367245,0,0,0,0,0,0,0,3.505263,3.33,10.70169,0.9937493,3.33,0,3.33,7.006625,50.04722,0.2127574,1.50397,0,5,0.9937493
1/29/2007 7:00:00 AM,0.06576223,7.244153,-69.82824,79.73294,0.0699055,0.3137359,5.361923,5.361923,5,0,1.53,5.361923,5.851182,4.996004E-16,0,0,0.3137359,0.3809718,0.3619232,0,0,7.371695,3.990749,0,0.0672359,-0.0672359,6.935752,49.54099,0.2127574,5.898116,0.2509887,5,4.304485
1/29/2007 8:00:00 AM,0.1360599,20.98533,-66.05751,65.59583,0.1363484,0.6119314,1.452076,1.452076,4.685295,0,1.444086,1.452076,42.14183,0,0,0,0.6119314,0,0,3.233219,3.071558,7.446401,3.923513,3.683489,0,3.683489,10.43022,74.5014,0.2134815,1.597284,0.4895451,5,4.535445
1/29/2007 9:00:00 AM,0.5607218,34.21895,-60.17088,51.68723,0.6126131,2.749408,0,0,0,-1,0,0,0,0,0,0,2.749408,0,0,0,0,3.762912,7.238654,2.749408,0,2.749408,13.03853,93.1322,0.2118489,0,2.199526,0,9.988062
1/29/2007 10:00:00 AM,0.5882584,46.45752,-50.61766,38.32608,0.619623,2.780868,0,0,0,0,0,0,0,1.767365,0,0,2.780868,0,0,0,0,1.013504,9.713121,1.013504,0,1.013504,14.00003,100,0.2112534,0,2.224694,0,12.49399
1/29/2007 11:00:00 AM,0.637594,56.57161,-34.40814,26.41722,0.6633977,2.977329,1.231613,1.231613,0,0,0,1.231613,241.7423,1.680894,0,0,2.977329,1.296435,1.231613,0,0,0,10.62527,0,0,0,14.00003,100,0.2112534,1.354774,2.381863,0,13.6026
1/29/2007 12:00:00 PM,0.5063317,62.13044,-8.478762,18.97937,0.5127724,2.301323,0,0,0,0,0,0,0,2.301323,0,0,2.301323,0,0,0,0,0,10.62527,0,0,0,14.00003,100,0.2112534,0,1.841058,0,12.9266
1/29/2007 1:00:00 PM,0.6199638,60.43676,21.16658,21.3686,0.6395961,2.870507,0.2135134,0.2135134,0,0,0,0.2135134,1344.416,2.645756,0,0,2.870507,0.2247509,0.2135134,0,0,0,10.62527,0,0,0,14.00003,100,0.2112534,0.2348647,2.296406,0,13.49578
1/29/2007 2:00:00 PM,0.4688495,52.46071,42.68457,31.41462,0.4766263,2.139099,1.392526,1.392526,0,-1,0,1.392526,153.6129,0.6732824,0,0,2.139099,1.465817,1.392526,0,0,0,10.62527,0,0,0,14.00003,100,0.2112534,1.531778,1.711279,0,12.76437
1/29/2007 3:00:00 PM,0.4870149,41.1951,55.46474,44.15757,0.5090923,2.284806,5.235926,3.33,0,-1,0,3.33,68.61279,0,1.905926,2.429518,2.284806,3.505263,3.33,0,0,0,10.62527,0,1.220457,-1.220457,12.71355,90.81091,0.2112534,5.759519,1.827845,0,12.91008
1/29/2007 4:00:00 PM,0.2016347,28.42663,63.11985,57.82209,0.2023661,0.9082189,2.131873,2.131873,0,-1,0,2.131873,42.60193,0,0,0,0.9082189,2.244077,2.131873,0,0,1.356063,9.404817,0,1.335858,-1.335858,11.30544,80.75295,0.2112534,2.34506,0.7265751,0,10.31304
1/29/2007 5:00:00 PM,0.1438232,14.92786,67.93688,71.85718,0.1496285,0.6715328,3.630423,3.33,0,-1,0,3.33,20.16615,0,0.3004232,0.6634655,0.6715328,3.505263,3.33,0,0,2.84035,8.068959,0,2.83373,-2.83373,8.318421,59.41718,0.2112534,3.993465,0.5372262,0,8.740492
1/29/2007 6:00:00 PM,0.04023033,1.043973,71.03329,86.04295,0.1409072,0.6323915,5.560772,3.33,0,-1,0,3.33,18.99074,0,2.230772,2.786849,0.6323915,3.505263,3.33,0,0,5.988939,5.235229,0,2.872872,-2.872872,5.290149,37.7867,0.2112534,6.116849,0.5059132,0,5.86762
1/29/2007 7:00:00 PM,0,0,72.91252,90,0,0,3.744931,2.244239,0,-1,0,2.244239,0,0,1.500692,1.875185,0,2.362357,2.244239,0,0,9.181019,2.362357,0,2.362357,-2.362357,2.800006,20,0.2112534,4.119424,0,0,2.362357
1/29/2007 8:00:00 PM,0,0,73.70671,90,0,0,1.184012,0,0,-1,0,0,0,0,1.184012,1.302414,0,0,0,0,0,11.80586,0,0,0,0,2.800006,20,0.2112534,1.302414,0,0,0
1/29/2007 9:00:00 PM,0,0,73.16796,90,0,0,3.874125,0,0,-1,0,0,0,0,3.874125,4.261537,0,0,0,0,0,11.80586,0,0,0,0,2.800006,20,0.2112534,4.261537,0,0,0
1/29/2007 10:00:00 PM,0,0,70.2448,90,0,0,1.138884,0,0,-1,0,0,0,0,1.138884,1.252772,0,0,0,0,0,11.80586,0,0,0,0,2.800006,20,0.2112534,1.252772,0,0,0
1/29/2007 11:00:00 PM,0,0,60.82257,90,0,0,0.2979695,0,0,-1,0,0,0,0,0.2979695,0.3277665,0,0,0,0,0,11.80586,0,0,0,0,2.800006,20,0.2112534,0.3277665,0,0,0
1/30/2007 12:00:00 AM,0,0,23.37848,90,0,0,1.321444,0,0,-1,0,0,0,0,1.321444,1.453588,0,0,0,0,0,11.80586,0,0,0,0,2.800006,20,0.2112534,1.453588,0,0,0
1/30/2007 1:00:00 AM,0,0,-47.28848,90,0,0,0.9769382,0,0,-1,0,0,0,0,0.9769382,1.074632,0,0,0,0,0,11.80586,0,0,0,0,2.800006,20,0.2112534,1.074632,0,0,0
1/30/2007 2:00:00 AM,0,0,-66.90322,90,0,0,1.059712,0,0,-1,0,0,0,0,1.059712,1.165683,0,0,0,0,0,11.80586,0,0,0,0,2.800006,20,0.2112534,1.165683,0,0,0
1/30/2007 3:00:00 AM,0,0,-72.34185,90,0,0,0.2451387,0,0,-1,0,0,0,0,0.2451387,0.2696525,0,0,0,0,0,11.80586,0,0,0,0,2.800006,20,0.2112534,0.2696525,0,0,0
1/30/2007 4:00:00 AM,0,0,-73.91347,90,0,0,1.461246,0,0,-1,0,0,0,0,1.461246,1.607371,0,0,0,0,0,11.80586,0,0,0,0,2.800006,20,0.2112534,1.607371,0,0,0
1/30/2007 5:00:00 AM,0,0,-73.76279,90,0,0,1.103691,1.103691,4.608954,0,1.423244,1.103691,0,0,0,0,0,0,0,3.505263,3.33,11.80586,0,3.33,0,3.33,5.959121,42.56506,0.2121202,1.21406,0,5,0
1/30/2007 6:00:00 AM,0.00004754242,0,-72.46806,90,0,0,1.192629,1.192629,4.697892,0,1.447525,1.192629,0,0,0,0,0,0,0,3.505263,3.33,8.475861,2.997,3.33,0,3.33,9.118237,65.13013,0.2130448,1.311892,0,5,2.997
1/30/2007 7:00:00 AM,0.1285824,7.247388,-70.08497,79.76791,0.1765836,0.792507,5.755092,5.755092,5,0,1.53,5.755092,13.77054,0,8.881784E-16,0,0.792507,0.7948333,0.7550916,0,0,5.14586,5.994,0,0.002326294,-0.002326294,9.115785,65.11262,0.2130448,6.330601,0.6340056,5,6.786507
1/30/2007 8:00:00 AM,0.3368618,21.0138,-66.32861,65.60763,0.3801128,1.705946,3.552714,3.552714,5,0,1.53,3.552714,48.01812,0,0,0,1.705946,0,0,1.447286,1.374922,5.148445,5.991673,3.080868,0,3.080868,12.03855,85.98949,0.2137855,3.907986,1.364757,5,7.69762
1/30/2007 9:00:00 AM,0.6717126,34.28025,-60.46995,51.66984,0.7370312,3.307796,4.263965,3.33,0,-1,0,3.33,99.33321,0,0.9339644,1.360361,3.307796,3.505263,3.33,0,0,2.067577,8.764455,0,0.197467,-0.197467,11.8304,84.50272,0.2137855,4.690361,2.646237,0,12.07225
1/30/2007 10:00:00 AM,0.9365512,46.5648,-50.95332,38.26622,1.010674,4.535906,0.486974,0.486974,0,0,0,0.486974,931.4473,1.736317,0,0,4.535906,0.5126042,0.486974,0,0,2.286985,8.566988,2.286985,0,2.286985,14.00003,100,0.2124731,0.5356714,3.628725,0,13.10289
1/30/2007 11:00:00 AM,0.9515564,56.74355,-34.75002,26.2865,1.017482,4.566461,0,0,0,0,0,0,0,4.566461,0,0,4.566461,0,0,0,0,0,10.62527,0,0,0,14.00003,100,0.2124731,0,3.653169,0,15.19174
1/30/2007 12:00:00 PM,0.8874225,62.36938,-8.668148,18.74743,0.943038,4.232355,4.033987,4.033987,1.25,0,0.50625,4.033987,104.9174,1.301842,0,0,4.232355,2.930513,2.783987,0,0,0,10.62527,0,0,0,14.00003,100,0.2124731,4.437386,3.385884,5,14.85763
1/30/2007 1:00:00 PM,0.8133017,60.68695,21.2637,21.12899,0.8609897,3.864122,4.372108,4.372108,1.25,0,0.50625,4.372108,88.38122,0.5776928,0,0,3.864122,3.286429,3.122108,0,0,0,10.62527,0,0,0,14.00003,100,0.2124731,4.809319,3.091297,5,14.4894
1/30/2007 2:00:00 PM,0.7355546,52.67264,42.91699,31.23619,0.7815464,3.507581,0,0,0,-1,0,0,0,3.507581,0,0,3.507581,0,0,0,0,0,10.62527,0,0,0,14.00003,100,0.2124731,0,2.806064,0,14.13285
1/30/2007 3:00:00 PM,0.7145507,41.366,55.71605,44.02481,0.7742516,3.474841,3.369161,3.33,0,-1,0,3.33,104.3496,0,0.03916087,0.3760769,3.474841,3.505263,3.33,0,0,0,10.62527,0,0.03042213,-0.03042213,13.96796,99.77094,0.2124731,3.706077,2.779873,0,14.10011
1/30/2007 4:00:00 PM,0.5112054,28.56523,63.363,57.72081,0.5675493,2.547161,3.866764,3.33,0,-1,0,3.33,76.49133,0,0.5367637,0.92344,2.547161,3.505263,3.33,0,0,0.03380236,10.59485,0,0.9581017,-0.9581017,12.95803,92.55719,0.2124731,4.25344,2.037729,0,13.14201
1/30/2007 5:00:00 PM,0.2721847,15.04114,68.17303,71.7802,0.3241418,1.454749,7.17624,3.33,0,-1,0,3.33,43.68614,0,3.84624,4.563864,1.454749,3.505263,3.33,0,0,1.09836,9.63675,0,2.050515,-2.050515,10.7966,77.11842,0.2124731,7.893864,1.163799,0,11.0915
1/30/2007 6:00:00 PM,0.03424981,1.136106,71.27079,85.9872,0.09384548,0.4211785,5.956845,3.33,0,-1,0,3.33,12.648,0,2.626845,3.222529,0.4211785,3.505263,3.33,0,0,3.376709,7.586236,0,3.084085,-3.084085,7.54569,53.89767,0.2124731,6.552529,0.3369428,0,8.007414
1/30/2007 7:00:00 PM,0,0,73.16299,90,0,0,5.407467,3.33,0,-1,0,3.33,0,0,2.077467,2.618214,0,3.505263,3.33,0,0,6.80347,4.502151,0,3.505263,-3.505263,3.850818,27.50579,0.2124731,5.948214,0,0,4.502151
1/30/2007 8:00:00 PM,0,0,73.98672,90,0,0,13.08364,0.9470435,0,-1,0,0.9470435,0,0,12.13659,13.44496,0,0.9968879,0.9470435,0,0,10.69821,0.9968879,0,0.9968879,-0.9968879,2.800006,20,0.2124731,14.392,0,0,0.9968879
1/30/2007 9:00:00 PM,0,0,73.50512,90,0,0,0,0,0,-1,0,0,0,0,0,0,0,0,0,0,0,11.80586,0,0,0,0,2.800006,20,0.2124731,0,0,0,0
1/30/2007 10:00:00 PM,0,0,70.69498,90,0,0,0.6664281,0,0,-1,0,0,0,0,0.6664281,0.7330709,0,0,0,0,0,11.80586,0,0,0,0,2.800006,20,0.2124731,0.7330709,0,0,0
1/30/2007 11:00:00 PM,0,0,61.51984,90,0,0,0.5745094,0,0,-1,0,0,0,0,0.5745094,0.6319603,0,0,0,0,0,11.80586,0,0,0,0,2.800006,20,0.2124731,0.6319603,0,0,0
1/31/2007 12:00:00 AM,0,0,24.23837,90,0,0,0,0,0,-1,0,0,0,0,0,0,0,0,0,0,0,11.80586,0,0,0,0,2.800006,20,0.2124731,0,0,0,0
1/31/2007 1:00:00 AM,0,0,-47.97924,90,0,0,0.8711263,0,0,-1,0,0,0,0,0.8711263,0.9582389,0,0,0,0,0,11.80586,0,0,0,0,2.800006,20,0.2124731,0.9582389,0,0,0
1/31/2007 2:00:00 AM,0,0,-67.41869,90,0,0,1.011261,0,0,-1,0,0,0,0,1.011261,1.112387,0,0,0,0,0,11.80586,0,0,0,0,2.800006,20,0.2124731,1.112387,0,0,0
1/31/2007 3:00:00 AM,0,0,-72.72152,90,0,0,0.9558448,0,0,-1,0,0,0,0,0.9558448,1.051429,0,0,0,0,0,11.80586,0,0,0,0,2.800006,20,0.2124731,1.051429,0,0,0
1/31/2007 4:00:00 AM,0,0,-74.22401,90,0,0,0,0,0,-1,0,0,0,0,0,0,0,0,0,0,0,11.80586,0,0,0,0,2.800006,20,0.2124731,0,0,0,0
1/31/2007 5:00:00 AM,0,0,-74.0383,90,0,0,2.164391,2.164391,5,0,1.53,2.164391,0,0,0,0,0,0,0,2.835609,2.693829,11.80586,0,2.693829,0,2.693829,5.355596,38.25418,0.21324,2.38083,0,5,0
1/31/2007 6:00:00 AM,0.0000518546,0,-72.72897,90,0,0,0.7677482,0.7677482,4.273011,0,1.331532,0.7677482,0,0,0,0,0,0,0,3.505263,3.33,9.112031,2.424446,3.33,0,3.33,8.514711,60.81925,0.2137865,0.844523,0,5,2.424446
1/31/2007 7:00:00 AM,0.1501322,7.254317,-70.34645,79.8,0.2077854,0.932541,3.75463,3.75463,5,0,1.53,3.75463,24.83709,0,0,0,0.932541,0,0,1.24537,1.183101,5.782031,5.421446,2.115642,0,2.115642,10.52179,75.15546,0.2142966,4.130093,0.7460328,5,6.353987
1/31/2007 8:00:00 AM,0.3647418,21.04612,-66.60445,65.6164,0.4146853,1.861107,2.284558,2.284558,3.999575,0,1.256884,2.284558,81.46468,0,0,0,1.861107,0,0,1.715017,1.629266,3.666389,7.325524,3.490374,0,3.490374,13.83305,98.80727,0.2145206,2.513013,1.488886,5,9.186632
1/31/2007 9:00:00 AM,0.540646,34.34562,-60.77398,51.64927,0.587503,2.636714,3.759962,3.33,0,-1,0,3.33,79.18058,0,0.4299616,0.8059577,2.636714,3.505263,3.33,0,0,0.1760149,10.46686,0,0.8685497,-0.8685497,12.91751,92.26777,0.2145206,4.135958,2.109371,0,13.10357
1/31/2007 10:00:00 AM,0.8114741,46.67652,-51.29432,38.20295,0.873695,3.921143,1.257999,1.257999,0,0,0,1.257999,311.697,1.455864,0,0,3.921143,1.324209,1.257999,0,0,1.14107,9.598311,1.14107,0,1.14107,14.00003,100,0.2138853,1.383798,3.136915,0,13.51945
1/31/2007 11:00:00 AM,0.6718167,56.92053,-35.09687,26.15182,0.701922,3.150226,3.805468,3.805468,1.25,0,0.50625,3.805468,82.78156,0.4602597,0,0,3.150226,2.689966,2.555468,0,0,0,10.62527,0,0,0,14.00003,100,0.2138853,4.186015,2.520181,5,13.7755
1/31/2007 12:00:00 PM,0.7665166,62.61385,-8.856498,18.51016,0.8050399,3.613019,2.350312,2.350312,0,0,0,2.350312,153.7251,1.139007,0,0,3.613019,2.474012,2.350312,0,0,0,10.62527,0,0,0,14.00003,100,0.2138853,2.585343,2.890415,0,14.23829
1/31/2007 1:00:00 PM,0.7525207,60.94102,21.37184,20.88655,0.7906249,3.548325,1.502222,1.502222,0,0,0,1.502222,236.2051,1.967039,0,0,3.548325,1.581286,1.502222,0,0,0,10.62527,0,0,0,14.00003,100,0.2138853,1.652444,2.83866,0,14.1736
1/31/2007 2:00:00 PM,0.7363148,52.88594,43.16127,31.05812,0.7816325,3.507967,0.06285854,0.06285854,0,-1,0,0.06285854,5580.732,3.4418,0,0,3.507967,0.06616688,0.06285854,0,0,0,10.62527,0,0,0,14.00003,100,0.2138853,0.06914439,2.806373,0,14.13324
1/31/2007 3:00:00 PM,0.4928137,41.53671,55.97679,43.89369,0.5148582,2.310684,4.02916,3.33,0,-1,0,3.33,69.3899,0,0.6991597,1.102076,2.310684,3.505263,3.33,0,0,0,10.62527,0,1.194579,-1.194579,12.74083,91.00575,0.2138853,4.432076,1.848547,0,12.93596
1/31/2007 4:00:00 PM,0.4024178,28.7028,63.61367,57.62173,0.4347633,1.951218,2.667774,2.667774,0,-1,0,2.667774,73.14027,0,0,0,1.951218,2.808184,2.667774,0,0,1.327311,9.430695,0,0.856966,-0.856966,11.83751,84.55347,0.2138853,2.934552,1.560974,0,11.38191
1/31/2007 5:00:00 PM,0.2135799,15.15289,68.4156,71.70573,0.2420971,1.086532,3.954647,3.33,0,-1,0,3.33,32.62858,0,0.6246465,1.020111,1.086532,3.505263,3.33,0,0,2.279495,8.573729,0,2.418731,-2.418731,9.287943,66.34232,0.2138853,4.350111,0.8692254,0,9.66026
1/31/2007 6:00:00 PM,0.02799384,1.226414,71.51411,85.93419,0.05262106,0.2361633,0,0,0,-1,0,0,0,0,0,0,0.2361633,0,0,0,0,4.966974,6.154997,0.2361633,0,0.2361633,9.511987,67.94263,0.2137543,0,0.1889306,0,6.39116
1/31/2007 7:00:00 PM,0,0,73.41911,90,0,0,6.585712,3.33,0,-1,0,3.33,0,0,3.255712,3.914283,0,3.505263,3.33,0,0,4.730811,6.367544,0,3.505263,-3.505263,5.817115,41.55074,0.2137543,7.244283,0,0,6.367544
1/31/2007 8:00:00 PM,0,0,74.27258,90,0,0,5.412733,2.719167,0,-1,0,2.719167,0,0,2.693566,3.234839,0,2.862281,2.719167,0,0,8.625547,2.862281,0,2.862281,-2.862281,2.800006,20,0.2137543,5.954007,0,0,2.862281
1/31/2007 9:00:00 PM,0,0,73.84889,90,0,0,5.745717,0,0,-1,0,0,0,0,5.745717,6.320289,0,0,0,0,0,11.80586,0,0,0,0,2.800006,20,0.2137543,6.320289,0,0,0
1/31/2007 10:00:00 PM,0,0,71.15363,90,0,0,1.923173,0,0,-1,0,0,0,0,1.923173,2.11549,0,0,0,0,0,11.80586,0,0,0,0,2.800006,20,0.2137543,2.11549,0,0,0
1/31/2007 11:00:00 PM,0,0,62.23158,90,0,0,0.1514346,0,0,-1,0,0,0,0,0.1514346,0.1665781,0,0,0,0,0,11.80586,0,0,0,0,2.800006,20,0.2137543,0.1665781,0,0,0
2/1/2007 12:00:00 AM,0,0,25.13406,90,0,0,1.095316,0,0,-1,0,0,0,0,1.095316,1.204847,0,0,0,0,0,11.80586,0,0,0,0,2.800006,20,0.2137543,1.204847,0,0,0
2/1/2007 1:00:00 AM,0,0,-48.71504,90,0,0,2.392246,0,0,-1,0,0,0,0,2.392246,2.63147,0,0,0,0,0,11.80586,0,0,0,0,2.800006,20,0.2137543,2.63147,0,0,0
2/1/2007 2:00:00 AM,0,0,-67.95166,90,0,0,0.1850075,0,0,-1,0,0,0,0,0.1850075,0.2035082,0,0,0,0,0,11.80586,0,0,0,0,2.800006,20,0.2137543,0.2035082,0,0,0
2/1/2007 3:00:00 AM,0,0,-73.11111,90,0,0,0.7331417,0,0,-1,0,0,0,0,0.7331417,0.8064559,0,0,0,0,0,11.80586,0,0,0,0,2.800006,20,0.2137543,0.8064559,0,0,0
2/1/2007 4:00:00 AM,0,0,-74.54158,90,0,0,1.030961,0,0,-1,0,0,0,0,1.030961,1.134058,0,0,0,0,0,11.80586,0,0,0,0,2.800006,20,0.2137543,1.134058,0,0,0
2/1/2007 5:00:00 AM,0,0,-74.31948,90,0,0,1.883172,1.883172,5,0,1.53,1.883172,0,0,0,0,0,0,0,3.116828,2.960986,11.80586,0,2.960986,0,2.960986,5.609044,40.06452,0.2145587,2.07149,0,5,0
2/1/2007 6:00:00 AM,0.00003553395,0,-72.99487,90,0,0,1.043906,1.043906,4.54917,0,1.406923,1.043906,0,0,0,0,0,0,0,3.505263,3.33,8.844873,2.664888,3.33,0,3.33,8.768159,62.62959,0.2152892,1.148297,0,5,2.664888
2/1/2007 7:00:00 AM,0.1103405,7.264958,-70.61262,79.82917,0.1435139,0.6440904,3.922652,3.922652,5,0,1.53,3.922652,16.41977,0,0,0,0.6440904,0,0,1.077348,1.02348,5.514874,5.661888,1.667571,0,1.667571,10.35016,73.92953,0.215679,4.314918,0.5152723,5,6.305978
2/1/2007 8:00:00 AM,0.3238578,21.08228,-66.88496,65.62215,0.3619497,1.62443,1.150333,1.150333,3.490199,0,1.117824,1.150333,141.2139,0,0,0,1.62443,0,0,2.339866,2.222873,3.847303,7.162701,3.847303,0,3.847303,14.00003,100,0.2153009,1.265366,1.299544,5,8.787131
2/1/2007 9:00:00 AM,0.565118,34.41503,-61.08291,51.62554,0.6155334,2.762514,0,0,0,-1,0,0,0,2.762514,0,0,2.762514,0,0,0,0,0,10.62527,0,0,0,14.00003,100,0.2153009,0,2.210011,0,13.38779
2/1/2007 10:00:00 AM,0.8186842,46.79262,-51.64066,38.13634,0.8806742,3.952466,4.896069,4.896069,1.566069,0,0.5925367,4.896069,80.72734,0.447203,0,0,3.952466,3.505263,3.33,0,0,0,10.62527,0,0,0,14.00003,100,0.2153009,5.385675,3.161973,5,14.57774
2/1/2007 11:00:00 AM,1.002737,57.1025,-35.44879,26.01326,1.070867,4.80605,5.201673,5.201673,1.871672,0,0.6759666,5.201673,92.39433,1.300787,0,0,4.80605,3.505263,3.33,0,0,0,10.62527,0,0,0,14.00003,100,0.2153009,5.721839,3.84484,5,15.43132
2/1/2007 12:00:00 PM,1.044254,62.86379,-9.043782,18.26762,1.111801,4.989761,1.284716,1.284716,0,0,0,1.284716,388.3942,3.637429,0,0,4.989761,1.352332,1.284716,0,0,0,10.62527,0,0,0,14.00003,100,0.2153009,1.413187,3.991809,0,15.61504
2/1/2007 1:00:00 PM,1.063183,61.19887,21.49134,20.64146,1.133117,5.085431,6.410583,6.410583,3.080583,0,1.005999,6.410583,79.32867,1.580167,0,0,5.085431,3.505263,3.33,0,0,0,10.62527,0,0,0,14.00003,100,0.2153009,7.051641,4.068345,5,15.7107
2/1/2007 2:00:00 PM,0.8861578,53.10047,43.4176,30.88061,0.9482254,4.255636,3.08888,3.08888,0,-1,0,3.08888,137.7728,1.004183,0,0.06776798,4.255636,3.251453,3.08888,0,0,0,10.62527,0,0,0,14.00003,100,0.2153009,3.397768,3.404509,0,14.88091
2/1/2007 3:00:00 PM,0.6621007,41.70709,56.24698,43.76436,0.713253,3.20108,1.676376,1.676376,0,-1,0,1.676376,190.9523,1.436473,0,0,3.20108,1.764607,1.676376,0,0,0,10.62527,0,0,0,14.00003,100,0.2153009,1.844014,2.560863,0,13.82635
2/1/2007 4:00:00 PM,0.4933001,28.83922,63.87185,57.52496,0.5447332,2.444763,0.1405053,0.1405053,0,-1,0,0.1405053,1739.979,2.296863,0,0,2.444763,0.1479003,0.1405053,0,0,0,10.62527,0,0,0,14.00003,100,0.2153009,0.1545558,1.95581,0,13.07004
2/1/2007 5:00:00 PM,0.2545062,15.26304,68.66451,71.63387,0.298373,1.339098,1.37485,1.37485,0,-1,0,1.37485,97.3996,0,0,0,1.339098,1.44721,1.37485,0,0,0,10.62527,0,0.108112,-0.108112,13.88607,99.186,0.2153009,1.512335,1.071279,0,11.96437
2/1/2007 6:00:00 PM,0.03621218,1.31484,71.76318,85.88395,0.09038758,0.4056594,8.366362,3.33,0,-1,0,3.33,12.18196,0,5.036361,5.872998,0.4056594,3.505263,3.33,0,0,0.1201244,10.51716,0,3.099604,-3.099604,10.6188,75.84841,0.2153009,9.202997,0.3245276,0,10.92282
2/1/2007 7:00:00 PM,0,0,73.68079,90,0,0,3.375994,3.33,0,-1,0,3.33,0,0,0.04599364,0.383593,0,3.505263,3.33,0,0,3.564129,7.417559,0,3.505263,-3.505263,6.923927,49.45652,0.2153009,3.713593,0,0,7.417559
2/1/2007 8:00:00 PM,0,0,74.56423,90,0,0,5.441065,3.33,0,-1,0,3.33,0,0,2.111065,2.655172,0,3.505263,3.33,0,0,7.458866,3.912295,0,3.505263,-3.505263,3.229055,23.06463,0.2153009,5.985172,0,0,3.912295
2/1/2007 9:00:00 PM,0,0,74.19921,90,0,0,2.289222,0.3866805,0,-1,0,0.3866805,0,0,1.902541,2.131464,0,0.4070322,0.3866805,0,0,11.3536,0.4070322,0,0.4070322,-0.4070322,2.800006,20,0.2153009,2.518144,0,0,0.4070322
2/1/2007 10:00:00 PM,0,0,71.62068,90,0,0,1.806898,0,0,-1,0,0,0,0,1.806898,1.987588,0,0,0,0,0,11.80586,0,0,0,0,2.800006,20,0.2153009,1.987588,0,0,0
2/1/2007 11:00:00 PM,0,0,62.95797,90,0,0,1.513249,0,0,-1,0,0,0,0,1.513249,1.664574,0,0,0,0,0,11.80586,0,0,0,0,2.800006,20,0.2153009,1.664574,0,0,0
2/2/2007 12:00:00 AM,0,0,26.06882,90,0,0,1.242386,0,0,-1,0,0,0,0,1.242386,1.366625,0,0,0,0,0,11.80586,0,0,0,0,2.800006,20,0.2153009,1.366625,0,0,0
2/2/2007 1:00:00 AM,0,0,-49.49765,90,0,0,0.08946548,0,0,-1,0,0,0,0,0.08946548,0.09841202,0,0,0,0,0,11.80586,0,0,0,0,2.800006,20,0.2153009,0.09841202,0,0,0
2/2/2007 2:00:00 AM,0,0,-68.50207,90,0,0,0.7712638,0,0,-1,0,0,0,0,0.7712638,0.8483902,0,0,0,0,0,11.80586,0,0,0,0,2.800006,20,0.2153009,0.8483902,0,0,0
2/2/2007 3:00:00 AM,0,0,-73.5105,90,0,0,1.050569,0,0,-1,0,0,0,0,1.050569,1.155626,0,0,0,0,0,11.80586,0,0,0,0,2.800006,20,0.2153009,1.155626,0,0,0
2/2/2007 4:00:00 AM,0,0,-74.86607,90,0,0,0,0,0,-1,0,0,0,0,0,0,0,0,0,0,0,11.80586,0,0,0,0,2.800006,20,0.2153009,0,0,0,0
2/2/2007 5:00:00 AM,0,0,-74.60624,90,0,0,0,0,0,0,0,0,0,0,0,0,0,0,0,0,0,11.80586,0,0,0,0,2.800006,20,0.2153009,0,0,0,0
2/2/2007 6:00:00 AM,0.00001791536,0,-73.26567,90,0,0,0.4960347,0.4960347,4.001298,0,1.257354,0.4960347,0,0,0,0,0,0,0,3.505263,3.33,11.80586,0,3.33,0,3.33,5.959121,42.56506,0.2155944,0.5456381,0,5,0
2/2/2007 7:00:00 AM,0.05580896,7.279326,-70.88339,79.85541,0.05732292,0.2572652,0,0,3.505263,0,1.121937,0,0,0,0,0,0.2572652,0,0,3.505263,3.33,8.475861,2.997,3.587265,0,3.587265,9.3623,66.87344,0.2153735,0,0.2058122,5,3.254265
2/2/2007 8:00:00 AM,0.203408,21.12229,-67.17007,65.62486,0.2091997,0.9388884,5.558473,5.558473,5,0,1.53,5.558473,16.89112,0,0,0,0.9388884,0.5878658,0.5584725,0,0,4.888595,6.225539,0.3510226,0,0.3510226,9.695309,69.25207,0.2154367,6.11432,0.7511107,5,7.164427
2/2/2007 9:00:00 AM,0.2316704,34.48845,-61.39671,51.59869,0.2319552,1.041015,2.391513,2.391513,0,-1,0,2.391513,43.52956,0,0,0,1.041015,2.517382,2.391513,0,0,4.537572,6.541459,0,1.476367,-1.476367,8.139082,58.13618,0.2154367,2.630664,0.8328121,0,7.582474
2/2/2007 10:00:00 AM,0.2694962,46.91304,-51.99236,38.06645,0.2690755,1.207611,0.7465733,0.7465733,0,0,0,0.7465733,161.7538,0,0,0,1.207611,0.7858666,0.7465733,0,0,6.17798,5.065092,0.4217443,0,0.4217443,8.539184,60.99405,0.2152124,0.8212306,0.9660887,0,6.272703
2/2/2007 11:00:00 AM,0.4411735,57.2894,-35.80585,25.87094,0.444555,1.995163,4.813933,4.813933,5,0,1.53,4.813933,41.44559,-2.775558E-17,0,0,1.995163,0,0,0.1860671,0.1767638,5.756236,5.444662,2.171926,0,2.171926,10.59965,75.71166,0.215615,5.295326,1.59613,5,7.439825
2/2/2007 12:00:00 PM,0.8146428,63.11913,-9.229977,18.01987,0.8586444,3.853596,4.210925,4.210925,3.955103,0,1.244743,4.210925,91.51424,4.440892E-16,0,0,3.853596,0.2692867,0.2558224,0,0,3.584309,7.399396,3.584309,0,3.584309,14.00003,100,0.2157311,4.632018,3.082877,5,11.25299
2/2/2007 1:00:00 PM,0.5462884,61.46037,21.62255,20.39388,0.556082,2.495696,3.090384,3.090384,1.25,0,0.50625,3.090384,80.75681,0.5584494,0,0,2.495696,1.937246,1.840384,0,0,0,10.62527,0,0,0,14.00003,100,0.2157311,3.399422,1.996557,5,13.12097
2/2/2007 2:00:00 PM,0.3270783,53.31607,43.68613,30.70386,0.326981,1.467491,0,0,0,-1,0,0,0,1.467491,0,0,1.467491,0,0,0,0,0,10.62527,0,0,0,14.00003,100,0.2157311,0,1.173993,0,12.09276
2/2/2007 3:00:00 PM,0.4101861,41.87702,56.52664,43.63696,0.4192721,1.881693,1.636525,1.636525,0,-1,0,1.636525,114.981,0.1590348,0,0,1.881693,1.722658,1.636525,0,0,0,10.62527,0,0,0,14.00003,100,0.2157311,1.800178,1.505355,0,12.50697
2/2/2007 4:00:00 PM,0.3457507,28.9744,64.1375,57.43061,0.3635094,1.63143,5.647793,3.33,0,-1,0,3.33,48.9919,0,2.317793,2.882573,1.63143,3.505263,3.33,0,0,0,10.62527,0,1.873833,-1.873833,12.02483,85.8915,0.2157311,6.212573,1.305144,0,12.2567
2/2/2007 5:00:00 PM,0.2023124,15.3715,68.91972,71.56467,0.2243807,1.00702,3.047041,3.047041,0,-1,0,3.047041,33.04913,0,0,0.0217449,1.00702,3.207411,3.047041,0,0,2.082037,8.751441,0,2.200391,-2.200391,9.705419,69.32428,0.2157311,3.351745,0.8056164,0,9.758462
2/2/2007 6:00:00 PM,0.03547755,1.401329,72.01794,85.83653,0.08046202,0.3611135,0,0,0,-1,0,0,0,0,0,0,0.3611135,0,0,0,0,4.526916,6.55105,0.3611135,0,0.3611135,10.048,71.77129,0.2155417,0,0.2888908,0,6.912164
2/2/2007 7:00:00 PM,0,0,73.94799,90,0,0,4.944901,3.33,0,-1,0,3.33,0,0,1.614901,2.109391,0,3.505263,3.33,0,0,4.165802,6.876052,0,3.505263,-3.505263,6.353129,45.37941,0.2155417,5.439391,0,0,6.876052
2/2/2007 8:00:00 PM,0,0,74.8616,90,0,0,6.159895,3.20225,0,-1,0,3.20225,0,0,2.957645,3.573635,0,3.370789,3.20225,0,0,8.060538,3.370789,0,3.370789,-3.370789,2.800006,20,0.2155417,6.775885,0,0,3.370789
2/2/2007 9:00:00 PM,0,0,74.55599,90,0,0,3.046088,0,0,-1,0,0,0,0,3.046088,3.350697,0,0,0,0,0,11.80586,0,0,0,0,2.800006,20,0.2155417,3.350697,0,0,0
2/2/2007 10:00:00 PM,0,0,72.09609,90,0,0,0.6190861,0,0,-1,0,0,0,0,0.6190861,0.6809947,0,0,0,0,0,11.80586,0,0,0,0,2.800006,20,0.2155417,0.6809947,0,0,0
2/2/2007 11:00:00 PM,0,0,63.69913,90,0,0,0,0,0,-1,0,0,0,0,0,0,0,0,0,0,0,11.80586,0,0,0,0,2.800006,20,0.2155417,0,0,0,0
2/3/2007 12:00:00 AM,0,0,27.0463,90,0,0,0,0,0,-1,0,0,0,0,0,0,0,0,0,0,0,11.80586,0,0,0,0,2.800006,20,0.2155417,0,0,0,0
2/3/2007 1:00:00 AM,0,0,-50.32888,90,0,0,1.298273,0,0,-1,0,0,0,0,1.298273,1.4281,0,0,0,0,0,11.80586,0,0,0,0,2.800006,20,0.2155417,1.4281,0,0,0
2/3/2007 2:00:00 AM,0,0,-69.06983,90,0,0,0.1241836,0,0,-1,0,0,0,0,0.1241836,0.136602,0,0,0,0,0,11.80586,0,0,0,0,2.800006,20,0.2155417,0.136602,0,0,0
2/3/2007 3:00:00 AM,0,0,-73.91954,90,0,0,0.2795232,0,0,-1,0,0,0,0,0.2795232,0.3074755,0,0,0,0,0,11.80586,0,0,0,0,2.800006,20,0.2155417,0.3074755,0,0,0
2/3/2007 4:00:00 AM,0,0,-75.19738,90,0,0,0.4277721,0,0,-1,0,0,0,0,0.4277721,0.4705493,0,0,0,0,0,11.80586,0,0,0,0,2.800006,20,0.2155417,0.4705493,0,0,0
2/3/2007 5:00:00 AM,0,0,-74.89846,90,0,0,0,0,0,0,0,0,0,0,0,0,0,0,0,0,0,11.80586,0,0,0,0,2.800006,20,0.2155417,0,0,0,0
2/3/2007 6:00:00 AM,0.00004629579,0,-73.54128,90,0,0,0.4752233,0.4752233,3.980486,0,1.251673,0.4752233,0,0,0,0,0,0,0,3.505263,3.33,11.80586,0,3.33,0,3.33,5.959121,42.56506,0.2158082,0.5227457,0,5,0
2/3/2007 7:00:00 AM,0.126701,7.297432,-71.15869,79.87868,0.170474,0.7650875,2.257391,2.257391,5,0,1.53,2.257391,33.89255,0,0,0,0.7650875,0,0,2.742609,2.605478,8.475861,2.997,3.370566,0,3.370566,9.15672,65.40501,0.216586,2.48313,0.61207,5,3.762088
2/3/2007 8:00:00 AM,0.2622766,21.16611,-67.45971,65.62454,0.2806861,1.259719,4.526736,4.526736,5,0,1.53,4.526736,27.82843,0,0,0,1.259719,0,0,0.4732644,0.4496012,5.105294,6.030509,1.70932,0,1.70932,10.77832,76.98788,0.2169109,4.979409,1.007775,5,7.290228
2/3/2007 9:00:00 AM,0.3523093,34.56585,-61.71534,51.56874,0.3617152,1.623378,2.228761,2.228761,0,-1,0,2.228761,72.83767,0,0,0,1.623378,2.346065,2.228761,0,0,3.395974,7.568898,0,0.7226868,-0.7226868,10.01655,71.54661,0.2169109,2.451638,1.298702,0,9.192276
2/3/2007 10:00:00 AM,0.5697781,47.03772,-52.34941,37.99335,0.5954494,2.672377,0.7296661,0.7296661,0,0,0,0.7296661,366.2466,0,0,0,2.672377,0.7680696,0.7296661,0,0,4.198959,6.846211,1.904308,0,1.904308,11.82313,84.45076,0.2159309,0.8026327,2.137902,0,9.518588
2/3/2007 11:00:00 AM,0.6802242,57.48114,-36.16815,25.72494,0.709958,3.186291,1.378223,1.378223,0,0,0,1.378223,231.1884,0,0,0,3.186291,1.450761,1.378223,0,0,2.294652,8.560087,1.73553,0,1.73553,13.4696,96.21123,0.2150455,1.516045,2.549033,0,11.74638
2/3/2007 12:00:00 PM,0.6911134,63.37982,-9.415056,17.76697,0.716901,3.217452,0.5532252,0.5532252,0,0,0,0.5532252,581.5808,2.075988,0,0,3.217452,0.5823423,0.5532252,0,0,0.5591214,10.12206,0.5591214,0,0.5591214,14.00003,100,0.2147617,0.6085477,2.573961,0,13.33952
2/3/2007 1:00:00 PM,0.6481112,61.72543,21.76582,20.14399,0.6693485,3.004036,1.300835,1.300835,0,0,0,1.300835,230.9314,1.634736,0,0,3.004036,1.3693,1.300835,0,0,0,10.62527,0,0,0,14.00003,100,0.2147617,1.430918,2.403229,0,13.62931
2/3/2007 2:00:00 PM,0.5036863,53.53259,43.96704,30.52806,0.5136744,2.305371,0.9395,0.9395,0,-1,0,0.9395,245.3827,1.316423,0,0,2.305371,0.9889474,0.9395,0,0,0,10.62527,0,0,0,14.00003,100,0.2147617,1.03345,1.844296,0,12.93064
2/3/2007 3:00:00 PM,0.5136516,42.04635,56.81578,43.51163,0.537653,2.412987,0,0,0,-1,0,0,0,2.412987,0,0,2.412987,0,0,0,0,0,10.62527,0,0,0,14.00003,100,0.2147617,0,1.930389,0,13.03826
2/3/2007 4:00:00 PM,0.3001512,29.10821,64.41056,57.33878,0.3092162,1.387762,0,0,0,-1,0,0,0,1.387762,0,0,1.387762,0,0,0,0,0,10.62527,0,0,0,14.00003,100,0.2147617,0,1.11021,0,12.01304
2/3/2007 5:00:00 PM,0.1425108,15.4782,69.18115,71.49821,0.1467769,0.6587349,0,0,0,-1,0,0,0,0.6587349,0,0,0.6587349,0,0,0,0,0,10.62527,0,0,0,14.00003,100,0.2147617,0,0.5269879,0,11.28401
2/3/2007 6:00:00 PM,0.02654689,1.485828,72.27833,85.79199,0.0389227,0.1746851,0,0,0,-1,0,0,0,0.1746851,0,0,0.1746851,0,0,0,0,0,10.62527,0,0,0,14.00003,100,0.2147617,0,0.1397481,0,10.79996
2/3/2007 7:00:00 PM,0,0,74.22062,90,0,0,0,0,0,-1,0,0,0,0,0,0,0,0,0,0,0,0,10.62527,0,0,0,14.00003,100,0.2147617,0,0,0,10.62527
2/3/2007 8:00:00 PM,0,0,75.16462,90,0,0,0.77347,0.77347,0,-1,0,0.77347,0,0,1.110223E-16,0,0,0.814179,0.77347,0,0,0,10.62527,0,0.814179,-0.814179,13.14181,93.86987,0.2147617,0.850817,0,0,10.62527
2/3/2007 9:00:00 PM,0,0,74.91917,90,0,0,0.9688621,0.9688621,0,-1,0,0.9688621,0,0,1.110223E-16,0,0,1.019855,0.9688621,0,0,0.9046433,9.811095,0,1.019855,-1.019855,12.06679,86.19116,0.2147617,1.065748,0,0,9.811095
2/3/2007 10:00:00 PM,0,0,72.57982,90,0,0,0.7156484,0.7156484,0,-1,0,0.7156484,0,0,1.110223E-16,0,0,0.7533141,0.7156484,0,0,2.037815,8.791241,0,0.7533141,-0.7533141,11.27272,80.51929,0.2147617,0.7872132,0,0,8.791241
2/3/2007 11:00:00 PM,0,0,64.45523,90,0,0,0.02727303,0.02727303,0,-1,0,0.02727303,0,0,0,0,0,0.02870845,0.02727303,0,0,2.874831,8.037927,0,0.02870845,-0.02870845,11.24246,80.30315,0.2147617,0.03000033,0,0,8.037927
2/4/2007 12:00:00 AM,0,0,28.07054,90,0,0,0,0,0,-1,0,0,0,0,0,0,0,0,0,0,0,2.906729,8.009218,0,0,0,11.24246,80.30315,0.2147617,0,0,0,8.009218
2/4/2007 1:00:00 AM,0,0,-51.21054,90,0,0,0.573302,0.573302,0,-1,0,0.573302,0,0,0,0,0,0.6034758,0.573302,0,0,2.906729,8.009218,0,0.6034758,-0.6034758,10.60634,75.75945,0.2147617,0.6306322,0,0,8.009218
2/4/2007 2:00:00 AM,0,0,-69.65482,90,0,0,0.4397779,0.4397779,0,-1,0,0.4397779,0,0,5.551115E-17,0,0,0.4629241,0.4397779,0,0,3.577258,7.405742,0,0.4629241,-0.4629241,10.11838,72.27399,0.2147617,0.4837557,0,0,7.405742
2/4/2007 3:00:00 AM,0,0,-74.33807,90,0,0,0.6194005,0.6194005,0,-1,0,0.6194005,0,0,1.110223E-16,0,0,0.6520005,0.6194005,0,0,4.091618,6.942818,0,0.6520005,-0.6520005,9.431109,67.36493,0.2147617,0.6813406,0,0,6.942818
2/4/2007 4:00:00 AM,0,0,-75.53536,90,0,0,0.298108,0.298108,0,-1,0,0.298108,0,0,0,0,0,0.3137979,0.298108,0,0,4.816063,6.290817,0,0.3137979,-0.3137979,9.100337,65.00228,0.2147617,0.3279188,0,0,6.290817
2/4/2007 5:00:00 AM,0,0,-75.19606,90,0,0,1.076319,1.076319,0,0,0,1.076319,0,0,0,0,0,1.132968,1.076319,0,0,5.164727,5.977019,0,1.132968,-1.132968,7.906085,56.47192,0.2147617,1.183951,0,0,5.977019
2/4/2007 6:00:00 AM,0.00004258638,0,-73.82161,90,0,0,2.360378,2.360378,0,0,0,2.360378,0,0,0,0,0,2.484608,2.360378,0,0,6.423581,4.844052,0,2.484608,-2.484608,5.287077,37.76476,0.2147617,2.596415,0,0,4.844052
2/4/2007 7:00:00 AM,0.09190298,7.319284,-71.43845,79.89899,0.108859,0.488559,2.925408,2.925408,5,0,1.53,2.925408,16.70054,0,0,0,0.488559,0,0,2.074592,1.970862,9.184257,2.359444,2.459421,0,2.459421,7.620289,54.43053,0.2153292,3.217949,0.3908472,5,2.848003
2/4/2007 8:00:00 AM,0.2989962,21.21375,-67.75383,65.62122,0.3276564,1.470522,3.049104,3.049104,5,0,1.53,3.049104,48.228,-2.220446E-16,0,0,1.470522,0,0,1.950896,1.853351,6.724835,4.572923,3.323873,0,3.323873,10.77359,76.95408,0.2160271,3.354014,1.176417,5,6.043445
2/4/2007 9:00:00 AM,0.4570343,34.64719,-62.03876,51.53575,0.4844589,2.174252,3.910566,3.33,0,-1,0,3.33,65.29285,0,0.5805662,0.9716228,2.174252,3.505263,3.33,0,0,3.400962,7.564409,0,1.331011,-1.331011,9.370584,66.9326,0.2160271,4.301623,1.739401,0,9.73866
2/4/2007 10:00:00 AM,0.5275308,47.16661,-52.71184,37.91711,0.5461602,2.451167,0,0,0,0,0,0,0,0,0,0,2.451167,0,0,0,0,4.879863,6.233397,2.451167,0,2.451167,11.69596,83.54243,0.2148015,0,1.960934,0,8.684565
2/4/2007 11:00:00 AM,0.8964061,57.67766,-36.53582,25.57539,0.9535621,4.279587,2.32911,2.32911,0,0,0,2.32911,183.7434,0,0,0,4.279587,2.451694,2.32911,0,0,2.428696,8.439447,1.827892,0,1.827892,13.43005,95.92877,0.2138965,2.562021,3.423669,0,12.71903
2/4/2007 12:00:00 PM,0.9609523,63.6458,-9.598999,17.50899,1.019679,4.576321,0,0,0,0,0,0,0,3.975517,0,0,4.576321,0,0,0,0,0.6008043,10.08455,0.6008043,0,0.6008043,14.00003,100,0.2136007,0,3.661057,0,14.66087
2/4/2007 1:00:00 PM,0.5614149,61.99391,21.92152,19.89198,0.5721413,2.56777,0,0,0,0,0,0,0,2.56777,0,0,2.56777,0,0,0,0,0,10.62527,0,0,0,14.00003,100,0.2136007,0,2.054216,0,13.19304
2/4/2007 2:00:00 PM,0.6158632,53.74987,44.26049,30.35342,0.639798,2.871413,8.197413,3.33,0,-1,0,3.33,86.22864,0,4.867414,5.687155,2.871413,3.505263,3.33,0,0,0,10.62527,0,0.6338496,-0.6338496,13.33189,95.22761,0.2136007,9.017155,2.297131,0,13.49669
2/4/2007 3:00:00 PM,0.6224957,42.21495,57.1144,43.38853,0.6648356,2.983782,4.814691,3.33,0,-1,0,3.33,89.60307,0,1.484691,1.96616,2.983782,3.505263,3.33,0,0,0.7042773,9.991425,0,0.521481,-0.521481,12.7822,91.30126,0.2136007,5.29616,2.387026,0,12.97521
2/4/2007 4:00:00 PM,0.4600178,29.24056,64.69099,57.24957,0.5021205,2.253517,1.515965,1.515965,0,-1,0,1.515965,148.6523,0,0,0,2.253517,1.595753,1.515965,0,0,1.283701,9.469944,0.6577638,0,0.6577638,13.40621,95.75847,0.2132778,1.667562,1.802813,0,11.72346
2/4/2007 5:00:00 PM,0.2450647,15.58306,69.44876,71.43456,0.2820413,1.265801,3.908967,3.33,0,-1,0,3.33,38.01205,4.440892E-16,0.5789675,0.9698643,1.265801,3.505263,3.33,0,0,0.6259369,10.06193,0,2.239462,-2.239462,11.04561,78.89707,0.2132778,4.299864,1.012641,0,11.32773
2/4/2007 6:00:00 PM,0.02485725,1.568288,72.54427,85.75036,0.0326662,0.1466059,4.195065,3.33,0,-1,0,3.33,4.402579,0,0.8650656,1.284572,0.1466059,3.505263,3.33,0,0,3.114228,7.822469,0,3.358657,-3.358657,7.505277,53.60901,0.2132778,4.614572,0.1172847,0,7.969075
2/4/2007 7:00:00 PM,0,0,74.49862,90,0,0,4.284476,3.33,0,-1,0,3.33,0,0,0.9544763,1.382924,0,3.505263,3.33,0,0,6.846069,4.463812,0,3.505263,-3.505263,3.810405,27.21712,0.2132778,4.712924,0,0,4.463812
2/4/2007 8:00:00 PM,0,0,75.47321,90,0,0,7.761805,0.9106213,0,-1,0,0.9106213,0,0,6.851183,7.627364,0,0.9585488,0.9106213,0,0,10.74081,0.9585488,0,0.9585488,-0.9585488,2.800006,20,0.2132778,8.537986,0,0,0.9585488
2/4/2007 9:00:00 PM,0,0,75.28867,90,0,0,12.21074,0,0,-1,0,0,0,0,12.21074,13.43181,0,0,0,0,0,11.80586,0,0,0,0,2.800006,20,0.2132778,13.43181,0,0,0
2/4/2007 10:00:00 PM,0,0,73.0718,90,0,0,0.08109321,0,0,-1,0,0,0,0,0.08109321,0.08920253,0,0,0,0,0,11.80586,0,0,0,0,2.800006,20,0.2132778,0.08920253,0,0,0
2/4/2007 11:00:00 PM,0,0,65.22641,90,0,0,0,0,0,-1,0,0,0,0,0,0,0,0,0,0,0,11.80586,0,0,0,0,2.800006,20,0.2132778,0,0,0,0
2/5/2007 12:00:00 AM,0,0,29.14606,90,0,0,0.5027111,0,0,-1,0,0,0,0,0.5027111,0.5529822,0,0,0,0,0,11.80586,0,0,0,0,2.800006,20,0.2132778,0.5529822,0,0,0
2/5/2007 1:00:00 AM,0,0,-52.14443,90,0,0,0.05068025,0,0,-1,0,0,0,0,0.05068025,0.05574828,0,0,0,0,0,11.80586,0,0,0,0,2.800006,20,0.2132778,0.05574828,0,0,0
2/5/2007 2:00:00 AM,0,0,-70.25687,90,0,0,0,0,0,-1,0,0,0,0,0,0,0,0,0,0,0,11.80586,0,0,0,0,2.800006,20,0.2132778,0,0,0,0
2/5/2007 3:00:00 AM,0,0,-74.76594,90,0,0,0,0,0,-1,0,0,0,0,0,0,0,0,0,0,0,11.80586,0,0,0,0,2.800006,20,0.2132778,0,0,0,0
2/5/2007 4:00:00 AM,0,0,-75.8799,90,0,0,0,0,0,-1,0,0,0,0,0,0,0,0,0,0,0,11.80586,0,0,0,0,2.800006,20,0.2132778,0,0,0,0
2/5/2007 5:00:00 AM,0,0,-75.49892,90,0,0,0.09131906,0.09131906,3.596582,0,1.146867,0.09131906,0,4.440892E-16,0,0,0,0,0,3.505263,3.33,11.80586,0,3.33,0,3.33,5.959121,42.56506,0.2132814,0.100451,0,5,0
2/5/2007 6:00:00 AM,0.00005248822,0,-74.10657,90,0,0,0.614807,0.614807,4.12007,0,1.289779,0.614807,0,0,0,0,0,0,0,3.505263,3.33,8.475861,2.997,3.33,0,3.33,9.118237,65.13013,0.2136444,0.6762877,0,5,2.997
2/5/2007 7:00:00 AM,0.06049126,7.344888,-71.72258,79.91632,0.06268681,0.2813384,0,0,3.505263,0,1.121937,0,0,0,0,0,0.2813384,0,0,3.505263,3.33,5.14586,5.994,3.611338,0,3.611338,12.54425,89.60162,0.213448,0,0.2250707,5,6.275338
2/5/2007 8:00:00 AM,0.2756402,21.26517,-68.05237,65.61489,0.2968999,1.332487,7.083037,7.083037,5,0,1.53,7.083037,18.81236,0,0,0,1.332487,2.192671,2.083037,0,0,1.534522,9.244205,0,0.8601841,-0.8601841,11.63754,83.12511,0.213448,7.791341,1.065989,5,10.57669
2/5/2007 9:00:00 AM,0.3277,34.73243,-62.36692,51.49973,0.3337774,1.497993,2.009464,2.009464,0,-1,0,2.009464,74.54691,0,0,0,1.497993,2.115225,2.009464,0,0,2.490282,8.384021,0,0.6172319,-0.6172319,10.98692,78.47784,0.213448,2.21041,1.198394,0,9.882013
2/5/2007 10:00:00 AM,0.4699667,47.29964,-53.07965,37.83781,0.4807094,2.157424,0.6884567,0.6884567,0,0,0,0.6884567,313.371,0,0,0,2.157424,0.7246912,0.6884567,0,0,3.176095,7.766788,1.432732,0,1.432732,12.34613,88.18646,0.2127636,0.7573023,1.725939,0,9.924212
2/5/2007 11:00:00 AM,0.8405858,57.87888,-36.90894,25.42239,0.8910909,3.999216,3.790998,3.790998,1.647937,0,0.6148868,3.790998,105.4924,0,0,0,3.999216,2.255853,2.143061,0,0,1.743363,9.056248,1.743363,0,1.743363,14.00003,100,0.2122058,4.170097,3.199373,5,13.05546
2/5/2007 12:00:00 PM,0.9560791,63.917,-9.781785,17.24599,1.013496,4.54857,1.42787,1.42787,0,0,0,1.42787,318.5562,3.045548,0,0,4.54857,1.503021,1.42787,0,0,0,10.62527,0,0,0,14.00003,100,0.2122058,1.570657,3.638856,0,15.17384
2/5/2007 1:00:00 PM,0.7892922,62.26569,22.09005,19.63804,0.8290824,3.720922,4.123803,4.123803,1.25,0,0.50625,4.123803,90.23036,0.6958665,0,0,3.720922,3.025055,2.873803,0,0,0,10.62527,0,0,0,14.00003,100,0.2122058,4.536183,2.976737,5,14.3462
2/5/2007 2:00:00 PM,0.408271,53.96775,44.56664,30.18014,0.4106724,1.843098,0.5946694,0.5946694,0,-1,0,0.5946694,309.9365,1.21713,0,0,1.843098,0.6259678,0.5946694,0,0,0,10.62527,0,0,0,14.00003,100,0.2122058,0.6541364,1.474478,0,12.46837
2/5/2007 3:00:00 PM,0.3303021,42.38269,57.42252,43.26779,0.3323069,1.491394,0.6875132,0.6875132,0,-1,0,0.6875132,216.9258,0.7676954,0,0,1.491394,0.7236981,0.6875132,0,0,0,10.62527,0,0,0,14.00003,100,0.2122058,0.7562645,1.193115,0,12.11667
2/5/2007 4:00:00 PM,0.2384333,29.37135,64.97875,57.16308,0.2405352,1.079522,0.4103143,0.4103143,0,-1,0,0.4103143,263.0964,0.6476125,0,0,1.079522,0.4319098,0.4103143,0,0,0,10.62527,0,0,0,14.00003,100,0.2122058,0.4513457,0.8636177,0,11.7048
2/5/2007 5:00:00 PM,0.05158977,15.68601,69.72247,71.37377,0.05147136,0.2310034,3.176288,3.176288,0,-1,0,3.176288,7.272749,0,4.440892E-16,0.1639167,0.2310034,3.343461,3.176288,0,0,0,10.62527,0,3.112458,-3.112458,10.71921,76.56563,0.2122058,3.493917,0.1848028,0,10.85628
2/5/2007 6:00:00 PM,0.02034043,1.648659,72.8157,85.71167,0.02270597,0.1019044,9.989828,3.33,0,-1,0,3.33,3.060191,0,6.659828,7.658811,0.1019044,3.505263,3.33,0,0,3.458286,7.512817,0,3.403359,-3.403359,7.131754,50.941,0.2122058,10.98881,0.0815235,0,7.614721
2/5/2007 7:00:00 PM,0,0,74.7819,90,0,0,7.300566,3.33,0,-1,0,3.33,0,0,3.970566,4.700623,0,3.505263,3.33,0,0,7.239796,4.109458,0,3.505263,-3.505263,3.436883,24.54911,0.2122058,8.030622,0,0,4.109458
2/5/2007 8:00:00 PM,0,0,75.78729,90,0,0,9.099194,0.573985,0,-1,0,0.573985,0,0,8.525208,9.435127,0,0.6041948,0.573985,0,0,11.13453,0.6041948,0,0.6041948,-0.6041948,2.800006,20,0.2122058,10.00911,0,0,0.6041948
2/5/2007 9:00:00 PM,0,0,75.66443,90,0,0,8.939036,0,0,-1,0,0,0,0,8.939036,9.83294,0,0,0,0,0,11.80586,0,0,0,0,2.800006,20,0.2122058,9.83294,0,0,0
2/5/2007 10:00:00 PM,0,0,73.572,90,0,0,1.20102,0,0,-1,0,0,0,0,1.20102,1.321122,0,0,0,0,0,11.80586,0,0,0,0,2.800006,20,0.2122058,1.321122,0,0,0
2/5/2007 11:00:00 PM,0,0,66.01281,90,0,0,0.3111115,0,0,-1,0,0,0,0,0.3111115,0.3422227,0,0,0,0,0,11.80586,0,0,0,0,2.800006,20,0.2122058,0.3422227,0,0,0
2/6/2007 12:00:00 AM,0,0,30.27792,90,0,0,0.4362709,0,0,-1,0,0,0,0,0.4362709,0.4798979,0,0,0,0,0,11.80586,0,0,0,0,2.800006,20,0.2122058,0.4798979,0,0,0
2/6/2007 1:00:00 AM,0,0,-53.1323,90,0,0,0.832947,0,0,-1,0,0,0,0,0.832947,0.9162417,0,0,0,0,0,11.80586,0,0,0,0,2.800006,20,0.2122058,0.9162417,0,0,0
2/6/2007 2:00:00 AM,0,0,-70.87579,90,0,0,1.053297,0,0,-1,0,0,0,0,1.053297,1.158627,0,0,0,0,0,11.80586,0,0,0,0,2.800006,20,0.2122058,1.158627,0,0,0
2/6/2007 3:00:00 AM,0,0,-75.20296,90,0,0,0.1031664,0,0,-1,0,0,0,0,0.1031664,0.113483,0,0,0,0,0,11.80586,0,0,0,0,2.800006,20,0.2122058,0.113483,0,0,0
2/6/2007 4:00:00 AM,0,0,-76.23084,90,0,0,0.2428678,0,0,-1,0,0,0,0,0.2428678,0.2671546,0,0,0,0,0,11.80586,0,0,0,0,2.800006,20,0.2122058,0.2671546,0,0,0
2/6/2007 5:00:00 AM,0,0,-75.80693,90,0,0,1.037497,1.037497,4.54276,0,1.405174,1.037497,0,4.440892E-16,0,0,0,0,0,3.505263,3.33,11.80586,0,3.33,0,3.33,5.959121,42.56506,0.2128523,1.141247,0,5,0
2/6/2007 6:00:00 AM,0.00006390805,0,-74.39606,90,0,0,1.079628,1.079628,4.584892,0,1.416675,1.079628,0,0,0,0,0,0,0,3.505263,3.33,8.475861,2.997,3.33,0,3.33,9.118237,65.13013,0.2135174,1.187591,0,5,2.997
2/6/2007 7:00:00 AM,0.1217779,7.374245,-72.01101,79.93065,0.1596289,0.7164146,5.310149,5.310149,5,0,1.53,5.310149,13.49142,0,0,0,0.7164146,0.3264728,0.3101491,0,0,5.14586,5.994,0.3899419,0,0.3899419,9.488168,67.77249,0.2135813,5.841164,0.5731317,5,6.710414
2/6/2007 8:00:00 AM,0.3955521,21.32038,-68.35525,65.60557,0.4465256,2.004007,2.11035,2.11035,4.6914,0,1.445752,2.11035,94.96088,0,0,0,2.004007,0,0,2.58105,2.451997,4.755919,6.344948,4.456004,0,4.456004,13.7155,97.96769,0.2137817,2.321385,1.603205,5,8.348954
2/6/2007 9:00:00 AM,0.6612945,34.82151,-62.69978,51.46075,0.7191025,3.227332,2.151027,2.151027,0,-1,0,2.151027,150.0368,0.6631785,0,0,3.227332,2.264239,2.151027,0,0,0.2999142,10.35535,0.2999142,0,0.2999142,14.00003,100,0.2136424,2.36613,2.581866,0,13.58268
2/6/2007 10:00:00 AM,0.9082555,47.43673,-53.45286,37.75552,0.9729583,4.366637,0,0,0,0,0,0,0,4.366637,0,0,4.366637,0,0,0,0,0,10.62527,0,0,0,14.00003,100,0.2136424,0,3.493309,0,14.99191
2/6/2007 11:00:00 AM,1.033939,58.08472,-37.28766,25.26606,1.099514,4.934618,5.175323,5.175323,1.845323,0,0.6687732,5.175323,95.34898,1.429354,0,0,4.934618,3.505263,3.33,0,0,0,10.62527,0,0,0,14.00003,100,0.2136424,5.692855,3.947694,5,15.55989
2/6/2007 12:00:00 PM,1.04108,64.19336,-9.963398,16.97806,1.103673,4.953285,0.8913174,0.8913174,0,0,0,0.8913174,555.7262,4.015056,0,0,4.953285,0.9382289,0.8913174,0,0,0,10.62527,0,0,0,14.00003,100,0.2136424,0.9804492,3.962628,0,15.57856
2/6/2007 1:00:00 PM,0.9699032,62.54065,22.27179,19.38239,1.028438,4.615631,0,0,0,0,0,0,0,4.615631,0,0,4.615631,0,0,0,0,0,10.62527,0,0,0,14.00003,100,0.2136424,0,3.692505,0,15.2409
2/6/2007 2:00:00 PM,0.8463075,54.18606,44.88564,30.00842,0.9002071,4.040129,0.09261509,0.09261509,0,-1,0,0.09261509,4362.28,3.94264,0,0,4.040129,0.09748957,0.09261509,0,0,0,10.62527,0,0,0,14.00003,100,0.2136424,0.1018766,3.232104,0,14.6654
2/6/2007 3:00:00 PM,0.6837131,42.54942,57.74012,43.14956,0.733204,3.29062,2.197989,2.197989,0,-1,0,2.197989,149.7104,0.9769467,0,0,3.29062,2.313673,2.197989,0,0,0,10.62527,0,0,0,14.00003,100,0.2136424,2.417788,2.632496,0,13.91589
2/6/2007 4:00:00 PM,0.4685553,29.50047,65.27377,57.0794,0.5104787,2.291028,1.89418,1.89418,0,-1,0,1.89418,120.951,0.2971549,0,0,2.291028,1.993873,1.89418,0,0,0,10.62527,0,0,0,14.00003,100,0.2136424,2.083598,1.832823,0,12.9163
2/6/2007 5:00:00 PM,0.2133147,15.78696,70.0022,71.31593,0.2362642,1.060354,8.450305,3.33,0,-1,0,3.33,31.84245,0,5.120305,5.965335,1.060354,3.505263,3.33,0,0,0,10.62527,0,2.444909,-2.444909,11.42287,81.59174,0.2136424,9.295335,0.848283,0,11.68563
2/6/2007 6:00:00 PM,0.03934103,1.726897,73.09252,85.67597,0.07951335,0.3568559,2.863294,2.863294,0,-1,0,2.863294,12.46313,0,0,0,0.3568559,3.013994,2.863294,0,0,2.716566,8.180365,0,2.657138,-2.657138,8.621998,61.58558,0.2136424,3.149623,0.2854847,0,8.537221
2/6/2007 7:00:00 PM,0,0,75.0704,90,0,0,3.387755,3.33,0,-1,0,3.33,0,0,0.0577551,0.3965306,0,3.505263,3.33,0,0,5.668941,5.523227,0,3.505263,-3.505263,4.927126,35.19369,0.2136424,3.726531,0,0,5.523227
2/6/2007 8:00:00 PM,0,0,76.1068,90,0,0,6.395117,1.917066,0,-1,0,1.917066,0,0,4.478051,5.117563,0,2.017964,1.917066,0,0,9.563678,2.017964,0,2.017964,-2.017964,2.800006,20,0.2136424,7.034629,0,0,2.017964
2/6/2007 9:00:00 PM,0,0,76.04636,90,0,0,1.981654,0,0,-1,0,0,0,0,1.981654,2.17982,0,0,0,0,0,11.80586,0,0,0,0,2.800006,20,0.2136424,2.17982,0,0,0
2/6/2007 10:00:00 PM,0,0,74.08034,90,0,0,0.3387557,0,0,-1,0,0,0,0,0.3387557,0.3726313,0,0,0,0,0,11.80586,0,0,0,0,2.800006,20,0.2136424,0.3726313,0,0,0
2/6/2007 11:00:00 PM,0,0,66.81456,90,0,0,0.6765472,0,0,-1,0,0,0,0,0.6765472,0.7442019,0,0,0,0,0,11.80586,0,0,0,0,2.800006,20,0.2136424,0.7442019,0,0,0
2/7/2007 12:00:00 AM,0,0,31.47175,90,0,0,0.3417395,0,0,-1,0,0,0,0,0.3417395,0.3759135,0,0,0,0,0,11.80586,0,0,0,0,2.800006,20,0.2136424,0.3759135,0,0,0
2/7/2007 1:00:00 AM,0,0,-54.17585,90,0,0,0.5464849,0,0,-1,0,0,0,0,0.5464849,0.6011334,0,0,0,0,0,11.80586,0,0,0,0,2.800006,20,0.2136424,0.6011334,0,0,0
2/7/2007 2:00:00 AM,0,0,-71.51135,90,0,0,0,0,0,-1,0,0,0,0,0,0,0,0,0,0,0,11.80586,0,0,0,0,2.800006,20,0.2136424,0,0,0,0
2/7/2007 3:00:00 AM,0,0,-75.64893,90,0,0,0.3745284,0,0,-1,0,0,0,0,0.3745284,0.4119812,0,0,0,0,0,11.80586,0,0,0,0,2.800006,20,0.2136424,0.4119812,0,0,0
2/7/2007 4:00:00 AM,0,0,-76.58805,90,0,0,0.4980475,0,0,-1,0,0,0,0,0.4980475,0.5478522,0,0,0,0,0,11.80586,0,0,0,0,2.800006,20,0.2136424,0.5478522,0,0,0
2/7/2007 5:00:00 AM,0,0,-76.11998,90,0,0,0,0,0,0,0,0,0,0,0,0,0,0,0,0,0,11.80586,0,0,0,0,2.800006,20,0.2136424,0,0,0,0
2/7/2007 6:00:00 AM,0.00006297086,0,-74.69001,90,0,0,0.2865503,0.2865503,3.791813,0,1.200165,0.2865503,0,0,0,0,0,0,0,3.505263,3.33,11.80586,0,3.33,0,3.33,5.959121,42.56506,0.2137709,0.3152054,0,5,0
2/7/2007 7:00:00 AM,0.1004449,7.407354,-72.30366,79.94197,0.1218555,0.5468875,0,0,3.505263,0,1.121937,0,0,0,0,0,0.5468875,0,0,3.505263,3.33,8.475861,2.997,3.876888,0,3.876888,9.637059,68.836,0.2134615,0,0.43751,5,3.543887
2/7/2007 8:00:00 AM,0.2952825,21.37932,-68.66242,65.59327,0.321027,1.440769,3.459339,3.459339,5,0,1.53,3.459339,41.64869,0,0,0,1.440769,0,0,1.540661,1.463628,4.598973,6.486199,2.904397,0,2.904397,12.39241,88.51705,0.2140195,3.805273,1.152615,5,7.926968
2/7/2007 9:00:00 AM,0.6711023,34.91439,-63.03732,51.41884,0.7288827,3.271225,6.21974,3.33,0,-1,0,3.33,98.23499,0,2.88974,3.511714,3.271225,3.505263,3.33,0,0,1.694576,9.100156,0,0.2340378,-0.2340378,12.14571,86.75494,0.2140195,6.841714,2.61698,0,12.37138
2/7/2007 10:00:00 AM,0.8621529,47.57783,-53.83149,37.67034,0.9221632,4.138669,2.96686,2.96686,0,0,0,2.96686,139.4966,0,0,0,4.138669,3.123011,2.96686,0,0,1.954618,8.866118,1.015658,0,1.015658,13.10925,93.63733,0.2135585,3.263546,3.310935,0,13.00479
2/7/2007 11:00:00 AM,0.9952768,58.2951,-37.6721,25.10654,1.057091,4.744223,2.750037,2.750037,0,0,0,2.750037,172.5149,0.9104878,0,0,4.744223,2.894776,2.750037,0,0,0.9389595,9.78021,0.9389595,0,0.9389595,14.00003,100,0.2131341,3.025041,3.795378,0,14.52443
2/7/2007 12:00:00 PM,1.072588,64.47482,-10.14382,16.70526,1.136313,5.099774,5.111883,5.111883,1.781883,0,0.651454,5.111883,99.76313,1.594511,0,0,5.099774,3.505263,3.33,0,0,0,10.62527,0,0,0,14.00003,100,0.2131341,5.623071,4.07982,5,15.72505
2/7/2007 1:00:00 PM,0.9681252,62.81864,22.46717,19.12525,1.025587,4.602834,2.562766,2.562766,0,0,0,2.562766,179.6042,1.905186,0,0,4.602834,2.697648,2.562766,0,0,0,10.62527,0,0,0,14.00003,100,0.2131341,2.819042,3.682267,0,15.22811
2/7/2007 2:00:00 PM,0.7386656,54.40464,45.21766,29.83849,0.77869,3.494761,6.6697,3.33,0,-1,0,3.33,104.9478,0,3.3397,4.00667,3.494761,3.505263,3.33,0,0,0,10.62527,0,0.01050256,-0.01050256,13.98896,99.92092,0.2131341,7.33667,2.795809,0,14.12004
2/7/2007 3:00:00 PM,0.6698785,42.71501,58.06718,43.03397,0.7166129,3.216159,3.361698,3.33,0,-1,0,3.33,96.58134,0,0.03169781,0.3678676,3.216159,3.505263,3.33,0,0,0.01166951,10.61477,0,0.2891044,-0.2891044,13.68421,97.74419,0.2131341,3.697868,2.572927,0,13.83093
2/7/2007 4:00:00 PM,0.4518005,29.62782,65.576,56.99863,0.4894203,2.196518,0,0,0,-1,0,0,0,1.863621,0,0,2.196518,0,0,0,0,0.3328966,10.32567,0.3328966,0,0.3328966,14.00003,100,0.212984,0,1.757215,0,12.52219
2/7/2007 5:00:00 PM,0.2595998,15.88587,70.28789,71.26108,0.2983124,1.338826,4.311863,3.33,0,-1,0,3.33,40.20499,0,0.9818627,1.413049,1.338826,3.505263,3.33,0,0,0,10.62527,0,2.166437,-2.166437,11.7164,83.68842,0.212984,4.743049,1.071061,0,11.9641
2/7/2007 6:00:00 PM,0.02584501,1.80296,73.37468,85.6433,0.03213121,0.1442049,4.085314,3.33,0,-1,0,3.33,4.330477,0,0.7553136,1.163845,0.1442049,3.505263,3.33,0,0,2.407152,8.458838,0,3.361058,-3.361058,8.173536,58.38229,0.212984,4.493845,0.1153639,0,8.603042
2/7/2007 7:00:00 PM,0,0,75.36403,90,0,0,1.915233,1.915233,0,-1,0,1.915233,0,0,2.220446E-16,0,0,2.016034,1.915233,0,0,6.141662,5.097779,0,2.016034,-2.016034,6.04845,43.20312,0.212984,2.106756,0,0,5.097779
2/7/2007 8:00:00 PM,0,0,76.43164,90,0,0,7.490427,2.927657,0,-1,0,2.927657,0,0,4.56277,5.311813,0,3.081744,2.927657,0,0,8.3817,3.081744,0,3.081744,-3.081744,2.800006,20,0.212984,8.23947,0,0,3.081744
2/7/2007 9:00:00 PM,0,0,76.43439,90,0,0,5.969745,0,0,-1,0,0,0,0,5.969745,6.56672,0,0,0,0,0,11.80586,0,0,0,0,2.800006,20,0.212984,6.56672,0,0,0
2/7/2007 10:00:00 PM,0,0,74.59679,90,0,0,0.8216584,0,0,-1,0,0,0,0,0.8216584,0.9038243,0,0,0,0,0,11.80586,0,0,0,0,2.800006,20,0.212984,0.9038243,0,0,0
2/7/2007 11:00:00 PM,0,0,67.63178,90,0,0,0,0,0,-1,0,0,0,0,0,0,0,0,0,0,0,11.80586,0,0,0,0,2.800006,20,0.212984,0,0,0,0
2/8/2007 12:00:00 AM,0,0,32.73388,90,0,0,0,0,0,-1,0,0,0,0,0,0,0,0,0,0,0,11.80586,0,0,0,0,2.800006,20,0.212984,0,0,0,0
2/8/2007 1:00:00 AM,0,0,-55.27666,90,0,0,0,0,0,-1,0,0,0,0,0,0,0,0,0,0,0,11.80586,0,0,0,0,2.800006,20,0.212984,0,0,0,0
2/8/2007 2:00:00 AM,0,0,-72.1633,90,0,0,0,0,0,-1,0,0,0,0,0,0,0,0,0,0,0,11.80586,0,0,0,0,2.800006,20,0.212984,0,0,0,0
2/8/2007 3:00:00 AM,0,0,-76.10368,90,0,0,0.8323446,0,0,-1,0,0,0,0,0.8323446,0.9155791,0,0,0,0,0,11.80586,0,0,0,0,2.800006,20,0.212984,0.9155791,0,0,0
2/8/2007 4:00:00 AM,0,0,-76.95139,90,0,0,0.09472895,0,0,-1,0,0,0,0,0.09472895,0.1042018,0,0,0,0,0,11.80586,0,0,0,0,2.800006,20,0.212984,0.1042018,0,0,0
2/8/2007 5:00:00 AM,0,0,-76.43796,90,0,0,1.044912,1.044912,4.550176,0,1.407198,1.044912,0,0,0,0,0,0,0,3.505263,3.33,11.80586,0,3.33,0,3.33,5.959121,42.56506,0.2135969,1.149404,0,5,0
2/8/2007 6:00:00 AM,0.00005490708,0,-74.9883,90,0,0,0,0,3.505263,0,1.121937,0,0,0,0,0,0,0,0,3.505263,3.33,8.475861,2.997,3.33,0,3.33,9.118237,65.13013,0.2135402,0,0,5,2.997
2/8/2007 7:00:00 AM,0.06640208,7.444208,-72.60044,79.95028,0.06965578,0.3126151,2.239343,2.239343,5,0,1.53,2.239343,13.96013,0,0,0,0.3126151,0,0,2.760657,2.622624,5.14586,5.994,2.935239,0,2.935239,11.90285,85.02018,0.2141636,2.463277,0.2500921,5,6.306615
2/8/2007 8:00:00 AM,0.116502,21.44198,-68.97381,65.57803,0.116347,0.5221654,3.228368,3.228368,4.832401,0,1.484245,3.228368,16.17428,0,0,0,0.5221654,0,0,1.604033,1.523831,2.210621,8.635715,2.045996,0,2.045996,13.84385,98.88445,0.2145741,3.551205,0.4177323,5,9.157881
2/8/2007 9:00:00 AM,0.08971885,35.01102,-63.37948,51.37406,0.08937269,0.4011046,0,0,0,-1,0,0,0,0.2364802,0,0,0.4011046,0,0,0,0,0.1646244,10.47711,0.1646244,0,0.1646244,14.00003,100,0.2145012,0,0.3208837,0,10.87822
2/8/2007 10:00:00 AM,0.1039161,47.72284,-54.21557,37.58234,0.1034852,0.4644416,5.181166,5.181166,4.739946,0,1.459005,5.181166,8.964038,1.665335E-16,0,0,0.4644416,0.4644416,0.4412195,0,0,0,10.62527,0,0,0,14.00003,100,0.2145012,5.699282,0.3715533,5,11.08972
2/8/2007 11:00:00 AM,0.1661193,58.50993,-38.0624,24.94394,0.165469,0.7426248,0,0,0,0,0,0,0,0.7426248,0,0,0.7426248,0,0,0,0,0,10.62527,0,0,0,14.00003,100,0.2145012,0,0.5940998,0,11.3679
2/8/2007 12:00:00 PM,0.1569965,64.76128,-10.32305,16.42768,0.1563569,0.70173,0,0,0,0,0,0,0,0.70173,0,0,0.70173,0,0,0,0,0,10.62527,0,0,0,14.00003,100,0.2145012,0,0.561384,0,11.327
2/8/2007 1:00:00 PM,0.3111342,63.09954,22.67662,18.86683,0.3103007,1.39263,1.593539,1.593539,0,0,0,1.593539,87.39224,0,0,0,1.39263,1.67741,1.593539,0,0,0,10.62527,0,0.2847801,-0.2847801,13.69984,97.85583,0.2145012,1.752893,1.114104,0,12.0179
2/8/2007 2:00:00 PM,0.2337877,54.62331,45.56283,29.67056,0.2330156,1.045774,0.5919504,0.5919504,0,-1,0,0.5919504,176.6658,0.1062458,0,0,1.045774,0.6231057,0.5919504,0,0,0.3164223,10.34049,0.3164223,0,0.3164223,14.00003,100,0.2143612,0.6511455,0.8366191,0,11.38627
2/8/2007 3:00:00 PM,0.1900487,42.87933,58.4037,42.92119,0.1894549,0.8502734,1.992664,1.992664,0,-1,0,1.992664,42.67019,0,2.220446E-16,0,0.8502734,2.097541,1.992664,0,0,0,10.62527,0,1.247268,-1.247268,12.68529,90.60905,0.2143612,2.19193,0.6802187,0,11.47555
2/8/2007 4:00:00 PM,0.04564894,29.75331,65.88535,56.92087,0.04545475,0.2040009,0,0,0,-1,0,0,0,0,0,0,0.2040009,0,0,0,0,1.385853,9.378007,0.2040009,0,0.2040009,12.87883,91.99142,0.2142711,0,0.1632007,0,9.582007
2/8/2007 5:00:00 PM,0.05811418,15.98265,70.57945,71.20929,0.05798889,0.2602541,0,0,0,-1,0,0,0,0,0,0,0.2602541,0,0,0,0,1.181852,9.561607,0.2602541,0,0.2602541,13.12572,93.75498,0.2141562,0,0.2082033,0,9.821861
2/8/2007 6:00:00 PM,0.02940007,1.876807,73.66209,85.61366,0.03973837,0.1783458,2.629473,2.629473,0,-1,0,2.629473,6.782567,0,4.440892E-16,0,0.1783458,2.767867,2.629473,0,0,0.9215979,9.795836,0,2.589521,-2.589521,10.39613,74.25791,0.2141562,2.892421,0.1426766,0,9.974182
2/8/2007 7:00:00 PM,0,0,75.66271,90,0,0,5.65928,3.33,0,-1,0,3.33,0,0,2.32928,2.895208,0,3.505263,3.33,0,0,3.798843,7.206315,0,3.505263,-3.505263,6.701257,47.86602,0.2141562,6.225208,0,0,7.206315
2/8/2007 8:00:00 PM,0,0,76.76175,90,0,0,2.77156,2.77156,0,-1,0,2.77156,0,0,0,0,0,2.917432,2.77156,0,0,7.69358,3.701052,0,2.917432,-2.917432,3.626014,25.90005,0.2141562,3.048716,0,0,3.701052
2/8/2007 9:00:00 PM,0,0,76.82846,90,0,0,2.915864,0.7444391,0,-1,0,0.7444391,0,0,2.171425,2.463011,0,0.7836201,0.7444391,0,0,10.93517,0.7836201,0,0.7836201,-0.7836201,2.800006,20,0.2141562,3.20745,0,0,0.7836201
2/8/2007 10:00:00 PM,0,0,75.12126,90,0,0,0.06552266,0,0,-1,0,0,0,0,0.06552266,0.07207493,0,0,0,0,0,11.80586,0,0,0,0,2.800006,20,0.2141562,0.07207493,0,0,0
2/8/2007 11:00:00 PM,0,0,68.46458,90,0,0,0.5027233,0,0,-1,0,0,0,0,0.5027233,0.5529956,0,0,0,0,0,11.80586,0,0,0,0,2.800006,20,0.2141562,0.5529956,0,0,0
2/9/2007 12:00:00 AM,0,0,34.07139,90,0,0,0.7413918,0,0,-1,0,0,0,0,0.7413918,0.815531,0,0,0,0,0,11.80586,0,0,0,0,2.800006,20,0.2141562,0.815531,0,0,0
2/9/2007 1:00:00 AM,0,0,-56.4362,90,0,0,0.789905,0,0,-1,0,0,0,0,0.789905,0.8688954,0,0,0,0,0,11.80586,0,0,0,0,2.800006,20,0.2141562,0.8688954,0,0,0
2/9/2007 2:00:00 AM,0,0,-72.83131,90,0,0,0.06228976,0,0,-1,0,0,0,0,0.06228976,0.06851874,0,0,0,0,0,11.80586,0,0,0,0,2.800006,20,0.2141562,0.06851874,0,0,0
2/9/2007 3:00:00 AM,0,0,-76.56697,90,0,0,0.613874,0,0,-1,0,0,0,0,0.613874,0.6752614,0,0,0,0,0,11.80586,0,0,0,0,2.800006,20,0.2141562,0.6752614,0,0,0
2/9/2007 4:00:00 AM,0,0,-77.3207,90,0,0,0.5461602,0,0,-1,0,0,0,0,0.5461602,0.6007762,0,0,0,0,0,11.80586,0,0,0,0,2.800006,20,0.2141562,0.6007762,0,0,0
2/9/2007 5:00:00 AM,0,0,-76.76074,90,0,0,0.6577592,0.6577592,4.163023,0,1.301505,0.6577592,0,0,0,0,0,0,0,3.505263,3.33,11.80586,0,3.33,0,3.33,5.959121,42.56506,0.214505,0.7235351,0,5,0
2/9/2007 6:00:00 AM,0.00005817082,0,-75.29085,90,0,0,1.556083,1.556083,5,0,1.53,1.556083,0,0,0,0,0,0,0,3.443917,3.271721,8.475861,2.997,3.271721,0,3.271721,9.062948,64.73521,0.215202,1.711691,0,5,2.997
2/9/2007 7:00:00 AM,0.1041635,7.4848,-72.90129,79.95558,0.1267439,0.5688267,4.453787,4.453787,5,0,1.53,4.453787,12.77175,0,0,0,0.5688267,0,0,0.5462132,0.5189025,5.204139,5.941549,1.087729,0,1.087729,10.09486,72.10599,0.2153957,4.899166,0.4550614,5,6.510376
2/9/2007 8:00:00 AM,0.2283401,21.50834,-69.28936,65.55985,0.236924,1.063315,1.200832,1.200832,4.414616,0,1.37019,1.200832,88.54819,0,0,0,1.063315,0,0,3.213784,3.053095,4.11641,6.920506,4.11641,0,4.11641,14.00003,100,0.2155431,1.320915,0.8506519,5,7.98382
2/9/2007 9:00:00 AM,0.3209956,35.11135,-63.72625,51.32645,0.3257614,1.462017,1.422247,1.422247,0,-1,0,1.422247,102.7963,0,0,0,1.462017,1.497103,1.422247,0,0,0,10.62527,0,0.03508548,-0.03508548,13.96305,99.73583,0.2155431,1.564472,1.169614,0,12.08729
2/9/2007 10:00:00 AM,0.3649087,47.87169,-54.6051,37.49162,0.3667248,1.645861,1.097437,1.097437,0,0,0,1.097437,149.9731,0.4516797,0,0,1.645861,1.155197,1.097437,0,0,0.03898386,10.59019,0.03898386,0,0.03898386,14.00003,100,0.2155262,1.207181,1.316689,0,12.23605
2/9/2007 11:00:00 AM,0.2991491,58.72912,-38.45871,24.77841,0.2983668,1.33907,0,0,0,0,0,0,0,1.33907,0,0,1.33907,0,0,0,0,0,10.62527,0,0,0,14.00003,100,0.2155262,0,1.071256,0,11.96434
2/9/2007 12:00:00 PM,0.4217138,65.05271,-10.50107,16.14538,0.4224972,1.896168,6.740883,6.740883,4.939524,0,1.51349,6.740883,28.12936,0,0,0,1.896168,1.896168,1.801359,0,0,0,10.62527,0,0,0,14.00003,100,0.2155262,7.414972,1.516934,5,12.52144
2/9/2007 1:00:00 PM,0.5372677,63.38319,22.90058,18.60739,0.5445861,2.444103,1.560945,1.560945,0,0,0,1.560945,156.5784,0.8010024,0,0,2.444103,1.6431,1.560945,0,0,0,10.62527,0,0,0,14.00003,100,0.2155262,1.71704,1.955282,0,13.06938
2/9/2007 2:00:00 PM,0.5871649,54.84192,45.92131,29.50483,0.6046634,2.713729,0.9510198,0.9510198,0,-1,0,0.9510198,285.3494,1.712656,0,0,2.713729,1.001073,0.9510198,0,0,0,10.62527,0,0,0,14.00003,100,0.2155262,1.046122,2.170983,0,13.339
2/9/2007 3:00:00 PM,0.4476218,43.04222,58.74964,42.81133,0.4589973,2.05998,0,0,0,-1,0,0,0,2.05998,0,0,2.05998,0,0,0,0,0,10.62527,0,0,0,14.00003,100,0.2155262,0,1.647984,0,12.68525
2/9/2007 4:00:00 PM,0.2024279,29.87683,66.20178,56.8462,0.2026638,0.909555,4.804195,3.33,0,-1,0,3.33,27.31396,0,1.474195,1.954615,0.909555,3.505263,3.33,0,0,0,10.62527,0,2.595708,-2.595708,11.26391,80.45635,0.2155262,5.284615,0.727644,0,11.53483
2/9/2007 5:00:00 PM,0.04913905,16.07725,70.87682,71.1606,0.0490067,0.2199421,0,0,0,-1,0,0,0,0,0,0,0.2199421,0,0,0,0,2.88412,8.029566,0.2199421,0,0.2199421,11.47257,81.94674,0.2154309,0,0.1759537,0,8.249508
2/9/2007 6:00:00 PM,0.02218556,1.948401,73.95466,85.5871,0.02436314,0.1093418,0,0,0,-1,0,0,0,0,0,0,0.1093418,0,0,0,0,2.664178,8.227514,0.1093418,0,0.1093418,11.5763,82.68768,0.2153835,0,0.08747341,0,8.336856
2/9/2007 7:00:00 PM,0,0,75.96638,90,0,0,0,0,0,-1,0,0,0,0,0,0,0,0,0,0,0,2.554836,8.325921,0,0,0,11.5763,82.68768,0.2153835,0,0,0,8.325921
2/9/2007 8:00:00 PM,0,0,77.09704,90,0,0,3.042514,3.042514,0,-1,0,3.042514,0,0,4.440892E-16,0.01676519,0,3.202646,3.042514,0,0,2.554836,8.325921,0,3.202646,-3.202646,8.200412,58.57425,0.2153835,3.346765,0,0,8.325921
2/9/2007 9:00:00 PM,0,0,77.22847,90,0,0,0.5821339,0.5821339,0,-1,0,0.5821339,0,0,1.110223E-16,0,0,0.6127726,0.5821339,0,0,6.113332,5.123275,0,0.6127726,-0.6127726,7.554493,53.96056,0.2153835,0.6403474,0,0,5.123275
2/9/2007 10:00:00 PM,0,0,75.65372,90,0,0,1.163829,1.163829,0,-1,0,1.163829,0,0,2.220446E-16,0,0,1.225083,1.163829,0,0,6.79419,4.510503,0,1.225083,-1.225083,6.263142,44.73664,0.2153835,1.280212,0,0,4.510503
2/9/2007 11:00:00 PM,0,0,69.31308,90,0,0,1.081686,1.081686,0,-1,0,1.081686,0,0,0,0,0,1.138617,1.081686,0,0,8.155395,3.285419,0,1.138617,-1.138617,5.062934,36.16374,0.2153835,1.189855,0,0,3.285419
2/10/2007 12:00:00 AM,0,0,35.49219,90,0,0,0.4531989,0.4531989,0,-1,0,0.4531989,0,0,5.551115E-17,0,0,0.4770515,0.4531989,0,0,9.420525,2.146802,0,0.4770515,-0.4770515,4.560077,32.57191,0.2153835,0.4985188,0,0,2.146802
2/10/2007 1:00:00 AM,0,0,-57.65576,90,0,0,0.4273773,0.4273773,0,-1,0,0.4273773,0,0,5.551115E-17,0,0,0.4498709,0.4273773,0,0,9.950582,1.669751,0,0.4498709,-0.4498709,4.085872,29.18474,0.2153835,0.470115,0,0,1.669751
2/10/2007 2:00:00 AM,0,0,-73.51507,90,0,0,0.1534168,0.1534168,0,-1,0,0.1534168,0,0,2.775558E-17,0,0,0.1614913,0.1534168,0,0,10.45044,1.21988,0,0.1614913,-0.1614913,3.915645,27.96884,0.2153835,0.1687585,0,0,1.21988
2/10/2007 3:00:00 AM,0,0,-77.03859,90,0,0,0,0,0,-1,0,0,0,0,0,0,0,0,0,0,0,10.62987,1.058388,0,0,0,3.915645,27.96884,0.2153835,0,0,0,1.058388
2/10/2007 4:00:00 AM,0,0,-77.69582,90,0,0,1.181905,1.005469,0,-1,0,1.005469,0,0,0.1764363,0.2946268,0,1.058388,1.005469,0,0,10.62987,1.058388,0,1.058388,-1.058388,2.800006,20,0.2153835,1.300096,0,0,1.058388
2/10/2007 5:00:00 AM,0,0,-77.08822,90,0,0,0,0,0,0,0,0,0,0,0,0,0,0,0,0,0,11.80586,0,0,0,0,2.800006,20,0.2153835,0,0,0,0
2/10/2007 6:00:00 AM,0.0001037721,0,-75.59755,90,0,0,0.4480815,0.4480815,3.953345,0,1.244263,0.4480815,0,0,0,0,0,0,0,3.505263,3.33,11.80586,0,3.33,0,3.33,5.959121,42.56506,0.2155888,0.4928897,0,5,0
2/10/2007 7:00:00 AM,0.1125978,7.529118,-73.20612,79.95787,0.1402185,0.6293008,0,0,3.505263,0,1.121937,0,0,0,0,0,0.6293008,0,0,3.505263,3.33,8.475861,2.997,3.959301,0,3.959301,9.715243,69.39445,0.215253,0,0.5034406,5,3.626301
2/10/2007 8:00:00 AM,0.344536,21.57834,-69.60901,65.53878,0.3813026,1.711286,0,0,2.952919,0,0.971147,0,0,0,0,0,1.711286,0,0,2.952919,2.805274,4.51656,6.560371,4.51656,0,4.51656,14.00003,100,0.2143584,0,1.369029,5,8.271657
2/10/2007 9:00:00 AM,0.5895261,35.21531,-64.07757,51.27608,0.635795,2.853448,3.41528,3.33,0,-1,0,3.33,85.68913,4.440892E-16,0.08527976,0.4268077,2.853448,3.505263,3.33,0,0,0,10.62527,0,0.6518152,-0.6518152,13.31295,95.09234,0.2143584,3.756808,2.282758,0,13.47872
2/10/2007 10:00:00 AM,0.7864213,48.0243,-55.00013,37.39828,0.8374253,3.758365,6.825119,6.825119,3.942699,0,1.241357,6.825119,55.06666,0,0,0,3.758365,3.034126,2.882419,0,0,0.7242391,9.973459,0.7242391,0,0.7242391,14.00003,100,0.2143202,7.50763,3.006692,5,13.73182
2/10/2007 11:00:00 AM,0.9229488,58.95258,-38.86118,24.61008,0.9767959,4.38386,2.093832,2.093832,0,0,0,2.093832,209.3702,2.179827,0,0,4.38386,2.204033,2.093832,0,0,0,10.62527,0,0,0,14.00003,100,0.2143202,2.303215,3.507088,0,15.00913
2/10/2007 12:00:00 PM,1.054246,65.34902,-10.67789,15.85847,1.113691,4.998245,0,0,0,0,0,0,0,4.998245,0,0,4.998245,0,0,0,0,0,10.62527,0,0,0,14.00003,100,0.2143202,0,3.998596,0,15.62352
2/10/2007 1:00:00 PM,1.055577,63.66947,23.13951,18.34717,1.115864,5.007999,0.6446038,0.6446038,0,0,0,0.6446038,776.9113,4.329469,0,0,5.007999,0.6785303,0.6446038,0,0,0,10.62527,0,0,0,14.00003,100,0.2143202,0.7090642,4.0064,0,15.63327
2/10/2007 2:00:00 PM,0.9195538,55.06027,46.29324,29.34153,0.9755191,4.378129,0,0,0,-1,0,0,0,4.378129,0,0,4.378129,0,0,0,0,0,10.62527,0,0,0,14.00003,100,0.2143202,0,3.502504,0,15.0034
2/10/2007 3:00:00 PM,0.7111812,43.20358,59.10497,42.70454,0.7600539,3.411122,0.1415486,0.1415486,0,-1,0,0.1415486,2409.859,3.262124,0,0,3.411122,0.1489985,0.1415486,0,0,0,10.62527,0,0,0,14.00003,100,0.2143202,0.1557035,2.728898,0,14.0364
2/10/2007 4:00:00 PM,0.4015256,29.9983,66.52518,56.7747,0.4261457,1.912542,2.973398,2.973398,0,-1,0,2.973398,64.32176,0,0,0,1.912542,3.129893,2.973398,0,0,0,10.62527,0,1.217351,-1.217351,12.71683,90.8343,0.2143202,3.270738,1.530034,0,12.53782
2/10/2007 5:00:00 PM,0.2524524,16.16959,71.17989,71.11507,0.2856143,1.281837,1.596459,1.596459,0,-1,0,1.596459,80.2925,0,0,0,1.281837,1.680483,1.596459,0,0,1.352612,9.407924,0,0.3986463,-0.3986463,12.29662,87.83281,0.2143202,1.756105,1.025469,0,10.68976
2/10/2007 6:00:00 PM,0.03011975,2.017707,74.25231,85.56364,0.03933476,0.1765344,6.129231,3.33,0,-1,0,3.33,5.301333,0,2.799231,3.412154,0.1765344,3.505263,3.33,0,0,1.795552,9.009277,0,3.328729,-3.328729,8.787829,62.77008,0.2143202,6.742154,0.1412275,0,9.185812
2/10/2007 7:00:00 PM,0,0,76.27493,90,0,0,1.354028,1.354028,0,-1,0,1.354028,0,0,2.220446E-16,0,0,1.425293,1.354028,0,0,5.49414,5.680549,0,1.425293,-1.425293,7.285439,52.03875,0.2143202,1.489431,0,0,5.680549
2/10/2007 8:00:00 PM,0,0,77.43743,90,0,0,0,0,0,-1,0,0,0,0,0,0,0,0,0,0,0,7.077798,4.255256,0,0,0,7.285439,52.03875,0.2143202,0,0,0,4.255256
2/10/2007 9:00:00 PM,0,0,77.63435,90,0,0,2.387136,2.387136,0,-1,0,2.387136,0,0,0,0,0,2.512775,2.387136,0,0,7.077798,4.255256,0,2.512775,-2.512775,4.636742,33.11952,0.2143202,2.62585,0,0,4.255256
2/10/2007 10:00:00 PM,0,0,76.1941,90,0,0,0,0,0,-1,0,0,0,0,0,0,0,0,0,0,0,9.86977,1.742481,0,0,0,4.636742,33.11952,0.2143202,0,0,0,1.742481
2/10/2007 11:00:00 PM,0,0,70.17735,90,0,0,0.2620295,0.2620295,0,-1,0,0.2620295,0,0,0,0,0,0.2758205,0.2620295,0,0,9.86977,1.742481,0,0.2758205,-0.2758205,4.346002,31.0428,0.2143202,0.2882324,0,0,1.742481
2/11/2007 12:00:00 AM,0,0,37.00516,90,0,0,0.0713143,0.0713143,0,-1,0,0.0713143,0,0,0,0,0,0.07506768,0.0713143,0,0,10.17624,1.46666,0,0.07506768,-0.07506768,4.266873,30.4776,0.2143202,0.07844573,0,0,1.46666
2/11/2007 1:00:00 AM,0,0,-58.9364,90,0,0,0.7643322,0.7643322,0,-1,0,0.7643322,0,0,1.110223E-16,0,0,0.8045602,0.7643322,0,0,10.25965,1.391593,0,0.8045602,-0.8045602,3.418792,24.4199,0.2143202,0.8407654,0,0,1.391593
2/11/2007 2:00:00 AM,0,0,-74.21416,90,0,0,0.7940152,0.5576809,0,-1,0,0.5576809,0,0,0.2363343,0.3157358,0,0.5870326,0.5576809,0,0,11.1536,0.5870326,0,0.5870326,-0.5870326,2.800006,20,0.2143202,0.8734167,0,0,0.5870326
2/11/2007 3:00:00 AM,0,0,-77.5183,90,0,0,0.113619,0,0,-1,0,0,0,0,0.113619,0.1249809,0,0,0,0,0,11.80586,0,0,0,0,2.800006,20,0.2143202,0.1249809,0,0,0
2/11/2007 4:00:00 AM,0,0,-78.07661,90,0,0,0.7729083,0,0,-1,0,0,0,0,0.7729083,0.8501992,0,0,0,0,0,11.80586,0,0,0,0,2.800006,20,0.2143202,0.8501992,0,0,0
2/11/2007 5:00:00 AM,0,0,-77.42026,90,0,0,0.9505529,0.9505529,4.455816,0,1.381438,0.9505529,0,0,0,0,0,0,0,3.505263,3.33,11.80586,0,3.33,0,3.33,5.959121,42.56506,0.2148242,1.045608,0,5,0
2/11/2007 6:00:00 AM,0.00007434525,0,-75.90831,90,0,0,0.5187466,0.5187466,4.02401,0,1.263555,0.5187466,0,0,0,0,0,0,0,3.505263,3.33,8.475861,2.997,3.33,0,3.33,9.118237,65.13013,0.2150683,0.5706212,0,5,2.997
2/11/2007 7:00:00 AM,0.06866673,7.577144,-73.51484,79.95716,0.0720166,0.3232105,0,0,3.505263,0,1.121937,0,0,0,0,0,0.3232105,0,0,3.505263,3.33,5.14586,5.994,3.65321,0,3.65321,12.58398,89.88536,0.214873,0,0.2585684,5,6.317211
2/11/2007 8:00:00 AM,0.2634795,21.65195,-69.93269,65.51484,0.2786862,1.250744,2.766869,2.766869,0,0,0,2.766869,45.2043,0,0,0,1.250744,2.912494,2.766869,0,0,1.49265,9.281889,0,1.66175,-1.66175,10.83234,77.37369,0.214873,3.043556,1.000595,0,10.53263
2/11/2007 9:00:00 AM,0.6125348,35.32285,-64.43341,51.22301,0.6606425,2.964963,3.440397,3.33,0,-1,0,3.33,89.03794,0,0.1103967,0.4544364,2.964963,3.505263,3.33,0,0,3.339039,7.620139,0,0.5402996,-0.5402996,10.26281,73.30565,0.214873,3.784436,2.371971,0,10.5851
2/11/2007 10:00:00 AM,0.8206168,48.18057,-55.40068,37.30241,0.8735309,3.920407,2.96778,2.96778,0,0,0,2.96778,132.099,0,0,0,3.920407,3.123979,2.96778,0,0,3.939372,7.07984,0.796428,0,0.796428,11.01837,78.70248,0.2145447,3.264558,3.136325,0,11.00025
2/11/2007 11:00:00 AM,0.9553993,59.1802,-39.26998,24.43911,1.010538,4.535292,0.1455464,0.1455464,0,0,0,0.1455464,3116.046,1.239142,0,0,4.535292,0.1532067,0.1455464,0,0,3.142944,7.796625,3.142944,0,3.142944,14.00003,100,0.2132585,0.160101,3.628234,0,12.33192
2/11/2007 12:00:00 PM,0.9908854,65.65013,-10.85349,15.56701,1.045305,4.691329,1.878267,1.878267,0,0,0,1.878267,249.7691,2.714206,0,0,4.691329,1.977123,1.878267,0,0,0,10.62527,0,0,0,14.00003,100,0.2132585,2.066093,3.753063,0,15.3166
2/11/2007 1:00:00 PM,0.955738,63.9582,23.39391,18.08644,1.008403,4.525713,0.9625221,0.9625221,0,0,0,0.9625221,470.1932,3.512532,0,0,4.525713,1.013181,0.9625221,0,0,0,10.62527,0,0,0,14.00003,100,0.2132585,1.058774,3.62057,0,15.15099
2/11/2007 2:00:00 PM,1.006486,55.27819,46.67874,29.18088,1.06735,4.790268,3.4613,3.33,0,-1,0,3.33,143.8519,1.285005,0.1312996,0.4774296,4.790268,3.505263,3.33,0,0,0,10.62527,0,0,0,14.00003,100,0.2132585,3.80743,3.832215,0,15.41554
2/11/2007 3:00:00 PM,0.5987748,43.36324,59.46965,42.60096,0.6315169,2.834248,3.784667,3.33,0,-1,0,3.33,85.11256,0,0.4546668,0.8331335,2.834248,3.505263,3.33,0,0,0,10.62527,0,0.6710151,-0.6710151,13.29272,94.94778,0.2132585,4.163134,2.267398,0,13.45952
2/11/2007 4:00:00 PM,0.4353004,30.11761,66.8555,56.70647,0.4660783,2.091759,2.866995,2.866995,0,-1,0,2.866995,72.95999,0,0,0,2.091759,3.017889,2.866995,0,0,0.7455723,9.954259,0,0.9261301,-0.9261301,12.31649,87.97475,0.2132585,3.153694,1.673407,0,12.04602
2/11/2007 5:00:00 PM,0.1148338,16.25963,71.48859,71.07275,0.1154177,0.5179948,0.002439056,0.002439056,0,-1,0,0.002439056,21237.51,0,0,0,0.5179948,0.002567427,0.002439056,0,0,1.774606,9.028129,0.5154274,0,0.5154274,12.80547,91.46744,0.2130491,0.002682962,0.4143958,0,9.546124
2/11/2007 6:00:00 PM,0.02721221,2.084696,74.55497,85.5433,0.03224405,0.1447113,0,0,0,-1,0,0,0,0,0,0,0.1447113,0,0,0,0,1.259178,9.492014,0.1447113,0,0.1447113,12.94275,92.44804,0.2129904,0,0.115769,0,9.636724
2/11/2007 7:00:00 PM,0,0,76.58829,90,0,0,0.3987529,0.3987529,0,-1,0,0.3987529,0,0,5.551115E-17,0,0,0.4197399,0.3987529,0,0,1.114467,9.622253,0,0.4197399,-0.4197399,12.50031,89.28773,0.2129904,0.4386282,0,0,9.622253
2/11/2007 8:00:00 PM,0,0,77.78284,90,0,0,4.020838,3.33,0,-1,0,3.33,0,0,0.6908385,1.092922,0,3.505263,3.33,0,0,1.580845,9.202514,0,3.505263,-3.505263,8.805435,62.89584,0.2129904,4.422922,0,0,9.202514
2/11/2007 9:00:00 PM,0,0,78.04601,90,0,0,2.602745,2.602745,0,-1,0,2.602745,0,0,0,0,0,2.739732,2.602745,0,0,5.475582,5.697251,0,2.739732,-2.739732,5.917504,42.2678,0.2129904,2.86302,0,0,5.697251
2/11/2007 10:00:00 PM,0,0,76.74232,90,0,0,0.3080737,0.3080737,0,-1,0,0.3080737,0,0,5.551115E-17,0,0,0.3242881,0.3080737,0,0,8.519729,2.957519,0,0.3242881,-0.3242881,5.575675,39.82616,0.2129904,0.338881,0,0,2.957519
2/11/2007 11:00:00 PM,0,0,71.05746,90,0,0,0.8910522,0.8910522,0,-1,0,0.8910522,0,0,1.110223E-16,0,0,0.9379497,0.8910522,0,0,8.880049,2.633231,0,0.9379497,-0.9379497,4.586988,32.76414,0.2129904,0.9801574,0,0,2.633231
2/12/2007 12:00:00 AM,0,0,38.6202,90,0,0,0.6495213,0.6495213,0,-1,0,0.6495213,0,0,1.110223E-16,0,0,0.6837066,0.6495213,0,0,9.922215,1.695281,0,0.6837066,-0.6837066,3.866298,27.61636,0.2129904,0.7144734,0,0,1.695281
2/12/2007 1:00:00 AM,0,0,-60.27892,90,0,0,0.3384348,0.3384348,0,-1,0,0.3384348,0,0,5.551115E-17,0,0,0.3562472,0.3384348,0,0,10.68189,1.011574,0,0.3562472,-0.3562472,3.490781,24.9341,0.2129904,0.3722783,0,0,1.011574
2/12/2007 2:00:00 AM,0,0,-74.92819,90,0,0,0.8899174,0.6225607,0,-1,0,0.6225607,0,0,0.2673567,0.3563484,0,0.6553271,0.6225607,0,0,11.07772,0.6553271,0,0.6553271,-0.6553271,2.800006,20,0.2129904,0.9789091,0,0,0.6553271
2/12/2007 3:00:00 AM,0,0,-78.00585,90,0,0,1.070387,0,0,-1,0,0,0,0,1.070387,1.177426,0,0,0,0,0,11.80586,0,0,0,0,2.800006,20,0.2129904,1.177426,0,0,0
2/12/2007 4:00:00 AM,0,0,-78.46288,90,0,0,0.7185864,0,0,-1,0,0,0,0,0.7185864,0.790445,0,0,0,0,0,11.80586,0,0,0,0,2.800006,20,0.2129904,0.790445,0,0,0
2/12/2007 5:00:00 AM,0,0,-77.75674,90,0,0,1.2489,1.2489,4.754163,0,1.462887,1.2489,0,0,0,0,0,0,0,3.505263,3.33,11.80586,0,3.33,0,3.33,5.959121,42.56506,0.2136599,1.37379,0,5,0
2/12/2007 6:00:00 AM,0.00007614963,0,-76.22303,90,0,0,0,0,3.505263,0,1.121937,0,0,0,0,0,0,0,0,3.505263,3.33,8.475861,2.997,3.33,0,3.33,9.118237,65.13013,0.2136083,0,0,5,2.997
2/12/2007 7:00:00 AM,0.0455809,7.62886,-73.82738,79.95345,0.04581667,0.2056252,2.89728,2.89728,5,0,1.53,2.89728,7.097182,0,0,0,0.2056252,0,0,2.10272,1.997584,5.14586,5.994,2.20321,0,2.20321,11.20838,80.05973,0.2140325,3.187008,0.1645002,5,6.199625
2/12/2007 8:00:00 AM,0.2162909,21.72914,-70.26033,65.48806,0.2221767,0.9971289,0,0,0,0,0,0,0,0,0,0,0.9971289,0,0,0,0,2.942651,7.976889,0.9971289,0,0.9971289,12.15434,86.81657,0.2136335,0,0.7977031,0,8.974017
2/12/2007 9:00:00 AM,0.3573093,35.43389,-64.79374,51.16729,0.365148,1.638784,0,0,0,-1,0,0,0,0,0,0,1.638784,0,0,0,0,1.945522,8.874305,1.638784,0,1.638784,13.70903,97.92146,0.2129809,0,1.311028,0,10.51309
2/12/2007 10:00:00 AM,0.5939444,48.34042,-55.80677,37.20411,0.6183068,2.774961,1.152082,1.152082,0,0,0,1.152082,240.8648,1.255505,0,0,2.774961,1.212718,1.152082,0,0,0.3067374,10.34921,0.3067374,0,0.3067374,14.00003,100,0.2128592,1.26729,2.219969,0,13.12417
2/12/2007 11:00:00 AM,0.8087398,59.41188,-39.6853,24.26564,0.8495196,3.812644,0.3937586,0.3937586,0,0,0,0.3937586,968.2693,3.398161,0,0,3.812644,0.4144827,0.3937586,0,0,0,10.62527,0,0,0,14.00003,100,0.2128592,0.4331345,3.050115,0,14.43792
2/12/2007 12:00:00 PM,0.8875219,65.95596,-11.02789,15.27111,0.9320218,4.182914,2.613079,2.613079,0,0,0,2.613079,160.0761,1.432305,0,0,4.182914,2.750609,2.613079,0,0,0,10.62527,0,0,0,14.00003,100,0.2128592,2.874387,3.346331,0,14.80819
2/12/2007 1:00:00 PM,0.9228157,64.24924,23.66425,17.82548,0.9717687,4.361298,0,0,0,0,0,0,0,4.361298,0,0,4.361298,0,0,0,0,0,10.62527,0,0,0,14.00003,100,0.2128592,0,3.489038,0,14.98657
2/12/2007 2:00:00 PM,0.7349234,55.49552,47.07793,29.0231,0.7703906,3.457513,5.371774,3.33,0,-1,0,3.33,103.8292,0,2.041774,2.578951,3.457513,3.505263,3.33,0,0,0,10.62527,0,0.04775019,-0.04775019,13.94969,99.64048,0.2128592,5.908951,2.76601,0,14.08279
2/12/2007 3:00:00 PM,0.4338726,43.5211,59.84362,42.5007,0.4427364,1.987001,1.324438,1.324438,0,-1,0,1.324438,150.026,0.5398,0,0,1.987001,1.394145,1.324438,0,0,0.05305577,10.57752,0.05305577,0,0.05305577,14.00003,100,0.2128381,1.456882,1.589601,0,12.56452
2/12/2007 4:00:00 PM,0.2994247,30.23468,67.19263,56.64157,0.3058935,1.37285,2.692308,2.692308,0,-1,0,2.692308,50.99156,0,0,0,1.37285,2.834008,2.692308,0,0,0,10.62527,0,1.461159,-1.461159,12.45983,88.99862,0.2128381,2.961539,1.09828,0,11.99812
2/12/2007 5:00:00 PM,0.1208176,16.3473,71.80281,71.03369,0.1216544,0.5459847,5.567346,3.33,0,-1,0,3.33,16.39594,0,2.237346,2.794081,0.5459847,3.505263,3.33,0,0,1.62351,9.164116,0,2.959278,-2.959278,9.340478,66.71757,0.2128381,6.124081,0.4367878,0,9.7101
2/12/2007 6:00:00 PM,0.03722164,2.149338,74.86253,85.52609,0.05592259,0.2509806,0,0,0,-1,0,0,0,0,0,0,0.2509806,0,0,0,0,4.911597,6.204837,0.2509806,0,0.2509806,9.578579,68.41829,0.2127387,0,0.2007845,0,6.455818
2/12/2007 7:00:00 PM,0,0,76.90639,90,0,0,0,0,0,-1,0,0,0,0,0,0,0,0,0,0,0,4.660616,6.43072,0,0,0,9.578579,68.41829,0.2127387,0,0,0,6.43072
2/12/2007 8:00:00 PM,0,0,78.13319,90,0,0,3.419066,3.33,0,-1,0,3.33,0,0,0.08906585,0.4309724,0,3.505263,3.33,0,0,4.660616,6.43072,0,3.505263,-3.505263,5.883708,42.0264,0.2127387,3.760972,0,0,6.43072
2/12/2007 9:00:00 PM,0,0,78.46339,90,0,0,6.52763,2.779184,0,-1,0,2.779184,0,0,3.748446,4.401209,0,2.925457,2.779184,0,0,8.555353,2.925457,0,2.925457,-2.925457,2.800006,20,0.2127387,7.180393,0,0,2.925457
2/12/2007 10:00:00 PM,0,0,77.29832,90,0,0,1.41879,0,0,-1,0,0,0,0,1.41879,1.560669,0,0,0,0,0,11.80586,0,0,0,0,2.800006,20,0.2127387,1.560669,0,0,0
2/12/2007 11:00:00 PM,0,0,71.95347,90,0,0,0.7510828,0,0,-1,0,0,0,0,0.7510828,0.8261911,0,0,0,0,0,11.80586,0,0,0,0,2.800006,20,0.2127387,0.8261911,0,0,0
2/13/2007 12:00:00 AM,0,0,40.34837,90,0,0,0.4037726,0,0,-1,0,0,0,0,0.4037726,0.4441498,0,0,0,0,0,11.80586,0,0,0,0,2.800006,20,0.2127387,0.4441498,0,0,0
2/13/2007 1:00:00 AM,0,0,-61.68381,90,0,0,0,0,0,-1,0,0,0,0,0,0,0,0,0,0,0,11.80586,0,0,0,0,2.800006,20,0.2127387,0,0,0,0
2/13/2007 2:00:00 AM,0,0,-75.65668,90,0,0,0.343438,0,0,-1,0,0,0,0,0.343438,0.3777818,0,0,0,0,0,11.80586,0,0,0,0,2.800006,20,0.2127387,0.3777818,0,0,0
2/13/2007 3:00:00 AM,0,0,-78.50099,90,0,0,0.2830038,0,0,-1,0,0,0,0,0.2830038,0.3113042,0,0,0,0,0,11.80586,0,0,0,0,2.800006,20,0.2127387,0.3113042,0,0,0
2/13/2007 4:00:00 AM,0,0,-78.85446,90,0,0,0.6717375,0,0,-1,0,0,0,0,0.6717375,0.7389112,0,0,0,0,0,11.80586,0,0,0,0,2.800006,20,0.2127387,0.7389112,0,0,0
2/13/2007 5:00:00 AM,0,0,-78.09753,90,0,0,0.3375488,0.3375488,3.842812,0,1.214088,0.3375488,0,0,0,0,0,0,0,3.505263,3.33,11.80586,0,3.33,0,3.33,5.959121,42.56506,0.2128831,0.3713037,0,5,0
2/13/2007 6:00:00 AM,0.00008731717,0,-76.5416,90,0,0,0.01669472,0.01669472,3.521958,0,1.126495,0.01669472,0,0,0,0,0,0,0,3.505263,3.33,8.475861,2.997,3.33,0,3.33,9.118237,65.13013,0.2128468,0.01836419,0,5,2.997
2/13/2007 7:00:00 AM,0.08865976,7.684241,-74.14365,79.94675,0.0989757,0.4442029,4.598401,4.598401,5,0,1.53,4.598401,9.659944,5.551115E-17,0,0,0.4442029,0,0,0.401599,0.3815191,5.14586,5.994,0.825722,0,0.825722,9.901585,70.72546,0.2129828,5.058241,0.3553623,5,6.438203
2/13/2007 8:00:00 AM,0.1287222,21.80985,-70.59188,65.45848,0.1286091,0.5771977,0.9816751,0.9816751,4.486938,0,1.389934,0.9816751,58.79723,4.440892E-16,0,0,0.5771977,0,0,3.505263,3.33,4.320138,6.73715,3.907198,0,3.907198,13.60828,97.20179,0.2132558,1.079843,0.4617582,5,7.314348
2/13/2007 9:00:00 AM,0.3363257,35.54836,-65.15853,51.109,0.3417675,1.533853,1.505264,1.505264,0,-1,0,1.505264,101.8992,0,0,0,1.533853,1.584489,1.505264,0,0,0.4129405,10.25363,0,0.05063606,-0.05063606,13.5549,96.82054,0.2132558,1.655791,1.227082,0,11.78748
2/13/2007 10:00:00 AM,0.4173686,48.50376,-56.21845,37.10349,0.4216471,1.892352,2.605293,2.605293,0,0,0,2.605293,72.6349,0,0,0,1.892352,2.742414,2.605293,0,0,0.4692028,10.20299,0,0.8500617,-0.8500617,12.65886,90.42024,0.2132558,2.865822,1.513882,0,12.09534
2/13/2007 11:00:00 AM,0.5455763,59.64752,-40.1073,24.08985,0.5545874,2.488988,0,0,0,0,0,0,0,1.075272,0,0,2.488988,0,0,0,0,1.413716,9.35293,1.413716,0,1.413716,14.00003,100,0.2127075,0,1.99119,0,11.84192
2/13/2007 12:00:00 PM,0.611067,66.26645,-11.20109,14.97086,0.6230194,2.796111,2.464628,2.464628,0,0,0,2.464628,113.4496,0.2017663,0,0,2.796111,2.594345,2.464628,0,0,0,10.62527,0,0,0,14.00003,100,0.2127075,2.71109,2.236889,0,13.42138
2/13/2007 1:00:00 PM,0.6216868,64.54243,23.95106,17.56458,0.6355038,2.852141,1.247047,1.247047,0,0,0,1.247047,228.7115,1.53946,0,0,2.852141,1.312681,1.247047,0,0,0,10.62527,0,0,0,14.00003,100,0.2127075,1.371752,2.281713,0,13.47742
2/13/2007 2:00:00 PM,0.5538771,55.71205,47.49093,28.86841,0.5659182,2.539841,0,0,0,-1,0,0,0,2.539841,0,0,2.539841,0,0,0,0,0,10.62527,0,0,0,14.00003,100,0.2127075,0,2.031873,0,13.16512
2/13/2007 3:00:00 PM,0.4888447,43.677,60.22683,42.40392,0.503894,2.261476,0.5566725,0.5566725,0,-1,0,0.5566725,406.2489,1.675505,0,0,2.261476,0.5859711,0.5566725,0,0,0,10.62527,0,0,0,14.00003,100,0.2127075,0.6123398,1.809181,0,12.88675
2/13/2007 4:00:00 PM,0.2134706,30.34943,67.53648,56.58009,0.2138417,0.9597214,2.916716,2.916716,0,-1,0,2.916716,32.90418,0,0,0,0.9597214,3.070227,2.916716,0,0,0,10.62527,0,2.110506,-2.110506,11.77536,84.10954,0.2127075,3.208387,0.7677772,0,11.585
2/13/2007 5:00:00 PM,0.08166394,16.43256,72.12248,70.99791,0.08155169,0.366004,0,0,0,-1,0,0,0,0,0,0,0.366004,0,0,0,0,2.345006,8.514769,0.366004,0,0.366004,12.12258,86.58969,0.212566,0,0.2928032,0,8.880773
2/13/2007 6:00:00 PM,0.03569356,2.211607,75.17492,85.51203,0.05011444,0.2249136,9.041554,3.33,0,-1,0,3.33,6.754162,0,5.711555,6.61571,0.2249136,3.505263,3.33,0,0,1.979002,8.844172,0,3.280349,-3.280349,8.664789,61.89123,0.212566,9.94571,0.1799309,0,9.069086
2/13/2007 7:00:00 PM,0,0,77.22911,90,0,0,5.684214,3.33,0,-1,0,3.33,0,0,2.354214,2.922636,0,3.505263,3.33,0,0,5.623835,5.563822,0,3.505263,-3.505263,4.969918,35.49934,0.212566,6.252635,0,0,5.563822
2/13/2007 8:00:00 PM,0,0,78.48839,90,0,0,1.469523,1.469523,0,-1,0,1.469523,0,0,2.220446E-16,0,0,1.546866,1.469523,0,0,9.518572,2.058559,0,1.546866,-1.546866,3.339377,23.85265,0.212566,1.616475,0,0,2.058559
2/13/2007 9:00:00 PM,0,0,78.88639,90,0,0,0,0,0,-1,0,0,0,0,0,0,0,0,0,0,0,11.23731,0.5116929,0,0,0,3.339377,23.85265,0.212566,0,0,0,0.5116929
2/13/2007 10:00:00 PM,0,0,77.86202,90,0,0,0,0,0,-1,0,0,0,0,0,0,0,0,0,0,0,11.23731,0.5116929,0,0,0,3.339377,23.85265,0.212566,0,0,0,0.5116929
2/13/2007 11:00:00 PM,0,0,72.8654,90,0,0,0,0,0,-1,0,0,0,0,0,0,0,0,0,0,0,11.23731,0.5116929,0,0,0,3.339377,23.85265,0.212566,0,0,0,0.5116929
2/14/2007 12:00:00 AM,0,0,42.20191,90,0,0,0.638345,0.4861082,0,-1,0,0.4861082,0,0,0.1522367,0.2160712,0,0.5116929,0.4861082,0,0,11.23731,0.5116929,0,0.5116929,-0.5116929,2.800006,20,0.212566,0.7021795,0,0,0.5116929
2/14/2007 1:00:00 AM,0,0,-63.15116,90,0,0,0.4703051,0,0,-1,0,0,0,0,0.4703051,0.5173356,0,0,0,0,0,11.80586,0,0,0,0,2.800006,20,0.212566,0.5173356,0,0,0
2/14/2007 2:00:00 AM,0,0,-76.39915,90,0,0,0.9335166,0,0,-1,0,0,0,0,0.9335166,1.026868,0,0,0,0,0,11.80586,0,0,0,0,2.800006,20,0.212566,1.026868,0,0,0
2/14/2007 3:00:00 AM,0,0,-79.00346,90,0,0,0.792712,0,0,-1,0,0,0,0,0.792712,0.8719833,0,0,0,0,0,11.80586,0,0,0,0,2.800006,20,0.212566,0.8719833,0,0,0
2/14/2007 4:00:00 AM,0,0,-79.2512,90,0,0,1.416696,0,0,-1,0,0,0,0,1.416696,1.558366,0,0,0,0,0,11.80586,0,0,0,0,2.800006,20,0.212566,1.558366,0,0,0
2/14/2007 5:00:00 AM,0,0,-78.44252,90,0,0,0.6253682,0.6253682,4.130631,0,1.292662,0.6253682,0,4.440892E-16,0,0,0,0,0,3.505263,3.33,11.80586,0,3.33,0,3.33,5.959121,42.56506,0.2128658,0.687905,0,5,0
2/14/2007 6:00:00 AM,0.0001616797,0,-76.86394,90,0,0,0.7284318,0.7284318,4.233695,0,1.320799,0.7284318,0,0,0,0,0,0,0,3.505263,3.33,8.475861,2.997,3.33,0,3.33,9.118237,65.13013,0.2132181,0.8012749,0,5,2.997
2/14/2007 7:00:00 AM,0.09966396,7.743261,-74.46358,79.9371,0.1153029,0.5174796,3.030558,3.030558,5,0,1.53,3.030558,17.07539,0,0,0,0.5174796,0,0,1.969442,1.87097,5.14586,5.994,2.38845,0,2.38845,11.38412,81.31497,0.2136423,3.333614,0.4139837,5,6.511479
2/14/2007 8:00:00 AM,0.2774237,21.89404,-70.92728,65.42615,0.2943174,1.320896,3.270456,3.270456,4.635145,0,1.430395,3.270456,40.38875,0,0,0,1.320896,0,0,1.364689,1.296454,2.757411,8.143604,2.617351,0,2.617351,13.86716,99.05091,0.2140613,3.597502,1.056717,5,9.464501
2/14/2007 9:00:00 AM,0.5766178,35.6662,-65.52773,51.04821,0.6173423,2.770632,2.861035,2.861035,0,-1,0,2.861035,96.8402,0,4.440892E-16,0,2.770632,3.011616,2.861035,0,0,0.1400601,10.49922,0,0.2409837,-0.2409837,13.61314,97.2365,0.2140613,3.147139,2.216506,0,13.26985
2/14/2007 10:00:00 AM,0.7166638,48.67048,-56.63575,37.00067,0.7563497,3.394497,3.878973,3.878973,1.25,0,0.50625,3.878973,87.5102,0.219337,0,0,3.394497,2.76734,2.628973,0,0,0.4078198,10.25824,0.4078198,0,0.4078198,14.00003,100,0.2139061,4.266871,2.715598,5,13.65273
2/14/2007 11:00:00 AM,0.980491,59.887,-40.5362,23.91188,1.03414,4.641218,1.502256,1.502256,0,0,0,1.502256,308.9499,3.059896,0,0,4.641218,1.581322,1.502256,0,0,0,10.62527,0,0,0,14.00003,100,0.2139061,1.652482,3.712975,0,15.26649
2/14/2007 12:00:00 PM,1.077367,66.5815,-11.37312,14.66636,1.133986,5.089328,3.721237,3.721237,1.25,0,0.50625,3.721237,136.7644,2.488026,0,0,5.089328,2.601302,2.471237,0,0,0,10.62527,0,0,0,14.00003,100,0.2139061,4.093361,4.071463,5,15.7146
2/14/2007 1:00:00 PM,1.016835,64.83759,24.25488,17.30405,1.070524,4.804509,4.14206,4.14206,1.25,0,0.50625,4.14206,115.9932,1.760236,0,0,4.804509,3.044273,2.89206,0,0,0,10.62527,0,0,0,14.00003,100,0.2139061,4.556266,3.843607,5,15.42978
2/14/2007 2:00:00 PM,0.9602928,55.92762,47.91784,28.71702,1.014779,4.554327,1.996606,1.996606,0,-1,0,1.996606,228.1035,2.452637,0,0,4.554327,2.10169,1.996606,0,0,0,10.62527,0,0,0,14.00003,100,0.2139061,2.196266,3.643462,0,15.1796
2/14/2007 3:00:00 PM,0.7405637,43.83082,60.61921,42.31072,0.7882925,3.537857,0,0,0,-1,0,0,0,3.537857,0,0,3.537857,0,0,0,0,0,10.62527,0,0,0,14.00003,100,0.2139061,0,2.830285,0,14.16313
2/14/2007 4:00:00 PM,0.4454575,30.46176,67.88697,56.5221,0.4757196,2.13503,0,0,0,-1,0,0,0,2.13503,0,0,2.13503,0,0,0,0,0,10.62527,0,0,0,14.00003,100,0.2139061,0,1.708024,0,12.7603
2/14/2007 5:00:00 PM,0.1563212,16.51535,72.44749,70.96546,0.1604181,0.7199565,0,0,0,-1,0,0,0,0.7199565,0,0,0.7199565,0,0,0,0,0,10.62527,0,0,0,14.00003,100,0.2139061,0,0.5759652,0,11.34523
2/14/2007 6:00:00 PM,0.01949008,2.271484,75.49203,85.50113,0.02009361,0.09018012,4.114313,3.33,0,-1,0,3.33,2.708112,4.440892E-16,0.7843124,1.195744,0.09018012,3.505263,3.33,0,0,0,10.62527,0,3.415083,-3.415083,10.40021,74.28709,0.2139061,4.525743,0.0721441,0,10.71545
2/14/2007 7:00:00 PM,0,0,77.55638,90,0,0,3.38594,3.33,0,-1,0,3.33,0,0,0.0559398,0.3945338,0,3.505263,3.33,0,0,3.794537,7.210191,0,3.505263,-3.505263,6.705343,47.89521,0.2139061,3.724534,0,0,7.210191
2/14/2007 8:00:00 PM,0,0,78.84835,90,0,0,3.796455,3.33,0,-1,0,3.33,0,0,0.4664554,0.8461009,0,3.505263,3.33,0,0,7.689273,3.704928,0,3.505263,-3.505263,3.010471,21.50332,0.2139061,4.176101,0,0,3.704928
2/14/2007 9:00:00 PM,0,0,79.31493,90,0,0,3.020025,0.1896816,0,-1,0,0.1896816,0,0,2.830343,3.132346,0,0.1996648,0.1896816,0,0,11.58401,0.1996648,0,0.1996648,-0.1996648,2.800006,20,0.2139061,3.322028,0,0,0.1996648
2/14/2007 10:00:00 PM,0,0,78.43336,90,0,0,0.615889,0,0,-1,0,0,0,0,0.615889,0.6774778,0,0,0,0,0,11.80586,0,0,0,0,2.800006,20,0.2139061,0.6774778,0,0,0
2/14/2007 11:00:00 PM,0,0,73.79327,90,0,0,0,0,0,-1,0,0,0,0,0,0,0,0,0,0,0,11.80586,0,0,0,0,2.800006,20,0.2139061,0,0,0,0
2/15/2007 12:00:00 AM,0,0,44.19438,90,0,0,0.9114817,0,0,-1,0,0,0,0,0.9114817,1.00263,0,0,0,0,0,11.80586,0,0,0,0,2.800006,20,0.2139061,1.00263,0,0,0
2/15/2007 1:00:00 AM,0,0,-64.68063,90,0,0,0.7689038,0,0,-1,0,0,0,0,0.7689038,0.8457942,0,0,0,0,0,11.80586,0,0,0,0,2.800006,20,0.2139061,0.8457942,0,0,0
2/15/2007 2:00:00 AM,0,0,-77.15504,90,0,0,0.4092005,0,0,-1,0,0,0,0,0.4092005,0.4501206,0,0,0,0,0,11.80586,0,0,0,0,2.800006,20,0.2139061,0.4501206,0,0,0
2/15/2007 3:00:00 AM,0,0,-79.51297,90,0,0,0.2903298,0,0,-1,0,0,0,0,0.2903298,0.3193627,0,0,0,0,0,11.80586,0,0,0,0,2.800006,20,0.2139061,0.3193627,0,0,0
2/15/2007 4:00:00 AM,0,0,-79.65289,90,0,0,0.6500255,0,0,-1,0,0,0,0,0.6500255,0.7150281,0,0,0,0,0,11.80586,0,0,0,0,2.800006,20,0.2139061,0.7150281,0,0,0
2/15/2007 5:00:00 AM,0,0,-78.79156,90,0,0,1.971474,1.971474,5,0,1.53,1.971474,0,0,0,0,0,0,0,3.028526,2.8771,11.80586,0,2.8771,0,2.8771,5.529462,39.49608,0.2144426,2.168622,0,5,0
2/15/2007 6:00:00 AM,0.0002859533,0,-77.18993,90,0,0,0.6807377,0.6807377,4.186001,0,1.307778,0.6807377,0,4.440892E-16,0,0,0,0,0,3.505263,3.33,8.928761,2.58939,3.33,0,3.33,8.688577,62.06114,0.214753,0.7488115,0,5,2.58939
2/15/2007 7:00:00 AM,0.1480755,7.805889,-74.78706,79.92449,0.1884125,0.8455951,0.207104,0.207104,3.712367,0,1.178476,0.207104,408.2948,0,0,0,0.8455951,0,0,3.505263,3.33,5.598761,5.58639,4.175595,0,4.175595,12.64989,90.35621,0.2144914,0.2278145,0.6764761,5,6.431984
2/15/2007 8:00:00 AM,0.3728271,21.98165,-71.26644,65.3911,0.4108486,1.843888,0.3241996,0.3241996,0,0,0,0.3241996,568.751,0.07945997,0,0,1.843888,0.3412627,0.3241996,0,0,1.423166,9.344425,1.423166,0,1.423166,14.00003,100,0.2139597,0.3566195,1.475111,0,11.18831
2/15/2007 9:00:00 AM,0.6334869,35.78732,-65.90133,50.98499,0.6796649,3.050336,0,0,0,-1,0,0,0,3.050336,0,0,3.050336,0,0,0,0,0,10.62527,0,0,0,14.00003,100,0.2139597,0,2.440269,0,13.67561
2/15/2007 10:00:00 AM,0.7856286,48.84048,-57.0587,36.89575,0.831638,3.732391,0,0,0,0,0,0,0,3.732391,0,0,3.732391,0,0,0,0,0,10.62527,0,0,0,14.00003,100,0.2139597,0,2.985913,0,14.35767
2/15/2007 11:00:00 AM,0.8122204,60.13022,-40.9722,23.73193,0.8507783,3.818293,2.867182,2.867182,0,0,0,2.867182,133.1723,0.8002069,0,0,3.818293,3.018086,2.867182,0,0,0,10.62527,0,0,0,14.00003,100,0.2139597,3.1539,3.054634,0,14.44357
2/15/2007 12:00:00 PM,1.007483,66.90103,-11.54398,14.35771,1.058954,4.752586,4.652096,4.652096,1.322096,0,0.5259323,4.652096,102.1601,1.247323,0,0,4.752586,3.505263,3.33,0,0,0,10.62527,0,0,0,14.00003,100,0.2139597,5.117306,3.802069,5,15.37786
2/15/2007 1:00:00 PM,1.043459,65.13455,24.57625,17.04421,1.097661,4.926303,3.755121,3.755121,1.25,0,0.50625,3.755121,131.1889,2.289333,0,0,4.926303,2.63697,2.505121,0,0,0,10.62527,0,0,0,14.00003,100,0.2139597,4.130634,3.941042,5,15.55158
2/15/2007 2:00:00 PM,0.9020335,56.14202,48.35876,28.56917,0.9517526,4.271466,9.101135,3.33,0,-1,0,3.33,128.2722,0.7662024,5.771135,6.681248,4.271466,3.505263,3.33,0,0,0,10.62527,0,0,0,14.00003,100,0.2139597,10.01125,3.417172,0,14.89674
2/15/2007 3:00:00 PM,0.7487543,43.98243,61.02069,42.22123,0.7961504,3.573123,0,0,0,-1,0,0,0,3.573123,0,0,3.573123,0,0,0,0,0,10.62527,0,0,0,14.00003,100,0.2139597,0,2.858499,0,14.1984
2/15/2007 4:00:00 PM,0.4826699,30.57159,68.24397,56.46767,0.518597,2.327463,1.497838,1.497838,0,-1,0,1.497838,155.3882,0.7507914,0,0,2.327463,1.576672,1.497838,0,0,0,10.62527,0,0,0,14.00003,100,0.2139597,1.647622,1.861971,0,12.95274
2/15/2007 5:00:00 PM,0.2650704,16.59562,72.77774,70.93637,0.2969995,1.332934,0,0,0,-1,0,0,0,1.332934,0,0,1.332934,0,0,0,0,0,10.62527,0,0,0,14.00003,100,0.2139597,0,1.066347,0,11.95821
2/15/2007 6:00:00 PM,0.03398034,2.328948,75.81377,85.49339,0.04370831,0.1961629,1.186148,1.186148,0,-1,0,1.186148,16.5378,0,0,0,0.1961629,1.248577,1.186148,0,0,0,10.62527,0,1.052414,-1.052414,12.89069,92.07614,0.2139597,1.304763,0.1569303,0,10.82144
2/15/2007 7:00:00 PM,0,0,77.88811,90,0,0,4.754439,3.33,0,-1,0,3.33,0,0,1.42444,1.899883,0,3.505263,3.33,0,0,1.169349,9.57286,0,3.505263,-3.505263,9.195814,65.68426,0.2139597,5.229884,0,0,9.57286
2/15/2007 8:00:00 PM,0,0,79.21298,90,0,0,1.776789,1.776789,0,-1,0,1.776789,0,0,2.220446E-16,0,0,1.870304,1.776789,0,0,5.064086,6.067597,0,1.870304,-1.870304,7.22434,51.60233,0.2139597,1.954468,0,0,6.067597
2/15/2007 9:00:00 PM,0,0,79.74892,90,0,0,2.702003,2.702003,0,-1,0,2.702003,0,0,4.440892E-16,0,0,2.844214,2.702003,0,0,7.142202,4.197293,0,2.844214,-2.844214,4.226275,30.18762,0.2139597,2.972204,0,0,4.197293
2/15/2007 10:00:00 PM,0,0,79.01223,90,0,0,1.044271,1.044271,0,-1,0,1.044271,0,0,2.220446E-16,0,0,1.099233,1.044271,0,0,10.30244,1.353078,0,1.099233,-1.099233,3.067582,21.91126,0.2139597,1.148698,0,0,1.353078
2/15/2007 11:00:00 PM,0,0,74.73705,90,0,0,0.3384628,0.2411532,0,-1,0,0.2411532,0,0,0.09730958,0.1311558,0,0.2538455,0.2411532,0,0,11.52381,0.2538455,0,0.2538455,-0.2538455,2.800006,20,0.2139597,0.372309,0,0,0.2538455
2/16/2007 12:00:00 AM,0,0,46.3406,90,0,0,0.7429036,0,0,-1,0,0,0,0,0.7429036,0.817194,0,0,0,0,0,11.80586,0,0,0,0,2.800006,20,0.2139597,0.817194,0,0,0
2/16/2007 1:00:00 AM,0,0,-66.27139,90,0,0,0.07664933,0,0,-1,0,0,0,0,0.07664933,0.08431426,0,0,0,0,0,11.80586,0,0,0,0,2.800006,20,0.2139597,0.08431426,0,0,0
2/16/2007 2:00:00 AM,0,0,-77.92377,90,0,0,0.8391688,0,0,-1,0,0,0,0,0.8391688,0.9230857,0,0,0,0,0,11.80586,0,0,0,0,2.800006,20,0.2139597,0.9230857,0,0,0
2/16/2007 3:00:00 AM,0,0,-80.02924,90,0,0,0,0,0,-1,0,0,0,0,0,0,0,0,0,0,0,11.80586,0,0,0,0,2.800006,20,0.2139597,0,0,0,0
2/16/2007 4:00:00 AM,0,0,-80.05939,90,0,0,0.9529516,0,0,-1,0,0,0,0,0.9529516,1.048247,0,0,0,0,0,11.80586,0,0,0,0,2.800006,20,0.2139597,1.048247,0,0,0
2/16/2007 5:00:00 AM,0,0,-79.14452,90,0,0,0.8601968,0.8601968,4.36546,0,1.356771,0.8601968,0,0,0,0,0,0,0,3.505263,3.33,11.80586,0,3.33,0,3.33,5.959121,42.56506,0.2143624,0.9462164,0,5,0
2/16/2007 6:00:00 AM,0.0003252406,0,-77.51946,90,0,0,1.373162,1.373162,4.878425,0,1.49681,1.373162,0,4.440892E-16,0,0,0,0,0,3.505263,3.33,8.475861,2.997,3.33,0,3.33,9.118237,65.13013,0.2149641,1.510478,0,5,2.997
2/16/2007 7:00:00 AM,0.1380748,7.872089,-75.11404,79.90896,0.1732403,0.7775025,0.2086541,0.2086541,3.713917,0,1.178899,0.2086541,372.6276,0,0,0,0.7775025,0,0,3.505263,3.33,5.14586,5.994,4.107502,0,4.107502,13.01496,92.96378,0.2147323,0.2295195,0.6220021,5,6.771502
2/16/2007 8:00:00 AM,0.4251846,22.07262,-71.60932,65.35339,0.4697599,2.108282,3.998477,3.998477,2.982048,0,0.9790992,3.998477,52.72714,0,0,0,2.108282,1.069925,1.016428,0,0,1.038358,9.690752,1.038358,0,1.038358,14.00003,100,0.2148624,4.398324,1.686626,5,11.79903
2/16/2007 9:00:00 AM,0.6832837,35.91165,-66.27927,50.91941,0.732497,3.287447,2.53503,2.53503,0,-1,0,2.53503,129.6808,0.6189947,0,0,3.287447,2.668452,2.53503,0,0,0,10.62527,0,0,0,14.00003,100,0.2148624,2.788532,2.629957,0,13.91272
2/16/2007 10:00:00 AM,0.869348,49.01366,-57.48735,36.78886,0.9204128,4.130813,3.620623,3.620623,1.25,0,0.50625,3.620623,114.0912,1.63542,0,0,4.130813,2.495393,2.370623,0,0,0,10.62527,0,0,0,14.00003,100,0.2148624,3.982686,3.30465,5,14.75609
2/16/2007 11:00:00 AM,1.044829,60.37705,-41.41552,23.55016,1.100198,4.93769,9.370234,8.33,5,0,1.53,8.33,59.27599,1.432427,1.040233,1.977257,4.93769,3.505263,3.33,0,0,0,10.62527,0,0,0,14.00003,100,0.2148624,10.30726,3.950152,5,15.56296
2/16/2007 12:00:00 PM,1.113587,67.22496,-11.71371,14.04502,1.170084,5.251338,2.875959,2.875959,0,0,0,2.875959,182.5943,2.224013,0,0,5.251338,3.027325,2.875959,0,0,0,10.62527,0,0,0,14.00003,100,0.2148624,3.163555,4.20107,0,15.87661
2/16/2007 1:00:00 PM,0.9489303,65.43314,24.91575,16.7854,0.9961089,4.470537,8.908484,8.33,5,0,1.53,8.33,53.66791,0.9652737,0.5784842,1.469333,4.470537,3.505263,3.33,0,0,0,10.62527,0,0,0,14.00003,100,0.2148624,9.799333,3.576429,5,15.09581
2/16/2007 2:00:00 PM,0.8983819,56.35509,48.81378,28.42507,0.9468172,4.249315,1.990157,1.990157,0,-1,0,1.990157,213.5166,2.154413,0,0,4.249315,2.094903,1.990157,0,0,0,10.62527,0,0,0,14.00003,100,0.2148624,2.189173,3.399452,0,14.87459
2/16/2007 3:00:00 PM,0.7640924,44.13171,61.43118,42.13558,0.8116382,3.642632,0.7776573,0.7776573,0,-1,0,0.7776573,468.411,2.824046,0,0,3.642632,0.8185866,0.7776573,0,0,0,10.62527,0,0,0,14.00003,100,0.2148624,0.855423,2.914106,0,14.26791
2/16/2007 4:00:00 PM,0.4924699,30.67885,68.6074,56.41685,0.5289982,2.374144,1.448169,1.448169,0,-1,0,1.448169,163.9411,0.849756,0,0,2.374144,1.524388,1.448169,0,0,0,10.62527,0,0,0,14.00003,100,0.2148624,1.592985,1.899315,0,12.99942
2/16/2007 5:00:00 PM,0.2182845,16.67334,73.11312,70.91068,0.2355299,1.057058,1.552214,1.552214,0,-1,0,1.552214,68.10004,0,2.220446E-16,0,1.057058,1.633909,1.552214,0,0,0,10.62527,0,0.5768511,-0.5768511,13.39197,95.65676,0.2148624,1.707435,0.8456466,0,11.68233
2/16/2007 6:00:00 PM,0.02550854,2.383985,76.14005,85.4888,0.02761296,0.123927,5.105686,3.33,0,-1,0,3.33,3.721531,0,1.775686,2.286255,0.123927,3.505263,3.33,0,0,0.6409457,10.04842,0,3.381336,-3.381336,9.827732,70.19794,0.2148624,5.616255,0.09914158,0,10.17235
2/16/2007 7:00:00 PM,0,0,78.2242,90,0,0,3.248481,3.248481,0,-1,0,3.248481,0,0,4.440892E-16,0.2433289,0,3.419453,3.248481,0,0,4.397986,6.667087,0,3.419453,-3.419453,6.223312,44.45214,0.2148624,3.573329,0,0,6.667087
2/16/2007 8:00:00 PM,0,0,79.58221,90,0,0,5.236295,3.085252,0,-1,0,3.085252,0,0,2.151043,2.674673,0,3.247633,3.085252,0,0,8.197379,3.247633,0,3.247633,-3.247633,2.800006,20,0.2148624,5.759924,0,0,3.247633
2/16/2007 9:00:00 PM,0,0,80.18826,90,0,0,2.782691,0,0,-1,0,0,0,0,2.782691,3.06096,0,0,0,0,0,11.80586,0,0,0,0,2.800006,20,0.2148624,3.06096,0,0,0
2/16/2007 10:00:00 PM,0,0,79.59856,90,0,0,0.3447773,0,0,-1,0,0,0,0,0.3447773,0.379255,0,0,0,0,0,11.80586,0,0,0,0,2.800006,20,0.2148624,0.379255,0,0,0
2/16/2007 11:00:00 PM,0,0,75.69671,90,0,0,1.657828,0,0,-1,0,0,0,0,1.657828,1.823611,0,0,0,0,0,11.80586,0,0,0,0,2.800006,20,0.2148624,1.823611,0,0,0
2/17/2007 12:00:00 AM,0,0,48.65663,90,0,0,0.6001479,0,0,-1,0,0,0,0,0.6001479,0.6601627,0,0,0,0,0,11.80586,0,0,0,0,2.800006,20,0.2148624,0.6601627,0,0,0
2/17/2007 1:00:00 AM,0,0,-67.92207,90,0,0,0.6373046,0,0,-1,0,0,0,0,0.6373046,0.7010351,0,0,0,0,0,11.80586,0,0,0,0,2.800006,20,0.2148624,0.7010351,0,0,0
2/17/2007 2:00:00 AM,0,0,-78.70473,90,0,0,1.123268,0,0,-1,0,0,0,0,1.123268,1.235594,0,0,0,0,0,11.80586,0,0,0,0,2.800006,20,0.2148624,1.235594,0,0,0
2/17/2007 3:00:00 AM,0,0,-80.55198,90,0,0,0.3927608,0,0,-1,0,0,0,0,0.3927608,0.4320369,0,0,0,0,0,11.80586,0,0,0,0,2.800006,20,0.2148624,0.4320369,0,0,0
2/17/2007 4:00:00 AM,0,0,-80.47047,90,0,0,1.070293,0,0,-1,0,0,0,0,1.070293,1.177322,0,0,0,0,0,11.80586,0,0,0,0,2.800006,20,0.2148624,1.177322,0,0,0
2/17/2007 5:00:00 AM,0,0,-79.50128,90,0,0,0.1995832,0.1995832,3.704846,0,1.176423,0.1995832,0,0,0,0,0,0,0,3.505263,3.33,11.80586,0,3.33,0,3.33,5.959121,42.56506,0.2149119,0.2195415,0,5,0
2/17/2007 6:00:00 AM,0.0003379744,0,-77.85244,90,0,0,0.6276388,0.6276388,4.132902,0,1.293282,0.6276388,0,4.440892E-16,0,0,0,0,0,3.505263,3.33,8.475861,2.997,3.33,0,3.33,9.118237,65.13013,0.2151799,0.6904027,0,5,2.997
2/17/2007 7:00:00 AM,0.1452324,7.941822,-75.44441,79.89053,0.181943,0.8165601,4.418828,4.418828,5,0,1.53,4.418828,18.47911,0,0,0,0.8165601,0,0,0.5811713,0.5521128,5.14586,5.994,1.368673,0,1.368673,10.41667,74.40466,0.215377,4.860712,0.6532481,5,6.81056
2/17/2007 8:00:00 AM,0.3752695,22.1669,-71.95585,65.31306,0.4116428,1.847453,0,0,2.031299,0,0.7195448,0,0,0,0,0,1.847453,0,0,2.031299,1.929734,3.777187,7.225806,3.777187,0,3.777187,14.00003,100,0.2144125,0,1.477962,5,9.073258
2/17/2007 9:00:00 AM,0.6645494,36.03909,-66.66154,50.85157,0.7111421,3.191606,2.510984,2.510984,0,-1,0,2.510984,127.1058,0.5484648,0,0,3.191606,2.643141,2.510984,0,0,0,10.62527,0,0,0,14.00003,100,0.2144125,2.762082,2.553285,0,13.81688
2/17/2007 10:00:00 AM,0.8746274,49.1899,-57.92174,36.68011,0.9249291,4.151082,1.920138,1.920138,0,0,0,1.920138,216.1867,2.129884,0,0,4.151082,2.021198,1.920138,0,0,0,10.62527,0,0,0,14.00003,100,0.2144125,2.112151,3.320866,0,14.77636
2/17/2007 11:00:00 AM,1.056895,60.62737,-41.8664,23.36676,1.111823,4.989864,1.137471,1.137471,0,0,0,1.137471,438.6806,3.792526,0,0,4.989864,1.197338,1.137471,0,0,0,10.62527,0,0,0,14.00003,100,0.2144125,1.251218,3.991891,0,15.61514
2/17/2007 12:00:00 PM,1.082568,67.5532,-11.88233,13.7284,1.136164,5.099106,2.963745,2.963745,0,0,0,2.963745,172.0494,1.979375,0,0,5.099106,3.119731,2.963745,0,0,0,10.62527,0,0,0,14.00003,100,0.2144125,3.260119,4.079285,0,15.72438
2/17/2007 1:00:00 PM,1.008626,65.73318,25.27397,16.52797,1.058712,4.751501,4.168971,4.168971,1.25,0,0.50625,4.168971,113.973,1.6789,0,0,4.751501,3.072601,2.918971,0,0,0,10.62527,0,0,0,14.00003,100,0.2144125,4.585868,3.801201,5,15.37678
2/17/2007 2:00:00 PM,0.9239547,56.56664,49.28295,28.28495,0.972992,4.366788,1.817311,1.817311,0,-1,0,1.817311,240.2884,2.453829,0,0,4.366788,1.912959,1.817311,0,0,0,10.62527,0,0,0,14.00003,100,0.2144125,1.999042,3.49343,0,14.99206
2/17/2007 3:00:00 PM,0.7365539,44.27852,61.85058,42.05387,0.7808493,3.504452,1.504845,1.504845,0,-1,0,1.504845,232.8779,1.920404,0,0,3.504452,1.584047,1.504845,0,0,0,10.62527,0,0,0,14.00003,100,0.2144125,1.65533,2.803561,0,14.12973
2/17/2007 4:00:00 PM,0.5256577,30.78346,68.97712,56.36972,0.5658058,2.539336,3.037772,3.037772,0,-1,0,3.037772,83.59206,0,4.440892E-16,0.01154933,2.539336,3.197655,3.037772,0,0,0,10.62527,0,0.6583183,-0.6583183,13.3061,95.04338,0.2144125,3.341549,2.031469,0,13.16461
2/17/2007 5:00:00 PM,0.2968388,16.74846,73.45354,70.88839,0.3343405,1.50052,0,0,0,-1,0,0,0,0.7690555,0,0,1.50052,0,0,0,0,0.7314649,9.966956,0.7314649,0,0.7314649,14.00003,100,0.2141504,0,1.200416,0,11.46748
2/17/2007 6:00:00 PM,0.04440818,2.436582,76.47076,85.48737,0.0680454,0.3053877,4.202732,3.33,0,-1,0,3.33,9.170803,0,0.8727317,1.293005,0.3053877,3.505263,3.33,0,0,0,10.62527,0,3.199875,-3.199875,10.62706,75.90744,0.2141504,4.623005,0.2443102,0,10.93066
2/17/2007 7:00:00 PM,0,0,78.56457,90,0,0,4.85384,3.33,0,-1,0,3.33,0,0,1.52384,2.009224,0,3.505263,3.33,0,0,3.555417,7.425399,0,3.505263,-3.505263,6.932191,49.51555,0.2141504,5.339224,0,0,7.425399
2/17/2007 8:00:00 PM,0,0,79.95592,90,0,0,3.650722,3.33,0,-1,0,3.33,0,0,0.3207216,0.6857938,0,3.505263,3.33,0,0,7.450154,3.920136,0,3.505263,-3.505263,3.237319,23.12366,0.2141504,4.015794,0,0,3.920136
2/17/2007 9:00:00 PM,0,0,80.63289,90,0,0,5.179856,0.3941288,0,-1,0,0.3941288,0,0,4.785727,5.303713,0,0.4148725,0.3941288,0,0,11.34489,0.4148725,0,0.4148725,-0.4148725,2.800006,20,0.2141504,5.697842,0,0,0.4148725
2/17/2007 10:00:00 PM,0,0,80.19225,90,0,0,0.8757735,0,0,-1,0,0,0,0,0.8757735,0.9633509,0,0,0,0,0,11.80586,0,0,0,0,2.800006,20,0.2141504,0.9633509,0,0,0
2/17/2007 11:00:00 PM,0,0,76.67216,90,0,0,0.3454852,0,0,-1,0,0,0,0,0.3454852,0.3800337,0,0,0,0,0,11.80586,0,0,0,0,2.800006,20,0.2141504,0.3800337,0,0,0
2/18/2007 12:00:00 AM,0,0,51.15955,90,0,0,0.5417138,0,0,-1,0,0,0,0,0.5417138,0.5958852,0,0,0,0,0,11.80586,0,0,0,0,2.800006,20,0.2141504,0.5958852,0,0,0
2/18/2007 1:00:00 AM,0,0,-69.63068,90,0,0,0.3882308,0,0,-1,0,0,0,0,0.3882308,0.4270539,0,0,0,0,0,11.80586,0,0,0,0,2.800006,20,0.2141504,0.4270539,0,0,0
2/18/2007 2:00:00 AM,0,0,-79.49728,90,0,0,0.37467,0,0,-1,0,0,0,0,0.37467,0.412137,0,0,0,0,0,11.80586,0,0,0,0,2.800006,20,0.2141504,0.412137,0,0,0
2/18/2007 3:00:00 AM,0,0,-81.08089,90,0,0,1.324137,0,0,-1,0,0,0,0,1.324137,1.456551,0,0,0,0,0,11.80586,0,0,0,0,2.800006,20,0.2141504,1.456551,0,0,0
2/18/2007 4:00:00 AM,0,0,-80.88598,90,0,0,0.02937891,0,0,-1,0,0,0,0,0.02937891,0.0323168,0,0,0,0,0,11.80586,0,0,0,0,2.800006,20,0.2141504,0.0323168,0,0,0
2/18/2007 5:00:00 AM,0,0,-79.86169,90,0,0,0.1455433,0.1455433,3.650806,0,1.16167,0.1455433,0,0,0,0,0,0,0,3.505263,3.33,11.80586,0,3.33,0,3.33,5.959121,42.56506,0.2141756,0.1600976,0,5,0
2/18/2007 6:00:00 AM,0.0001886065,0,-78.18876,90,0,0,0.6737426,0.6737426,4.179006,0,1.305869,0.6737426,0,0,0,0,0,0,0,3.505263,3.33,8.475861,2.997,3.33,0,3.33,9.118237,65.13013,0.2144652,0.7411168,0,5,2.997
2/18/2007 7:00:00 AM,0.1030801,8.015046,-75.7781,79.86922,0.117346,0.526649,0.3877854,0.3877854,3.893049,0,1.227802,0.3877854,135.8094,0,0,0,0.526649,0,0,3.505263,3.33,5.14586,5.994,3.856649,0,3.856649,12.77697,91.26392,0.2144235,0.4265639,0.4213192,5,6.520649
2/18/2007 8:00:00 AM,0.3524921,22.26442,-72.30595,65.27018,0.3834679,1.721004,2.254527,2.254527,0,0,0,2.254527,76.33549,0,4.440892E-16,0,1.721004,2.373186,2.254527,0,0,1.289211,9.464984,0,0.652182,-0.652182,12.08951,86.3535,0.2144235,2.47998,1.376803,0,11.18599
2/18/2007 9:00:00 AM,0.6230779,36.16957,-67.0481,50.78153,0.6650956,2.984949,0,0,0,-1,0,0,0,0.9710912,0,0,2.984949,0,0,0,0,2.013858,8.812802,2.013858,0,2.013858,14.00003,100,0.2137168,0,2.387959,0,11.79775
2/18/2007 10:00:00 AM,0.6936252,49.36909,-58.36191,36.56963,0.7269527,3.262564,2.317039,2.317039,0,0,0,2.317039,140.8074,0.8235751,0,0,3.262564,2.438989,2.317039,0,0,0,10.62527,0,0,0,14.00003,100,0.2137168,2.548743,2.610051,0,13.88784
2/18/2007 11:00:00 AM,0.9889461,60.88104,-42.32507,23.18193,1.038803,4.662147,0.8469092,0.8469092,0,0,0,0.8469092,550.4895,3.770663,0,0,4.662147,0.8914834,0.8469092,0,0,0,10.62527,0,0,0,14.00003,100,0.2137168,0.9316001,3.729717,0,15.28742
2/18/2007 12:00:00 PM,1.013056,67.88566,-12.04989,13.40797,1.061734,4.76506,1.442963,1.442963,0,0,0,1.442963,330.2276,3.246152,0,0,4.76506,1.518908,1.442963,0,0,0,10.62527,0,0,0,14.00003,100,0.2137168,1.587259,3.812048,0,15.39033
2/18/2007 1:00:00 PM,1.007168,66.03445,25.65153,16.27231,1.056121,4.739869,0,0,0,0,0,0,0,4.739869,0,0,4.739869,0,0,0,0,0,10.62527,0,0,0,14.00003,100,0.2137168,0,3.791895,0,15.36514
2/18/2007 2:00:00 PM,0.9156044,56.77645,49.76635,28.14901,0.9630853,4.322327,2.437969,2.437969,0,-1,0,2.437969,177.2921,1.756044,0,0,4.322327,2.566283,2.437969,0,0,0,10.62527,0,0,0,14.00003,100,0.2137168,2.681766,3.457861,0,14.9476
2/18/2007 3:00:00 PM,0.7005557,44.42275,62.2788,41.97622,0.7404041,3.322934,5.071705,3.33,0,-1,0,3.33,99.7878,0,1.741705,2.248875,3.322934,3.505263,3.33,0,0,0,10.62527,0,0.1823294,-0.1823294,13.80784,98.6272,0.2137168,5.578876,2.658347,0,13.94821
2/18/2007 4:00:00 PM,0.4124185,30.88535,69.35303,56.32632,0.4336646,1.946287,0.6612323,0.6612323,0,-1,0,0.6612323,294.3424,1.047665,0,0,1.946287,0.696034,0.6612323,0,0,0.2025882,10.44294,0.2025882,0,0.2025882,14.00003,100,0.2136459,0.7273555,1.557029,0,12.38923
2/18/2007 5:00:00 PM,0.2569224,16.82095,73.79887,70.86954,0.2837223,1.273346,1.759591,1.759591,0,-1,0,1.759591,72.366,0,0,0,1.273346,1.852201,1.759591,0,0,0,10.62527,0,0.5788555,-0.5788555,13.38986,95.64167,0.2136459,1.93555,1.018677,0,11.89862
2/18/2007 6:00:00 PM,0.03218952,2.486731,76.80581,85.48911,0.03799912,0.17054,4.370192,3.33,0,-1,0,3.33,5.121323,0,1.040192,1.477211,0.17054,3.505263,3.33,0,0,0.6431727,10.04642,0,3.334723,-3.334723,9.874754,70.53381,0.2136459,4.807211,0.136432,0,10.21696
2/18/2007 7:00:00 PM,0,0,78.90911,90,0,0,2.784158,2.784158,0,-1,0,2.784158,0,0,4.440892E-16,0,0,2.930693,2.784158,0,0,4.348421,6.711696,0,2.930693,-2.930693,6.785532,48.46799,0.2136459,3.062574,0,0,6.711696
2/18/2007 8:00:00 PM,0,0,80.33405,90,0,0,0,0,0,-1,0,0,0,0,0,0,0,0,0,0,0,7.604746,3.781002,0,0,0,6.785532,48.46799,0.2136459,0,0,0,3.781002
2/18/2007 9:00:00 PM,0,0,81.08269,90,0,0,4.984865,3.33,0,-1,0,3.33,0,0,1.654865,2.153352,0,3.505263,3.33,0,0,7.604746,3.781002,0,3.505263,-3.505263,3.09066,22.0761,0.2136459,5.483351,0,0,3.781002
2/18/2007 10:00:00 PM,0,0,80.79321,90,0,0,0.01921705,0.01921705,0,-1,0,0.01921705,0,0,3.469447E-18,0,0,0.02022847,0.01921705,0,0,11.49948,0.2757392,0,0.02022847,-0.02022847,3.069338,21.9238,0.2136459,0.02113875,0,0,0.2757392
2/18/2007 11:00:00 PM,0,0,77.6633,90,0,0,0.2058728,0.2058728,0,-1,0,0.2058728,0,0,0,0,0,0.2167082,0.2058728,0,0,11.52196,0.2555107,0,0.2167082,-0.2167082,2.840907,20.29215,0.2136459,0.2264601,0,0,0.2555107
2/19/2007 12:00:00 AM,0,0,53.86713,90,0,0,0.390423,0.03686241,0,-1,0,0.03686241,0,0,0.3535606,0.392603,0,0.03880253,0.03686241,0,0,11.76275,0.03880253,0,0.03880253,-0.03880253,2.800006,20,0.2136459,0.4294654,0,0,0.03880253
2/19/2007 1:00:00 AM,0,0,-71.39465,90,0,0,1.13059,0,0,-1,0,0,0,0,1.13059,1.243649,0,0,0,0,0,11.80586,0,0,0,0,2.800006,20,0.2136459,1.243649,0,0,0
2/19/2007 2:00:00 AM,0,0,-80.30072,90,0,0,0.8928857,0,0,-1,0,0,0,0,0.8928857,0.9821742,0,0,0,0,0,11.80586,0,0,0,0,2.800006,20,0.2136459,0.9821742,0,0,0
2/19/2007 3:00:00 AM,0,0,-81.61565,90,0,0,2.058281,0,0,-1,0,0,0,0,2.058281,2.264109,0,0,0,0,0,11.80586,0,0,0,0,2.800006,20,0.2136459,2.264109,0,0,0
2/19/2007 4:00:00 AM,0,0,-81.3057,90,0,0,1.135367,0,0,-1,0,0,0,0,1.135367,1.248903,0,0,0,0,0,11.80586,0,0,0,0,2.800006,20,0.2136459,1.248903,0,0,0
2/19/2007 5:00:00 AM,0,0,-80.22562,90,0,0,0,0,0,0,0,0,0,0,0,0,0,0,0,0,0,11.80586,0,0,0,0,2.800006,20,0.2136459,0,0,0,0
2/19/2007 6:00:00 AM,0.000493601,0,-78.52831,90,0,0,1.253339,1.253339,4.758603,0,1.464098,1.253339,0,0,0,0,0,0,0,3.505263,3.33,11.80586,0,3.33,0,3.33,5.959121,42.56506,0.2142184,1.378673,0,5,0
2/19/2007 7:00:00 AM,0.1557519,8.091715,-76.11502,79.84509,0.1930582,0.866445,2.632514,2.632514,5,0,1.53,2.632514,32.91321,0,0,0,0.866445,0,0,2.367486,2.249111,8.475861,2.997,3.115556,0,3.115556,8.914798,63.677,0.2147048,2.895766,0.693156,5,3.863445
2/19/2007 8:00:00 AM,0.4401433,22.36512,-72.65959,65.22479,0.4829,2.167255,2.720211,2.720211,5,0,1.53,2.720211,79.67232,0,0,0,2.167255,0,0,2.279789,2.165799,5.360304,5.801001,4.333055,0,4.333055,13.02549,93.03905,0.2150379,2.992232,1.733804,5,7.968256
2/19/2007 9:00:00 AM,0.6507536,36.30299,-67.4389,50.7094,0.6940921,3.115085,3.238578,3.238578,0,-1,0,3.238578,96.18681,0,0,0.2324363,3.115085,3.40903,3.238578,0,0,1.027249,9.70075,0,0.2939446,-0.2939446,12.71565,90.82588,0.2150379,3.562436,2.492068,0,12.81583
2/19/2007 10:00:00 AM,0.9030509,49.55111,-58.8079,36.45755,0.9528739,4.276498,3.163196,3.163196,1.25,0,0.50625,3.163196,135.1955,0.9087529,0,0,4.276498,2.013891,1.913196,0,0,1.353854,9.406805,1.353854,0,1.353854,14.00003,100,0.2145708,3.479516,3.421198,5,13.6833
2/19/2007 11:00:00 AM,1.03248,61.13794,-42.7918,22.99587,1.083676,4.863536,3.390237,3.390237,1.25,0,0.50625,3.390237,143.4571,2.610655,0,0,4.863536,2.252881,2.140237,0,0,0,10.62527,0,0,0,14.00003,100,0.2145708,3.729261,3.890829,5,15.48881
2/19/2007 12:00:00 PM,0.9686993,68.22224,-12.21644,13.08386,1.013481,4.548503,0,0,0,0,0,0,0,4.548503,0,0,4.548503,0,0,0,0,0,10.62527,0,0,0,14.00003,100,0.2145708,0,3.638803,0,15.17378
2/19/2007 1:00:00 PM,0.8728584,66.33678,26.04905,16.01879,0.9105591,4.086589,2.030683,2.030683,0,0,0,2.030683,201.2421,1.949028,0,0,4.086589,2.137561,2.030683,0,0,0,10.62527,0,0,0,14.00003,100,0.2145708,2.233752,3.269271,0,14.71186
2/19/2007 2:00:00 PM,0.8040533,56.98437,50.26401,28.01748,0.8414204,3.776295,1.75342,1.75342,0,-1,0,1.75342,215.3674,1.930589,0,0,3.776295,1.845705,1.75342,0,0,0,10.62527,0,0,0,14.00003,100,0.2145708,1.928762,3.021036,0,14.40157
2/19/2007 3:00:00 PM,0.6950744,44.56428,62.71571,41.90273,0.7333735,3.29138,2.165391,2.165391,0,-1,0,2.165391,151.9993,1.012021,0,0,3.29138,2.279359,2.165391,0,0,0,10.62527,0,0,0,14.00003,100,0.2145708,2.381931,2.633104,0,13.91665
2/19/2007 4:00:00 PM,0.4903697,30.98444,69.735,56.28671,0.5237271,2.350487,5.441034,3.33,0,-1,0,3.33,70.58521,0,2.111034,2.655138,2.350487,3.505263,3.33,0,0,0,10.62527,0,1.154776,-1.154776,12.78279,91.30544,0.2145708,5.985137,1.88039,0,12.97576
2/19/2007 5:00:00 PM,0.2369674,16.89076,74.14902,70.85413,0.2574051,1.155234,0,0,0,-1,0,0,0,0,0,0,1.155234,0,0,0,0,1.283084,9.470498,1.155234,0,1.155234,13.87874,99.13365,0.2141739,0,0.9241874,0,10.62573
2/19/2007 6:00:00 PM,0.03769487,2.534428,77.14509,85.49397,0.04864876,0.2183357,3.219361,3.219361,0,-1,0,3.219361,6.781957,0,4.440892E-16,0.2112968,0.2183357,3.388801,3.219361,0,0,0.1278502,10.51021,0,3.170465,-3.170465,10.53677,75.26253,0.2141739,3.541297,0.1746685,0,10.72854
2/19/2007 7:00:00 PM,0,0,79.25773,90,0,0,0,0,0,-1,0,0,0,0,0,0,0,0,0,0,0,3.650589,7.339744,0,0,0,10.53677,75.26253,0.2141739,0,0,0,7.339744
2/19/2007 8:00:00 PM,0,0,80.71647,90,0,0,0,0,0,-1,0,0,0,0,0,0,0,0,0,0,0,3.650589,7.339744,0,0,0,10.53677,75.26253,0.2141739,0,0,0,7.339744
2/19/2007 9:00:00 PM,0,0,81.53757,90,0,0,2.87192,2.87192,0,-1,0,2.87192,0,0,4.440892E-16,0,0,3.023074,2.87192,0,0,3.650589,7.339744,0,3.023074,-3.023074,7.350175,52.50115,0.2141739,3.159112,0,0,7.339744
2/19/2007 10:00:00 PM,0,0,81.40134,90,0,0,0.1097989,0.1097989,0,-1,0,0.1097989,0,0,1.387779E-17,0,0,0.1155777,0.1097989,0,0,7.00956,4.31667,0,0.1155777,-0.1155777,7.228346,51.63094,0.2141739,0.1207787,0,0,4.31667
2/19/2007 11:00:00 PM,0,0,78.66998,90,0,0,1.719839,1.719839,0,-1,0,1.719839,0,0,2.220446E-16,0,0,1.810356,1.719839,0,0,7.13798,4.201093,0,1.810356,-1.810356,5.320063,38.00037,0.2141739,1.891823,0,0,4.201093
2/20/2007 12:00:00 AM,0,0,56.79718,90,0,0,0,0,0,-1,0,0,0,0,0,0,0,0,0,0,0,9.149487,2.390736,0,0,0,5.320063,38.00037,0.2141739,0,0,0,2.390736
2/20/2007 1:00:00 AM,0,0,-73.21068,90,0,0,0.3232212,0.3232212,0,-1,0,0.3232212,0,0,5.551115E-17,0,0,0.3402328,0.3232212,0,0,9.149487,2.390736,0,0.3402328,-0.3402328,4.961426,35.43868,0.2141739,0.3555433,0,0,2.390736
2/20/2007 2:00:00 AM,0,0,-81.11434,90,0,0,0.534633,0.534633,0,-1,0,0.534633,0,0,0,0,0,0.5627716,0.534633,0,0,9.527523,2.050503,0,0.5627716,-0.5627716,4.368212,31.20145,0.2141739,0.5880963,0,0,2.050503
2/20/2007 3:00:00 AM,0,0,-82.15594,90,0,0,0.2905484,0.2905484,0,-1,0,0.2905484,0,0,5.551115E-17,0,0,0.3058404,0.2905484,0,0,10.15283,1.487732,0,0.3058404,-0.3058404,4.045828,28.89872,0.2141739,0.3196032,0,0,1.487732
2/20/2007 4:00:00 AM,0,0,-81.72946,90,0,0,0,0,0,-1,0,0,0,0,0,0,0,0,0,0,0,10.49265,1.181891,0,0,0,4.045828,28.89872,0.2141739,0,0,0,1.181891
2/20/2007 5:00:00 AM,0,0,-80.59294,90,0,0,1.137137,1.137137,4.6424,0,1.432375,1.137137,0,4.440892E-16,0,0,0,0,0,3.505263,3.33,10.49265,1.181891,3.33,0,3.33,7.204944,51.46378,0.214677,1.250851,0,5,1.181891
2/20/2007 6:00:00 AM,0.0005755717,0,-78.87099,90,0,0,0.8391789,0.8391789,4.344442,0,1.351033,0.8391789,0,0,0,0,0,0,0,3.505263,3.33,7.162648,4.178891,3.33,0,3.33,10.36406,74.02885,0.2150315,0.9230968,0,5,4.178891
2/20/2007 7:00:00 AM,0.1087271,8.171777,-76.45509,79.81815,0.1240771,0.5568578,3.344067,3.344067,5,0,1.53,3.344067,16.65211,0,0,0,0.5568578,0,0,1.655933,1.573136,3.832648,7.175891,2.129994,0,2.129994,12.38475,88.46232,0.2153548,3.678474,0.4454863,5,7.732749
2/20/2007 8:00:00 AM,0.3359692,22.46891,-73.01667,65.17697,0.3616187,1.622945,2.668282,2.668282,0,0,0,2.668282,60.82357,0,0,0,1.622945,2.808718,2.668282,0,0,1.702654,9.092886,0,1.185774,-1.185774,11.13483,79.53437,0.2153548,2.935111,1.298356,0,10.71583
2/20/2007 9:00:00 AM,0.55247,36.43925,-67.83393,50.63525,0.5841695,2.621753,5.138925,3.33,0,-1,0,3.33,78.73131,4.440892E-16,1.808925,2.322817,2.621753,3.505263,3.33,0,0,3.02018,7.907112,0,0.8835105,-0.8835105,10.20353,72.88223,0.2153548,5.652817,2.097402,0,10.52886
2/20/2007 10:00:00 AM,0.7142358,49.73584,-59.25977,36.34401,0.7481362,3.357635,0,0,0,0,0,0,0,0,0,0,3.357635,0,0,0,0,4.001858,7.023602,3.357635,0,3.357635,13.38886,95.63455,0.214219,0,2.686108,0,10.38124
2/20/2007 11:00:00 AM,0.9073964,61.39793,-43.26684,22.80879,0.9500005,4.263602,1.6503,1.6503,0,0,0,1.6503,258.3531,1.882221,0,0,4.263602,1.737158,1.6503,0,0,0.6442232,10.04547,0.6442232,0,0.6442232,14.00003,100,0.2140025,1.815331,3.410882,0,14.30908
2/20/2007 12:00:00 PM,1.051903,68.56287,-12.38202,12.75619,1.100499,4.939041,1.284645,1.284645,0,0,0,1.284645,384.4673,3.586782,0,0,4.939041,1.352258,1.284645,0,0,0,10.62527,0,0,0,14.00003,100,0.2140025,1.41311,3.951232,0,15.56431
2/20/2007 1:00:00 PM,1.001472,66.63996,26.46718,15.76784,1.047984,4.703351,3.394498,3.394498,1.25,0,0.50625,3.394498,138.5581,2.445985,0,0,4.703351,2.257366,2.144498,0,0,0,10.62527,0,0,0,14.00003,100,0.2140025,3.733948,3.762681,5,15.32863
2/20/2007 2:00:00 PM,0.9074597,57.19018,50.77596,27.89056,0.9523171,4.273999,2.959172,2.959172,0,-1,0,2.959172,144.4323,1.159081,0,0,4.273999,3.114918,2.959172,0,0,0,10.62527,0,0,0,14.00003,100,0.2140025,3.255089,3.419199,0,14.89927
2/20/2007 3:00:00 PM,0.5979015,44.70299,63.16121,41.83351,0.623623,2.79882,4.824927,3.33,0,-1,0,3.33,84.04865,0,1.494927,1.97742,2.79882,3.505263,3.33,0,0,0,10.62527,0,0.7064431,-0.7064431,13.25537,94.68104,0.2140025,5.30742,2.239056,0,13.42409
2/20/2007 4:00:00 PM,0.4529784,31.08068,70.1229,56.25092,0.4796249,2.152557,2.774141,2.774141,0,-1,0,2.774141,77.59363,0,0,0,2.152557,2.920148,2.774141,0,0,0.7849368,9.918831,0,0.7675918,-0.7675918,12.44626,88.90167,0.2140025,3.051555,1.722045,0,12.07139
2/20/2007 5:00:00 PM,0.1751904,16.95788,74.50385,70.84219,0.1808345,0.8115852,2.603849,2.603849,0,-1,0,2.603849,31.16867,0,4.440892E-16,0,0.8115852,2.740894,2.603849,0,0,1.637817,9.151239,0,1.929309,-1.929309,10.41259,74.37548,0.2140025,2.864234,0.6492682,0,9.962825
2/20/2007 6:00:00 PM,0.03115871,2.57967,77.48849,85.50198,0.03533834,0.1585985,6.204704,3.33,0,-1,0,3.33,4.762717,4.440892E-16,2.874704,3.495175,0.1585985,3.505263,3.33,0,0,3.781493,7.221931,0,3.346665,-3.346665,6.884894,49.17772,0.2140025,6.825174,0.1268788,0,7.380529
2/20/2007 7:00:00 PM,0,0,79.61034,90,0,0,0,0,0,-1,0,0,0,0,0,0,0,0,0,0,0,7.50001,3.875266,0,0,0,6.884894,49.17772,0.2140025,0,0,0,3.875266
2/20/2007 8:00:00 PM,0,0,81.10311,90,0,0,0,0,0,-1,0,0,0,0,0,0,0,0,0,0,0,7.50001,3.875266,0,0,0,6.884894,49.17772,0.2140025,0,0,0,3.875266
2/20/2007 9:00:00 PM,0,0,81.99744,90,0,0,0.2802795,0.2802795,0,-1,0,0.2802795,0,0,5.551115E-17,0,0,0.2950311,0.2802795,0,0,7.50001,3.875266,0,0.2950311,-0.2950311,6.573904,46.95636,0.2140025,0.3083075,0,0,3.875266
2/20/2007 10:00:00 PM,0,0,82.0165,90,0,0,0.2693418,0.2693418,0,-1,0,0.2693418,0,0,0,0,0,0.2835177,0.2693418,0,0,7.827822,3.580235,0,0.2835177,-0.2835177,6.27505,44.8217,0.2140025,0.296276,0,0,3.580235
2/20/2007 11:00:00 PM,0,0,79.69202,90,0,0,0.313264,0.313264,0,-1,0,0.313264,0,0,5.551115E-17,0,0,0.3297516,0.313264,0,0,8.142841,3.296717,0,0.3297516,-0.3297516,5.927462,42.33893,0.2140025,0.3445905,0,0,3.296717
2/21/2007 12:00:00 AM,0,0,59.96667,90,0,0,0.1633503,0.1633503,0,-1,0,0.1633503,0,0,2.775558E-17,0,0,0.1719476,0.1633503,0,0,8.509233,2.966965,0,0.1719476,-0.1719476,5.746213,41.0443,0.2140025,0.1796853,0,0,2.966965
2/21/2007 1:00:00 AM,0,0,-75.07487,90,0,0,1.006296,1.006296,0,-1,0,1.006296,0,0,0,0,0,1.059259,1.006296,0,0,8.700285,2.795018,0,1.059259,-1.059259,4.629656,33.06891,0.2140025,1.106925,0,0,2.795018
2/21/2007 2:00:00 AM,0,0,-81.93739,90,0,0,0.1226359,0.1226359,0,-1,0,0.1226359,0,0,1.387779E-17,0,0,0.1290905,0.1226359,0,0,9.877239,1.735759,0,0.1290905,-0.1290905,4.493583,32.09696,0.2140025,0.1348995,0,0,1.735759
2/21/2007 3:00:00 AM,0,0,-82.70145,90,0,0,0.9621459,0.9621459,0,-1,0,0.9621459,0,0,0,0,0,1.012785,0.9621459,0,0,10.02067,1.606669,0,1.012785,-1.012785,3.426014,24.47148,0.2140025,1.058361,0,0,1.606669
2/21/2007 4:00:00 AM,0,0,-82.15706,90,0,0,0.7202963,0.5641893,0,-1,0,0.5641893,0,0,0.156107,0.2281366,0,0.5938835,0.5641893,0,0,11.14599,0.5938835,0,0.5938835,-0.5938835,2.800006,20,0.2140025,0.7923259,0,0,0.5938835
2/21/2007 5:00:00 AM,0,0,-80.9635,90,0,0,0.5948604,0.5948604,4.100123,0,1.284334,0.5948604,0,4.440892E-16,0,0,0,0,0,3.505263,3.33,11.80586,0,3.33,0,3.33,5.959121,42.56506,0.2142396,0.6543465,0,5,0
2/21/2007 6:00:00 AM,0.0006024345,0,-79.2167,90,0,0,0.40212,0.40212,3.907383,0,1.231716,0.40212,0,0,0,0,0,0,0,3.505263,3.33,8.475861,2.997,3.33,0,3.33,9.118237,65.13013,0.2143835,0.442332,0,5,2.997
2/21/2007 7:00:00 AM,0.07709568,8.255177,-76.79821,79.78846,0.0801904,0.3598945,6.598317,6.598317,5,0,1.53,6.598317,5.454338,0,0,0,0.3598945,1.682439,1.598317,0,0,5.14586,5.994,0,1.322544,-1.322544,7.724152,55.17241,0.2143835,7.258149,0.2879156,5,6.353895
2/21/2007 8:00:00 AM,0.3358502,22.57573,-73.37715,65.12677,0.3605553,1.618172,2.356598,2.356598,5,0,1.53,2.356598,68.6656,0,0,0,1.618172,0,0,2.643402,2.511232,6.615354,4.671456,4.129404,0,4.129404,11.64165,83.15447,0.2147727,2.592258,1.294538,5,6.289628
2/21/2007 9:00:00 AM,0.4122191,36.57827,-68.23315,50.55919,0.4235061,1.900695,1.751507,1.751507,0,-1,0,1.751507,108.5177,0,0,0,1.900695,1.843692,1.751507,0,0,2.48595,8.387919,0.0570036,0,0.0570036,11.69573,83.54074,0.2147538,1.926658,1.520556,0,10.28861
2/21/2007 10:00:00 AM,0.8078281,49.92315,-59.71756,36.22915,0.8494107,3.812155,6.808375,6.808375,5,0,1.53,6.808375,55.99215,0,0,0,3.812155,1.903552,1.808375,0,0,2.428946,8.439222,1.908603,0,1.908603,13.50639,96.474,0.2148333,7.489212,3.049724,5,12.25138
2/21/2007 11:00:00 AM,0.7696204,61.66086,-43.75049,22.6209,0.7984222,3.583319,5.051153,5.051153,2.141327,0,0.7495822,5.051153,70.94061,1.110223E-16,0,0,3.583319,3.062975,2.909827,0,0,0.5203435,10.15697,0.5203435,0,0.5203435,14.00003,100,0.2148574,5.556268,2.866655,5,13.74028
2/21/2007 12:00:00 PM,0.6516863,68.90742,-12.5467,12.4251,0.6643527,2.981615,2.272013,2.272013,0,0,0,2.272013,131.2323,0.5900221,0,0,2.981615,2.391593,2.272013,0,0,0,10.62527,0,0,0,14.00003,100,0.2148574,2.499215,2.385292,0,13.60689
2/21/2007 1:00:00 PM,0.6876716,66.94377,26.90661,15.51987,0.7045943,3.162219,1.876913,1.876913,0,0,0,1.876913,168.4798,1.186521,0,0,3.162219,1.975698,1.876913,0,0,0,10.62527,0,0,0,14.00003,100,0.2148574,2.064604,2.529775,0,13.78749
2/21/2007 2:00:00 PM,0.7758437,57.39371,51.30222,27.76847,0.8085357,3.628708,0.1699167,0.1699167,0,-1,0,0.1699167,2135.581,3.449848,0,0,3.628708,0.1788597,0.1699167,0,0,0,10.62527,0,0,0,14.00003,100,0.2148574,0.1869083,2.902966,0,14.25398
2/21/2007 3:00:00 PM,0.2552339,44.83876,63.61514,41.76863,0.2546035,1.14266,0.4757595,0.4757595,0,-1,0,0.4757595,240.1761,0.641861,0,0,1.14266,0.5007995,0.4757595,0,0,0,10.62527,0,0,0,14.00003,100,0.2148574,0.5233355,0.9141284,0,11.76793
2/21/2007 4:00:00 PM,0.1865287,31.174,70.51661,56.21901,0.1861742,0.8355499,1.679594,1.679594,0,-1,0,1.679594,49.74712,0,0,0,0.8355499,1.767994,1.679594,0,0,0,10.62527,0,0.9324442,-0.9324442,13.01715,92.97942,0.2148574,1.847554,0.6684399,0,11.46082
2/21/2007 5:00:00 PM,0.2095947,17.02228,74.86325,70.83372,0.2217482,0.9952061,1.614522,1.614522,0,-1,0,1.614522,61.64092,0,2.220446E-16,0,0.9952061,1.699497,1.614522,0,0,1.036049,9.69283,0,0.7042905,-0.7042905,12.27476,87.67667,0.2148574,1.775974,0.7961649,0,10.68804
2/21/2007 6:00:00 PM,0.04027002,2.62246,77.83592,85.51308,0.05267324,0.2363975,3.732989,3.33,0,-1,0,3.33,7.099025,4.440892E-16,0.4029891,0.7762881,0.2363975,3.505263,3.33,0,0,1.818594,8.98854,0,3.268866,-3.268866,8.829071,63.06467,0.2148574,4.106288,0.189118,0,9.224936
2/21/2007 7:00:00 PM,0,0,79.96683,90,0,0,4.707439,3.33,0,-1,0,3.33,0,0,1.37744,1.848184,0,3.505263,3.33,0,0,5.450667,5.719674,0,3.505263,-3.505263,5.134199,36.67278,0.2148574,5.178184,0,0,5.719674
2/21/2007 8:00:00 PM,0,0,81.49387,90,0,0,0,0,0,-1,0,0,0,0,0,0,0,0,0,0,0,9.345404,2.214411,0,0,0,5.134199,36.67278,0.2148574,0,0,0,2.214411
2/21/2007 9:00:00 PM,0,0,82.4622,90,0,0,0,0,0,-1,0,0,0,0,0,0,0,0,0,0,0,9.345404,2.214411,0,0,0,5.134199,36.67278,0.2148574,0,0,0,2.214411
2/21/2007 10:00:00 PM,0,0,82.6386,90,0,0,0.4181795,0.4181795,0,-1,0,0.4181795,0,0,0,0,0,0.4401889,0.4181795,0,0,9.345404,2.214411,0,0.4401889,-0.4401889,4.670199,33.3585,0.2148574,0.4599974,0,0,2.214411
2/21/2007 11:00:00 PM,0,0,80.72919,90,0,0,0,0,0,-1,0,0,0,0,0,0,0,0,0,0,0,9.834503,1.774222,0,0,0,4.670199,33.3585,0.2148574,0,0,0,1.774222
2/22/2007 12:00:00 AM,0,0,63.39036,90,0,0,1.196033,1.196033,0,-1,0,1.196033,0,0,2.220446E-16,0,0,1.258982,1.196033,0,0,9.834503,1.774222,0,1.258982,-1.258982,3.343116,23.87935,0.2148574,1.315636,0,0,1.774222
2/22/2007 1:00:00 AM,0,0,-76.98261,90,0,0,0.418951,0.418951,0,-1,0,0.418951,0,0,5.551115E-17,0,0,0.441001,0.418951,0,0,11.23337,0.5152399,0,0.441001,-0.441001,2.87826,20.55896,0.2148574,0.4608461,0,0,0.5152399
2/22/2007 2:00:00 AM,0,0,-82.7691,90,0,0,0.9615735,0.07052694,0,-1,0,0.07052694,0,0,0.8910465,0.9872039,0,0.07423888,0.07052694,0,0,11.72337,0.07423888,0,0.07423888,-0.07423888,2.800006,20,0.2148574,1.057731,0,0,0.07423888
2/22/2007 3:00:00 AM,0,0,-83.25184,90,0,0,1.065136,0,0,-1,0,0,0,0,1.065136,1.17165,0,0,0,0,0,11.80586,0,0,0,0,2.800006,20,0.2148574,1.17165,0,0,0
2/22/2007 4:00:00 AM,0,0,-82.58829,90,0,0,0.8954145,0,0,-1,0,0,0,0,0.8954145,0.984956,0,0,0,0,0,11.80586,0,0,0,0,2.800006,20,0.2148574,0.984956,0,0,0
2/22/2007 5:00:00 AM,0,0,-81.33717,90,0,0,0,0,0,0,0,0,0,0,0,0,0,0,0,0,0,11.80586,0,0,0,0,2.800006,20,0.2148574,0,0,0,0
2/22/2007 6:00:00 AM,0.0004685278,0,-79.56532,90,0,0,1.112999,1.112999,4.618262,0,1.425786,1.112999,0,0,0,0,0,0,0,3.505263,3.33,11.80586,0,3.33,0,3.33,5.959121,42.56506,0.2153257,1.224299,0,5,0
2/22/2007 7:00:00 AM,0.1152374,8.341859,-77.14432,79.75606,0.1317753,0.5914078,3.553134,3.553134,5,0,1.53,3.553134,16.64468,0,0,0,0.5914078,0,0,1.446866,1.374523,8.475861,2.997,1.96593,0,1.96593,7.824166,55.88679,0.2156093,3.908448,0.4731262,5,3.588408
2/22/2007 8:00:00 AM,0.2927625,22.6855,-73.74095,65.07426,0.3079813,1.38222,0,0,3.505263,0,1.121937,0,0,0,0,0,1.38222,0,0,3.505263,3.33,6.50993,4.766337,4.71222,0,4.71222,12.29457,87.81818,0.2151069,0,1.105776,5,6.148558
2/22/2007 9:00:00 AM,0.5663064,36.71992,-68.63654,50.48131,0.5978648,2.683217,2.393158,2.393158,0,-1,0,2.393158,112.1203,0,0,0,2.683217,2.519114,2.393158,0,0,1.79771,9.007336,0.1641033,0,0.1641033,12.45025,88.9302,0.2150534,2.632474,2.146574,0,11.69055
2/22/2007 10:00:00 AM,0.8372536,50.11291,-60.18132,36.11309,0.8797342,3.948247,0,0,0,0,0,0,0,2.314641,0,0,3.948247,0,0,0,0,1.633606,9.155028,1.633606,0,1.633606,14.00003,100,0.214523,0,3.158598,0,13.10328
2/22/2007 11:00:00 AM,0.9046205,61.92658,-44.24304,22.43243,0.9449497,4.240934,0,0,0,0,0,0,0,4.240934,0,0,4.240934,0,0,0,0,0,10.62527,0,0,0,14.00003,100,0.214523,0,3.392747,0,14.86621
2/22/2007 12:00:00 PM,0.7497301,69.25583,-12.71056,12.09075,0.7714191,3.462129,0,0,0,0,0,0,0,3.462129,0,0,3.462129,0,0,0,0,0,10.62527,0,0,0,14.00003,100,0.214523,0,2.769703,0,14.0874
2/22/2007 1:00:00 PM,0.7329833,67.24801,27.36802,15.27534,0.7539431,3.383697,2.485646,2.485646,0,0,0,2.485646,136.1294,0.7672265,0,0,3.383697,2.61647,2.485646,0,0,0,10.62527,0,0,0,14.00003,100,0.214523,2.734211,2.706957,0,14.00897
2/22/2007 2:00:00 PM,0.723955,57.59476,51.84278,27.6514,0.7502843,3.367276,6.008111,3.33,0,-1,0,3.33,101.1194,0,2.678111,3.278922,3.367276,3.505263,3.33,0,0,0,10.62527,0,0.1379875,-0.1379875,13.85458,98.96106,0.214523,6.608922,2.69382,0,13.99255
2/22/2007 3:00:00 PM,0.7029405,44.97149,64.07738,41.70821,0.7390853,3.317015,0,0,0,-1,0,0,0,3.163695,0,0,3.317015,0,0,0,0,0.1533195,10.48729,0.1533195,0,0.1533195,14.00003,100,0.2144734,0,2.653612,0,13.8043
2/22/2007 4:00:00 PM,0.4640142,31.26435,70.91596,56.19101,0.4907448,2.202462,0,0,0,-1,0,0,0,2.202462,0,0,2.202462,0,0,0,0,0,10.62527,0,0,0,14.00003,100,0.2144734,0,1.76197,0,12.82774
2/22/2007 5:00:00 PM,0.1882184,17.08393,75.2271,70.82873,0.1955283,0.8775309,1.849859,1.849859,0,-1,0,1.849859,47.43773,0,0,0,0.8775309,1.947219,1.849859,0,0,0,10.62527,0,1.069689,-1.069689,12.87248,91.94608,0.2144734,2.034844,0.7020248,0,11.5028
2/22/2007 6:00:00 PM,0.0396453,2.662803,78.18726,85.52728,0.05048681,0.2265848,1.397667,1.397667,0,-1,0,1.397667,16.21165,0,2.220446E-16,0,0.2265848,1.471228,1.397667,0,0,1.188543,9.555586,0,1.244643,-1.244643,11.56051,82.57489,0.2144734,1.537434,0.1812679,0,9.78217
2/22/2007 7:00:00 PM,0,0,80.3271,90,0,0,6.162001,3.33,0,-1,0,3.33,0,0,2.832001,3.448201,0,3.505263,3.33,0,0,2.57148,8.310942,0,3.505263,-3.505263,7.865636,56.183,0.2144734,6.778201,0,0,8.310942
2/22/2007 8:00:00 PM,0,0,81.88865,90,0,0,5.327815,3.33,0,-1,0,3.33,0,0,1.997815,2.530597,0,3.505263,3.33,0,0,6.466217,4.805679,0,3.505263,-3.505263,4.170764,29.79111,0.2144734,5.860597,0,0,4.805679
2/22/2007 9:00:00 PM,0,0,82.93174,90,0,0,3.002039,1.235395,0,-1,0,1.235395,0,0,1.766644,2.066848,0,1.300416,1.235395,0,0,10.36095,1.300416,0,1.300416,-1.300416,2.800006,20,0.2144734,3.302243,0,0,1.300416
2/22/2007 10:00:00 PM,0,0,83.26752,90,0,0,0.2810815,0,0,-1,0,0,0,0,0.2810815,0.3091896,0,0,0,0,0,11.80586,0,0,0,0,2.800006,20,0.2144734,0.3091896,0,0,0
2/22/2007 11:00:00 PM,0,0,81.78122,90,0,0,1.283232,0,0,-1,0,0,0,0,1.283232,1.411555,0,0,0,0,0,11.80586,0,0,0,0,2.800006,20,0.2144734,1.411555,0,0,0
2/23/2007 12:00:00 AM,0,0,67.07899,90,0,0,0,0,0,-1,0,0,0,0,0,0,0,0,0,0,0,11.80586,0,0,0,0,2.800006,20,0.2144734,0,0,0,0
2/23/2007 1:00:00 AM,0,0,-78.9287,90,0,0,1.67263,0,0,-1,0,0,0,0,1.67263,1.839893,0,0,0,0,0,11.80586,0,0,0,0,2.800006,20,0.2144734,1.839893,0,0,0
2/23/2007 2:00:00 AM,0,0,-83.60867,90,0,0,0.6954822,0,0,-1,0,0,0,0,0.6954822,0.7650304,0,0,0,0,0,11.80586,0,0,0,0,2.800006,20,0.2144734,0.7650304,0,0,0
2/23/2007 3:00:00 AM,0,0,-83.80679,90,0,0,0.3380469,0,0,-1,0,0,0,0,0.3380469,0.3718516,0,0,0,0,0,11.80586,0,0,0,0,2.800006,20,0.2144734,0.3718516,0,0,0
2/23/2007 4:00:00 AM,0,0,-83.02297,90,0,0,0.3582273,0,0,-1,0,0,0,0,0.3582273,0.39405,0,0,0,0,0,11.80586,0,0,0,0,2.800006,20,0.2144734,0.39405,0,0,0
2/23/2007 5:00:00 AM,0,0,-81.71381,90,0,0,0,0,0,0,0,0,0,0,0,0,0,0,0,0,0,11.80586,0,0,0,0,2.800006,20,0.2144734,0,0,0,0
2/23/2007 6:00:00 AM,0.0007216628,0,-79.91674,90,0,0,0.9096938,0.9096938,4.414957,0,1.370283,0.9096938,0,0,0,0,0,0,0,3.505263,3.33,11.80586,0,3.33,0,3.33,5.959121,42.56506,0.2148426,1.000663,0,5,0
2/23/2007 7:00:00 AM,0.1520538,8.431759,-77.4933,79.72099,0.1827478,0.820172,0,0,3.505263,0,1.121937,0,0,0,0,0,0.820172,0,0,3.505263,3.33,8.475861,2.997,4.150172,0,4.150172,9.896319,70.68786,0.2145329,0,0.6561376,5,3.817172
2/23/2007 8:00:00 AM,0.3953673,22.79814,-74.10801,65.01952,0.4282942,1.922185,3.549613,3.549613,5,0,1.53,3.549613,54.15194,0,0,0,1.922185,0,0,1.450387,1.377867,4.325688,6.732155,3.300052,0,3.300052,13.02702,93.04999,0.2149575,3.904575,1.537748,5,8.65434
2/23/2007 9:00:00 AM,0.6105057,36.86411,-69.04404,50.40171,0.64593,2.898934,2.042439,2.042439,0,-1,0,2.042439,141.935,0,0,0,2.898934,2.149935,2.042439,0,0,1.025636,9.702202,0.7489987,0,0.7489987,13.73759,98.12542,0.2147186,2.246682,2.319147,0,12.60114
2/23/2007 10:00:00 AM,0.6643953,50.30499,-60.6511,35.99599,0.6900683,3.097027,0.8721405,0.8721405,0,0,0,0.8721405,355.1064,1.902346,0,0,3.097027,0.9180426,0.8721405,0,0,0.2766378,10.3763,0.2766378,0,0.2766378,14.00003,100,0.2146305,0.9593545,2.477621,0,13.47333
2/23/2007 11:00:00 AM,0.7945057,62.19495,-44.74479,22.24361,0.8242102,3.699055,0,0,0,0,0,0,0,3.699055,0,0,3.699055,0,0,0,0,0,10.62527,0,0,0,14.00003,100,0.2146305,0,2.959244,0,14.32433
2/23/2007 12:00:00 PM,0.7170193,69.60796,-12.87368,11.75327,0.7348408,3.297966,2.309696,2.309696,0,0,0,2.309696,142.7879,0.8667066,0,0,3.297966,2.431259,2.309696,0,0,0,10.62527,0,0,0,14.00003,100,0.2146305,2.540666,2.638372,0,13.92324
2/23/2007 1:00:00 PM,0.6454231,67.55244,27.85212,15.03471,0.6574751,2.950748,0,0,0,0,0,0,0,2.950748,0,0,2.950748,0,0,0,0,0,10.62527,0,0,0,14.00003,100,0.2146305,0,2.360599,0,13.57602
2/23/2007 2:00:00 PM,0.8116065,57.79315,52.39762,27.53957,0.8459617,3.796676,2.652419,2.652419,0,-1,0,2.652419,143.1402,1.004657,0,0,3.796676,2.79202,2.652419,0,0,0,10.62527,0,0,0,14.00003,100,0.2146305,2.91766,3.037341,0,14.42195
2/23/2007 3:00:00 PM,0.5343427,45.10107,64.54778,41.65232,0.5502124,2.469353,0,0,0,-1,0,0,0,2.469353,0,0,2.469353,0,0,0,0,0,10.62527,0,0,0,14.00003,100,0.2146305,0,1.975483,0,13.09463
2/23/2007 4:00:00 PM,0.5016176,31.35166,71.32084,56.16695,0.5327362,2.39092,3.764075,3.33,0,-1,0,3.33,71.79941,4.440892E-16,0.4340752,0.8104827,2.39092,3.505263,3.33,0,0,0,10.62527,0,1.114343,-1.114343,12.82541,91.60987,0.2146305,4.140483,1.912736,0,13.01619
2/23/2007 5:00:00 PM,0.2244615,17.14283,75.59528,70.82719,0.239037,1.072798,6.092755,3.33,0,-1,0,3.33,32.21616,0,2.762755,3.37203,1.072798,3.505263,3.33,0,0,1.238159,9.510931,0,2.432465,-2.432465,10.26136,73.29531,0.2146305,6.70203,0.8582384,0,10.58373
2/23/2007 6:00:00 PM,0.02845538,2.700709,78.5424,85.54454,0.0304877,0.1368288,2.86462,2.86462,0,-1,0,2.86462,4.776507,0,4.440892E-16,0,0.1368288,3.01539,2.86462,0,0,3.940898,7.078466,0,2.878561,-2.878561,7.227094,51.622,0.2146305,3.151082,0.109463,0,7.215295
2/23/2007 7:00:00 PM,0,0,80.69105,90,0,0,0.7515334,0.7515334,0,-1,0,0.7515334,0,0,0,0,0,0.7910878,0.7515334,0,0,7.139299,4.199905,0,0.7910878,-0.7910878,6.393215,45.66573,0.2146305,0.8266867,0,0,4.199905
2/23/2007 8:00:00 PM,0,0,82.28735,90,0,0,2.740628,2.740628,0,-1,0,2.740628,0,0,4.440892E-16,0,0,2.884871,2.740628,0,0,8.018286,3.408817,0,2.884871,-2.884871,3.352293,23.9449,0.2146305,3.01469,0,0,3.408817
2/23/2007 9:00:00 PM,0,0,83.40595,90,0,0,2.715384,0.4977488,0,-1,0,0.4977488,0,0,2.217635,2.489173,0,0.5239461,0.4977488,0,0,11.2237,0.5239461,0,0.5239461,-0.5239461,2.800006,20,0.2146305,2.986922,0,0,0.5239461
2/23/2007 10:00:00 PM,0,0,83.90311,90,0,0,0.9327024,0,0,-1,0,0,0,0,0.9327024,1.025973,0,0,0,0,0,11.80586,0,0,0,0,2.800006,20,0.2146305,1.025973,0,0,0
2/23/2007 11:00:00 PM,0,0,82.8478,90,0,0,0,0,0,-1,0,0,0,0,0,0,0,0,0,0,0,11.80586,0,0,0,0,2.800006,20,0.2146305,0,0,0,0
2/24/2007 12:00:00 AM,0,0,71.03706,90,0,0,0.4906589,0,0,-1,0,0,0,0,0.4906589,0.5397248,0,0,0,0,0,11.80586,0,0,0,0,2.800006,20,0.2146305,0.5397248,0,0,0
2/24/2007 1:00:00 AM,0,0,-80.90733,90,0,0,0.7127151,0,0,-1,0,0,0,0,0.7127151,0.7839866,0,0,0,0,0,11.80586,0,0,0,0,2.800006,20,0.2146305,0.7839866,0,0,0
2/24/2007 2:00:00 AM,0,0,-84.45528,90,0,0,0,0,0,-1,0,0,0,0,0,0,0,0,0,0,0,11.80586,0,0,0,0,2.800006,20,0.2146305,0,0,0,0
2/24/2007 3:00:00 AM,0,0,-84.36595,90,0,0,0,0,0,-1,0,0,0,0,0,0,0,0,0,0,0,11.80586,0,0,0,0,2.800006,20,0.2146305,0,0,0,0
2/24/2007 4:00:00 AM,0,0,-83.46089,90,0,0,0.7383131,0,0,-1,0,0,0,0,0.7383131,0.8121444,0,0,0,0,0,11.80586,0,0,0,0,2.800006,20,0.2146305,0.8121444,0,0,0
2/24/2007 5:00:00 AM,0,0,-82.09326,90,0,0,0,0,0,0,0,0,0,0,0,0,0,0,0,0,0,11.80586,0,0,0,0,2.800006,20,0.2146305,0,0,0,0
2/24/2007 6:00:00 AM,0.000704311,0,-80.27087,90,0,0,0.8910177,0.8910177,4.396281,0,1.365185,0.8910177,0,0,0,0,0,0,0,3.505263,3.33,11.80586,0,3.33,0,3.33,5.959121,42.56506,0.2149842,0.9801194,0,5,0
2/24/2007 7:00:00 AM,0.1394732,8.524811,-77.8451,79.68331,0.1643514,0.7376091,0.3929145,0.3929145,3.898178,0,1.229203,0.3929145,187.7276,4.440892E-16,0,0,0.7376091,0,0,3.505263,3.33,8.475861,2.997,4.067609,0,4.067609,9.817994,70.12839,0.2148797,0.432206,0.5900873,5,3.734609
2/24/2007 8:00:00 AM,0.3271199,22.91355,-74.47826,64.96262,0.3474402,1.559312,4.443344,4.443344,5,0,1.53,4.443344,35.0932,0,0,0,1.559312,0,0,0.5566559,0.5288231,4.408251,6.657848,2.088135,0,2.088135,11.79897,84.27821,0.2151276,4.887679,1.247449,5,8.21716
2/24/2007 9:00:00 AM,0.5035545,37.01073,-69.45564,50.32049,0.5251104,2.356696,2.925943,2.925943,0,-1,0,2.925943,80.54482,0,0,0,2.356696,3.07994,2.925943,0,0,2.320116,8.537169,0,0.7232448,-0.7232448,11.03661,78.83274,0.2151276,3.218538,1.885357,0,10.89387
2/24/2007 10:00:00 AM,0.7509437,50.49924,-61.12694,35.87799,0.7846821,3.521653,1.924533,1.924533,0,0,0,1.924533,182.9874,0,0,0,3.521653,2.025824,1.924533,0,0,3.123722,7.813925,1.495829,0,1.495829,12.45567,88.96892,0.214658,2.116986,2.817322,0,11.33558
2/24/2007 11:00:00 AM,0.9872682,62.4658,-45.25607,22.05467,1.03038,4.624343,2.655174,2.655174,0,0,0,2.655174,174.1634,0.2015302,0,0,4.624343,2.79492,2.655174,0,0,1.627892,9.160171,1.627892,0,1.627892,14.00003,100,0.2141493,2.920692,3.699475,0,13.78451
2/24/2007 12:00:00 PM,0.8063551,69.96375,-13.03615,11.41285,0.8323004,3.735364,0,0,0,0,0,0,0,3.735364,0,0,3.735364,0,0,0,0,0,10.62527,0,0,0,14.00003,100,0.2141493,0,2.988291,0,14.36064
2/24/2007 1:00:00 PM,0.8658361,67.85683,28.35966,14.79848,0.898326,4.031687,4.089868,4.089868,1.25,0,0.50625,4.089868,98.57745,1.042353,0,0,4.031687,2.989334,2.839868,0,0,0,10.62527,0,0,0,14.00003,100,0.2141493,4.498854,3.22535,5,14.65696
2/24/2007 2:00:00 PM,0.9361909,57.98868,52.9667,27.43315,0.978359,4.390875,0,0,0,-1,0,0,0,4.390875,0,0,4.390875,0,0,0,0,0,10.62527,0,0,0,14.00003,100,0.2141493,0,3.5127,0,15.01615
2/24/2007 3:00:00 PM,0.6081287,45.22739,65.02617,41.60104,0.6321394,2.837042,3.114198,3.114198,0,-1,0,3.114198,91.10023,0,4.440892E-16,0.0956179,2.837042,3.278103,3.114198,0,0,0,10.62527,0,0.4410615,-0.4410615,13.53511,96.67915,0.2141493,3.425618,2.269633,0,13.46232
2/24/2007 4:00:00 PM,0.3795105,31.4359,71.73109,56.14685,0.3922268,1.760314,2.891932,2.891932,0,-1,0,2.891932,60.86984,0,4.440892E-16,0,1.760314,3.044138,2.891932,0,0,0.4900683,10.18421,0,1.283824,-1.283824,12.18184,87.01296,0.2141493,3.181124,1.408251,0,11.94453
2/24/2007 5:00:00 PM,0.2453544,17.19895,75.96765,70.82913,0.264268,1.186035,4.956167,3.33,0,-1,0,3.33,35.61666,0,1.626167,2.121784,1.186035,3.505263,3.33,0,0,1.91654,8.900389,0,2.319228,-2.319228,9.737158,69.55099,0.2141493,5.451784,0.9488279,0,10.08642
2/24/2007 6:00:00 PM,0.04554627,2.736191,78.90123,85.56483,0.06168713,0.2768518,0.8308042,0.8308042,0,-1,0,0.8308042,33.32336,1.110223E-16,0,0,0.2768518,0.8745307,0.8308042,0,0,4.49346,6.58116,0,0.5976788,-0.5976788,9.107148,65.05093,0.2141493,0.9138846,0.2214815,0,6.858012
2/24/2007 7:00:00 PM,0,0,81.05857,90,0,0,9.424764,3.33,0,-1,0,3.33,0,0,6.094764,7.037241,0,3.505263,3.33,0,0,5.157548,5.983481,0,3.505263,-3.505263,5.412277,38.65904,0.2141493,10.36724,0,0,5.983481
2/24/2007 8:00:00 PM,0,0,82.68985,90,0,0,7.056207,2.354307,0,-1,0,2.354307,0,0,4.7019,5.40752,0,2.478218,2.354307,0,0,9.052284,2.478218,0,2.478218,-2.478218,2.800006,20,0.2141493,7.761827,0,0,2.478218
2/24/2007 9:00:00 PM,0,0,83.88473,90,0,0,4.825758,0,0,-1,0,0,0,0,4.825758,5.308334,0,0,0,0,0,11.80586,0,0,0,0,2.800006,20,0.2141493,5.308334,0,0,0
2/24/2007 10:00:00 PM,0,0,84.54523,90,0,0,0.702113,0,0,-1,0,0,0,0,0.702113,0.7723243,0,0,0,0,0,11.80586,0,0,0,0,2.800006,20,0.2141493,0.7723243,0,0,0
2/24/2007 11:00:00 PM,0,0,83.92857,90,0,0,1.490332,0,0,-1,0,0,0,0,1.490332,1.639365,0,0,0,0,0,11.80586,0,0,0,0,2.800006,20,0.2141493,1.639365,0,0,0
2/25/2007 12:00:00 AM,0,0,75.26025,90,0,0,0.5329348,0,0,-1,0,0,0,0,0.5329348,0.5862283,0,0,0,0,0,11.80586,0,0,0,0,2.800006,20,0.2141493,0.5862283,0,0,0
2/25/2007 1:00:00 AM,0,0,-82.91223,90,0,0,0,0,0,-1,0,0,0,0,0,0,0,0,0,0,0,11.80586,0,0,0,0,2.800006,20,0.2141493,0,0,0,0
2/25/2007 2:00:00 AM,0,0,-85.30811,90,0,0,0,0,0,-1,0,0,0,0,0,0,0,0,0,0,0,11.80586,0,0,0,0,2.800006,20,0.2141493,0,0,0,0
2/25/2007 3:00:00 AM,0,0,-84.92899,90,0,0,0.5818884,0,0,-1,0,0,0,0,0.5818884,0.6400772,0,0,0,0,0,11.80586,0,0,0,0,2.800006,20,0.2141493,0.6400772,0,0,0
2/25/2007 4:00:00 AM,0,0,-83.90185,90,0,0,0.2061705,0,0,-1,0,0,0,0,0.2061705,0.2267875,0,0,0,0,0,11.80586,0,0,0,0,2.800006,20,0.2141493,0.2267875,0,0,0
2/25/2007 5:00:00 AM,0,0,-82.47541,90,0,0,0.7918642,0.7918642,4.297127,0,1.338116,0.7918642,0,0,0,0,0,0,0,3.505263,3.33,11.80586,0,3.33,0,3.33,5.959121,42.56506,0.2144553,0.8710507,0,5,0
2/25/2007 6:00:00 AM,0.0008501397,0,-80.62759,90,0,0,0.4232077,0.4232077,3.928471,0,1.237473,0.4232077,0,0,0,0,0,0,0,3.505263,3.33,8.475861,2.997,3.33,0,3.33,9.118237,65.13013,0.2145971,0.4655285,0,5,2.997
2/25/2007 7:00:00 AM,0.09586818,8.620946,-78.19961,79.64308,0.1023353,0.4592808,1.955824,1.955824,5,0,1.53,1.955824,23.48273,0,0,0,0.4592808,0,0,3.044176,2.891967,5.14586,5.994,3.351248,0,3.351248,12.29751,87.83918,0.21508,2.151406,0.3674246,5,6.453281
2/25/2007 8:00:00 AM,0.3152555,23.03166,-74.85165,64.90363,0.3325492,1.492481,0,0,0,0,0,0,0,0,0,0,1.492481,0,0,0,0,1.794612,9.010123,1.492481,0,1.492481,13.7134,97.95267,0.2146204,0,1.193985,0,10.5026
2/25/2007 9:00:00 AM,0.3782702,37.15967,-69.87128,50.23777,0.384516,1.725708,0,0,0,-1,0,0,0,1.423576,0,0,1.725708,0,0,0,0,0.3021315,10.35336,0.3021315,0,0.3021315,14.00003,100,0.2145276,0,1.380566,0,12.07906
2/25/2007 10:00:00 AM,0.5466543,50.69553,-61.60891,35.75925,0.5583057,2.505676,0.03903539,0.03903539,0,0,0,0.03903539,6418.984,2.464586,0,0,2.505676,0.04108989,0.03903539,0,0,0,10.62527,0,0,0,14.00003,100,0.2145276,0.04293894,2.004541,0,13.13095
2/25/2007 11:00:00 AM,0.4570525,62.73896,-45.77721,21.86587,0.4584787,2.057652,0.4951239,0.4951239,0,0,0,0.4951239,415.5834,1.53647,0,0,2.057652,0.521183,0.4951239,0,0,0,10.62527,0,0,0,14.00003,100,0.2145276,0.5446362,1.646122,0,12.68293
2/25/2007 12:00:00 PM,0.8601962,70.32305,-13.19809,11.06965,0.8903391,3.995842,6.204018,6.204018,2.874018,0,0.9496069,6.204018,64.40732,0.4905787,0,0,3.995842,3.505263,3.33,0,0,0,10.62527,0,0,0,14.00003,100,0.2145276,6.82442,3.196673,5,14.62112
2/25/2007 1:00:00 PM,0.8358164,68.16094,28.89138,14.56714,0.8647299,3.880908,0,0,0,0,0,0,0,3.880908,0,0,3.880908,0,0,0,0,0,10.62527,0,0,0,14.00003,100,0.2145276,0,3.104726,0,14.50618
2/25/2007 2:00:00 PM,0.9262478,58.18116,53.54996,27.33234,0.9668103,4.339045,2.001777,2.001777,0,-1,0,2.001777,216.7596,2.231911,0,0,4.339045,2.107134,2.001777,0,0,0,10.62527,0,0,0,14.00003,100,0.2145276,2.201955,3.471236,0,14.96432
2/25/2007 3:00:00 PM,0.8103301,45.35036,65.51237,41.55443,0.8509445,3.819039,0,0,0,-1,0,0,0,3.819039,0,0,3.819039,0,0,0,0,0,10.62527,0,0,0,14.00003,100,0.2145276,0,3.055231,0,14.44431
2/25/2007 4:00:00 PM,0.3603624,31.51702,72.14655,56.13074,0.3701785,1.661361,4.811361,3.33,0,-1,0,3.33,49.89072,0,1.481361,1.962497,1.661361,3.505263,3.33,0,0,0,10.62527,0,1.843902,-1.843902,12.05638,86.11686,0.2145276,5.292497,1.329089,0,12.28664
2/25/2007 5:00:00 PM,0.1614215,17.25228,76.3441,70.83453,0.1642555,0.7371787,2.082297,2.082297,0,-1,0,2.082297,35.40219,0,4.440892E-16,0,0.7371787,2.191892,2.082297,0,0,2.04878,8.781372,0,1.454713,-1.454713,10.52298,75.16401,0.2145276,2.290527,0.589743,0,9.518551
2/25/2007 6:00:00 PM,0.03915207,2.769265,79.26363,85.58812,0.04751123,0.2132304,0,0,0,-1,0,0,0,0,0,0,0.2132304,0,0,0,0,3.665128,7.326659,0.2132304,0,0.2132304,10.72527,76.60892,0.2144621,0,0.1705843,0,7.539889
2/25/2007 7:00:00 PM,0,0,81.42957,90,0,0,5.880075,3.33,0,-1,0,3.33,0,0,2.550075,3.138082,0,3.505263,3.33,0,0,3.451898,7.518566,0,3.505263,-3.505263,7.030398,50.21703,0.2144621,6.468082,0,0,7.518566
2/25/2007 8:00:00 PM,0,0,83.09607,90,0,0,4.188326,3.33,0,-1,0,3.33,0,0,0.8583264,1.277159,0,3.505263,3.33,0,0,7.346634,4.013303,0,3.505263,-3.505263,3.335527,23.82514,0.2144621,4.607159,0,0,4.013303
2/25/2007 9:00:00 PM,0,0,84.36796,90,0,0,6.514381,0.4826379,0,-1,0,0.4826379,0,0,6.031743,6.683181,0,0.50804,0.4826379,0,0,11.24137,0.50804,0,0.50804,-0.50804,2.800006,20,0.2144621,7.165819,0,0,0.50804
2/25/2007 10:00:00 PM,0,0,85.19374,90,0,0,0,0,0,-1,0,0,0,0,0,0,0,0,0,0,0,11.80586,0,0,0,0,2.800006,20,0.2144621,0,0,0,0
2/25/2007 11:00:00 PM,0,0,85.02312,90,0,0,0.9201266,0,0,-1,0,0,0,0,0.9201266,1.012139,0,0,0,0,0,11.80586,0,0,0,0,2.800006,20,0.2144621,1.012139,0,0,0
2/26/2007 12:00:00 AM,0,0,79.73293,90,0,0,0.09033422,0,0,-1,0,0,0,0,0.09033422,0.09936764,0,0,0,0,0,11.80586,0,0,0,0,2.800006,20,0.2144621,0.09936764,0,0,0
2/26/2007 1:00:00 AM,0,0,-84.93668,90,0,0,0,0,0,-1,0,0,0,0,0,0,0,0,0,0,0,11.80586,0,0,0,0,2.800006,20,0.2144621,0,0,0,0
2/26/2007 2:00:00 AM,0,0,-86.1663,90,0,0,0,0,0,-1,0,0,0,0,0,0,0,0,0,0,0,11.80586,0,0,0,0,2.800006,20,0.2144621,0,0,0,0
2/26/2007 3:00:00 AM,0,0,-85.49557,90,0,0,0.4430845,0,0,-1,0,0,0,0,0.4430845,0.4873929,0,0,0,0,0,11.80586,0,0,0,0,2.800006,20,0.2144621,0.4873929,0,0,0
2/26/2007 4:00:00 AM,0,0,-84.34565,90,0,0,1.6199,0,0,-1,0,0,0,0,1.6199,1.78189,0,0,0,0,0,11.80586,0,0,0,0,2.800006,20,0.2144621,1.78189,0,0,0
2/26/2007 5:00:00 AM,0,0,-82.8601,90,0,0,0.4126318,0.4126318,3.917895,0,1.234585,0.4126318,0,0,0,0,0,0,0,3.505263,3.33,11.80586,0,3.33,0,3.33,5.959121,42.56506,0.2145976,0.4538949,0,5,0
2/26/2007 6:00:00 AM,0.0009489528,0,-80.98679,90,0,0,0.8714581,0.8714581,4.376721,0,1.359845,0.8714581,0,0,0,0,0,0,0,3.505263,3.33,8.475861,2.997,3.33,0,3.33,9.118237,65.13013,0.214929,0.9586039,0,5,2.997
2/26/2007 7:00:00 AM,0.139561,8.720089,-78.55676,79.60035,0.1617757,0.7260494,2.711516,2.711516,5,0,1.53,2.711516,26.7765,0,0,0,0.7260494,0,0,2.288484,2.174059,5.14586,5.994,2.900109,0,2.900109,11.86952,84.78213,0.2153243,2.982668,0.5808395,5,6.720049
2/26/2007 8:00:00 AM,0.4321515,23.15236,-75.2281,64.84264,0.4656858,2.089998,3.000233,3.000233,0,0,0,3.000233,69.66118,0,0,0,2.089998,3.15814,3.000233,0,0,2.245751,8.604098,0,1.068142,-1.068142,10.7436,76.73985,0.2153243,3.300256,1.671998,0,10.6941
2/26/2007 9:00:00 AM,0.6570683,37.31081,-70.29095,50.15364,0.6929902,3.11014,3.599106,3.33,0,-1,0,3.33,93.39761,0,0.2691056,0.6290162,3.11014,3.505263,3.33,0,0,3.432576,7.535955,0,0.395123,-0.395123,10.3271,73.76488,0.2153243,3.959016,2.488112,0,10.6461
2/26/2007 10:00:00 AM,0.8703791,50.89371,-62.09706,35.63992,0.9101619,4.084806,2.938048,2.938048,0,0,0,2.938048,139.0313,0,0,0,4.084806,3.092682,2.938048,0,0,3.871602,7.140832,0.9921246,0,0.9921246,11.26832,80.48781,0.2150232,3.231853,3.267845,0,11.22564
2/26/2007 11:00:00 AM,1.000754,63.01428,-46.30857,21.67745,1.042243,4.677589,4.372471,4.372471,2.664265,0,0.8923443,4.372471,106.9782,4.440892E-16,0,0,4.677589,1.798111,1.708206,0,0,2.879477,8.033745,2.879477,0,2.879477,14.00003,100,0.2147562,4.809718,3.742071,5,12.71133
2/26/2007 12:00:00 PM,1.127965,70.68578,-13.35962,10.72386,1.173304,5.265787,0.7378099,0.7378099,0,0,0,0.7378099,713.7051,4.489145,0,0,5.265787,0.776642,0.7378099,0,0,0,10.62527,0,0,0,14.00003,100,0.2147562,0.8115909,4.212629,0,15.89106
2/26/2007 1:00:00 PM,0.9376448,68.46453,29.44805,14.34123,0.9738423,4.370604,0,0,0,0,0,0,0,4.370604,0,0,4.370604,0,0,0,0,0,10.62527,0,0,0,14.00003,100,0.2147562,0,3.496483,0,14.99588
2/26/2007 2:00:00 PM,0.8468667,58.37043,54.14732,27.23732,0.8812551,3.955073,0,0,0,-1,0,0,0,3.955073,0,0,3.955073,0,0,0,0,0,10.62527,0,0,0,14.00003,100,0.2147562,0,3.164058,0,14.58035
2/26/2007 3:00:00 PM,0.7263957,45.46989,66.00622,41.51257,0.7605631,3.413407,0.6087953,0.6087953,0,-1,0,0.6087953,560.6823,2.77257,0,0,3.413407,0.6408371,0.6087953,0,0,0,10.62527,0,0,0,14.00003,100,0.2147562,0.6696748,2.730726,0,14.03868
2/26/2007 4:00:00 PM,0.5971264,31.59497,72.56707,56.11863,0.633957,2.845199,2.3441,2.3441,0,-1,0,2.3441,121.377,0.3777255,0,0,2.845199,2.467474,2.3441,0,0,0,10.62527,0,0,0,14.00003,100,0.2147562,2.57851,2.276159,0,13.47047
2/26/2007 5:00:00 PM,0.2969351,17.30282,76.72448,70.84335,0.324919,1.458236,4.104112,3.33,0,-1,0,3.33,43.79088,0,0.7741122,1.184523,1.458236,3.505263,3.33,0,0,0,10.62527,0,2.047027,-2.047027,11.84227,84.58749,0.2147562,4.514524,1.166589,0,12.08351
2/26/2007 6:00:00 PM,0.05364428,2.799951,79.62949,85.61437,0.07735045,0.3471488,4.251833,3.33,0,-1,0,3.33,10.42489,0,0.9218335,1.347017,0.3471488,3.505263,3.33,0,0,2.274474,8.578247,0,3.158114,-3.158114,8.513328,60.80936,0.2147562,4.677017,0.2777191,0,8.925396
2/26/2007 7:00:00 PM,0,0,81.80392,90,0,0,2.340114,2.340114,0,-1,0,2.340114,0,0,0,0,0,2.463278,2.340114,0,0,5.78349,5.420133,0,2.463278,-2.463278,5.916805,42.26281,0.2147562,2.574126,0,0,5.420133
2/26/2007 8:00:00 PM,0,0,83.50589,90,0,0,8.605753,2.809012,0,-1,0,2.809012,0,0,5.796741,6.657316,0,2.956855,2.809012,0,0,8.520466,2.956855,0,2.956855,-2.956855,2.800006,20,0.2147562,9.466328,0,0,2.956855
2/26/2007 9:00:00 PM,0,0,84.85553,90,0,0,2.471439,0,0,-1,0,0,0,0,2.471439,2.718583,0,0,0,0,0,11.80586,0,0,0,0,2.800006,20,0.2147562,2.718583,0,0,0
2/26/2007 10:00:00 PM,0,0,85.84849,90,0,0,0.1975519,0,0,-1,0,0,0,0,0.1975519,0.2173071,0,0,0,0,0,11.80586,0,0,0,0,2.800006,20,0.2147562,0.2173071,0,0,0
2/26/2007 11:00:00 PM,0,0,86.131,90,0,0,0.7118732,0,0,-1,0,0,0,0,0.7118732,0.7830606,0,0,0,0,0,11.80586,0,0,0,0,2.800006,20,0.2147562,0.7830606,0,0,0
2/27/2007 12:00:00 AM,0,0,84.42612,90,0,0,1.054741,0,0,-1,0,0,0,0,1.054741,1.160215,0,0,0,0,0,11.80586,0,0,0,0,2.800006,20,0.2147562,1.160215,0,0,0
2/27/2007 1:00:00 AM,0,0,-86.97371,90,0,0,1.369288,0,0,-1,0,0,0,0,1.369288,1.506217,0,0,0,0,0,11.80586,0,0,0,0,2.800006,20,0.2147562,1.506217,0,0,0
2/27/2007 2:00:00 AM,0,0,-87.02901,90,0,0,0.6892115,0,0,-1,0,0,0,0,0.6892115,0.7581326,0,0,0,0,0,11.80586,0,0,0,0,2.800006,20,0.2147562,0.7581326,0,0,0
2/27/2007 3:00:00 AM,0,0,-86.06533,90,0,0,0,0,0,-1,0,0,0,0,0,0,0,0,0,0,0,11.80586,0,0,0,0,2.800006,20,0.2147562,0,0,0,0
2/27/2007 4:00:00 AM,0,0,-84.79209,90,0,0,0.9448308,0,0,-1,0,0,0,0,0.9448308,1.039314,0,0,0,0,0,11.80586,0,0,0,0,2.800006,20,0.2147562,1.039314,0,0,0
2/27/2007 5:00:00 AM,0,0,-83.2472,90,0,0,1.264773,1.264773,4.770036,0,1.46722,1.264773,0,0,0,0,0,0,0,3.505263,3.33,11.80586,0,3.33,0,3.33,5.959121,42.56506,0.2152426,1.39125,0,5,0
2/27/2007 6:00:00 AM,0.001458999,0,-81.34836,90,0,0,0,0,3.505263,0,1.121937,0,0,0,0,0,0,0,0,3.505263,3.33,8.475861,2.997,3.33,0,3.33,9.118237,65.13013,0.2151972,0,0,5,2.997
2/27/2007 7:00:00 AM,0.1386795,8.822163,-78.91644,79.55518,0.1592509,0.714718,0,0,3.505263,0,1.121937,0,0,0,0,0,0.714718,0,0,3.505263,3.33,5.14586,5.994,4.044718,0,4.044718,12.95539,92.53834,0.2149395,0,0.5717744,5,6.708718
2/27/2007 8:00:00 AM,0.2296885,23.27556,-75.60754,64.77974,0.2335039,1.047965,0,0,0,0,0,0,0,0,0,0,1.047965,0,0,0,0,1.101142,9.634246,1.047965,0,1.047965,13.94958,99.63966,0.2146285,0,0.8383723,0,10.68221
2/27/2007 9:00:00 AM,0.5823978,37.46402,-70.71461,50.06822,0.6107714,2.741142,5.661973,3.33,0,-1,0,3.33,82.31658,0,2.331973,2.89817,2.741142,3.505263,3.33,0,0,0.05317679,10.57742,0,0.7641209,-0.7641209,13.14413,93.88643,0.2146285,6.22817,2.192914,0,13.31856
2/27/2007 10:00:00 AM,0.6539441,51.09364,-62.59143,35.52016,0.6753342,3.0309,0,0,0,0,0,0,0,2.1287,0,0,3.0309,0,0,0,0,0.9022001,9.813294,0.9022001,0,0.9022001,14.00003,100,0.2143614,0,2.42472,0,12.84419
2/27/2007 11:00:00 AM,0.7334796,63.29157,-46.8505,21.48968,0.7540788,3.384306,1.647614,1.647614,0,0,0,1.647614,205.4065,1.649976,0,0,3.384306,1.73433,1.647614,0,0,0,10.62527,0,0,0,14.00003,100,0.2143614,1.812375,2.707445,0,14.00958
2/27/2007 12:00:00 PM,0.6510259,71.05183,-13.52087,10.37568,0.6612061,2.967493,3.406519,3.406519,1.25,0,0.50625,3.406519,87.11217,0.6974725,0,0,2.967493,2.27002,2.156519,0,0,0,10.62527,0,0,0,14.00003,100,0.2143614,3.747171,2.373994,5,13.59277
2/27/2007 1:00:00 PM,0.8391391,68.76734,30.03046,14.12129,0.8666559,3.889552,1.807192,1.807192,0,0,0,1.807192,215.2262,1.987244,0,0,3.889552,1.902308,1.807192,0,0,0,10.62527,0,0,0,14.00003,100,0.2143614,1.987911,3.111641,0,14.51483
2/27/2007 2:00:00 PM,0.7931873,58.55627,54.75867,27.14825,0.8222315,3.690175,2.452804,2.452804,0,-1,0,2.452804,150.4472,1.108277,0,0,3.690175,2.581899,2.452804,0,0,0,10.62527,0,0,0,14.00003,100,0.2143614,2.698084,2.95214,0,14.31545
2/27/2007 3:00:00 PM,0.71956,45.58588,66.50751,41.47551,0.7521656,3.375719,0,0,0,-1,0,0,0,3.375719,0,0,3.375719,0,0,0,0,0,10.62527,0,0,0,14.00003,100,0.2143614,0,2.700575,0,14.00099
2/27/2007 4:00:00 PM,0.4659695,31.66973,72.99249,56.11053,0.4888615,2.19401,2.067031,2.067031,0,-1,0,2.067031,106.1431,0.01818841,0,0,2.19401,2.175822,2.067031,0,0,0,10.62527,0,0,0,14.00003,100,0.2143614,2.273734,1.755208,0,12.81928
2/27/2007 5:00:00 PM,0.3222108,17.35057,77.10867,70.8556,0.3527468,1.583127,6.237821,3.33,0,-1,0,3.33,47.54137,0,2.907821,3.531603,1.583127,3.505263,3.33,0,0,0,10.62527,0,1.922136,-1.922136,11.97392,85.52782,0.2143614,6.861603,1.266502,0,12.2084
2/27/2007 6:00:00 PM,0.06186111,2.828272,79.9987,85.64353,0.09237152,0.4145634,1.056285,1.056285,0,-1,0,1.056285,39.24732,0,2.220446E-16,0,0.4145634,1.111879,1.056285,0,0,2.135706,8.703138,0,0.697315,-0.697315,11.23888,80.27759,0.2143614,1.161913,0.3316507,0,9.117702
2/27/2007 7:00:00 PM,0,0,82.18153,90,0,0,6.682697,3.33,0,-1,0,3.33,0,0,3.352697,4.020967,0,3.505263,3.33,0,0,2.910501,8.005823,0,3.505263,-3.505263,7.544013,53.8857,0.2143614,7.350966,0,0,8.005823
2/27/2007 8:00:00 PM,0,0,83.91921,90,0,0,0.3189118,0.3189118,0,-1,0,0.3189118,0,0,5.551115E-17,0,0,0.3356966,0.3189118,0,0,6.805238,4.50056,0,0.3356966,-0.3356966,7.190157,51.35817,0.2143614,0.350803,0,0,4.50056
2/27/2007 9:00:00 PM,0,0,85.34733,90,0,0,3.979957,3.33,0,-1,0,3.33,0,0,0.6499574,1.047953,0,3.505263,3.33,0,0,7.178234,4.164864,0,3.505263,-3.505263,3.495286,24.96628,0.2143614,4.377953,0,0,4.164864
2/27/2007 10:00:00 PM,0,0,86.5093,90,0,0,1.174899,0.6266205,0,-1,0,0.6266205,0,0,0.5482785,0.6657684,0,0.6596006,0.6266205,0,0,11.07297,0.6596006,0,0.6596006,-0.6596006,2.800006,20,0.2143614,1.292389,0,0,0.6596006
2/27/2007 11:00:00 PM,0,0,87.25168,90,0,0,0,0,0,-1,0,0,0,0,0,0,0,0,0,0,0,11.80586,0,0,0,0,2.800006,20,0.2143614,0,0,0,0
2/28/2007 12:00:00 AM,0,0,89.29675,90,0,0,0.6775493,0,0,-1,0,0,0,0,0.6775493,0.7453042,0,0,0,0,0,11.80586,0,0,0,0,2.800006,20,0.2143614,0.7453042,0,0,0
2/28/2007 1:00:00 AM,0,0,-89.01615,90,0,0,0.2950401,0,0,-1,0,0,0,0,0.2950401,0.3245441,0,0,0,0,0,11.80586,0,0,0,0,2.800006,20,0.2143614,0.3245441,0,0,0
2/28/2007 2:00:00 AM,0,0,-87.89536,90,0,0,0.9343948,0,0,-1,0,0,0,0,0.9343948,1.027834,0,0,0,0,0,11.80586,0,0,0,0,2.800006,20,0.2143614,1.027834,0,0,0
2/28/2007 3:00:00 AM,0,0,-86.63795,90,0,0,0.1206426,0,0,-1,0,0,0,0,0.1206426,0.1327068,0,0,0,0,0,11.80586,0,0,0,0,2.800006,20,0.2143614,0.1327068,0,0,0
2/28/2007 4:00:00 AM,0,0,-85.24097,90,0,0,0.9857017,0,0,-1,0,0,0,0,0.9857017,1.084272,0,0,0,0,0,11.80586,0,0,0,0,2.800006,20,0.2143614,1.084272,0,0,0
2/28/2007 5:00:00 AM,0,0,-83.63656,90,0,0,1.372724,1.372724,4.877987,0,1.496691,1.372724,0,0,0,0,0,0,0,3.505263,3.33,11.80586,0,3.33,0,3.33,5.959121,42.56506,0.2148412,1.509996,0,5,0
2/28/2007 6:00:00 AM,0.0007833298,0,-81.7122,90,0,0,0.2799621,0.2799621,3.785225,0,1.198367,0.2799621,0,0,0,0,0,0,0,3.505263,3.33,8.475861,2.997,3.33,0,3.33,9.118237,65.13013,0.2149144,0.3079583,0,5,2.997
2/28/2007 7:00:00 AM,0.09523463,8.927088,-79.27859,79.50764,0.100042,0.4489886,0.2081071,0.2081071,3.71337,0,1.17875,0.2081071,215.7489,0,0,0,0.4489886,0,0,3.505263,3.33,5.14586,5.994,3.778989,0,3.778989,12.7033,90.73767,0.2148261,0.2289178,0.3591909,5,6.442988
2/28/2007 8:00:00 AM,0.1577655,23.40117,-75.98991,64.715,0.1576993,0.7077547,4.177835,4.177835,4.803996,0,1.476491,4.177835,16.94071,0,0,0,0.7077547,0,0,0.6261611,0.594853,1.366872,9.39509,1.302608,0,1.302608,13.93906,99.56453,0.2149809,4.595618,0.5662038,5,10.10284
2/28/2007 9:00:00 AM,0.2951314,37.6192,-71.14223,49.98162,0.2958866,1.327939,0,0,0,-1,0,0,0,1.263675,0,0,1.327939,0,0,0,0,0.0642639,10.56744,0.0642639,0,0.0642639,14.00003,100,0.2149622,0,1.062351,0,11.89538
2/28/2007 10:00:00 AM,0.5479797,51.29514,-63.09207,35.40012,0.5583956,2.506079,0,0,0,0,0,0,0,2.506079,0,0,2.506079,0,0,0,0,0,10.62527,0,0,0,14.00003,100,0.2149622,0,2.004863,0,13.13135
2/28/2007 11:00:00 AM,0.4246474,63.57065,-47.40339,21.30283,0.4248576,1.906761,2.177869,2.177869,0,0,0,2.177869,87.55167,0,0,0,1.906761,2.292494,2.177869,0,0,0,10.62527,0,0.385733,-0.385733,13.59343,97.09573,0.2149622,2.395656,1.525409,0,12.53203
2/28/2007 12:00:00 PM,0.4624394,71.4211,-13.68201,10.02535,0.4628855,2.07743,2.433847,2.433847,0,0,0,2.433847,85.35583,0,0,0,2.07743,2.561944,2.433847,0,0,0.4285922,10.23954,0,0.4845138,-0.4845138,13.08271,93.44772,0.2149622,2.677232,1.661944,0,12.31697
2/28/2007 1:00:00 PM,0.444539,69.06911,30.63941,13.90787,0.444736,1.995975,4.897531,4.897531,3.919948,0,1.235146,4.897531,40.75473,4.440892E-16,0,0,1.995975,1.029034,0.9775827,0,0,0.966941,9.755028,0.966941,0,0.966941,14.00003,100,0.2150581,5.387284,1.59678,5,11.751
2/28/2007 2:00:00 PM,0.6123289,58.73853,55.38388,27.06531,0.6239574,2.800321,0,0,0,-1,0,0,0,2.800321,0,0,2.800321,0,0,0,0,0,10.62527,0,0,0,14.00003,100,0.2150581,0,2.240257,0,13.4256
2/28/2007 3:00:00 PM,0.4604804,45.69825,67.01606,41.4433,0.4671498,2.096568,2.953908,2.953908,0,-1,0,2.953908,70.97608,0,0,0,2.096568,3.109377,2.953908,0,0,0,10.62527,0,1.012809,-1.012809,12.93243,92.37434,0.2150581,3.249299,1.677255,0,12.72184
2/28/2007 4:00:00 PM,0.2238293,31.74126,73.42263,56.10645,0.2238165,1.004489,3.150776,3.150776,0,-1,0,3.150776,31.88068,0,0,0.1358533,1.004489,3.316606,3.150776,0,0,1.125343,9.612465,0,2.312117,-2.312117,10.49525,74.9659,0.2150581,3.465853,0.803591,0,10.61695
2/28/2007 5:00:00 PM,0.1334749,17.39553,77.49652,70.87124,0.1340408,0.6015753,4.16792,3.33,0,-1,0,3.33,18.06532,0,0.83792,1.254712,0.6015753,3.505263,3.33,0,0,3.694362,7.300348,0,2.903688,-2.903688,7.434492,53.10341,0.2150581,4.584712,0.4812602,0,7.901923
2/28/2007 6:00:00 PM,0.04506467,2.854257,80.37113,85.67557,0.05716598,0.2565609,6.211096,3.33,0,-1,0,3.33,7.704532,4.440892E-16,2.881096,3.502206,0.2565609,3.505263,3.33,0,0,6.920682,4.39666,0,3.248702,-3.248702,4.010059,28.64322,0.2150581,6.832206,0.2052487,0,4.653221
2/28/2007 7:00:00 PM,0,0,82.56229,90,0,0,0,0,0,-1,0,0,0,0,0,0,0,0,0,0,0,10.53035,1.147958,0,0,0,4.010059,28.64322,0.2150581,0,0,0,1.147958
2/28/2007 8:00:00 PM,0,0,84.33592,90,0,0,2.388573,1.09056,0,-1,0,1.09056,0,0,1.298013,1.53687,0,1.147958,1.09056,0,0,10.53035,1.147958,0,1.147958,-1.147958,2.800006,20,0.2150581,2.62743,0,0,1.147958
2/28/2007 9:00:00 PM,0,0,85.84322,90,0,0,3.342153,0,0,-1,0,0,0,0,3.342153,3.676369,0,0,0,0,0,11.80586,0,0,0,0,2.800006,20,0.2150581,3.676369,0,0,0
2/28/2007 10:00:00 PM,0,0,87.17601,90,0,0,1.039174,0,0,-1,0,0,0,0,1.039174,1.143091,0,0,0,0,0,11.80586,0,0,0,0,2.800006,20,0.2150581,1.143091,0,0,0
2/28/2007 11:00:00 PM,0,0,88.38459,90,0,0,0.6532638,0,0,-1,0,0,0,0,0.6532638,0.7185902,0,0,0,0,0,11.80586,0,0,0,0,2.800006,20,0.2150581,0.7185902,0,0,0
3/1/2007 12:00:00 AM,0,0,94.2886,90,0,0,0.1043285,0,0,-1,0,0,0,0,0.1043285,0.1147613,0,0,0,0,0,11.80586,0,0,0,0,2.800006,20,0.2150581,0.1147613,0,0,0
3/1/2007 1:00:00 AM,0,0,-91.05683,90,0,0,0,0,0,-1,0,0,0,0,0,0,0,0,0,0,0,11.80586,0,0,0,0,2.800006,20,0.2150581,0,0,0,0
3/1/2007 2:00:00 AM,0,0,-88.76452,90,0,0,0,0,0,-1,0,0,0,0,0,0,0,0,0,0,0,11.80586,0,0,0,0,2.800006,20,0.2150581,0,0,0,0
3/1/2007 3:00:00 AM,0,0,-87.21306,90,0,0,1.492523,0,0,-1,0,0,0,0,1.492523,1.641775,0,0,0,0,0,11.80586,0,0,0,0,2.800006,20,0.2150581,1.641775,0,0,0
3/1/2007 4:00:00 AM,0,0,-85.69209,90,0,0,0.4766068,0,0,-1,0,0,0,0,0.4766068,0.5242674,0,0,0,0,0,11.80586,0,0,0,0,2.800006,20,0.2150581,0.5242674,0,0,0
3/1/2007 5:00:00 AM,0,0,-84.02805,90,0,0,0,0,0,0,0,0,0,0,0,0,0,0,0,0,0,11.80586,0,0,0,0,2.800006,20,0.2150581,0,0,0,0
3/1/2007 6:00:00 AM,0.0006609199,0,-82.07821,90,0,0,0,0,0,0,0,0,0,0,0,0,0,0,0,0,0,11.80586,0,0,0,0,2.800006,20,0.2150581,0,0,0,0
3/1/2007 7:00:00 AM,0.06790015,9.034778,-79.64311,79.45781,0.06847576,0.3073192,3.068035,3.068035,5,0,1.53,3.068035,10.01681,0,0,0,0.3073192,0,0,1.931965,1.835367,11.80586,0,2.142686,0,2.142686,4.832736,34.51947,0.215347,3.374839,0.2458554,5,0.3073192
3/1/2007 8:00:00 AM,0.15879,23.52907,-76.37514,64.64852,0.1587035,0.7122612,0.9119901,0.9119901,4.417253,0,1.37091,0.9119901,78.09967,0,0,0,0.7122612,0,0,3.505263,3.33,9.663175,1.928417,4.042261,0,4.042261,8.667562,61.91103,0.2154683,1.003189,0.569809,5,2.640678
3/1/2007 9:00:00 AM,0.4896098,37.77621,-71.57375,49.89397,0.5057024,2.269593,1.008527,1.008527,0,-1,0,1.008527,225.0404,0,0,0,2.269593,1.061607,1.008527,0,0,5.620913,5.566453,1.207985,0,1.207985,9.813557,70.09669,0.215119,1.109379,1.815674,0,7.836045
3/1/2007 10:00:00 AM,0.5984699,51.49808,-63.59903,35.27996,0.6129701,2.75101,2.484631,2.484631,0,0,0,2.484631,110.7211,0,0,0,2.75101,2.615401,2.484631,0,0,4.412928,6.653639,0.1356086,0,0.1356086,9.942206,71.01562,0.2150799,2.733094,2.200808,0,9.404649
3/1/2007 11:00:00 AM,0.8064872,63.85134,-47.96763,21.11717,0.8321035,3.73448,1.042605,1.042605,0,0,0,1.042605,358.1873,0,0,0,3.73448,1.097479,1.042605,0,0,4.277319,6.775687,2.637001,0,2.637001,12.44389,88.88472,0.2143216,1.146866,2.987584,0,10.51017
3/1/2007 12:00:00 PM,0.8514628,71.79345,-13.84319,9.673087,0.8773956,3.937751,1.607935,1.607935,0,0,0,1.607935,244.8949,0.6048701,0,0,3.937751,1.692563,1.607935,0,0,1.640318,9.148988,1.640318,0,1.640318,14.00003,100,0.2138527,1.768728,3.150201,0,13.08674
3/1/2007 1:00:00 PM,0.8876833,69.36956,31.27571,13.70156,0.9173451,4.117045,0,0,0,0,0,0,0,4.117045,0,0,4.117045,0,0,0,0,0,10.62527,0,0,0,14.00003,100,0.2138527,0,3.293636,0,14.74232
3/1/2007 2:00:00 PM,0.8525826,58.91702,56.02283,26.98863,0.8843856,3.969123,2.567802,2.567802,0,-1,0,2.567802,154.5728,1.266174,0,0,3.969123,2.702949,2.567802,0,0,0,10.62527,0,0,0,14.00003,100,0.2138527,2.824582,3.175298,0,14.5944
3/1/2007 3:00:00 PM,0.6604184,45.80692,67.53165,41.41599,0.6859383,3.078491,0.5009084,0.5009084,0,-1,0,0.5009084,614.5816,2.551219,0,0,3.078491,0.527272,0.5009084,0,0,0,10.62527,0,0,0,14.00003,100,0.2138527,0.5509992,2.462793,0,13.70376
3/1/2007 4:00:00 PM,0.4546065,31.80953,73.85735,56.10637,0.4744639,2.129394,4.80034,3.33,0,-1,0,3.33,63.94576,4.440892E-16,1.47034,1.950374,2.129394,3.505263,3.33,0,0,0,10.62527,0,1.375869,-1.375869,12.54973,89.64079,0.2138527,5.280374,1.703515,0,12.75467
3/1/2007 5:00:00 PM,0.2630014,17.43771,77.8879,70.89024,0.2819322,1.265312,2.427206,2.427206,0,-1,0,2.427206,52.13038,0,4.440892E-16,0,1.265312,2.554954,2.427206,0,0,1.528744,9.249405,0,1.289642,-1.289642,11.19033,79.93079,0.2138527,2.669927,1.012249,0,10.51472
3/1/2007 6:00:00 PM,0.04614864,2.877936,80.74667,85.71043,0.05856053,0.2628196,3.761551,3.33,0,-1,0,3.33,7.892482,0,0.4315514,0.8077065,0.2628196,3.505263,3.33,0,0,2.961679,7.959763,0,3.242444,-3.242444,7.772497,55.51772,0.2138527,4.137707,0.2102557,0,8.222583
3/1/2007 7:00:00 PM,0,0,82.94608,90,0,0,7.435143,3.33,0,-1,0,3.33,0,0,4.105143,4.848658,0,3.505263,3.33,0,0,6.564394,4.717319,0,3.505263,-3.505263,4.077625,29.12583,0.2138527,8.178658,0,0,4.717319
3/1/2007 8:00:00 PM,0,0,84.75591,90,0,0,0,0,0,-1,0,0,0,0,0,0,0,0,0,0,0,10.45913,1.212056,0,0,0,4.077625,29.12583,0.2138527,0,0,0,1.212056
3/1/2007 9:00:00 PM,0,0,86.34309,90,0,0,6.289237,1.151453,0,-1,0,1.151453,0,0,5.137784,5.766708,0,1.212056,1.151453,0,0,10.45913,1.212056,0,1.212056,-1.212056,2.800006,20,0.2138527,6.918161,0,0,1.212056
3/1/2007 10:00:00 PM,0,0,87.84843,90,0,0,0.3556386,0,0,-1,0,0,0,0,0.3556386,0.3912025,0,0,0,0,0,11.80586,0,0,0,0,2.800006,20,0.2138527,0.3912025,0,0,0
3/1/2007 11:00:00 PM,0,0,89.52911,90,0,0,0.837968,0,0,-1,0,0,0,0,0.837968,0.9217648,0,0,0,0,0,11.80586,0,0,0,0,2.800006,20,0.2138527,0.9217648,0,0,0
3/2/2007 12:00:00 AM,0,0,99.33556,90,0,0,0.4972875,0,0,-1,0,0,0,0,0.4972875,0.5470162,0,0,0,0,0,11.80586,0,0,0,0,2.800006,20,0.2138527,0.5470162,0,0,0
3/2/2007 1:00:00 AM,0,0,-93.08867,90,0,0,0.6803952,0,0,-1,0,0,0,0,0.6803952,0.7484347,0,0,0,0,0,11.80586,0,0,0,0,2.800006,20,0.2138527,0.7484347,0,0,0
3/2/2007 2:00:00 AM,0,0,-89.6356,90,0,0,0.5108345,0,0,-1,0,0,0,0,0.5108345,0.5619179,0,0,0,0,0,11.80586,0,0,0,0,2.800006,20,0.2138527,0.5619179,0,0,0
3/2/2007 3:00:00 AM,0,0,-87.79034,90,0,0,1.619213,0,0,-1,0,0,0,0,1.619213,1.781134,0,0,0,0,0,11.80586,0,0,0,0,2.800006,20,0.2138527,1.781134,0,0,0
3/2/2007 4:00:00 AM,0,0,-86.14525,90,0,0,0,0,0,-1,0,0,0,0,0,0,0,0,0,0,0,11.80586,0,0,0,0,2.800006,20,0.2138527,0,0,0,0
3/2/2007 5:00:00 AM,0,0,-84.42152,90,0,0,0.6664827,0.6664827,4.171746,0,1.303887,0.6664827,0,0,0,0,0,0,0,3.505263,3.33,11.80586,0,3.33,0,3.33,5.959121,42.56506,0.2140839,0.7331309,0,5,0
3/2/2007 6:00:00 AM,0.0006778056,0,-82.44627,90,0,0,0.403049,0.403049,3.908312,0,1.231969,0.403049,0,0,0,0,0,0,0,3.505263,3.33,8.475861,2.997,3.33,0,3.33,9.118237,65.13013,0.2142075,0.4433539,0,5,2.997
3/2/2007 7:00:00 AM,0.07515748,9.145145,-80.00992,79.40575,0.07618523,0.3419193,0.3392248,0.3392248,3.844488,0,1.214545,0.3392248,100.7943,0,0,0,0.3419193,0,0,3.505263,3.33,5.14586,5.994,3.671919,0,3.671919,12.60172,90.01214,0.2142081,0.3731473,0.2735355,5,6.335919
3/2/2007 8:00:00 AM,0.1735576,23.65917,-76.76318,64.58039,0.173742,0.7797542,4.896813,4.896813,5,0,1.53,4.896813,15.92371,0,0,0,0.7797542,0,0,0.1031873,0.09802791,1.473941,9.298727,0.8777822,0,0.8777822,13.43446,95.96025,0.2142974,5.386494,0.6238034,5,10.07848
3/2/2007 9:00:00 AM,0.4330118,37.93493,-72.00914,49.80537,0.4424464,1.985699,3.982293,3.33,0,-1,0,3.33,59.63061,0,0.6522933,1.050523,1.985699,3.505263,3.33,0,0,0.5961587,10.08873,0,1.519564,-1.519564,11.8327,84.51913,0.2142974,4.380523,1.58856,0,12.07443
3/2/2007 10:00:00 AM,0.554589,51.70228,-64.11237,35.15987,0.5646608,2.534198,1.744762,1.744762,0,0,0,1.744762,145.246,0,0,0,2.534198,1.836591,1.744762,0,0,2.284563,8.569167,0.6976061,0,0.6976061,12.49451,89.24631,0.2141011,1.919238,2.027358,0,11.10336
3/2/2007 11:00:00 AM,0.3153294,64.13344,-48.54362,20.93298,0.3142666,1.410429,0,0,0,0,0,0,0,0,0,0,1.410429,0,0,0,0,1.586957,9.197013,1.410429,0,1.410429,13.83256,98.80379,0.2137053,0,1.128343,0,10.60744
3/2/2007 12:00:00 PM,0.5092779,72.16879,-14.00463,9.319166,0.5108921,2.292884,0.9555258,0.9555258,0,0,0,0.9555258,239.9604,1.110539,0,0,2.292884,1.005817,0.9555258,0,0,0.1765283,10.4664,0.1765283,0,0.1765283,14.00003,100,0.2136559,1.051078,1.834307,0,12.75928
3/2/2007 1:00:00 PM,0.3868469,69.66842,31.9402,13.50293,0.3860345,1.732523,4.426888,4.426888,2.780992,0,0.9242107,4.426888,39.13636,2.220446E-16,0,0,1.732523,1.732523,1.645897,0,0,0,10.62527,0,0,0,14.00003,100,0.2136559,4.869577,1.386018,5,12.3578
3/2/2007 2:00:00 PM,0.2070731,59.09156,56.67531,26.91838,0.2062312,0.9255656,0,0,0,-1,0,0,0,0.9255656,0,0,0.9255656,0,0,0,0,0,10.62527,0,0,0,14.00003,100,0.2136559,0,0.7404525,0,11.55084
3/2/2007 3:00:00 PM,0.1604006,45.91182,68.05407,41.39361,0.1597508,0.7169616,2.626322,2.626322,0,-1,0,2.626322,27.29908,0,0,0,0.7169616,2.764549,2.626322,0,0,0,10.62527,0,2.047587,-2.047587,11.84168,84.58327,0.2136559,2.888954,0.5735692,0,11.34224
3/2/2007 4:00:00 PM,0.1229559,31.87453,74.29645,56.11029,0.1224879,0.5497258,0,0,0,-1,0,0,0,0,0,0,0.5497258,0,0,0,0,2.275097,8.577687,0.5497258,0,0.5497258,12.3632,88.30837,0.2135021,0,0.4397806,0,9.127413
3/2/2007 5:00:00 PM,0.03807778,17.47711,78.28267,70.91257,0.0379231,0.1701989,2.793336,2.793336,0,-1,0,2.793336,6.093033,0,4.440892E-16,0,0.1701989,2.940354,2.793336,0,0,1.725371,9.07244,0,2.770155,-2.770155,9.443197,67.45128,0.2135021,3.07267,0.1361591,0,9.242639
3/2/2007 6:00:00 PM,0.029173,2.899343,81.12518,85.74805,0.03053868,0.1370576,0,0,0,-1,0,0,0,0,0,0,0.1370576,0,0,0,0,4.803321,6.302285,0.1370576,0,0.1370576,9.573222,68.38002,0.2134638,0,0.1096461,0,6.439343
3/2/2007 7:00:00 PM,0,0,83.33278,90,0,0,5.120113,3.33,0,-1,0,3.33,0,0,1.790113,2.302124,0,3.505263,3.33,0,0,4.666264,6.425637,0,3.505263,-3.505263,5.87835,41.98813,0.2134638,5.632124,0,0,6.425637
3/2/2007 8:00:00 PM,0,0,85.17905,90,0,0,1.395151,1.395151,0,-1,0,1.395151,0,0,0,0,0,1.46858,1.395151,0,0,8.561,2.920374,0,1.46858,-1.46858,4.33033,30.93087,0.2134638,1.534666,0,0,2.920374
3/2/2007 9:00:00 PM,0,0,86.8468,90,0,0,1.390109,1.379204,0,-1,0,1.379204,0,0,0.0109047,0.1499156,0,1.451794,1.379204,0,0,10.19276,1.451794,0,1.451794,-1.451794,2.800006,20,0.2134638,1.52912,0,0,1.451794
3/2/2007 10:00:00 PM,0,0,88.52636,90,0,0,0,0,0,-1,0,0,0,0,0,0,0,0,0,0,0,11.80586,0,0,0,0,2.800006,20,0.2134638,0,0,0,0
3/2/2007 11:00:00 PM,0,0,90.68458,90,0,0,1.254265,0,0,-1,0,0,0,0,1.254265,1.379691,0,0,0,0,0,11.80586,0,0,0,0,2.800006,20,0.2134638,1.379691,0,0,0
3/3/2007 12:00:00 AM,0,0,104.3665,90,0,0,0.4417818,0,0,-1,0,0,0,0,0.4417818,0.48596,0,0,0,0,0,11.80586,0,0,0,0,2.800006,20,0.2134638,0.48596,0,0,0
3/3/2007 1:00:00 AM,0,0,-95.10483,90,0,0,2.028679,0,0,-1,0,0,0,0,2.028679,2.231547,0,0,0,0,0,11.80586,0,0,0,0,2.800006,20,0.2134638,2.231547,0,0,0
3/3/2007 2:00:00 AM,0,0,-90.50777,90,0,0,0.5206977,0,0,-1,0,0,0,0,0.5206977,0.5727674,0,0,0,0,0,11.80586,0,0,0,0,2.800006,20,0.2134638,0.5727674,0,0,0
3/3/2007 3:00:00 AM,0,0,-88.36943,90,0,0,1.053541,0,0,-1,0,0,0,0,1.053541,1.158895,0,0,0,0,0,11.80586,0,0,0,0,2.800006,20,0.2134638,1.158895,0,0,0
3/3/2007 4:00:00 AM,0,0,-86.60025,90,0,0,0.925559,0,0,-1,0,0,0,0,0.925559,1.018115,0,0,0,0,0,11.80586,0,0,0,0,2.800006,20,0.2134638,1.018115,0,0,0
3/3/2007 5:00:00 AM,0,0,-84.81685,90,0,0,0.6172833,0.6172833,4.122547,0,1.290455,0.6172833,0,0,0,0,0,0,0,3.505263,3.33,11.80586,0,3.33,0,3.33,5.959121,42.56506,0.213673,0.6790116,0,5,0
3/3/2007 6:00:00 AM,0.00225014,0,-82.81628,90,0,0,1.97073,1.97073,5,0,1.53,1.97073,0,0,0,0,0,0,0,3.029269,2.877806,8.475861,2.997,2.877806,0,2.877806,8.689247,62.06593,0.2140678,2.167804,0,5,2.997
3/3/2007 7:00:00 AM,0.1567603,9.2581,-80.37891,79.35153,0.1775635,0.7969049,2.262809,2.262809,5,0,1.53,2.262809,35.21751,0,0,0,0.7969049,0,0,2.737191,2.600332,5.598054,5.587026,3.397236,0,3.397236,11.91215,85.08661,0.2144979,2.48909,0.6375239,5,6.38393
3/3/2007 8:00:00 AM,0.4199826,23.79135,-77.15392,64.51071,0.4464126,2.0035,1.320622,1.320622,0,0,0,1.320622,151.7088,0,0,0,2.0035,1.390128,1.320622,0,0,2.200818,8.644538,0.6133714,0,0.6133714,12.49404,89.243,0.2143279,1.452684,1.6028,0,10.64804
3/3/2007 9:00:00 AM,0.629276,38.09521,-72.44837,49.71596,0.6575453,2.951063,2.988716,2.988716,0,-1,0,2.988716,98.74017,0,0,0,2.951063,3.146017,2.988716,0,0,1.587446,9.196572,0,0.1949538,-0.1949538,12.28854,87.77515,0.2143279,3.287588,2.360851,0,12.14764
3/3/2007 10:00:00 AM,0.7305545,51.90759,-64.63213,35.03999,0.755673,3.39146,3.216389,3.216389,1.70836,0,0.6313823,3.216389,105.4431,0,0,0,3.39146,1.587399,1.508029,0,0,1.804062,9.001618,1.804062,0,1.804062,14.00003,100,0.2140087,3.538028,2.713168,5,12.39308
3/3/2007 11:00:00 AM,0.8904209,64.41675,-49.13179,20.75056,0.9204472,4.130967,1.413728,1.413728,0,0,0,1.413728,292.2038,2.642832,0,0,4.130967,1.488135,1.413728,0,0,0,10.62527,0,0,0,14.00003,100,0.2140087,1.555101,3.304774,0,14.75624
3/3/2007 12:00:00 PM,0.9099584,72.54697,-14.16654,8.963876,0.9385018,4.211996,3.185203,3.185203,1.25,0,0.50625,3.185203,132.2363,2.17494,0,0,4.211996,2.037056,1.935203,0,0,0,10.62527,0,0,0,14.00003,100,0.2140087,3.503723,3.369597,5,14.83727
3/3/2007 1:00:00 PM,0.931778,69.96539,32.6337,13.31259,0.962516,4.319772,5.155255,5.155255,1.825255,0,0.6632946,5.155255,83.79356,0.8145087,0,0,4.319772,3.505263,3.33,0,0,0,10.62527,0,0,0,14.00003,100,0.2140087,5.670781,3.455817,5,14.94505
3/3/2007 2:00:00 PM,0.9158531,59.26199,57.34115,26.85467,0.9493013,4.260464,6.012841,3.33,0,-1,0,3.33,127.9419,0.7552012,2.682841,3.284125,4.260464,3.505263,3.33,0,0,0,10.62527,0,0,0,14.00003,100,0.2140087,6.614125,3.408371,0,14.88574
3/3/2007 3:00:00 PM,0.8167078,46.01287,68.58308,41.37619,0.8507119,3.817995,0.8095459,0.8095459,0,-1,0,0.8095459,471.6218,2.965841,0,0,3.817995,0.8521536,0.8095459,0,0,0,10.62527,0,0,0,14.00003,100,0.2140087,0.8905005,3.054396,0,14.44327
3/3/2007 4:00:00 PM,0.5544808,31.93623,74.73977,56.11821,0.5828255,2.615721,4.591748,3.33,0,-1,0,3.33,78.55018,4.440892E-16,1.261748,1.720923,2.615721,3.505263,3.33,0,0,0,10.62527,0,0.8895422,-0.8895422,13.06237,93.30244,0.2140087,5.050923,2.092577,0,13.241
3/3/2007 5:00:00 PM,0.2674587,17.51376,78.68068,70.93819,0.2856102,1.281819,1.890446,1.890446,0,-1,0,1.890446,67.80511,2.220446E-16,0,0,1.281819,1.989943,1.890446,0,0,0.9883803,9.735732,0,0.7081242,-0.7081242,12.31594,87.97083,0.2140087,2.07949,1.025455,0,11.01755
3/3/2007 6:00:00 PM,0.05495674,2.918515,81.50655,85.78838,0.07398129,0.332028,2.517762,2.517762,0,-1,0,2.517762,13.18743,0,0,0,0.332028,2.650276,2.517762,0,0,1.775185,9.027608,0,2.318248,-2.318248,9.872292,70.51623,0.2140087,2.769538,0.2656224,0,9.359635
3/3/2007 7:00:00 PM,0,0,83.7223,90,0,0,5.369909,3.33,0,-1,0,3.33,0,0,2.039909,2.5769,0,3.505263,3.33,0,0,4.351016,6.70936,0,3.505263,-3.505263,6.17742,44.12434,0.2140087,5.9069,0,0,6.70936
3/3/2007 8:00:00 PM,0,0,85.60526,90,0,0,3.28466,3.043892,0,-1,0,3.043892,0,0,0.2407675,0.5692335,0,3.204097,3.043892,0,0,8.245752,3.204097,0,3.204097,-3.204097,2.800006,20,0.2140087,3.613126,0,0,3.204097
3/3/2007 9:00:00 PM,0,0,87.35423,90,0,0,6.616391,0,0,-1,0,0,0,0,6.616391,7.27803,0,0,0,0,0,11.80586,0,0,0,0,2.800006,20,0.2140087,7.27803,0,0,0
3/3/2007 10:00:00 PM,0,0,89.20961,90,0,0,0.8814285,0,0,-1,0,0,0,0,0.8814285,0.9695714,0,0,0,0,0,11.80586,0,0,0,0,2.800006,20,0.2140087,0.9695714,0,0,0
3/3/2007 11:00:00 PM,0,0,91.85025,90,0,0,0,0,0,-1,0,0,0,0,0,0,0,0,0,0,0,11.80586,0,0,0,0,2.800006,20,0.2140087,0,0,0,0
3/4/2007 12:00:00 AM,0,0,109.3115,90,0,0,0.3934648,0,0,-1,0,0,0,0,0.3934648,0.4328113,0,0,0,0,0,11.80586,0,0,0,0,2.800006,20,0.2140087,0.4328113,0,0,0
3/4/2007 1:00:00 AM,0,0,-97.09882,90,0,0,1.723564,0,0,-1,0,0,0,0,1.723564,1.895921,0,0,0,0,0,11.80586,0,0,0,0,2.800006,20,0.2140087,1.895921,0,0,0
3/4/2007 2:00:00 AM,0,0,-91.38019,90,0,0,1.222168,0,0,-1,0,0,0,0,1.222168,1.344384,0,0,0,0,0,11.80586,0,0,0,0,2.800006,20,0.2140087,1.344384,0,0,0
3/4/2007 3:00:00 AM,0,0,-88.95001,90,0,0,0.9056635,0,0,-1,0,0,0,0,0.9056635,0.9962299,0,0,0,0,0,11.80586,0,0,0,0,2.800006,20,0.2140087,0.9962299,0,0,0
3/4/2007 4:00:00 AM,0,0,-87.05688,90,0,0,0.6242872,0,0,-1,0,0,0,0,0.6242872,0.686716,0,0,0,0,0,11.80586,0,0,0,0,2.800006,20,0.2140087,0.686716,0,0,0
3/4/2007 5:00:00 AM,0,0,-85.21387,90,0,0,0.6983394,0.6983394,4.203603,0,1.312583,0.6983394,0,0,0,0,0,0,0,3.505263,3.33,11.80586,0,3.33,0,3.33,5.959121,42.56506,0.214244,0.7681733,0,5,0
3/4/2007 6:00:00 AM,0.001550072,0,-83.18812,90,0,0,0.1611393,0.1611393,3.666403,0,1.165928,0.1611393,0,0,0,0,0,0,0,3.505263,3.33,8.475861,2.997,3.33,0,3.33,9.118237,65.13013,0.214269,0.1772533,0,5,2.997
3/4/2007 7:00:00 AM,0.1365116,9.373545,-80.75003,79.29524,0.150279,0.6744521,0.3461682,0.3461682,3.851431,0,1.216441,0.3461682,194.8336,0,0,0,0.6744521,0,0,3.505263,3.33,5.14586,5.994,4.004452,0,4.004452,12.91719,92.26548,0.2141813,0.380785,0.5395617,5,6.668452
3/4/2007 8:00:00 AM,0.3431348,23.92551,-77.54733,64.43958,0.3591024,1.611652,1.817995,1.817995,0,0,0,1.817995,88.64993,0,0,0,1.611652,1.913679,1.817995,0,0,1.141408,9.598007,0,0.3020276,-0.3020276,12.59883,89.99145,0.2141813,1.999795,1.289321,0,11.20966
3/4/2007 9:00:00 AM,0.5857168,38.25693,-72.8914,49.62585,0.609332,2.734682,0,0,0,-1,0,0,0,1.257688,0,0,2.734682,0,0,0,0,1.476994,9.295979,1.476994,0,1.476994,14.00003,100,0.2137798,0,2.187746,0,12.03066
3/4/2007 10:00:00 AM,0.8851099,52.11383,-65.15835,34.9205,0.9185414,4.122414,3.987757,3.987757,1.25,0,0.50625,3.987757,103.3767,1.240564,0,0,4.122414,2.88185,2.737757,0,0,0,10.62527,0,0,0,14.00003,100,0.2137798,4.386533,3.297931,5,14.74769
3/4/2007 11:00:00 AM,0.9014333,64.70107,-49.73257,20.5702,0.9311182,4.178858,0,0,0,0,0,0,0,4.178858,0,0,4.178858,0,0,0,0,0,10.62527,0,0,0,14.00003,100,0.2137798,0,3.343087,0,14.80413
3/4/2007 12:00:00 PM,0.8314183,72.92792,-14.32915,8.60754,0.8532743,3.829495,2.771291,2.771291,0,0,0,2.771291,138.1845,0.9123467,0,0,3.829495,2.917148,2.771291,0,0,0,10.62527,0,0,0,14.00003,100,0.2137798,3.04842,3.063596,0,14.45477
3/4/2007 1:00:00 PM,1.010477,70.26018,33.35705,13.13115,1.044317,4.686893,5.491843,5.491843,2.161843,0,0.7551832,5.491843,85.34282,1.18163,0,0,4.686893,3.505263,3.33,0,0,0,10.62527,0,0,0,14.00003,100,0.2137798,6.041028,3.749515,5,15.31217
3/4/2007 2:00:00 PM,0.8255255,59.42813,58.02011,26.79763,0.8525042,3.826039,3.8184,3.33,0,-1,0,3.33,114.8961,0.3207756,0.4884002,0.8702402,3.826039,3.505263,3.33,0,0,0,10.62527,0,0,0,14.00003,100,0.2137798,4.20024,3.060831,0,14.45131
3/4/2007 3:00:00 PM,0.598699,46.11001,69.11846,41.36376,0.6159884,2.764556,3.104488,3.104488,0,-1,0,3.104488,89.05031,0,4.440892E-16,0.08493662,2.764556,3.267882,3.104488,0,0,0,10.62527,0,0.5033259,-0.5033259,13.46948,96.21035,0.2137798,3.414937,2.211645,0,13.38983
3/4/2007 4:00:00 PM,0.4173505,31.99463,75.18712,56.1301,0.4306761,1.932874,2.130565,2.130565,0,-1,0,2.130565,90.72122,0,0,0,1.932874,2.2427,2.130565,0,0,0.559251,10.12195,0,0.3098254,-0.3098254,13.14289,93.87761,0.2137798,2.343621,1.5463,0,12.05482
3/4/2007 5:00:00 PM,0.2622963,17.54767,79.08179,70.96707,0.2787495,1.251028,4.592644,3.33,0,-1,0,3.33,37.56841,0,1.262644,1.721908,1.251028,3.505263,3.33,0,0,0.9035015,9.812123,0,2.254235,-2.254235,10.76672,76.90498,0.2137798,5.051908,1.000822,0,11.06315
3/4/2007 6:00:00 PM,0.03730434,2.935495,81.89066,85.83135,0.04152828,0.1863789,7.872776,3.33,0,-1,0,3.33,5.596964,4.440892E-16,4.542775,5.330053,0.1863789,3.505263,3.33,0,0,3.408207,7.557888,0,3.318884,-3.318884,7.268308,51.91638,0.2137798,8.660053,0.1491031,0,7.744267
3/4/2007 7:00:00 PM,0,0,84.1145,90,0,0,3.539597,3.33,0,-1,0,3.33,0,0,0.2095965,0.5635561,0,3.505263,3.33,0,0,7.095857,4.239003,0,3.505263,-3.505263,3.573436,25.52449,0.2137798,3.893556,0,0,4.239003
3/4/2007 8:00:00 PM,0,0,86.03438,90,0,0,0.6394346,0.6394346,0,-1,0,0.6394346,0,0,1.110223E-16,0.0063249,0,0.6730891,0.6394346,0,0,10.99059,0.7337402,0,0.6730891,-0.6730891,2.863937,20.45666,0.2137798,0.7033781,0,0,0.7337402
3/4/2007 9:00:00 PM,0,0,87.86523,90,0,0,0.02098076,0.02098076,0,-1,0,0.02098076,0,0,3.469447E-18,0,0,0.02208501,0.02098076,0,0,11.73847,0.06065112,0,0.02208501,-0.02208501,2.840658,20.29037,0.2137798,0.02307883,0,0,0.06065112
3/4/2007 10:00:00 PM,0,0,89.89796,90,0,0,0.3738262,0.0366378,0,-1,0,0.0366378,0,0,0.3371884,0.3745711,0,0.03856611,0.0366378,0,0,11.76301,0.03856611,0,0.03856611,-0.03856611,2.800006,20,0.2137798,0.4112088,0,0,0.03856611
3/4/2007 11:00:00 PM,0,0,93.02534,90,0,0,0.7756066,0,0,-1,0,0,0,0,0.7756066,0.8531673,0,0,0,0,0,11.80586,0,0,0,0,2.800006,20,0.2137798,0.8531673,0,0,0
3/5/2007 12:00:00 AM,0,0,114.1073,90,0,0,0.7032723,0,0,-1,0,0,0,0,0.7032723,0.7735995,0,0,0,0,0,11.80586,0,0,0,0,2.800006,20,0.2137798,0.7735995,0,0,0
3/5/2007 1:00:00 AM,0,0,-99.06463,90,0,0,0.06053318,0,0,-1,0,0,0,0,0.06053318,0.0665865,0,0,0,0,0,11.80586,0,0,0,0,2.800006,20,0.2137798,0.0665865,0,0,0
3/5/2007 2:00:00 AM,0,0,-92.25201,90,0,0,0,0,0,-1,0,0,0,0,0,0,0,0,0,0,0,11.80586,0,0,0,0,2.800006,20,0.2137798,0,0,0,0
3/5/2007 3:00:00 AM,0,0,-89.53174,90,0,0,1.311852,0,0,-1,0,0,0,0,1.311852,1.443037,0,0,0,0,0,11.80586,0,0,0,0,2.800006,20,0.2137798,1.443037,0,0,0
3/5/2007 4:00:00 AM,0,0,-87.51498,90,0,0,0,0,0,-1,0,0,0,0,0,0,0,0,0,0,0,11.80586,0,0,0,0,2.800006,20,0.2137798,0,0,0,0
3/5/2007 5:00:00 AM,0,0,-85.61248,90,0,0,1.575747,1.575747,5,0,1.53,1.575747,0,0,0,0,0,0,0,3.424253,3.25304,11.80586,0,3.25304,0,3.25304,5.88611,42.04356,0.2142137,1.733322,0,5,0
3/5/2007 6:00:00 AM,0.002209064,0,-83.5617,90,0,0,0,0,3.505263,0,1.121937,0,0,0,0,0,0,0,0,3.505263,3.33,8.55282,2.927736,3.33,0,3.33,9.045226,64.60863,0.2141769,0,0,5,2.927736
3/5/2007 7:00:00 AM,0.1354339,9.491384,-81.12317,79.23695,0.1478029,0.6633394,1.584781,1.584781,4.597812,0,1.420202,1.584781,41.85684,0,0,0,0.6633394,0,0,3.01303,2.862379,5.22282,5.924736,3.525718,0,3.525718,12.39002,88.49994,0.2145031,1.743259,0.5306715,5,6.588076
3/5/2007 8:00:00 AM,0.3380435,24.06152,-77.94331,64.36708,0.3524559,1.581822,2.136563,2.136563,0,0,0,2.136563,74.03584,0,0,0,1.581822,2.249013,2.136563,0,0,1.697102,9.097882,0,0.6671912,-0.6671912,11.68673,83.47651,0.2145031,2.350219,1.265458,0,10.6797
3/5/2007 9:00:00 AM,0.6600275,38.41996,-73.33817,49.53518,0.6880579,3.088004,4.762906,3.33,0,-1,0,3.33,92.73285,0,1.432906,1.909196,3.088004,3.505263,3.33,0,0,2.438425,8.430692,0,0.4172592,-0.4172592,11.2469,80.33488,0.2145031,5.239196,2.470403,0,11.5187
3/5/2007 10:00:00 AM,0.7542629,52.32084,-65.69108,34.80157,0.7792747,3.497385,5.983561,5.983561,5,0,1.53,5.983561,58.44989,0,0,0,3.497385,1.035327,0.9835611,0,0,2.902047,8.013433,2.462057,0,2.462057,13.58262,97.0185,0.2147297,6.581917,2.797908,5,11.51082
3/5/2007 11:00:00 AM,0.7925856,64.98619,-50.3464,20.39221,0.8136857,3.651821,6.183682,6.183682,3.132442,0,1.020157,6.183682,59.05577,0,0,0,3.651821,3.211832,3.05124,0,0,0.4399892,10.22928,0.4399892,0,0.4399892,14.00003,100,0.2147173,6.80205,2.921457,5,13.88111
3/5/2007 12:00:00 PM,0.9411065,73.31149,-14.49275,8.250524,0.9696823,4.351934,5.359556,5.359556,2.029556,0,0.7190688,5.359556,81.19953,0.8466713,0,0,4.351934,3.505263,3.33,0,0,0,10.62527,0,0,0,14.00003,100,0.2147173,5.895512,3.481548,5,14.97721
3/5/2007 1:00:00 PM,1.010151,70.55248,34.11109,12.9592,1.042862,4.680366,0,0,0,0,0,0,0,4.680366,0,0,4.680366,0,0,0,0,0,10.62527,0,0,0,14.00003,100,0.2147173,0,3.744293,0,15.30564
3/5/2007 2:00:00 PM,0.8224885,59.58984,58.71195,26.74737,0.8483106,3.807218,1.244019,1.244019,0,-1,0,1.244019,306.0417,2.497724,0,0,3.807218,1.309494,1.244019,0,0,0,10.62527,0,0,0,14.00003,100,0.2147173,1.368421,3.045775,0,14.43249
3/5/2007 3:00:00 PM,0.7201697,46.20319,69.65997,41.35632,0.7467575,3.351448,0,0,0,-1,0,0,0,3.351448,0,0,3.351448,0,0,0,0,0,10.62527,0,0,0,14.00003,100,0.2147173,0,2.681158,0,13.97672
3/5/2007 4:00:00 PM,0.5339825,32.04971,75.63832,56.14593,0.5586422,2.507186,1.122469,1.122469,0,-1,0,1.122469,223.3635,1.32564,0,0,2.507186,1.181546,1.122469,0,0,0,10.62527,0,0,0,14.00003,100,0.2147173,1.234716,2.005749,0,13.13246
3/5/2007 5:00:00 PM,0.2424098,17.57887,79.48586,70.99915,0.2547295,1.143226,1.23016,1.23016,0,-1,0,1.23016,92.93315,0,0,0,1.143226,1.294905,1.23016,0,0,0,10.62527,0,0.1516788,-0.1516788,13.84014,98.85798,0.2147173,1.353176,0.9145809,0,11.7685
3/5/2007 6:00:00 PM,0.03821531,2.950327,82.27739,85.87691,0.04263361,0.1913397,3.886132,3.33,0,-1,0,3.33,5.745935,0,0.556132,0.9447452,0.1913397,3.505263,3.33,0,0,0.168532,10.4736,0,3.313924,-3.313924,10.34696,73.90672,0.2147173,4.274745,0.1530717,0,10.66494
3/5/2007 7:00:00 PM,0,0,84.50928,90,0,0,0.5668229,0.5668229,0,-1,0,0.5668229,0,0,0,0,0,0.5966557,0.5668229,0,0,3.850669,7.159672,0,0.5966557,-0.5966557,9.718032,69.41438,0.2147173,0.6235052,0,0,7.159672
3/5/2007 8:00:00 PM,0,0,86.46632,90,0,0,8.467926,3.33,0,-1,0,3.33,0,0,5.137926,5.984718,0,3.505263,3.33,0,0,4.51362,6.563016,0,3.505263,-3.505263,6.02316,43.02249,0.2147173,9.314718,0,0,6.563016
3/5/2007 9:00:00 PM,0,0,88.37968,90,0,0,0.3185302,0.3185302,0,-1,0,0.3185302,0,0,5.551115E-17,0,0,0.3352949,0.3185302,0,0,8.408357,3.057753,0,0.3352949,-0.3352949,5.669728,40.49798,0.2147173,0.3503832,0,0,3.057753
3/5/2007 10:00:00 PM,0,0,90.5912,90,0,0,0.9312286,0.9312286,0,-1,0,0.9312286,0,0,1.110223E-16,0,0,0.9802406,0.9312286,0,0,8.780907,2.722458,0,0.9802406,-0.9802406,4.636464,33.11753,0.2147173,1.024351,0,0,2.722458
3/5/2007 11:00:00 PM,0,0,94.20904,90,0,0,0.6680776,0.6680776,0,-1,0,0.6680776,0,0,1.110223E-16,0,0,0.7032396,0.6680776,0,0,9.870063,1.742218,0,0.7032396,-0.7032396,3.895185,27.82269,0.2147173,0.7348853,0,0,1.742218
3/6/2007 12:00:00 AM,0,0,118.7021,90,0,0,0.8959228,0.8959228,0,-1,0,0.8959228,0,0,1.110223E-16,0,0,0.9430767,0.8959228,0,0,10.65144,1.038978,0,0.9430767,-0.9430767,2.901094,20.72206,0.2147173,0.9855151,0,0,1.038978
3/6/2007 1:00:00 AM,0,0,-100.9968,90,0,0,0,0,0,-1,0,0,0,0,0,0,0,0,0,0,0,11.6993,0.09590135,0,0,0,2.901094,20.72206,0.2147173,0,0,0,0.09590135
3/6/2007 2:00:00 AM,0,0,-93.12246,90,0,0,0.07203828,0.07203828,0,-1,0,0.07203828,0,0,1.387779E-17,0,0,0.07582977,0.07203828,0,0,11.6993,0.09590135,0,0.07582977,-0.07582977,2.821163,20.15112,0.2147173,0.0792421,0,0,0.09590135
3/6/2007 3:00:00 AM,0,0,-90.11429,90,0,0,0,0,0,-1,0,0,0,0,0,0,0,0,0,0,0,11.78356,0.02007158,0,0,0,2.821163,20.15112,0.2147173,0,0,0,0.02007158
3/6/2007 4:00:00 AM,0,0,-87.97432,90,0,0,0.9130867,0.019068,0,-1,0,0.019068,0,0,0.8940187,0.9853274,0,0.02007158,0.019068,0,0,11.78356,0.02007158,0,0.02007158,-0.02007158,2.800006,20,0.2147173,1.004395,0,0,0.02007158
3/6/2007 5:00:00 AM,0,0,-86.01252,90,0,0,0.8421386,0.8421386,4.347402,0,1.351841,0.8421386,0,4.440892E-16,0,0,0,0,0,3.505263,3.33,11.80586,0,3.33,0,3.33,5.959121,42.56506,0.2149965,0.9263524,0,5,0
3/6/2007 6:00:00 AM,0.002695984,0,-83.9369,90,0,0,0.562405,0.562405,4.067668,0,1.275473,0.562405,0,0,0,0,0,0,0,3.505263,3.33,8.475861,2.997,3.33,0,3.33,9.118237,65.13013,0.2151683,0.6186455,0,5,2.997
3/6/2007 7:00:00 AM,0.1533131,9.611513,-81.49825,79.17677,0.1693068,0.7598488,0.3075597,0.3075597,3.812823,0,1.205901,0.3075597,247.0573,0,0,0,0.7598488,0,0,3.505263,3.33,5.14586,5.994,4.089849,0,4.089849,12.99821,92.84415,0.2150419,0.3383157,0.6078791,5,6.753849
3/6/2007 8:00:00 AM,0.4327745,24.19928,-78.34181,64.29333,0.4567209,2.049763,4.544156,4.544156,3.600091,0,1.147825,4.544156,45.10769,2.220446E-16,0,0,2.049763,0.9937519,0.9440644,0,0,1.056011,9.674864,1.056011,0,1.056011,14.00003,100,0.2151369,4.998571,1.639811,5,11.72463
3/6/2007 9:00:00 AM,0.6866172,38.58415,-73.78864,49.44406,0.7148421,3.208211,0.592587,0.592587,0,-1,0,0.592587,541.3908,2.584436,0,0,3.208211,0.6237758,0.592587,0,0,0,10.62527,0,0,0,14.00003,100,0.2151369,0.6518457,2.566569,0,13.83349
3/6/2007 10:00:00 AM,0.8514245,52.52844,-66.23035,34.68338,0.8811015,3.954384,4.428964,4.428964,1.25,0,0.50625,4.428964,89.28461,0.6081054,0,0,3.954384,3.346278,3.178964,0,0,0,10.62527,0,0,0,14.00003,100,0.2151369,4.871861,3.163507,5,14.57966
3/6/2007 11:00:00 AM,0.9491757,65.27189,-50.97376,20.21688,0.9792892,4.39505,2.187231,2.187231,0,0,0,2.187231,200.9413,2.092702,0,0,4.39505,2.302348,2.187231,0,0,0,10.62527,0,0,0,14.00003,100,0.2151369,2.405954,3.51604,0,15.02032
3/6/2007 12:00:00 PM,0.9406586,73.69755,-14.65762,7.893237,0.9682006,4.345284,5.298104,5.298104,1.968104,0,0.7022924,5.298104,82.01584,0.8400211,0,0,4.345284,3.505263,3.33,0,0,0,10.62527,0,0,0,14.00003,100,0.2151369,5.827914,3.476227,5,14.97056
3/6/2007 1:00:00 PM,1.080702,70.84198,34.89666,12.79735,1.114882,5.003592,3.428273,3.428273,1.25,0,0.50625,3.428273,145.9508,2.710674,0,0,5.003592,2.292919,2.178273,0,0,0,10.62527,0,0,0,14.00003,100,0.2151369,3.7711,4.002874,5,15.62887
3/6/2007 2:00:00 PM,0.8045853,59.74695,59.4164,26.70399,0.8282426,3.717153,4.084211,3.33,0,-1,0,3.33,111.6262,0.2118896,0.7542107,1.162632,3.717153,3.505263,3.33,0,0,0,10.62527,0,0,0,14.00003,100,0.2151369,4.492632,2.973722,0,14.34243
3/6/2007 3:00:00 PM,0.6985172,46.29236,70.20734,41.35388,0.7226164,3.243103,8.065507,3.33,0,-1,0,3.33,97.39046,0,4.735507,5.542058,3.243103,3.505263,3.33,0,0,0,10.62527,0,0.2621606,-0.2621606,13.72369,98.02614,0.2151369,8.872058,2.594482,0,13.86838
3/6/2007 4:00:00 PM,0.407822,32.10149,76.09319,56.16568,0.4189983,1.880464,1.884964,1.884964,0,-1,0,1.884964,99.7613,0,0,0,1.880464,1.984172,1.884964,0,0,0.2912895,10.36311,0,0.103708,-0.103708,13.61437,97.24529,0.2151369,2.07346,1.504371,0,12.24358
3/6/2007 5:00:00 PM,0.2215515,17.60737,79.89274,71.03437,0.2299751,1.032128,3.57214,3.33,0,-1,0,3.33,30.99484,4.440892E-16,0.2421397,0.5993537,1.032128,3.505263,3.33,0,0,0.4065206,10.25941,0,2.473135,-2.473135,11.00746,78.62453,0.2151369,3.929354,0.8257025,0,11.29153
3/6/2007 6:00:00 PM,0.03402318,2.963059,82.66659,85.92498,0.03636846,0.1632217,0,0,0,-1,0,0,0,0,0,0,0.1632217,0,0,0,0,3.154448,7.786271,0.1632217,0,0.1632217,11.1623,79.73056,0.2150937,0,0.1305773,0,7.949492
3/6/2007 7:00:00 PM,0,0,84.90652,90,0,0,4.262493,3.33,0,-1,0,3.33,0,0,0.9324931,1.358742,0,3.505263,3.33,0,0,2.991227,7.93317,0,3.505263,-3.505263,7.467429,53.33868,0.2150937,4.688743,0,0,7.93317
3/6/2007 8:00:00 PM,0,0,86.90096,90,0,0,0,0,0,-1,0,0,0,0,0,0,0,0,0,0,0,6.885963,4.427907,0,0,0,7.467429,53.33868,0.2150937,0,0,0,4.427907
3/6/2007 9:00:00 PM,0,0,88.89742,90,0,0,2.765003,2.765003,0,-1,0,2.765003,0,0,4.440892E-16,0,0,2.91053,2.765003,0,0,6.885963,4.427907,0,2.91053,-2.91053,4.399461,31.42466,0.2150937,3.041504,0,0,4.427907
3/6/2007 10:00:00 PM,0,0,91.28908,90,0,0,1.47474,1.441508,0,-1,0,1.441508,0,0,0.03323229,0.1807063,0,1.517377,1.441508,0,0,10.11989,1.517377,0,1.517377,-1.517377,2.800006,20,0.2150937,1.622214,0,0,1.517377
3/6/2007 11:00:00 PM,0,0,95.40043,90,0,0,0.1818859,0,0,-1,0,0,0,0,0.1818859,0.2000745,0,0,0,0,0,11.80586,0,0,0,0,2.800006,20,0.2150937,0.2000745,0,0,0
3/7/2007 12:00:00 AM,0,0,123.0577,90,0,0,1.462683,0,0,-1,0,0,0,0,1.462683,1.608951,0,0,0,0,0,11.80586,0,0,0,0,2.800006,20,0.2150937,1.608951,0,0,0
3/7/2007 1:00:00 AM,0,0,-102.8903,90,0,0,0.5501426,0,0,-1,0,0,0,0,0.5501426,0.6051568,0,0,0,0,0,11.80586,0,0,0,0,2.800006,20,0.2150937,0.6051568,0,0,0
3/7/2007 2:00:00 AM,0,0,-93.99072,90,0,0,1.140468,0,0,-1,0,0,0,0,1.140468,1.254515,0,0,0,0,0,11.80586,0,0,0,0,2.800006,20,0.2150937,1.254515,0,0,0
3/7/2007 3:00:00 AM,0,0,-90.69734,90,0,0,0.5291895,0,0,-1,0,0,0,0,0.5291895,0.5821084,0,0,0,0,0,11.80586,0,0,0,0,2.800006,20,0.2150937,0.5821084,0,0,0
3/7/2007 4:00:00 AM,0,0,-88.43472,90,0,0,1.448783,0,0,-1,0,0,0,0,1.448783,1.593662,0,0,0,0,0,11.80586,0,0,0,0,2.800006,20,0.2150937,1.593662,0,0,0
3/7/2007 5:00:00 AM,0,0,-86.41386,90,0,0,0.6522992,0.6522992,4.157562,0,1.300014,0.6522992,0,4.440892E-16,0,0,0,0,0,3.505263,3.33,11.80586,0,3.33,0,3.33,5.959121,42.56506,0.2152967,0.7175291,0,5,0
3/7/2007 6:00:00 AM,0.003480305,0,-84.31362,90,0,0,0.7964751,0.7964751,4.301738,0,1.339375,0.7964751,0,0,0,0,0,0,0,3.505263,3.33,8.475861,2.997,3.33,0,3.33,9.118237,65.13013,0.2155514,0.8761226,0,5,2.997
3/7/2007 7:00:00 AM,0.1830458,9.733831,-81.87517,79.11475,0.2033907,0.9128176,3.602141,3.602141,5,0,1.53,3.602141,25.34098,-2.220446E-16,0,0,0.9128176,0,0,1.397859,1.327966,5.14586,5.994,2.240784,0,2.240784,11.24403,80.31435,0.2157997,3.962355,0.7302541,5,6.906817
3/7/2007 8:00:00 AM,0.4987845,24.33866,-78.74275,64.21844,0.5256586,2.359156,0,0,0,0,0,0,0,0,0,0,2.359156,0,0,0,0,2.905076,8.010706,2.359156,0,2.359156,13.48212,96.30068,0.215182,0,1.887325,0,10.36986
3/7/2007 9:00:00 AM,0.7574822,38.74936,-74.24277,49.35263,0.7877026,3.535209,3.894154,3.33,0,-1,0,3.33,106.1624,0,0.5641542,0.9535697,3.535209,3.505263,3.33,0,0,0.5459204,10.13395,0.02994593,0,0.02994593,13.51053,96.5036,0.2151742,4.28357,2.828167,0,13.66916
3/7/2007 10:00:00 AM,0.8812147,52.73645,-66.7762,34.5661,0.9109336,4.08827,1.66533,1.66533,0,0,0,1.66533,245.4931,1.819316,0,0,4.08827,1.752979,1.66533,0,0,0.5159745,10.1609,0.5159745,0,0.5159745,14.00003,100,0.2150395,1.831863,3.270616,0,14.24917
3/7/2007 11:00:00 AM,1.009242,65.55795,-51.6151,20.04454,1.040621,4.670305,5.093431,5.093431,1.763431,0,0.6464167,5.093431,91.69272,1.165042,0,0,4.670305,3.505263,3.33,0,0,0,10.62527,0,0,0,14.00003,100,0.2150395,5.602774,3.736244,5,15.29558
3/7/2007 12:00:00 PM,1.058388,74.08599,-14.82412,7.536151,1.090233,4.892967,4.666219,4.666219,1.336219,0,0.5297879,4.666219,104.8593,1.387704,0,0,4.892967,3.505263,3.33,0,0,0,10.62527,0,0,0,14.00003,100,0.2150395,5.132842,3.914374,5,15.51824
3/7/2007 1:00:00 PM,0.9513419,71.12835,35.71458,12.64621,0.9791059,4.394227,3.306532,3.306532,1.25,0,0.50625,3.306532,132.8954,2.229457,0,0,4.394227,2.16477,2.056532,0,0,0,10.62527,0,0,0,14.00003,100,0.2150395,3.637185,3.515382,5,15.0195
3/7/2007 2:00:00 PM,0.9454984,59.89931,60.13316,26.66756,0.9757514,4.379172,0.6333438,0.6333438,0,-1,0,0.6333438,691.4368,3.712495,0,0,4.379172,0.6666777,0.6333438,0,0,0,10.62527,0,0,0,14.00003,100,0.2150395,0.6966782,3.503338,0,15.00445
3/7/2007 3:00:00 PM,0.8593131,46.37747,70.76034,41.35644,0.8903762,3.996008,2.504515,2.504515,0,-1,0,2.504515,159.5522,1.359677,0,0,3.996008,2.636331,2.504515,0,0,0,10.62527,0,0,0,14.00003,100,0.2150395,2.754966,3.196807,0,14.62128
3/7/2007 4:00:00 PM,0.5457451,32.14995,76.55154,56.18931,0.5692192,2.554656,4.9561,3.33,0,-1,0,3.33,76.71639,4.440892E-16,1.6261,2.12171,2.554656,3.505263,3.33,0,0,0,10.62527,0,0.9506074,-0.9506074,12.998,92.84267,0.2150395,5.45171,2.043725,0,13.17993
3/7/2007 5:00:00 PM,0.3098661,17.63323,80.30228,71.07269,0.3303508,1.482614,3.703154,3.33,0,-1,0,3.33,44.52295,0,0.3731538,0.7434692,1.482614,3.505263,3.33,0,0,1.05623,9.674666,0,2.022649,-2.022649,10.86594,77.61371,0.2150395,4.073469,1.186091,0,11.15728
3/7/2007 6:00:00 PM,0.05178088,2.973741,83.05815,85.97549,0.06435158,0.2888099,5.581732,3.33,0,-1,0,3.33,8.67297,0,2.251732,2.809905,0.2888099,3.505263,3.33,0,0,3.303618,7.652018,0,3.216453,-3.216453,7.475502,53.39633,0.2150395,6.139905,0.2310479,0,7.940828
3/7/2007 7:00:00 PM,0,0,85.30609,90,0,0,0,0,0,-1,0,0,0,0,0,0,0,0,0,0,0,6.877455,4.435565,0,0,0,7.475502,53.39633,0.2150395,0,0,0,4.435565
3/7/2007 8:00:00 PM,0,0,87.33815,90,0,0,1.601832,1.601832,0,-1,0,1.601832,0,0,0,0,0,1.686138,1.601832,0,0,6.877455,4.435565,0,1.686138,-1.686138,5.698155,40.70103,0.2150395,1.762015,0,0,4.435565
3/7/2007 9:00:00 PM,0,0,89.41831,90,0,0,0,0,0,-1,0,0,0,0,0,0,0,0,0,0,0,8.750942,2.749426,0,0,0,5.698155,40.70103,0.2150395,0,0,0,2.749426
3/7/2007 10:00:00 PM,0,0,91.99136,90,0,0,0,0,0,-1,0,0,0,0,0,0,0,0,0,0,0,8.750942,2.749426,0,0,0,5.698155,40.70103,0.2150395,0,0,0,2.749426
3/7/2007 11:00:00 PM,0,0,96.59859,90,0,0,0.6139868,0.6139868,0,-1,0,0.6139868,0,0,1.110223E-16,0,0,0.646302,0.6139868,0,0,8.750942,2.749426,0,0.646302,-0.646302,5.016893,35.83488,0.2150395,0.6753856,0,0,2.749426
3/8/2007 12:00:00 AM,0,0,127.15,90,0,0,0.6765374,0.6765374,0,-1,0,0.6765374,0,0,0,0,0,0.7121446,0.6765374,0,0,9.469055,2.103124,0,0.7121446,-0.7121446,4.266227,30.47299,0.2150395,0.7441911,0,0,2.103124
3/8/2007 1:00:00 AM,0,0,-104.7412,90,0,0,0.3669575,0.3669575,0,-1,0,0.3669575,0,0,5.551115E-17,0,0,0.386271,0.3669575,0,0,10.26033,1.39098,0,0.386271,-0.386271,3.859061,27.56467,0.2150395,0.4036532,0,0,1.39098
3/8/2007 2:00:00 AM,0,0,-94.85605,90,0,0,0.8435461,0.8435461,0,-1,0,0.8435461,0,0,1.110223E-16,0,0,0.8879433,0.8435461,0,0,10.68952,1.004709,0,0.8879433,-0.8879433,2.923087,20.87915,0.2150395,0.9279007,0,0,1.004709
3/8/2007 3:00:00 AM,0,0,-91.28056,90,0,0,0,0,0,-1,0,0,0,0,0,0,0,0,0,0,0,11.67612,0.1167654,0,0,0,2.923087,20.87915,0.2150395,0,0,0,0.1167654
3/8/2007 4:00:00 AM,0,0,-88.896,90,0,0,0.9351525,0.1109271,0,-1,0,0.1109271,0,0,0.8242254,0.9177406,0,0.1167654,0.1109271,0,0,11.67612,0.1167654,0,0.1167654,-0.1167654,2.800006,20,0.2150395,1.028668,0,0,0.1167654
3/8/2007 5:00:00 AM,0,0,-86.81636,90,0,0,0.4079767,0.4079767,3.91324,0,1.233315,0.4079767,0,0,0,0,0,0,0,3.505263,3.33,11.80586,0,3.33,0,3.33,5.959121,42.56506,0.2151504,0.4487744,0,5,0
3/8/2007 6:00:00 AM,0.002648127,0,-84.69176,90,0,0,0.2289855,0.2289855,3.734249,0,1.18445,0.2289855,0,0,0,0,0,0,0,3.505263,3.33,8.475861,2.997,3.33,0,3.33,9.118237,65.13013,0.215195,0.251884,0,5,2.997
3/8/2007 7:00:00 AM,0.1367728,9.85823,-82.25385,79.05102,0.146487,0.6574336,2.772199,2.772199,5,0,1.53,2.772199,23.71523,0,0,0,0.6574336,0,0,2.227801,2.116411,5.14586,5.994,2.773844,0,2.773844,11.74974,83.92652,0.2155166,3.049419,0.5259469,5,6.651433
3/8/2007 8:00:00 AM,0.4397821,24.47953,-79.14606,64.14249,0.4618378,2.072728,1.438769,1.438769,0,0,0,1.438769,144.0625,0,0,0,2.072728,1.514494,1.438769,0,0,2.372016,8.490459,0.5582338,0,0.5582338,12.27932,87.70927,0.2153725,1.582646,1.658182,0,10.56319
3/8/2007 9:00:00 AM,0.6037923,38.91544,-74.70051,49.26101,0.6247892,2.804054,3.541453,3.33,0,-1,0,3.33,84.20583,0,0.2114529,0.5655982,2.804054,3.505263,3.33,0,0,1.813782,8.99287,0,0.7012092,-0.7012092,11.54018,82.42972,0.2153725,3.895598,2.243243,0,11.79692
3/8/2007 10:00:00 AM,0.7547283,52.9447,-67.32866,34.44989,0.7768119,3.486332,1.321732,1.321732,0,0,0,1.321732,263.77,0,0,0,3.486332,1.391297,1.321732,0,0,2.592904,8.291661,2.095035,0,2.095035,13.52771,96.6263,0.2148333,1.453905,2.789065,0,11.77799
3/8/2007 11:00:00 AM,0.9253525,65.84412,-52.27092,19.87551,0.9521319,4.273168,0,0,0,0,0,0,0,3.7753,0,0,4.273168,0,0,0,0,0.4978686,10.17719,0.4978686,0,0.4978686,14.00003,100,0.2147056,0,3.418535,0,14.45036
3/8/2007 12:00:00 PM,1.085734,74.47668,-14.99262,7.179811,1.117322,5.014541,4.058006,4.058006,1.25,0,0.50625,4.058006,123.5715,2.058745,0,0,5.014541,2.955796,2.808006,0,0,0,10.62527,0,0,0,14.00003,100,0.2147056,4.463806,4.011632,5,15.63981
3/8/2007 1:00:00 PM,1.019548,71.41127,36.56566,12.50636,1.049269,4.709121,3.951616,3.951616,1.25,0,0.50625,3.951616,119.1695,1.865315,0,0,4.709121,2.843806,2.701616,0,0,0,10.62527,0,0,0,14.00003,100,0.2147056,4.346777,3.767297,5,15.3344
3/8/2007 2:00:00 PM,0.6096802,60.04678,60.86189,26.63817,0.6177675,2.77254,0.8189569,0.8189569,0,-1,0,0.8189569,338.5453,1.91048,0,0,2.77254,0.8620599,0.8189569,0,0,0,10.62527,0,0,0,14.00003,100,0.2147056,0.9008526,2.218032,0,13.39781
3/8/2007 3:00:00 PM,0.249833,46.45848,71.31869,41.36398,0.2489532,1.117302,0.6765017,0.6765017,0,-1,0,0.6765017,165.1588,0.4051948,0,0,1.117302,0.712107,0.6765017,0,0,0,10.62527,0,0,0,14.00003,100,0.2147056,0.7441518,0.8938414,0,11.74258
3/8/2007 4:00:00 PM,0.242254,32.19511,77.01317,56.21678,0.2422579,1.087253,3.082799,3.082799,0,-1,0,3.082799,35.26838,0,0,0.06107896,1.087253,3.245052,3.082799,0,0,0,10.62527,0,2.157798,-2.157798,11.72551,83.75346,0.2147056,3.391079,0.8698027,0,11.71253
3/8/2007 5:00:00 PM,0.1422079,17.65646,80.71432,71.11403,0.1426771,0.6403347,5.430173,3.33,0,-1,0,3.33,19.22927,0,2.100173,2.64319,0.6403347,3.505263,3.33,0,0,2.397554,8.467476,0,2.864928,-2.864928,8.705609,62.1828,0.2147056,5.97319,0.5122678,0,9.107811
3/8/2007 6:00:00 PM,0.02607306,2.982428,83.45193,86.02837,0.02650824,0.118969,0.1410985,0.1410985,0,-1,0,0.1410985,84.31623,0,0,0,0.118969,0.1485248,0.1410985,0,0,5.580808,5.602548,0,0.02955581,-0.02955581,8.674455,61.96027,0.2147056,0.1552084,0.09517518,0,5.721517
3/8/2007 7:00:00 PM,0,0,85.70788,90,0,0,0,0,0,-1,0,0,0,0,0,0,0,0,0,0,0,5.613647,5.572992,0,0,0,8.674455,61.96027,0.2147056,0,0,0,5.572992
3/8/2007 8:00:00 PM,0,0,87.77779,90,0,0,0.1530766,0.1530766,0,-1,0,0.1530766,0,0,2.775558E-17,0,0,0.1611333,0.1530766,0,0,5.613647,5.572992,0,0.1611333,-0.1611333,8.504605,60.74706,0.2147056,0.1683843,0,0,5.572992
3/8/2007 9:00:00 PM,0,0,89.94219,90,0,0,5.860832,3.33,0,-1,0,3.33,0,0,2.530832,3.116915,0,3.505263,3.33,0,0,5.792684,5.411859,0,3.505263,-3.505263,4.809733,34.35517,0.2147056,6.446915,0,0,5.411859
3/8/2007 10:00:00 PM,0,0,92.6978,90,0,0,0,0,0,-1,0,0,0,0,0,0,0,0,0,0,0,9.687421,1.906595,0,0,0,4.809733,34.35517,0.2147056,0,0,0,1.906595
3/8/2007 11:00:00 PM,0,0,97.80256,90,0,0,0.2512653,0.2512653,0,-1,0,0.2512653,0,0,0,0,0,0.2644898,0.2512653,0,0,9.687421,1.906595,0,0.2644898,-0.2644898,4.530937,32.36377,0.2147056,0.2763918,0,0,1.906595
3/9/2007 12:00:00 AM,0,0,130.9677,90,0,0,0.2873822,0.2873822,0,-1,0,0.2873822,0,0,5.551115E-17,0,0,0.3025076,0.2873822,0,0,9.981298,1.642105,0,0.3025076,-0.3025076,4.212066,30.08612,0.2147056,0.3161204,0,0,1.642105
3/9/2007 1:00:00 AM,0,0,-106.5456,90,0,0,0.4465561,0.4465561,0,-1,0,0.4465561,0,0,5.551115E-17,0,0,0.4700591,0.4465561,0,0,10.31742,1.339598,0,0.4700591,-0.4700591,3.71658,26.54695,0.2147056,0.4912117,0,0,1.339598
3/9/2007 2:00:00 AM,0,0,-95.71771,90,0,0,0.6357434,0.6357434,0,-1,0,0.6357434,0,0,1.110223E-16,0,0,0.6692036,0.6357434,0,0,10.83971,0.8695388,0,0.6692036,-0.6692036,3.011178,21.50837,0.2147056,0.6993178,0,0,0.8695388
3/9/2007 3:00:00 AM,0,0,-91.86366,90,0,0,0,0,0,-1,0,0,0,0,0,0,0,0,0,0,0,11.58327,0.2003352,0,0,0,3.011178,21.50837,0.2147056,0,0,0,0.2003352
3/9/2007 4:00:00 AM,0,0,-89.35796,90,0,0,0.2914161,0.1903185,0,-1,0,0.1903185,0,0,0.1010976,0.1302392,0,0.2003352,0.1903185,0,0,11.58327,0.2003352,0,0.2003352,-0.2003352,2.800006,20,0.2147056,0.3205577,0,0,0.2003352
3/9/2007 5:00:00 AM,0,0,-87.2199,90,0,0,0.3330061,0.3330061,3.838269,0,1.212847,0.3330061,0,0,0,0,0,0,0,3.505263,3.33,11.80586,0,3.33,0,3.33,5.959121,42.56506,0.214789,0.3663067,0,5,0
3/9/2007 6:00:00 AM,0.001476467,0,-85.07121,90,0,0,0.06699007,0.06699007,3.572253,0,1.140225,0.06699007,0,0,0,0,0,0,0,3.505263,3.33,8.475861,2.997,3.33,0,3.33,9.118237,65.13013,0.2147762,0.07368907,0,5,2.997
3/9/2007 7:00:00 AM,0.05883997,9.984599,-82.6342,78.98564,0.05875168,0.2636775,2.036146,2.036146,5,0,1.53,2.036146,12.94983,0,0,0,0.2636775,0,0,2.963854,2.815661,5.14586,5.994,3.079339,0,3.079339,12.03955,85.99664,0.2151464,2.239761,0.210942,5,6.257678
3/9/2007 8:00:00 AM,0.1632682,24.62179,-79.55166,64.06562,0.1629528,0.7313321,3.507861,3.507861,4.776291,0,1.468927,3.507861,20.84838,0,0,0,0.7313321,0,0,1.26843,1.205009,2.066522,8.765405,1.936341,0,1.936341,13.87653,99.11786,0.2153572,3.858647,0.5850657,5,9.496737
3/9/2007 9:00:00 AM,0.3682352,39.08226,-75.1618,49.16934,0.37065,1.663477,1.379559,1.379559,0,-1,0,1.379559,120.5804,0.08112912,0,0,1.663477,1.452167,1.379559,0,0,0.130181,10.50811,0.130181,0,0.130181,14.00003,100,0.2153241,1.517515,1.330782,0,12.17159
3/9/2007 10:00:00 AM,0.5838103,53.153,-67.88775,34.33495,0.5927356,2.660197,3.560544,3.560544,1.25,0,0.50625,3.560544,74.71323,0.228046,0,0,2.660197,2.432152,2.310544,0,0,0,10.62527,0,0,0,14.00003,100,0.2153241,3.916598,2.128158,5,13.28547
3/9/2007 11:00:00 AM,0.5167611,66.1302,-52.94172,19.71009,0.518564,2.327316,1.778727,1.778727,0,0,0,1.778727,130.8416,0.454971,0,0,2.327316,1.872344,1.778727,0,0,0,10.62527,0,0,0,14.00003,100,0.2153241,1.9566,1.861852,0,12.95259
3/9/2007 12:00:00 PM,0.6861377,74.8695,-15.16353,6.824848,0.6945711,3.117235,1.716753,1.716753,0,0,0,1.716753,181.5773,1.310126,0,0,3.117235,1.807109,1.716753,0,0,0,10.62527,0,0,0,14.00003,100,0.2153241,1.888429,2.493788,0,13.74251
3/9/2007 1:00:00 PM,0.6771162,71.69038,37.45069,12.37836,0.6856398,3.077151,2.196505,2.196505,0,0,0,2.196505,140.0931,0.7650409,0,0,3.077151,2.31211,2.196505,0,0,0,10.62527,0,0,0,14.00003,100,0.2153241,2.416156,2.461721,0,13.70243
3/9/2007 2:00:00 PM,0.5589325,60.18922,61.60225,26.61586,0.5637346,2.530041,0.1197934,0.1197934,0,-1,0,0.1197934,2112.003,2.403943,0,0,2.530041,0.1260984,0.1197934,0,0,0,10.62527,0,0,0,14.00003,100,0.2153241,0.1317728,2.024033,0,13.15532
3/9/2007 3:00:00 PM,0.634849,46.53535,71.88211,41.3765,0.6515821,2.9243,2.775309,2.775309,0,-1,0,2.775309,105.3685,0.002922903,0,0,2.9243,2.921378,2.775309,0,0,0,10.62527,0,0,0,14.00003,100,0.2153241,3.05284,2.33944,0,13.54957
3/9/2007 4:00:00 PM,0.213634,32.23699,77.4779,56.24804,0.2131802,0.9567529,0,0,0,-1,0,0,0,0.9567529,0,0,0.9567529,0,0,0,0,0,10.62527,0,0,0,14.00003,100,0.2153241,0,0.7654023,0,11.58203
3/9/2007 5:00:00 PM,0.07733987,17.67711,81.12874,71.15835,0.07706683,0.3458759,4.173651,3.33,0,-1,0,3.33,10.38667,4.440892E-16,0.8436506,1.261016,0.3458759,3.505263,3.33,0,0,0,10.62527,0,3.159387,-3.159387,10.66974,76.21229,0.2153241,4.591016,0.2767008,0,10.97115
3/9/2007 6:00:00 PM,0.02952054,2.989177,83.84782,86.08353,0.03037756,0.1363345,4.736897,3.33,0,-1,0,3.33,4.094129,0,1.406898,1.880587,0.1363345,3.505263,3.33,0,0,3.51043,7.465887,0,3.368929,-3.368929,7.118579,50.84689,0.2153241,5.210588,0.1090676,0,7.602221
3/9/2007 7:00:00 PM,0,0,86.11176,90,0,0,0.4521012,0.4521012,0,-1,0,0.4521012,0,0,5.551115E-17,0,0,0.475896,0.4521012,0,0,7.253685,4.096958,0,0.475896,-0.475896,6.61694,47.26377,0.2153241,0.4973113,0,0,4.096958
3/9/2007 8:00:00 PM,0,0,88.21976,90,0,0,2.75188,2.75188,0,-1,0,2.75188,0,0,4.440892E-16,0,0,2.896716,2.75188,0,0,7.782458,3.621062,0,2.896716,-2.896716,3.563534,25.45376,0.2153241,3.027068,0,0,3.621062
3/9/2007 9:00:00 PM,0,0,90.46891,90,0,0,8.859925,0.6881294,0,-1,0,0.6881294,0,0,8.171796,9.057788,0,0.7243468,0.6881294,0,0,11.00103,0.7243468,0,0.7243468,-0.7243468,2.800006,20,0.2153241,9.745917,0,0,0.7243468
3/9/2007 10:00:00 PM,0,0,93.40812,90,0,0,1.167637,0,0,-1,0,0,0,0,1.167637,1.284401,0,0,0,0,0,11.80586,0,0,0,0,2.800006,20,0.2153241,1.284401,0,0,0
3/9/2007 11:00:00 PM,0,0,99.0113,90,0,0,1.112419,0,0,-1,0,0,0,0,1.112419,1.223661,0,0,0,0,0,11.80586,0,0,0,0,2.800006,20,0.2153241,1.223661,0,0,0
3/10/2007 12:00:00 AM,0,0,134.5096,90,0,0,1.214835,0,0,-1,0,0,0,0,1.214835,1.336318,0,0,0,0,0,11.80586,0,0,0,0,2.800006,20,0.2153241,1.336318,0,0,0
3/10/2007 1:00:00 AM,0,0,-108.3009,90,0,0,1.007516,0,0,-1,0,0,0,0,1.007516,1.108268,0,0,0,0,0,11.80586,0,0,0,0,2.800006,20,0.2153241,1.108268,0,0,0
3/10/2007 2:00:00 AM,0,0,-96.575,90,0,0,0.6159887,0,0,-1,0,0,0,0,0.6159887,0.6775876,0,0,0,0,0,11.80586,0,0,0,0,2.800006,20,0.2153241,0.6775876,0,0,0
3/10/2007 3:00:00 AM,0,0,-92.44632,90,0,0,1.401008,0,0,-1,0,0,0,0,1.401008,1.541108,0,0,0,0,0,11.80586,0,0,0,0,2.800006,20,0.2153241,1.541108,0,0,0
3/10/2007 4:00:00 AM,0,0,-89.82043,90,0,0,1.101573,0,0,-1,0,0,0,0,1.101573,1.211731,0,0,0,0,0,11.80586,0,0,0,0,2.800006,20,0.2153241,1.211731,0,0,0
3/10/2007 5:00:00 AM,0,0,-87.62434,90,0,0,0.3969757,0.3969757,3.902239,0,1.230311,0.3969757,0,0,0,0,0,0,0,3.505263,3.33,11.80586,0,3.33,0,3.33,5.959121,42.56506,0.2154268,0.4366732,0,5,0
3/10/2007 6:00:00 AM,0.004295409,0,-85.45186,90,0,0,1.38707,1.38707,4.892333,0,1.500607,1.38707,0,4.440892E-16,0,0,0,0,0,3.505263,3.33,8.475861,2.997,3.33,0,3.33,9.118237,65.13013,0.2158309,1.525777,0,5,2.997
3/10/2007 7:00:00 AM,0.1816516,10.11283,-83.01614,78.91872,0.1977665,0.887576,4.907595,4.907595,5,0,1.53,4.907595,18.08576,0,0,0,0.887576,0,0,0.09240498,0.08778473,5.14586,5.994,0.9753608,0,0.9753608,10.04354,71.73946,0.2159165,5.398355,0.7100608,5,6.881576
3/10/2007 8:00:00 AM,0.4857275,24.76529,-79.95947,63.98793,0.5078633,2.27929,3.178628,3.178628,4.975276,0,1.523251,3.178628,71.70673,0,0,0,2.27929,0,0,1.796649,1.706816,4.170499,6.871825,3.986107,0,3.986107,13.8251,98.7505,0.2162294,3.496491,1.823432,5,9.151115
3/10/2007 9:00:00 AM,0.6676147,39.24966,-75.62658,49.07775,0.6902652,3.09791,6.528525,3.33,0,-1,0,3.33,93.03034,0,3.198525,3.851377,3.09791,3.505263,3.33,0,0,0.1843929,10.45932,0,0.4073527,-0.4073527,13.39571,95.68345,0.2162294,7.181377,2.478328,0,13.55723
3/10/2007 10:00:00 AM,0.8708148,53.36117,-68.45351,34.22144,0.8966473,4.024153,2.386513,2.386513,0,0,0,2.386513,168.6206,0.8750269,0,0,4.024153,2.512119,2.386513,0,0,0.6370071,10.05197,0.6370071,0,0.6370071,14.00003,100,0.2160695,2.625165,3.219323,0,14.07612
3/10/2007 11:00:00 AM,0.8847174,66.4159,-53.62798,19.54863,0.9073174,4.072041,5.906284,5.906284,2.576284,0,0.8683255,5.906284,68.94421,0.5667773,0,0,4.072041,3.505263,3.33,0,0,0,10.62527,0,0,0,14.00003,100,0.2160695,6.496912,3.257632,5,14.69731
3/10/2007 12:00:00 PM,1.09207,75.26431,-15.33734,6.472011,1.121472,5.033168,4.305047,4.305047,1.25,0,0.50625,4.305047,116.9132,1.817329,0,0,5.033168,3.215839,3.055047,0,0,0,10.62527,0,0,0,14.00003,100,0.2160695,4.735552,4.026535,5,15.65844
3/10/2007 1:00:00 PM,1.04568,71.96536,38.37042,12.26275,1.073987,4.820054,1.371271,1.371271,0,0,0,1.371271,351.5026,3.376611,0,0,4.820054,1.443444,1.371271,0,0,0,10.62527,0,0,0,14.00003,100,0.2160695,1.508398,3.856043,0,15.44533
3/10/2007 2:00:00 PM,0.9452132,60.3265,62.35387,26.60069,0.9720396,4.362514,2.773166,2.773166,0,-1,0,2.773166,157.3117,1.443392,0,0,4.362514,2.919122,2.773166,0,0,0,10.62527,0,0,0,14.00003,100,0.2160695,3.050483,3.490011,0,14.98779
3/10/2007 3:00:00 PM,0.7543012,46.60808,72.45035,41.39396,0.7776327,3.490015,0,0,0,-1,0,0,0,3.490015,0,0,3.490015,0,0,0,0,0,10.62527,0,0,0,14.00003,100,0.2160695,0,2.792012,0,14.11529
3/10/2007 4:00:00 PM,0.538317,32.2756,77.94553,56.28304,0.5581877,2.505147,0,0,0,-1,0,0,0,2.505147,0,0,2.505147,0,0,0,0,0,10.62527,0,0,0,14.00003,100,0.2160695,0,2.004117,0,13.13042
3/10/2007 5:00:00 PM,0.2671844,17.69522,81.54536,71.20556,0.2797774,1.255641,0.04289613,0.04289613,0,-1,0,0.04289613,2927.167,1.210487,0,0,1.255641,0.04515382,0.04289613,0,0,0,10.62527,0,0,0,14.00003,100,0.2160695,0.04718574,1.004513,0,11.88092
3/10/2007 6:00:00 PM,0.04485025,2.994048,84.24567,86.14091,0.05100928,0.2289297,0,0,0,-1,0,0,0,0.2289297,0,0,0.2289297,0,0,0,0,0,10.62527,0,0,0,14.00003,100,0.2160695,0,0.1831437,0,10.8542
3/10/2007 7:00:00 PM,0,0,86.51762,90,0,0,2.747767,2.747767,0,-1,0,2.747767,0,0,4.440892E-16,0,0,2.892386,2.747767,0,0,0,10.62527,0,2.892386,-2.892386,10.95119,78.2226,0.2160695,3.022543,0,0,10.62527
3/10/2007 8:00:00 PM,0,0,88.6639,90,0,0,7.683581,3.33,0,-1,0,3.33,0,0,4.35358,5.121939,0,3.505263,3.33,0,0,3.213762,7.732888,0,3.505263,-3.505263,7.256314,51.83071,0.2160695,8.451939,0,0,7.732888
3/10/2007 9:00:00 PM,0,0,90.99831,90,0,0,3.382274,3.33,0,-1,0,3.33,0,0,0.05227418,0.3905016,0,3.505263,3.33,0,0,7.108499,4.227625,0,3.505263,-3.505263,3.561442,25.43882,0.2160695,3.720502,0,0,4.227625
3/10/2007 10:00:00 PM,0,0,94.12206,90,0,0,0.2507506,0.2507506,0,-1,0,0.2507506,0,0,0,0,0,0.263948,0.2507506,0,0,11.00324,0.722362,0,0.263948,-0.263948,3.283216,23.4515,0.2160695,0.2758257,0,0,0.722362
3/10/2007 11:00:00 PM,0,0,100.2238,90,0,0,0.1630153,0.1630153,0,-1,0,0.1630153,0,0,2.775558E-17,0,0,0.1715951,0.1630153,0,0,11.29651,0.4584139,0,0.1715951,-0.1715951,3.102339,22.15952,0.2160695,0.1793168,0,0,0.4584139
3/11/2007 12:00:00 AM,0,0,137.7829,90,0,0,0.6286474,0.2724779,0,-1,0,0.2724779,0,0,0.3561695,0.4190342,0,0.2868189,0.2724779,0,0,11.48717,0.2868189,0,0.2868189,-0.2868189,2.800006,20,0.2160695,0.6915122,0,0,0.2868189
3/11/2007 1:00:00 AM,0,0,-110.0047,90,0,0,1.488964,0,0,-1,0,0,0,0,1.488964,1.63786,0,0,0,0,0,11.80586,0,0,0,0,2.800006,20,0.2160695,1.63786,0,0,0
3/11/2007 2:00:00 AM,0,0,-97.42723,90,0,0,0.6417298,0,0,-1,0,0,0,0,0.6417298,0.7059028,0,0,0,0,0,11.80586,0,0,0,0,2.800006,20,0.2160695,0.7059028,0,0,0
3/11/2007 3:00:00 AM,0,0,-93.02824,90,0,0,0.4356629,0,0,-1,0,0,0,0,0.4356629,0.4792292,0,0,0,0,0,11.80586,0,0,0,0,2.800006,20,0.2160695,0.4792292,0,0,0
3/11/2007 4:00:00 AM,0,0,-90.28323,90,0,0,0.7812483,0,0,-1,0,0,0,0,0.7812483,0.8593732,0,0,0,0,0,11.80586,0,0,0,0,2.800006,20,0.2160695,0.8593732,0,0,0
3/11/2007 5:00:00 AM,0,0,-88.02955,90,0,0,1.290461,1.290461,4.795724,0,1.474233,1.290461,0,4.440892E-16,0,0,0,0,0,3.505263,3.33,11.80586,0,3.33,0,3.33,5.959121,42.56506,0.216467,1.419507,0,5,0
3/11/2007 6:00:00 AM,0.003645856,0,-85.83362,90,0,0,0,0,3.505263,0,1.121937,0,0,0,0,0,0,0,0,3.505263,3.33,8.475861,2.997,3.33,0,3.33,9.118237,65.13013,0.2164247,0,0,5,2.997
3/11/2007 7:00:00 AM,0.1430446,10.2428,-83.39958,78.85036,0.1513073,0.679067,1.290849,1.290849,4.599631,0,1.420699,1.290849,52.60622,0,0,0,0.679067,0,0,3.308782,3.143343,5.14586,5.994,3.82241,0,3.82241,12.74449,91.03191,0.2166412,1.419934,0.5432536,5,6.673067
3/11/2007 8:00:00 AM,0.4247117,24.90991,-80.36943,63.90952,0.4422037,1.98461,4.927034,4.927034,4.298932,0,1.338609,4.927034,40.28002,0,0,0,1.98461,0.6611596,0.6281016,0,0,1.323451,9.434169,1.323451,0,1.323451,14.00003,100,0.2167496,5.419737,1.587688,5,11.41878
3/11/2007 9:00:00 AM,0.7347106,39.4175,-76.0948,48.98637,0.7588084,3.405532,2.850511,2.850511,0,-1,0,2.850511,119.4709,0.4049945,0,0,3.405532,3.000538,2.850511,0,0,0,10.62527,0,0,0,14.00003,100,0.2167496,3.135562,2.724426,0,14.03081
3/11/2007 10:00:00 AM,0.9060996,53.56902,-69.02592,34.10955,0.9319105,4.182415,5.86495,5.86495,2.53495,0,0.8570412,5.86495,71.31203,0.6771514,0,0,4.182415,3.505263,3.33,0,0,0,10.62527,0,0,0,14.00003,100,0.2167496,6.451445,3.345932,5,14.80769
3/11/2007 11:00:00 AM,0.880522,66.70101,-54.33022,19.39144,0.9019078,4.047762,5.757417,5.757417,2.427417,0,0.8276848,5.757417,70.30518,0.542499,0,0,4.047762,3.505263,3.33,0,0,0,10.62527,0,0,0,14.00003,100,0.2167496,6.333158,3.23821,5,14.67304
3/11/2007 12:00:00 PM,1.012617,75.66098,-15.51457,6.122189,1.038304,4.65991,2.549295,2.549295,0,0,0,2.549295,182.7921,1.976441,0,0,4.65991,2.683469,2.549295,0,0,0,10.62527,0,0,0,14.00003,100,0.2167496,2.804225,3.727928,0,15.28518
3/11/2007 1:00:00 PM,0.9027212,72.23583,39.32556,12.16005,0.9239422,4.146653,1.05514,1.05514,0,0,0,1.05514,392.9953,3.035978,0,0,4.146653,1.110674,1.05514,0,0,0,10.62527,0,0,0,14.00003,100,0.2167496,1.160655,3.317322,0,14.77193
3/11/2007 2:00:00 PM,0.5868678,60.45851,63.11633,26.59266,0.5925164,2.659214,4.243444,3.33,0,-1,0,3.33,79.85627,0,0.9134446,1.337789,2.659214,3.505263,3.33,0,0,0,10.62527,0,0.8460494,-0.8460494,13.10821,93.62991,0.2167496,4.667789,2.127371,0,13.28449
3/11/2007 3:00:00 PM,0.4669425,46.67662,73.0231,41.41633,0.4709795,2.113756,0.3514654,0.3514654,0,-1,0,0.3514654,601.4122,0.8037374,0,0,2.113756,0.3699636,0.3514654,0,0,0.9400549,9.779224,0.9400549,0,0.9400549,14.00003,100,0.2165165,0.386612,1.691005,0,11.89298
3/11/2007 4:00:00 PM,0.3293566,32.31096,78.41586,56.32171,0.3323364,1.491526,2.882117,2.882117,0,-1,0,2.882117,51.75105,0,4.440892E-16,0,1.491526,3.033807,2.882117,0,0,0,10.62527,0,1.542282,-1.542282,12.37432,88.38783,0.2165165,3.170329,1.193221,0,12.1168
3/11/2007 5:00:00 PM,0.09296836,17.71084,81.96404,71.25559,0.09265685,0.4158439,0.531205,0.531205,0,-1,0,0.531205,78.28313,0,0,0,0.4158439,0.5591632,0.531205,0,0,1.713646,9.082993,0,0.1433192,-0.1433192,12.22325,87.30875,0.2165165,0.5843255,0.3326752,0,9.498837
3/11/2007 6:00:00 PM,0.02821094,2.997104,84.64536,86.20039,0.02875466,0.1290509,1.466804,1.466804,0,-1,0,1.466804,8.7981,0,2.220446E-16,0,0.1290509,1.544005,1.466804,0,0,1.87289,8.939673,0,1.414954,-1.414954,10.73176,76.65525,0.2165165,1.613485,0.1032407,0,9.068725
3/11/2007 7:00:00 PM,0,0,86.92532,90,0,0,2.415973,2.415973,0,-1,0,2.415973,0,0,4.440892E-16,0,0,2.543129,2.415973,0,0,3.44506,7.52472,0,2.543129,-2.543129,8.051063,57.50748,0.2165165,2.65757,0,0,7.52472
3/11/2007 8:00:00 PM,0,0,89.11011,90,0,0,1.43829,1.43829,0,-1,0,1.43829,0,0,2.220446E-16,0,0,1.51399,1.43829,0,0,6.27076,4.98159,0,1.51399,-1.51399,6.455178,46.10832,0.2165165,1.582119,0,0,4.98159
3/11/2007 9:00:00 PM,0,0,91.53024,90,0,0,0,0,0,-1,0,0,0,0,0,0,0,0,0,0,0,7.952971,3.467601,0,0,0,6.455178,46.10832,0.2165165,0,0,0,3.467601
3/11/2007 10:00:00 PM,0,0,94.83932,90,0,0,0,0,0,-1,0,0,0,0,0,0,0,0,0,0,0,7.952971,3.467601,0,0,0,6.455178,46.10832,0.2165165,0,0,0,3.467601
3/11/2007 11:00:00 PM,0,0,101.4389,90,0,0,0.9168552,0.9168552,0,-1,0,0.9168552,0,0,1.110223E-16,0,0,0.9651107,0.9168552,0,0,7.952971,3.467601,0,0.9651107,-0.9651107,5.437862,38.84179,0.2165165,1.008541,0,0,3.467601
3/12/2007 12:00:00 AM,0,0,140.8,90,0,0,0.9179041,0.9179041,0,-1,0,0.9179041,0,0,1.110223E-16,0,0,0.9662149,0.9179041,0,0,9.025315,2.50249,0,0.9662149,-0.9662149,4.419382,31.56695,0.2165165,1.009695,0,0,2.50249
3/12/2007 1:00:00 AM,0,0,-111.6553,90,0,0,0,0,0,-1,0,0,0,0,0,0,0,0,0,0,0,10.09889,1.536275,0,0,0,4.419382,31.56695,0.2165165,0,0,0,1.536275
3/12/2007 2:00:00 AM,0,0,-98.27379,90,0,0,0.6624493,0.6624493,0,-1,0,0.6624493,0,0,1.110223E-16,0,0,0.697315,0.6624493,0,0,10.09889,1.536275,0,0.697315,-0.697315,3.684347,26.31671,0.2165165,0.7286943,0,0,1.536275
3/12/2007 3:00:00 AM,0,0,-93.60915,90,0,0,1.044474,0.7970122,0,-1,0,0.7970122,0,0,0.2474617,0.3519091,0,0.8389602,0.7970122,0,0,10.87368,0.8389602,0,0.8389602,-0.8389602,2.800006,20,0.2165165,1.148921,0,0,0.8389602
3/12/2007 4:00:00 AM,0,0,-90.74617,90,0,0,0.3984127,0,0,-1,0,0,0,0,0.3984127,0.438254,0,0,0,0,0,11.80586,0,0,0,0,2.800006,20,0.2165165,0.438254,0,0,0
3/12/2007 5:00:00 AM,0,0,-88.43541,90,0,0,1.453429,1.453429,4.958692,0,1.518723,1.453429,0,0,0,0,0,0,0,3.505263,3.33,11.80586,0,3.33,0,3.33,5.959121,42.56506,0.2169066,1.598772,0,5,0
3/12/2007 6:00:00 AM,0.003216822,0,-86.21637,90,0,0,1.605474,1.605474,5,0,1.53,1.605474,0,0,0,0,0,0,0,3.394526,3.2248,8.475861,2.997,3.2248,0,3.2248,9.018435,64.41726,0.2172815,1.766021,0,5,2.997
3/12/2007 7:00:00 AM,0.07752094,10.3744,-83.78442,78.78065,0.07766943,0.3485804,3.733843,3.733843,5,0,1.53,3.733843,9.335701,0,0,0,0.3485804,0,0,1.266157,1.202849,5.25106,5.89932,1.55143,0,1.55143,10.49025,74.93021,0.2174486,4.107227,0.2788643,5,6.2479
3/12/2007 8:00:00 AM,0.3013721,25.05552,-80.78144,63.83051,0.307032,1.37796,3.634297,3.634297,5,0,1.53,3.634297,37.91544,0,0,0,1.37796,0,0,1.365703,1.297418,3.69963,7.295607,2.675378,0,2.675378,13.02834,93.05936,0.2177081,3.997726,1.102368,5,8.673566
3/12/2007 9:00:00 AM,0.3543261,39.58562,-76.5664,48.89534,0.3555816,1.59585,3.146811,3.146811,0,-1,0,3.146811,50.71325,0,0,0.1314928,1.59585,3.312433,3.146811,0,0,1.024253,9.703446,0,1.716583,-1.716583,11.2189,80.13483,0.2177081,3.461493,1.27668,0,11.2993
3/12/2007 10:00:00 AM,0.7575402,53.77636,-69.60503,33.99944,0.7759054,3.482264,2.01444,2.01444,0,0,0,2.01444,172.8651,0,0,0,3.482264,2.120463,2.01444,0,0,2.931567,7.986864,1.3618,0,1.3618,12.51082,89.36279,0.2173735,2.215884,2.785811,0,11.46913
3/12/2007 11:00:00 AM,0.5356048,66.98525,-55.04897,19.23885,0.5374941,2.412274,4.181237,4.181237,3.380856,0,1.087974,4.181237,57.69282,0,0,0,2.412274,0.8425066,0.8003813,0,0,1.569767,9.212483,1.569767,0,1.569767,14.00003,100,0.2174987,4.599361,1.929819,5,11.62476
3/12/2007 12:00:00 PM,0.7289193,76.05937,-15.69582,5.776453,0.738439,3.314114,1.83242,1.83242,0,0,0,1.83242,180.8599,1.385251,0,0,3.314114,1.928864,1.83242,0,0,0,10.62527,0,0,0,14.00003,100,0.2174987,2.015662,2.651291,0,13.93939
3/12/2007 1:00:00 PM,0.8339911,72.50143,40.31678,12.07071,0.8504679,3.8169,4.398551,4.398551,1.25,0,0.50625,4.398551,86.77631,0.5026361,0,0,3.8169,3.314264,3.148551,0,0,0,10.62527,0,0,0,14.00003,100,0.2174987,4.838406,3.05352,5,14.44217
3/12/2007 2:00:00 PM,0.5278895,60.58513,63.88921,26.59182,0.5305473,2.381096,3.025543,3.025543,0,-1,0,3.025543,78.69978,0,0,0,2.381096,3.184782,3.025543,0,0,0,10.62527,0,0.8036863,-0.8036863,13.15287,93.94887,0.2174987,3.328098,1.904877,0,13.00637
3/12/2007 3:00:00 PM,0.3189436,46.74099,73.6001,41.44357,0.3183482,1.428747,2.477194,2.477194,0,-1,0,2.477194,57.67601,0,0,0,1.428747,2.607573,2.477194,0,0,0.8929847,9.821588,0,1.178826,-1.178826,11.91028,85.07323,0.2174987,2.724914,1.142998,0,11.25033
3/12/2007 4:00:00 PM,0.2708811,32.3431,78.88871,56.36401,0.2712999,1.217594,0.3703486,0.3703486,0,-1,0,0.3703486,328.7696,0,0,0,1.217594,0.3898407,0.3703486,0,0,2.202792,8.642762,0.8277532,0,0.8277532,12.69555,90.68233,0.2172961,0.4073835,0.9740751,0,9.860355
3/12/2007 5:00:00 PM,0.1569132,17.72402,82.38461,71.30838,0.1576767,0.7076529,1.141898,1.141898,0,-1,0,1.141898,61.97162,0,0,0,0.7076529,1.201998,1.141898,0,0,1.375038,9.387739,0,0.4943453,-0.4943453,12.17447,86.9603,0.2172961,1.256088,0.5661224,0,10.09539
3/12/2007 6:00:00 PM,0.04798984,2.998411,85.04676,86.26191,0.05474149,0.2456798,0,0,0,-1,0,0,0,0,0,0,0.2456798,0,0,0,0,1.924311,8.893394,0.2456798,0,0.2456798,12.40754,88.6251,0.2172361,0,0.1965438,0,9.139074
3/12/2007 7:00:00 PM,0,0,87.33475,90,0,0,7.392807,3.33,0,-1,0,3.33,0,0,4.062807,4.802087,0,3.505263,3.33,0,0,1.678631,9.114506,0,3.505263,-3.505263,8.712667,62.23321,0.2172361,8.132088,0,0,9.114506
3/12/2007 8:00:00 PM,0,0,89.55823,90,0,0,5.73743,3.33,0,-1,0,3.33,0,0,2.40743,2.981173,0,3.505263,3.33,0,0,5.573368,5.609243,0,3.505263,-3.505263,5.017795,35.84132,0.2172361,6.311172,0,0,5.609243
3/12/2007 9:00:00 PM,0,0,92.06451,90,0,0,1.001877,1.001877,0,-1,0,1.001877,0,0,2.220446E-16,0,0,1.054607,1.001877,0,0,9.468105,2.10398,0,1.054607,-1.054607,3.906142,27.90096,0.2172361,1.102064,0,0,2.10398
3/12/2007 10:00:00 PM,0,0,95.55962,90,0,0,0,0,0,-1,0,0,0,0,0,0,0,0,0,0,0,10.63989,1.049373,0,0,0,3.906142,27.90096,0.2172361,0,0,0,1.049373
3/12/2007 11:00:00 PM,0,0,102.6555,90,0,0,0.6950934,0.6950934,0,-1,0,0.6950934,0,0,0,0,0,0.7316772,0.6950934,0,0,10.63989,1.049373,0,0.7316772,-0.7316772,3.134886,22.392,0.2172361,0.7646027,0,0,1.049373
3/13/2007 12:00:00 AM,0,0,143.5765,90,0,0,0.9059824,0.3018106,0,-1,0,0.3018106,0,0,0.6041719,0.6947701,0,0.3176954,0.3018106,0,0,11.45287,0.3176954,0,0.3176954,-0.3176954,2.800006,20,0.2172361,0.9965807,0,0,0.3176954
3/13/2007 1:00:00 AM,0,0,-113.2518,90,0,0,0.9950171,0,0,-1,0,0,0,0,0.9950171,1.094519,0,0,0,0,0,11.80586,0,0,0,0,2.800006,20,0.2172361,1.094519,0,0,0
3/13/2007 2:00:00 AM,0,0,-99.11406,90,0,0,0.5442662,0,0,-1,0,0,0,0,0.5442662,0.5986928,0,0,0,0,0,11.80586,0,0,0,0,2.800006,20,0.2172361,0.5986928,0,0,0
3/13/2007 3:00:00 AM,0,0,-94.18875,90,0,0,0.3072351,0,0,-1,0,0,0,0,0.3072351,0.3379586,0,0,0,0,0,11.80586,0,0,0,0,2.800006,20,0.2172361,0.3379586,0,0,0
3/13/2007 4:00:00 AM,0,0,-91.20908,90,0,0,0,0,0,-1,0,0,0,0,0,0,0,0,0,0,0,11.80586,0,0,0,0,2.800006,20,0.2172361,0,0,0,0
3/13/2007 5:00:00 AM,0,0,-88.84178,90,0,0,0,0,0,0,0,0,0,0,0,0,0,0,0,0,0,11.80586,0,0,0,0,2.800006,20,0.2172361,0,0,0,0
3/13/2007 6:00:00 AM,0.004053215,0,-86.60001,90,0,0,0.001012695,0.001012695,3.506276,0,1.122213,0.001012695,0,0,0,0,0,0,0,3.505263,3.33,11.80586,0,3.33,0,3.33,5.959121,42.56506,0.2171924,0.001113965,0,5,0
3/13/2007 7:00:00 AM,0.2021887,10.5075,-84.17059,78.70969,0.2164451,0.9714057,1.849411,1.849411,4.846466,0,1.488085,1.849411,52.52514,0,0,0,0.9714057,0,0,2.997055,2.847202,8.475861,2.997,3.818608,0,3.818608,9.581771,68.44108,0.2174843,2.034352,0.7771246,5,3.968406
3/13/2007 8:00:00 AM,0.4509766,25.202,-81.19544,63.75101,0.4677301,2.099173,1.204394,1.204394,3.897109,0,1.228911,1.204394,174.2929,0,0,0,2.099173,0,0,2.692715,2.558079,4.657252,6.433747,4.657252,0,4.657252,14.00003,100,0.2172512,1.324833,1.679338,5,8.53292
3/13/2007 9:00:00 AM,0.7054021,39.75387,-77.04131,48.8048,0.7260068,3.258318,0,0,0,-1,0,0,0,3.258318,0,0,3.258318,0,0,0,0,0,10.62527,0,0,0,14.00003,100,0.2172512,0,2.606655,0,13.88359
3/13/2007 10:00:00 AM,0.7133946,53.98301,-70.19082,33.89129,0.7282693,3.268472,3.394373,3.394373,1.25,0,0.50625,3.394373,96.2909,1.011238,0,0,3.268472,2.257235,2.144373,0,0,0,10.62527,0,0,0,14.00003,100,0.2172512,3.73381,2.614778,5,13.89375
3/13/2007 11:00:00 AM,0.690043,67.26837,-55.78474,19.09119,0.6987455,3.13597,0,0,0,0,0,0,0,3.13597,0,0,3.13597,0,0,0,0,0,10.62527,0,0,0,14.00003,100,0.2172512,0,2.508776,0,13.76124
3/13/2007 12:00:00 PM,0.8217462,76.45936,-15.88176,5.436106,0.8360391,3.752144,2.892815,2.892815,0,0,0,2.892815,129.7056,0.7070756,0,0,3.752144,3.045068,2.892815,0,0,0,10.62527,0,0,0,14.00003,100,0.2172512,3.182096,3.001715,0,14.37742
3/13/2007 1:00:00 PM,1.133842,72.76181,41.34468,11.99516,1.161081,5.21093,3.951748,3.951748,1.25,0,0.50625,3.951748,131.8639,2.366985,0,0,5.21093,2.843945,2.701748,0,0,0,10.62527,0,0,0,14.00003,100,0.2172512,4.346922,4.168744,5,15.8362
3/13/2007 2:00:00 PM,1.056843,60.70625,64.67206,26.59813,1.08343,4.862434,2.026047,2.026047,0,-1,0,2.026047,239.9962,2.729753,0,0,4.862434,2.132681,2.026047,0,0,0,10.62527,0,0,0,14.00003,100,0.2172512,2.228652,3.889947,0,15.48771
3/13/2007 3:00:00 PM,0.6636125,46.80115,74.18104,41.47562,0.6790603,3.047622,0.9329734,0.9329734,0,-1,0,0.9329734,326.657,2.065545,0,0,3.047622,0.9820772,0.9329734,0,0,0,10.62527,0,0,0,14.00003,100,0.2172512,1.026271,2.438098,0,13.6729
3/13/2007 4:00:00 PM,0.4877769,32.37206,79.36386,56.40985,0.5013804,2.250195,3.431804,3.33,0,-1,0,3.33,67.57343,0,0.1018043,0.4449847,2.250195,3.505263,3.33,0,0,0,10.62527,0,1.255068,-1.255068,12.67707,90.55032,0.2172512,3.774985,1.800156,0,12.87547
3/13/2007 5:00:00 PM,0.2536086,17.73481,82.80695,71.36384,0.2624334,1.177801,0.980976,0.980976,0,-1,0,0.980976,120.0642,0,0,0,1.177801,1.032606,0.980976,0,0,1.39452,9.370206,0.1451948,0,0.1451948,12.81481,91.5342,0.2172162,1.079074,0.942241,0,10.54801
3/13/2007 6:00:00 PM,0.05391067,2.998037,85.44973,86.32536,0.06288644,0.2822343,1.262375,1.262375,0,-1,0,1.262375,22.3574,0,0,0,0.2822343,1.328816,1.262375,0,0,1.249325,9.500882,0,1.046582,-1.046582,11.71162,83.65426,0.2172162,1.388613,0.2257875,0,9.783116
3/13/2007 7:00:00 PM,0,0,87.74577,90,0,0,0,0,0,-1,0,0,0,0,0,0,0,0,0,0,0,2.412194,8.4543,0,0,0,11.71162,83.65426,0.2172162,0,0,0,8.4543
3/13/2007 8:00:00 PM,0,0,90.00814,90,0,0,1.984132,1.984132,0,-1,0,1.984132,0,0,0,0,0,2.08856,1.984132,0,0,2.412194,8.4543,0,2.08856,-2.08856,9.510084,67.92904,0.2172162,2.182545,0,0,8.4543
3/13/2007 9:00:00 PM,0,0,92.60095,90,0,0,2.740034,2.740034,0,-1,0,2.740034,0,0,4.440892E-16,0,0,2.884246,2.740034,0,0,4.732816,6.365739,0,2.884246,-2.884246,6.469822,46.21292,0.2172162,3.014037,0,0,6.365739
3/13/2007 10:00:00 PM,0,0,96.28265,90,0,0,1.544667,1.544667,0,-1,0,1.544667,0,0,2.220446E-16,0,0,1.625965,1.544667,0,0,7.937534,3.481493,0,1.625965,-1.625965,4.755904,33.97067,0.2172162,1.699134,0,0,3.481493
3/13/2007 11:00:00 PM,0,0,103.8725,90,0,0,0.2840166,0.2840166,0,-1,0,0.2840166,0,0,0,0,0,0.2989648,0.2840166,0,0,9.744163,1.855528,0,0.2989648,-0.2989648,4.440767,31.7197,0.2172162,0.3124183,0,0,1.855528
3/14/2007 12:00:00 AM,0,0,146.1299,90,0,0,0,0,0,-1,0,0,0,0,0,0,0,0,0,0,0,10.07635,1.556563,0,0,0,4.440767,31.7197,0.2172162,0,0,0,1.556563
3/14/2007 1:00:00 AM,0,0,-114.7935,90,0,0,0.8208687,0.8208687,0,-1,0,0.8208687,0,0,1.110223E-16,0,0,0.8640724,0.8208687,0,0,10.07635,1.556563,0,0.8640724,-0.8640724,3.529955,25.21391,0.2172162,0.9029556,0,0,1.556563
3/14/2007 2:00:00 AM,0,0,-99.94749,90,0,0,0,0,0,-1,0,0,0,0,0,0,0,0,0,0,0,11.03643,0.6924908,0,0,0,3.529955,25.21391,0.2172162,0,0,0,0.6924908
3/14/2007 3:00:00 AM,0,0,-94.76678,90,0,0,1.366137,0.6578662,0,-1,0,0.6578662,0,0,0.7082705,0.8448842,0,0.6924908,0.6578662,0,0,11.03643,0.6924908,0,0.6924908,-0.6924908,2.800006,20,0.2172162,1.502751,0,0,0.6924908
3/14/2007 4:00:00 AM,0,0,-91.6718,90,0,0,0.6087937,0,0,-1,0,0,0,0,0.6087937,0.669673,0,0,0,0,0,11.80586,0,0,0,0,2.800006,20,0.2172162,0.669673,0,0,0
3/14/2007 5:00:00 AM,0,0,-89.24854,90,0,0,0.2927644,0.2927644,3.798028,0,1.201862,0.2927644,0,0,0,0,0,0,0,3.505263,3.33,11.80586,0,3.33,0,3.33,5.959121,42.56506,0.217271,0.3220409,0,5,0
3/14/2007 6:00:00 AM,0.00239925,0,-86.98446,90,0,0,1.37199,1.37199,4.877254,0,1.49649,1.37199,0,0,0,0,0,0,0,3.505263,3.33,8.475861,2.997,3.33,0,3.33,9.118237,65.13013,0.2176454,1.509189,0,5,2.997
3/14/2007 7:00:00 AM,0.07072626,10.64199,-84.55798,78.63759,0.07063175,0.3169953,1.017355,1.017355,4.522618,0,1.399675,1.017355,31.15876,0,0,0,0.3169953,0,0,3.505263,3.33,5.14586,5.994,3.646995,0,3.646995,12.57808,89.84325,0.2178637,1.119091,0.2535962,5,6.310995
3/14/2007 8:00:00 AM,0.2551649,25.34919,-81.61134,63.67115,0.2569982,1.153408,5.414901,5.414901,5,0,1.53,5.414901,21.30063,0,0,0,1.153408,0.4367383,0.4149014,0,0,1.498865,9.276296,0.7166697,0,0.7166697,13.25797,94.69962,0.2179189,5.956391,0.9227264,5,10.4297
3/14/2007 9:00:00 AM,0.5101316,39.9221,-77.51946,48.71486,0.5191132,2.32978,0.8567288,0.8567288,0,-1,0,0.8567288,271.9391,0.645765,0,0,2.32978,0.9018198,0.8567288,0,0,0.7821953,9.921298,0.7821953,0,0.7821953,14.00003,100,0.2177322,0.9424016,1.863824,0,12.25108
3/14/2007 10:00:00 AM,0.5030086,54.18876,-70.78328,33.78528,0.5056933,2.269551,2.713197,2.713197,0,0,0,2.713197,83.6486,0,0,0,2.269551,2.855997,2.713197,0,0,0,10.62527,0,0.5864457,-0.5864457,13.38186,95.58453,0.2177322,2.984517,1.815641,0,12.89483
3/14/2007 11:00:00 AM,0.4153049,67.55009,-56.53805,18.94879,0.4144477,1.860041,4.427382,4.427382,3.279369,0,1.060268,4.427382,42.01222,2.220446E-16,0,0,1.860041,1.208435,1.148013,0,0,0.6516063,10.03883,0.6516063,0,0.6516063,14.00003,100,0.2177824,4.87012,1.488033,5,11.89887
3/14/2007 12:00:00 PM,0.5922931,76.8608,-16.07315,5.102747,0.5946934,2.668984,1.629097,1.629097,0,0,0,1.629097,163.8321,0.9541454,0,0,2.668984,1.714839,1.629097,0,0,0,10.62527,0,0,0,14.00003,100,0.2177824,1.792006,2.135187,0,13.29426
3/14/2007 1:00:00 PM,0.6547947,73.01657,42.4098,11.93376,0.6601611,2.962803,0.9621913,0.9621913,0,0,0,0.9621913,307.9224,1.94997,0,0,2.962803,1.012833,0.9621913,0,0,0,10.62527,0,0,0,14.00003,100,0.2177824,1.058411,2.370242,0,13.58808
3/14/2007 2:00:00 PM,0.9136656,60.82178,65.46439,26.61161,0.9349395,4.196009,4.987078,3.33,0,-1,0,3.33,126.0063,0.6907454,1.657078,2.155786,4.196009,3.505263,3.33,0,0,0,10.62527,0,0,0,14.00003,100,0.2177824,5.485785,3.356807,0,14.82128
3/14/2007 3:00:00 PM,0.7574583,46.85712,74.76563,41.51244,0.7766177,3.48546,3.872422,3.33,0,-1,0,3.33,104.6685,0,0.5424225,0.9296647,3.48546,3.505263,3.33,0,0,0,10.62527,0,0.01980302,-0.01980302,13.97915,99.8509,0.2177824,4.259665,2.788368,0,14.11073
3/14/2007 4:00:00 PM,0.4966597,32.39788,79.84113,56.45917,0.5100046,2.2889,3.200009,3.200009,0,-1,0,3.200009,71.52795,0,4.440892E-16,0.1900094,2.2889,3.36843,3.200009,0,0,0.02200335,10.60547,0,1.07953,-1.07953,12.84123,91.72289,0.2177824,3.52001,1.83112,0,12.89437
3/14/2007 5:00:00 PM,0.2750778,17.74328,83.23087,71.42188,0.2853796,1.280784,3.610116,3.33,0,-1,0,3.33,38.46197,0,0.2801161,0.6411277,1.280784,3.505263,3.33,0,0,1.221481,9.525942,0,2.224479,-2.224479,10.49642,74.9743,0.2177824,3.971128,1.024627,0,10.80673
3/14/2007 6:00:00 PM,0.04118349,2.996053,85.85413,86.39067,0.04422979,0.1985033,7.402842,3.33,0,-1,0,3.33,5.961061,4.440892E-16,4.072842,4.813126,0.1985033,3.505263,3.33,0,0,3.693125,7.301462,0,3.30676,-3.30676,7.010791,50.07698,0.2177824,8.143126,0.1588026,0,7.499965
3/14/2007 7:00:00 PM,0,0,88.15827,90,0,0,4.419554,3.33,0,-1,0,3.33,0,0,1.089554,1.531509,0,3.505263,3.33,0,0,7.367302,3.994702,0,3.505263,-3.505263,3.31592,23.68509,0.2177824,4.861509,0,0,3.994702
3/14/2007 8:00:00 PM,0,0,90.4597,90,0,0,1.075146,0.4649671,0,-1,0,0.4649671,0,0,0.6101789,0.7176935,0,0.4894391,0.4649671,0,0,11.26204,0.4894391,0,0.4894391,-0.4894391,2.800006,20,0.2177824,1.182661,0,0,0.4894391
3/14/2007 9:00:00 PM,0,0,93.1394,90,0,0,4.708313,0,0,-1,0,0,0,0,4.708313,5.179145,0,0,0,0,0,11.80586,0,0,0,0,2.800006,20,0.2177824,5.179145,0,0,0
3/14/2007 10:00:00 PM,0,0,97.00809,90,0,0,0.6204709,0,0,-1,0,0,0,0,0.6204709,0.6825181,0,0,0,0,0,11.80586,0,0,0,0,2.800006,20,0.2177824,0.6825181,0,0,0
3/14/2007 11:00:00 PM,0,0,105.0888,90,0,0,1.591252,0,0,-1,0,0,0,0,1.591252,1.750378,0,0,0,0,0,11.80586,0,0,0,0,2.800006,20,0.2177824,1.750378,0,0,0
3/15/2007 12:00:00 AM,0,0,148.478,90,0,0,0.6544724,0,0,-1,0,0,0,0,0.6544724,0.7199196,0,0,0,0,0,11.80586,0,0,0,0,2.800006,20,0.2177824,0.7199196,0,0,0
3/15/2007 1:00:00 AM,0,0,-116.2803,90,0,0,0.3667128,0,0,-1,0,0,0,0,0.3667128,0.4033841,0,0,0,0,0,11.80586,0,0,0,0,2.800006,20,0.2177824,0.4033841,0,0,0
3/15/2007 2:00:00 AM,0,0,-100.7735,90,0,0,0.8389626,0,0,-1,0,0,0,0,0.8389626,0.9228588,0,0,0,0,0,11.80586,0,0,0,0,2.800006,20,0.2177824,0.9228588,0,0,0
3/15/2007 3:00:00 AM,0,0,-95.34297,90,0,0,0,0,0,-1,0,0,0,0,0,0,0,0,0,0,0,11.80586,0,0,0,0,2.800006,20,0.2177824,0,0,0,0
3/15/2007 4:00:00 AM,0,0,-92.13416,90,0,0,0,0,0,-1,0,0,0,0,0,0,0,0,0,0,0,11.80586,0,0,0,0,2.800006,20,0.2177824,0,0,0,0
3/15/2007 5:00:00 AM,0,0,-89.65558,90,0,0,1.432552,1.432552,4.937815,0,1.513023,1.432552,0,0,0,0,0,0,0,3.505263,3.33,11.80586,0,3.33,0,3.33,5.959121,42.56506,0.2181512,1.575807,0,5,0
3/15/2007 6:00:00 AM,0.005522454,0,-87.36959,90,0,0,0.6813156,0.6813156,4.186579,0,1.307936,0.6813156,0,0,0,0,0,0,0,3.505263,3.33,8.475861,2.997,3.33,0,3.33,9.118237,65.13013,0.2183298,0.7494472,0,5,2.997
3/15/2007 7:00:00 AM,0.1356175,10.77775,-84.9465,78.56445,0.1396871,0.6269155,3.95438,3.95438,5,0,1.53,3.95438,15.8537,0,0,0,0.6269155,0,0,1.04562,0.9933394,5.14586,5.994,1.620255,0,1.620255,10.65534,76.10946,0.2184862,4.349818,0.5015324,5,6.620915
3/15/2007 8:00:00 AM,0.4056023,25.49698,-82.02905,63.59103,0.4174554,1.87354,0.2329428,0.2329428,1.971959,0,0.7033449,0.2329428,804.2917,0,0,0,1.87354,0,0,1.739016,1.652066,3.525605,7.452229,3.525605,0,3.525605,14.00003,100,0.2178902,0.2562371,1.498832,5,9.325769
3/15/2007 9:00:00 AM,0.6761221,40.09015,-78.00079,48.62568,0.693392,3.111943,4.792591,3.33,0,-1,0,3.33,93.45175,0,1.462591,1.94185,3.111943,3.505263,3.33,0,0,0,10.62527,0,0.3933199,-0.3933199,13.58543,97.03861,0.2178902,5.27185,2.489555,0,13.73722
3/15/2007 10:00:00 AM,0.7872751,54.39343,-71.38239,33.68158,0.8041845,3.60918,1.446187,1.446187,0,0,0,1.446187,249.5652,1.649856,0,0,3.60918,1.522302,1.446187,0,0,0.4370221,10.23195,0.4370221,0,0.4370221,14.00003,100,0.2177874,1.590806,2.887344,0,13.84113
3/15/2007 11:00:00 AM,1.047011,67.83013,-57.30942,18.81197,1.069985,4.802094,5.272083,5.272083,1.942083,0,0.6951886,5.272083,91.08533,1.296831,0,0,4.802094,3.505263,3.33,0,0,0,10.62527,0,0,0,14.00003,100,0.2177874,5.799291,3.841675,5,15.42737
3/15/2007 12:00:00 PM,1.053997,77.26355,-16.27083,4.778354,1.07649,4.831286,3.874104,3.874104,1.25,0,0.50625,3.874104,124.7072,2.069071,0,0,4.831286,2.762215,2.624104,0,0,0,10.62527,0,0,0,14.00003,100,0.2177874,4.261515,3.865029,5,15.45656
3/15/2007 1:00:00 PM,1.073206,73.26535,43.51257,11.88682,1.096402,4.920651,2.410853,2.410853,0,0,0,2.410853,204.1042,2.382911,0,0,4.920651,2.53774,2.410853,0,0,0,10.62527,0,0,0,14.00003,100,0.2177874,2.651938,3.936521,0,15.54593
3/15/2007 2:00:00 PM,0.8599857,60.93164,66.26573,26.6322,0.8781685,3.941221,3.560759,3.33,0,-1,0,3.33,118.355,0.4359573,0.230759,0.5868349,3.941221,3.505263,3.33,0,0,0,10.62527,0,0,0,14.00003,100,0.2177874,3.916835,3.152976,0,14.56649
3/15/2007 3:00:00 PM,0.5548658,46.90891,75.35358,41.55395,0.5623124,2.523658,2.852177,2.852177,0,-1,0,2.852177,88.48183,0,0,0,2.523658,3.002291,2.852177,0,0,0,10.62527,0,0.4786331,-0.4786331,13.4955,96.39627,0.2177874,3.137394,2.018927,0,13.14893
3/15/2007 4:00:00 PM,0.5557283,32.42059,80.3203,56.51188,0.5712779,2.563895,2.482083,2.482083,0,-1,0,2.482083,103.2961,0,0,0,2.563895,2.612719,2.482083,0,0,0.5318146,10.14664,0,0.04882346,-0.04882346,13.44404,96.02866,0.2177874,2.730291,2.051116,0,12.71054
3/15/2007 5:00:00 PM,0.2347528,17.74947,83.65624,71.48241,0.2404804,1.079276,5.845224,3.33,0,-1,0,3.33,32.41069,0,2.515224,3.099746,1.079276,3.505263,3.33,0,0,0.5860628,10.09782,0,2.425987,-2.425987,10.88682,77.76288,0.2177874,6.429746,0.8634209,0,11.17709
3/15/2007 6:00:00 PM,0.03837071,2.992532,86.25985,86.45773,0.04034462,0.1810667,4.165039,3.33,0,-1,0,3.33,5.437437,4.440892E-16,0.8350388,1.251543,0.1810667,3.505263,3.33,0,0,3.281604,7.671831,0,3.324197,-3.324197,7.382814,52.73428,0.2177874,4.581543,0.1448533,0,7.852897
3/15/2007 7:00:00 PM,0,0,88.57211,90,0,0,0,0,0,-1,0,0,0,0,0,0,0,0,0,0,0,6.975156,4.347634,0,0,0,7.382814,52.73428,0.2177874,0,0,0,4.347634
3/15/2007 8:00:00 PM,0,0,90.91277,90,0,0,4.157218,3.33,0,-1,0,3.33,0,0,0.8272177,1.242939,0,3.505263,3.33,0,0,6.975156,4.347634,0,3.505263,-3.505263,3.687943,26.34239,0.2177874,4.572939,0,0,4.347634
3/15/2007 9:00:00 PM,0,0,93.67968,90,0,0,3.880681,0.8002524,0,-1,0,0.8002524,0,0,3.080428,3.468496,0,0.8423709,0.8002524,0,0,10.86989,0.8423709,0,0.8423709,-0.8423709,2.800006,20,0.2177874,4.268749,0,0,0.8423709
3/15/2007 10:00:00 PM,0,0,97.73564,90,0,0,1.725883,0,0,-1,0,0,0,0,1.725883,1.898472,0,0,0,0,0,11.80586,0,0,0,0,2.800006,20,0.2177874,1.898472,0,0,0
3/15/2007 11:00:00 PM,0,0,106.3031,90,0,0,0.6377677,0,0,-1,0,0,0,0,0.6377677,0.7015445,0,0,0,0,0,11.80586,0,0,0,0,2.800006,20,0.2177874,0.7015445,0,0,0
3/16/2007 12:00:00 AM,0,0,150.6386,90,0,0,1.070161,0,0,-1,0,0,0,0,1.070161,1.177177,0,0,0,0,0,11.80586,0,0,0,0,2.800006,20,0.2177874,1.177177,0,0,0
3/16/2007 1:00:00 AM,0,0,-117.7126,90,0,0,0.5414369,0,0,-1,0,0,0,0,0.5414369,0.5955805,0,0,0,0,0,11.80586,0,0,0,0,2.800006,20,0.2177874,0.5955805,0,0,0
3/16/2007 2:00:00 AM,0,0,-101.5917,90,0,0,0.4655609,0,0,-1,0,0,0,0,0.4655609,0.512117,0,0,0,0,0,11.80586,0,0,0,0,2.800006,20,0.2177874,0.512117,0,0,0
3/16/2007 3:00:00 AM,0,0,-95.91708,90,0,0,1.444406,0,0,-1,0,0,0,0,1.444406,1.588847,0,0,0,0,0,11.80586,0,0,0,0,2.800006,20,0.2177874,1.588847,0,0,0
3/16/2007 4:00:00 AM,0,0,-92.59599,90,0,0,0.1952543,0,0,-1,0,0,0,0,0.1952543,0.2147797,0,0,0,0,0,11.80586,0,0,0,0,2.800006,20,0.2177874,0.2147797,0,0,0
3/16/2007 5:00:00 AM,0,0,-90.06276,90,0,0,2.531451,2.531451,5,0,1.53,2.531451,0,0,0,0,0,0,0,2.468549,2.345121,11.80586,0,2.345121,0,2.345121,5.024783,35.89124,0.2180439,2.784596,0,5,0
3/16/2007 6:00:00 AM,0.006059729,0,-87.75531,90,0,0,0.6799378,0.6799378,4.185201,0,1.30756,0.6799378,0,0,0,0,0,0,0,3.505263,3.33,9.460739,2.110609,3.33,0,3.33,8.183899,58.4563,0.2182203,0.7479316,0,5,2.110609
3/16/2007 7:00:00 AM,0.1254508,10.91464,-85.33607,78.49039,0.1278945,0.5739906,1.715518,1.715518,4.974148,0,1.522942,1.715518,33.45872,0,0,0,0.5739906,0,0,3.25863,3.095698,6.130739,5.107609,3.669689,0,3.669689,11.66527,83.3232,0.218572,1.88707,0.4591925,5,5.6816
3/16/2007 8:00:00 AM,0.2694097,25.64522,-82.44849,63.51078,0.2713982,1.218035,7.172124,7.172124,5,0,1.53,7.172124,16.9829,0,0,0,1.218035,2.286447,2.172124,0,0,2.46105,8.410329,0,1.068412,-1.068412,10.53907,75.27889,0.218572,7.889337,0.9744281,5,9.628365
3/16/2007 9:00:00 AM,0.3606396,40.25788,-78.48521,48.53738,0.3614068,1.621994,0.4333825,0.4333825,0,-1,0,0.4333825,374.2638,0,0,0,1.621994,0.4561921,0.4333825,0,0,3.648174,7.341918,1.165802,0,1.165802,11.64504,83.17871,0.2182998,0.4767207,1.297595,0,8.963911
3/16/2007 10:00:00 AM,0.6646709,54.59682,-71.98814,33.58035,0.6744462,3.026915,3.436806,3.436806,2.919492,0,0.9620212,3.436806,88.07347,4.440892E-16,0,0,3.026915,0.5445419,0.5173148,0,0,2.482373,8.391139,2.482373,0,2.482373,14.00003,100,0.218262,3.780487,2.421532,5,11.41805
3/16/2007 11:00:00 AM,0.9330714,68.10822,-58.09937,18.68104,0.9516605,4.271052,4.167598,4.167598,1.25,0,0.50625,4.167598,102.4823,1.199896,0,0,4.271052,3.071156,2.917598,0,0,0,10.62527,0,0,0,14.00003,100,0.218262,4.584358,3.416842,5,14.89633
3/16/2007 12:00:00 PM,0.8631439,77.66748,-16.47579,4.465392,0.877291,3.937282,2.972998,2.972998,0,0,0,2.972998,132.4348,0.807811,0,0,3.937282,3.129471,2.972998,0,0,0,10.62527,0,0,0,14.00003,100,0.218262,3.270297,3.149826,0,14.56256
3/16/2007 1:00:00 PM,0.9332499,73.50776,44.65334,11.85457,0.95106,4.268357,1.920379,1.920379,0,0,0,1.920379,222.2664,2.246905,0,0,4.268357,2.021452,1.920379,0,0,0,10.62527,0,0,0,14.00003,100,0.218262,2.112417,3.414686,0,14.89363
3/16/2007 2:00:00 PM,0.6282929,61.03575,67.07555,26.65988,0.6341448,2.846042,2.593673,2.593673,0,-1,0,2.593673,109.7302,0.1158597,0,0,2.846042,2.730182,2.593673,0,0,0,10.62527,0,0,0,14.00003,100,0.218262,2.853041,2.276834,0,13.47132
3/16/2007 3:00:00 PM,0.5824092,46.95653,75.94457,41.60008,0.5908703,2.651826,2.343107,2.343107,0,-1,0,2.343107,113.1756,0.1853972,0,0,2.651826,2.466429,2.343107,0,0,0,10.62527,0,0,0,14.00003,100,0.218262,2.577418,2.121461,0,13.2771
3/16/2007 4:00:00 PM,0.2942331,32.44024,80.80119,56.56791,0.2948841,1.32344,0,0,0,-1,0,0,0,1.32344,0,0,1.32344,0,0,0,0,0,10.62527,0,0,0,14.00003,100,0.218262,0,1.058752,0,11.94871
3/16/2007 5:00:00 PM,0.1550342,17.75346,84.0829,71.54535,0.1553667,0.6972855,4.131177,3.33,0,-1,0,3.33,20.93951,0,0.8011774,1.214295,0.6972855,3.505263,3.33,0,0,0,10.62527,0,2.807978,-2.807978,11.04016,78.85812,0.218262,4.544295,0.5578284,0,11.32256
3/16/2007 6:00:00 PM,0.04573319,2.987549,86.66674,86.52644,0.04946981,0.2220205,5.118338,3.33,0,-1,0,3.33,6.667283,0,1.788337,2.300171,0.2220205,3.505263,3.33,0,0,3.119975,7.817297,0,3.283243,-3.283243,7.579318,54.13788,0.218262,5.630171,0.1776164,0,8.039317
3/16/2007 7:00:00 PM,0,0,88.98714,90,0,0,5.635902,3.33,0,-1,0,3.33,0,0,2.305902,2.869493,0,3.505263,3.33,0,0,6.768023,4.534054,0,3.505263,-3.505263,3.884446,27.74599,0.218262,6.199492,0,0,4.534054
3/16/2007 8:00:00 PM,0,0,91.36722,90,0,0,4.052773,0.9773512,0,-1,0,0.9773512,0,0,3.075421,3.480699,0,1.028791,0.9773512,0,0,10.66276,1.028791,0,1.028791,-1.028791,2.800006,20,0.218262,4.45805,0,0,1.028791
3/16/2007 9:00:00 PM,0,0,94.22159,90,0,0,0,0,0,-1,0,0,0,0,0,0,0,0,0,0,0,11.80586,0,0,0,0,2.800006,20,0.218262,0,0,0,0
3/16/2007 10:00:00 PM,0,0,98.46496,90,0,0,1.041313,0,0,-1,0,0,0,0,1.041313,1.145444,0,0,0,0,0,11.80586,0,0,0,0,2.800006,20,0.218262,1.145444,0,0,0
3/16/2007 11:00:00 PM,0,0,107.5143,90,0,0,0.5730772,0,0,-1,0,0,0,0,0.5730772,0.6303849,0,0,0,0,0,11.80586,0,0,0,0,2.800006,20,0.218262,0.6303849,0,0,0
3/17/2007 12:00:00 AM,0,0,152.6284,90,0,0,0.8891627,0,0,-1,0,0,0,0,0.8891627,0.978079,0,0,0,0,0,11.80586,0,0,0,0,2.800006,20,0.218262,0.978079,0,0,0
3/17/2007 1:00:00 AM,0,0,-119.091,90,0,0,1.317825,0,0,-1,0,0,0,0,1.317825,1.449607,0,0,0,0,0,11.80586,0,0,0,0,2.800006,20,0.218262,1.449607,0,0,0
3/17/2007 2:00:00 AM,0,0,-102.4016,90,0,0,1.390103,0,0,-1,0,0,0,0,1.390103,1.529113,0,0,0,0,0,11.80586,0,0,0,0,2.800006,20,0.218262,1.529113,0,0,0
3/17/2007 3:00:00 AM,0,0,-96.48888,90,0,0,1.405917,0,0,-1,0,0,0,0,1.405917,1.546509,0,0,0,0,0,11.80586,0,0,0,0,2.800006,20,0.218262,1.546509,0,0,0
3/17/2007 4:00:00 AM,0,0,-93.05714,90,0,0,0.7847749,0,0,-1,0,0,0,0,0.7847749,0.8632524,0,0,0,0,0,11.80586,0,0,0,0,2.800006,20,0.218262,0.8632524,0,0,0
3/17/2007 5:00:00 AM,0,0,-90.46997,90,0,0,0.3670082,0.3670082,3.872271,0,1.22213,0.3670082,0,0,0,0,0,0,0,3.505263,3.33,11.80586,0,3.33,0,3.33,5.959121,42.56506,0.2183349,0.403709,0,5,0
3/17/2007 6:00:00 AM,0.006997067,0,-88.14153,90,0,0,1.466684,1.466684,4.971947,0,1.522341,1.466684,0,0,0,0,0,0,0,3.505263,3.33,8.475861,2.997,3.33,0,3.33,9.118237,65.13013,0.2186905,1.613352,0,5,2.997
3/17/2007 7:00:00 AM,0.130308,11.05254,-85.7266,78.4155,0.1327458,0.5957634,0.8668947,0.8668947,4.372158,0,1.358599,0.8668947,68.72385,0,0,0,0.5957634,0,0,3.505263,3.33,5.14586,5.994,3.925763,0,3.925763,12.84254,91.73226,0.2187838,0.9535842,0.4766107,5,6.589763
3/17/2007 8:00:00 AM,0.3850036,25.79378,-82.86958,63.4305,0.393616,1.766549,0.5675434,0.5675434,0,0,0,0.5675434,311.2623,0,0,0,1.766549,0.5974141,0.5675434,0,0,1.220097,9.527187,1.169134,0,1.169134,13.95168,99.65466,0.2185147,0.6242977,1.413239,0,11.29374
3/17/2007 9:00:00 AM,0.6736461,40.42511,-78.97263,48.45009,0.6885658,3.090283,0,0,0,-1,0,0,0,3.039321,0,0,3.090283,0,0,0,0,0.05096237,10.57941,0.05096237,0,0.05096237,14.00003,100,0.2185029,0,2.472227,0,13.66969
3/17/2007 10:00:00 AM,0.6990902,54.79874,-72.60049,33.48178,0.709924,3.186139,1.719369,1.719369,0,0,0,1.719369,185.3087,1.376277,0,0,3.186139,1.809862,1.719369,0,0,0,10.62527,0,0,0,14.00003,100,0.2185029,1.891306,2.548911,0,13.81141
3/17/2007 11:00:00 AM,0.9184179,68.38407,-58.90841,18.55633,0.9354377,4.198245,0,0,0,0,0,0,0,4.198245,0,0,4.198245,0,0,0,0,0,10.62527,0,0,0,14.00003,100,0.2185029,0,3.358596,0,14.82352
3/17/2007 12:00:00 PM,1.13477,78.07243,-16.68912,4.166933,1.15676,5.19154,1.748245,1.748245,0,0,0,1.748245,296.9573,3.351283,0,0,5.19154,1.840258,1.748245,0,0,0,10.62527,0,0,0,14.00003,100,0.2185029,1.923069,4.153232,0,15.81681
3/17/2007 1:00:00 PM,1.114191,73.74341,45.83232,11.83718,1.135924,5.098026,2.480521,2.480521,0,0,0,2.480521,205.5224,2.486951,0,0,5.098026,2.611075,2.480521,0,0,0,10.62527,0,0,0,14.00003,100,0.2185029,2.728574,4.078421,0,15.7233
3/17/2007 2:00:00 PM,0.9454609,61.13404,67.89329,26.69457,0.9643058,4.327805,0,0,0,-1,0,0,0,4.327805,0,0,4.327805,0,0,0,0,0,10.62527,0,0,0,14.00003,100,0.2185029,0,3.462244,0,14.95308
3/17/2007 3:00:00 PM,0.6494367,47,76.53831,41.65076,0.6608037,2.965687,4.777965,3.33,0,-1,0,3.33,89.05967,0,1.447964,1.925761,2.965687,3.505263,3.33,0,0,0,10.62527,0,0.5395762,-0.5395762,13.43126,95.93742,0.2185029,5.255761,2.37255,0,13.59096
3/17/2007 4:00:00 PM,0.3600384,32.45689,81.28359,56.62717,0.3630399,1.629323,2.971843,2.971843,0,-1,0,2.971843,54.82534,0,0,0,1.629323,3.128255,2.971843,0,0,0.5995291,10.0857,0,1.498932,-1.498932,11.85125,84.65163,0.2185029,3.269027,1.303458,0,11.71502
3/17/2007 5:00:00 PM,0.1486862,17.75532,84.5107,71.6106,0.1487723,0.6676903,5.258463,3.33,0,-1,0,3.33,20.05076,0,1.928463,2.454309,0.6676903,3.505263,3.33,0,0,2.265009,8.586765,0,2.837573,-2.837573,8.860187,63.28692,0.2185029,5.784309,0.5341523,0,9.254456
3/17/2007 6:00:00 PM,0.04547512,2.981181,87.07467,86.59669,0.04866168,0.2183936,3.127845,3.127845,0,-1,0,3.127845,6.982239,0,0,0.1106298,0.2183936,3.292469,3.127845,0,0,5.417868,5.749193,0,3.074075,-3.074075,5.619827,40.14154,0.2185029,3.44063,0.1747149,0,5.967587
3/17/2007 7:00:00 PM,0,0,89.40327,90,0,0,5.387705,2.541362,0,-1,0,2.541362,0,0,2.846343,3.385114,0,2.675118,2.541362,0,0,8.833508,2.675118,0,2.675118,-2.675118,2.800006,20,0.2185029,5.926476,0,0,2.675118
3/17/2007 8:00:00 PM,0,0,91.82289,90,0,0,3.817928,0,0,-1,0,0,0,0,3.817928,4.19972,0,0,0,0,0,11.80586,0,0,0,0,2.800006,20,0.2185029,4.19972,0,0,0
3/17/2007 9:00:00 PM,0,0,94.76495,90,0,0,0.1465759,0,0,-1,0,0,0,0,0.1465759,0.1612335,0,0,0,0,0,11.80586,0,0,0,0,2.800006,20,0.2185029,0.1612335,0,0,0
3/17/2007 10:00:00 PM,0,0,99.1957,90,0,0,1.209456,0,0,-1,0,0,0,0,1.209456,1.330402,0,0,0,0,0,11.80586,0,0,0,0,2.800006,20,0.2185029,1.330402,0,0,0
3/17/2007 11:00:00 PM,0,0,108.7213,90,0,0,0.8680323,0,0,-1,0,0,0,0,0.8680323,0.9548355,0,0,0,0,0,11.80586,0,0,0,0,2.800006,20,0.2185029,0.9548355,0,0,0
3/18/2007 12:00:00 AM,0,0,154.4631,90,0,0,0,0,0,-1,0,0,0,0,0,0,0,0,0,0,0,11.80586,0,0,0,0,2.800006,20,0.2185029,0,0,0,0
3/18/2007 1:00:00 AM,0,0,-120.4165,90,0,0,0,0,0,-1,0,0,0,0,0,0,0,0,0,0,0,11.80586,0,0,0,0,2.800006,20,0.2185029,0,0,0,0
3/18/2007 2:00:00 AM,0,0,-103.2027,90,0,0,0.8487034,0,0,-1,0,0,0,0,0.8487034,0.9335738,0,0,0,0,0,11.80586,0,0,0,0,2.800006,20,0.2185029,0.9335738,0,0,0
3/18/2007 3:00:00 AM,0,0,-97.05811,90,0,0,0.3593954,0,0,-1,0,0,0,0,0.3593954,0.3953349,0,0,0,0,0,11.80586,0,0,0,0,2.800006,20,0.2185029,0.3953349,0,0,0
3/18/2007 4:00:00 AM,0,0,-93.51746,90,0,0,0.2399805,0,0,-1,0,0,0,0,0.2399805,0.2639786,0,0,0,0,0,11.80586,0,0,0,0,2.800006,20,0.2185029,0.2639786,0,0,0
3/18/2007 5:00:00 AM,0,0,-90.87709,90,0,0,0.1889033,0.1889033,3.694166,0,1.173507,0.1889033,0,0,0,0,0,0,0,3.505263,3.33,11.80586,0,3.33,0,3.33,5.959121,42.56506,0.2185174,0.2077937,0,5,0
3/18/2007 6:00:00 AM,0.007826667,0,-88.52812,90,0,0,0,0,3.505263,0,1.121937,0,0,0,0,0,0,0,0,3.505263,3.33,8.475861,2.997,3.33,0,3.33,9.118237,65.13013,0.2184719,0,0,5,2.997
3/18/2007 7:00:00 AM,0.174164,11.19133,-86.118,78.33989,0.1800649,0.8081311,1.40109,1.40109,4.725074,0,1.454945,1.40109,57.67874,0,0,0,0.8081311,0,0,3.323984,3.157785,5.14586,5.994,3.965916,0,3.965916,12.88063,92.00435,0.2186671,1.541199,0.6465049,5,6.802131
3/18/2007 8:00:00 AM,0.3447281,25.94253,-83.29224,63.35032,0.3500543,1.571043,2.485396,2.485396,0,0,0,2.485396,63.21099,0,0,0,1.571043,2.616207,2.485396,0,0,1.179944,9.563324,0,1.045163,-1.045163,11.77894,84.13509,0.2186671,2.733936,1.256835,0,11.13437
3/18/2007 9:00:00 AM,0.6975785,40.59171,-79.46299,48.36395,0.712076,3.195797,4.897642,3.33,0,-1,0,3.33,95.96989,4.440892E-16,1.567642,2.057406,3.195797,3.505263,3.33,0,0,2.341237,8.518161,0,0.309466,-0.309466,11.45273,81.80505,0.2186671,5.387406,2.556638,0,11.71396
3/18/2007 10:00:00 AM,0.7215819,54.99899,-73.2194,33.38602,0.7326913,3.288319,0.9600519,0.9600519,0,0,0,0.9600519,342.5147,0,0,0,3.288319,1.010581,0.9600519,0,0,2.685088,8.208695,2.277738,0,2.277738,13.61358,97.23968,0.2181501,1.056057,2.630655,0,11.49701
3/18/2007 11:00:00 AM,0.9157133,68.65737,-59.73705,18.43813,0.9316143,4.181085,3.415695,3.415695,1.25,0,0.50625,3.415695,122.408,1.494056,0,0,4.181085,2.279679,2.165695,0,0,0.40735,10.25866,0.40735,0,0.40735,14.00003,100,0.2180579,3.757265,3.344868,5,14.43974
3/18/2007 12:00:00 PM,0.8692573,78.47826,-16.91209,3.886801,0.8820447,3.958616,0.6498063,0.6498063,0,0,0,0.6498063,609.1994,3.27461,0,0,3.958616,0.6840067,0.6498063,0,0,0,10.62527,0,0,0,14.00003,100,0.2180579,0.7147869,3.166893,0,14.58389
3/18/2007 1:00:00 PM,0.8773788,73.97192,47.04964,11.83476,0.8910511,3.999037,0,0,0,0,0,0,0,3.999037,0,0,3.999037,0,0,0,0,0,10.62527,0,0,0,14.00003,100,0.2180579,0,3.19923,0,14.62431
3/18/2007 2:00:00 PM,0.8532774,61.22646,68.71842,26.7362,0.8682298,3.896616,0.238725,0.238725,0,-1,0,0.238725,1632.261,3.645326,0,0,3.896616,0.2512895,0.238725,0,0,0,10.62527,0,0,0,14.00003,100,0.2180579,0.2625975,3.117292,0,14.52189
3/18/2007 3:00:00 PM,0.5062029,47.03936,77.13451,41.7059,0.5099266,2.288551,4.480013,3.33,0,-1,0,3.33,68.72524,0,1.150014,1.598015,2.288551,3.505263,3.33,0,0,0,10.62527,0,1.216713,-1.216713,12.7175,90.8391,0.2180579,4.928015,1.83084,0,12.91383
3/18/2007 4:00:00 PM,0.2409731,32.4706,81.7673,56.68956,0.2404686,1.079223,0.02805911,0.02805911,0,-1,0,0.02805911,3846.249,0,0,0,1.079223,0.0295359,0.02805911,0,0,1.351903,9.408562,1.049687,0,1.049687,13.71332,97.9521,0.2178206,0.03086502,0.8633785,0,10.48778
3/18/2007 5:00:00 PM,0.149261,17.75511,84.93947,71.67806,0.1492886,0.6700071,5.46211,3.33,0,-1,0,3.33,20.12033,0,2.13211,2.678321,0.6700071,3.505263,3.33,0,0,0.3022156,10.35328,0,2.835256,-2.835256,10.7247,76.60484,0.2178206,6.008321,0.5360057,0,11.02329
3/18/2007 6:00:00 PM,0.03635568,2.973507,87.4835,86.6684,0.03732601,0.1675191,6.615758,3.33,0,-1,0,3.33,5.030604,0,3.285758,3.947334,0.1675191,3.505263,3.33,0,0,3.4525,7.518024,0,3.337744,-3.337744,7.206408,51.47424,0.2178206,7.277334,0.1340153,0,7.685543
3/18/2007 7:00:00 PM,0,0,89.82035,90,0,0,0,0,0,-1,0,0,0,0,0,0,0,0,0,0,0,7.161105,4.18028,0,0,0,7.206408,51.47424,0.2178206,0,0,0,4.18028
3/18/2007 8:00:00 PM,0,0,92.27964,90,0,0,3.479329,3.33,0,-1,0,3.33,0,0,0.1493288,0.4972617,0,3.505263,3.33,0,0,7.161105,4.18028,0,3.505263,-3.505263,3.511536,25.08235,0.2178206,3.827262,0,0,4.18028
3/18/2007 9:00:00 PM,0,0,95.30958,90,0,0,3.57804,0.641266,0,-1,0,0.641266,0,0,2.936774,3.294578,0,0.6750169,0.641266,0,0,11.05584,0.6750169,0,0.6750169,-0.6750169,2.800006,20,0.2178206,3.935843,0,0,0.6750169
3/18/2007 10:00:00 PM,0,0,99.92753,90,0,0,0.4867043,0,0,-1,0,0,0,0,0.4867043,0.5353747,0,0,0,0,0,11.80586,0,0,0,0,2.800006,20,0.2178206,0.5353747,0,0,0
3/18/2007 11:00:00 PM,0,0,109.9228,90,0,0,0,0,0,-1,0,0,0,0,0,0,0,0,0,0,0,11.80586,0,0,0,0,2.800006,20,0.2178206,0,0,0,0
3/19/2007 12:00:00 AM,0,0,156.157,90,0,0,1.781557,0,0,-1,0,0,0,0,1.781557,1.959713,0,0,0,0,0,11.80586,0,0,0,0,2.800006,20,0.2178206,1.959713,0,0,0
3/19/2007 1:00:00 AM,0,0,-121.6901,90,0,0,0.368473,0,0,-1,0,0,0,0,0.368473,0.4053203,0,0,0,0,0,11.80586,0,0,0,0,2.800006,20,0.2178206,0.4053203,0,0,0
3/19/2007 2:00:00 AM,0,0,-103.9948,90,0,0,0.5099684,0,0,-1,0,0,0,0,0.5099684,0.5609652,0,0,0,0,0,11.80586,0,0,0,0,2.800006,20,0.2178206,0.5609652,0,0,0
3/19/2007 3:00:00 AM,0,0,-97.62456,90,0,0,1.08208,0,0,-1,0,0,0,0,1.08208,1.190288,0,0,0,0,0,11.80586,0,0,0,0,2.800006,20,0.2178206,1.190288,0,0,0
3/19/2007 4:00:00 AM,0,0,-93.97679,90,0,0,1.119462,0,0,-1,0,0,0,0,1.119462,1.231408,0,0,0,0,0,11.80586,0,0,0,0,2.800006,20,0.2178206,1.231408,0,0,0
3/19/2007 5:00:00 AM,0,0,-91.284,90,0,0,0.6118174,0.6118174,4.117081,0,1.288963,0.6118174,0,0,0,0,0,0,0,3.505263,3.33,11.80586,0,3.33,0,3.33,5.959121,42.56506,0.2179697,0.6729991,0,5,0
3/19/2007 6:00:00 AM,0.00727038,0,-88.91502,90,0,0,0.6824303,0.6824303,4.187694,0,1.30824,0.6824303,0,4.440892E-16,0,0,0,0,0,3.505263,3.33,8.475861,2.997,3.33,0,3.33,9.118237,65.13013,0.2181399,0.7506734,0,5,2.997
3/19/2007 7:00:00 AM,0.2133551,11.33087,-86.51016,78.26368,0.2206593,0.9903187,1.166238,1.166238,4.671502,0,1.44032,1.166238,84.91564,4.440892E-16,0,0,0.9903187,0,0,3.505263,3.33,5.14586,5.994,4.320319,0,4.320319,13.21685,94.40588,0.2182377,1.282862,0.792255,5,6.984319
3/19/2007 8:00:00 AM,0.4754766,26.09131,-83.71635,63.27036,0.4860889,2.181567,2.904738,2.904738,0,0,0,2.904738,75.10374,0,0,0,2.181567,3.057619,2.904738,0,0,0.8255415,9.882287,0,0.8760523,-0.8760523,12.29341,87.8099,0.2182377,3.195212,1.745253,0,12.06385
3/19/2007 9:00:00 AM,0.7423783,40.75751,-79.95618,48.27909,0.7567255,3.396184,0.9127641,0.9127641,0,-1,0,0.9127641,372.0769,0.6364471,0,0,3.396184,0.9608043,0.9127641,0,0,1.798933,9.006234,1.798933,0,1.798933,14.00003,100,0.217836,1.00404,2.716947,0,12.40242
3/19/2007 10:00:00 AM,0.8581721,55.19738,-73.8448,33.29323,0.8733222,3.91947,2.375388,2.375388,0,0,0,2.375388,165.0034,1.419062,0,0,3.91947,2.500408,2.375388,0,0,0,10.62527,0,0,0,14.00003,100,0.217836,2.612927,3.135576,0,14.54474
3/19/2007 11:00:00 AM,1.125015,68.92783,-60.58574,18.32676,1.144738,5.137583,4.277178,4.277178,1.25,0,0.50625,4.277178,120.1162,1.95108,0,0,5.137583,3.186503,3.027178,0,0,0,10.62527,0,0,0,14.00003,100,0.217836,4.704895,4.110066,5,15.76286
3/19/2007 12:00:00 PM,1.098709,78.88482,-17.14614,3.629698,1.117507,5.01537,3.313534,3.313534,1.25,0,0.50625,3.313534,151.3601,2.843229,0,0,5.01537,2.172142,2.063534,0,0,0,10.62527,0,0,0,14.00003,100,0.217836,3.644888,4.012296,5,15.64064
3/19/2007 1:00:00 PM,0.9200504,74.19289,48.30523,11.84731,0.9344542,4.19383,2.524665,2.524665,0,0,0,2.524665,166.1143,1.536288,0,0,4.19383,2.657542,2.524665,0,0,0,10.62527,0,0,0,14.00003,100,0.217836,2.777132,3.355064,0,14.8191
3/19/2007 2:00:00 PM,0.7155067,61.31297,69.55035,26.78469,0.7238532,3.248653,2.725627,2.725627,0,-1,0,2.725627,119.1892,0.3795713,0,0,3.248653,2.869081,2.725627,0,0,0,10.62527,0,0,0,14.00003,100,0.217836,2.99819,2.598922,0,13.87393
3/19/2007 3:00:00 PM,0.2858511,47.07462,77.73284,41.76541,0.2848346,1.278338,2.674569,2.674569,0,-1,0,2.674569,47.79602,0,0,0,1.278338,2.815336,2.674569,0,0,0,10.62527,0,1.536998,-1.536998,12.37989,88.4276,0.217836,2.942026,1.02267,0,11.90361
3/19/2007 4:00:00 PM,0.3638307,32.48141,82.25212,56.75498,0.3663636,1.64424,3.437603,3.33,0,-1,0,3.33,49.37656,0,0.1076025,0.4513628,1.64424,3.505263,3.33,0,0,1.707776,9.088276,0,1.861024,-1.861024,10.4182,74.41556,0.217836,3.781363,1.315392,0,10.73252
3/19/2007 5:00:00 PM,0.1564198,17.7529,85.36907,71.74764,0.1565214,0.7024681,1.278715,1.278715,0,-1,0,1.278715,54.93549,0,2.220446E-16,0,0.7024681,1.346015,1.278715,0,0,3.77558,7.227252,0,0.6435472,-0.6435472,9.739841,69.57014,0.217836,1.406586,0.5619745,0,7.92972
3/19/2007 6:00:00 PM,0.02978331,2.964609,87.8931,86.74146,0.0299992,0.1346364,5.48408,3.33,0,-1,0,3.33,4.043135,0,2.15408,2.702488,0.1346364,3.505263,3.33,0,0,4.490632,6.583705,0,3.370627,-3.370627,6.186888,44.19197,0.217836,6.032488,0.1077091,0,6.718341
3/19/2007 7:00:00 PM,0,0,90.23824,90,0,0,3.637265,3.052424,0,-1,0,3.052424,0,0,0.5848404,0.9485669,0,3.213078,3.052424,0,0,8.235773,3.213078,0,3.213078,-3.213078,2.800006,20,0.217836,4.000991,0,0,3.213078
3/19/2007 8:00:00 PM,0,0,92.73733,90,0,0,4.446221,0,0,-1,0,0,0,0,4.446221,4.890843,0,0,0,0,0,11.80586,0,0,0,0,2.800006,20,0.217836,4.890843,0,0,0
3/19/2007 9:00:00 PM,0,0,95.85527,90,0,0,4.776238,0,0,-1,0,0,0,0,4.776238,5.253862,0,0,0,0,0,11.80586,0,0,0,0,2.800006,20,0.217836,5.253862,0,0,0
3/19/2007 10:00:00 PM,0,0,100.6601,90,0,0,0.1026185,0,0,-1,0,0,0,0,0.1026185,0.1128804,0,0,0,0,0,11.80586,0,0,0,0,2.800006,20,0.217836,0.1128804,0,0,0
3/19/2007 11:00:00 PM,0,0,111.1178,90,0,0,0.255882,0,0,-1,0,0,0,0,0.255882,0.2814702,0,0,0,0,0,11.80586,0,0,0,0,2.800006,20,0.217836,0.2814702,0,0,0
3/20/2007 12:00:00 AM,0,0,157.7233,90,0,0,0.08818334,0,0,-1,0,0,0,0,0.08818334,0.09700168,0,0,0,0,0,11.80586,0,0,0,0,2.800006,20,0.217836,0.09700168,0,0,0
3/20/2007 1:00:00 AM,0,0,-122.9134,90,0,0,1.63928,0,0,-1,0,0,0,0,1.63928,1.803208,0,0,0,0,0,11.80586,0,0,0,0,2.800006,20,0.217836,1.803208,0,0,0
3/20/2007 2:00:00 AM,0,0,-104.7774,90,0,0,1.222856,0,0,-1,0,0,0,0,1.222856,1.345142,0,0,0,0,0,11.80586,0,0,0,0,2.800006,20,0.217836,1.345142,0,0,0
3/20/2007 3:00:00 AM,0,0,-98.18802,90,0,0,0.3283792,0,0,-1,0,0,0,0,0.3283792,0.3612171,0,0,0,0,0,11.80586,0,0,0,0,2.800006,20,0.217836,0.3612171,0,0,0
3/20/2007 4:00:00 AM,0,0,-94.43499,90,0,0,0.9452165,0,0,-1,0,0,0,0,0.9452165,1.039738,0,0,0,0,0,11.80586,0,0,0,0,2.800006,20,0.217836,1.039738,0,0,0
3/20/2007 5:00:00 AM,0,0,-91.69059,90,0,0,1.368855,1.368855,4.874118,0,1.495634,1.368855,0,4.440892E-16,0,0,0,0,0,3.505263,3.33,11.80586,0,3.33,0,3.33,5.959121,42.56506,0.2181805,1.50574,0,5,0
3/20/2007 6:00:00 AM,0.009390201,0,-89.3021,90,0,0,0.2985294,0.2985294,3.803792,0,1.203435,0.2985294,0,4.440892E-16,0,0,0,0,0,3.505263,3.33,8.475861,2.997,3.33,0,3.33,9.118237,65.13013,0.2182294,0.3283824,0,5,2.997
3/20/2007 7:00:00 AM,0.2096443,11.47103,-86.90301,78.18697,0.2156086,0.9676514,0,0,3.505263,0,1.121937,0,0,0,0,0,0.9676514,0,0,3.505263,3.33,5.14586,5.994,4.297651,0,4.297651,13.19535,94.25229,0.2179727,0,0.7741211,5,6.961651
3/20/2007 8:00:00 AM,0.4645011,26.24001,-84.14183,63.19073,0.4736562,2.125769,1.912207,1.912207,0,0,0,1.912207,111.1684,0,0,0,2.125769,2.012849,1.912207,0,0,0.8482088,9.861886,0.1129199,0,0.1129199,13.30247,95.01746,0.2179478,2.103427,1.700615,0,11.98766
3/20/2007 9:00:00 AM,0.763897,40.92236,-80.45212,48.19563,0.7774601,3.489241,0,0,0,-1,0,0,0,2.753952,0,0,3.489241,0,0,0,0,0.7352889,9.963514,0.7352889,0,0.7352889,14.00003,100,0.2177858,0,2.791393,0,13.45275
3/20/2007 10:00:00 AM,0.9440574,55.39371,-74.47662,33.20359,0.959838,4.307753,0,0,0,0,0,0,0,4.307753,0,0,4.307753,0,0,0,0,0,10.62527,0,0,0,14.00003,100,0.2177858,0,3.446203,0,14.93303
3/20/2007 11:00:00 AM,0.9670421,69.19514,-61.45498,18.22248,0.9823551,4.40881,0,0,0,0,0,0,0,4.40881,0,0,4.40881,0,0,0,0,0,10.62527,0,0,0,14.00003,100,0.2177858,0,3.527048,0,15.03408
3/20/2007 12:00:00 PM,1.12907,79.29196,-17.39292,3.401279,1.147238,5.148802,0,0,0,0,0,0,0,5.148802,0,0,5.148802,0,0,0,0,0,10.62527,0,0,0,14.00003,100,0.2177858,0,4.119042,0,15.77408
3/20/2007 1:00:00 PM,1.028183,74.40597,49.5989,11.87477,1.04459,4.68812,6.840938,6.840938,3.510938,0,1.123486,6.840938,68.53036,1.182857,0,0,4.68812,3.505263,3.33,0,0,0,10.62527,0,0,0,14.00003,100,0.2177858,7.525032,3.750496,5,15.31339
3/20/2007 2:00:00 PM,0.8915195,61.39354,70.3885,26.83994,0.9056577,4.064592,1.704191,1.704191,0,-1,0,1.704191,238.5057,2.270707,0,0,4.064592,1.793885,1.704191,0,0,0,10.62527,0,0,0,14.00003,100,0.2177858,1.87461,3.251673,0,14.68987
3/20/2007 3:00:00 PM,0.7362055,47.10584,78.33301,41.82918,0.7482982,3.358362,1.217525,1.217525,0,-1,0,1.217525,275.8351,2.076757,0,0,3.358362,1.281606,1.217525,0,0,0,10.62527,0,0,0,14.00003,100,0.2177858,1.339278,2.68669,0,13.98364
3/20/2007 4:00:00 PM,0.4835211,32.48941,82.73786,56.82335,0.4910617,2.203885,2.918166,2.918166,0,-1,0,2.918166,75.52294,0,0,0,2.203885,3.071754,2.918166,0,0,0,10.62527,0,0.8678689,-0.8678689,13.08521,93.46563,0.2177858,3.209983,1.763108,0,12.82916
3/20/2007 5:00:00 PM,0.2107343,17.74878,85.79935,71.81923,0.2126169,0.9542248,1.451025,1.451025,0,-1,0,1.451025,65.7621,0,0,0,0.9542248,1.527395,1.451025,0,0,0.9642988,9.757405,0,0.5731704,-0.5731704,12.48104,89.1501,0.2177858,1.596128,0.7633798,0,10.71163
3/20/2007 6:00:00 PM,0.03504499,2.954569,88.30333,86.81576,0.03552611,0.1594412,0.3198754,0.3198754,0,-1,0,0.3198754,49.84478,0,0,0,0.1594412,0.3367109,0.3198754,0,0,1.601155,9.184235,0,0.1772697,-0.1772697,12.29418,87.8154,0.2177858,0.3518629,0.127553,0,9.343676
3/20/2007 7:00:00 PM,0,0,90.65681,90,0,0,7.739999,3.33,0,-1,0,3.33,0,0,4.409999,5.183999,0,3.505263,3.33,0,0,1.798121,9.006965,0,3.505263,-3.505263,8.599309,61.42351,0.2177858,8.513999,0,0,9.006965
3/20/2007 8:00:00 PM,0,0,93.1958,90,0,0,5.968488,3.33,0,-1,0,3.33,0,0,2.638488,3.235337,0,3.505263,3.33,0,0,5.692858,5.501702,0,3.505263,-3.505263,4.904437,35.03162,0.2177858,6.565337,0,0,5.501702
3/20/2007 9:00:00 PM,0,0,96.40182,90,0,0,0.7348449,0.7348449,0,-1,0,0.7348449,0,0,1.110223E-16,0,0,0.773521,0.7348449,0,0,9.587595,1.996439,0,0.773521,-0.773521,4.089074,29.20761,0.2177858,0.8083294,0,0,1.996439
3/20/2007 10:00:00 PM,0,0,101.393,90,0,0,0.9064137,0.9064137,0,-1,0,0.9064137,0,0,0,0,0,0.9541197,0.9064137,0,0,10.44706,1.222918,0,0.9541197,-0.9541197,3.083344,22.02384,0.2177858,0.9970551,0,0,1.222918
3/20/2007 11:00:00 PM,0,0,112.305,90,0,0,0.5867553,0.2553582,0,-1,0,0.2553582,0,0,0.3313971,0.3900726,0,0.2687981,0.2553582,0,0,11.5072,0.2687981,0,0.2687981,-0.2687981,2.800006,20,0.2177858,0.6454308,0,0,0.2687981
3/21/2007 12:00:00 AM,0,0,159.1739,90,0,0,0.5019933,0,0,-1,0,0,0,0,0.5019933,0.5521926,0,0,0,0,0,11.80586,0,0,0,0,2.800006,20,0.2177858,0.5521926,0,0,0
3/21/2007 1:00:00 AM,0,0,-124.0878,90,0,0,0.1769872,0,0,-1,0,0,0,0,0.1769872,0.1946859,0,0,0,0,0,11.80586,0,0,0,0,2.800006,20,0.2177858,0.1946859,0,0,0
3/21/2007 2:00:00 AM,0,0,-105.5503,90,0,0,0.6733117,0,0,-1,0,0,0,0,0.6733117,0.7406428,0,0,0,0,0,11.80586,0,0,0,0,2.800006,20,0.2177858,0.7406428,0,0,0
3/21/2007 3:00:00 AM,0,0,-98.7483,90,0,0,0.6546088,0,0,-1,0,0,0,0,0.6546088,0.7200697,0,0,0,0,0,11.80586,0,0,0,0,2.800006,20,0.2177858,0.7200697,0,0,0
3/21/2007 4:00:00 AM,0,0,-94.89192,90,0,0,0.3025022,0,0,-1,0,0,0,0,0.3025022,0.3327524,0,0,0,0,0,11.80586,0,0,0,0,2.800006,20,0.2177858,0.3327524,0,0,0
3/21/2007 5:00:00 AM,0,0,-92.09675,90,0,0,0.9556506,0.9556506,4.460914,0,1.382829,0.9556506,0,0,0,0,0,0,0,3.505263,3.33,11.80586,0,3.33,0,3.33,5.959121,42.56506,0.2180364,1.051216,0,5,0
3/21/2007 6:00:00 AM,0.009014674,0,-89.68928,90,0,0,0.4128935,0.4128935,3.918157,0,1.234657,0.4128935,0,0,0,0,0,0,0,3.505263,3.33,8.475861,2.997,3.33,0,3.33,9.118237,65.13013,0.21812,0.4541828,0,5,2.997
3/21/2007 7:00:00 AM,0.1882577,11.6117,-87.29644,78.10988,0.1921721,0.8624685,1.060888,1.060888,4.566151,0,1.411559,1.060888,81.29684,4.440892E-16,0,0,0.8624685,0,0,3.505263,3.33,5.14586,5.994,4.192469,0,4.192469,13.09556,93.53954,0.2182114,1.166977,0.6899748,5,6.856469
3/21/2007 8:00:00 AM,0.4951238,26.38847,-84.5686,63.11155,0.5038135,2.261115,2.746453,2.746453,0,0,0,2.746453,82.32855,0,0,0,2.261115,2.891003,2.746453,0,0,0.9533917,9.767221,0,0.6298881,-0.6298881,12.4316,88.79697,0.2182114,3.021098,1.808892,0,12.02834
3/21/2007 9:00:00 AM,0.7062443,41.08611,-80.95069,48.11372,0.7174845,3.22007,1.603737,1.603737,0,-1,0,1.603737,200.7854,0,0,0,3.22007,1.688144,1.603737,0,0,1.653267,9.137334,1.531926,0,1.531926,13.88491,99.17776,0.2178777,1.764111,2.576056,0,12.3574
3/21/2007 10:00:00 AM,0.9380163,55.58779,-75.11478,33.11723,0.9524606,4.274643,3.202012,3.202012,1.25,0,0.50625,3.202012,133.4987,2.098552,0,0,4.274643,2.05475,1.952012,0,0,0.1213414,10.51607,0.1213414,0,0.1213414,14.00003,100,0.2178513,3.522213,3.419714,5,14.79071
3/21/2007 11:00:00 AM,0.9810237,69.459,-62.34518,18.12559,0.9955622,4.468083,1.864556,1.864556,0,0,0,1.864556,239.6326,2.505393,0,0,4.468083,1.96269,1.864556,0,0,0,10.62527,0,0,0,14.00003,100,0.2178513,2.051011,3.574466,0,15.09336
3/21/2007 12:00:00 PM,0.9208643,79.69952,-17.65437,3.208061,0.9330058,4.18733,6.256002,6.256002,2.926003,0,0.9637987,6.256002,66.933,0.6820669,0,0,4.18733,3.505263,3.33,0,0,0,10.62527,0,0,0,14.00003,100,0.2178513,6.881603,3.349864,5,14.8126
3/21/2007 1:00:00 PM,1.090965,74.61076,50.93024,11.91703,1.107346,4.96977,0.9073842,0.9073842,0,0,0,0.9073842,547.7031,4.014629,0,0,4.96977,0.9551412,0.9073842,0,0,0,10.62527,0,0,0,14.00003,100,0.2178513,0.9981226,3.975816,0,15.59505
3/21/2007 2:00:00 PM,0.9867997,61.46813,71.23227,26.90183,1.001812,4.496131,3.173957,3.173957,0,-1,0,3.173957,141.657,1.155123,0,0.161353,4.496131,3.341008,3.173957,0,0,0,10.62527,0,0,0,14.00003,100,0.2178513,3.491353,3.596905,0,15.12141
3/21/2007 3:00:00 PM,0.70754,47.13307,78.9347,41.89711,0.7177557,3.221287,3.913273,3.33,0,-1,0,3.33,96.73536,0,0.5832731,0.9746004,3.221287,3.505263,3.33,0,0,0,10.62527,0,0.2839757,-0.2839757,13.70069,97.86189,0.2178513,4.3046,2.57703,0,13.84656
3/21/2007 4:00:00 PM,0.5283207,32.49465,83.22431,56.89455,0.5366371,2.408427,3.408265,3.33,0,-1,0,3.33,72.32515,0,0.07826494,0.4190914,2.408427,3.505263,3.33,0,0,0.3155285,10.3413,0,1.096836,-1.096836,12.54453,89.60357,0.2178513,3.749091,1.926742,0,12.74973
3/21/2007 5:00:00 PM,0.3216129,17.74282,86.23014,71.89273,0.3278904,1.471572,4.417512,3.33,0,-1,0,3.33,44.19135,0,1.087512,1.529263,1.471572,3.505263,3.33,0,0,1.534235,9.244463,0,2.033691,-2.033691,10.40083,74.29147,0.2178513,4.859263,1.177258,0,10.71603
3/21/2007 6:00:00 PM,0.04046894,2.94347,88.71407,86.89119,0.04120348,0.1849212,4.56205,3.33,0,-1,0,3.33,5.553189,0,1.23205,1.688255,0.1849212,3.505263,3.33,0,0,3.793892,7.210772,0,3.320342,-3.320342,6.900878,49.29189,0.2178513,5.018256,0.147937,0,7.395693
3/21/2007 7:00:00 PM,0,0,91.07594,90,0,0,11.95372,3.33,0,-1,0,3.33,0,0,8.623722,9.819095,0,3.505263,3.33,0,0,7.48316,3.890429,0,3.505263,-3.505263,3.206007,22.9,0.2178513,13.14909,0,0,3.890429
3/21/2007 8:00:00 PM,0,0,93.65491,90,0,0,9.276942,0.3659081,0,-1,0,0.3659081,0,0,8.911035,9.838729,0,0.3851664,0.3659081,0,0,11.3779,0.3851664,0,0.3851664,-0.3851664,2.800006,20,0.2178513,10.20464,0,0,0.3851664
3/21/2007 9:00:00 PM,0,0,96.94905,90,0,0,5.105099,0,0,-1,0,0,0,0,5.105099,5.615609,0,0,0,0,0,11.80586,0,0,0,0,2.800006,20,0.2178513,5.615609,0,0,0
3/21/2007 10:00:00 PM,0,0,102.1259,90,0,0,1.113433,0,0,-1,0,0,0,0,1.113433,1.224777,0,0,0,0,0,11.80586,0,0,0,0,2.800006,20,0.2178513,1.224777,0,0,0
3/21/2007 11:00:00 PM,0,0,113.4835,90,0,0,0.6615061,0,0,-1,0,0,0,0,0.6615061,0.7276568,0,0,0,0,0,11.80586,0,0,0,0,2.800006,20,0.2178513,0.7276568,0,0,0
3/22/2007 12:00:00 AM,0,0,160.5194,90,0,0,1.140699,0,0,-1,0,0,0,0,1.140699,1.254769,0,0,0,0,0,11.80586,0,0,0,0,2.800006,20,0.2178513,1.254769,0,0,0
3/22/2007 1:00:00 AM,0,0,-125.2149,90,0,0,0.3890773,0,0,-1,0,0,0,0,0.3890773,0.427985,0,0,0,0,0,11.80586,0,0,0,0,2.800006,20,0.2178513,0.427985,0,0,0
3/22/2007 2:00:00 AM,0,0,-106.3131,90,0,0,0.7393687,0,0,-1,0,0,0,0,0.7393687,0.8133055,0,0,0,0,0,11.80586,0,0,0,0,2.800006,20,0.2178513,0.8133055,0,0,0
3/22/2007 3:00:00 AM,0,0,-99.3052,90,0,0,0.9156004,0,0,-1,0,0,0,0,0.9156004,1.00716,0,0,0,0,0,11.80586,0,0,0,0,2.800006,20,0.2178513,1.00716,0,0,0
3/22/2007 4:00:00 AM,0,0,-95.34744,90,0,0,0.2386482,0,0,-1,0,0,0,0,0.2386482,0.262513,0,0,0,0,0,11.80586,0,0,0,0,2.800006,20,0.2178513,0.262513,0,0,0
3/22/2007 5:00:00 AM,0,0,-92.50236,90,0,0,0.6118901,0.6118901,4.117153,0,1.288983,0.6118901,0,0,0,0,0,0,0,3.505263,3.33,11.80586,0,3.33,0,3.33,5.959121,42.56506,0.2179948,0.6730791,0,5,0
3/22/2007 6:00:00 AM,0.009517896,0,-90.07645,90,0,0,0.1059657,0.1059657,3.611229,0,1.150865,0.1059657,0,0,0,0,0,0,0,3.505263,3.33,8.475861,2.997,3.33,0,3.33,9.118237,65.13013,0.2179852,0.1165623,0,5,2.997
3/22/2007 7:00:00 AM,0.1512069,11.75272,-87.69037,78.03252,0.1525357,0.6845803,1.44008,1.44008,4.671448,0,1.440305,1.44008,47.53764,0,0,0,0.6845803,0,0,3.231367,3.069799,5.14586,5.994,3.754379,0,3.754379,12.67995,90.57092,0.218202,1.584088,0.5476642,5,6.67858
3/22/2007 8:00:00 AM,0.4156632,26.53656,-84.99654,63.03292,0.4211807,1.890259,3.128417,3.128417,2.654578,0,0.8896998,3.128417,60.42222,0,0,0,1.890259,0.4987779,0.473839,0,0,1.391481,9.372941,1.391481,0,1.391481,14.00003,100,0.218298,3.441259,1.512207,5,11.2632
3/22/2007 9:00:00 AM,0.5724691,41.24859,-81.4518,48.03346,0.5787787,2.597559,3.590932,3.33,0,-1,0,3.33,78.00477,0,0.2609321,0.6200253,2.597559,3.505263,3.33,0,0,0,10.62527,0,0.9077043,-0.9077043,13.04322,93.1657,0.218298,3.950025,2.078047,0,13.22283
3/22/2007 10:00:00 AM,0.674129,55.77943,-75.75918,33.03431,0.6802633,3.053022,0.6952794,0.6952794,0,0,0,0.6952794,439.1072,1.312588,0,0,3.053022,0.731873,0.6952794,0,0,1.00856,9.71757,1.00856,0,1.00856,14.00003,100,0.218081,0.7648073,2.442417,0,12.77059
3/22/2007 11:00:00 AM,0.6727338,69.71908,-63.25676,18.03635,0.6763755,3.035573,1.799318,1.799318,0,0,0,1.799318,168.7069,1.141554,0,0,3.035573,1.894019,1.799318,0,0,0,10.62527,0,0,0,14.00003,100,0.218081,1.97925,2.428459,0,13.66085
3/22/2007 12:00:00 PM,0.2899078,80.10735,-17.9327,3.05706,0.2886235,1.295343,3.564713,3.564713,2.334138,0,0.8022197,3.564713,36.33791,0,4.440892E-16,0,1.295343,1.295343,1.230575,0,0,0,10.62527,0,0,0,14.00003,100,0.218081,3.921185,1.036274,5,11.92062
3/22/2007 1:00:00 PM,0.7438806,74.80689,52.29869,11.97387,0.7493902,3.363263,0,0,0,0,0,0,0,3.363263,0,0,3.363263,0,0,0,0,0,10.62527,0,0,0,14.00003,100,0.218081,0,2.690611,0,13.98854
3/22/2007 2:00:00 PM,0.554499,61.53675,72.08104,26.97024,0.5557131,2.49404,1.734537,1.734537,0,-1,0,1.734537,143.7871,0.6682122,0,0,2.49404,1.825828,1.734537,0,0,0,10.62527,0,0,0,14.00003,100,0.218081,1.90799,1.995232,0,13.11931
3/22/2007 3:00:00 PM,0.5425186,47.15635,79.53762,41.9691,0.546025,2.45056,0.4755454,0.4755454,0,-1,0,0.4755454,515.3157,1.949986,0,0,2.45056,0.5005741,0.4755454,0,0,0,10.62527,0,0,0,14.00003,100,0.218081,0.5231,1.960448,0,13.07583
3/22/2007 4:00:00 PM,0.2992885,32.49721,83.71128,56.96848,0.2992586,1.343073,0,0,0,-1,0,0,0,1.343073,0,0,1.343073,0,0,0,0,0,10.62527,0,0,0,14.00003,100,0.218081,0,1.074458,0,11.96835
3/22/2007 5:00:00 PM,0.1805792,17.7351,86.6613,71.96803,0.1808579,0.81169,1.249316,1.249316,0,-1,0,1.249316,64.97075,0,0,0,0.81169,1.31507,1.249316,0,0,0,10.62527,0,0.5033795,-0.5033795,13.46942,96.20995,0.218081,1.374248,0.649352,0,11.43696
3/22/2007 6:00:00 PM,0.04818125,2.931398,89.12516,86.96764,0.04913302,0.220509,4.720566,3.33,0,-1,0,3.33,6.621892,0,1.390566,1.862623,0.220509,3.505263,3.33,0,0,0.5593106,10.12189,0,3.284754,-3.284754,10.00698,71.47832,0.218081,5.192623,0.1764072,0,10.3424
3/22/2007 7:00:00 PM,0,0,91.49548,90,0,0,2.440435,2.440435,0,-1,0,2.440435,0,0,4.440892E-16,0,0,2.568879,2.440435,0,0,4.209037,6.837141,0,2.568879,-2.568879,7.299148,52.13667,0.218081,2.684479,0,0,6.837141
3/22/2007 8:00:00 PM,0,0,94.1145,90,0,0,1.015431,1.015431,0,-1,0,1.015431,0,0,0,0,0,1.068875,1.015431,0,0,7.063347,4.268261,0,1.068875,-1.068875,6.172455,44.08888,0.218081,1.116974,0,0,4.268261
3/22/2007 9:00:00 PM,0,0,97.49673,90,0,0,9.570305,3.039418,0,-1,0,3.039418,0,0,6.530887,7.487918,0,3.199387,3.039418,0,0,8.250986,3.199387,0,3.199387,-3.199387,2.800006,20,0.218081,10.52734,0,0,3.199387
3/22/2007 10:00:00 PM,0,0,102.8585,90,0,0,0,0,0,-1,0,0,0,0,0,0,0,0,0,0,0,11.80586,0,0,0,0,2.800006,20,0.218081,0,0,0,0
3/22/2007 11:00:00 PM,0,0,114.6522,90,0,0,0.8437782,0,0,-1,0,0,0,0,0.8437782,0.928156,0,0,0,0,0,11.80586,0,0,0,0,2.800006,20,0.218081,0.928156,0,0,0
3/23/2007 12:00:00 AM,0,0,161.7695,90,0,0,0,0,0,-1,0,0,0,0,0,0,0,0,0,0,0,11.80586,0,0,0,0,2.800006,20,0.218081,0,0,0,0
3/23/2007 1:00:00 AM,0,0,-126.2965,90,0,0,0.1920545,0,0,-1,0,0,0,0,0.1920545,0.21126,0,0,0,0,0,11.80586,0,0,0,0,2.800006,20,0.218081,0.21126,0,0,0
3/23/2007 2:00:00 AM,0,0,-107.0658,90,0,0,0.8255041,0,0,-1,0,0,0,0,0.8255041,0.9080545,0,0,0,0,0,11.80586,0,0,0,0,2.800006,20,0.218081,0.9080545,0,0,0
3/23/2007 3:00:00 AM,0,0,-99.85854,90,0,0,1.199697,0,0,-1,0,0,0,0,1.199697,1.319666,0,0,0,0,0,11.80586,0,0,0,0,2.800006,20,0.218081,1.319666,0,0,0
3/23/2007 4:00:00 AM,0,0,-95.80141,90,0,0,0.2544667,0,0,-1,0,0,0,0,0.2544667,0.2799134,0,0,0,0,0,11.80586,0,0,0,0,2.800006,20,0.218081,0.2799134,0,0,0
3/23/2007 5:00:00 AM,0,0,-92.90732,90,0,0,0.7081735,0.7081735,4.213437,0,1.315268,0.7081735,0,4.440892E-16,0,0,0,0,0,3.505263,3.33,11.80586,0,3.33,0,3.33,5.959121,42.56506,0.2182507,0.7789909,0,5,0
3/23/2007 6:00:00 AM,0.007498322,0,-90.46351,90,0,0,0.07309793,0.07309793,3.578361,0,1.141893,0.07309793,0,4.440892E-16,0,0,0,0,0,3.505263,3.33,8.475861,2.997,3.33,0,3.33,9.118237,65.13013,0.2182306,0.08040772,0,5,2.997
3/23/2007 7:00:00 AM,0.09947668,11.89398,-88.08469,77.95499,0.09923682,0.4453749,0,0,3.505263,0,1.121937,0,0,0,0,0,0.4453749,0,0,3.505263,3.33,5.14586,5.994,3.775375,0,3.775375,12.69987,90.71319,0.2180942,0,0.3562999,5,6.439375
3/23/2007 8:00:00 AM,0.08486029,26.68414,-85.42558,62.95499,0.08446632,0.3790849,1.916873,1.916873,0,0,0,1.916873,19.77621,0,0,0,0.3790849,2.017761,1.916873,0,0,1.370485,9.391837,0,1.638676,-1.638676,10.97256,78.37524,0.2180942,2.108561,0.3032679,0,9.770923
3/23/2007 9:00:00 AM,0.2124323,41.40967,-81.95533,47.95499,0.2115032,0.9492265,0,0,0,-1,0,0,0,0,0,0,0.9492265,0,0,0,0,3.191237,7.753161,0.9492265,0,0.9492265,11.87307,84.80747,0.2178925,0,0.7593812,0,8.702388
3/23/2007 10:00:00 AM,0.4346158,55.96843,-76.40972,32.95499,0.4339885,1.947741,5.917711,5.917711,5,0,1.53,5.917711,32.91375,0,0,0,1.947741,0.9660115,0.9177109,0,0,2.24201,8.607465,0.9817291,0,0.9817291,12.80442,91.45996,0.2179596,6.509482,1.558192,5,10.55521
3/23/2007 11:00:00 AM,0.451918,69.97505,-64.19009,17.95499,0.4508127,2.023247,5.767615,5.767615,5,0,1.53,5.767615,35.07944,0,0,0,2.023247,0.8080162,0.7676154,0,0,1.260281,9.491021,1.215231,0,1.215231,13.95729,99.69473,0.2180426,6.344377,1.618598,5,11.51427
3/23/2007 12:00:00 PM,0.3972127,80.51528,-18.23052,2.955025,0.3957316,1.776044,4.060884,4.060884,2.416441,0,0.8246883,4.060884,43.73539,9.020562E-17,0,0,1.776044,1.730994,1.644444,0,0,0.04505013,10.58473,0.04505013,0,0.04505013,14.00003,100,0.2180457,4.466973,1.420835,5,12.36077
3/23/2007 1:00:00 PM,0.6769034,74.99402,53.70347,12.04502,0.6797632,3.050777,7.12914,7.12914,4.230902,0,1.320036,7.12914,42.79306,4.440892E-16,0,0,3.050777,3.050777,2.898238,0,0,0,10.62527,0,0,0,14.00003,100,0.2180457,7.842054,2.440622,5,13.67605
3/23/2007 2:00:00 PM,0.4040722,61.59941,72.93418,27.04502,0.4029132,1.808274,1.448306,1.448306,0,-1,0,1.448306,124.8544,0.2837411,0,0,1.808274,1.524533,1.448306,0,0,0,10.62527,0,0,0,14.00003,100,0.2180457,1.593137,1.446619,0,12.43355
3/23/2007 3:00:00 PM,0.2898404,47.17575,80.14146,42.04502,0.2887342,1.295839,2.837938,2.837938,0,-1,0,2.837938,45.66129,0,0,0,1.295839,2.987303,2.837938,0,0,0,10.62527,0,1.691464,-1.691464,12.21707,87.2646,0.2180457,3.121732,1.036671,0,11.92111
3/23/2007 4:00:00 PM,0.08309316,32.49717,84.19859,57.04502,0.08270262,0.3711694,0.9216635,0.9216635,0,-1,0,0.9216635,40.27168,0,0,0,0.3711694,0.9701722,0.9216635,0,0,1.879405,8.93381,0,0.5990028,-0.5990028,11.58566,82.75458,0.2180457,1.01383,0.2969355,0,9.304979
3/23/2007 5:00:00 PM,0.09349261,17.7257,87.09268,72.04501,0.09307922,0.4177396,3.646344,3.33,0,-1,0,3.33,12.54473,0,0.3163439,0.6809783,0.4177396,3.505263,3.33,0,0,2.544963,8.334807,0,3.087524,-3.087524,8.331128,59.50794,0.2180457,4.010978,0.3341917,0,8.752547
3/23/2007 6:00:00 PM,0.04661082,2.918438,89.53649,87.04501,0.04687663,0.2103823,2.896229,2.896229,0,-1,0,2.896229,7.264008,0,4.440892E-16,0,0.2103823,3.048662,2.896229,0,0,5.975545,5.247284,0,2.83828,-2.83828,5.339319,38.13792,0.2180457,3.185852,0.1683058,0,5.457666
3/23/2007 7:00:00 PM,0,0,91.91531,90,0,0,1.43847,1.43847,0,-1,0,1.43847,0,0,2.220446E-16,0,0,1.514179,1.43847,0,0,9.129189,2.409004,0,1.514179,-1.514179,3.743234,26.73733,0.2180457,1.582317,0,0,2.409004
3/23/2007 8:00:00 PM,0,0,94.57442,90,0,0,4.039555,0.8500838,0,-1,0,0.8500838,0,0,3.189471,3.593426,0,0.894825,0.8500838,0,0,10.81161,0.894825,0,0.894825,-0.894825,2.800006,20,0.2180457,4.44351,0,0,0.894825
3/23/2007 9:00:00 PM,0,0,98.04467,90,0,0,2.897784,0,0,-1,0,0,0,0,2.897784,3.187562,0,0,0,0,0,11.80586,0,0,0,0,2.800006,20,0.2180457,3.187562,0,0,0
3/23/2007 10:00:00 PM,0,0,103.5903,90,0,0,0.9038965,0,0,-1,0,0,0,0,0.9038965,0.9942861,0,0,0,0,0,11.80586,0,0,0,0,2.800006,20,0.2180457,0.9942861,0,0,0
3/23/2007 11:00:00 PM,0,0,115.8099,90,0,0,1.799761,0,0,-1,0,0,0,0,1.799761,1.979737,0,0,0,0,0,11.80586,0,0,0,0,2.800006,20,0.2180457,1.979737,0,0,0
3/24/2007 12:00:00 AM,0,0,162.9326,90,0,0,0.6975191,0,0,-1,0,0,0,0,0.6975191,0.767271,0,0,0,0,0,11.80586,0,0,0,0,2.800006,20,0.2180457,0.767271,0,0,0
3/24/2007 1:00:00 AM,0,0,-127.3344,90,0,0,0.4398722,0,0,-1,0,0,0,0,0.4398722,0.4838594,0,0,0,0,0,11.80586,0,0,0,0,2.800006,20,0.2180457,0.4838594,0,0,0
3/24/2007 2:00:00 AM,0,0,-107.8081,90,0,0,0.5508726,0,0,-1,0,0,0,0,0.5508726,0.6059598,0,0,0,0,0,11.80586,0,0,0,0,2.800006,20,0.2180457,0.6059598,0,0,0
3/24/2007 3:00:00 AM,0,0,-100.4081,90,0,0,0,0,0,-1,0,0,0,0,0,0,0,0,0,0,0,11.80586,0,0,0,0,2.800006,20,0.2180457,0,0,0,0
3/24/2007 4:00:00 AM,0,0,-96.25373,90,0,0,0.06921934,0,0,-1,0,0,0,0,0.06921934,0.07614127,0,0,0,0,0,11.80586,0,0,0,0,2.800006,20,0.2180457,0.07614127,0,0,0
3/24/2007 5:00:00 AM,0,0,-93.31152,90,0,0,0,0,0,0,0,0,0,0,0,0,0,0,0,0,0,11.80586,0,0,0,0,2.800006,20,0.2180457,0,0,0,0
3/24/2007 6:00:00 AM,0.002493728,0,-90.85038,90,0,0,0.6159495,0.6159495,4.121212,0,1.290091,0.6159495,0,0,0,0,0,0,0,3.505263,3.33,11.80586,0,3.33,0,3.33,5.959121,42.56506,0.2181861,0.6775445,0,5,0
3/24/2007 7:00:00 AM,0.1333434,12.03534,-88.47932,77.8774,0.1333562,0.5985027,0.2784941,0.2784941,3.783757,0,1.197966,0.2784941,214.9067,0,0,0,0.5985027,0,0,3.505263,3.33,8.475861,2.997,3.928503,0,3.928503,9.686026,69.18576,0.2181006,0.3063436,0.4788021,5,3.595503
3/24/2007 8:00:00 AM,0.253758,26.83108,-85.85558,62.87784,0.253507,1.137739,0,0,3.505263,0,1.121937,0,0,0,0,0,1.137739,0,0,3.505263,3.33,4.547358,6.532652,4.46774,0,4.46774,13.9245,99.46049,0.2178214,0,0.9101915,5,7.670392
3/24/2007 9:00:00 AM,0.3171498,41.56918,-82.46117,47.87842,0.3162896,1.419508,0.3386584,0.3386584,0,-1,0,0.3386584,419.1562,0.9834068,0,0,1.419508,0.3564825,0.3386584,0,0,0.07961817,10.55362,0.07961817,0,0.07961817,14.00003,100,0.2178047,0.3725242,1.135606,0,11.97313
3/24/2007 10:00:00 AM,0.5600899,56.1546,-77.06627,32.87939,0.5616066,2.52049,2.434402,2.434402,0,0,0,2.434402,103.5363,0,4.440892E-16,0,2.52049,2.562528,2.434402,0,0,0,10.62527,0,0.04203806,-0.04203806,13.95572,99.68349,0.2178047,2.677842,2.016392,0,13.14576
3/24/2007 11:00:00 AM,0.713626,70.22661,-65.14548,17.88176,0.7176097,3.220632,3.689479,3.689479,1.25,0,0.50625,3.689479,87.29234,0.6060507,0,0,3.220632,2.567873,2.439479,0,0,0.04670896,10.58324,0.04670896,0,0.04670896,14.00003,100,0.217795,4.058427,2.576506,5,13.80387
3/24/2007 12:00:00 PM,0.7515272,80.92314,-18.55089,2.907317,0.7558143,3.392094,1.876478,1.876478,0,0,0,1.876478,180.7692,1.416854,0,0,3.392094,1.97524,1.876478,0,0,0,10.62527,0,0,0,14.00003,100,0.217795,2.064126,2.713675,0,14.01737
3/24/2007 1:00:00 PM,0.8039486,75.17179,55.14358,12.13015,0.8102602,3.636448,0,0,0,0,0,0,0,3.636448,0,0,3.636448,0,0,0,0,0,10.62527,0,0,0,14.00003,100,0.217795,0,2.909158,0,14.26172
3/24/2007 2:00:00 PM,0.3690186,61.65609,73.79108,27.12603,0.3676895,1.65019,4.24023,3.33,0,-1,0,3.33,49.55526,0,0.9102295,1.334252,1.65019,3.505263,3.33,0,0,0,10.62527,0,1.855073,-1.855073,12.04461,86.03275,0.217795,4.664252,1.320152,0,12.27546
3/24/2007 3:00:00 PM,0.3215436,47.19133,80.74593,42.12474,0.3204638,1.438242,6.051558,3.33,0,-1,0,3.33,43.19044,0,2.721558,3.326714,1.438242,3.505263,3.33,0,0,2.061192,8.770202,0,2.067022,-2.067022,9.865778,70.4697,0.217795,6.656713,1.150593,0,10.20844
3/24/2007 4:00:00 PM,0.4671325,32.4946,84.68601,57.12406,0.4709293,2.113531,5.683142,3.33,0,-1,0,3.33,63.46939,4.440892E-16,2.353142,2.921456,2.113531,3.505263,3.33,0,0,4.357882,6.70318,0,1.391733,-1.391733,8.398763,59.99104,0.217795,6.251456,1.690824,0,8.81671
3/24/2007 5:00:00 PM,0.1404272,17.71471,87.52412,72.12358,0.1399751,0.6282083,0,0,0,-1,0,0,0,0,0,0,0.6282083,0,0,0,0,5.904252,5.311447,0.6282083,0,0.6282083,8.994733,64.24796,0.2176635,0,0.5025666,0,5.939655
3/24/2007 6:00:00 PM,0.04575118,2.904679,89.94791,87.12319,0.04544707,0.2039665,0,0,0,-1,0,0,0,0,0,0,0.2039665,0,0,0,0,5.276044,5.876835,0.2039665,0,0.2039665,9.188232,65.6301,0.2176208,0,0.1631732,0,6.080801
3/24/2007 7:00:00 PM,0,0,92.33528,90,0,0,3.505136,3.33,0,-1,0,3.33,0,0,0.1751359,0.5256494,0,3.505263,3.33,0,0,5.072077,6.060404,0,3.505263,-3.505263,5.493361,39.23822,0.2176208,3.855649,0,0,6.060404
3/24/2007 8:00:00 PM,0,0,95.03452,90,0,0,6.140554,2.427384,0,-1,0,2.427384,0,0,3.71317,4.327226,0,2.555141,2.427384,0,0,8.966814,2.555141,0,2.555141,-2.555141,2.800006,20,0.2176208,6.75461,0,0,2.555141
3/24/2007 9:00:00 PM,0,0,98.59265,90,0,0,6.221039,0,0,-1,0,0,0,0,6.221039,6.843143,0,0,0,0,0,11.80586,0,0,0,0,2.800006,20,0.2176208,6.843143,0,0,0
3/24/2007 10:00:00 PM,0,0,104.321,90,0,0,0.5046125,0,0,-1,0,0,0,0,0.5046125,0.5550737,0,0,0,0,0,11.80586,0,0,0,0,2.800006,20,0.2176208,0.5550737,0,0,0
3/24/2007 11:00:00 PM,0,0,116.9558,90,0,0,0,0,0,-1,0,0,0,0,0,0,0,0,0,0,0,11.80586,0,0,0,0,2.800006,20,0.2176208,0,0,0,0
3/25/2007 12:00:00 AM,0,0,164.0165,90,0,0,1.242476,0,0,-1,0,0,0,0,1.242476,1.366724,0,0,0,0,0,11.80586,0,0,0,0,2.800006,20,0.2176208,1.366724,0,0,0
3/25/2007 1:00:00 AM,0,0,-128.3302,90,0,0,1.253983,0,0,-1,0,0,0,0,1.253983,1.379382,0,0,0,0,0,11.80586,0,0,0,0,2.800006,20,0.2176208,1.379382,0,0,0
3/25/2007 2:00:00 AM,0,0,-108.5398,90,0,0,0,0,0,-1,0,0,0,0,0,0,0,0,0,0,0,11.80586,0,0,0,0,2.800006,20,0.2176208,0,0,0,0
3/25/2007 3:00:00 AM,0,0,-100.9539,90,0,0,0.6206786,0,0,-1,0,0,0,0,0.6206786,0.6827464,0,0,0,0,0,11.80586,0,0,0,0,2.800006,20,0.2176208,0.6827464,0,0,0
3/25/2007 4:00:00 AM,0,0,-96.70425,90,0,0,1.387398,0,0,-1,0,0,0,0,1.387398,1.526137,0,0,0,0,0,11.80586,0,0,0,0,2.800006,20,0.2176208,1.526137,0,0,0
3/25/2007 5:00:00 AM,0,0,-93.71486,90,0,0,0.2308396,0.2308396,3.736103,0,1.184956,0.2308396,0,0,0,0,0,0,0,3.505263,3.33,11.80586,0,3.33,0,3.33,5.959121,42.56506,0.217649,0.2539235,0,5,0
3/25/2007 6:00:00 AM,0.01115391,0,-91.23695,90,0,0,0.5446568,0.5446568,4.04992,0,1.270628,0.5446568,0,0,0,0,0,0,0,3.505263,3.33,8.475861,2.997,3.33,0,3.33,9.118237,65.13013,0.2177679,0.5991225,0,5,2.997
3/25/2007 7:00:00 AM,0.1710421,12.17668,-88.87415,77.79989,0.1711682,0.7682031,5.047729,5.047729,5,0,1.53,5.047729,15.21879,0,0,0,0.7682031,0.05024126,0.0477292,0,0,5.14586,5.994,0.7179618,0,0.7179618,9.799355,69.99525,0.2178161,5.552502,0.6145625,5,6.762203
3/25/2007 8:00:00 AM,0.3946222,26.97724,-86.28647,62.8016,0.396956,1.781539,0.7075053,0.7075053,3.493147,0,1.118629,0.7075053,251.8057,0,0,0,1.781539,0,0,2.785642,2.64636,4.427898,6.640166,4.427898,0,4.427898,14.00003,100,0.2175463,0.7782559,1.425231,5,8.421704
3/25/2007 9:00:00 AM,0.7755276,41.72699,-82.96919,47.80388,0.7830311,3.514244,7.345151,3.33,0,-1,0,3.33,105.5328,0.008980413,4.015151,4.749666,3.514244,3.505263,3.33,0,0,0,10.62527,0,0,0,14.00003,100,0.2175463,8.079666,2.811395,0,14.13952
3/25/2007 10:00:00 AM,0.8018008,56.33776,-77.72868,32.80766,0.8092831,3.632063,1.516988,1.516988,0,0,0,1.516988,239.426,2.035233,0,0,3.632063,1.596829,1.516988,0,0,0,10.62527,0,0,0,14.00003,100,0.2175463,1.668687,2.90565,0,14.25734
3/25/2007 11:00:00 AM,0.2975715,70.47341,-66.12323,17.81685,0.2962455,1.32955,5.019286,5.019286,3.756214,0,1.190446,5.019286,26.48882,0,0,0,1.32955,1.32955,1.263072,0,0,0,10.62527,0,0,0,14.00003,100,0.2175463,5.521214,1.06364,5,11.95482
3/25/2007 12:00:00 PM,0.6971507,81.33076,-18.8974,2.916723,0.699448,3.139122,3.709262,3.709262,1.25,0,0.50625,3.709262,84.6293,0.5504254,0,0,3.139122,2.588697,2.459262,0,0,0,10.62527,0,0,0,14.00003,100,0.2175463,4.080188,2.511298,5,13.7644
3/25/2007 1:00:00 PM,0.9078417,75.33987,56.61779,12.22886,0.9162861,4.112292,2.876074,2.876074,0,0,0,2.876074,142.9828,1.084846,0,0,4.112292,3.027446,2.876074,0,0,0,10.62527,0,0,0,14.00003,100,0.2175463,3.163681,3.289834,0,14.73757
3/25/2007 2:00:00 PM,0.6936227,61.70685,74.65109,27.2131,0.6975468,3.13059,1.177295,1.177295,0,-1,0,1.177295,265.9139,1.891332,0,0,3.13059,1.239258,1.177295,0,0,0,10.62527,0,0,0,14.00003,100,0.2175463,1.295024,2.504472,0,13.75586
3/25/2007 3:00:00 PM,0.5716242,47.20317,81.35072,42.20816,0.5745296,2.578489,3.183819,3.183819,0,-1,0,3.183819,80.9873,0,0,0.1722004,2.578489,3.351388,3.183819,0,0,0,10.62527,0,0.772899,-0.772899,13.18532,94.18067,0.2175463,3.5022,2.062791,0,13.20376
3/25/2007 4:00:00 PM,0.2302404,32.48959,85.17338,57.20549,0.2293883,1.029495,2.798346,2.798346,0,-1,0,2.798346,36.7894,0,0,0,1.029495,2.945627,2.798346,0,0,0.8587767,9.852375,0,1.916133,-1.916133,11.16554,79.75369,0.2175463,3.078181,0.8235957,0,10.88187
3/25/2007 5:00:00 PM,0.2006011,17.70222,87.95548,72.20362,0.2005608,0.900117,5.055203,3.33,0,-1,0,3.33,27.03054,0,1.725203,2.230723,0.900117,3.505263,3.33,0,0,2.987813,7.936243,0,2.605146,-2.605146,8.419475,60.13898,0.2175463,5.560723,0.7200935,0,8.83636
3/25/2007 6:00:00 PM,0.03595133,2.890207,90.35929,87.20206,0.03554181,0.1595116,5.73037,3.33,0,-1,0,3.33,4.790139,0,2.400369,2.973406,0.1595116,3.505263,3.33,0,0,5.88242,5.331096,0,3.345752,-3.345752,4.892743,34.94809,0.2175463,6.303406,0.1276093,0,5.490608
3/25/2007 7:00:00 PM,0,0,92.75526,90,0,0,4.638549,1.886078,0,-1,0,1.886078,0,0,2.752471,3.216326,0,1.985345,1.886078,0,0,9.599921,1.985345,0,1.985345,-1.985345,2.800006,20,0.2175463,5.102404,0,0,1.985345
3/25/2007 8:00:00 PM,0,0,95.49464,90,0,0,8.637956,0,0,-1,0,0,0,0,8.637956,9.501751,0,0,0,0,0,11.80586,0,0,0,0,2.800006,20,0.2175463,9.501751,0,0,0
3/25/2007 9:00:00 PM,0,0,99.14046,90,0,0,4.063554,0,0,-1,0,0,0,0,4.063554,4.469909,0,0,0,0,0,11.80586,0,0,0,0,2.800006,20,0.2175463,4.469909,0,0,0
3/25/2007 10:00:00 PM,0,0,105.0501,90,0,0,0.2953301,0,0,-1,0,0,0,0,0.2953301,0.3248632,0,0,0,0,0,11.80586,0,0,0,0,2.800006,20,0.2175463,0.3248632,0,0,0
3/25/2007 11:00:00 PM,0,0,118.0888,90,0,0,1.098704,0,0,-1,0,0,0,0,1.098704,1.208574,0,0,0,0,0,11.80586,0,0,0,0,2.800006,20,0.2175463,1.208574,0,0,0
3/26/2007 12:00:00 AM,0,0,165.028,90,0,0,0,0,0,-1,0,0,0,0,0,0,0,0,0,0,0,11.80586,0,0,0,0,2.800006,20,0.2175463,0,0,0,0
3/26/2007 1:00:00 AM,0,0,-129.2858,90,0,0,0.5978066,0,0,-1,0,0,0,0,0.5978066,0.6575873,0,0,0,0,0,11.80586,0,0,0,0,2.800006,20,0.2175463,0.6575873,0,0,0
3/26/2007 2:00:00 AM,0,0,-109.2607,90,0,0,0,0,0,-1,0,0,0,0,0,0,0,0,0,0,0,11.80586,0,0,0,0,2.800006,20,0.2175463,0,0,0,0
3/26/2007 3:00:00 AM,0,0,-101.4956,90,0,0,0.6365019,0,0,-1,0,0,0,0,0.6365019,0.7001521,0,0,0,0,0,11.80586,0,0,0,0,2.800006,20,0.2175463,0.7001521,0,0,0
3/26/2007 4:00:00 AM,0,0,-97.15285,90,0,0,0,0,0,-1,0,0,0,0,0,0,0,0,0,0,0,11.80586,0,0,0,0,2.800006,20,0.2175463,0,0,0,0
3/26/2007 5:00:00 AM,0,0,-94.11723,90,0,0,0.0005228737,0.0005228737,3.505786,0,1.12208,0.0005228737,0,4.440892E-16,0,0,0,0,0,3.505263,3.33,11.80586,0,3.33,0,3.33,5.959121,42.56506,0.2175083,0.000575161,0,5,0
3/26/2007 6:00:00 AM,0.004223913,0,-91.62313,90,0,0,0.3161221,0.3161221,3.821385,0,1.208238,0.3161221,0,0,0,0,0,0,0,3.505263,3.33,8.475861,2.997,3.33,0,3.33,9.118237,65.13013,0.2175608,0.3477343,0,5,2.997
3/26/2007 7:00:00 AM,0.05736703,12.31785,-89.26908,77.72253,0.05708974,0.2562188,0.8049644,0.8049644,4.310227,0,1.341692,0.8049644,31.82983,4.440892E-16,0,0,0.2562188,0,0,3.505263,3.33,5.14586,5.994,3.586219,0,3.586219,12.52042,89.43141,0.2177001,0.8854608,0.204975,5,6.250219
3/26/2007 8:00:00 AM,0.2862493,27.12248,-86.71812,62.72638,0.2860027,1.28358,0,0,0,0,0,0,0,0,0,0,1.28358,0,0,0,0,1.559641,9.221597,1.28358,0,1.28358,13.73813,98.12933,0.2174376,0,1.026864,0,10.50518
3/26/2007 9:00:00 AM,0.439194,41.88293,-83.47927,47.73149,0.4395047,1.972497,0,0,0,-1,0,0,0,1.696436,0,0,1.972497,0,0,0,0,0.2760612,10.37682,0.2760612,0,0.2760612,14.00003,100,0.2173812,0,1.577998,0,12.34932
3/26/2007 10:00:00 AM,0.5746548,56.51772,-78.3968,32.73992,0.5757933,2.58416,1.106955,1.106955,0,0,0,1.106955,233.4476,1.418944,0,0,2.58416,1.165216,1.106955,0,0,0,10.62527,0,0,0,14.00003,100,0.2173812,1.217651,2.067328,0,13.20943
3/26/2007 11:00:00 AM,0.5535372,70.71514,-67.12354,17.76046,0.5531859,2.482698,1.378005,1.378005,0,0,0,1.378005,180.1661,1.032166,0,0,2.482698,1.450532,1.378005,0,0,0,10.62527,0,0,0,14.00003,100,0.2173812,1.515806,1.986159,0,13.10797
3/26/2007 12:00:00 PM,0.8523551,81.73796,-19.27437,2.982749,0.8582757,3.851941,0,0,0,0,0,0,0,3.851941,0,0,3.851941,0,0,0,0,0,10.62527,0,0,0,14.00003,100,0.2173812,0,3.081553,0,14.47722
3/26/2007 1:00:00 PM,0.5375366,75.49796,58.12465,12.34071,0.5368,2.409158,2.139096,2.139096,0,0,0,2.139096,112.6251,0.157478,0,0,2.409158,2.25168,2.139096,0,0,0,10.62527,0,0,0,14.00003,100,0.2173812,2.353006,1.927327,0,13.03443
3/26/2007 2:00:00 PM,0.666178,61.75171,75.51358,27.30607,0.6688361,3.001736,6.787218,3.33,0,-1,0,3.33,90.14223,0,3.457218,4.13594,3.001736,3.505263,3.33,0,0,0,10.62527,0,0.503527,-0.503527,13.46926,96.20884,0.2173812,7.46594,2.401389,0,13.62701
3/26/2007 3:00:00 PM,0.3396485,47.21134,81.95553,42.29512,0.338531,1.519327,3.445298,3.33,0,-1,0,3.33,45.62545,0,0.1152979,0.4598277,1.519327,3.505263,3.33,0,0,0.5594744,10.12175,0,1.985936,-1.985936,11.3759,81.25629,0.2173812,3.789828,1.215462,0,11.64107
3/26/2007 4:00:00 PM,0.3671594,32.48222,85.66049,57.28918,0.3674625,1.649172,7.095965,3.33,0,-1,0,3.33,49.52467,0,3.765965,4.475562,1.649172,3.505263,3.33,0,0,2.76607,8.135812,0,1.856091,-1.856091,9.419412,67.28138,0.2173812,7.805562,1.319337,0,9.784983
3/26/2007 5:00:00 PM,0.1415386,17.68831,88.3866,72.285,0.1409762,0.6327012,2.62576,2.62576,0,-1,0,2.62576,24.09593,0,4.440892E-16,0,0.6327012,2.763957,2.62576,0,0,4.828394,6.27972,0,2.131256,-2.131256,7.17287,51.23468,0.2173812,2.888335,0.5061609,0,6.912421
3/26/2007 6:00:00 PM,0.0395239,2.87511,90.77049,87.28151,0.03864972,0.17346,6.236902,3.33,0,-1,0,3.33,5.209008,0,2.906902,3.530592,0.17346,3.505263,3.33,0,0,7.196456,4.148464,0,3.331803,-3.331803,3.660841,26.14882,0.2173812,6.860592,0.138768,0,4.321924
3/26/2007 7:00:00 PM,0,0,93.1751,90,0,0,2.899958,0.7758275,0,-1,0,0.7758275,0,0,2.12413,2.414126,0,0.8166605,0.7758275,0,0,10.89846,0.8166605,0,0.8166605,-0.8166605,2.800006,20,0.2173812,3.189954,0,0,0.8166605
3/26/2007 8:00:00 PM,0,0,95.95461,90,0,0,3.02336,0,0,-1,0,0,0,0,3.02336,3.325696,0,0,0,0,0,11.80586,0,0,0,0,2.800006,20,0.2173812,3.325696,0,0,0
3/26/2007 9:00:00 PM,0,0,99.68787,90,0,0,0.5535262,0,0,-1,0,0,0,0,0.5535262,0.6088788,0,0,0,0,0,11.80586,0,0,0,0,2.800006,20,0.2173812,0.6088788,0,0,0
3/26/2007 10:00:00 PM,0,0,105.7774,90,0,0,1.176809,0,0,-1,0,0,0,0,1.176809,1.29449,0,0,0,0,0,11.80586,0,0,0,0,2.800006,20,0.2173812,1.29449,0,0,0
3/26/2007 11:00:00 PM,0,0,119.2081,90,0,0,0.297163,0,0,-1,0,0,0,0,0.297163,0.3268794,0,0,0,0,0,11.80586,0,0,0,0,2.800006,20,0.2173812,0.3268794,0,0,0
3/27/2007 12:00:00 AM,0,0,165.9732,90,0,0,1.31338,0,0,-1,0,0,0,0,1.31338,1.444718,0,0,0,0,0,11.80586,0,0,0,0,2.800006,20,0.2173812,1.444718,0,0,0
3/27/2007 1:00:00 AM,0,0,-130.203,90,0,0,1.402279,0,0,-1,0,0,0,0,1.402279,1.542507,0,0,0,0,0,11.80586,0,0,0,0,2.800006,20,0.2173812,1.542507,0,0,0
3/27/2007 2:00:00 AM,0,0,-109.9709,90,0,0,1.541709,0,0,-1,0,0,0,0,1.541709,1.69588,0,0,0,0,0,11.80586,0,0,0,0,2.800006,20,0.2173812,1.69588,0,0,0
3/27/2007 3:00:00 AM,0,0,-102.0331,90,0,0,0.7562291,0,0,-1,0,0,0,0,0.7562291,0.831852,0,0,0,0,0,11.80586,0,0,0,0,2.800006,20,0.2173812,0.831852,0,0,0
3/27/2007 4:00:00 AM,0,0,-97.59942,90,0,0,0.160203,0,0,-1,0,0,0,0,0.160203,0.1762233,0,0,0,0,0,11.80586,0,0,0,0,2.800006,20,0.2173812,0.1762233,0,0,0
3/27/2007 5:00:00 AM,0,0,-94.51852,90,0,0,0.2838807,0.2838807,3.789144,0,1.199436,0.2838807,0,0,0,0,0,0,0,3.505263,3.33,11.80586,0,3.33,0,3.33,5.959121,42.56506,0.2174245,0.3122688,0,5,0
3/27/2007 6:00:00 AM,0.0001823233,0,-92.00882,90,0,0,0.8167487,0.8167487,4.322012,0,1.344909,0.8167487,0,4.440892E-16,0,0,0,0,0,3.505263,3.33,8.475861,2.997,3.33,0,3.33,9.118237,65.13013,0.2176185,0.8984236,0,5,2.997
3/27/2007 7:00:00 AM,0.03317993,12.45873,-89.66403,77.64547,0.03301622,0.1481768,3.988267,3.988267,5,0,1.53,3.988267,3.715317,0,0,0,0.1481768,0,0,1.011732,0.9611459,5.14586,5.994,1.109323,0,1.109323,10.17063,72.64722,0.2177194,4.387094,0.1185414,5,6.142177
3/27/2007 8:00:00 AM,0.07182652,27.26668,-87.15044,62.65229,0.07148116,0.3208075,5.336889,5.336889,5,0,1.53,5.336889,6.011133,1.665335E-16,0,0,0.3208075,0.3546197,0.3368887,0,0,4.036538,6.99239,0,0.03381221,-0.03381221,10.13499,72.39265,0.2177194,5.870577,0.256646,5,7.313198
3/27/2007 9:00:00 AM,0.2090088,42.03688,-83.99127,47.66134,0.208052,0.9337372,1.35934,1.35934,0,-1,0,1.35934,68.69049,0,0,0,0.9337372,1.430884,1.35934,0,0,4.074107,6.958578,0,0.4971469,-0.4971469,9.610952,68.64952,0.2177194,1.495274,0.7469898,0,7.892315
3/27/2007 10:00:00 AM,0.1330504,56.69431,-79.07046,32.6763,0.1324178,0.5942909,2.390316,2.390316,0,0,0,2.390316,24.86245,0,4.440892E-16,0,0.5942909,2.516122,2.390316,0,0,4.626492,6.461432,0,1.921831,-1.921831,7.585165,54.17964,0.2177194,2.629347,0.4754328,0,7.055722
3/27/2007 11:00:00 AM,0.4528418,70.95146,-68.14657,17.71277,0.4514553,2.026132,4.359512,4.359512,5,0,1.53,4.359512,46.47611,0,0,0,2.026132,0,0,0.6404881,0.6084637,6.76186,4.5396,2.634595,0,2.634595,10.08456,72.03243,0.2179097,4.795463,1.620905,5,6.565732
3/27/2007 12:00:00 PM,0.1414206,82.14454,-19.68692,3.101751,0.1407466,0.6316707,2.581882,2.581882,5,0,1.53,2.581882,24.46552,0,0,0,0.6316707,0,0,2.418118,2.297212,4.127264,6.910736,2.928883,0,2.928883,12.86314,91.87941,0.218167,2.84007,0.5053366,5,7.542407
3/27/2007 1:00:00 PM,0.05094419,75.64576,59.66247,12.4652,0.05069555,0.2275216,0,0,0,0,0,0,0,0,0,0,0.2275216,0,0,0,0,1.198382,9.546731,0.2275216,0,0.2275216,13.07899,93.42117,0.2181209,0,0.1820173,0,9.774253
3/27/2007 2:00:00 PM,0.06595791,61.79071,76.37791,27.40476,0.06563769,0.2945819,3.004932,3.004932,0,-1,0,3.004932,9.803283,0,0,0,0.2945819,3.163086,3.004932,0,0,0.9708598,9.7515,0,2.868504,-2.868504,10.05532,71.82358,0.2181209,3.305425,0.2356656,0,10.04608
3/27/2007 3:00:00 PM,0.03058268,47.21593,82.56007,42.3855,0.03043287,0.1365827,1.376308,1.376308,0,-1,0,1.376308,9.923845,0,0,0,0.1365827,1.448746,1.376308,0,0,4.158087,6.882996,0,1.312163,-1.312163,8.672179,61.94402,0.2181209,1.513939,0.1092662,0,7.019579
3/27/2007 4:00:00 PM,0.06799591,32.47258,86.14717,57.37502,0.06766808,0.3036943,4.160352,3.33,0,-1,0,3.33,9.11995,0,0.8303523,1.246387,0.3036943,3.505263,3.33,0,0,5.616045,5.570833,0,3.201569,-3.201569,5.29743,37.83871,0.2181209,4.576387,0.2429555,0,5.874527
3/27/2007 5:00:00 PM,0.09074304,17.67307,88.81734,72.36763,0.09030763,0.4053006,0,0,0,-1,0,0,0,0,0,0,0.4053006,0,0,0,0,9.173345,2.369264,0.4053006,0,0.4053006,5.681931,40.58514,0.2180389,0,0.3242405,0,2.774565
3/27/2007 6:00:00 PM,0.03851965,2.859478,91.18138,87.36143,0.03742157,0.167948,3.68687,2.756884,0,-1,0,2.756884,6.09195,0,0.929986,1.426314,0.167948,2.901983,2.756884,0,0,8.768044,2.734035,0,2.734035,-2.734035,2.800006,20,0.2180389,4.055557,0.1343584,0,2.901983
3/27/2007 7:00:00 PM,0,0,93.59469,90,0,0,0.7595404,0,0,-1,0,0,0,0,0.7595404,0.8354945,0,0,0,0,0,11.80586,0,0,0,0,2.800006,20,0.2180389,0.8354945,0,0,0
3/27/2007 8:00:00 PM,0,0,96.41429,90,0,0,2.101485,0,0,-1,0,0,0,0,2.101485,2.311633,0,0,0,0,0,11.80586,0,0,0,0,2.800006,20,0.2180389,2.311633,0,0,0
3/27/2007 9:00:00 PM,0,0,100.2347,90,0,0,5.25168,0,0,-1,0,0,0,0,5.25168,5.776848,0,0,0,0,0,11.80586,0,0,0,0,2.800006,20,0.2180389,5.776848,0,0,0
3/27/2007 10:00:00 PM,0,0,106.5024,90,0,0,0.41848,0,0,-1,0,0,0,0,0.41848,0.460328,0,0,0,0,0,11.80586,0,0,0,0,2.800006,20,0.2180389,0.460328,0,0,0
3/27/2007 11:00:00 PM,0,0,120.3129,90,0,0,0.5477202,0,0,-1,0,0,0,0,0.5477202,0.6024922,0,0,0,0,0,11.80586,0,0,0,0,2.800006,20,0.2180389,0.6024922,0,0,0
3/28/2007 12:00:00 AM,0,0,166.8576,90,0,0,0,0,0,-1,0,0,0,0,0,0,0,0,0,0,0,11.80586,0,0,0,0,2.800006,20,0.2180389,0,0,0,0
3/28/2007 1:00:00 AM,0,0,-131.0836,90,0,0,1.481294,0,0,-1,0,0,0,0,1.481294,1.629424,0,0,0,0,0,11.80586,0,0,0,0,2.800006,20,0.2180389,1.629424,0,0,0
3/28/2007 2:00:00 AM,0,0,-110.6702,90,0,0,0.4310574,0,0,-1,0,0,0,0,0.4310574,0.4741631,0,0,0,0,0,11.80586,0,0,0,0,2.800006,20,0.2180389,0.4741631,0,0,0
3/28/2007 3:00:00 AM,0,0,-102.5663,90,0,0,0.8284292,0,0,-1,0,0,0,0,0.8284292,0.911272,0,0,0,0,0,11.80586,0,0,0,0,2.800006,20,0.2180389,0.911272,0,0,0
3/28/2007 4:00:00 AM,0,0,-98.04385,90,0,0,0.4568325,0,0,-1,0,0,0,0,0.4568325,0.5025157,0,0,0,0,0,11.80586,0,0,0,0,2.800006,20,0.2180389,0.5025157,0,0,0
3/28/2007 5:00:00 AM,0,0,-94.91866,90,0,0,0.6410536,0.6410536,4.146317,0,1.296944,0.6410536,0,0,0,0,0,0,0,3.505263,3.33,11.80586,0,3.33,0,3.33,5.959121,42.56506,0.2181799,0.7051589,0,5,0
3/28/2007 6:00:00 AM,0.01262971,0,-92.39392,90,0,0,0,0,3.505263,0,1.121937,0,0,0,0,0,0,0,0,3.505263,3.33,8.475861,2.997,3.33,0,3.33,9.118237,65.13013,0.2181408,0,0,5,2.997
3/28/2007 7:00:00 AM,0.2335235,12.59919,-90.05889,77.56879,0.2308477,1.036044,6.949683,6.949683,5,0,1.53,6.949683,14.90779,0,0,0,1.036044,2.052298,1.949683,0,0,5.14586,5.994,0,1.016254,-1.016254,8.04701,57.47853,0.2181408,7.644651,0.8288354,5,7.030044
3/28/2007 8:00:00 AM,0.5266258,27.40969,-87.58331,62.57943,0.5273113,2.366573,8.643157,8.33,5,0,1.53,8.33,28.41024,0,0.3131573,1.177473,2.366573,3.505263,3.33,0,0,6.275031,4.977746,0,1.13869,-1.13869,6.846726,48.90509,0.2181408,9.507473,1.893258,5,7.344319
3/28/2007 9:00:00 AM,0.6448741,42.18867,-84.50506,47.59356,0.6476529,2.906666,0.6821971,0.6821971,0,-1,0,0.6821971,426.0742,0,0,0,2.906666,0.7181022,0.6821971,0,0,7.540243,3.839056,2.188564,0,2.188564,8.92298,63.73544,0.2177017,0.7504168,2.325333,0,6.745722
3/28/2007 10:00:00 AM,0.9534429,56.86734,-79.74945,32.61691,0.9596329,4.306832,5.756801,5.756801,5,0,1.53,5.756801,74.81295,0,0,0,4.306832,0.7966323,0.7568007,0,0,5.351679,5.808764,3.5102,0,3.5102,12.25305,87.5216,0.2177167,6.332481,3.445466,5,10.1156
3/28/2007 11:00:00 AM,1.022952,71.18204,-69.1924,17.6739,1.03027,4.623852,2.373087,2.373087,0,0,0,2.373087,194.8454,0.2843871,0,0,4.623852,2.497987,2.373087,0,0,1.841478,8.967943,1.841478,0,1.841478,14.00003,100,0.2173498,2.610396,3.699082,0,13.5918
3/28/2007 12:00:00 PM,0.9578449,82.55031,-20.14128,3.26785,0.9643148,4.327845,5.171638,5.171638,1.841639,0,0.6677673,5.171638,83.6842,0.8225816,0,0,4.327845,3.505263,3.33,0,0,0,10.62527,0,0,0,14.00003,100,0.2173498,5.688803,3.462276,5,14.95312
3/28/2007 1:00:00 PM,1.039322,75.78302,61.22931,12.60181,1.046878,4.698388,8.266373,8.266373,4.936373,0,1.51263,8.266373,56.83736,1.193125,0,0.7630102,4.698388,3.505263,3.33,0,0,0,10.62527,0,0,0,14.00003,100,0.2173498,9.09301,3.75871,5,15.32366
3/28/2007 2:00:00 PM,1.008852,61.82392,77.24344,27.50897,1.015728,4.558589,1.72585,1.72585,0,-1,0,1.72585,264.136,2.741906,0,0,4.558589,1.816684,1.72585,0,0,0,10.62527,0,0,0,14.00003,100,0.2173498,1.898435,3.646872,0,15.18386
3/28/2007 3:00:00 PM,0.8237532,47.21701,83.16407,42.47915,0.8283504,3.717637,2.054045,2.054045,0,-1,0,2.054045,180.991,1.555484,0,0,3.717637,2.162153,2.054045,0,0,0,10.62527,0,0,0,14.00003,100,0.2173498,2.259449,2.974109,0,14.34291
3/28/2007 4:00:00 PM,0.5175569,32.46077,86.63322,57.46287,0.5188395,2.328552,5.008772,3.33,0,-1,0,3.33,69.92648,0,1.678772,2.179649,2.328552,3.505263,3.33,0,0,0,10.62527,0,1.176711,-1.176711,12.75967,91.14028,0.2173498,5.509649,1.862841,0,12.95383
3/28/2007 5:00:00 PM,0.2357787,17.6566,89.24755,72.45138,0.2346802,1.053245,0.920643,0.920643,0,-1,0,0.920643,114.4032,0,0,0,1.053245,0.9690979,0.920643,0,0,1.307457,9.448563,0.08414695,0,0.08414695,12.83949,91.71049,0.2173331,1.012707,0.8425958,0,10.50181
3/28/2007 6:00:00 PM,0.02863538,2.8434,91.59183,87.44171,0.02820205,0.1265708,1.824941,1.824941,0,-1,0,1.824941,6.93561,0,0,0,0.1265708,1.92099,1.824941,0,0,1.22331,9.524295,0,1.79442,-1.79442,10.94801,78.19991,0.2173331,2.007435,0.1012566,0,9.650866
3/28/2007 7:00:00 PM,0,0,94.01386,90,0,0,6.564854,3.33,0,-1,0,3.33,0,0,3.234854,3.891339,0,3.505263,3.33,0,0,3.21711,7.729876,0,3.505263,-3.505263,7.253138,51.80803,0.2173331,7.221339,0,0,7.729876
3/28/2007 8:00:00 PM,0,0,96.87351,90,0,0,6.677821,3.33,0,-1,0,3.33,0,0,3.347821,4.015603,0,3.505263,3.33,0,0,7.111846,4.224612,0,3.505263,-3.505263,3.558266,25.41614,0.2173331,7.345603,0,0,4.224612
3/28/2007 9:00:00 PM,0,0,100.7807,90,0,0,4.398715,0.6833817,0,-1,0,0.6833817,0,0,3.715334,4.155205,0,0.7193491,0.6833817,0,0,11.00658,0.7193491,0,0.7193491,-0.7193491,2.800006,20,0.2173331,4.838587,0,0,0.7193491
3/28/2007 10:00:00 PM,0,0,107.2248,90,0,0,1.481349,0,0,-1,0,0,0,0,1.481349,1.629484,0,0,0,0,0,11.80586,0,0,0,0,2.800006,20,0.2173331,1.629484,0,0,0
3/28/2007 11:00:00 PM,0,0,121.4023,90,0,0,1.114531,0,0,-1,0,0,0,0,1.114531,1.225984,0,0,0,0,0,11.80586,0,0,0,0,2.800006,20,0.2173331,1.225984,0,0,0
3/29/2007 12:00:00 AM,0,0,167.6861,90,0,0,1.079559,0,0,-1,0,0,0,0,1.079559,1.187515,0,0,0,0,0,11.80586,0,0,0,0,2.800006,20,0.2173331,1.187515,0,0,0
3/29/2007 1:00:00 AM,0,0,-131.9292,90,0,0,0.05464739,0,0,-1,0,0,0,0,0.05464739,0.06011213,0,0,0,0,0,11.80586,0,0,0,0,2.800006,20,0.2173331,0.06011213,0,0,0
3/29/2007 2:00:00 AM,0,0,-111.3586,90,0,0,0.7310299,0,0,-1,0,0,0,0,0.7310299,0.8041329,0,0,0,0,0,11.80586,0,0,0,0,2.800006,20,0.2173331,0.8041329,0,0,0
3/29/2007 3:00:00 AM,0,0,-103.0951,90,0,0,0.307479,0,0,-1,0,0,0,0,0.307479,0.3382269,0,0,0,0,0,11.80586,0,0,0,0,2.800006,20,0.2173331,0.3382269,0,0,0
3/29/2007 4:00:00 AM,0,0,-98.48602,90,0,0,1.430697,0,0,-1,0,0,0,0,1.430697,1.573767,0,0,0,0,0,11.80586,0,0,0,0,2.800006,20,0.2173331,1.573767,0,0,0
3/29/2007 5:00:00 AM,0,0,-95.31752,90,0,0,1.49861,1.49861,5,0,1.53,1.49861,0,0,0,0,0,0,0,3.50139,3.326321,11.80586,0,3.326321,0,3.326321,5.95563,42.54013,0.2176425,1.648471,0,5,0
3/29/2007 6:00:00 AM,0.01728116,0,-92.77835,90,0,0,0,0,3.505263,0,1.121937,0,0,0,0,0,0,0,0,3.505263,3.33,8.47954,2.993689,3.33,0,3.33,9.114746,65.10519,0.2176055,0,0,5,2.993689
3/29/2007 7:00:00 AM,0.2166122,12.7391,-90.45357,77.49261,0.2132533,0.9570809,0.2158361,0.2158361,3.721099,0,1.18086,0.2158361,443.4295,0,0,0,0.9570809,0,0,3.505263,3.33,5.149539,5.990689,4.287081,0,4.287081,13.18183,94.15572,0.2174394,0.2374197,0.7656648,5,6.94777
3/29/2007 8:00:00 AM,0.446374,27.5514,-88.0166,62.50792,0.4458593,2.001016,3.090118,3.090118,2.008488,0,0.7133172,3.090118,64.75534,1.110223E-16,0,0,2.001016,1.138558,1.08163,0,0,0.8624586,9.849061,0.8624586,0,0.8624586,14.00003,100,0.217478,3.39913,1.600813,5,11.85008
3/29/2007 9:00:00 AM,0.7420376,42.33818,-85.02048,47.52824,0.7445218,3.341414,0,0,0,-1,0,0,0,3.341414,0,0,3.341414,0,0,0,0,0,10.62527,0,0,0,14.00003,100,0.217478,0,2.673131,0,13.96669
3/29/2007 10:00:00 AM,0.9095409,57.03663,-80.43358,32.56185,0.914261,4.103203,3.856514,3.856514,1.25,0,0.50625,3.856514,106.3967,1.359504,0,0,4.103203,2.743699,2.606514,0,0,0,10.62527,0,0,0,14.00003,100,0.217478,4.242166,3.282563,5,14.72848
3/29/2007 11:00:00 AM,1.086574,71.40654,-70.26102,17.64399,1.093229,4.90641,1.607054,1.607054,0,0,0,1.607054,305.3046,3.214774,0,0,4.90641,1.691636,1.607054,0,0,0,10.62527,0,0,0,14.00003,100,0.217478,1.767759,3.925128,0,15.53168
3/29/2007 12:00:00 PM,1.035431,82.95505,-20.64502,3.474142,1.041912,4.676103,0,0,0,0,0,0,0,4.676103,0,0,4.676103,0,0,0,0,0,10.62527,0,0,0,14.00003,100,0.217478,0,3.740882,0,15.30138
3/29/2007 1:00:00 PM,1.005931,75.90949,62.82301,12.74998,1.012056,4.542107,4.165427,4.165427,1.25,0,0.50625,4.165427,109.043,1.473236,0,0,4.542107,3.068871,2.915427,0,0,0,10.62527,0,0,0,14.00003,100,0.217478,4.58197,3.633686,5,15.16738
3/29/2007 2:00:00 PM,0.9438936,61.85141,78.10954,27.61852,0.9491194,4.259648,4.737614,3.33,0,-1,0,3.33,127.9174,0.7543845,1.407614,1.881375,4.259648,3.505263,3.33,0,0,0,10.62527,0,0,0,14.00003,100,0.217478,5.211375,3.407718,0,14.88492
3/29/2007 3:00:00 PM,0.7276704,47.2147,83.76723,42.57594,0.730439,3.27821,2.561796,2.561796,0,-1,0,2.561796,127.9653,0.5815828,0,0,3.27821,2.696628,2.561796,0,0,0,10.62527,0,0,0,14.00003,100,0.217478,2.817976,2.622568,0,13.90348
3/29/2007 4:00:00 PM,0.568522,32.44688,87.11846,57.55262,0.5690399,2.553851,0,0,0,-1,0,0,0,2.553851,0,0,2.553851,0,0,0,0,0,10.62527,0,0,0,14.00003,100,0.217478,0,2.043081,0,13.17912
3/29/2007 5:00:00 PM,0.2844441,17.63899,89.67708,72.53613,0.2822046,1.266534,0,0,0,-1,0,0,0,1.266534,0,0,1.266534,0,0,0,0,0,10.62527,0,0,0,14.00003,100,0.217478,0,1.013227,0,11.89181
3/29/2007 6:00:00 PM,0.04989638,2.826963,92.00169,87.52224,0.04562166,0.20475,3.295357,3.295357,0,-1,0,3.295357,6.213288,0,4.440892E-16,0.2948923,0.20475,3.468796,3.295357,0,0,0,10.62527,0,3.264046,-3.264046,10.55942,75.42429,0.217478,3.624892,0.1638,0,10.83002
3/29/2007 7:00:00 PM,0,0,94.4325,90,0,0,4.837967,3.33,0,-1,0,3.33,0,0,1.507967,1.991764,0,3.505263,3.33,0,0,3.626718,7.361228,0,3.505263,-3.505263,6.864549,49.03239,0.217478,5.321764,0,0,7.361228
3/29/2007 8:00:00 PM,0,0,97.33211,90,0,0,7.816058,3.33,0,-1,0,3.33,0,0,4.486058,5.267664,0,3.505263,3.33,0,0,7.521455,3.855965,0,3.505263,-3.505263,3.169677,22.64051,0.217478,8.597664,0,0,3.855965
3/29/2007 9:00:00 PM,0,0,101.3256,90,0,0,4.894147,0.3331664,0,-1,0,0.3331664,0,0,4.560981,5.050395,0,0.3507014,0.3331664,0,0,11.41619,0.3507014,0,0.3507014,-0.3507014,2.800006,20,0.217478,5.383562,0,0,0.3507014
3/29/2007 10:00:00 PM,0,0,107.9441,90,0,0,0,0,0,-1,0,0,0,0,0,0,0,0,0,0,0,11.80586,0,0,0,0,2.800006,20,0.217478,0,0,0,0
3/29/2007 11:00:00 PM,0,0,122.4755,90,0,0,1.723205,0,0,-1,0,0,0,0,1.723205,1.895526,0,0,0,0,0,11.80586,0,0,0,0,2.800006,20,0.217478,1.895526,0,0,0
3/30/2007 12:00:00 AM,0,0,168.4631,90,0,0,0.6284391,0,0,-1,0,0,0,0,0.6284391,0.691283,0,0,0,0,0,11.80586,0,0,0,0,2.800006,20,0.217478,0.691283,0,0,0
3/30/2007 1:00:00 AM,0,0,-132.7415,90,0,0,0.6496433,0,0,-1,0,0,0,0,0.6496433,0.7146077,0,0,0,0,0,11.80586,0,0,0,0,2.800006,20,0.217478,0.7146077,0,0,0
3/30/2007 2:00:00 AM,0,0,-112.0361,90,0,0,1.265907,0,0,-1,0,0,0,0,1.265907,1.392498,0,0,0,0,0,11.80586,0,0,0,0,2.800006,20,0.217478,1.392498,0,0,0
3/30/2007 3:00:00 AM,0,0,-103.6194,90,0,0,0,0,0,-1,0,0,0,0,0,0,0,0,0,0,0,11.80586,0,0,0,0,2.800006,20,0.217478,0,0,0,0
3/30/2007 4:00:00 AM,0,0,-98.92585,90,0,0,0,0,0,-1,0,0,0,0,0,0,0,0,0,0,0,11.80586,0,0,0,0,2.800006,20,0.217478,0,0,0,0
3/30/2007 5:00:00 AM,0,0,-95.71503,90,0,0,0.5920845,0.5920845,4.097348,0,1.283576,0.5920845,0,4.440892E-16,0,0,0,0,0,3.505263,3.33,11.80586,0,3.33,0,3.33,5.959121,42.56506,0.2176039,0.651293,0,5,0
3/30/2007 6:00:00 AM,0.0170553,0,-93.16199,90,0,0,0.6143963,0.6143963,4.119659,0,1.289667,0.6143963,0,0,0,0,0,0,0,3.505263,3.33,8.475861,2.997,3.33,0,3.33,9.118237,65.13013,0.2177351,0.675836,0,5,2.997
3/30/2007 7:00:00 AM,0.2349826,12.87834,-90.84795,77.41702,0.2302119,1.033191,2.597737,2.597737,5,0,1.53,2.597737,39.77273,0,0,0,1.033191,0,0,2.402263,2.28215,5.14586,5.994,3.315341,0,3.315341,12.26344,87.59586,0.2180083,2.857511,0.8265528,5,7.027191
3/30/2007 8:00:00 AM,0.5414281,27.69166,-88.45022,62.43785,0.5397291,2.422304,8.108062,8.108062,5,0,1.53,8.108062,29.87525,0,0,0.588868,2.422304,3.271644,3.108062,0,0,1.830519,8.977807,0,0.84934,-0.84934,11.36816,81.201,0.2180083,8.918868,1.937843,5,11.40011
3/30/2007 9:00:00 AM,0.7738519,42.48526,-85.53738,47.4655,0.7752813,3.479463,3.395444,3.33,0,-1,0,3.33,104.4884,0,0.0654437,0.4049881,3.479463,3.505263,3.33,0,0,2.77423,8.128467,0,0.02580063,-0.02580063,11.34097,81.00674,0.2180083,3.734988,2.78357,0,11.60793
3/30/2007 10:00:00 AM,0.8635488,57.20203,-81.1226,32.51124,0.8668541,3.890441,1.493233,1.493233,0,0,0,1.493233,260.5381,0,0,0,3.890441,1.571825,1.493233,0,0,2.802898,8.102666,2.318617,0,2.318617,13.5406,96.71837,0.2175558,1.642557,3.112353,0,11.99311
3/30/2007 11:00:00 AM,0.9438847,71.62465,-71.35235,17.62313,0.9482715,4.255842,5.000265,5.000265,1.670265,0,0.6209823,5.000265,85.11234,0.2662982,0,0,4.255842,3.505263,3.33,0,0,0.4842809,10.18942,0.4842809,0,0.4842809,14.00003,100,0.2174615,5.500291,3.404674,5,14.44526
3/30/2007 12:00:00 PM,0.9329902,83.35853,-21.20747,3.713729,0.9372121,4.206208,0.916955,0.916955,0,0,0,0.916955,458.7148,3.240992,0,0,4.206208,0.9652157,0.916955,0,0,0,10.62527,0,0,0,14.00003,100,0.2174615,1.00865,3.364966,0,14.83148
3/30/2007 1:00:00 PM,0.8625935,76.02499,64.44119,12.90914,0.8658479,3.885926,9.589589,8.33,5,0,1.53,8.33,46.64977,0.3806623,1.259589,2.218548,3.885926,3.505263,3.33,0,0,0,10.62527,0,0,0,14.00003,100,0.2174615,10.54855,3.10874,5,14.5112
3/30/2007 2:00:00 PM,0.9170853,61.87326,78.97558,27.73319,0.9210083,4.133485,0.9839388,0.9839388,0,-1,0,0.9839388,420.0958,3.09776,0,0,4.133485,1.035725,0.9839388,0,0,0,10.62527,0,0,0,14.00003,100,0.2174615,1.082333,3.306788,0,14.75876
3/30/2007 3:00:00 PM,0.7314566,47.20908,84.36928,42.6757,0.7332494,3.290823,0,0,0,-1,0,0,0,3.290823,0,0,3.290823,0,0,0,0,0,10.62527,0,0,0,14.00003,100,0.2174615,0,2.632658,0,13.9161
3/30/2007 4:00:00 PM,0.4811202,32.431,87.60271,57.64413,0.4804055,2.15606,2.555725,2.555725,0,-1,0,2.555725,84.36197,0,0,0,2.15606,2.690237,2.555725,0,0,0,10.62527,0,0.5341768,-0.5341768,13.43696,95.97807,0.2174615,2.811297,1.724848,0,12.78133
3/30/2007 5:00:00 PM,0.3064238,17.62032,90.10579,72.62176,0.3029018,1.359423,3.214104,3.214104,0,-1,0,3.214104,42.29556,0,0,0.205514,1.359423,3.383267,3.214104,0,0,0.5935298,10.0911,0,2.023844,-2.023844,11.30364,80.7401,0.2174615,3.535514,1.087538,0,11.45052
3/30/2007 6:00:00 PM,0.04252109,2.810256,92.41084,87.60291,0.03950457,0.1772965,6.653028,3.33,0,-1,0,3.33,5.324219,0,3.323027,3.98833,0.1772965,3.505263,3.33,0,0,2.842245,8.067253,0,3.327967,-3.327967,7.795653,55.68312,0.2174615,7.31833,0.1418372,0,8.24455
3/30/2007 7:00:00 PM,0,0,94.85046,90,0,0,0,0,0,-1,0,0,0,0,0,0,0,0,0,0,0,6.539986,4.739287,0,0,0,7.795653,55.68312,0.2174615,0,0,0,4.739287
3/30/2007 8:00:00 PM,0,0,97.78992,90,0,0,3.752944,3.33,0,-1,0,3.33,0,0,0.4229443,0.7982388,0,3.505263,3.33,0,0,6.539986,4.739287,0,3.505263,-3.505263,4.100781,29.29123,0.2174615,4.128239,0,0,4.739287
3/30/2007 9:00:00 PM,0,0,101.8693,90,0,0,4.413404,1.172323,0,-1,0,1.172323,0,0,3.241081,3.682421,0,1.234024,1.172323,0,0,10.43472,1.234024,0,1.234024,-1.234024,2.800006,20,0.2174615,4.854744,0,0,1.234024
3/30/2007 10:00:00 PM,0,0,108.6599,90,0,0,0.835651,0,0,-1,0,0,0,0,0.835651,0.9192162,0,0,0,0,0,11.80586,0,0,0,0,2.800006,20,0.2174615,0.9192162,0,0,0
3/30/2007 11:00:00 PM,0,0,123.532,90,0,0,1.21593,0,0,-1,0,0,0,0,1.21593,1.337523,0,0,0,0,0,11.80586,0,0,0,0,2.800006,20,0.2174615,1.337523,0,0,0
3/31/2007 12:00:00 AM,0,0,169.1926,90,0,0,0.3257566,0,0,-1,0,0,0,0,0.3257566,0.3583322,0,0,0,0,0,11.80586,0,0,0,0,2.800006,20,0.2174615,0.3583322,0,0,0
3/31/2007 1:00:00 AM,0,0,-133.5222,90,0,0,1.080223,0,0,-1,0,0,0,0,1.080223,1.188245,0,0,0,0,0,11.80586,0,0,0,0,2.800006,20,0.2174615,1.188245,0,0,0
3/31/2007 2:00:00 AM,0,0,-112.7026,90,0,0,1.145856,0,0,-1,0,0,0,0,1.145856,1.260442,0,0,0,0,0,11.80586,0,0,0,0,2.800006,20,0.2174615,1.260442,0,0,0
3/31/2007 3:00:00 AM,0,0,-104.139,90,0,0,0,0,0,-1,0,0,0,0,0,0,0,0,0,0,0,11.80586,0,0,0,0,2.800006,20,0.2174615,0,0,0,0
3/31/2007 4:00:00 AM,0,0,-99.36322,90,0,0,1.005537,0,0,-1,0,0,0,0,1.005537,1.10609,0,0,0,0,0,11.80586,0,0,0,0,2.800006,20,0.2174615,1.10609,0,0,0
3/31/2007 5:00:00 AM,0,0,-96.11107,90,0,0,0.7425452,0.7425452,4.247808,0,1.324652,0.7425452,0,4.440892E-16,0,0,0,0,0,3.505263,3.33,11.80586,0,3.33,0,3.33,5.959121,42.56506,0.2176267,0.8167998,0,5,0
3/31/2007 6:00:00 AM,0.01391713,0,-93.54478,90,0,0,0.1070764,0.1070764,3.612339,0,1.151169,0.1070764,0,4.440892E-16,0,0,0,0,0,3.505263,3.33,8.475861,2.997,3.33,0,3.33,9.118237,65.13013,0.2176195,0.117784,0,5,2.997
3/31/2007 7:00:00 AM,0.1866243,13.01677,-91.24194,77.34216,0.1828906,0.820813,4.168868,4.168868,5,0,1.53,4.168868,19.68911,0,0,0,0.820813,0,0,0.8311324,0.7895758,5.14586,5.994,1.610389,0,1.610389,10.64599,76.0426,0.2177423,4.585754,0.6566504,5,6.814813
3/31/2007 8:00:00 AM,0.4319724,27.83036,-88.88403,62.36932,0.4297047,1.928515,3.040959,3.040959,4.567568,0,1.411946,3.040959,63.41797,2.220446E-16,0,0,1.928515,0,0,1.526609,1.450279,3.535471,7.44335,3.378793,0,3.378793,13.85139,98.9383,0.2179819,3.345055,1.542812,5,9.371864
3/31/2007 9:00:00 AM,0.730138,42.62979,-86.0556,47.40542,0.7303477,3.277801,4.739196,3.33,0,-1,0,3.33,98.43245,0,1.409196,1.883116,3.277801,3.505263,3.33,0,0,0.1566783,10.48426,0,0.2274627,-0.2274627,13.61162,97.22569,0.2179819,5.213116,2.62224,0,13.76206
3/31/2007 10:00:00 AM,0.8797035,57.36336,-81.81629,32.46516,0.8820505,3.958642,4.643685,4.643685,1.313685,0,0.523636,4.643685,85.24787,0.04396461,0,0,3.958642,3.505263,3.33,0,0,0.4094146,10.2568,0.4094146,0,0.4094146,14.00003,100,0.2179029,5.108053,3.166914,5,14.21544
3/31/2007 11:00:00 AM,1.01528,71.83603,-72.46619,17.61138,1.019187,4.574112,4.389575,4.389575,1.25,0,0.50625,4.389575,104.204,1.269297,0,0,4.574112,3.304815,3.139575,0,0,0,10.62527,0,0,0,14.00003,100,0.2179029,4.828532,3.65929,5,15.19939
3/31/2007 12:00:00 PM,0.8418618,83.76048,-21.84023,3.980356,0.8439377,3.787592,0.1127907,0.1127907,0,0,0,0.1127907,3358.071,3.668865,0,0,3.787592,0.1187271,0.1127907,0,0,0,10.62527,0,0,0,14.00003,100,0.2179029,0.1240698,3.030074,0,14.41287
3/31/2007 1:00:00 PM,0.7580358,76.12933,66.08125,13.07868,0.7589967,3.406377,3.321269,3.321269,1.25,0,0.50625,3.321269,102.5625,1.226094,0,0,3.406377,2.180284,2.071269,0,0,0,10.62527,0,0,0,14.00003,100,0.2179029,3.653396,2.725102,5,14.03165
3/31/2007 2:00:00 PM,0.9734726,61.88956,79.84094,27.85278,0.9765832,4.382905,6.241685,3.33,0,-1,0,3.33,131.6188,0.8776423,2.911685,3.535854,4.382905,3.505263,3.33,0,0,0,10.62527,0,0,0,14.00003,100,0.2179029,6.865854,3.506324,0,15.00818
3/31/2007 3:00:00 PM,0.7249215,47.20026,84.96992,42.77829,0.7256719,3.256815,5.073551,3.33,0,-1,0,3.33,97.80226,0,1.743551,2.250906,3.256815,3.505263,3.33,0,0,0,10.62527,0,0.2484479,-0.2484479,13.73814,98.12938,0.2179029,5.580906,2.605452,0,13.88209
3/31/2007 4:00:00 PM,0.4060736,32.41323,88.0858,57.73727,0.4046136,1.815906,3.13311,3.13311,0,-1,0,3.13311,57.95858,0,4.440892E-16,0.1164208,1.815906,3.29801,3.13311,0,0,0.2760532,10.37683,0,1.482104,-1.482104,12.17587,86.9703,0.2179029,3.446421,1.452725,0,12.19273
3/31/2007 5:00:00 PM,0.1843147,17.6007,90.53353,72.70816,0.1827984,0.8203991,2.746617,2.746617,0,-1,0,2.746617,29.86944,0,0,0,0.8203991,2.891176,2.746617,0,0,1.922836,8.894722,0,2.070777,-2.070777,9.993075,71.37897,0.2179029,3.021279,0.6563193,0,9.715121
3/31/2007 6:00:00 PM,0.03954173,2.793369,92.81915,87.68359,0.0368663,0.165456,11.19599,3.33,0,-1,0,3.33,4.968647,4.440892E-16,7.865995,8.985594,0.165456,3.505263,3.33,0,0,4.223699,6.823945,0,3.339807,-3.339807,6.472609,46.23283,0.2179029,12.31559,0.1323648,0,6.989401
3/31/2007 7:00:00 PM,0,0,95.26759,90,0,0,7.09389,3.309931,0,-1,0,3.309931,0,0,3.783959,4.493349,0,3.484138,3.309931,0,0,7.934596,3.484138,0,3.484138,-3.484138,2.800006,20,0.2179029,7.803279,0,0,3.484138
3/31/2007 8:00:00 PM,0,0,98.24678,90,0,0,5.581341,0,0,-1,0,0,0,0,5.581341,6.139475,0,0,0,0,0,11.80586,0,0,0,0,2.800006,20,0.2179029,6.139475,0,0,0
3/31/2007 9:00:00 PM,0,0,102.4114,90,0,0,0,0,0,-1,0,0,0,0,0,0,0,0,0,0,0,11.80586,0,0,0,0,2.800006,20,0.2179029,0,0,0,0
3/31/2007 10:00:00 PM,0,0,109.372,90,0,0,0.6369304,0,0,-1,0,0,0,0,0.6369304,0.7006235,0,0,0,0,0,11.80586,0,0,0,0,2.800006,20,0.2179029,0.7006235,0,0,0
3/31/2007 11:00:00 PM,0,0,124.5711,90,0,0,0.3304918,0,0,-1,0,0,0,0,0.3304918,0.363541,0,0,0,0,0,11.80586,0,0,0,0,2.800006,20,0.2179029,0.363541,0,0,0
4/1/2007 12:00:00 AM,0,0,169.878,90,0,0,0.765161,0,0,-1,0,0,0,0,0.765161,0.8416771,0,0,0,0,0,11.80586,0,0,0,0,2.800006,20,0.2179029,0.8416771,0,0,0
4/1/2007 1:00:00 AM,0,0,-134.2728,90,0,0,0.9507121,0,0,-1,0,0,0,0,0.9507121,1.045783,0,0,0,0,0,11.80586,0,0,0,0,2.800006,20,0.2179029,1.045783,0,0,0
4/1/2007 2:00:00 AM,0,0,-113.3581,90,0,0,0,0,0,-1,0,0,0,0,0,0,0,0,0,0,0,11.80586,0,0,0,0,2.800006,20,0.2179029,0,0,0,0
4/1/2007 3:00:00 AM,0,0,-104.6539,90,0,0,0.9371508,0,0,-1,0,0,0,0,0.9371508,1.030866,0,0,0,0,0,11.80586,0,0,0,0,2.800006,20,0.2179029,1.030866,0,0,0
4/1/2007 4:00:00 AM,0,0,-99.79804,90,0,0,0.5843692,0,0,-1,0,0,0,0,0.5843692,0.6428062,0,0,0,0,0,11.80586,0,0,0,0,2.800006,20,0.2179029,0.6428062,0,0,0
4/1/2007 5:00:00 AM,0,0,-96.50555,90,0,0,0.4268556,0.4268556,3.932119,0,1.238468,0.4268556,0,0,0,0,0,0,0,3.505263,3.33,11.80586,0,3.33,0,3.33,5.959121,42.56506,0.2179806,0.4695412,0,5,0
4/1/2007 6:00:00 AM,0.01152266,0,-93.9266,90,0,0,2.11704,2.11704,5,0,1.53,2.11704,0,0,0,0,0,0,0,2.88296,2.738811,8.475861,2.997,2.738811,0,2.738811,8.557385,61.12406,0.218225,2.328744,0,5,2.997
4/1/2007 7:00:00 AM,0.1533899,13.15427,-91.63544,77.2681,0.1509504,0.6774654,4.420207,4.420207,5,0,1.53,4.420207,15.32656,0,0,0,0.6774654,0,0,0.5797929,0.5508032,5.737049,5.46193,1.228269,0,1.228269,9.722624,69.44717,0.2183156,4.862228,0.5419724,5,6.139396
4/1/2007 8:00:00 AM,0.2120253,27.96736,-89.31792,62.30244,0.2109423,0.9467092,4.673062,4.673062,5,0,1.53,4.673062,20.25886,0,0,0,0.9467092,0,0,0.3269383,0.3105914,4.50878,6.567372,1.257301,0,1.257301,10.9154,77.96702,0.2184013,5.140368,0.7573673,5,7.514081
4/1/2007 9:00:00 AM,0.3649448,42.77163,-86.57499,47.3481,0.3634799,1.631298,3.991001,3.33,0,-1,0,3.33,48.98792,0,0.6610007,1.060101,1.631298,3.505263,3.33,0,0,3.251479,7.698943,0,1.873965,-1.873965,8.940071,63.85752,0.2184013,4.390101,1.305038,0,9.33024
4/1/2007 10:00:00 AM,0.351195,57.52047,-82.51437,32.42371,0.3496604,1.569276,0.04487993,0.04487993,0,0,0,0.04487993,3496.609,0,0,0,1.569276,0.04724203,0.04487993,0,0,5.333663,5.824977,1.522034,0,1.522034,10.384,74.17127,0.2181096,0.04936792,1.255421,0,7.394253
4/1/2007 11:00:00 AM,0.5714261,72.04037,-73.60225,17.60879,0.5700953,2.558588,2.113966,2.113966,0,0,0,2.113966,121.0326,0,0,0,2.558588,2.225228,2.113966,0,0,3.811629,7.194808,0.3333597,0,0.3333597,10.70025,76.43022,0.2180458,2.325363,2.04687,0,9.753396
4/1/2007 12:00:00 PM,0.7105181,84.16063,-22.55792,4.268677,0.7102599,3.187646,1.195797,1.195797,0,0,0,1.195797,266.5709,0,0,0,3.187646,1.258733,1.195797,0,0,3.478269,7.494832,1.928913,0,1.928913,12.53018,89.5011,0.2176774,1.315376,2.550117,0,10.68248
4/1/2007 1:00:00 PM,0.8274058,76.22238,67.74039,13.258,0.8286608,3.71903,3.642286,3.642286,1.581097,0,0.5966394,3.642286,102.107,0,0,0,3.71903,2.169673,2.06119,0,0,1.549356,9.230853,1.549356,0,1.549356,14.00003,100,0.2174703,4.006515,2.975224,5,12.94988
4/1/2007 2:00:00 PM,0.62625,61.90041,80.70502,27.97708,0.6255687,2.807553,0.8253559,0.8253559,0,-1,0,0.8253559,340.1627,1.938757,0,0,2.807553,0.8687957,0.8253559,0,0,0,10.62527,0,0,0,14.00003,100,0.2174703,0.9078915,2.246042,0,13.43283
4/1/2007 3:00:00 PM,0.1667302,47.18833,85.56892,42.88357,0.1659277,0.7446836,2.743706,2.743706,0,-1,0,2.743706,27.14153,0,0,0,0.7446836,2.888111,2.743706,0,0,0,10.62527,0,2.143428,-2.143428,11.74066,83.86166,0.2174703,3.018076,0.5957469,0,11.36996
4/1/2007 4:00:00 PM,0.09656136,32.39368,88.56754,57.83192,0.09608749,0.4312407,1.286184,1.286184,0,-1,0,1.286184,33.52868,0,0,0,0.4312407,1.353878,1.286184,0,0,2.381586,8.481847,0,0.9226375,-0.9226375,10.76811,76.91492,0.2174703,1.414803,0.3449925,0,8.913087
4/1/2007 5:00:00 PM,0.1160263,17.58021,90.96016,72.79521,0.115376,0.5178074,2.992239,2.992239,0,-1,0,2.992239,17.30501,0,4.440892E-16,0,0.5178074,3.149726,2.992239,0,0,3.406739,7.559209,0,2.631918,-2.631918,7.993826,57.09864,0.2174703,3.291463,0.4142459,0,8.077017
4/1/2007 6:00:00 PM,0.0430559,2.776388,93.22648,87.76419,0.03881084,0.174183,7.478753,3.33,0,-1,0,3.33,5.230722,0,4.148753,4.896628,0.174183,3.505263,3.33,0,0,6.331093,4.92729,0,3.33108,-3.33108,4.482559,32.01822,0.2174703,8.226628,0.1393464,0,5.101474
4/1/2007 7:00:00 PM,0,0,95.68376,90,0,0,0,0,0,-1,0,0,0,0,0,0,0,0,0,0,0,10.03229,1.596211,0,0,0,4.482559,32.01822,0.2174703,0,0,0,1.596211
4/1/2007 8:00:00 PM,0,0,98.70253,90,0,0,0,0,0,-1,0,0,0,0,0,0,0,0,0,0,0,10.03229,1.596211,0,0,0,4.482559,32.01822,0.2174703,0,0,0,1.596211
4/1/2007 9:00:00 PM,0,0,102.9519,90,0,0,1.440212,1.440212,0,-1,0,1.440212,0,0,2.220446E-16,0.06783321,0,1.516013,1.440212,0,0,10.03229,1.596211,0,1.516013,-1.516013,2.884542,20.60383,0.2174703,1.584233,0,0,1.596211
4/1/2007 10:00:00 PM,0,0,110.0798,90,0,0,0.2667923,0.076188,0,-1,0,0.076188,0,0,0.1906043,0.2172835,0,0.08019789,0.076188,0,0,11.71675,0.08019789,0,0.08019789,-0.08019789,2.800006,20,0.2174703,0.2934715,0,0,0.08019789
4/1/2007 11:00:00 PM,0,0,125.5922,90,0,0,0.3920238,0,0,-1,0,0,0,0,0.3920238,0.4312262,0,0,0,0,0,11.80586,0,0,0,0,2.800006,20,0.2174703,0.4312262,0,0,0
4/2/2007 12:00:00 AM,0,0,170.5227,90,0,0,0,0,0,-1,0,0,0,0,0,0,0,0,0,0,0,11.80586,0,0,0,0,2.800006,20,0.2174703,0,0,0,0
4/2/2007 1:00:00 AM,0,0,-134.9948,90,0,0,1.360776,0,0,-1,0,0,0,0,1.360776,1.496854,0,0,0,0,0,11.80586,0,0,0,0,2.800006,20,0.2174703,1.496854,0,0,0
4/2/2007 2:00:00 AM,0,0,-114.0028,90,0,0,0.1036446,0,0,-1,0,0,0,0,0.1036446,0.114009,0,0,0,0,0,11.80586,0,0,0,0,2.800006,20,0.2174703,0.114009,0,0,0
4/2/2007 3:00:00 AM,0,0,-105.164,90,0,0,0,0,0,-1,0,0,0,0,0,0,0,0,0,0,0,11.80586,0,0,0,0,2.800006,20,0.2174703,0,0,0,0
4/2/2007 4:00:00 AM,0,0,-100.2302,90,0,0,1.337282,0,0,-1,0,0,0,0,1.337282,1.47101,0,0,0,0,0,11.80586,0,0,0,0,2.800006,20,0.2174703,1.47101,0,0,0
4/2/2007 5:00:00 AM,0,0,-96.8984,90,0,0,0.3714475,0.3714475,3.876711,0,1.223342,0.3714475,0,4.440892E-16,0,0,0,0,0,3.505263,3.33,11.80586,0,3.33,0,3.33,5.959121,42.56506,0.2175336,0.4085923,0,5,0
4/2/2007 6:00:00 AM,0.008870087,0,-94.30736,90,0,0,0.3578917,0.3578917,3.863155,0,1.219641,0.3578917,0,0,0,0,0,0,0,3.505263,3.33,8.475861,2.997,3.33,0,3.33,9.118237,65.13013,0.217593,0.3936809,0,5,2.997
4/2/2007 7:00:00 AM,0.1360176,13.29072,-92.02834,77.19496,0.134203,0.6023029,0.875852,0.875852,4.381115,0,1.361044,0.875852,68.76766,0,0,0,0.6023029,0,0,3.505263,3.33,5.14586,5.994,3.932303,0,3.932303,12.84875,91.77657,0.2176745,0.9634372,0.4818423,5,6.596303
4/2/2007 8:00:00 AM,0.3313873,28.10256,-89.75176,62.2373,0.3289846,1.476483,0,0,0,0,0,0,0,0.2629255,0,0,1.476483,0,0,0,0,1.213557,9.533072,1.213557,0,1.213557,14.00003,100,0.2174459,0,1.181186,0,11.00956
4/2/2007 9:00:00 AM,0.4702402,42.91066,-87.09536,47.29362,0.4685019,2.102637,0.5814235,0.5814235,0,-1,0,0.5814235,361.636,1.490612,0,0,2.102637,0.6120247,0.5814235,0,0,0,10.62527,0,0,0,14.00003,100,0.2174459,0.6395658,1.682109,0,12.72791
4/2/2007 10:00:00 AM,0.6769472,57.6732,-83.21655,32.38694,0.6762121,3.03484,1.425311,1.425311,0,0,0,1.425311,212.9247,1.534512,0,0,3.03484,1.500328,1.425311,0,0,0,10.62527,0,0,0,14.00003,100,0.2174459,1.567842,2.427872,0,13.66011
4/2/2007 11:00:00 AM,0.8517584,72.23736,-74.76012,17.61538,0.8525063,3.826049,0,0,0,0,0,0,0,3.826049,0,0,3.826049,0,0,0,0,0,10.62527,0,0,0,14.00003,100,0.2174459,0,3.060839,0,14.45132
4/2/2007 12:00:00 PM,0.9287014,84.55863,-23.37917,4.574278,0.9301944,4.174712,0.5183555,0.5183555,0,0,0,0.5183555,805.3762,3.629075,0,0,4.174712,0.5456374,0.5183555,0,0,0,10.62527,0,0,0,14.00003,100,0.2174459,0.5701911,3.33977,0,14.79999
4/2/2007 1:00:00 PM,0.5472084,76.30406,69.41566,13.44649,0.5455365,2.448368,4.041028,4.041028,1.715078,0,0.6332164,4.041028,60.58775,0,0,0,2.448368,2.448368,2.325949,0,0,0,10.62527,0,0,0,14.00003,100,0.2174459,4.445131,1.958694,5,13.07364
4/2/2007 2:00:00 PM,0.4576731,61.90593,81.56721,28.10585,0.4559619,2.046357,7.255635,3.33,0,-1,0,3.33,61.45216,0,3.925635,4.651199,2.046357,3.505263,3.33,0,0,0,10.62527,0,1.458906,-1.458906,12.46221,89.01558,0.2174459,7.981199,1.637085,0,12.67163
4/2/2007 3:00:00 PM,0.5932387,47.17342,86.166,42.99136,0.5918126,2.656055,0.962516,0.962516,0,-1,0,0.962516,275.9492,0.02187305,0,0,2.656055,1.013175,0.962516,0,0,1.621007,9.166368,1.621007,0,1.621007,14.00003,100,0.2171412,1.058768,2.124844,0,11.82242
4/2/2007 4:00:00 PM,0.4025539,32.37245,89.04776,57.92794,0.4001174,1.795727,2.348105,2.348105,0,-1,0,2.348105,76.47557,0,0,0,1.795727,2.471689,2.348105,0,0,0,10.62527,0,0.6759628,-0.6759628,13.2875,94.91053,0.2171412,2.582916,1.436581,0,12.421
4/2/2007 5:00:00 PM,0.08428933,17.55896,91.38554,72.8828,0.08384275,0.3762863,0.3153518,0.3153518,0,-1,0,0.3153518,119.3227,0,0,0,0.3762863,0.3319493,0.3153518,0,0,0.7510698,9.949311,0.04433701,0,0.04433701,13.32956,95.21097,0.2171328,0.346887,0.301029,0,10.3256
4/2/2007 6:00:00 PM,0.03445963,2.759401,93.6327,87.8446,0.03249365,0.1458315,3.497311,3.33,0,-1,0,3.33,4.379325,4.440892E-16,0.1673111,0.5170423,0.1458315,3.505263,3.33,0,0,0.7067327,9.989215,0,3.359432,-3.359432,9.78841,69.91708,0.2171328,3.847042,0.1166652,0,10.13505
4/2/2007 7:00:00 PM,0,0,96.09883,90,0,0,6.959013,3.33,0,-1,0,3.33,0,0,3.629012,4.324914,0,3.505263,3.33,0,0,4.439435,6.629783,0,3.505263,-3.505263,6.093539,43.52519,0.2171328,7.654913,0,0,6.629783
4/2/2007 8:00:00 PM,0,0,99.157,90,0,0,0,0,0,-1,0,0,0,0,0,0,0,0,0,0,0,8.334171,3.12452,0,0,0,6.093539,43.52519,0.2171328,0,0,0,3.12452
4/2/2007 9:00:00 PM,0,0,103.4904,90,0,0,5.339696,2.968294,0,-1,0,2.968294,0,0,2.371403,2.905372,0,3.12452,2.968294,0,0,8.334171,3.12452,0,3.12452,-3.12452,2.800006,20,0.2171328,5.873666,0,0,3.12452
4/2/2007 10:00:00 PM,0,0,110.7831,90,0,0,1.150339,0,0,-1,0,0,0,0,1.150339,1.265373,0,0,0,0,0,11.80586,0,0,0,0,2.800006,20,0.2171328,1.265373,0,0,0
4/2/2007 11:00:00 PM,0,0,126.5949,90,0,0,0.4428426,0,0,-1,0,0,0,0,0.4428426,0.4871269,0,0,0,0,0,11.80586,0,0,0,0,2.800006,20,0.2171328,0.4871269,0,0,0
4/3/2007 12:00:00 AM,0,0,171.1295,90,0,0,0.2270336,0,0,-1,0,0,0,0,0.2270336,0.249737,0,0,0,0,0,11.80586,0,0,0,0,2.800006,20,0.2171328,0.249737,0,0,0
4/3/2007 1:00:00 AM,0,0,-135.6896,90,0,0,0.761803,0,0,-1,0,0,0,0,0.761803,0.8379833,0,0,0,0,0,11.80586,0,0,0,0,2.800006,20,0.2171328,0.8379833,0,0,0
4/3/2007 2:00:00 AM,0,0,-114.6366,90,0,0,1.561211,0,0,-1,0,0,0,0,1.561211,1.717332,0,0,0,0,0,11.80586,0,0,0,0,2.800006,20,0.2171328,1.717332,0,0,0
4/3/2007 3:00:00 AM,0,0,-105.6692,90,0,0,0.9845676,0,0,-1,0,0,0,0,0.9845676,1.083024,0,0,0,0,0,11.80586,0,0,0,0,2.800006,20,0.2171328,1.083024,0,0,0
4/3/2007 4:00:00 AM,0,0,-100.6596,90,0,0,0.5595562,0,0,-1,0,0,0,0,0.5595562,0.6155118,0,0,0,0,0,11.80586,0,0,0,0,2.800006,20,0.2171328,0.6155118,0,0,0
4/3/2007 5:00:00 AM,0,0,-97.28951,90,0,0,0,0,0,0,0,0,0,0,0,0,0,0,0,0,0,11.80586,0,0,0,0,2.800006,20,0.2171328,0,0,0,0
4/3/2007 6:00:00 AM,0.02060946,0,-94.68697,90,0,0,1.30235,1.30235,4.807613,0,1.477478,1.30235,0,0,0,0,0,0,0,3.505263,3.33,11.80586,0,3.33,0,3.33,5.959121,42.56506,0.2174261,1.432585,0,5,0
4/3/2007 7:00:00 AM,0.2028238,13.426,-92.42055,77.12284,0.1963602,0.8812644,2.984781,2.984781,5,0,1.53,2.984781,29.52527,0,0,0,0.8812644,0,0,2.015219,1.914458,8.475861,2.997,2.795723,0,2.795723,8.611377,61.50971,0.2176474,3.283259,0.7050115,5,3.878264
4/3/2007 8:00:00 AM,0.3511285,28.23582,-90.18542,62.174,0.348002,1.561833,0,0,3.505263,0,1.121937,0,0,0,0,0,1.561833,0,0,3.505263,3.33,5.680137,5.513151,4.891833,0,4.891833,13.25218,94.65822,0.2173215,0,1.249467,5,7.074984
4/3/2007 9:00:00 AM,0.7150546,43.04675,-87.61654,47.24208,0.7120578,3.195715,0.5904074,0.5904074,0,-1,0,0.5904074,541.2729,1.78593,0,0,3.195715,0.6214815,0.5904074,0,0,0.7883042,9.9158,0.7883042,0,0.7883042,14.00003,100,0.2171749,0.6494482,2.556572,0,13.11152
4/3/2007 10:00:00 AM,0.878093,57.82141,-83.92255,32.35493,0.8772596,3.937141,0,0,0,0,0,0,0,3.937141,0,0,3.937141,0,0,0,0,0,10.62527,0,0,0,14.00003,100,0.2171749,0,3.149713,0,14.56242
4/3/2007 11:00:00 AM,0.848749,72.42669,-75.93927,17.63113,0.8486781,3.808867,2.720785,2.720785,0,0,0,2.720785,139.9915,0.9448833,0,0,3.808867,2.863984,2.720785,0,0,0,10.62527,0,0,0,14.00003,100,0.2171749,2.992863,3.047094,0,14.43414
4/3/2007 12:00:00 PM,0.9315376,84.95411,-24.3281,4.893588,0.9321677,4.183568,1.774295,1.774295,0,0,0,1.774295,235.7876,2.31589,0,0,4.183568,1.867679,1.774295,0,0,0,10.62527,0,0,0,14.00003,100,0.2171749,1.951725,3.346855,0,14.80884
4/3/2007 1:00:00 PM,1.030526,76.37431,71.10395,13.64352,1.031383,4.628846,1.592123,1.592123,0,0,0,1.592123,290.7341,2.952927,0,0,4.628846,1.675919,1.592123,0,0,0,10.62527,0,0,0,14.00003,100,0.2171749,1.751336,3.703077,0,15.25412
4/3/2007 2:00:00 PM,0.8433028,61.90622,82.42694,28.23888,0.8427843,3.782416,0.08338553,0.08338553,0,-1,0,0.08338553,4536.058,3.694642,0,0,3.782416,0.08777425,0.08338553,0,0,0,10.62527,0,0,0,14.00003,100,0.2171749,0.09172409,3.025933,0,14.40769
4/3/2007 3:00:00 PM,0.6363242,47.15563,86.76089,43.10152,0.6342357,2.84645,0,0,0,-1,0,0,0,2.84645,0,0,2.84645,0,0,0,0,0,10.62527,0,0,0,14.00003,100,0.2171749,0,2.27716,0,13.47172
4/3/2007 4:00:00 PM,0.4430817,32.34964,89.5263,58.0252,0.4395945,1.9729,2.550142,2.550142,0,-1,0,2.550142,77.36433,0,0,0,1.9729,2.68436,2.550142,0,0,0,10.62527,0,0.7114596,-0.7114596,13.25008,94.64326,0.2171749,2.805156,1.57832,0,12.59817
4/3/2007 5:00:00 PM,0.1790251,17.53703,91.80954,72.97079,0.177021,0.7944704,1.333061,1.333061,0,-1,0,1.333061,59.59746,0,0,0,0.7944704,1.403222,1.333061,0,0,0.7905106,9.913815,0,0.6087516,-0.6087516,12.6084,90.05984,0.2171749,1.466367,0.6355763,0,10.70829
4/3/2007 6:00:00 PM,0.04353201,2.742493,94.03767,87.9247,0.03791414,0.1701587,0,0,0,-1,0,0,0,0,0,0,0.1701587,0,0,0,0,1.466901,9.305063,0.1701587,0,0.1701587,12.76983,91.21289,0.2171433,0,0.1361269,0,9.475222
4/3/2007 7:00:00 PM,0,0,96.51267,90,0,0,0,0,0,-1,0,0,0,0,0,0,0,0,0,0,0,1.296743,9.458206,0,0,0,12.76983,91.21289,0.2171433,0,0,0,9.458206
4/3/2007 8:00:00 PM,0,0,99.61003,90,0,0,0.6410608,0.6410608,0,-1,0,0.6410608,0,0,1.110223E-16,0,0,0.6748009,0.6410608,0,0,1.296743,9.458206,0,0.6748009,-0.6748009,12.05853,86.13216,0.2171433,0.7051669,0,0,9.458206
4/3/2007 9:00:00 PM,0,0,104.0267,90,0,0,0.05721872,0.05721872,0,-1,0,0.05721872,0,0,6.938894E-18,0,0,0.06023024,0.05721872,0,0,2.046521,8.783405,0,0.06023024,-0.06023024,11.99504,85.67868,0.2171433,0.0629406,0,0,8.783405
4/3/2007 10:00:00 PM,0,0,111.4815,90,0,0,0.5005717,0.5005717,0,-1,0,0.5005717,0,0,1.110223E-16,0,0,0.5269176,0.5005717,0,0,2.113444,8.723175,0,0.5269176,-0.5269176,11.43962,81.7114,0.2171433,0.5506289,0,0,8.723175
4/3/2007 11:00:00 PM,0,0,127.5786,90,0,0,1.44955,1.44955,0,-1,0,1.44955,0,0,2.220446E-16,0,0,1.525842,1.44955,0,0,2.698908,8.196258,0,1.525842,-1.525842,9.83124,70.223,0.2171433,1.594505,0,0,8.196258
4/4/2007 12:00:00 AM,0,0,171.701,90,0,0,0,0,0,-1,0,0,0,0,0,0,0,0,0,0,0,4.394288,6.670415,0,0,0,9.83124,70.223,0.2171433,0,0,0,6.670415
4/4/2007 1:00:00 AM,0,0,-136.3587,90,0,0,0.2108706,0.2108706,0,-1,0,0.2108706,0,0,2.775558E-17,0,0,0.221969,0.2108706,0,0,4.394288,6.670415,0,0.221969,-0.221969,9.597264,68.55175,0.2171433,0.2319576,0,0,6.670415
4/4/2007 2:00:00 AM,0,0,-115.2597,90,0,0,0.2354574,0.2354574,0,-1,0,0.2354574,0,0,2.775558E-17,0,0,0.2478499,0.2354574,0,0,4.640921,6.448446,0,0.2478499,-0.2478499,9.336007,66.68564,0.2171433,0.2590031,0,0,6.448446
4/4/2007 3:00:00 AM,0,0,-106.1694,90,0,0,0.5603725,0.5603725,0,-1,0,0.5603725,0,0,1.110223E-16,0,0,0.5898657,0.5603725,0,0,4.916309,6.200596,0,0.5898657,-0.5898657,8.714234,62.24441,0.2171433,0.6164097,0,0,6.200596
4/4/2007 4:00:00 AM,0,0,-101.0863,90,0,0,0.6987361,0.6987361,0,-1,0,0.6987361,0,0,0,0,0,0.7355117,0.6987361,0,0,5.571716,5.61073,0,0.7355117,-0.7355117,7.938937,56.70658,0.2171433,0.7686097,0,0,5.61073
4/4/2007 5:00:00 AM,0,0,-97.67879,90,0,0,0.8361685,0.8361685,0,0,0,0.8361685,0,0,0,0,0,0.8801774,0.8361685,0,0,6.388951,4.875218,0,0.8801774,-0.8801774,7.011148,50.07953,0.2171433,0.9197854,0,0,4.875218
4/4/2007 6:00:00 AM,0.002809168,0,-95.06532,90,0,0,1.538339,1.538339,0,0,0,1.538339,0,0,2.220446E-16,0,0,1.619305,1.538339,0,0,7.366926,3.995041,0,1.619305,-1.619305,5.304252,37.88744,0.2171433,1.692173,0,0,3.995041
4/4/2007 7:00:00 AM,0.1316373,13.55999,-92.81194,77.05183,0.1298047,0.5825636,2.083407,2.083407,0,0,0,2.083407,27.96207,0,0,0,0.5825636,2.19306,2.083407,0,0,9.166153,2.375736,0,1.610496,-1.610496,3.60664,25.76166,0.2171433,2.291747,0.4660508,0,2.9583
4/4/2007 8:00:00 AM,0.3229691,28.36703,-90.61877,62.11262,0.3200574,1.436418,3.22893,3.22893,5,0,1.53,3.22893,44.48587,0,0,0,1.436418,0,0,1.77107,1.682517,10.95559,0.7652403,3.118934,0,3.118934,6.56552,46.89648,0.217377,3.551823,1.149134,5,2.201658
4/4/2007 9:00:00 AM,0.5337046,43.17978,-88.13835,47.19354,0.5308606,2.382502,5.859127,3.33,0,-1,0,3.33,71.54662,0,2.529127,3.11504,2.382502,3.505263,3.33,0,0,7.836659,3.572281,0,1.122761,-1.122761,5.382027,38.44297,0.217377,6.445039,1.906002,0,5.954783
4/4/2007 10:00:00 AM,0.53885,57.96495,-84.63203,32.32775,0.5368558,2.409409,4.436462,4.436462,5,0,1.53,4.436462,54.30923,0,0,0,2.409409,0,0,0.5635374,0.5353605,9.084171,2.44952,2.944769,0,2.944769,8.17568,58.3976,0.2175686,4.880109,1.927527,5,4.858929
4/4/2007 11:00:00 AM,0.5809706,72.60806,-77.13905,17.656,0.579061,2.598825,0,0,3.505263,0,1.121937,0,0,0,0,0,2.598825,0,0,3.505263,3.33,6.139401,5.099813,5.928825,0,5.928825,13.80026,98.57307,0.2170555,0,2.079061,5,7.698638
4/4/2007 12:00:00 PM,0.9959746,85.34658,-25.43645,5.223736,0.995953,4.469837,1.306841,1.306841,0,0,0,1.306841,342.0338,2.883639,0,0,4.469837,1.375622,1.306841,0,0,0.2105761,10.43576,0.2105761,0,0.2105761,14.00003,100,0.2170168,1.437525,3.57587,0,14.90559
4/4/2007 1:00:00 PM,1.086752,76.43312,72.80206,13.84851,1.08654,4.876393,0,0,0,0,0,0,0,4.876393,0,0,4.876393,0,0,0,0,0,10.62527,0,0,0,14.00003,100,0.2170168,0,3.901114,0,15.50167
4/4/2007 2:00:00 PM,0.8912769,61.90143,83.28363,28.37593,0.8898535,3.993662,1.525445,1.525445,0,-1,0,1.525445,261.8031,2.387931,0,0,3.993662,1.605731,1.525445,0,0,0,10.62527,0,0,0,14.00003,100,0.2170168,1.677989,3.19493,0,14.61894
4/4/2007 3:00:00 PM,0.4696896,47.13509,87.35336,43.21387,0.4675292,2.098271,2.182879,2.182879,0,-1,0,2.182879,96.12401,0,0,0,2.098271,2.297767,2.182879,0,0,0,10.62527,0,0.1994966,-0.1994966,13.78974,98.49795,0.2170168,2.401167,1.678617,0,12.72355
4/4/2007 4:00:00 PM,0.2589343,32.32534,90.00298,58.12356,0.2574686,1.155519,2.51267,2.51267,0,-1,0,2.51267,45.98771,0,4.440892E-16,0,1.155519,2.644915,2.51267,0,0,0.2216629,10.42578,0,1.489396,-1.489396,12.21978,87.28396,0.2170168,2.763937,0.9244152,0,11.5813
4/4/2007 5:00:00 PM,0.2340205,17.51452,92.232,73.05907,0.2290668,1.028052,5.425348,3.33,0,-1,0,3.33,30.87243,4.440892E-16,2.095348,2.637882,1.028052,3.505263,3.33,0,0,1.876547,8.936381,0,2.477211,-2.477211,9.608569,68.6325,0.2170168,5.967882,0.8224415,0,9.964434
4/4/2007 6:00:00 PM,0.0471428,2.72575,94.44126,88.00439,0.03898246,0.1749533,9.628032,3.33,0,-1,0,3.33,5.253852,0,6.298031,7.260835,0.1749533,3.505263,3.33,0,0,4.629004,6.45917,0,3.33031,-3.33031,6.098114,43.55787,0.2170168,10.59083,0.1399626,0,6.634123
4/4/2007 7:00:00 PM,0,0,96.92513,90,0,0,5.564433,2.972417,0,-1,0,2.972417,0,0,2.592016,3.148459,0,3.12886,2.972417,0,0,8.329349,3.12886,0,3.12886,-3.12886,2.800006,20,0.2170168,6.120876,0,0,3.12886
4/4/2007 8:00:00 PM,0,0,100.0615,90,0,0,6.209177,0,0,-1,0,0,0,0,6.209177,6.830095,0,0,0,0,0,11.80586,0,0,0,0,2.800006,20,0.2170168,6.830095,0,0,0
4/4/2007 9:00:00 PM,0,0,104.5606,90,0,0,4.584404,0,0,-1,0,0,0,0,4.584404,5.042845,0,0,0,0,0,11.80586,0,0,0,0,2.800006,20,0.2170168,5.042845,0,0,0
4/4/2007 10:00:00 PM,0,0,112.1745,90,0,0,1.131778,0,0,-1,0,0,0,0,1.131778,1.244955,0,0,0,0,0,11.80586,0,0,0,0,2.800006,20,0.2170168,1.244955,0,0,0
4/4/2007 11:00:00 PM,0,0,128.543,90,0,0,0.03407833,0,0,-1,0,0,0,0,0.03407833,0.03748616,0,0,0,0,0,11.80586,0,0,0,0,2.800006,20,0.2170168,0.03748616,0,0,0
4/5/2007 12:00:00 AM,0,0,172.2395,90,0,0,0.5316527,0,0,-1,0,0,0,0,0.5316527,0.5848179,0,0,0,0,0,11.80586,0,0,0,0,2.800006,20,0.2170168,0.5848179,0,0,0
4/5/2007 1:00:00 AM,0,0,-137.0033,90,0,0,0.5916622,0,0,-1,0,0,0,0,0.5916622,0.6508284,0,0,0,0,0,11.80586,0,0,0,0,2.800006,20,0.2170168,0.6508284,0,0,0
4/5/2007 2:00:00 AM,0,0,-115.872,90,0,0,0.6439707,0,0,-1,0,0,0,0,0.6439707,0.7083677,0,0,0,0,0,11.80586,0,0,0,0,2.800006,20,0.2170168,0.7083677,0,0,0
4/5/2007 3:00:00 AM,0,0,-106.6646,90,0,0,0.9573333,0,0,-1,0,0,0,0,0.9573333,1.053067,0,0,0,0,0,11.80586,0,0,0,0,2.800006,20,0.2170168,1.053067,0,0,0
4/5/2007 4:00:00 AM,0,0,-101.51,90,0,0,0,0,0,-1,0,0,0,0,0,0,0,0,0,0,0,11.80586,0,0,0,0,2.800006,20,0.2170168,0,0,0,0
4/5/2007 5:00:00 AM,0,0,-98.06617,90,0,0,1.287621,1.287621,4.792884,0,1.473457,1.287621,0,0,0,0,0,0,0,3.505263,3.33,11.80586,0,3.33,0,3.33,5.959121,42.56506,0.2173044,1.416384,0,5,0
4/5/2007 6:00:00 AM,0.014394,0,-95.44234,90,0,0,1.281805,1.281805,4.787068,0,1.47187,1.281805,0,0,0,0,0,0,0,3.505263,3.33,8.475861,2.997,3.33,0,3.33,9.118237,65.13013,0.2175904,1.409986,0,5,2.997
4/5/2007 7:00:00 AM,0.19662,13.69256,-93.20242,76.98204,0.1895974,0.8509133,2.276121,2.276121,5,0,1.53,2.276121,37.38435,0,0,0,0.8509133,0,0,2.723879,2.587685,5.14586,5.994,3.438598,0,3.438598,12.38038,88.43108,0.2178618,2.503734,0.6807306,5,6.844913
4/5/2007 8:00:00 AM,0.4830808,28.49609,-91.05169,62.05324,0.475557,2.1343,0,0,0,0,0,0,0,0.4270373,0,0,2.1343,0,0,0,0,1.707262,9.088738,1.707262,0,1.707262,14.00003,100,0.2175499,0,1.70744,0,11.22304
4/5/2007 9:00:00 AM,0.6985871,43.30964,-88.6606,47.14808,0.6936488,3.113096,4.712841,3.33,0,-1,0,3.33,93.48636,0,1.38284,1.854124,3.113096,3.505263,3.33,0,0,0,10.62527,0,0.3921674,-0.3921674,13.58665,97.04729,0.2175499,5.184124,2.490477,0,13.73837
4/5/2007 10:00:00 AM,0.881215,58.1037,-85.34467,32.30544,0.878296,3.941792,5.29881,5.29881,1.96881,0,0.7024851,5.29881,74.39014,0.000787705,0,0,3.941792,3.505263,3.33,0,0,0.4357415,10.23311,0.4357415,0,0.4357415,14.00003,100,0.2174705,5.828691,3.153434,5,14.1749
4/5/2007 11:00:00 AM,0.7975914,72.78119,-78.35866,17.68992,0.7958444,3.57175,0.6462623,0.6462623,0,0,0,0.6462623,552.678,2.891474,0,0,3.57175,0.6802761,0.6462623,0,0,0,10.62527,0,0,0,14.00003,100,0.2174705,0.7108885,2.8574,0,14.19702
4/5/2007 12:00:00 PM,0.7915576,85.73546,-26.7467,5.56242,0.7899758,3.545412,2.013149,2.013149,0,0,0,2.013149,176.1127,1.426307,0,0,3.545412,2.119104,2.013149,0,0,0,10.62527,0,0,0,14.00003,100,0.2174705,2.214464,2.836329,0,14.17069
4/5/2007 1:00:00 PM,0.9459621,76.48053,74.50668,14.06083,0.9446213,4.23946,2.728476,2.728476,0,0,0,2.728476,155.3783,1.367381,0,0,4.23946,2.87208,2.728476,0,0,0,10.62527,0,0,0,14.00003,100,0.2174705,3.001323,3.391568,0,14.86473
4/5/2007 2:00:00 PM,0.7650804,61.89168,84.13672,28.51678,0.7627746,3.423332,0,0,0,-1,0,0,0,3.423332,0,0,3.423332,0,0,0,0,0,10.62527,0,0,0,14.00003,100,0.2174705,0,2.738666,0,14.04861
4/5/2007 3:00:00 PM,0.6858793,47.1119,87.94316,43.32827,0.6819386,3.06054,1.582857,1.582857,0,-1,0,1.582857,193.3555,1.394375,0,0,3.06054,1.666165,1.582857,0,0,0,10.62527,0,0,0,14.00003,100,0.2174705,1.741143,2.448432,0,13.68581
4/5/2007 4:00:00 PM,0.4995023,32.29968,90.47764,58.2229,0.4934647,2.21467,0,0,0,-1,0,0,0,2.21467,0,0,2.21467,0,0,0,0,0,10.62527,0,0,0,14.00003,100,0.2174705,0,1.771736,0,12.83994
4/5/2007 5:00:00 PM,0.2337056,17.49154,92.65281,73.14754,0.2282043,1.024181,4.307332,3.33,0,-1,0,3.33,30.75618,4.440892E-16,0.977332,1.408065,1.024181,3.505263,3.33,0,0,0,10.62527,0,2.481082,-2.481082,11.38474,81.31939,0.2174705,4.738065,0.8193447,0,11.64946
4/5/2007 6:00:00 PM,0.0464524,2.709256,94.84335,88.08356,0.03787459,0.1699812,1.415882,1.415882,0,-1,0,1.415882,12.00532,0,0,0,0.1699812,1.490402,1.415882,0,0,2.756758,8.144192,0,1.320421,-1.320421,9.992892,71.37766,0.2174705,1.55747,0.1359849,0,8.314173
4/5/2007 7:00:00 PM,0,0,97.33607,90,0,0,0,0,0,-1,0,0,0,0,0,0,0,0,0,0,0,4.223892,6.823771,0,0,0,9.992892,71.37766,0.2174705,0,0,0,6.823771
4/5/2007 8:00:00 PM,0,0,100.5111,90,0,0,6.353007,3.33,0,-1,0,3.33,0,0,3.023007,3.658308,0,3.505263,3.33,0,0,4.223892,6.823771,0,3.505263,-3.505263,6.29802,44.98577,0.2174705,6.988307,0,0,6.823771
4/5/2007 9:00:00 PM,0,0,105.0919,90,0,0,5.68386,3.152583,0,-1,0,3.152583,0,0,2.531277,3.099663,0,3.318508,3.152583,0,0,8.118629,3.318508,0,3.318508,-3.318508,2.800006,20,0.2174705,6.252246,0,0,3.318508
4/5/2007 10:00:00 PM,0,0,112.8619,90,0,0,0.1685207,0,0,-1,0,0,0,0,0.1685207,0.1853728,0,0,0,0,0,11.80586,0,0,0,0,2.800006,20,0.2174705,0.1853728,0,0,0
4/5/2007 11:00:00 PM,0,0,129.4877,90,0,0,0.7974556,0,0,-1,0,0,0,0,0.7974556,0.8772011,0,0,0,0,0,11.80586,0,0,0,0,2.800006,20,0.2174705,0.8772011,0,0,0
4/6/2007 12:00:00 AM,0,0,172.7474,90,0,0,0.206033,0,0,-1,0,0,0,0,0.206033,0.2266364,0,0,0,0,0,11.80586,0,0,0,0,2.800006,20,0.2174705,0.2266364,0,0,0
4/6/2007 1:00:00 AM,0,0,-137.6248,90,0,0,1.768201,0,0,-1,0,0,0,0,1.768201,1.945021,0,0,0,0,0,11.80586,0,0,0,0,2.800006,20,0.2174705,1.945021,0,0,0
4/6/2007 2:00:00 AM,0,0,-116.4738,90,0,0,1.084755,0,0,-1,0,0,0,0,1.084755,1.193231,0,0,0,0,0,11.80586,0,0,0,0,2.800006,20,0.2174705,1.193231,0,0,0
4/6/2007 3:00:00 AM,0,0,-107.1547,90,0,0,0.5868195,0,0,-1,0,0,0,0,0.5868195,0.6455014,0,0,0,0,0,11.80586,0,0,0,0,2.800006,20,0.2174705,0.6455014,0,0,0
4/6/2007 4:00:00 AM,0,0,-101.9307,90,0,0,0.7637533,0,0,-1,0,0,0,0,0.7637533,0.8401286,0,0,0,0,0,11.80586,0,0,0,0,2.800006,20,0.2174705,0.8401286,0,0,0
4/6/2007 5:00:00 AM,0,0,-98.45155,90,0,0,0.7712914,0.7712914,4.276555,0,1.332499,0.7712914,0,0,0,0,0,0,0,3.505263,3.33,11.80586,0,3.33,0,3.33,5.959121,42.56506,0.2176325,0.8484206,0,5,0
4/6/2007 6:00:00 AM,0.01735578,0,-95.81792,90,0,0,0.8836577,0.8836577,4.388921,0,1.363175,0.8836577,0,0,0,0,0,0,0,3.505263,3.33,8.475861,2.997,3.33,0,3.33,9.118237,65.13013,0.2178221,0.9720235,0,5,2.997
4/6/2007 7:00:00 AM,0.2123172,13.82361,-93.59187,76.91355,0.2032761,0.9123029,4.756058,4.756058,5,0,1.53,4.756058,19.18191,0,0,0,0.9123029,0,0,0.2439421,0.231745,5.14586,5.994,1.144048,0,1.144048,10.20358,72.88254,0.2178951,5.231664,0.7298423,5,6.906303
4/6/2007 8:00:00 AM,0.3888366,28.62288,-91.48402,61.99596,0.3832313,1.719942,1.746072,1.746072,3.913848,0,1.233481,1.746072,98.50353,0,0,0,1.719942,0,0,2.167777,2.059388,4.001812,7.023643,3.77933,0,3.77933,13.78896,98.49239,0.2178822,1.920679,1.375954,5,8.743586
4/6/2007 9:00:00 AM,0.5394886,43.43623,-89.18309,47.10578,0.5355263,2.403442,1.729505,1.729505,0,-1,0,1.729505,138.967,0.3604276,0,0,2.403442,1.820532,1.729505,0,0,0.2224823,10.42504,0.2224823,0,0.2224823,14.00003,100,0.217842,1.902456,1.922753,0,12.82848
4/6/2007 10:00:00 AM,0.441905,58.23753,-86.06009,32.28804,0.439816,1.973894,0.0625226,0.0625226,0,0,0,0.0625226,3157.089,1.908081,0,0,1.973894,0.06581326,0.0625226,0,0,0,10.62527,0,0,0,14.00003,100,0.217842,0.06877486,1.579115,0,12.59917
4/6/2007 11:00:00 AM,0.3836369,72.94582,-79.59719,17.73281,0.3818316,1.71366,1.472232,1.472232,0,0,0,1.472232,116.3988,0.163942,0,0,1.71366,1.549718,1.472232,0,0,0,10.62527,0,0,0,14.00003,100,0.217842,1.619455,1.370928,0,12.33893
4/6/2007 12:00:00 PM,0.3315462,86.11999,-28.31691,5.907785,0.3299588,1.480855,1.26848,1.26848,0,0,0,1.26848,116.7425,0.1456133,0,0,1.480855,1.335242,1.26848,0,0,0,10.62527,0,0,0,14.00003,100,0.217842,1.395328,1.184684,0,12.10613
4/6/2007 1:00:00 PM,0.3973854,76.51661,76.21449,14.27991,0.3955287,1.775133,5.74564,5.74564,4.059264,0,1.273179,5.74564,30.8953,0,0,0,1.775133,1.775133,1.686376,0,0,0,10.62527,0,0,0,14.00003,100,0.217842,6.320204,1.420106,5,12.40041
4/6/2007 2:00:00 PM,0.3086094,61.87713,84.98568,28.66119,0.3071161,1.378337,0.7285573,0.7285573,0,-1,0,0.7285573,189.1872,0.6114348,0,0,1.378337,0.7669024,0.7285573,0,0,0,10.62527,0,0,0,14.00003,100,0.217842,0.801413,1.10267,0,12.00361
4/6/2007 3:00:00 PM,0.5773082,47.08621,88.53004,43.44455,0.5735784,2.57422,0,0,0,-1,0,0,0,2.57422,0,0,2.57422,0,0,0,0,0,10.62527,0,0,0,14.00003,100,0.217842,0,2.059376,0,13.19949
4/6/2007 4:00:00 PM,0.3944868,32.27276,90.95012,58.32308,0.3902754,1.751556,3.896237,3.33,0,-1,0,3.33,52.59928,0,0.5662374,0.9558612,1.751556,3.505263,3.33,0,0,0,10.62527,0,1.753707,-1.753707,12.15146,86.79596,0.217842,4.285861,1.401245,0,12.37683
4/6/2007 5:00:00 PM,0.154446,17.46815,93.07181,73.23606,0.1528261,0.6858837,1.974647,1.974647,0,-1,0,1.974647,34.73449,0,2.220446E-16,0,0.6858837,2.078576,1.974647,0,0,1.948563,8.871567,0,1.392692,-1.392692,10.68343,76.31007,0.217842,2.172112,0.5487069,0,9.55745
4/6/2007 6:00:00 PM,0.02606452,2.693093,95.2438,88.16211,0.02524164,0.1132845,3.758108,3.33,0,-1,0,3.33,3.401936,4.440892E-16,0.4281078,0.8039185,0.1132845,3.505263,3.33,0,0,3.496,7.478875,0,3.391979,-3.391979,7.107972,50.77113,0.217842,4.133919,0.09062758,0,7.592159
4/6/2007 7:00:00 PM,0,0,97.74536,90,0,0,0,0,0,-1,0,0,0,0,0,0,0,0,0,0,0,7.264865,4.086896,0,0,0,7.107972,50.77113,0.217842,0,0,0,4.086896
4/6/2007 8:00:00 PM,0,0,100.9588,90,0,0,5.290852,3.33,0,-1,0,3.33,0,0,1.960852,2.489937,0,3.505263,3.33,0,0,7.264865,4.086896,0,3.505263,-3.505263,3.4131,24.37924,0.217842,5.819937,0,0,4.086896
4/6/2007 9:00:00 PM,0,0,105.6204,90,0,0,7.120397,0.552551,0,-1,0,0.552551,0,0,6.567845,7.279885,0,0.5816327,0.552551,0,0,11.1596,0.5816327,0,0.5816327,-0.5816327,2.800006,20,0.217842,7.832436,0,0,0.5816327
4/6/2007 10:00:00 PM,0,0,113.5433,90,0,0,1.186752,0,0,-1,0,0,0,0,1.186752,1.305428,0,0,0,0,0,11.80586,0,0,0,0,2.800006,20,0.217842,1.305428,0,0,0
4/6/2007 11:00:00 PM,0,0,130.4125,90,0,0,1.405931,0,0,-1,0,0,0,0,1.405931,1.546524,0,0,0,0,0,11.80586,0,0,0,0,2.800006,20,0.217842,1.546524,0,0,0
4/7/2007 12:00:00 AM,0,0,173.2264,90,0,0,0.7221334,0,0,-1,0,0,0,0,0.7221334,0.7943467,0,0,0,0,0,11.80586,0,0,0,0,2.800006,20,0.217842,0.7943467,0,0,0
4/7/2007 1:00:00 AM,0,0,-138.2243,90,0,0,0.9638016,0,0,-1,0,0,0,0,0.9638016,1.060182,0,0,0,0,0,11.80586,0,0,0,0,2.800006,20,0.217842,1.060182,0,0,0
4/7/2007 2:00:00 AM,0,0,-117.0652,90,0,0,0.4456744,0,0,-1,0,0,0,0,0.4456744,0.4902419,0,0,0,0,0,11.80586,0,0,0,0,2.800006,20,0.217842,0.4902419,0,0,0
4/7/2007 3:00:00 AM,0,0,-107.6396,90,0,0,0.9020382,0,0,-1,0,0,0,0,0.9020382,0.992242,0,0,0,0,0,11.80586,0,0,0,0,2.800006,20,0.217842,0.992242,0,0,0
4/7/2007 4:00:00 AM,0,0,-102.3484,90,0,0,1.234331,0,0,-1,0,0,0,0,1.234331,1.357764,0,0,0,0,0,11.80586,0,0,0,0,2.800006,20,0.217842,1.357764,0,0,0
4/7/2007 5:00:00 AM,0,0,-98.83484,90,0,0,1.075643,1.075643,4.580906,0,1.415587,1.075643,0,0,0,0,0,0,0,3.505263,3.33,11.80586,0,3.33,0,3.33,5.959121,42.56506,0.2180778,1.183208,0,5,0
4/7/2007 6:00:00 AM,0.02267554,0,-96.19198,90,0,0,0.3777084,0.3777084,3.882972,0,1.225051,0.3777084,0,0,0,0,0,0,0,3.505263,3.33,8.475861,2.997,3.33,0,3.33,9.118237,65.13013,0.2181377,0.4154793,0,5,2.997
4/7/2007 7:00:00 AM,0.1444887,13.95303,-93.98019,76.84645,0.1416021,0.6355102,3.770523,3.770523,5,0,1.53,3.770523,16.8547,0,0,0,0.6355102,0,0,1.229477,1.168003,5.14586,5.994,1.803513,0,1.803513,10.8292,77.35127,0.2182717,4.147575,0.5084081,5,6.62951
4/7/2007 8:00:00 AM,0.4522723,28.74729,-91.91564,61.94084,0.4438144,1.991839,5.888292,5.888292,5,0,1.53,5.888292,33.82711,0,0,0,1.991839,0.9350439,0.8882918,0,0,3.342347,7.617162,1.056795,0,1.056795,11.83176,84.51242,0.2183325,6.477121,1.593471,5,9.609001
4/7/2007 9:00:00 AM,0.5444045,43.55943,-89.70562,47.06668,0.5398353,2.422781,1.010876,1.010876,0,-1,0,1.010876,239.6715,0,0,0,2.422781,1.06408,1.010876,0,0,2.285552,8.568277,1.358701,0,1.358701,13.12074,93.71938,0.2180885,1.111963,1.938225,0,10.99106
4/7/2007 10:00:00 AM,0.8029364,58.36631,-86.77794,32.27557,0.798457,3.583475,5.836666,5.836666,3.312873,0,1.069414,5.836666,61.39593,0,0,0,3.583475,2.656624,2.523793,0,0,0.9268509,9.791108,0.9268509,0,0.9268509,14.00003,100,0.2181234,6.420332,2.86678,5,13.37458
4/7/2007 11:00:00 AM,0.82411,73.10168,-80.85358,17.78454,0.8209807,3.684561,2.98126,2.98126,0,0,0,2.98126,123.5907,0.5463929,0,0,3.684561,3.138169,2.98126,0,0,0,10.62527,0,0,0,14.00003,100,0.2181234,3.279386,2.947649,0,14.30984
4/7/2007 12:00:00 PM,0.6002948,86.49915,-30.22811,6.258328,0.5978014,2.682933,3.005772,3.005772,0,0,0,3.005772,89.25935,0,0,0,2.682933,3.16397,3.005772,0,0,0,10.62527,0,0.4810378,-0.4810378,13.49297,96.37816,0.2181234,3.306349,2.146346,0,13.30821
4/7/2007 1:00:00 PM,0.6508011,76.54148,77.92214,14.50517,0.6481436,2.908869,3.499598,3.499598,1.25,0,0.50625,3.499598,83.12009,0.006384595,0,0,2.908869,2.367998,2.249598,0,0,0.5344864,10.14424,0.5344864,0,0.5344864,14.00003,100,0.2180276,3.849558,2.327095,5,13.05311
4/7/2007 2:00:00 PM,0.6512713,61.85793,85.82999,28.80893,0.648097,2.908659,1.802951,1.802951,0,-1,0,1.802951,161.3277,1.010817,0,0,2.908659,1.897843,1.802951,0,0,0,10.62527,0,0,0,14.00003,100,0.2180276,1.983246,2.326927,0,13.53393
4/7/2007 3:00:00 PM,0.6726042,47.05812,89.11378,43.56255,0.6670483,2.993713,1.667147,1.667147,0,-1,0,1.667147,179.571,1.238822,0,0,2.993713,1.754891,1.667147,0,0,0,10.62527,0,0,0,14.00003,100,0.2180276,1.833862,2.39497,0,13.61899
4/7/2007 4:00:00 PM,0.3439958,32.24468,91.42026,58.42397,0.3407024,1.529072,4.02173,3.33,0,-1,0,3.33,45.91809,0,0.6917297,1.093903,1.529072,3.505263,3.33,0,0,0,10.62527,0,1.976191,-1.976191,11.91694,85.12083,0.2180276,4.423903,1.223258,0,12.15435
4/7/2007 5:00:00 PM,0.1615544,17.44448,93.48888,73.32453,0.1595566,0.71609,0.6864336,0.6864336,0,-1,0,0.6864336,104.3204,0,0,0,0.71609,0.7225617,0.6864336,0,0,2.195767,8.649083,0,0.006471758,-0.006471758,11.91012,85.07211,0.2180276,0.755077,0.572872,0,9.365173
4/7/2007 6:00:00 PM,0.04170726,2.677342,95.64249,88.23994,0.03466936,0.1555961,8.493138,3.33,0,-1,0,3.33,4.672555,0,5.163138,6.012452,0.1555961,3.505263,3.33,0,0,2.202958,8.642612,0,3.349667,-3.349667,8.379259,59.85173,0.2180276,9.342452,0.1244769,0,8.798207
4/7/2007 7:00:00 PM,0,0,98.15285,90,0,0,7.252642,3.33,0,-1,0,3.33,0,0,3.922642,4.647906,0,3.505263,3.33,0,0,5.924811,5.292944,0,3.505263,-3.505263,4.684387,33.45984,0.2180276,7.977906,0,0,5.292944
4/7/2007 8:00:00 PM,0,0,101.4044,90,0,0,2.761745,1.698297,0,-1,0,1.698297,0,0,1.063448,1.339622,0,1.787681,1.698297,0,0,9.819548,1.787681,0,1.787681,-1.787681,2.800006,20,0.2180276,3.03792,0,0,1.787681
4/7/2007 9:00:00 PM,0,0,106.1457,90,0,0,1.918341,0,0,-1,0,0,0,0,1.918341,2.110175,0,0,0,0,0,11.80586,0,0,0,0,2.800006,20,0.2180276,2.110175,0,0,0
4/7/2007 10:00:00 PM,0,0,114.2183,90,0,0,0.5886764,0,0,-1,0,0,0,0,0.5886764,0.647544,0,0,0,0,0,11.80586,0,0,0,0,2.800006,20,0.2180276,0.647544,0,0,0
4/7/2007 11:00:00 PM,0,0,131.3171,90,0,0,0.7054838,0,0,-1,0,0,0,0,0.7054838,0.7760322,0,0,0,0,0,11.80586,0,0,0,0,2.800006,20,0.2180276,0.7760322,0,0,0
4/8/2007 12:00:00 AM,0,0,173.6784,90,0,0,0.2698953,0,0,-1,0,0,0,0,0.2698953,0.2968849,0,0,0,0,0,11.80586,0,0,0,0,2.800006,20,0.2180276,0.2968849,0,0,0
4/8/2007 1:00:00 AM,0,0,-138.803,90,0,0,0.2833929,0,0,-1,0,0,0,0,0.2833929,0.3117322,0,0,0,0,0,11.80586,0,0,0,0,2.800006,20,0.2180276,0.3117322,0,0,0
4/8/2007 2:00:00 AM,0,0,-117.6461,90,0,0,0.3425214,0,0,-1,0,0,0,0,0.3425214,0.3767735,0,0,0,0,0,11.80586,0,0,0,0,2.800006,20,0.2180276,0.3767735,0,0,0
4/8/2007 3:00:00 AM,0,0,-108.1194,90,0,0,0.6552509,0,0,-1,0,0,0,0,0.6552509,0.720776,0,0,0,0,0,11.80586,0,0,0,0,2.800006,20,0.2180276,0.720776,0,0,0
4/8/2007 4:00:00 AM,0,0,-102.7629,90,0,0,0.73405,0,0,-1,0,0,0,0,0.73405,0.807455,0,0,0,0,0,11.80586,0,0,0,0,2.800006,20,0.2180276,0.807455,0,0,0
4/8/2007 5:00:00 AM,0,0,-99.21596,90,0,0,0.2387594,0.2387594,3.744023,0,1.187118,0.2387594,0,0,0,0,0,0,0,3.505263,3.33,11.80586,0,3.33,0,3.33,5.959121,42.56506,0.2180526,0.2626354,0,5,0
4/8/2007 6:00:00 AM,0.01031918,0,-96.56441,90,0,0,0,0,3.505263,0,1.121937,0,0,0,0,0,0,0,0,3.505263,3.33,8.475861,2.997,3.33,0,3.33,9.118237,65.13013,0.2180183,0,0,5,2.997
4/8/2007 7:00:00 AM,0.0670765,14.08069,-94.36727,76.78084,0.06666903,0.2992106,0.589627,0.589627,4.09489,0,1.282905,0.589627,50.74575,0,0,0,0.2992106,0,0,3.505263,3.33,5.14586,5.994,3.629211,0,3.629211,12.56121,89.72273,0.2180767,0.6485897,0.2393685,5,6.293211
4/8/2007 8:00:00 AM,0.06186408,28.86922,-92.34641,61.88797,0.06154975,0.2762353,0,0,0,0,0,0,0,0,0,0,0.2762353,0,0,0,0,1.51665,9.260289,0.2762353,0,0.2762353,12.82327,91.59459,0.2180276,0,0.2209882,0,9.536525
4/8/2007 9:00:00 AM,0.05934181,43.67915,-90.22799,47.03085,0.0590472,0.2650039,2.533891,2.533891,0,-1,0,2.533891,10.45837,0,0,0,0.2650039,2.667254,2.533891,0,0,1.240414,9.508902,0,2.40225,-2.40225,10.29107,73.50752,0.2180276,2.787281,0.2120031,0,9.773905
4/8/2007 10:00:00 AM,0.2464069,58.48994,-87.49781,32.26807,0.2451897,1.100411,0,0,0,0,0,0,0,0,0,0,1.100411,0,0,0,0,3.909581,7.106651,1.100411,0,1.100411,11.33502,80.96423,0.2178324,0,0.880329,0,8.207062
4/8/2007 11:00:00 AM,0.07818483,73.24855,-82.12662,17.84498,0.07779996,0.3491662,2.701323,2.701323,0,0,0,2.701323,12.92575,0,0,0,0.3491662,2.843498,2.701323,0,0,2.80917,8.097021,0,2.494332,-2.494332,8.705759,62.18387,0.2178324,2.971455,0.279333,0,8.446187
4/8/2007 12:00:00 PM,0.10871,86.87151,-32.59615,6.612819,0.1081762,0.4854947,6.154633,6.154633,5,0,1.53,6.154633,7.888281,0,0,0,0.4854947,1.215403,1.154633,0,0,5.58065,5.602689,0,0.7299081,-0.7299081,7.936368,56.68823,0.2178324,6.770096,0.3883958,5,6.088184
4/8/2007 1:00:00 PM,0.3365398,76.55531,79.62633,14.73604,0.3349038,1.503048,6.174167,6.174167,5,0,1.53,6.174167,24.34414,0,0,0,1.503048,1.235965,1.174167,0,0,6.391659,4.872781,0.2670833,0,0.2670833,8.189746,58.49807,0.2178477,6.791583,1.202438,5,6.375829
4/8/2007 2:00:00 PM,0.6599696,61.83422,86.66917,28.95976,0.656275,2.945362,1.382536,1.382536,0,-1,0,1.382536,213.0405,0,0,0,2.945362,1.455301,1.382536,0,0,6.124576,5.113156,1.490061,0,1.490061,9.603341,68.59515,0.217584,1.52079,2.35629,0,8.058518
4/8/2007 3:00:00 PM,0.4253039,47.02776,89.69417,43.6821,0.4226325,1.896775,0,0,0,-1,0,0,0,0,0,0,1.896775,0,0,0,0,4.634515,6.454211,1.896775,0,1.896775,11.40278,81.44827,0.2172492,0,1.51742,0,8.350986
4/8/2007 4:00:00 PM,0.08488977,32.21555,91.88791,58.52542,0.08445854,0.3790499,4.105073,3.33,0,-1,0,3.33,11.38288,0,0.7750734,1.185581,0.3790499,3.505263,3.33,0,0,2.73774,8.161308,0,3.126213,-3.126213,8.107462,57.91032,0.2172492,4.515581,0.3032399,0,8.540358
4/8/2007 5:00:00 PM,0.08612762,17.42059,93.90388,73.41283,0.08562632,0.3842909,2.626267,2.626267,0,-1,0,2.626267,14.63259,0,4.440892E-16,0,0.3842909,2.764492,2.626267,0,0,6.21131,5.035095,0,2.380201,-2.380201,5.598509,39.98927,0.2172492,2.888894,0.3074327,0,5.419386
4/8/2007 6:00:00 PM,0.03741518,2.662083,96.03929,88.31694,0.03243444,0.1455658,7.197212,2.660437,0,-1,0,2.660437,5.471499,0,4.536775,5.367126,0.1455658,2.80046,2.660437,0,0,8.855978,2.654894,0,2.654894,-2.654894,2.800006,20,0.2172492,7.916933,0.1164526,0,2.80046
4/8/2007 7:00:00 PM,0,0,98.55841,90,0,0,1.581708,0,0,-1,0,0,0,0,1.581708,1.739879,0,0,0,0,0,11.80586,0,0,0,0,2.800006,20,0.2172492,1.739879,0,0,0
4/8/2007 8:00:00 PM,0,0,101.8478,90,0,0,6.68922,0,0,-1,0,0,0,0,6.68922,7.358142,0,0,0,0,0,11.80586,0,0,0,0,2.800006,20,0.2172492,7.358142,0,0,0
4/8/2007 9:00:00 PM,0,0,106.6678,90,0,0,4.249753,0,0,-1,0,0,0,0,4.249753,4.674728,0,0,0,0,0,11.80586,0,0,0,0,2.800006,20,0.2172492,4.674728,0,0,0
4/8/2007 10:00:00 PM,0,0,114.8867,90,0,0,0.643445,0,0,-1,0,0,0,0,0.643445,0.7077895,0,0,0,0,0,11.80586,0,0,0,0,2.800006,20,0.2172492,0.7077895,0,0,0
4/8/2007 11:00:00 PM,0,0,132.2014,90,0,0,0.2595555,0,0,-1,0,0,0,0,0.2595555,0.2855111,0,0,0,0,0,11.80586,0,0,0,0,2.800006,20,0.2172492,0.2855111,0,0,0
4/9/2007 12:00:00 AM,0,0,174.105,90,0,0,0.2257857,0,0,-1,0,0,0,0,0.2257857,0.2483643,0,0,0,0,0,11.80586,0,0,0,0,2.800006,20,0.2172492,0.2483643,0,0,0
4/9/2007 1:00:00 AM,0,0,-139.3618,90,0,0,0.3238764,0,0,-1,0,0,0,0,0.3238764,0.3562641,0,0,0,0,0,11.80586,0,0,0,0,2.800006,20,0.2172492,0.3562641,0,0,0
4/9/2007 2:00:00 AM,0,0,-118.2168,90,0,0,0,0,0,-1,0,0,0,0,0,0,0,0,0,0,0,11.80586,0,0,0,0,2.800006,20,0.2172492,0,0,0,0
4/9/2007 3:00:00 AM,0,0,-108.5939,90,0,0,0.3316867,0,0,-1,0,0,0,0,0.3316867,0.3648554,0,0,0,0,0,11.80586,0,0,0,0,2.800006,20,0.2172492,0.3648554,0,0,0
4/9/2007 4:00:00 AM,0,0,-103.1742,90,0,0,0.1122681,0,0,-1,0,0,0,0,0.1122681,0.1234949,0,0,0,0,0,11.80586,0,0,0,0,2.800006,20,0.2172492,0.1234949,0,0,0
4/9/2007 5:00:00 AM,0,0,-99.59482,90,0,0,0.02543384,0.02543384,3.530697,0,1.12888,0.02543384,0,0,0,0,0,0,0,3.505263,3.33,11.80586,0,3.33,0,3.33,5.959121,42.56506,0.2172236,0.02797723,0,5,0
4/9/2007 6:00:00 AM,0.02523001,0,-96.93513,90,0,0,0.4406109,0.4406109,3.945874,0,1.242224,0.4406109,0,0,0,0,0,0,0,3.505263,3.33,8.475861,2.997,3.33,0,3.33,9.118237,65.13013,0.2172997,0.484672,0,5,2.997
4/9/2007 7:00:00 AM,0.1929148,14.20651,-94.753,76.7168,0.1846727,0.828811,0,0,3.505263,0,1.121937,0,0,0,0,0,0.828811,0,0,3.505263,3.33,5.14586,5.994,4.158811,0,4.158811,13.06363,93.31146,0.2171232,0,0.6630488,5,6.822811
4/9/2007 8:00:00 AM,0.3369528,28.98858,-92.77618,61.83741,0.3320777,1.490365,2.098163,2.098163,0,0,0,2.098163,71.03187,0,0,0,1.490365,2.208593,2.098163,0,0,0.9870492,9.73693,0,0.7182285,-0.7182285,12.30655,87.90376,0.2171232,2.30798,1.192292,0,11.22729
4/9/2007 9:00:00 AM,0.4358465,43.7953,-90.74998,46.99834,0.4324481,1.940827,3.807654,3.33,0,-1,0,3.33,58.2831,0,0.4776539,0.8584193,1.940827,3.505263,3.33,0,0,1.785081,9.018702,0,1.564436,-1.564436,10.65749,76.12479,0.2171232,4.188419,1.552662,0,10.95953
4/9/2007 10:00:00 AM,0.5403333,58.60832,-88.21931,32.26553,0.5371042,2.410524,4.77202,4.77202,5,0,1.53,4.77202,50.51369,0,0,0,2.410524,0,0,0.2279801,0.2165811,3.523343,7.454266,2.627105,0,2.627105,13.14978,93.92683,0.2172783,5.249222,1.928419,5,9.864789
4/9/2007 11:00:00 AM,0.8235984,73.38621,-83.41498,17.91395,0.8190531,3.67591,1.48701,1.48701,0,0,0,1.48701,247.2014,1.214398,0,0,3.67591,1.565274,1.48701,0,0,0.8962383,9.81866,0.8962383,0,0.8962383,14.00003,100,0.2171222,1.635711,2.940728,0,13.49457
4/9/2007 12:00:00 PM,0.9186019,87.235,-35.59077,6.97024,0.9140739,4.102364,0.8796821,0.8796821,0,0,0,0.8796821,466.3462,3.176383,0,0,4.102364,0.9259812,0.8796821,0,0,0,10.62527,0,0,0,14.00003,100,0.2171222,0.9676504,3.281891,0,14.72764
4/9/2007 1:00:00 PM,0.7964594,76.55829,81.32379,14.97199,0.7922849,3.555775,3.274213,3.274213,1.25,0,0.50625,3.274213,108.5994,1.425025,0,0,3.555775,2.13075,2.024213,0,0,0,10.62527,0,0,0,14.00003,100,0.2171222,3.601634,2.84462,5,14.18105
4/9/2007 2:00:00 PM,0.5286204,61.8062,87.50271,29.11343,0.5256748,2.359229,1.938572,1.938572,0,-1,0,1.938572,121.6993,0.3186264,0,0,2.359229,2.040602,1.938572,0,0,0,10.62527,0,0,0,14.00003,100,0.2171222,2.132429,1.887383,0,12.9845
4/9/2007 3:00:00 PM,0.5879248,46.99527,90.27096,43.80303,0.5822793,2.61327,0.8703956,0.8703956,0,-1,0,0.8703956,300.2393,1.697064,0,0,2.61327,0.9162059,0.8703956,0,0,0,10.62527,0,0,0,14.00003,100,0.2171222,0.9574351,2.090616,0,13.23854
4/9/2007 4:00:00 PM,0.5228266,32.18547,92.35291,58.62732,0.5124426,2.299843,1.204321,1.204321,0,-1,0,1.204321,190.966,1.032137,0,0,2.299843,1.267706,1.204321,0,0,0,10.62527,0,0,0,14.00003,100,0.2171222,1.324753,1.839874,0,12.92512
4/9/2007 5:00:00 PM,0.1120426,17.3966,94.31668,73.50085,0.1112659,0.4993615,7.397708,3.33,0,-1,0,3.33,14.99584,0,4.067708,4.807478,0.4993615,3.505263,3.33,0,0,0,10.62527,0,3.005902,-3.005902,10.83153,77.36791,0.2171222,8.137479,0.3994892,0,11.12464
4/9/2007 6:00:00 PM,0.03873519,2.647393,96.43407,88.39301,0.03254093,0.1460437,3.279784,3.279784,0,-1,0,3.279784,4.452845,0,4.440892E-16,0.2777626,0.1460437,3.452404,3.279784,0,0,3.339891,7.619372,0,3.306361,-3.306361,7.346319,52.4736,0.2171222,3.607763,0.116835,0,7.765416
4/9/2007 7:00:00 PM,0,0,98.96191,90,0,0,6.155199,3.33,0,-1,0,3.33,0,0,2.825199,3.440719,0,3.505263,3.33,0,0,7.013625,4.313012,0,3.505263,-3.505263,3.651448,26.08172,0.2171222,6.770719,0,0,4.313012
4/9/2007 8:00:00 PM,0,0,102.2887,90,0,0,0,0,0,-1,0,0,0,0,0,0,0,0,0,0,0,10.90836,0.8077487,0,0,0,3.651448,26.08172,0.2171222,0,0,0,0.8077487
4/9/2007 9:00:00 PM,0,0,107.1864,90,0,0,4.040529,0.7673613,0,-1,0,0.7673613,0,0,3.273168,3.677221,0,0.8077487,0.7673613,0,0,10.90836,0.8077487,0,0.8077487,-0.8077487,2.800006,20,0.2171222,4.444582,0,0,0.8077487
4/9/2007 10:00:00 PM,0,0,115.5481,90,0,0,1.38011,0,0,-1,0,0,0,0,1.38011,1.518121,0,0,0,0,0,11.80586,0,0,0,0,2.800006,20,0.2171222,1.518121,0,0,0
4/9/2007 11:00:00 PM,0,0,133.0651,90,0,0,0.07596031,0,0,-1,0,0,0,0,0.07596031,0.08355633,0,0,0,0,0,11.80586,0,0,0,0,2.800006,20,0.2171222,0.08355633,0,0,0
4/10/2007 12:00:00 AM,0,0,174.5077,90,0,0,1.496135,0,0,-1,0,0,0,0,1.496135,1.645748,0,0,0,0,0,11.80586,0,0,0,0,2.800006,20,0.2171222,1.645748,0,0,0
4/10/2007 1:00:00 AM,0,0,-139.902,90,0,0,0.3145692,0,0,-1,0,0,0,0,0.3145692,0.3460261,0,0,0,0,0,11.80586,0,0,0,0,2.800006,20,0.2171222,0.3460261,0,0,0
4/10/2007 2:00:00 AM,0,0,-118.7775,90,0,0,0.8925452,0,0,-1,0,0,0,0,0.8925452,0.9817997,0,0,0,0,0,11.80586,0,0,0,0,2.800006,20,0.2171222,0.9817997,0,0,0
4/10/2007 3:00:00 AM,0,0,-109.0632,90,0,0,1.692186,0,0,-1,0,0,0,0,1.692186,1.861404,0,0,0,0,0,11.80586,0,0,0,0,2.800006,20,0.2171222,1.861404,0,0,0
4/10/2007 4:00:00 AM,0,0,-103.5822,90,0,0,1.289911,0,0,-1,0,0,0,0,1.289911,1.418902,0,0,0,0,0,11.80586,0,0,0,0,2.800006,20,0.2171222,1.418902,0,0,0
4/10/2007 5:00:00 AM,0,0,-99.97135,90,0,0,0.7868956,0.7868956,4.292159,0,1.336759,0.7868956,0,0,0,0,0,0,0,3.505263,3.33,11.80586,0,3.33,0,3.33,5.959121,42.56506,0.2172819,0.8655851,0,5,0
4/10/2007 6:00:00 AM,0.02726948,0,-97.30402,90,0,0,0.637167,0.637167,4.14243,0,1.295883,0.637167,0,0,0,0,0,0,0,3.505263,3.33,8.475861,2.997,3.33,0,3.33,9.118237,65.13013,0.2174046,0.7008837,0,5,2.997
4/10/2007 7:00:00 AM,0.2363482,14.33037,-95.13726,76.6544,0.2223209,0.997776,2.647613,2.647613,5,0,1.53,2.647613,37.68587,-4.440892E-16,0,0,0.997776,0,0,2.352387,2.234767,5.14586,5.994,3.232543,0,3.232543,12.1849,87.0348,0.217642,2.912374,0.7982208,5,6.991776
4/10/2007 8:00:00 AM,0.2624737,29.10526,-93.20481,61.78923,0.2600075,1.166914,0,0,0,0,0,0,0,0,0,0,1.166914,0,0,0,0,1.913317,8.903289,1.166914,0,1.166914,13.29193,94.94215,0.2174401,0,0.933531,0,10.0702
4/10/2007 9:00:00 AM,0.2236276,43.90779,-91.27138,46.9692,0.222472,0.9984542,0,0,0,-1,0,0,0,0.2520514,0,0,0.9984542,0,0,0,0,0.7464029,9.953511,0.7464029,0,0.7464029,14.00003,100,0.2173112,0,0.7987634,0,10.95197
4/10/2007 10:00:00 AM,0.8040929,58.72136,-88.94201,32.26797,0.7970169,3.577012,3.901618,3.901618,1.25,0,0.50625,3.901618,91.68023,0.7858357,0,0,3.577012,2.791176,2.651618,0,0,0,10.62527,0,0,0,14.00003,100,0.2173112,4.291779,2.861609,5,14.20229
4/10/2007 11:00:00 AM,0.8273898,73.51447,-84.71718,17.99127,0.8221081,3.689621,2.899829,2.899829,0,0,0,2.899829,127.2358,0.6371703,0,0,3.689621,3.052451,2.899829,0,0,0,10.62527,0,0,0,14.00003,100,0.2173112,3.189811,2.951697,0,14.3149
4/10/2007 12:00:00 PM,0.9666824,87.58646,-39.46652,7.329742,0.9609808,4.312882,4.768462,4.768462,1.438462,0,0.5577001,4.768462,90.44598,0.8076189,0,0,4.312882,3.505263,3.33,0,0,0,10.62527,0,0,0,14.00003,100,0.2173112,5.245308,3.450306,5,14.93816
4/10/2007 1:00:00 PM,0.6202492,76.55066,83.01141,15.21248,0.6168933,2.768617,2.660194,2.660194,0,0,0,2.660194,104.0758,0,0,0,2.768617,2.800204,2.660194,0,0,0,10.62527,0,0.03158727,-0.03158727,13.96673,99.76217,0.2173112,2.926214,2.214894,0,13.39389
4/10/2007 2:00:00 PM,0.3058306,61.77401,88.33018,29.26972,0.3042973,1.365686,5.402225,3.33,0,-1,0,3.33,41.0116,4.440892E-16,2.072225,2.612448,1.365686,3.505263,3.33,0,0,0.03509696,10.59369,0,2.139577,-2.139577,11.71142,83.65283,0.2173112,5.942448,1.092549,0,11.95937
4/10/2007 3:00:00 PM,0.1598437,46.96078,90.84396,43.92519,0.1590377,0.7137613,2.722986,2.722986,0,-1,0,2.722986,26.21245,0,0,0,0.7137613,2.866301,2.722986,0,0,2.412405,8.45411,0,2.15254,-2.15254,9.442444,67.44589,0.2173112,2.995285,0.571009,0,9.167871
4/10/2007 4:00:00 PM,0.4232799,32.15457,92.81512,58.72953,0.4159504,1.866785,4.979965,3.33,0,-1,0,3.33,56.05962,0,1.649965,2.147962,1.866785,3.505263,3.33,0,0,4.804116,6.30157,0,1.638478,-1.638478,7.715336,55.10944,0.2173112,5.477962,1.493428,0,8.168355
4/10/2007 5:00:00 PM,0.197897,17.37258,94.72717,73.58846,0.1929716,0.8660567,1.333581,1.333581,0,-1,0,1.333581,64.9422,0,0,0,0.8660567,1.403769,1.333581,0,0,6.624647,4.663092,0,0.5377126,-0.5377126,7.148538,51.06088,0.2173112,1.466939,0.6928453,0,5.529149
4/10/2007 6:00:00 PM,0.04214237,2.633347,96.82671,88.46807,0.0329555,0.1479043,9.612296,3.33,0,-1,0,3.33,4.441571,0,6.282296,7.243526,0.1479043,3.505263,3.33,0,0,7.222105,4.12538,0,3.357359,-3.357359,3.609571,25.78259,0.2173112,10.57353,0.1183235,0,4.273284
4/10/2007 7:00:00 PM,0,0,99.36319,90,0,0,8.848347,0.7296197,0,-1,0,0.7296197,0,0,8.118727,9.003562,0,0.7680207,0.7296197,0,0,10.9525,0.7680207,0,0.7680207,-0.7680207,2.800006,20,0.2173112,9.733181,0,0,0.7680207
4/10/2007 8:00:00 PM,0,0,102.727,90,0,0,5.452194,0,0,-1,0,0,0,0,5.452194,5.997413,0,0,0,0,0,11.80586,0,0,0,0,2.800006,20,0.2173112,5.997413,0,0,0
4/10/2007 9:00:00 PM,0,0,107.7012,90,0,0,3.616441,0,0,-1,0,0,0,0,3.616441,3.978085,0,0,0,0,0,11.80586,0,0,0,0,2.800006,20,0.2173112,3.978085,0,0,0
4/10/2007 10:00:00 PM,0,0,116.2022,90,0,0,0.9580956,0,0,-1,0,0,0,0,0.9580956,1.053905,0,0,0,0,0,11.80586,0,0,0,0,2.800006,20,0.2173112,1.053905,0,0,0
4/10/2007 11:00:00 PM,0,0,133.9083,90,0,0,0.9966339,0,0,-1,0,0,0,0,0.9966339,1.096297,0,0,0,0,0,11.80586,0,0,0,0,2.800006,20,0.2173112,1.096297,0,0,0
4/11/2007 12:00:00 AM,0,0,174.8879,90,0,0,0.4337916,0,0,-1,0,0,0,0,0.4337916,0.4771707,0,0,0,0,0,11.80586,0,0,0,0,2.800006,20,0.2173112,0.4771707,0,0,0
4/11/2007 1:00:00 AM,0,0,-140.4244,90,0,0,0.6261235,0,0,-1,0,0,0,0,0.6261235,0.6887358,0,0,0,0,0,11.80586,0,0,0,0,2.800006,20,0.2173112,0.6887358,0,0,0
4/11/2007 2:00:00 AM,0,0,-119.3281,90,0,0,0.8592816,0,0,-1,0,0,0,0,0.8592816,0.9452098,0,0,0,0,0,11.80586,0,0,0,0,2.800006,20,0.2173112,0.9452098,0,0,0
4/11/2007 3:00:00 AM,0,0,-109.5271,90,0,0,0.1896522,0,0,-1,0,0,0,0,0.1896522,0.2086174,0,0,0,0,0,11.80586,0,0,0,0,2.800006,20,0.2173112,0.2086174,0,0,0
4/11/2007 4:00:00 AM,0,0,-103.9868,90,0,0,0.1023066,0,0,-1,0,0,0,0,0.1023066,0.1125372,0,0,0,0,0,11.80586,0,0,0,0,2.800006,20,0.2173112,0.1125372,0,0,0
4/11/2007 5:00:00 AM,0,0,-100.3455,90,0,0,0.8811777,0.8811777,4.386441,0,1.362498,0.8811777,0,0,0,0,0,0,0,3.505263,3.33,11.80586,0,3.33,0,3.33,5.959121,42.56506,0.2174916,0.9692954,0,5,0
4/11/2007 6:00:00 AM,0.02596027,0,-97.67102,90,0,0,0.9847816,0.9847816,4.490045,0,1.390782,0.9847816,0,0,0,0,0,0,0,3.505263,3.33,8.475861,2.997,3.33,0,3.33,9.118237,65.13013,0.2176959,1.08326,0,5,2.997
4/11/2007 7:00:00 AM,0.2077707,14.45217,-95.51994,76.59374,0.1968153,0.8833069,0.22196,0.22196,3.727223,0,1.182532,0.22196,397.9576,0,0,0,0.8833069,0,0,3.505263,3.33,5.14586,5.994,4.213307,0,4.213307,13.11533,93.68074,0.2175653,0.244156,0.7066455,5,6.877307
4/11/2007 8:00:00 AM,0.438669,29.21919,-93.63216,61.7435,0.4277686,1.919826,5.526776,5.526776,4.588867,0,1.417761,5.526776,34.73681,0,0,0,1.919826,0.9872723,0.9379087,0,0,0.9325533,9.785976,0.9325533,0,0.9325533,14.00003,100,0.2176172,6.079453,1.53586,5,11.7058
4/11/2007 9:00:00 AM,0.7208716,44.01653,-91.79196,46.94345,0.7097005,3.185136,0.2914529,0.2914529,0,-1,0,0.2914529,1092.847,2.878343,0,0,3.185136,0.3067925,0.2914529,0,0,0,10.62527,0,0,0,14.00003,100,0.2176172,0.3205982,2.548109,0,13.81041
4/11/2007 10:00:00 AM,0.929354,58.82897,-89.66548,32.27537,0.9198079,4.128098,1.942074,1.942074,0,0,0,1.942074,212.5613,2.083809,0,0,4.128098,2.044289,1.942074,0,0,0,10.62527,0,0,0,14.00003,100,0.2176172,2.136282,3.302478,0,14.75337
4/11/2007 11:00:00 AM,0.9454147,73.63314,-86.03162,18.07673,0.9381673,4.210495,3.948076,3.948076,1.25,0,0.50625,3.948076,106.6468,1.370415,0,0,4.210495,2.84008,2.698076,0,0,0,10.62527,0,0,0,14.00003,100,0.2176172,4.342884,3.368396,5,14.83577
4/11/2007 12:00:00 PM,0.9673191,87.92087,-44.61126,7.690608,0.9606977,4.311611,0.1890402,0.1890402,0,0,0,0.1890402,2280.791,4.112622,0,0,4.311611,0.1989897,0.1890402,0,0,0,10.62527,0,0,0,14.00003,100,0.2176172,0.2079442,3.449289,0,14.93689
4/11/2007 1:00:00 PM,0.9712329,76.53271,84.68614,15.457,0.9640214,4.326528,1.772197,1.772197,0,0,0,1.772197,244.1335,2.461057,0,0,4.326528,1.865471,1.772197,0,0,0,10.62527,0,0,0,14.00003,100,0.2176172,1.949417,3.461223,0,14.9518
4/11/2007 2:00:00 PM,0.8220657,61.73784,89.15112,29.42839,0.8144925,3.655442,0.8930025,0.8930025,0,-1,0,0.8930025,409.3429,2.71544,0,0,3.655442,0.9400026,0.8930025,0,0,0,10.62527,0,0,0,14.00003,100,0.2176172,0.9823027,2.924354,0,14.28072
4/11/2007 3:00:00 PM,0.7373439,46.92441,91.41296,44.04842,0.7270107,3.262824,0.2323026,0.2323026,0,-1,0,0.2323026,1404.557,3.018295,0,0,3.262824,0.2445291,0.2323026,0,0,0,10.62527,0,0,0,14.00003,100,0.2176172,0.2555329,2.610259,0,13.8881
4/11/2007 4:00:00 PM,0.5667601,32.12293,93.27438,58.83191,0.5530146,2.481929,0.2466616,0.2466616,0,-1,0,0.2466616,1006.208,2.222286,0,0,2.481929,0.2596438,0.2466616,0,0,0,10.62527,0,0,0,14.00003,100,0.2176172,0.2713278,1.985543,0,13.1072
4/11/2007 5:00:00 PM,0.3077884,17.34863,95.13519,73.67558,0.291545,1.308454,0.4661388,0.4661388,0,-1,0,0.4661388,280.7005,0.8177814,0,0,1.308454,0.4906724,0.4661388,0,0,0,10.62527,0,0,0,14.00003,100,0.2176172,0.5127527,1.046763,0,11.93373
4/11/2007 6:00:00 PM,0.05453826,2.620019,97.21706,88.54202,0.03375534,0.151494,2.775879,2.775879,0,-1,0,2.775879,5.457514,0,0,0,0.151494,2.921978,2.775879,0,0,0,10.62527,0,2.770483,-2.770483,11.07968,79.14043,0.2176172,3.053466,0.1211952,0,10.77677
4/11/2007 7:00:00 PM,0,0,99.76213,90,0,0,7.094083,3.33,0,-1,0,3.33,0,0,3.764083,4.473491,0,3.505263,3.33,0,0,3.078315,7.854791,0,3.505263,-3.505263,7.38481,52.74854,0.2176172,7.803491,0,0,7.854791
4/11/2007 8:00:00 PM,0,0,103.1625,90,0,0,0,0,0,-1,0,0,0,0,0,0,0,0,0,0,0,6.973052,4.349527,0,0,0,7.38481,52.74854,0.2176172,0,0,0,4.349527
4/11/2007 9:00:00 PM,0,0,108.2121,90,0,0,12.79812,3.33,0,-1,0,3.33,0,0,9.468122,10.74793,0,3.505263,3.33,0,0,6.973052,4.349527,0,3.505263,-3.505263,3.689938,26.35665,0.2176172,14.07793,0,0,4.349527
4/11/2007 10:00:00 PM,0,0,116.8486,90,0,0,0.2492007,0.2492007,0,-1,0,0.2492007,0,0,2.775558E-17,0,0,0.2623165,0.2492007,0,0,10.86779,0.8442644,0,0.2623165,-0.2623165,3.413433,24.38161,0.2176172,0.2741207,0,0,0.8442644
4/11/2007 11:00:00 PM,0,0,134.7309,90,0,0,0.3021455,0.3021455,0,-1,0,0.3021455,0,0,5.551115E-17,0,0,0.3180479,0.3021455,0,0,11.15925,0.5819479,0,0.3180479,-0.3180479,3.078181,21.98696,0.2176172,0.33236,0,0,0.5819479
4/12/2007 12:00:00 AM,0,0,175.2468,90,0,0,1.526503,0.250705,0,-1,0,0.250705,0,0,1.275798,1.428448,0,0.2639,0.250705,0,0,11.51264,0.2639,0,0.2639,-0.2639,2.800006,20,0.2176172,1.679153,0,0,0.2639
4/12/2007 1:00:00 AM,0,0,-140.9299,90,0,0,0.3567661,0,0,-1,0,0,0,0,0.3567661,0.3924428,0,0,0,0,0,11.80586,0,0,0,0,2.800006,20,0.2176172,0.3924428,0,0,0
4/12/2007 2:00:00 AM,0,0,-119.8689,90,0,0,1.190429,0,0,-1,0,0,0,0,1.190429,1.309472,0,0,0,0,0,11.80586,0,0,0,0,2.800006,20,0.2176172,1.309472,0,0,0
4/12/2007 3:00:00 AM,0,0,-109.9858,90,0,0,1.251754,0,0,-1,0,0,0,0,1.251754,1.37693,0,0,0,0,0,11.80586,0,0,0,0,2.800006,20,0.2176172,1.37693,0,0,0
4/12/2007 4:00:00 AM,0,0,-104.3881,90,0,0,1.226506,0,0,-1,0,0,0,0,1.226506,1.349156,0,0,0,0,0,11.80586,0,0,0,0,2.800006,20,0.2176172,1.349156,0,0,0
4/12/2007 5:00:00 AM,0,0,-100.7171,90,0,0,0.9755508,0.9755508,4.480814,0,1.388262,0.9755508,0,4.440892E-16,0,0,0,0,0,3.505263,3.33,11.80586,0,3.33,0,3.33,5.959121,42.56506,0.2178176,1.073106,0,5,0
4/12/2007 6:00:00 AM,0.02366503,0,-98.03602,90,0,0,0.4430026,0.4430026,3.948266,0,1.242877,0.4430026,0,4.440892E-16,0,0,0,0,0,3.505263,3.33,8.475861,2.997,3.33,0,3.33,9.118237,65.13013,0.2178905,0.4873028,0,5,2.997
4/12/2007 7:00:00 AM,0.2238188,14.57181,-95.90094,76.53488,0.2101685,0.9432364,0.9057372,0.9057372,4.411,0,1.369203,0.9057372,104.1402,4.440892E-16,0,0,0.9432364,0,0,3.505263,3.33,5.14586,5.994,4.273236,0,4.273236,13.17218,94.08685,0.2179122,0.9963108,0.7545891,5,6.937236
4/12/2007 8:00:00 AM,0.3979489,29.33027,-94.05806,61.70027,0.3887152,1.744554,1.991567,1.991567,0,0,0,1.991567,87.59705,0,2.220446E-16,0,1.744554,2.096386,1.991567,0,0,0.8726238,9.839912,0,0.3518322,-0.3518322,12.80132,91.43782,0.2179122,2.190723,1.395643,0,11.58447
4/12/2007 9:00:00 AM,0.5438923,44.12145,-92.31151,46.92115,0.5367483,2.408926,5.441882,3.33,0,-1,0,3.33,72.34013,0,2.111881,2.65607,2.408926,3.505263,3.33,0,0,1.263548,9.488081,0,1.096337,-1.096337,11.64568,83.18327,0.2179122,5.98607,1.927141,0,11.89701
4/12/2007 10:00:00 AM,0.6919236,58.93109,-90.38927,32.28772,0.6852589,3.075442,5.347082,5.347082,4.783027,0,1.470766,5.347082,57.51627,0,0,0,3.075442,0.5937417,0.5640545,0,0,2.4817,8.391744,2.4817,0,2.4817,14.00003,100,0.2180479,5.88179,2.460354,5,11.46719
4/12/2007 11:00:00 AM,0.8963041,73.7421,-87.35658,18.17011,0.8887154,3.988555,8.603276,8.33,5,0,1.53,8.33,47.88181,0.4832918,0.2732766,1.133604,3.988555,3.505263,3.33,0,0,1.872444E-15,10.62527,1.872444E-15,0,1.872444E-15,14.00003,100,0.2180479,9.463604,3.190844,5,14.61383
4/12/2007 12:00:00 PM,0.9500584,88.2299,-51.61207,8.052226,0.9427081,4.230874,0.03315041,0.03315041,0,0,0,0.03315041,12762.66,4.195979,0,0,4.230874,0.03489517,0.03315041,0,0,0,10.62527,0,0,0,14.00003,100,0.2180479,0.03646545,3.384699,0,14.85615
4/12/2007 1:00:00 PM,0.8444153,76.50475,86.34516,15.70508,0.8377506,3.759825,0.7837918,0.7837918,0,0,0,0.7837918,479.6969,2.934781,0,0,3.759825,0.825044,0.7837918,0,0,0,10.62527,0,0,0,14.00003,100,0.2180479,0.862171,3.00786,0,14.3851
4/12/2007 2:00:00 PM,0.6473913,61.69786,89.96515,29.5892,0.6420206,2.881388,2.21124,2.21124,0,-1,0,2.21124,130.3065,0.5537675,0,0,2.881388,2.327621,2.21124,0,0,0,10.62527,0,0,0,14.00003,100,0.2180479,2.432364,2.305111,0,13.50666
4/12/2007 3:00:00 PM,0.6506827,46.88631,91.97778,44.17253,0.6414585,2.878866,3.798037,3.33,0,-1,0,3.33,86.45242,4.440892E-16,0.4680371,0.8478408,2.878866,3.505263,3.33,0,0,0,10.62527,0,0.6263975,-0.6263975,13.33975,95.28371,0.2180479,4.177841,2.303092,0,13.50414
4/12/2007 4:00:00 PM,0.474333,32.09068,93.73058,58.93435,0.4632054,2.078866,2.587599,2.587599,0,-1,0,2.587599,80.33956,0,0,0,2.078866,2.723788,2.587599,0,0,0.6959972,9.998877,0,0.6449227,-0.6449227,12.65994,90.42796,0.2180479,2.846359,1.663093,0,12.07774
4/12/2007 5:00:00 PM,0.2465516,17.32483,95.54064,73.76208,0.2354623,1.056755,0.2219183,0.2219183,0,-1,0,0.2219183,476.1909,0,0,0,1.056755,0.2335982,0.2219183,0,0,1.412578,9.353954,0.8231565,0,0.8231565,13.44085,96.00591,0.2179082,0.2441101,0.8454037,0,10.41071
4/12/2007 6:00:00 PM,0.03807294,2.607481,97.60502,88.61475,0.03096795,0.1389842,4.671049,3.33,0,-1,0,3.33,4.173699,0,1.341049,1.808154,0.1389842,3.505263,3.33,0,0,0.5894215,10.0948,0,3.366279,-3.366279,9.892484,70.66046,0.2179082,5.138154,0.1111873,0,10.23378
4/12/2007 7:00:00 PM,0,0,100.1586,90,0,0,0,0,0,-1,0,0,0,0,0,0,0,0,0,0,0,4.329731,6.728516,0,0,0,9.892484,70.66046,0.2179082,0,0,0,6.728516
4/12/2007 8:00:00 PM,0,0,103.5951,90,0,0,6.429719,3.33,0,-1,0,3.33,0,0,3.099719,3.742691,0,3.505263,3.33,0,0,4.329731,6.728516,0,3.505263,-3.505263,6.197612,44.26857,0.2179082,7.072691,0,0,6.728516
4/12/2007 9:00:00 PM,0,0,108.7188,90,0,0,7.101648,3.06209,0,-1,0,3.06209,0,0,4.039558,4.749723,0,3.223253,3.06209,0,0,8.224468,3.223253,0,3.223253,-3.223253,2.800006,20,0.2179082,7.811813,0,0,3.223253
4/12/2007 10:00:00 PM,0,0,117.4872,90,0,0,0.7255231,0,0,-1,0,0,0,0,0.7255231,0.7980754,0,0,0,0,0,11.80586,0,0,0,0,2.800006,20,0.2179082,0.7980754,0,0,0
4/12/2007 11:00:00 PM,0,0,135.5328,90,0,0,1.35052,0,0,-1,0,0,0,0,1.35052,1.485572,0,0,0,0,0,11.80586,0,0,0,0,2.800006,20,0.2179082,1.485572,0,0,0
4/13/2007 12:00:00 AM,0,0,175.5856,90,0,0,0,0,0,-1,0,0,0,0,0,0,0,0,0,0,0,11.80586,0,0,0,0,2.800006,20,0.2179082,0,0,0,0
4/13/2007 1:00:00 AM,0,0,-141.4195,90,0,0,0.8130435,0,0,-1,0,0,0,0,0.8130435,0.8943478,0,0,0,0,0,11.80586,0,0,0,0,2.800006,20,0.2179082,0.8943478,0,0,0
4/13/2007 2:00:00 AM,0,0,-120.4001,90,0,0,0,0,0,-1,0,0,0,0,0,0,0,0,0,0,0,11.80586,0,0,0,0,2.800006,20,0.2179082,0,0,0,0
4/13/2007 3:00:00 AM,0,0,-110.439,90,0,0,0.1842585,0,0,-1,0,0,0,0,0.1842585,0.2026844,0,0,0,0,0,11.80586,0,0,0,0,2.800006,20,0.2179082,0.2026844,0,0,0
4/13/2007 4:00:00 AM,0,0,-104.7859,90,0,0,0.2429947,0,0,-1,0,0,0,0,0.2429947,0.2672942,0,0,0,0,0,11.80586,0,0,0,0,2.800006,20,0.2179082,0.2672942,0,0,0
4/13/2007 5:00:00 AM,0,0,-101.0861,90,0,0,0.2446472,0.2446472,3.74991,0,1.188726,0.2446472,0,0,0,0,0,0,0,3.505263,3.33,11.80586,0,3.33,0,3.33,5.959121,42.56506,0.2179336,0.269112,0,5,0
4/13/2007 6:00:00 AM,0.02032554,0,-98.39892,90,0,0,0.4659398,0.4659398,3.971203,0,1.249138,0.4659398,0,0,0,0,0,0,0,3.505263,3.33,8.475861,2.997,3.33,0,3.33,9.118237,65.13013,0.2180108,0.5125338,0,5,2.997
4/13/2007 7:00:00 AM,0.2171606,14.68921,-96.28013,76.47791,0.2040053,0.9155757,0,0,3.505263,0,1.121937,0,0,0,0,0,0.9155757,0,0,3.505263,3.33,5.14586,5.994,4.245576,0,4.245576,13.14594,93.89941,0.2178245,0,0.7324606,5,6.909576
4/13/2007 8:00:00 AM,0.4773136,29.43842,-94.48238,61.65959,0.4629221,2.077594,2.73539,2.73539,0,0,0,2.73539,75.95239,0,0,0,2.077594,2.879358,2.73539,0,0,0.9002845,9.815018,0,0.8017638,-0.8017638,12.30081,87.86275,0.2178245,3.008929,1.662075,0,11.89261
4/13/2007 9:00:00 AM,0.6116008,44.22248,-92.82979,46.9023,0.601634,2.700134,1.454087,1.454087,0,-1,0,1.454087,185.6928,0,0,0,2.700134,1.530617,1.454087,0,0,1.791133,9.013254,1.169516,0,1.169516,13.41031,95.78774,0.217628,1.599495,2.160107,0,11.71339
4/13/2007 10:00:00 AM,0.9592313,59.02764,-91.1129,32.30499,0.947188,4.25098,2.941843,2.941843,0,0,0,2.941843,144.5006,0.5326858,0,0,4.25098,3.096677,2.941843,0,0,0.621617,10.06582,0.621617,0,0.621617,14.00003,100,0.2175238,3.236027,3.400784,0,14.3168
4/13/2007 11:00:00 AM,1.018882,73.84122,-88.69022,18.27115,1.008899,4.527938,4.180601,4.180601,1.25,0,0.50625,4.180601,108.3083,1.443096,0,0,4.527938,3.084842,2.9306,0,0,0,10.62527,0,0,0,14.00003,100,0.2175238,4.59866,3.62235,5,15.15321
4/13/2007 12:00:00 PM,0.9873582,88.49957,-61.29634,8.414068,0.9786847,4.392337,2.542315,2.542315,0,0,0,2.542315,172.7692,1.716216,0,0,4.392337,2.676121,2.542315,0,0,0,10.62527,0,0,0,14.00003,100,0.2175238,2.796546,3.513869,0,15.01761
4/13/2007 1:00:00 PM,0.8835462,76.46711,87.98579,15.95623,0.8755814,3.929609,4.507177,4.507177,1.25,0,0.50625,4.507177,87.1856,0.5010021,0,0,3.929609,3.428607,3.257177,0,0,0,10.62527,0,0,0,14.00003,100,0.2175238,4.957894,3.143687,5,14.55488
4/13/2007 2:00:00 PM,0.7174369,61.65427,90.77186,29.75192,0.7102041,3.187396,5.528448,3.33,0,-1,0,3.33,95.7176,0,2.198448,2.751292,3.187396,3.505263,3.33,0,0,0,10.62527,0,0.3178672,-0.3178672,13.66497,97.60671,0.2175238,6.081293,2.549917,0,13.81267
4/13/2007 3:00:00 PM,0.6796418,46.84659,92.53822,44.29739,0.6687922,3.00154,0,0,0,-1,0,0,0,2.648354,0,0,3.00154,0,0,0,0,0.3531857,10.30741,0.3531857,0,0.3531857,14.00003,100,0.2174646,0,2.401232,0,13.30895
4/13/2007 4:00:00 PM,0.4299748,32.0579,94.18353,59.03671,0.420483,1.887128,1.707368,1.707368,0,-1,0,1.707368,110.5285,0.08989824,0,0,1.887128,1.797229,1.707368,0,0,0,10.62527,0,0,0,14.00003,100,0.2174646,1.878105,1.509702,0,12.5124
4/13/2007 5:00:00 PM,0.248629,17.30128,95.94338,73.84785,0.2365925,1.061827,5.86244,3.33,0,-1,0,3.33,31.8867,4.440892E-16,2.532439,3.118683,1.061827,3.505263,3.33,0,0,0,10.62527,0,2.443436,-2.443436,11.42442,81.60284,0.2174646,6.448683,0.8494617,0,11.6871
4/13/2007 6:00:00 PM,0.04070102,2.595801,97.99046,88.6862,0.0309015,0.1386859,5.667272,3.33,0,-1,0,3.33,4.164742,0,2.337272,2.903999,0.1386859,3.505263,3.33,0,0,2.714929,8.181838,0,3.366577,-3.366577,7.875736,56.25515,0.2174646,6.233999,0.1109487,0,8.320524
4/13/2007 7:00:00 PM,0,0,100.5524,90,0,0,9.671482,3.33,0,-1,0,3.33,0,0,6.341482,7.30863,0,3.505263,3.33,0,0,6.45557,4.815261,0,3.505263,-3.505263,4.180864,29.86326,0.2174646,10.63863,0,0,4.815261
4/13/2007 8:00:00 PM,0,0,104.0246,90,0,0,3.429753,1.244498,0,-1,0,1.244498,0,0,2.185255,2.52823,0,1.309998,1.244498,0,0,10.35031,1.309998,0,1.309998,-1.309998,2.800006,20,0.2174646,3.772728,0,0,1.309998
4/13/2007 9:00:00 PM,0,0,109.2211,90,0,0,0,0,0,-1,0,0,0,0,0,0,0,0,0,0,0,11.80586,0,0,0,0,2.800006,20,0.2174646,0,0,0,0
4/13/2007 10:00:00 PM,0,0,118.1176,90,0,0,0.1147165,0,0,-1,0,0,0,0,0.1147165,0.1261882,0,0,0,0,0,11.80586,0,0,0,0,2.800006,20,0.2174646,0.1261882,0,0,0
4/13/2007 11:00:00 PM,0,0,136.314,90,0,0,1.003509,0,0,-1,0,0,0,0,1.003509,1.10386,0,0,0,0,0,11.80586,0,0,0,0,2.800006,20,0.2174646,1.10386,0,0,0
4/14/2007 12:00:00 AM,0,0,175.9054,90,0,0,0.2880041,0,0,-1,0,0,0,0,0.2880041,0.3168046,0,0,0,0,0,11.80586,0,0,0,0,2.800006,20,0.2174646,0.3168046,0,0,0
4/14/2007 1:00:00 AM,0,0,-141.8939,90,0,0,0.9966123,0,0,-1,0,0,0,0,0.9966123,1.096273,0,0,0,0,0,11.80586,0,0,0,0,2.800006,20,0.2174646,1.096273,0,0,0
4/14/2007 2:00:00 AM,0,0,-120.9218,90,0,0,0.7138016,0,0,-1,0,0,0,0,0.7138016,0.7851818,0,0,0,0,0,11.80586,0,0,0,0,2.800006,20,0.2174646,0.7851818,0,0,0
4/14/2007 3:00:00 AM,0,0,-110.8869,90,0,0,1.918485,0,0,-1,0,0,0,0,1.918485,2.110333,0,0,0,0,0,11.80586,0,0,0,0,2.800006,20,0.2174646,2.110333,0,0,0
4/14/2007 4:00:00 AM,0,0,-105.1801,90,0,0,0.798813,0,0,-1,0,0,0,0,0.798813,0.8786943,0,0,0,0,0,11.80586,0,0,0,0,2.800006,20,0.2174646,0.8786943,0,0,0
4/14/2007 5:00:00 AM,0,0,-101.4525,90,0,0,0,0,0,0,0,0,0,0,0,0,0,0,0,0,0,11.80586,0,0,0,0,2.800006,20,0.2174646,0,0,0,0
4/14/2007 6:00:00 AM,0.02960883,0.1230401,-98.75964,91.24837,0.005070348,0.02275572,0,0,0,0,0,0,0,0,0,0,0.02275572,0,0,0,0,11.80586,0,0.02275572,0,0.02275572,2.821594,20.1542,0.2174608,0,0.01820458,0,0.02275572
4/14/2007 7:00:00 AM,0.2251494,14.80427,-96.65739,76.42287,0.2103281,0.9439527,0,0,0,0,0,0,0,0,0,0,0.9439527,0,0,0,0,11.7831,0.02048015,0.9439527,0,0.9439527,3.717106,26.5507,0.2173027,0,0.7551622,0,0.9644328
4/14/2007 8:00:00 AM,0.4538893,29.54356,-94.90495,61.62152,0.440018,1.974801,1.754869,1.754869,4.784085,0,1.471055,1.754869,112.5326,0,0,0,1.974801,0,0,3.029216,2.877755,10.83915,0.8700376,4.852556,0,4.852556,8.320644,59.43306,0.2173162,1.930356,1.579841,5,2.844838
4/14/2007 9:00:00 AM,0.7290831,44.31956,-93.34657,46.88694,0.714819,3.208107,2.266961,2.266961,0,-1,0,2.266961,141.5158,0,0,0,3.208107,2.386275,2.266961,0,0,5.986596,5.237338,0.8218325,0,0.8218325,9.100304,65.00204,0.2171793,2.493657,2.566486,0,8.445445
4/14/2007 10:00:00 AM,0.8449472,59.11858,-91.83592,32.32714,0.833689,3.741596,3.163545,3.163545,4.515553,0,1.397746,3.163545,118.2723,0,0,0,3.741596,0,0,1.352008,1.284408,5.164763,5.976987,5.026005,0,5.026005,13.86839,99.05973,0.2171022,3.479899,2.993277,5,9.718584
4/14/2007 11:00:00 AM,0.808417,73.9304,-90.03059,18.37961,0.8006837,3.593468,3.220389,3.220389,1.25,0,0.50625,3.220389,111.5849,1.380616,0,0,3.593468,2.074094,1.970389,0,0,0.1387588,10.50039,0.1387588,0,0.1387588,14.00003,100,0.2170792,3.542428,2.874775,5,14.09386
4/14/2007 12:00:00 PM,0.9945394,88.70719,-74.54538,8.775672,0.9848402,4.419963,0,0,0,0,0,0,0,4.419963,0,0,4.419963,0,0,0,0,0,10.62527,0,0,0,14.00003,100,0.2170792,0,3.53597,0,15.04524
4/14/2007 1:00:00 PM,0.9778808,76.42017,89.60556,16.21001,0.9676936,4.343009,5.097812,5.097812,1.767812,0,0.6476128,5.097812,85.19358,0.8377458,0,0,4.343009,3.505263,3.33,0,0,0,10.62527,0,0,0,14.00003,100,0.2170792,5.607594,3.474407,5,14.96828
4/14/2007 2:00:00 PM,0.7639033,61.60725,91.57088,29.91632,0.7549993,3.388437,2.85244,2.85244,0,-1,0,2.85244,118.7908,0.3858684,0,0,3.388437,3.002568,2.85244,0,0,0,10.62527,0,0,0,14.00003,100,0.2170792,3.137684,2.71075,0,14.01371
4/14/2007 3:00:00 PM,0.582476,46.8054,93.09408,44.42283,0.5740048,2.576133,2.740671,2.740671,0,-1,0,2.740671,93.99644,0,0,0,2.576133,2.884917,2.740671,0,0,0,10.62527,0,0.3087839,-0.3087839,13.67454,97.6751,0.2170792,3.014739,2.060907,0,13.20141
4/14/2007 4:00:00 PM,0.479725,32.02472,94.63314,59.13886,0.4666943,2.094524,2.546601,2.546601,0,-1,0,2.546601,82.24781,0,0,0,2.094524,2.680633,2.546601,0,0,0.3430932,10.31649,0,0.5861091,-0.5861091,13.05673,93.26215,0.2170792,2.801261,1.675619,0,12.41101
4/14/2007 5:00:00 PM,0.2277249,17.27805,96.34331,73.93282,0.2177852,0.97742,0,0,0,-1,0,0,0,0,0,0,0.97742,0,0,0,0,0.9943255,9.730381,0.97742,0,0.97742,13.98399,99.88544,0.2169173,0,0.781936,0,10.7078
4/14/2007 6:00:00 PM,0.03751634,2.585045,98.37325,88.75626,0.02996895,0.1345007,0,0,0,-1,0,0,0,0.1175951,0,0,0.1345007,0,0,0,0,0.01690554,10.61006,0.01690554,0,0.01690554,14.00003,100,0.2169145,0,0.1076005,0,10.74456
4/14/2007 7:00:00 PM,0,0,100.9435,90,0,0,2.193818,2.193818,0,-1,0,2.193818,0,0,0,0,0,2.309282,2.193818,0,0,0,10.62527,0,2.309282,-2.309282,11.56583,82.61292,0.2169145,2.4132,0,0,10.62527
4/14/2007 8:00:00 PM,0,0,104.4509,90,0,0,14.55691,3.33,0,-1,0,3.33,0,0,11.22691,12.6826,0,3.505263,3.33,0,0,2.565869,8.315992,0,3.505263,-3.505263,7.870959,56.22102,0.2169145,16.0126,0,0,8.315992
4/14/2007 9:00:00 PM,0,0,109.7188,90,0,0,4.99641,3.33,0,-1,0,3.33,0,0,1.66641,2.166051,0,3.505263,3.33,0,0,6.460606,4.810729,0,3.505263,-3.505263,4.176087,29.82914,0.2169145,5.496051,0,0,4.810729
4/14/2007 10:00:00 PM,0,0,118.7395,90,0,0,1.752319,1.240193,0,-1,0,1.240193,0,0,0.5121267,0.6873586,0,1.305466,1.240193,0,0,10.35534,1.305466,0,1.305466,-1.305466,2.800006,20,0.2169145,1.927551,0,0,1.305466
4/14/2007 11:00:00 PM,0,0,137.0748,90,0,0,0.6738063,0,0,-1,0,0,0,0,0.6738063,0.7411869,0,0,0,0,0,11.80586,0,0,0,0,2.800006,20,0.2169145,0.7411869,0,0,0
4/15/2007 12:00:00 AM,0,0,176.2071,90,0,0,1.185253,0,0,-1,0,0,0,0,1.185253,1.303778,0,0,0,0,0,11.80586,0,0,0,0,2.800006,20,0.2169145,1.303778,0,0,0
4/15/2007 1:00:00 AM,0,0,-142.3539,90,0,0,0,0,0,-1,0,0,0,0,0,0,0,0,0,0,0,11.80586,0,0,0,0,2.800006,20,0.2169145,0,0,0,0
4/15/2007 2:00:00 AM,0,0,-121.434,90,0,0,0.6281749,0,0,-1,0,0,0,0,0.6281749,0.6909924,0,0,0,0,0,11.80586,0,0,0,0,2.800006,20,0.2169145,0.6909924,0,0,0
4/15/2007 3:00:00 AM,0,0,-111.3294,90,0,0,1.067787,0,0,-1,0,0,0,0,1.067787,1.174566,0,0,0,0,0,11.80586,0,0,0,0,2.800006,20,0.2169145,1.174566,0,0,0
4/15/2007 4:00:00 AM,0,0,-105.5707,90,0,0,0,0,0,-1,0,0,0,0,0,0,0,0,0,0,0,11.80586,0,0,0,0,2.800006,20,0.2169145,0,0,0,0
4/15/2007 5:00:00 AM,0,0,-101.8161,90,0,0,0,0,0,0,0,0,0,0,0,0,0,0,0,0,0,11.80586,0,0,0,0,2.800006,20,0.2169145,0,0,0,0
4/15/2007 6:00:00 AM,0.03505765,0.2485556,-99.11806,91.17997,0.002372055,0.01064578,0,0,0,0,0,0,0,0,0,0,0.01064578,0,0,0,0,11.80586,0,0.01064578,0,0.01064578,2.810105,20.07214,0.2169127,0,0.008516627,0,0.01064578
4/15/2007 7:00:00 AM,0.2784618,14.91691,-97.03263,76.36986,0.2564691,1.151033,2.087919,2.087919,4.601675,0,1.421257,2.087919,55.12826,0,0,0,1.151033,0,0,2.513756,2.388068,11.79521,0.009581205,3.539101,0,3.539101,6.167592,44.05414,0.2171022,2.29671,0.9208266,5,1.160614
4/15/2007 8:00:00 AM,0.4724914,29.64563,-95.32563,61.5861,0.456771,2.049988,3.292107,3.292107,5,0,1.53,3.292107,62.2698,0,0,0,2.049988,0,0,1.707893,1.622499,8.256113,3.194772,3.672487,0,3.672487,9.651618,68.93999,0.2173385,3.621317,1.639991,5,5.244761
4/15/2007 9:00:00 AM,0.7381301,44.41262,-93.8616,46.87507,0.722678,3.243379,3.764673,3.33,0,-1,0,3.33,97.39877,0,0.4346727,0.81114,3.243379,3.505263,3.33,0,0,4.583626,6.50001,0,0.2618843,-0.2618843,9.375568,66.96821,0.2173385,4.14114,2.594703,0,9.743389
4/15/2007 10:00:00 AM,0.7228433,59.20386,-92.55785,32.35413,0.7136548,3.202883,1.726904,1.726904,0,0,0,1.726904,185.4697,0,0,0,3.202883,1.817793,1.726904,0,0,4.874609,6.238126,1.38509,0,1.38509,10.68958,76.35399,0.2171104,1.899594,2.562306,0,9.44101
4/15/2007 11:00:00 AM,0.8793856,74.00961,-91.37566,18.4952,0.8696157,3.902835,2.026119,2.026119,0,0,0,2.026119,192.6262,0,0,0,3.902835,2.132757,2.026119,0,0,3.489519,7.484707,1.770078,0,1.770078,12.36882,88.34856,0.2168195,2.228731,3.122268,0,11.38754
4/15/2007 12:00:00 PM,1.015947,88.82208,-91.41393,9.136633,1.00501,4.510485,3.022718,3.022718,0,0,0,3.022718,149.2195,0,0,0,4.510485,3.181809,3.022718,0,0,1.719441,9.077778,1.328676,0,1.328676,13.62932,97.35206,0.2166016,3.32499,3.608388,0,13.58826
4/15/2007 1:00:00 PM,0.9716127,76.36431,91.20223,16.46599,0.9605593,4.31099,2.492116,2.492116,0,0,0,2.492116,172.9851,1.296945,0,0,4.31099,2.62328,2.492116,0,0,0.3907652,10.27359,0.3907652,0,0.3907652,14.00003,100,0.2165377,2.741328,3.448792,0,14.58458
4/15/2007 2:00:00 PM,0.8486964,61.557,92.36188,30.08216,0.8371149,3.756971,0.3624762,0.3624762,0,-1,0,0.3624762,1036.474,3.375418,0,0,3.756971,0.3815539,0.3624762,0,0,0,10.62527,0,0,0,14.00003,100,0.2165377,0.3987238,3.005577,0,14.38225
4/15/2007 3:00:00 PM,0.6718059,46.76287,93.6452,44.54868,0.6594983,2.959828,3.389309,3.33,0,-1,0,3.33,88.88374,0,0.05930888,0.3982398,2.959828,3.505263,3.33,0,0,0,10.62527,0,0.5454347,-0.5454347,13.42509,95.8933,0.2165377,3.72824,2.367863,0,13.5851
4/15/2007 4:00:00 PM,0.5151721,31.99123,95.07925,59.24068,0.4993769,2.241204,1.095412,1.095412,0,-1,0,1.095412,204.5992,0.4821,0,0,2.241204,1.153065,1.095412,0,0,0.6060386,10.07984,0.6060386,0,0.6060386,14.00003,100,0.2164385,1.204953,1.792963,0,12.32104
4/15/2007 5:00:00 PM,0.2593791,17.25523,96.74028,74.01685,0.2444554,1.097116,0,0,0,-1,0,0,0,1.097116,0,0,1.097116,0,0,0,0,0,10.62527,0,0,0,14.00003,100,0.2164385,0,0.8776928,0,11.72239
4/15/2007 6:00:00 PM,0.04183555,2.575278,98.75329,88.82485,0.0297108,0.1333421,2.996709,2.996709,0,-1,0,2.996709,4.449617,0,4.440892E-16,0,0.1333421,3.15443,2.996709,0,0,0,10.62527,0,3.021088,-3.021088,10.81552,77.25357,0.2164385,3.29638,0.1066737,0,10.75862
4/15/2007 7:00:00 PM,0,0,101.3317,90,0,0,0.5903554,0.5903554,0,-1,0,0.5903554,0,0,1.110223E-16,0,0,0.6214267,0.5903554,0,0,3.356765,7.604186,0,0.6214267,-0.6214267,10.16048,72.57471,0.2164385,0.6493909,0,0,7.604186
4/15/2007 8:00:00 PM,0,0,104.8738,90,0,0,1.47733,1.47733,0,-1,0,1.47733,0,0,0,0,0,1.555085,1.47733,0,0,4.047239,6.982759,0,1.555085,-1.555085,8.521277,60.86614,0.2164385,1.625063,0,0,6.982759
4/15/2007 9:00:00 PM,0,0,110.2118,90,0,0,2.432436,2.432436,0,-1,0,2.432436,0,0,0,0,0,2.560459,2.432436,0,0,5.775111,5.427675,0,2.560459,-2.560459,5.822317,41.58789,0.2164385,2.675679,0,0,5.427675
4/15/2007 10:00:00 PM,0,0,119.3527,90,0,0,0.4443404,0.4443404,0,-1,0,0.4443404,0,0,5.551115E-17,0,0,0.4677267,0.4443404,0,0,8.620065,2.867216,0,0.4677267,-0.4677267,5.329289,38.06628,0.2164385,0.4887744,0,0,2.867216
4/15/2007 11:00:00 PM,0,0,137.8151,90,0,0,0.6078197,0.6078197,0,-1,0,0.6078197,0,0,1.110223E-16,0,0,0.6398102,0.6078197,0,0,9.139761,2.399489,0,0.6398102,-0.6398102,4.65487,33.249,0.2164385,0.6686017,0,0,2.399489
4/16/2007 12:00:00 AM,0,0,176.4916,90,0,0,0.8918801,0.8918801,0,-1,0,0.8918801,0,0,0,0,0,0.9388212,0.8918801,0,0,9.850661,1.759679,0,0.9388212,-0.9388212,3.665266,26.18042,0.2164385,0.9810681,0,0,1.759679
4/16/2007 1:00:00 AM,0,0,-142.8002,90,0,0,0.6244441,0.6244441,0,-1,0,0.6244441,0,0,0,0,0,0.6573095,0.6244441,0,0,10.8938,0.8208578,0,0.6573095,-0.6573095,2.972401,21.23139,0.2164385,0.6868885,0,0,0.8208578
4/16/2007 2:00:00 AM,0,0,-121.9371,90,0,0,0.3476928,0.1553708,0,-1,0,0.1553708,0,0,0.192322,0.2270913,0,0.1635483,0.1553708,0,0,11.62414,0.1635483,0,0.1635483,-0.1635483,2.800006,20,0.2164385,0.3824621,0,0,0.1635483
4/16/2007 3:00:00 AM,0,0,-111.7665,90,0,0,0.4105156,0,0,-1,0,0,0,0,0.4105156,0.4515671,0,0,0,0,0,11.80586,0,0,0,0,2.800006,20,0.2164385,0.4515671,0,0,0
4/16/2007 4:00:00 AM,0,0,-105.9576,90,0,0,0.6628813,0,0,-1,0,0,0,0,0.6628813,0.7291694,0,0,0,0,0,11.80586,0,0,0,0,2.800006,20,0.2164385,0.7291694,0,0,0
4/16/2007 5:00:00 AM,0,0,-102.1769,90,0,0,0.7779966,0.7779966,4.28326,0,1.33433,0.7779966,0,0,0,0,0,0,0,3.505263,3.33,11.80586,0,3.33,0,3.33,5.959121,42.56506,0.2165888,0.8557962,0,5,0
4/16/2007 6:00:00 AM,0.01136845,0.3720751,-99.47412,91.11311,0.01098867,0.04931713,0.7559768,0.7559768,4.26124,0,1.328318,0.7559768,6.523631,0,0,0,0.04931713,0,0,3.505263,3.33,8.475861,2.997,3.379317,0,3.379317,9.165023,65.46432,0.2167252,0.8315744,0.0394537,5,3.046317
4/16/2007 7:00:00 AM,0.1437276,15.02705,-97.40571,76.31891,0.1402955,0.6296461,1.994588,1.994588,4.985407,0,1.526016,1.994588,31.56772,-4.440892E-16,0,0,0.6296461,0,0,2.990819,2.841278,5.096543,6.038385,3.470924,0,3.470924,12.45783,88.98432,0.2169774,2.194047,0.5037169,5,6.668032
4/16/2007 8:00:00 AM,0.3962946,29.74455,-95.74426,61.55336,0.3852111,1.728827,1.622623,1.622623,0,0,0,1.622623,106.5452,0,0,0,1.728827,1.708025,1.622623,0,0,1.625619,9.162217,0.0208029,0,0.0208029,12.47757,89.12529,0.2169741,1.784886,1.383062,0,10.89104
4/16/2007 9:00:00 AM,0.4557553,44.50162,-94.37466,46.86671,0.4501939,2.02047,0,0,0,-1,0,0,0,0.4156539,0,0,2.02047,0,0,0,0,1.604816,9.18094,1.604816,0,1.604816,14.00003,100,0.2167133,0,1.616376,0,11.20141
4/16/2007 10:00:00 AM,0.6772247,59.28345,-93.27818,32.3859,0.668738,3.001296,3.062039,3.062039,1.25,0,0.50625,3.062039,98.01627,1.093887,0,0,3.001296,1.907409,1.812039,0,0,0,10.62527,0,0,0,14.00003,100,0.2167133,3.368243,2.401037,5,13.62657
4/16/2007 11:00:00 AM,0.6623686,74.07879,-92.72334,18.61764,0.6565504,2.946598,4.314041,4.314041,1.514773,0,0.578533,4.314041,68.30251,0,0,0,2.946598,2.946598,2.799268,0,0,0,10.62527,0,0,0,14.00003,100,0.2167133,4.745445,2.357279,5,13.57187
4/16/2007 12:00:00 PM,0.4936732,88.81956,-109.8054,9.496589,0.4907545,2.202507,2.754752,2.754752,0,0,0,2.754752,79.95299,0,0,0,2.202507,2.899739,2.754752,0,0,0,10.62527,0,0.6972324,-0.6972324,13.26508,94.75038,0.2167133,3.030227,1.762005,0,12.82778
4/16/2007 1:00:00 PM,0.7270312,76.29996,92.77377,16.72375,0.7200483,3.231577,4.677596,4.677596,2.343565,0,0.8047933,4.677596,69.08628,1.110223E-16,0,0,3.231577,2.456874,2.33403,0,0,0.7747027,9.928041,0.7747027,0,0.7747027,14.00003,100,0.2167547,5.145355,2.585262,5,13.15962
4/16/2007 2:00:00 PM,0.8092114,61.50369,93.14452,30.24923,0.7976762,3.579971,0.7597369,0.7597369,0,-1,0,0.7597369,471.2119,2.780248,0,0,3.579971,0.7997231,0.7597369,0,0,0,10.62527,0,0,0,14.00003,100,0.2167547,0.8357106,2.863977,0,14.20525
4/16/2007 3:00:00 PM,0.6440133,46.71914,94.19142,44.67479,0.6319089,2.836007,0,0,0,-1,0,0,0,2.836007,0,0,2.836007,0,0,0,0,0,10.62527,0,0,0,14.00003,100,0.2167547,0,2.268806,0,13.46128
4/16/2007 4:00:00 PM,0.3954744,31.95754,95.52174,59.34206,0.3864549,1.734409,3.323882,3.323882,0,-1,0,3.323882,52.18024,0,0,0.3262701,1.734409,3.498823,3.323882,0,0,0,10.62527,0,1.764414,-1.764414,12.14017,86.71535,0.2167547,3.65627,1.387528,0,12.35968
4/16/2007 5:00:00 PM,0.219238,17.23289,97.13419,74.09985,0.2094398,0.939966,2.815731,2.815731,0,-1,0,2.815731,33.38266,0,0,0,0.939966,2.963927,2.815731,0,0,1.960459,8.860861,0,2.023961,-2.023961,10.00673,71.4765,0.2167547,3.097304,0.7519728,0,9.800827
4/16/2007 6:00:00 PM,0.03119649,2.56656,99.13043,88.8919,0.02745027,0.1231968,2.428508,2.428508,0,-1,0,2.428508,5.072943,0,0,0,0.1231968,2.556324,2.428508,0,0,4.209305,6.836899,0,2.433127,-2.433127,7.441989,53.15696,0.2167547,2.671358,0.09855745,0,6.960096
4/16/2007 7:00:00 PM,0,0,101.7169,90,0,0,8.145221,3.33,0,-1,0,3.33,0,0,4.815221,5.629743,0,3.505263,3.33,0,0,6.91278,4.403772,0,3.505263,-3.505263,3.747117,26.76507,0.2167547,8.959743,0,0,4.403772
4/16/2007 8:00:00 PM,0,0,105.2931,90,0,0,5.765856,0.8535837,0,-1,0,0.8535837,0,0,4.912272,5.488858,0,0.8985091,0.8535837,0,0,10.80752,0.8985091,0,0.8985091,-0.8985091,2.800006,20,0.2167547,6.342442,0,0,0.8985091
4/16/2007 9:00:00 PM,0,0,110.6997,90,0,0,5.968278,0,0,-1,0,0,0,0,5.968278,6.565105,0,0,0,0,0,11.80586,0,0,0,0,2.800006,20,0.2167547,6.565105,0,0,0
4/16/2007 10:00:00 PM,0,0,119.957,90,0,0,0,0,0,-1,0,0,0,0,0,0,0,0,0,0,0,11.80586,0,0,0,0,2.800006,20,0.2167547,0,0,0,0
4/16/2007 11:00:00 PM,0,0,138.535,90,0,0,0.5916314,0,0,-1,0,0,0,0,0.5916314,0.6507945,0,0,0,0,0,11.80586,0,0,0,0,2.800006,20,0.2167547,0.6507945,0,0,0
4/17/2007 12:00:00 AM,0,0,176.7598,90,0,0,0.1901384,0,0,-1,0,0,0,0,0.1901384,0.2091523,0,0,0,0,0,11.80586,0,0,0,0,2.800006,20,0.2167547,0.2091523,0,0,0
4/17/2007 1:00:00 AM,0,0,-143.2336,90,0,0,0.1151358,0,0,-1,0,0,0,0,0.1151358,0.1266493,0,0,0,0,0,11.80586,0,0,0,0,2.800006,20,0.2167547,0.1266493,0,0,0
4/17/2007 2:00:00 AM,0,0,-122.4311,90,0,0,0.08021421,0,0,-1,0,0,0,0,0.08021421,0.08823563,0,0,0,0,0,11.80586,0,0,0,0,2.800006,20,0.2167547,0.08823563,0,0,0
4/17/2007 3:00:00 AM,0,0,-112.1982,90,0,0,0,0,0,-1,0,0,0,0,0,0,0,0,0,0,0,11.80586,0,0,0,0,2.800006,20,0.2167547,0,0,0,0
4/17/2007 4:00:00 AM,0,0,-106.3409,90,0,0,0.2861974,0,0,-1,0,0,0,0,0.2861974,0.3148172,0,0,0,0,0,11.80586,0,0,0,0,2.800006,20,0.2167547,0.3148172,0,0,0
4/17/2007 5:00:00 AM,0,0,-102.5349,90,0,0,0.8847251,0.8847251,4.389988,0,1.363467,0.8847251,0,0,0,0,0,0,0,3.505263,3.33,11.80586,0,3.33,0,3.33,5.959121,42.56506,0.2169269,0.9731976,0,5,0
4/17/2007 6:00:00 AM,0.01554102,0.4935045,-99.82771,91.04788,0.01419634,0.06371318,1.376338,1.376338,4.705352,0,1.449561,1.376338,4.629179,0,0,0,0.06371318,0,0,3.329013,3.162563,8.475861,2.997,3.226276,0,3.226276,9.019835,64.42726,0.2171715,1.513972,0.05097054,5,3.060713
4/17/2007 7:00:00 AM,0.1031201,15.13459,-97.77652,76.2701,0.1021025,0.4582362,2.277044,2.277044,5,0,1.53,2.277044,20.12417,0,0,0,0.4582362,0,0,2.722956,2.586808,5.249584,5.900649,3.045045,0,3.045045,11.90862,85.06139,0.217392,2.504748,0.366589,5,6.358885
4/17/2007 8:00:00 AM,0.2049697,29.84027,-96.16068,61.52335,0.2034611,0.9131335,2.316826,2.316826,0,0,0,2.316826,39.41313,0,4.440892E-16,0,0.9131335,2.438764,2.316826,0,0,2.20454,8.641189,0,1.52563,-1.52563,10.30046,73.57458,0.217392,2.548508,0.7305068,0,9.554322
4/17/2007 9:00:00 AM,0.5367856,44.58651,-94.88549,46.86187,0.5275593,2.367687,0.2749492,0.2749492,0,-1,0,0.2749492,861.1361,0,0,0,2.367687,0.2894202,0.2749492,0,0,3.899684,7.115558,2.078266,0,2.078266,12.27208,87.65753,0.2170567,0.3024441,1.894149,0,9.483245
4/17/2007 10:00:00 AM,0.9004342,59.35733,-93.99641,32.42239,0.8852574,3.973035,1.321085,1.321085,0,0,0,1.321085,300.7402,0.7610008,0,0,3.973035,1.390616,1.321085,0,0,1.821418,8.985998,1.821418,0,1.821418,14.00003,100,0.2167638,1.453194,3.178428,0,12.95903
4/17/2007 11:00:00 AM,0.9993179,74.13795,-94.07146,18.74663,0.9856082,4.423409,0,0,0,0,0,0,0,4.423409,0,0,4.423409,0,0,0,0,0,10.62527,0,0,0,14.00003,100,0.2167638,0,3.538728,0,15.04868
4/17/2007 12:00:00 PM,1.106941,88.70284,-126.3083,9.855215,1.092764,4.904323,4.552991,4.552991,1.25,0,0.50625,4.552991,107.7165,1.42749,0,0,4.904323,3.476832,3.302991,0,0,0,10.62527,0,0,0,14.00003,100,0.2167638,5.00829,3.923458,5,15.5296
4/17/2007 1:00:00 PM,0.6785734,76.22755,94.31839,16.98289,0.6722375,3.017002,1.829853,1.829853,0,0,0,1.829853,164.8768,1.090841,0,0,3.017002,1.926161,1.829853,0,0,0,10.62527,0,0,0,14.00003,100,0.2167638,2.012838,2.413601,0,13.64228
4/17/2007 2:00:00 PM,0.6172877,61.44753,93.9185,30.41729,0.6105604,2.740195,7.174654,3.33,0,-1,0,3.33,82.28814,0,3.844654,4.562119,2.740195,3.505263,3.33,0,0,0,10.62527,0,0.7650681,-0.7650681,13.19358,94.23964,0.2167638,7.892119,2.192156,0,13.36547
4/17/2007 3:00:00 PM,0.4282294,46.67432,94.73257,44.80101,0.4238806,1.902376,1.76231,1.76231,0,-1,0,1.76231,107.9479,0,0,0,1.902376,1.855063,1.76231,0,0,0.8500757,9.860206,0.04731283,0,0.04731283,13.23846,94.56024,0.2167562,1.938541,1.521901,0,11.76258
4/17/2007 4:00:00 PM,0.3634962,31.92375,95.96048,59.44286,0.3561546,1.598422,4.477777,3.33,0,-1,0,3.33,48.00066,0,1.147778,1.595555,1.598422,3.505263,3.33,0,0,0.8027629,9.902787,0,1.906841,-1.906841,11.22847,80.20322,0.2167562,4.925555,1.278738,0,11.50121
4/17/2007 5:00:00 PM,0.2270467,17.21113,97.52492,74.18174,0.215571,0.9674827,0,0,0,-1,0,0,0,0,0,0,0.9674827,0,0,0,0,2.921475,7.995946,0.9674827,0,0.9674827,12.14631,86.75917,0.2166009,0,0.7739862,0,8.963429
4/17/2007 6:00:00 PM,0.03378778,2.55895,99.50457,88.95733,0.02812801,0.1262385,1.890317,1.890317,0,-1,0,1.890317,6.678166,0,2.220446E-16,0,0.1262385,1.989808,1.890317,0,0,1.953993,8.866681,0,1.863569,-1.863569,10.18193,72.72795,0.2166009,2.079349,0.1009908,0,8.992919
4/17/2007 7:00:00 PM,0,0,102.099,90,0,0,4.831509,3.33,0,-1,0,3.33,0,0,1.501509,1.984659,0,3.505263,3.33,0,0,4.024625,7.003111,0,3.505263,-3.505263,6.487062,46.33606,0.2166009,5.31466,0,0,7.003111
4/17/2007 8:00:00 PM,0,0,105.7087,90,0,0,1.469574,1.469574,0,-1,0,1.469574,0,0,2.220446E-16,0,0,1.54692,1.469574,0,0,7.919362,3.497849,0,1.54692,-1.54692,4.856464,34.68896,0.2166009,1.616532,0,0,3.497849
4/17/2007 9:00:00 PM,0,0,111.1825,90,0,0,7.674777,1.853382,0,-1,0,1.853382,0,0,5.821395,6.588872,0,1.950928,1.853382,0,0,9.638163,1.950928,0,1.950928,-1.950928,2.800006,20,0.2166009,8.442254,0,0,1.950928
4/17/2007 10:00:00 PM,0,0,120.5522,90,0,0,0.6299808,0,0,-1,0,0,0,0,0.6299808,0.6929789,0,0,0,0,0,11.80586,0,0,0,0,2.800006,20,0.2166009,0.6929789,0,0,0
4/17/2007 11:00:00 PM,0,0,139.2348,90,0,0,0.3428215,0,0,-1,0,0,0,0,0.3428215,0.3771036,0,0,0,0,0,11.80586,0,0,0,0,2.800006,20,0.2166009,0.3771036,0,0,0
4/18/2007 12:00:00 AM,0,0,177.0125,90,0,0,0,0,0,-1,0,0,0,0,0,0,0,0,0,0,0,11.80586,0,0,0,0,2.800006,20,0.2166009,0,0,0,0
4/18/2007 1:00:00 AM,0,0,-143.6547,90,0,0,1.067352,0,0,-1,0,0,0,0,1.067352,1.174087,0,0,0,0,0,11.80586,0,0,0,0,2.800006,20,0.2166009,1.174087,0,0,0
4/18/2007 2:00:00 AM,0,0,-122.9161,90,0,0,1.03993,0,0,-1,0,0,0,0,1.03993,1.143923,0,0,0,0,0,11.80586,0,0,0,0,2.800006,20,0.2166009,1.143923,0,0,0
4/18/2007 3:00:00 AM,0,0,-112.6245,90,0,0,0.5042068,0,0,-1,0,0,0,0,0.5042068,0.5546274,0,0,0,0,0,11.80586,0,0,0,0,2.800006,20,0.2166009,0.5546274,0,0,0
4/18/2007 4:00:00 AM,0,0,-106.7203,90,0,0,0.9933329,0,0,-1,0,0,0,0,0.9933329,1.092666,0,0,0,0,0,11.80586,0,0,0,0,2.800006,20,0.2166009,1.092666,0,0,0
4/18/2007 5:00:00 AM,0,0,-102.8898,90,0,0,0,0,0,0,0,0,0,0,0,0,0,0,0,0,0,11.80586,0,0,0,0,2.800006,20,0.2166009,0,0,0,0
4/18/2007 6:00:00 AM,0.02314965,0.6127532,-100.1787,90.98434,0.01513697,0.06793474,0.5079994,0.5079994,4.013263,0,1.260621,0.5079994,13.37299,0,0,0,0.06793474,0,0,3.505263,3.33,11.80586,0,3.397935,0,3.397935,6.02357,43.02541,0.2166764,0.5587994,0.05434779,5,0.06793474
4/18/2007 7:00:00 AM,0.2004824,15.23948,-98.14494,76.22347,0.18856,0.8462574,2.432739,2.432739,5,0,1.53,2.432739,34.78621,0,0,0,0.8462574,0,0,2.567261,2.438898,8.407926,3.058141,3.285156,0,3.285156,9.140141,65.2866,0.2169054,2.676013,0.6770059,5,3.904399
4/18/2007 8:00:00 AM,0.4818576,29.93272,-96.57473,61.4961,0.4632416,2.079028,2.378447,2.378447,4.635342,0,1.430448,2.378447,87.41116,0,0,0,2.079028,0,0,2.256895,2.14405,5.12277,6.014781,4.223078,0,4.223078,13.14651,93.90343,0.2169868,2.616292,1.663223,5,8.09381
4/18/2007 9:00:00 AM,0.7900162,44.66726,-95.39386,46.86052,0.770265,3.456949,0.448752,0.448752,0,-1,0,0.448752,770.3474,2.084887,0,0,3.456949,0.4723705,0.448752,0,0,0.8996914,9.815552,0.8996914,0,0.8996914,14.00003,100,0.2168435,0.4936272,2.765559,0,13.2725
4/18/2007 10:00:00 AM,0.9293702,59.42549,-94.71206,32.46352,0.9126469,4.09596,4.610188,4.610188,1.280189,0,0.5144915,4.610188,88.84581,0.5906963,0,0,4.09596,3.505263,3.33,0,0,0,10.62527,0,0,0,14.00003,100,0.2168435,5.071208,3.276767,5,14.72123
4/18/2007 11:00:00 AM,1.002439,74.18712,-95.41783,18.88188,0.9877063,4.432826,1.548085,1.548085,0,0,0,1.548085,286.3425,2.803263,0,0,4.432826,1.629563,1.548085,0,0,0,10.62527,0,0,0,14.00003,100,0.2168435,1.702894,3.546261,0,15.0581
4/18/2007 12:00:00 PM,1.044944,88.50062,-139.1003,10.21222,1.030649,4.625553,1.796249,1.796249,0,0,0,1.796249,257.5117,2.734764,0,0,4.625553,1.890789,1.796249,0,0,0,10.62527,0,0,0,14.00003,100,0.2168435,1.975874,3.700442,0,15.25083
4/18/2007 1:00:00 PM,0.8805353,76.14751,95.83453,17.24305,0.8686729,3.898604,2.434351,2.434351,0,0,0,2.434351,160.1496,1.336129,0,0,3.898604,2.562475,2.434351,0,0,0,10.62527,0,0,0,14.00003,100,0.2168435,2.677786,3.118883,0,14.52388
4/18/2007 2:00:00 PM,0.8777105,61.38871,94.68356,30.58612,0.8627048,3.871819,2.240601,2.240601,0,-1,0,2.240601,172.8027,1.513291,0,0,3.871819,2.358528,2.240601,0,0,0,10.62527,0,0,0,14.00003,100,0.2168435,2.464661,3.097455,0,14.49709
4/18/2007 3:00:00 PM,0.761036,46.62857,95.26848,44.92717,0.7430995,3.33503,0,0,0,-1,0,0,0,3.33503,0,0,3.33503,0,0,0,0,0,10.62527,0,0,0,14.00003,100,0.2168435,0,2.668024,0,13.9603
4/18/2007 4:00:00 PM,0.4177849,31.88995,96.39535,59.54297,0.4061064,1.822605,3.613138,3.33,0,-1,0,3.33,54.7329,0,0.283138,0.6444518,1.822605,3.505263,3.33,0,0,0,10.62527,0,1.682658,-1.682658,12.22635,87.3309,0.2168435,3.974452,1.458084,0,12.44788
4/18/2007 5:00:00 PM,0.2556763,17.19001,97.91235,74.26241,0.2390134,1.072692,0,0,0,-1,0,0,0,0,0,0,1.072692,0,0,0,0,1.86962,8.942616,1.072692,0,1.072692,13.244,94.59978,0.2166729,0,0.8581535,0,10.01531
4/18/2007 6:00:00 PM,0.04047452,2.552504,99.87559,89.02106,0.02804838,0.1258811,1.725835,1.725835,0,-1,0,1.725835,7.293923,0,0,0,0.1258811,1.816669,1.725835,0,0,0.7969277,9.908039,0,1.690788,-1.690788,11.46175,81.86948,0.2166729,1.898419,0.1007049,0,10.03392
4/18/2007 7:00:00 PM,0,0,102.4778,90,0,0,2.374835,2.374835,0,-1,0,2.374835,0,0,0,0,0,2.499826,2.374835,0,0,2.675581,8.217252,0,2.499826,-2.499826,8.826701,63.04774,0.2166729,2.612319,0,0,8.217252
4/18/2007 8:00:00 PM,0,0,106.1204,90,0,0,5.818926,3.33,0,-1,0,3.33,0,0,2.488926,3.070819,0,3.505263,3.33,0,0,5.453166,5.717425,0,3.505263,-3.505263,5.131829,36.65585,0.2166729,6.400819,0,0,5.717425
4/18/2007 9:00:00 PM,0,0,111.6599,90,0,0,0,0,0,-1,0,0,0,0,0,0,0,0,0,0,0,9.347902,2.212162,0,0,0,5.131829,36.65585,0.2166729,0,0,0,2.212162
4/18/2007 10:00:00 PM,0,0,121.1379,90,0,0,1.106784,1.106784,0,-1,0,1.106784,0,0,2.220446E-16,0,0,1.165036,1.106784,0,0,9.347902,2.212162,0,1.165036,-1.165036,3.903773,27.88404,0.2166729,1.217463,0,0,2.212162
4/18/2007 11:00:00 PM,0,0,139.9145,90,0,0,0.4822178,0.4822178,0,-1,0,0.4822178,0,0,0,0,0,0.5075977,0.4822178,0,0,10.64239,1.047126,0,0.5075977,-0.5075977,3.368718,24.06223,0.2166729,0.5304396,0,0,1.047126
4/19/2007 12:00:00 AM,0,0,177.2504,90,0,0,1.768858,0.512552,0,-1,0,0.512552,0,0,1.256306,1.433192,0,0.5395284,0.512552,0,0,11.20638,0.5395284,0,0.5395284,-0.5395284,2.800006,20,0.2166729,1.945744,0,0,0.5395284
4/19/2007 1:00:00 AM,0,0,-144.064,90,0,0,0.1702009,0,0,-1,0,0,0,0,0.1702009,0.187221,0,0,0,0,0,11.80586,0,0,0,0,2.800006,20,0.2166729,0.187221,0,0,0
4/19/2007 2:00:00 AM,0,0,-123.3925,90,0,0,0.6876214,0,0,-1,0,0,0,0,0.6876214,0.7563835,0,0,0,0,0,11.80586,0,0,0,0,2.800006,20,0.2166729,0.7563835,0,0,0
4/19/2007 3:00:00 AM,0,0,-113.0453,90,0,0,0,0,0,-1,0,0,0,0,0,0,0,0,0,0,0,11.80586,0,0,0,0,2.800006,20,0.2166729,0,0,0,0
4/19/2007 4:00:00 AM,0,0,-107.0959,90,0,0,1.965531,0,0,-1,0,0,0,0,1.965531,2.162085,0,0,0,0,0,11.80586,0,0,0,0,2.800006,20,0.2166729,2.162085,0,0,0
4/19/2007 5:00:00 AM,0,0,-103.2417,90,0,0,0.2435604,0.2435604,3.748823,0,1.188429,0.2435604,0,0,0,0,0,0,0,3.505263,3.33,11.80586,0,3.33,0,3.33,5.959121,42.56506,0.2166996,0.2679164,0,5,0
4/19/2007 6:00:00 AM,0.03564679,0.7297339,-100.5271,90.92256,0.004799041,0.0215381,0.4302675,0.4302675,3.935531,0,1.2394,0.4302675,5.005746,0,0,0,0.0215381,0,0,3.505263,3.33,8.475861,2.997,3.351538,0,3.351538,9.138669,65.27608,0.216764,0.4732942,0.01723048,5,3.018538
4/19/2007 7:00:00 AM,0.2650692,15.34165,-98.51086,76.17908,0.2415075,1.083886,4.974554,4.974554,5,0,1.53,4.974554,21.7886,0,0,0,1.083886,0,0,0.02544651,0.02417419,5.124322,6.013384,1.10806,0,1.10806,10.18987,72.78462,0.2168223,5.472009,0.8671085,5,7.09727
4/19/2007 8:00:00 AM,0.5234367,30.02185,-96.98627,61.47162,0.5015396,2.25091,3.571467,3.571467,5,0,1.53,3.571467,63.0248,0,0,0,2.25091,0,0,1.428533,1.357107,4.016263,7.010638,3.608016,0,3.608016,13.61273,97.2336,0.2170403,3.928613,1.800728,5,9.261548
4/19/2007 9:00:00 AM,0.7131665,44.74382,-95.89952,46.86267,0.6947545,3.118058,0.9378551,0.9378551,0,-1,0,0.9378551,332.4669,1.722596,0,0,3.118058,0.9872159,0.9378551,0,0,0.408246,10.25785,0.408246,0,0.408246,14.00003,100,0.2169758,1.031641,2.494447,0,13.37591
4/19/2007 10:00:00 AM,0.9038402,59.48792,-95.42461,32.50922,0.8866698,3.979374,2.772656,2.772656,0,0,0,2.772656,143.5221,1.060788,0,0,3.979374,2.918586,2.772656,0,0,0,10.62527,0,0,0,14.00003,100,0.2169758,3.049922,3.183499,0,14.60465
4/19/2007 11:00:00 AM,0.8598436,74.22637,-96.76023,19.02305,0.8474794,3.803488,3.417966,3.417966,1.25,0,0.50625,3.417966,111.2793,1.521418,0,0,3.803488,2.282069,2.167966,0,0,0,10.62527,0,0,0,14.00003,100,0.2169758,3.759763,3.04279,5,14.42876
4/19/2007 12:00:00 PM,0.895861,88.24419,-148.4056,10.56734,0.883781,3.966409,3.653155,3.653155,1.25,0,0.50625,3.653155,108.5749,1.436772,0,0,3.966409,2.529637,2.403155,0,0,0,10.62527,0,0,0,14.00003,100,0.2169758,4.018471,3.173127,5,14.59168
4/19/2007 1:00:00 PM,0.9014823,76.0603,97.32088,17.50385,0.8883053,3.986714,2.02057,2.02057,0,0,0,2.02057,197.3064,1.859798,0,0,3.986714,2.126916,2.02057,0,0,0,10.62527,0,0,0,14.00003,100,0.2169758,2.222627,3.189371,0,14.61199
4/19/2007 2:00:00 PM,0.8963973,61.32744,95.43941,30.75551,0.8799907,3.949398,0.5925146,0.5925146,0,-1,0,0.5925146,666.5487,3.325699,0,0,3.949398,0.6236995,0.5925146,0,0,0,10.62527,0,0,0,14.00003,100,0.2169758,0.651766,3.159518,0,14.57467
4/19/2007 3:00:00 PM,0.6533737,46.58201,95.79902,45.05314,0.6385627,2.86587,0.3101374,0.3101374,0,-1,0,0.3101374,924.0643,2.539409,0,0,2.86587,0.3264605,0.3101374,0,0,0,10.62527,0,0,0,14.00003,100,0.2169758,0.3411512,2.292696,0,13.49114
4/19/2007 4:00:00 PM,0.3953088,31.85625,96.82622,59.64227,0.3848505,1.727209,2.860595,2.860595,0,-1,0,2.860595,60.37937,0,0,0,1.727209,3.011153,2.860595,0,0,0,10.62527,0,1.283943,-1.283943,12.64663,90.33291,0.2169758,3.146654,1.381767,0,12.35248
4/19/2007 5:00:00 PM,0.2651671,17.16961,98.29637,74.34177,0.2462343,1.1051,2.035068,2.035068,0,-1,0,2.035068,54.30283,0,0,0,1.1051,2.142177,2.035068,0,0,1.426604,9.341331,0,1.037077,-1.037077,11.55346,82.52453,0.2169758,2.238575,0.8840796,0,10.44643
4/19/2007 6:00:00 PM,0.0400073,2.547273,100.2434,89.08303,0.02758549,0.1238037,3.923937,3.33,0,-1,0,3.33,3.717828,0,0.5939369,0.9863306,0.1238037,3.505263,3.33,0,0,2.578912,8.304254,0,3.381459,-3.381459,7.989086,57.06479,0.2169758,4.31633,0.09904294,0,8.428057
4/19/2007 7:00:00 PM,0,0,102.8531,90,0,0,0.6363854,0.6363854,0,-1,0,0.6363854,0,0,0,0,0,0.6698794,0.6363854,0,0,6.336089,4.922794,0,0.6698794,-0.6698794,7.282971,52.02112,0.2169758,0.700024,0,0,4.922794
4/19/2007 8:00:00 PM,0,0,106.5281,90,0,0,2.750652,2.750652,0,-1,0,2.750652,0,0,4.440892E-16,0,0,2.895423,2.750652,0,0,7.0804,4.252914,0,2.895423,-2.895423,4.230927,30.22085,0.2169758,3.025717,0,0,4.252914
4/19/2007 9:00:00 PM,0,0,112.1317,90,0,0,3.669993,1.289617,0,-1,0,1.289617,0,0,2.380376,2.747375,0,1.357491,1.289617,0,0,10.29754,1.357491,0,1.357491,-1.357491,2.800006,20,0.2169758,4.036993,0,0,1.357491
4/19/2007 10:00:00 PM,0,0,121.7141,90,0,0,1.142723,0,0,-1,0,0,0,0,1.142723,1.256995,0,0,0,0,0,11.80586,0,0,0,0,2.800006,20,0.2169758,1.256995,0,0,0
4/19/2007 11:00:00 PM,0,0,140.5744,90,0,0,1.295411,0,0,-1,0,0,0,0,1.295411,1.424952,0,0,0,0,0,11.80586,0,0,0,0,2.800006,20,0.2169758,1.424952,0,0,0
4/20/2007 12:00:00 AM,0,0,177.4742,90,0,0,0.552253,0,0,-1,0,0,0,0,0.552253,0.6074783,0,0,0,0,0,11.80586,0,0,0,0,2.800006,20,0.2169758,0.6074783,0,0,0
4/20/2007 1:00:00 AM,0,0,-144.4622,90,0,0,0,0,0,-1,0,0,0,0,0,0,0,0,0,0,0,11.80586,0,0,0,0,2.800006,20,0.2169758,0,0,0,0
4/20/2007 2:00:00 AM,0,0,-123.8602,90,0,0,1.164941,0,0,-1,0,0,0,0,1.164941,1.281435,0,0,0,0,0,11.80586,0,0,0,0,2.800006,20,0.2169758,1.281435,0,0,0
4/20/2007 3:00:00 AM,0,0,-113.4607,90,0,0,1.193207,0,0,-1,0,0,0,0,1.193207,1.312527,0,0,0,0,0,11.80586,0,0,0,0,2.800006,20,0.2169758,1.312527,0,0,0
4/20/2007 4:00:00 AM,0,0,-107.4677,90,0,0,0.4022484,0,0,-1,0,0,0,0,0.4022484,0.4424732,0,0,0,0,0,11.80586,0,0,0,0,2.800006,20,0.2169758,0.4424732,0,0,0
4/20/2007 5:00:00 AM,0,0,-103.5905,90,0,0,0,0,0,0,0,0,0,0,0,0,0,0,0,0,0,11.80586,0,0,0,0,2.800006,20,0.2169758,0,0,0,0
4/20/2007 6:00:00 AM,0.02130751,0.8443631,-100.8727,90.86262,0.01674301,0.07514265,1.188247,1.188247,4.69351,0,1.446328,1.188247,6.323825,0,0,0,0.07514265,0,0,3.505263,3.33,11.80586,0,3.405143,0,3.405143,6.030407,43.07425,0.2171976,1.307071,0.06011412,5,0.07514265
4/20/2007 7:00:00 AM,0.2103808,15.44101,-98.87415,76.13697,0.1960541,0.879891,1.761331,1.761331,4.829318,0,1.483404,1.761331,49.95602,0,0,0,0.879891,0,0,3.067986,2.914587,8.400718,3.064628,3.794478,0,3.794478,9.630165,68.78676,0.2173868,1.937464,0.7039128,5,3.944519
4/20/2007 8:00:00 AM,0.4939818,30.10762,-97.39511,61.44995,0.4730041,2.122843,4.64884,4.64884,5,0,1.53,4.64884,45.66391,0,0,0,2.122843,0,0,0.3511596,0.3336017,4.606239,6.479659,2.456444,0,2.456444,11.96055,85.43235,0.2175198,5.113724,1.698274,5,8.602501
4/20/2007 9:00:00 AM,0.7293363,44.81619,-96.40221,46.8683,0.7094562,3.184039,1.53435,1.53435,0,-1,0,1.53435,207.5172,0,0,0,3.184039,1.615105,1.53435,0,0,2.149796,8.690458,1.568934,0,1.568934,13.44897,96.06391,0.2172737,1.687785,2.547231,0,11.8745
4/20/2007 10:00:00 AM,0.8421496,59.54464,-96.13356,32.55939,0.8256994,3.705739,3.679482,3.679482,1.25,0,0.50625,3.679482,100.7136,0.5675281,0,0,3.705739,2.557349,2.429482,0,0,0.5808613,10.1025,0.5808613,0,0.5808613,14.00003,100,0.2171827,4.04743,2.964591,5,13.80824
4/20/2007 11:00:00 AM,0.9360784,74.25579,-98.09644,19.16985,0.9209196,4.133087,7.031173,7.031173,3.701174,0,1.17542,7.031173,58.78233,0.6278241,0,0,4.133087,3.505263,3.33,0,0,0,10.62527,0,0,0,14.00003,100,0.2171827,7.734291,3.30647,5,14.75836
4/20/2007 12:00:00 PM,0.905566,87.95567,-155.1265,10.92031,0.8924837,4.005467,3.549038,3.549038,1.25,0,0.50625,3.549038,112.8606,1.585427,0,0,4.005467,2.42004,2.299038,0,0,0,10.62527,0,0,0,14.00003,100,0.2171827,3.903942,3.204374,5,14.63074
4/20/2007 1:00:00 PM,0.7873644,75.96638,98.77632,17.76496,0.7767169,3.485906,0.5949793,0.5949793,0,0,0,0.5949793,585.8868,2.859612,0,0,3.485906,0.626294,0.5949793,0,0,0,10.62527,0,0,0,14.00003,100,0.2171827,0.6544772,2.788724,0,14.11118
4/20/2007 2:00:00 PM,0.8380693,61.2639,96.18584,30.92524,0.8223521,3.690716,2.453449,2.453449,0,-1,0,2.453449,150.4297,1.108139,0,0,3.690716,2.582577,2.453449,0,0,0,10.62527,0,0,0,14.00003,100,0.2171827,2.698793,2.952573,0,14.31599
4/20/2007 3:00:00 PM,0.5808654,46.53477,96.32404,45.17876,0.5689692,2.553534,3.12998,3.12998,0,-1,0,3.12998,81.58308,0,0,0.1129777,2.553534,3.294716,3.12998,0,0,0,10.62527,0,0.7411816,-0.7411816,13.21875,94.41948,0.2171827,3.442978,2.042827,0,13.17881
4/20/2007 4:00:00 PM,0.4874063,31.82275,97.25298,59.74066,0.4689221,2.104522,5.588477,3.33,0,-1,0,3.33,63.19887,0,2.258477,2.817325,2.104522,3.505263,3.33,0,0,0.823535,9.884092,0,1.400741,-1.400741,11.74224,83.873,0.2171827,6.147325,1.683618,0,11.98862
4/20/2007 5:00:00 PM,0.196753,17.15001,98.67686,74.41973,0.1886584,0.8466989,2.1946,2.1946,0,-1,0,2.1946,38.58101,0,0,0,0.8466989,2.310106,2.1946,0,0,2.379914,8.483352,0,1.463407,-1.463407,10.19968,72.8547,0.2171827,2.41406,0.6773592,0,9.33005
4/20/2007 6:00:00 PM,0.03309702,2.543309,100.6078,89.14317,0.02720295,0.1220868,8.323673,3.33,0,-1,0,3.33,3.666271,4.440892E-16,4.993673,5.82604,0.1220868,3.505263,3.33,0,0,4.005921,7.019945,0,3.383176,-3.383176,6.633497,47.38203,0.2171827,9.15604,0.09766946,0,7.142032
4/20/2007 7:00:00 PM,0,0,103.225,90,0,0,2.846807,2.846807,0,-1,0,2.846807,0,0,0,0,0,2.996639,2.846807,0,0,7.765006,3.636769,0,2.996639,-2.996639,3.474762,24.81968,0.2171827,3.131487,0,0,3.636769
4/20/2007 8:00:00 PM,0,0,106.9317,90,0,0,8.12546,0.608124,0,-1,0,0.608124,0,0,7.517335,8.329882,0,0.6401305,0.608124,0,0,11.0946,0.6401305,0,0.6401305,-0.6401305,2.800006,20,0.2171827,8.938005,0,0,0.6401305
4/20/2007 9:00:00 PM,0,0,112.5978,90,0,0,0,0,0,-1,0,0,0,0,0,0,0,0,0,0,0,11.80586,0,0,0,0,2.800006,20,0.2171827,0,0,0,0
4/20/2007 10:00:00 PM,0,0,122.2805,90,0,0,0.4297517,0,0,-1,0,0,0,0,0.4297517,0.4727269,0,0,0,0,0,11.80586,0,0,0,0,2.800006,20,0.2171827,0.4727269,0,0,0
4/20/2007 11:00:00 PM,0,0,141.2147,90,0,0,0.1008202,0,0,-1,0,0,0,0,0.1008202,0.1109022,0,0,0,0,0,11.80586,0,0,0,0,2.800006,20,0.2171827,0.1109022,0,0,0
4/21/2007 12:00:00 AM,0,0,177.6845,90,0,0,0.7914038,0,0,-1,0,0,0,0,0.7914038,0.8705443,0,0,0,0,0,11.80586,0,0,0,0,2.800006,20,0.2171827,0.8705443,0,0,0
4/21/2007 1:00:00 AM,0,0,-144.8498,90,0,0,0.5216769,0,0,-1,0,0,0,0,0.5216769,0.5738446,0,0,0,0,0,11.80586,0,0,0,0,2.800006,20,0.2171827,0.5738446,0,0,0
4/21/2007 2:00:00 AM,0,0,-124.3194,90,0,0,0.5463812,0,0,-1,0,0,0,0,0.5463812,0.6010194,0,0,0,0,0,11.80586,0,0,0,0,2.800006,20,0.2171827,0.6010194,0,0,0
4/21/2007 3:00:00 AM,0,0,-113.8706,90,0,0,0.3437372,0,0,-1,0,0,0,0,0.3437372,0.378111,0,0,0,0,0,11.80586,0,0,0,0,2.800006,20,0.2171827,0.378111,0,0,0
4/21/2007 4:00:00 AM,0,0,-107.8354,90,0,0,0.357472,0,0,-1,0,0,0,0,0.357472,0.3932192,0,0,0,0,0,11.80586,0,0,0,0,2.800006,20,0.2171827,0.3932192,0,0,0
4/21/2007 5:00:00 AM,0,0,-103.9361,90,0,0,1.439685,1.439685,4.944948,0,1.514971,1.439685,0,0,0,0,0,0,0,3.505263,3.33,11.80586,0,3.33,0,3.33,5.959121,42.56506,0.2174273,1.583654,0,5,0
4/21/2007 6:00:00 AM,0.02204533,0.9565609,-101.2154,90.80457,0.01718014,0.07710446,0.8028305,0.8028305,4.308094,0,1.34111,0.8028305,9.604078,0,0,0,0.07710446,0,0,3.505263,3.33,8.475861,2.997,3.407104,0,3.407104,9.191384,65.65261,0.2175613,0.8831136,0.06168357,5,3.074105
4/21/2007 7:00:00 AM,0.1942787,15.53752,-99.2347,76.09719,0.1829499,0.8210793,3.439973,3.439973,5,0,1.53,3.439973,23.86877,2.220446E-16,0,0,0.8210793,0,0,1.560027,1.482026,5.068756,6.063394,2.303105,0,2.303105,11.3763,81.25913,0.2177108,3.783971,0.6568635,5,6.884473
4/21/2007 8:00:00 AM,0.5360995,30.18998,-97.80111,61.43109,0.5117795,2.296866,4.040178,4.040178,4.485523,0,1.389548,4.040178,56.85063,0,0,0,2.296866,0,0,0.4453454,0.4230781,2.765651,8.136189,2.719944,0,2.719944,13.95667,99.69028,0.2178573,4.444195,1.837493,5,10.43305
4/21/2007 9:00:00 AM,0.7209571,44.88433,-96.9017,46.87738,0.7004898,3.143798,1.855873,1.855873,0,-1,0,1.855873,169.3972,1.144541,0,0,3.143798,1.953551,1.855873,0,0,0.0457065,10.58414,0.0457065,0,0.0457065,14.00003,100,0.2178501,2.041461,2.515038,0,13.72794
4/21/2007 10:00:00 AM,0.9237719,59.59566,-96.83839,32.61394,0.9042326,4.058196,2.842291,2.842291,0,0,0,2.842291,142.7791,1.066311,0,0,4.058196,2.991885,2.842291,0,0,0,10.62527,0,0,0,14.00003,100,0.2178501,3.12652,3.246557,0,14.68347
4/21/2007 11:00:00 AM,0.8455178,74.27551,-99.42428,19.32194,0.832151,3.734694,3.075734,3.075734,1.25,0,0.50625,3.075734,121.4245,1.812869,0,0,3.734694,1.921825,1.825734,0,0,0,10.62527,0,0,0,14.00003,100,0.2178501,3.383307,2.987755,5,14.35997
4/21/2007 12:00:00 PM,0.982571,87.64848,-160.0644,11.27093,0.9667214,4.338645,2.74546,2.74546,0,0,0,2.74546,158.0298,1.448688,0,0,4.338645,2.889957,2.74546,0,0,0,10.62527,0,0,0,14.00003,100,0.2178501,3.020005,3.470916,0,14.96392
4/21/2007 1:00:00 PM,0.9792095,75.86621,100.2,18.02604,0.962386,4.319189,2.732057,2.732057,0,0,0,2.732057,158.0929,1.443339,0,0,4.319189,2.875849,2.732057,0,0,0,10.62527,0,0,0,14.00003,100,0.2178501,3.005263,3.455351,0,14.94446
4/21/2007 2:00:00 PM,0.8057981,61.1983,96.92262,31.09511,0.7903231,3.54697,4.804319,3.33,0,-1,0,3.33,106.5156,0.04170689,1.474319,1.954751,3.54697,3.505263,3.33,0,0,0,10.62527,0,0,0,14.00003,100,0.2178501,5.284751,2.837576,0,14.17224
4/21/2007 3:00:00 PM,0.6649855,46.48698,96.84339,45.30388,0.6480452,2.908427,4.56591,3.33,0,-1,0,3.33,87.34014,0,1.23591,1.692501,2.908427,3.505263,3.33,0,0,0,10.62527,0,0.5968363,-0.5968363,13.37091,95.50629,0.2178501,5.022501,2.326741,0,13.5337
4/21/2007 4:00:00 PM,0.4289971,31.78953,97.6755,59.83801,0.4146077,1.860759,3.352624,3.33,0,-1,0,3.33,55.87866,0,0.02262419,0.3578866,1.860759,3.505263,3.33,0,0,0.6631515,10.02844,0,1.644504,-1.644504,11.63745,83.12447,0.2178501,3.687887,1.488608,0,11.8892
4/21/2007 5:00:00 PM,0.1604823,17.13126,99.05373,74.49622,0.1566419,0.7030088,0,0,0,-1,0,0,0,0,0,0,0.7030088,0,0,0,0,2.490378,8.383934,0.7030088,0,0.7030088,12.30438,87.88826,0.2177407,0,0.5624071,0,9.086943
4/21/2007 6:00:00 PM,0.03737647,2.540657,100.9688,89.2014,0.02707573,0.1215159,12.13201,3.33,0,-1,0,3.33,3.649125,0,8.802006,10.01521,0.1215159,3.505263,3.33,0,0,1.787369,9.016642,0,3.383747,-3.383747,8.737597,62.41129,0.2177407,13.34521,0.09721269,0,9.138158
4/21/2007 7:00:00 PM,0,0,103.5932,90,0,0,3.300309,3.300309,0,-1,0,3.300309,0,0,0,0.3003395,0,3.474009,3.300309,0,0,5.547088,5.632895,0,3.474009,-3.474009,5.075671,36.25472,0.2177407,3.63034,0,0,5.632895
4/21/2007 8:00:00 PM,0,0,107.3309,90,0,0,0.5277734,0.5277734,0,-1,0,0.5277734,0,0,1.110223E-16,0,0,0.555551,0.5277734,0,0,9.407099,2.158885,0,0.555551,-0.555551,4.490068,32.07185,0.2177407,0.5805508,0,0,2.158885
4/21/2007 9:00:00 PM,0,0,113.058,90,0,0,7.50255,1.523168,0,-1,0,1.523168,0,0,5.979382,6.729637,0,1.603335,1.523168,0,0,10.02438,1.603335,0,1.603335,-1.603335,2.800006,20,0.2177407,8.252805,0,0,1.603335
4/21/2007 10:00:00 PM,0,0,122.837,90,0,0,0.6063908,0,0,-1,0,0,0,0,0.6063908,0.6670298,0,0,0,0,0,11.80586,0,0,0,0,2.800006,20,0.2177407,0.6670298,0,0,0
4/21/2007 11:00:00 PM,0,0,141.8356,90,0,0,0.3269685,0,0,-1,0,0,0,0,0.3269685,0.3596654,0,0,0,0,0,11.80586,0,0,0,0,2.800006,20,0.2177407,0.3596654,0,0,0
4/22/2007 12:00:00 AM,0,0,177.8819,90,0,0,1.543525,0,0,-1,0,0,0,0,1.543525,1.697877,0,0,0,0,0,11.80586,0,0,0,0,2.800006,20,0.2177407,1.697877,0,0,0
4/22/2007 1:00:00 AM,0,0,-145.2274,90,0,0,0,0,0,-1,0,0,0,0,0,0,0,0,0,0,0,11.80586,0,0,0,0,2.800006,20,0.2177407,0,0,0,0
4/22/2007 2:00:00 AM,0,0,-124.7704,90,0,0,0,0,0,-1,0,0,0,0,0,0,0,0,0,0,0,11.80586,0,0,0,0,2.800006,20,0.2177407,0,0,0,0
4/22/2007 3:00:00 AM,0,0,-114.2751,90,0,0,0,0,0,-1,0,0,0,0,0,0,0,0,0,0,0,11.80586,0,0,0,0,2.800006,20,0.2177407,0,0,0,0
4/22/2007 4:00:00 AM,0,0,-108.1992,90,0,0,0.8145691,0,0,-1,0,0,0,0,0.8145691,0.8960261,0,0,0,0,0,11.80586,0,0,0,0,2.800006,20,0.2177407,0.8960261,0,0,0
4/22/2007 5:00:00 AM,0,0,-104.2784,90,0,0,0.4424183,0.4424183,3.947681,0,1.242717,0.4424183,0,0,0,0,0,0,0,3.505263,3.33,11.80586,0,3.33,0,3.33,5.959121,42.56506,0.2178072,0.4866601,0,5,0
4/22/2007 6:00:00 AM,0.03364542,1.066251,-101.5552,90.74848,0.009957276,0.04468826,0.7476137,0.7476137,4.252877,0,1.326035,0.7476137,5.977453,0,0,0,0.04468826,0,0,3.505263,3.33,8.475861,2.997,3.374688,0,3.374688,9.160631,65.43295,0.2179322,0.8223751,0.03575061,5,3.041688
4/22/2007 7:00:00 AM,0.2334096,15.63111,-99.59239,76.05977,0.2137255,0.9591998,3.264623,3.264623,5,0,1.53,3.264623,29.38164,0,0,0,0.9591998,0,0,1.735377,1.648608,5.101172,6.034219,2.607808,0,2.607808,11.63461,83.10423,0.2180986,3.591085,0.7673599,5,6.993419
4/22/2007 8:00:00 AM,0.4733184,30.26889,-98.20411,61.41506,0.4524069,2.030402,0,0,0,0,0,0,0,0,0,0,2.030402,0,0,0,0,2.493364,8.381247,2.030402,0,2.030402,13.56082,96.86284,0.2177848,0,1.624322,0,10.41165
4/22/2007 9:00:00 AM,0.6048396,44.94824,-97.39774,46.8899,0.5893673,2.645081,3.626049,3.33,0,-1,0,3.33,79.43185,0,0.2960487,0.6586536,2.645081,3.505263,3.33,0,0,0.4629616,10.20861,0,0.8601826,-0.8601826,12.65411,90.38633,0.2177848,3.988654,2.116065,0,12.85369
4/22/2007 10:00:00 AM,0.6706049,59.64103,-97.53859,32.67277,0.6593723,2.959263,2.598355,2.598355,0,0,0,2.598355,113.8899,0,0,0,2.959263,2.73511,2.598355,0,0,1.41872,9.348426,0.2241524,0,0.2241524,12.86676,91.90526,0.2177502,2.85819,2.36741,0,12.30769
4/22/2007 11:00:00 AM,0.8523004,74.28568,-100.7416,19.479,0.8380157,3.761014,0,0,0,0,0,0,0,2.566447,0,0,3.761014,0,0,0,0,1.194568,9.550163,1.194568,0,1.194568,14.00003,100,0.217566,0,3.008811,0,13.31118
4/22/2007 12:00:00 PM,0.837624,87.33052,-163.7801,11.61897,0.8251655,3.703342,0.04542285,0.04542285,0,0,0,0.04542285,8153.039,3.655529,0,0,3.703342,0.04781353,0.04542285,0,0,0,10.62527,0,0,0,14.00003,100,0.217566,0.04996514,2.962674,0,14.32862
4/22/2007 1:00:00 PM,0.894778,75.76026,101.5911,18.28678,0.8793877,3.946692,8.674689,8.33,5,0,1.53,8.33,47.37926,0.441429,0.3446894,1.212158,3.946692,3.505263,3.33,0,0,0,10.62527,0,0,0,14.00003,100,0.217566,9.542158,3.157354,5,14.57197
4/22/2007 2:00:00 PM,0.849848,61.13082,97.64954,31.26491,0.832022,3.734115,3.8986,3.33,0,-1,0,3.33,112.1356,0.2288514,0.5685997,0.9584597,3.734115,3.505263,3.33,0,0,0,10.62527,0,0,0,14.00003,100,0.217566,4.28846,2.987292,0,14.35939
4/22/2007 3:00:00 PM,0.6343704,46.43877,97.35696,45.42837,0.618269,2.774791,4.740474,3.33,0,-1,0,3.33,83.32707,0,1.410474,1.884521,2.774791,3.505263,3.33,0,0,0,10.62527,0,0.7304717,-0.7304717,13.23004,94.50012,0.217566,5.214521,2.219833,0,13.40007
4/22/2007 4:00:00 PM,0.3723625,31.75669,98.09368,59.93422,0.3624763,1.626794,1.216659,1.216659,0,-1,0,1.216659,133.7099,0,0,0,1.626794,1.280693,1.216659,0,0,0.8116352,9.894802,0.3461002,0,0.3461002,13.55838,96.8454,0.2175127,1.338325,1.301435,0,11.5216
4/22/2007 5:00:00 PM,0.181075,17.11343,99.42684,74.57114,0.1746671,0.7839062,0,0,0,-1,0,0,0,0.3183711,0,0,0.7839062,0,0,0,0,0.465535,10.20629,0.465535,0,0.465535,14.00003,100,0.217441,0,0.627125,0,10.9902
4/22/2007 6:00:00 PM,0.02868102,2.53936,101.3261,89.25768,0.02542906,0.1141256,6.159142,3.33,0,-1,0,3.33,3.427196,0,2.829142,3.445056,0.1141256,3.505263,3.33,0,0,0,10.62527,0,3.391138,-3.391138,10.42546,74.46738,0.217441,6.775056,0.0913005,0,10.7394
4/22/2007 7:00:00 PM,0,0,103.9576,90,0,0,0,0,0,-1,0,0,0,0,0,0,0,0,0,0,0,3.767931,7.234137,0,0,0,10.42546,74.46738,0.217441,0,0,0,7.234137
4/22/2007 8:00:00 PM,0,0,107.7256,90,0,0,1.946001,1.946001,0,-1,0,1.946001,0,0,0,0,0,2.048423,1.946001,0,0,3.767931,7.234137,0,2.048423,-2.048423,8.266229,59.04437,0.217441,2.140602,0,0,7.234137
4/22/2007 9:00:00 PM,0,0,113.5121,90,0,0,4.003295,3.33,0,-1,0,3.33,0,0,0.6732956,1.073625,0,3.505263,3.33,0,0,6.043956,5.185714,0,3.505263,-3.505263,4.571356,32.65248,0.217441,4.403625,0,0,5.185714
4/22/2007 10:00:00 PM,0,0,123.3833,90,0,0,1.15857,1.15857,0,-1,0,1.15857,0,0,0,0,0,1.219548,1.15857,0,0,9.938692,1.680451,0,1.219548,-1.219548,3.28584,23.47024,0.217441,1.274427,0,0,1.680451
4/22/2007 11:00:00 PM,0,0,142.4374,90,0,0,0,0,0,-1,0,0,0,0,0,0,0,0,0,0,0,11.29375,0.4609032,0,0,0,3.28584,23.47024,0.217441,0,0,0,0.4609032
4/23/2007 12:00:00 AM,0,0,178.067,90,0,0,0.7901852,0.437858,0,-1,0,0.437858,0,0,0.3523272,0.4313457,0,0.4609032,0.437858,0,0,11.29375,0.4609032,0,0.4609032,-0.4609032,2.800006,20,0.217441,0.8692037,0,0,0.4609032
4/23/2007 1:00:00 AM,0,0,-145.5953,90,0,0,0.89329,0,0,-1,0,0,0,0,0.89329,0.982619,0,0,0,0,0,11.80586,0,0,0,0,2.800006,20,0.217441,0.982619,0,0,0
4/23/2007 2:00:00 AM,0,0,-125.2132,90,0,0,0.4005175,0,0,-1,0,0,0,0,0.4005175,0.4405692,0,0,0,0,0,11.80586,0,0,0,0,2.800006,20,0.217441,0.4405692,0,0,0
4/23/2007 3:00:00 AM,0,0,-114.6741,90,0,0,0.8131967,0,0,-1,0,0,0,0,0.8131967,0.8945163,0,0,0,0,0,11.80586,0,0,0,0,2.800006,20,0.217441,0.8945163,0,0,0
4/23/2007 4:00:00 AM,0,0,-108.559,90,0,0,0.8058226,0,0,-1,0,0,0,0,0.8058226,0.8864048,0,0,0,0,0,11.80586,0,0,0,0,2.800006,20,0.217441,0.8864048,0,0,0
4/23/2007 5:00:00 AM,0,0,-104.6173,90,0,0,1.591925,1.591925,5,0,1.53,1.591925,0,0,0,0,0,0,0,3.408075,3.237671,11.80586,0,3.237671,0,3.237671,5.87153,41.93942,0.2176739,1.751118,0,5,0
4/23/2007 6:00:00 AM,0.03260601,1.173361,-101.892,90.6944,0.01218743,0.05469719,0.9992652,0.9992652,4.504529,0,1.394736,0.9992652,5.473741,0,0,0,0.05469719,0,0,3.505263,3.33,8.568189,2.913904,3.384697,0,3.384697,9.082536,64.87513,0.2178503,1.099192,0.04375775,5,2.968601
4/23/2007 7:00:00 AM,0.2235227,15.72174,-99.94711,76.02474,0.2055851,0.922666,5.971975,5.971975,5,0,1.53,5.971975,15.44993,0,0,0,0.922666,1.023132,0.9719752,0,0,5.183492,5.960132,0,0.1004659,-0.1004659,8.976636,64.1187,0.2178503,6.569173,0.7381327,5,6.882798
4/23/2007 8:00:00 AM,0.5127019,30.34433,-98.60394,61.40187,0.488069,2.190454,4.110039,4.110039,5,0,1.53,4.110039,53.2952,0,0,0,2.190454,0,0,0.8899612,0.8454631,5.295121,5.859666,3.035917,0,3.035917,11.85676,84.69096,0.2180188,4.521043,1.752363,5,8.050119
4/23/2007 9:00:00 AM,0.5376189,45.00791,-97.89006,46.90582,0.5257522,2.359576,2.11393,2.11393,0,-1,0,2.11393,111.6203,0,0,0,2.359576,2.22519,2.11393,0,0,2.259204,8.59199,0.1343864,0,0.1343864,11.98425,85.60161,0.2179982,2.325323,1.887661,0,10.95157
4/23/2007 10:00:00 AM,0.6962119,59.68076,-98.23367,32.73576,0.6833383,3.066822,5.277076,5.277076,4.382172,0,1.361333,5.277076,58.11594,0,0,0,3.066822,0.9420046,0.8949044,0,0,2.124818,8.712938,2.124818,0,2.124818,14.00003,100,0.2181028,5.804784,2.453458,5,11.77976
4/23/2007 11:00:00 AM,0.669227,74.28647,-102.0462,19.64071,0.6608974,2.966108,0,0,0,0,0,0,0,2.966108,0,0,2.966108,0,0,0,0,0,10.62527,0,0,0,14.00003,100,0.2181028,0,2.372886,0,13.59138
4/23/2007 12:00:00 PM,0.9108135,87.00661,-166.6429,11.96424,0.8953088,4.018146,0.8958992,0.8958992,0,0,0,0.8958992,448.5042,3.075094,0,0,4.018146,0.9430519,0.8958992,0,0,0,10.62527,0,0,0,14.00003,100,0.2181028,0.9854892,3.214517,0,14.64342
4/23/2007 1:00:00 PM,0.9651461,75.64899,102.9493,18.54689,0.9468639,4.249526,1.157785,1.157785,0,0,0,1.157785,367.0392,3.030804,0,0,4.249526,1.218721,1.157785,0,0,0,10.62527,0,0,0,14.00003,100,0.2181028,1.273564,3.39962,0,14.8748
4/23/2007 2:00:00 PM,0.9695781,61.06167,98.36643,31.43444,0.9474797,4.252289,2.457804,2.457804,0,-1,0,2.457804,173.0117,1.665127,0,0,4.252289,2.587162,2.457804,0,0,0,10.62527,0,0,0,14.00003,100,0.2181028,2.703585,3.401831,0,14.87756
4/23/2007 3:00:00 PM,0.7749147,46.39026,97.8646,45.55207,0.751574,3.373064,0.03711734,0.03711734,0,-1,0,0.03711734,9087.571,3.333993,0,0,3.373064,0.03907088,0.03711734,0,0,0,10.62527,0,0,0,14.00003,100,0.2181028,0.04082907,2.698451,0,13.99834
4/23/2007 4:00:00 PM,0.3611768,31.72431,98.5074,60.02919,0.3518713,1.579199,3.13871,3.13871,0,-1,0,3.13871,50.31361,0,4.440892E-16,0.1225813,1.579199,3.303905,3.13871,0,0,0,10.62527,0,1.724707,-1.724707,12.18203,87.01431,0.2181028,3.452581,1.263359,0,12.20447
4/23/2007 5:00:00 PM,0.2264301,17.0966,99.7961,74.64442,0.2118553,0.9508064,4.935164,3.33,0,-1,0,3.33,28.55275,0,1.605164,2.09868,0.9508064,3.505263,3.33,0,0,1.916341,8.900567,0,2.554457,-2.554457,9.489393,67.78124,0.2181028,5.42868,0.7606452,0,9.851374
4/23/2007 6:00:00 PM,0.02894463,2.53946,101.6798,89.31194,0.02543183,0.1141381,7.911566,3.33,0,-1,0,3.33,3.427569,0,4.581566,5.372723,0.1141381,3.505263,3.33,0,0,4.754626,6.34611,0,3.391125,-3.391125,5.914834,42.24873,0.2181028,8.702723,0.09131045,0,6.460248
4/23/2007 7:00:00 PM,0,0,104.3181,90,0,0,4.073622,2.807236,0,-1,0,2.807236,0,0,1.266386,1.673748,0,2.954985,2.807236,0,0,8.522543,2.954985,0,2.954985,-2.954985,2.800006,20,0.2181028,4.480985,0,0,2.954985
4/23/2007 8:00:00 PM,0,0,108.1158,90,0,0,1.94778,0,0,-1,0,0,0,0,1.94778,2.142558,0,0,0,0,0,11.80586,0,0,0,0,2.800006,20,0.2181028,2.142558,0,0,0
4/23/2007 9:00:00 PM,0,0,113.96,90,0,0,1.202033,0,0,-1,0,0,0,0,1.202033,1.322236,0,0,0,0,0,11.80586,0,0,0,0,2.800006,20,0.2181028,1.322236,0,0,0
4/23/2007 10:00:00 PM,0,0,123.9194,90,0,0,0.03109874,0,0,-1,0,0,0,0,0.03109874,0.03420861,0,0,0,0,0,11.80586,0,0,0,0,2.800006,20,0.2181028,0.03420861,0,0,0
4/23/2007 11:00:00 PM,0,0,143.0203,90,0,0,0.5200815,0,0,-1,0,0,0,0,0.5200815,0.5720897,0,0,0,0,0,11.80586,0,0,0,0,2.800006,20,0.2181028,0.5720897,0,0,0
4/24/2007 12:00:00 AM,0,0,178.2403,90,0,0,0.52464,0,0,-1,0,0,0,0,0.52464,0.5771039,0,0,0,0,0,11.80586,0,0,0,0,2.800006,20,0.2181028,0.5771039,0,0,0
4/24/2007 1:00:00 AM,0,0,-145.9541,90,0,0,0.3046091,0,0,-1,0,0,0,0,0.3046091,0.3350701,0,0,0,0,0,11.80586,0,0,0,0,2.800006,20,0.2181028,0.3350701,0,0,0
4/24/2007 2:00:00 AM,0,0,-125.6479,90,0,0,0.3780321,0,0,-1,0,0,0,0,0.3780321,0.4158353,0,0,0,0,0,11.80586,0,0,0,0,2.800006,20,0.2181028,0.4158353,0,0,0
4/24/2007 3:00:00 AM,0,0,-115.0677,90,0,0,0.7822714,0,0,-1,0,0,0,0,0.7822714,0.8604985,0,0,0,0,0,11.80586,0,0,0,0,2.800006,20,0.2181028,0.8604985,0,0,0
4/24/2007 4:00:00 AM,0,0,-108.9146,90,0,0,0.6500636,0,0,-1,0,0,0,0,0.6500636,0.7150699,0,0,0,0,0,11.80586,0,0,0,0,2.800006,20,0.2181028,0.7150699,0,0,0
4/24/2007 5:00:00 AM,0,0,-104.9528,90,0,0,0.3740171,0.3740171,3.87928,0,1.224043,0.3740171,0,0,0,0,0,0,0,3.505263,3.33,11.80586,0,3.33,0,3.33,5.959121,42.56506,0.2181527,0.4114188,0,5,0
4/24/2007 6:00:00 AM,0.02390491,1.277823,-102.2257,90.6424,0.0184599,0.08284803,0.7800492,0.7800492,4.285312,0,1.33489,0.7800492,10.62087,4.440892E-16,0,0,0.08284803,0,0,3.505263,3.33,8.475861,2.997,3.412848,0,3.412848,9.196833,65.69154,0.2182758,0.8580541,0.06627842,5,3.079848
4/24/2007 7:00:00 AM,0.1380929,15.80935,-100.2987,75.99215,0.1349727,0.6057575,1.712823,1.712823,4.952582,0,1.517055,1.712823,35.36603,0,0,0,0.6057575,0,0,3.23976,3.077772,5.063012,6.068563,3.683529,0,3.683529,12.69134,90.65221,0.2184981,1.884105,0.484606,5,6.674321
4/24/2007 8:00:00 AM,0.4357257,30.41625,-99.00044,61.39152,0.4170551,1.871743,0,0,0,0,0,0,0,0.4922604,0,0,1.871743,0,0,0,0,1.379483,9.383739,1.379483,0,1.379483,14.00003,100,0.2182883,0,1.497395,0,11.25548
4/24/2007 9:00:00 AM,0.3979318,45.06335,-98.37843,46.92508,0.393131,1.764372,1.638968,1.638968,0,-1,0,1.638968,107.6514,0.0391422,0,0,1.764372,1.72523,1.638968,0,0,0,10.62527,0,0,0,14.00003,100,0.2182883,1.802865,1.411498,0,12.38965
4/24/2007 10:00:00 AM,0.5459149,59.71492,-98.92311,32.8028,0.5391288,2.41961,3.706891,3.706891,1.408261,0,0.5494552,3.706891,65.27332,0,0,0,2.41961,2.41961,2.29863,0,0,0,10.62527,0,0,0,14.00003,100,0.2182883,4.077579,1.935688,5,13.04488
4/24/2007 11:00:00 AM,0.8295462,74.27811,-103.3361,19.80673,0.8147256,3.656488,0.8034809,0.8034809,0,0,0,0.8034809,455.0809,2.810719,0,0,3.656488,0.8457694,0.8034809,0,0,0,10.62527,0,0,0,14.00003,100,0.2182883,0.8838291,2.925191,0,14.28176
4/24/2007 12:00:00 PM,0.8461349,86.67976,-168.8955,12.30656,0.8321305,3.734601,0.9225401,0.9225401,0,0,0,0.9225401,404.8173,2.763507,0,0,3.734601,0.9710949,0.9225401,0,0,0,10.62527,0,0,0,14.00003,100,0.2182883,1.014794,2.987681,0,14.35988
4/24/2007 1:00:00 PM,0.9678379,75.53286,104.2742,18.80607,0.9485928,4.257285,0.5871143,0.5871143,0,0,0,0.5871143,725.1202,3.639269,0,0,4.257285,0.6180151,0.5871143,0,0,0,10.62527,0,0,0,14.00003,100,0.2182883,0.6458258,3.405828,0,14.88256
4/24/2007 2:00:00 PM,0.6306999,60.99103,99.07313,31.6035,0.6207851,2.786084,0,0,0,-1,0,0,0,2.786084,0,0,2.786084,0,0,0,0,0,10.62527,0,0,0,14.00003,100,0.2182883,0,2.228867,0,13.41136
4/24/2007 3:00:00 PM,0.5228261,46.34158,98.3662,45.67486,0.5122566,2.299008,1.13724,1.13724,0,-1,0,1.13724,202.1568,1.101913,0,0,2.299008,1.197095,1.13724,0,0,0,10.62527,0,0,0,14.00003,100,0.2182883,1.250964,1.839206,0,12.92428
4/24/2007 4:00:00 PM,0.2748975,31.6925,98.91656,60.12282,0.2711774,1.217044,0.7240058,0.7240058,0,-1,0,0.7240058,168.0986,0.4549326,0,0,1.217044,0.7621114,0.7240058,0,0,0,10.62527,0,0,0,14.00003,100,0.2182883,0.7964064,0.9736352,0,11.84232
4/24/2007 5:00:00 PM,0.1263558,17.08081,100.1614,74.71597,0.1246976,0.5596428,1.570806,1.570806,0,-1,0,1.570806,35.62775,0,2.220446E-16,0,0.5596428,1.65348,1.570806,0,0,0,10.62527,0,1.093837,-1.093837,12.84702,91.76427,0.2182883,1.727886,0.4477142,0,11.18492
4/24/2007 6:00:00 PM,0.03767157,2.540992,102.0297,89.36413,0.02593717,0.116406,3.884054,3.33,0,-1,0,3.33,3.495676,0,0.5540544,0.9424598,0.116406,3.505263,3.33,0,0,1.215374,9.531437,0,3.388857,-3.388857,9.274854,66.24883,0.2182883,4.27246,0.09312481,0,9.647843
4/24/2007 7:00:00 PM,0,0,104.6746,90,0,0,5.395978,3.33,0,-1,0,3.33,0,0,2.065978,2.605576,0,3.505263,3.33,0,0,4.980771,6.14258,0,3.505263,-3.505263,5.579982,39.85693,0.2182883,5.935575,0,0,6.14258
4/24/2007 8:00:00 PM,0,0,108.5012,90,0,0,0,0,0,-1,0,0,0,0,0,0,0,0,0,0,0,8.875508,2.637317,0,0,0,5.579982,39.85693,0.2182883,0,0,0,2.637317
4/24/2007 9:00:00 PM,0,0,114.4014,90,0,0,7.288494,2.505451,0,-1,0,2.505451,0,0,4.783043,5.511892,0,2.637317,2.505451,0,0,8.875508,2.637317,0,2.637317,-2.637317,2.800006,20,0.2182883,8.017344,0,0,2.637317
4/24/2007 10:00:00 PM,0,0,124.4452,90,0,0,1.074313,0,0,-1,0,0,0,0,1.074313,1.181744,0,0,0,0,0,11.80586,0,0,0,0,2.800006,20,0.2182883,1.181744,0,0,0
4/24/2007 11:00:00 PM,0,0,143.5847,90,0,0,1.043117,0,0,-1,0,0,0,0,1.043117,1.147428,0,0,0,0,0,11.80586,0,0,0,0,2.800006,20,0.2182883,1.147428,0,0,0
4/25/2007 12:00:00 AM,0,0,178.4023,90,0,0,0.2095988,0,0,-1,0,0,0,0,0.2095988,0.2305587,0,0,0,0,0,11.80586,0,0,0,0,2.800006,20,0.2182883,0.2305587,0,0,0
4/25/2007 1:00:00 AM,0,0,-146.3041,90,0,0,0,0,0,-1,0,0,0,0,0,0,0,0,0,0,0,11.80586,0,0,0,0,2.800006,20,0.2182883,0,0,0,0
4/25/2007 2:00:00 AM,0,0,-126.0748,90,0,0,1.803145,0,0,-1,0,0,0,0,1.803145,1.98346,0,0,0,0,0,11.80586,0,0,0,0,2.800006,20,0.2182883,1.98346,0,0,0
4/25/2007 3:00:00 AM,0,0,-115.4558,90,0,0,0.537642,0,0,-1,0,0,0,0,0.537642,0.5914062,0,0,0,0,0,11.80586,0,0,0,0,2.800006,20,0.2182883,0.5914062,0,0,0
4/25/2007 4:00:00 AM,0,0,-109.2661,90,0,0,0.5108384,0,0,-1,0,0,0,0,0.5108384,0.5619223,0,0,0,0,0,11.80586,0,0,0,0,2.800006,20,0.2182883,0.5619223,0,0,0
4/25/2007 5:00:00 AM,0,0,-105.2849,90,0,0,0.2762956,0.2762956,3.781559,0,1.197366,0.2762956,0,0,0,0,0,0,0,3.505263,3.33,11.80586,0,3.33,0,3.33,5.959121,42.56506,0.2183168,0.3039252,0,5,0
4/25/2007 6:00:00 AM,0.02142797,1.379571,-102.5561,90.5925,0.01847326,0.082908,0,0,3.505263,0,1.121937,0,0,0,0,0,0.082908,0,0,3.505263,3.33,8.475861,2.997,3.412908,0,3.412908,9.19689,65.69194,0.2182745,0,0.0663264,5,3.079908
4/25/2007 7:00:00 AM,0.1217803,15.89389,-100.6471,75.96201,0.119888,0.5380574,2.128577,2.128577,5,0,1.53,2.128577,25.27779,0,0,0,0.5380574,0,0,2.871423,2.727852,5.062952,6.068617,3.265909,0,3.265909,12.2952,87.8227,0.218491,2.341435,0.4304459,5,6.606675
4/25/2007 8:00:00 AM,0.3901811,30.48466,-99.39346,61.384,0.3758865,1.686978,1.699016,1.699016,0,0,0,1.699016,99.29148,0,0,0,1.686978,1.788438,1.699016,0,0,1.797043,9.007936,0,0.1014598,-0.1014598,12.18826,87.05879,0.218491,1.868918,1.349583,0,10.69491
4/25/2007 9:00:00 AM,0.555281,45.11455,-98.8626,46.94767,0.5413855,2.429738,2.623365,2.623365,0,-1,0,2.623365,92.61914,0,0,0,2.429738,2.761437,2.623365,0,0,1.909776,8.906475,0,0.3316987,-0.3316987,11.83861,84.56136,0.218491,2.885701,1.94379,0,11.33621
4/25/2007 10:00:00 AM,0.7883942,59.74358,-99.60643,32.87376,0.7700283,3.455887,4.267523,4.267523,3.148844,0,1.024634,4.267523,80.9811,0,0,0,3.455887,1.177557,1.118679,0,0,2.278331,8.574777,2.278331,0,2.278331,14.00003,100,0.2185449,4.694275,2.76471,5,12.03066
4/25/2007 11:00:00 AM,0.9464676,74.26084,-104.6095,19.97674,0.9267675,4.159332,0,0,0,0,0,0,0,4.159332,0,0,4.159332,0,0,0,0,0,10.62527,0,0,0,14.00003,100,0.2185449,0,3.327466,0,14.78461
4/25/2007 12:00:00 PM,0.9634578,86.35194,-170.7,12.64574,0.9447227,4.239915,0,0,0,0,0,0,0,4.239915,0,0,4.239915,0,0,0,0,0,10.62527,0,0,0,14.00003,100,0.2185449,0,3.391932,0,14.86519
4/25/2007 1:00:00 PM,0.8468257,75.41232,105.5657,19.06406,0.830902,3.729088,0,0,0,0,0,0,0,3.729088,0,0,3.729088,0,0,0,0,0,10.62527,0,0,0,14.00003,100,0.2185449,0,2.983271,0,14.35436
4/25/2007 2:00:00 PM,0.7820097,60.91911,99.76949,31.7719,0.7644455,3.430832,1.782021,1.782021,0,-1,0,1.782021,192.5247,1.55502,0,0,3.430832,1.875812,1.782021,0,0,0,10.62527,0,0,0,14.00003,100,0.2185449,1.960223,2.744665,0,14.05611
4/25/2007 3:00:00 PM,0.4401185,46.29285,98.86166,45.7966,0.4337347,1.946601,2.111958,2.111958,0,-1,0,2.111958,92.17044,0,0,0,1.946601,2.223114,2.111958,0,0,0,10.62527,0,0.2765127,-0.2765127,13.70856,97.91808,0.2185449,2.323154,1.557281,0,12.57188
4/25/2007 4:00:00 PM,0.2078984,31.66132,99.32106,60.215,0.2062876,0.9258189,2.354062,2.354062,0,-1,0,2.354062,39.32857,0,4.440892E-16,0,0.9258189,2.47796,2.354062,0,0,0.3072363,10.34876,0,1.552141,-1.552141,12.07246,86.23167,0.2185449,2.589468,0.7406551,0,11.27458
4/25/2007 5:00:00 PM,0.1518794,17.06614,100.5227,74.78574,0.1483727,0.6658968,0,0,0,-1,0,0,0,0,0,0,0.6658968,0,0,0,0,2.031837,8.79662,0.6658968,0,0.6658968,12.70418,90.74398,0.2184446,0,0.5327175,0,9.462518
4/25/2007 6:00:00 PM,0.02487295,2.543992,102.3756,89.4142,0.02310553,0.1036976,0.09391027,0.09391027,0,-1,0,0.09391027,110.422,0,0,0,0.1036976,0.09885292,0.09391027,0,0,1.365941,9.395927,0.004844711,0,0.004844711,12.70878,90.77681,0.2184438,0.1033013,0.0829581,0,9.499625
4/25/2007 7:00:00 PM,0,0,105.0269,90,0,0,0,0,0,-1,0,0,0,0,0,0,0,0,0,0,0,1.361096,9.400288,0,0,0,12.70878,90.77681,0.2184438,0,0,0,9.400288
4/25/2007 8:00:00 PM,0,0,108.8818,90,0,0,0,0,0,-1,0,0,0,0,0,0,0,0,0,0,0,1.361096,9.400288,0,0,0,12.70878,90.77681,0.2184438,0,0,0,9.400288
4/25/2007 9:00:00 PM,0,0,114.8363,90,0,0,4.146533,3.33,0,-1,0,3.33,0,0,0.816533,1.231186,0,3.505263,3.33,0,0,1.361096,9.400288,0,3.505263,-3.505263,9.013907,64.38493,0.2184438,4.561186,0,0,9.400288
4/25/2007 10:00:00 PM,0,0,124.9604,90,0,0,0.5766921,0.5766921,0,-1,0,0.5766921,0,0,1.110223E-16,0,0,0.6070443,0.5766921,0,0,5.255833,5.895025,0,0.6070443,-0.6070443,8.374026,59.81435,0.2184438,0.6343613,0,0,5.895025
4/25/2007 11:00:00 PM,0,0,144.1307,90,0,0,0,0,0,-1,0,0,0,0,0,0,0,0,0,0,0,5.930326,5.287981,0,0,0,8.374026,59.81435,0.2184438,0,0,0,5.287981
4/26/2007 12:00:00 AM,0,0,178.5534,90,0,0,0,0,0,-1,0,0,0,0,0,0,0,0,0,0,0,5.930326,5.287981,0,0,0,8.374026,59.81435,0.2184438,0,0,0,5.287981
4/26/2007 1:00:00 AM,0,0,-146.6458,90,0,0,0,0,0,-1,0,0,0,0,0,0,0,0,0,0,0,5.930326,5.287981,0,0,0,8.374026,59.81435,0.2184438,0,0,0,5.287981
4/26/2007 2:00:00 AM,0,0,-126.4939,90,0,0,0,0,0,-1,0,0,0,0,0,0,0,0,0,0,0,5.930326,5.287981,0,0,0,8.374026,59.81435,0.2184438,0,0,0,5.287981
4/26/2007 3:00:00 AM,0,0,-115.8385,90,0,0,0.7967211,0.7967211,0,-1,0,0.7967211,0,0,1.110223E-16,0,0,0.8386538,0.7967211,0,0,5.930326,5.287981,0,0.8386538,-0.8386538,7.490007,53.49995,0.2184438,0.8763933,0,0,5.287981
4/26/2007 4:00:00 AM,0,0,-109.6134,90,0,0,0.9843394,0.9843394,0,-1,0,0.9843394,0,0,1.110223E-16,0,0,1.036147,0.9843394,0,0,6.862164,4.449327,0,1.036147,-1.036147,6.397813,45.69857,0.2184438,1.082773,0,0,4.449327
4/26/2007 5:00:00 AM,0,0,-105.6133,90,0,0,0.8453377,0.8453377,0,0,0,0.8453377,0,0,1.110223E-16,0,0,0.8898292,0.8453377,0,0,8.013438,3.41318,0,0.8898292,-0.8898292,5.459851,38.99886,0.2184438,0.9298715,0,0,3.41318
4/26/2007 6:00:00 AM,0.02889364,1.478545,-102.8832,90.54477,0.01806798,0.08108908,0.1781658,0.1781658,0,0,0,0.1781658,45.51326,0,2.775558E-17,0,0.08108908,0.187543,0.1781658,0,0,9.002137,2.523351,0,0.1064539,-0.1064539,5.347639,38.19734,0.2184438,0.1959824,0.06487127,0,2.60444
4/26/2007 7:00:00 AM,0.2057881,15.97534,-100.9921,75.93433,0.1911259,0.8577732,0,0,0,0,0,0,0,0,0,0,0.8577732,0,0,0,0,9.12042,2.416897,0.8577732,0,0.8577732,6.161394,44.00987,0.2183147,0,0.6862186,0,3.27467
4/26/2007 8:00:00 AM,0.408804,30.54951,-99.78282,61.3793,0.3920465,1.759505,0,0,0,0,0,0,0,0,0,0,1.759505,0,0,0,0,8.262646,3.188893,1.759505,0,1.759505,7.830606,55.93279,0.2180502,0,1.407604,0,4.948398
4/26/2007 9:00:00 AM,0.707438,45.16154,-99.34232,46.97351,0.6833427,3.066842,3.295012,3.295012,0,-1,0,3.295012,93.07529,0,0,0.2945132,3.066842,3.468434,3.295012,0,0,6.503141,4.772447,0,0.4015916,-0.4015916,7.407292,52.90912,0.2180502,3.624513,2.453474,0,7.839289
4/26/2007 10:00:00 AM,0.7276582,59.76678,-100.2831,32.94851,0.7115744,3.193546,2.053336,2.053336,0,0,0,2.053336,155.5296,0,0,0,3.193546,2.161406,2.053336,0,0,6.949354,4.370856,1.03214,0,1.03214,8.386466,59.90321,0.2178954,2.25867,2.554837,0,7.564402
4/26/2007 11:00:00 AM,0.8891011,74.2349,-105.8643,20.15042,0.8706001,3.907253,0.5489784,0.5489784,0,0,0,0.5489784,711.7317,0,0,0,3.907253,0.577872,0.5489784,0,0,5.917214,5.299781,3.329381,0,3.329381,11.54499,82.46408,0.2173974,0.6038762,3.125803,0,9.207035
4/26/2007 12:00:00 PM,0.9697078,86.0245,-172.1677,12.98163,0.9499514,4.263382,0,0,0,0,0,0,0,1.675549,0,0,4.263382,0,0,0,0,2.587833,8.296225,2.587833,0,2.587833,14.00003,100,0.2170119,0,3.410706,0,12.55961
4/26/2007 1:00:00 PM,0.8549857,75.28783,106.8237,19.3206,0.8380458,3.76115,6.171146,6.171146,2.841146,0,0.9406328,6.171146,60.94735,0.2558866,0,0,3.76115,3.505263,3.33,0,0,0,10.62527,0,0,0,14.00003,100,0.2170119,6.78826,3.00892,5,14.38642
4/26/2007 2:00:00 PM,0.742425,60.84608,100.4554,31.93946,0.7260679,3.258593,2.419546,2.419546,0,-1,0,2.419546,134.6779,0.7117028,0,0,3.258593,2.54689,2.419546,0,0,0,10.62527,0,0,0,14.00003,100,0.2170119,2.6615,2.606874,0,13.88387
4/26/2007 3:00:00 PM,0.5266101,46.24419,99.35084,45.91716,0.514976,2.311212,0,0,0,-1,0,0,0,2.311212,0,0,2.311212,0,0,0,0,0,10.62527,0,0,0,14.00003,100,0.2170119,0,1.84897,0,12.93649
4/26/2007 4:00:00 PM,0.4733456,31.63087,99.72078,60.30564,0.4513242,2.025543,1.203456,1.203456,0,-1,0,1.203456,168.3105,0.7587466,0,0,2.025543,1.266796,1.203456,0,0,0,10.62527,0,0,0,14.00003,100,0.2170119,1.323802,1.620434,0,12.65082
4/26/2007 5:00:00 PM,0.2845501,17.05262,100.8798,74.85364,0.2566108,1.151669,2.439252,2.439252,0,-1,0,2.439252,47.21404,0,0,0,1.151669,2.567633,2.439252,0,0,0,10.62527,0,1.415964,-1.415964,12.50747,89.3389,0.2170119,2.683177,0.9213352,0,11.77694
4/26/2007 6:00:00 PM,0.05254794,2.548488,102.7176,89.4621,0.0171776,0.07709309,2.92491,2.92491,0,-1,0,2.92491,2.635742,0,4.440892E-16,0,0.07709309,3.078853,2.92491,0,0,1.573294,9.20931,0,3.00176,-3.00176,9.343338,66.738,0.2170119,3.217401,0.06167447,0,9.286403
4/26/2007 7:00:00 PM,0,0,105.375,90,0,0,4.033416,3.33,0,-1,0,3.33,0,0,0.7034159,1.106758,0,3.505263,3.33,0,0,4.908582,6.20755,0,3.505263,-3.505263,5.648466,40.34611,0.2170119,4.436758,0,0,6.20755
4/26/2007 8:00:00 PM,0,0,109.2573,90,0,0,7.781051,2.567173,0,-1,0,2.567173,0,0,5.213879,5.991983,0,2.702287,2.567173,0,0,8.803319,2.702287,0,2.702287,-2.702287,2.800006,20,0.2170119,8.559156,0,0,2.702287
4/26/2007 9:00:00 PM,0,0,115.2645,90,0,0,1.338834,0,0,-1,0,0,0,0,1.338834,1.472717,0,0,0,0,0,11.80586,0,0,0,0,2.800006,20,0.2170119,1.472717,0,0,0
4/26/2007 10:00:00 PM,0,0,125.465,90,0,0,0.389394,0,0,-1,0,0,0,0,0.389394,0.4283334,0,0,0,0,0,11.80586,0,0,0,0,2.800006,20,0.2170119,0.4283334,0,0,0
4/26/2007 11:00:00 PM,0,0,144.6586,90,0,0,1.673415,0,0,-1,0,0,0,0,1.673415,1.840756,0,0,0,0,0,11.80586,0,0,0,0,2.800006,20,0.2170119,1.840756,0,0,0
4/27/2007 12:00:00 AM,0,0,178.6942,90,0,0,0.699218,0,0,-1,0,0,0,0,0.699218,0.7691398,0,0,0,0,0,11.80586,0,0,0,0,2.800006,20,0.2170119,0.7691398,0,0,0
4/27/2007 1:00:00 AM,0,0,-146.9796,90,0,0,0.761621,0,0,-1,0,0,0,0,0.761621,0.8377831,0,0,0,0,0,11.80586,0,0,0,0,2.800006,20,0.2170119,0.8377831,0,0,0
4/27/2007 2:00:00 AM,0,0,-126.9054,90,0,0,0.3569225,0,0,-1,0,0,0,0,0.3569225,0.3926147,0,0,0,0,0,11.80586,0,0,0,0,2.800006,20,0.2170119,0.3926147,0,0,0
4/27/2007 3:00:00 AM,0,0,-116.2157,90,0,0,0.7743353,0,0,-1,0,0,0,0,0.7743353,0.8517688,0,0,0,0,0,11.80586,0,0,0,0,2.800006,20,0.2170119,0.8517688,0,0,0
4/27/2007 4:00:00 AM,0,0,-109.9565,90,0,0,0.4418279,0,0,-1,0,0,0,0,0.4418279,0.4860107,0,0,0,0,0,11.80586,0,0,0,0,2.800006,20,0.2170119,0.4860107,0,0,0
4/27/2007 5:00:00 AM,0,0,-105.9381,90,0,0,0,0,0,0,0,0,0,0,0,0,0,0,0,0,0,11.80586,0,0,0,0,2.800006,20,0.2170119,0,0,0,0
4/27/2007 6:00:00 AM,0.03201129,1.574688,-103.2068,90.49924,0.01670076,0.074953,0.4911652,0.4911652,3.996428,0,1.256025,0.4911652,15.26024,0,0,0,0.074953,0,0,3.505263,3.33,11.80586,0,3.404953,0,3.404953,6.030228,43.07297,0.2170762,0.5402817,0.0599624,5,0.074953
4/27/2007 7:00:00 AM,0.2165625,16.05364,-101.3337,75.90916,0.1991467,0.8937702,0.2748577,0.2748577,3.780121,0,1.196973,0.2748577,325.1757,0,0,0,0.8937702,0,0,3.505263,3.33,8.400908,3.064458,4.22377,0,4.22377,10.03725,71.69448,0.2169744,0.3023434,0.7150161,5,3.958228
4/27/2007 8:00:00 AM,0.2889527,30.61082,-100.1684,61.37743,0.2835759,1.272689,2.006513,2.006513,4.765739,0,1.466047,2.006513,63.42788,0,0,0,1.272689,0,0,2.759226,2.621265,4.177137,6.865851,3.893953,0,3.893953,13.73138,98.08106,0.217125,2.207164,1.018151,5,8.138539
4/27/2007 9:00:00 AM,0.407914,45.20435,-99.81735,47.00256,0.4023108,1.805571,2.288551,2.288551,0,-1,0,2.288551,78.89581,0,0,0,1.805571,2.409001,2.288551,0,0,0.2831837,10.37041,0,0.6034304,-0.6034304,13.0953,93.5377,0.217125,2.517406,1.444457,0,12.17598
4/27/2007 10:00:00 AM,0.7927694,59.78463,-100.9528,33.02692,0.7727705,3.468194,0,0,0,0,0,0,0,2.514532,0,0,3.468194,0,0,0,0,0.953662,9.766978,0.953662,0,0.953662,14.00003,100,0.2169843,0,2.774555,0,13.23517
4/27/2007 11:00:00 AM,0.7364754,74.20058,-107.099,20.32744,0.7239184,3.248946,3.097327,3.097327,1.25,0,0.50625,3.097327,104.8951,1.30439,0,0,3.248946,1.944555,1.847328,0,0,0,10.62527,0,0,0,14.00003,100,0.2169843,3.40706,2.599157,5,13.87422
4/27/2007 12:00:00 PM,0.8105251,85.69839,-173.3763,13.31406,0.7961477,3.573111,4.813418,4.813418,1.483418,0,0.5699731,4.813418,74.23231,0.06784783,0,0,3.573111,3.505263,3.33,0,0,0,10.62527,0,0,0,14.00003,100,0.2169843,5.294759,2.858489,5,14.19839
4/27/2007 1:00:00 PM,0.7819524,75.15981,108.0483,19.57543,0.7675306,3.444677,5.764772,5.764772,2.492329,0,0.8454058,5.764772,59.75392,0,0,0,3.444677,3.444677,3.272443,0,0,0,10.62527,0,0,0,14.00003,100,0.2169843,6.341249,2.755742,5,14.06995
4/27/2007 2:00:00 PM,0.4985995,60.77214,101.1306,32.10599,0.4931254,2.213147,5.565717,3.33,0,-1,0,3.33,66.46087,0,2.235718,2.792289,2.213147,3.505263,3.33,0,0,0,10.62527,0,1.292116,-1.292116,12.63802,90.27138,0.2169843,6.122289,1.770518,0,12.83842
4/27/2007 3:00:00 PM,0.430251,46.19572,99.83364,46.03641,0.4239368,1.902628,2.785309,2.785309,0,-1,0,2.785309,68.30941,0,4.440892E-16,0,1.902628,2.931904,2.785309,0,0,1.435685,9.333158,0,1.029276,-1.029276,11.55307,82.52173,0.2169843,3.06384,1.522103,0,11.23579
4/27/2007 4:00:00 PM,0.2264595,31.60122,100.1156,60.39465,0.224343,1.006852,6.868032,3.33,0,-1,0,3.33,30.23578,4.440892E-16,3.538032,4.224835,1.006852,3.505263,3.33,0,0,2.579325,8.303882,0,2.498412,-2.498412,8.919509,63.71065,0.2169843,7.554835,0.8054813,0,9.310734
4/27/2007 5:00:00 PM,0.1438203,17.04033,101.2326,74.91961,0.1408506,0.6321375,0,0,0,-1,0,0,0,0,0,0,0.6321375,0,0,0,0,5.355338,5.80547,0.6321375,0,0.6321375,9.519207,67.9942,0.2168912,0,0.50571,0,6.437608
4/27/2007 6:00:00 PM,0.01629132,2.554509,103.0554,89.5078,0.01591468,0.07142508,0,0,0,-1,0,0,0,0,0,0,0.07142508,0,0,0,0,4.7232,6.374394,0.07142508,0,0.07142508,9.586967,68.4782,0.2168807,0,0.05714006,0,6.445819
4/27/2007 7:00:00 PM,0,0,105.7187,90,0,0,3.338162,3.33,0,-1,0,3.33,0,0,0.00816215,0.3419784,0,3.505263,3.33,0,0,4.651775,6.438676,0,3.505263,-3.505263,5.892095,42.08631,0.2168807,3.671978,0,0,6.438676
4/27/2007 8:00:00 PM,0,0,109.6277,90,0,0,5.006021,2.786743,0,-1,0,2.786743,0,0,2.219278,2.71988,0,2.933413,2.786743,0,0,8.546512,2.933413,0,2.933413,-2.933413,2.800006,20,0.2168807,5.506623,0,0,2.933413
4/27/2007 9:00:00 PM,0,0,115.6858,90,0,0,4.074418,0,0,-1,0,0,0,0,4.074418,4.48186,0,0,0,0,0,11.80586,0,0,0,0,2.800006,20,0.2168807,4.48186,0,0,0
4/27/2007 10:00:00 PM,0,0,125.9589,90,0,0,1.349368,0,0,-1,0,0,0,0,1.349368,1.484305,0,0,0,0,0,11.80586,0,0,0,0,2.800006,20,0.2168807,1.484305,0,0,0
4/27/2007 11:00:00 PM,0,0,145.1689,90,0,0,0.07184491,0,0,-1,0,0,0,0,0.07184491,0.0790294,0,0,0,0,0,11.80586,0,0,0,0,2.800006,20,0.2168807,0.0790294,0,0,0
4/28/2007 12:00:00 AM,0,0,178.8249,90,0,0,0.597006,0,0,-1,0,0,0,0,0.597006,0.6567066,0,0,0,0,0,11.80586,0,0,0,0,2.800006,20,0.2168807,0.6567066,0,0,0
4/28/2007 1:00:00 AM,0,0,-147.3057,90,0,0,1.461454,0,0,-1,0,0,0,0,1.461454,1.6076,0,0,0,0,0,11.80586,0,0,0,0,2.800006,20,0.2168807,1.6076,0,0,0
4/28/2007 2:00:00 AM,0,0,-127.3094,90,0,0,0,0,0,-1,0,0,0,0,0,0,0,0,0,0,0,11.80586,0,0,0,0,2.800006,20,0.2168807,0,0,0,0
4/28/2007 3:00:00 AM,0,0,-116.5874,90,0,0,0.4050206,0,0,-1,0,0,0,0,0.4050206,0.4455226,0,0,0,0,0,11.80586,0,0,0,0,2.800006,20,0.2168807,0.4455226,0,0,0
4/28/2007 4:00:00 AM,0,0,-110.2952,90,0,0,1.154441,0,0,-1,0,0,0,0,1.154441,1.269885,0,0,0,0,0,11.80586,0,0,0,0,2.800006,20,0.2168807,1.269885,0,0,0
4/28/2007 5:00:00 AM,0,0,-106.2592,90,0,0,0.3915206,0.3915206,3.896784,0,1.228822,0.3915206,0,0,0,0,0,0,0,3.505263,3.33,11.80586,0,3.33,0,3.33,5.959121,42.56506,0.2169353,0.4306727,0,5,0
4/28/2007 6:00:00 AM,0.03813354,1.667947,-103.527,90.45596,0.01160935,0.05210275,0,0,3.505263,0,1.121937,0,0,0,0,0,0.05210275,0,0,3.505263,3.33,8.475861,2.997,3.382103,0,3.382103,9.167665,65.48319,0.2169018,0,0.0416822,5,3.049103
4/28/2007 7:00:00 AM,0.2095983,16.12878,-101.6718,75.88649,0.1936519,0.8691097,3.037992,3.037992,5,0,1.53,3.037992,28.60803,0,0,0,0.8691097,0,0,1.962008,1.863908,5.093758,6.040893,2.733017,0,2.733017,11.76043,84.00293,0.2170724,3.341791,0.6952878,5,6.910002
4/28/2007 8:00:00 AM,0.2234637,30.66855,-100.55,61.37835,0.2212375,0.992914,3.990235,3.990235,5,0,1.53,3.990235,24.88359,0,0,0,0.992914,0,0,1.009765,0.9592764,2.36074,8.500608,1.95219,0,1.95219,13.61244,97.23154,0.217186,4.389259,0.7943311,5,9.493522
4/28/2007 9:00:00 AM,0.2255213,45.24298,-100.2875,47.03476,0.2242032,1.006224,3.926144,3.33,0,-1,0,3.33,30.21693,0,0.5961443,0.9887587,1.006224,3.505263,3.33,0,0,0.4085496,10.25758,0,2.499039,-2.499039,10.97822,78.41573,0.217186,4.318759,0.8049791,0,11.2638
4/28/2007 10:00:00 AM,0.701449,59.7972,-101.6148,33.10885,0.6856686,3.077281,0,0,0,0,0,0,0,0,0,0,3.077281,0,0,0,0,3.18526,7.75854,3.077281,0,3.077281,13.89759,99.2683,0.2167366,0,2.461825,0,10.83582
4/28/2007 11:00:00 AM,0.6814864,74.15819,-108.3119,20.50749,0.6709805,3.01136,1.715356,1.715356,0,0,0,1.715356,175.5531,1.097744,0,0,3.01136,1.805637,1.715356,0,0,0.1079789,10.52809,0.1079789,0,0.1079789,14.00003,100,0.2167208,1.886891,2.409088,0,13.53945
4/28/2007 12:00:00 PM,0.8061383,85.37434,-174.3819,13.64289,0.791405,3.551826,4.611875,4.611875,1.281875,0,0.5149518,4.611875,77.01479,0.04656245,0,0,3.551826,3.505263,3.33,0,0,0,10.62527,0,0,0,14.00003,100,0.2167208,5.073062,2.84146,5,14.1771
4/28/2007 1:00:00 PM,1.026018,75.02868,109.2398,19.82833,1.001551,4.494959,0,0,0,0,0,0,0,4.494959,0,0,4.494959,0,0,0,0,0,10.62527,0,0,0,14.00003,100,0.2167208,0,3.595967,0,15.12023
4/28/2007 2:00:00 PM,0.7194827,60.69746,101.7952,32.27132,0.7031068,3.155543,0,0,0,-1,0,0,0,3.155543,0,0,3.155543,0,0,0,0,0,10.62527,0,0,0,14.00003,100,0.2167208,0,2.524435,0,13.78082
4/28/2007 3:00:00 PM,0.3380341,46.14754,100.31,46.15422,0.3350077,1.503515,0.0304228,0.0304228,0,-1,0,0.0304228,4942.064,1.471491,0,0,1.503515,0.032024,0.0304228,0,0,0,10.62527,0,0,0,14.00003,100,0.2167208,0.03346509,1.202812,0,12.12879
4/28/2007 4:00:00 PM,0.2735431,31.57245,100.5055,60.48193,0.2694604,1.209338,0,0,0,-1,0,0,0,1.209338,0,0,1.209338,0,0,0,0,0,10.62527,0,0,0,14.00003,100,0.2167208,0,0.9674708,0,11.83461
4/28/2007 5:00:00 PM,0.05983131,17.02929,101.581,74.9836,0.05943525,0.2667454,0,0,0,-1,0,0,0,0.2667454,0,0,0.2667454,0,0,0,0,0,10.62527,0,0,0,14.00003,100,0.2167208,0,0.2133963,0,10.89202
4/28/2007 6:00:00 PM,0.01291164,2.562078,103.389,89.55126,0.01266451,0.05683831,1.95093,1.95093,0,-1,0,1.95093,2.913395,0,2.220446E-16,0,0.05683831,2.053611,1.95093,0,0,0,10.62527,0,1.996773,-1.996773,11.89524,84.96587,0.2167208,2.146024,0.04547065,0,10.68211
4/28/2007 7:00:00 PM,0,0,106.0579,90,0,0,0,0,0,-1,0,0,0,0,0,0,0,0,0,0,0,2.218636,8.628502,0,0,0,11.89524,84.96587,0.2167208,0,0,0,8.628502
4/28/2007 8:00:00 PM,0,0,109.9928,90,0,0,0,0,0,-1,0,0,0,0,0,0,0,0,0,0,0,2.218636,8.628502,0,0,0,11.89524,84.96587,0.2167208,0,0,0,8.628502
4/28/2007 9:00:00 PM,0,0,116.1001,90,0,0,0.2255596,0.2255596,0,-1,0,0.2255596,0,0,2.775558E-17,0,0,0.2374312,0.2255596,0,0,2.218636,8.628502,0,0.2374312,-0.2374312,11.64497,83.17819,0.2167208,0.2481156,0,0,8.628502
4/28/2007 10:00:00 PM,0,0,126.442,90,0,0,0.4032628,0.4032628,0,-1,0,0.4032628,0,0,5.551115E-17,0,0,0.4244871,0.4032628,0,0,2.482449,8.39107,0,0.4244871,-0.4244871,11.19752,79.98214,0.2167208,0.4435891,0,0,8.39107
4/28/2007 11:00:00 PM,0,0,145.6617,90,0,0,0,0,0,-1,0,0,0,0,0,0,0,0,0,0,0,2.954101,7.966583,0,0,0,11.19752,79.98214,0.2167208,0,0,0,7.966583
4/29/2007 12:00:00 AM,0,0,178.946,90,0,0,0,0,0,-1,0,0,0,0,0,0,0,0,0,0,0,2.954101,7.966583,0,0,0,11.19752,79.98214,0.2167208,0,0,0,7.966583
4/29/2007 1:00:00 AM,0,0,-147.6246,90,0,0,0,0,0,-1,0,0,0,0,0,0,0,0,0,0,0,2.954101,7.966583,0,0,0,11.19752,79.98214,0.2167208,0,0,0,7.966583
4/29/2007 2:00:00 AM,0,0,-127.706,90,0,0,0.6574863,0.6574863,0,-1,0,0.6574863,0,0,1.110223E-16,0,0,0.6920908,0.6574863,0,0,2.954101,7.966583,0,0.6920908,-0.6920908,10.46799,74.77123,0.2167208,0.7232349,0,0,7.966583
4/29/2007 3:00:00 AM,0,0,-116.9537,90,0,0,0.5009807,0.5009807,0,-1,0,0.5009807,0,0,0,0,0,0.5273481,0.5009807,0,0,3.723091,7.274492,0,0.5273481,-0.5273481,9.91212,70.80072,0.2167208,0.5510788,0,0,7.274492
4/29/2007 4:00:00 AM,0,0,-110.6296,90,0,0,0.3538831,0.3538831,0,-1,0,0.3538831,0,0,5.551115E-17,0,0,0.3725085,0.3538831,0,0,4.309033,6.747144,0,0.3725085,-0.3725085,9.519462,67.99602,0.2167208,0.3892714,0,0,6.747144
4/29/2007 5:00:00 AM,0,0,-106.5765,90,0,0,1.589328,1.589328,0,0,0,1.589328,0,0,2.220446E-16,0,0,1.672976,1.589328,0,0,4.722931,6.374636,0,1.672976,-1.672976,7.75599,55.39981,0.2167208,1.74826,0,0,6.374636
4/29/2007 6:00:00 AM,0.01909613,1.758273,-103.8436,90.41496,0.01788321,0.08025983,1.239175,1.239175,0,0,0,1.239175,6.476877,0,2.220446E-16,0,0.08025983,1.304395,1.239175,0,0,6.581794,4.701659,0,1.224135,-1.224135,6.465639,46.18304,0.2167208,1.363092,0.06420787,0,4.781919
4/29/2007 7:00:00 AM,0.09940643,16.20072,-102.0061,75.86633,0.09844583,0.4418249,4.609682,4.609682,5,0,1.53,4.609682,9.584716,0,0,0,0.4418249,0,0,0.3903182,0.3708023,7.941944,3.477525,0.8126272,0,0.8126272,7.236564,51.68964,0.2167676,5.07065,0.3534599,5,3.91935
4/29/2007 8:00:00 AM,0.1749469,30.72273,-100.9274,61.38205,0.1737471,0.7797771,0.9816645,0.9816645,4.486928,0,1.389931,0.9816645,79.43418,4.440892E-16,0,0,0.7797771,0,0,3.505263,3.33,7.129317,4.208889,4.109777,0,4.109777,11.13544,79.5387,0.2168286,1.079831,0.6238217,5,4.988666
4/29/2007 9:00:00 AM,0.2531251,45.27748,-100.7524,47.07004,0.251531,1.128871,5.389339,3.33,0,-1,0,3.33,33.90004,4.440892E-16,2.05934,2.598274,1.128871,3.505263,3.33,0,0,3.01954,7.907689,0,2.376392,-2.376392,8.630505,61.64634,0.2168286,5.928274,0.903097,0,9.03656
4/29/2007 10:00:00 AM,0.415651,59.80459,-102.2689,33.19416,0.4121739,1.849836,3.726878,3.726878,5,0,1.53,3.726878,49.63501,0,0,0,1.849836,0,0,1.273121,1.209465,5.659975,5.531297,3.059302,0,3.059302,11.53281,82.37707,0.2169997,4.099566,1.479869,5,7.381133
4/29/2007 11:00:00 AM,0.3009869,74.10803,-109.5014,20.69025,0.2993425,1.343449,0,0,0,0,0,0,0,0,0,0,1.343449,0,0,0,0,2.600673,8.284668,1.343449,0,1.343449,12.80732,91.48067,0.2168049,0,1.074759,0,9.628118
4/29/2007 12:00:00 PM,0.2220014,85.05287,-175.2255,13.96798,0.2208372,0.9911174,0.2314094,0.2314094,0,0,0,0.2314094,428.2961,0,0,0,0.9911174,0.2435888,0.2314094,0,0,1.257224,9.493773,0.7475285,0,0.7475285,13.51649,96.54615,0.2166967,0.2545503,0.7928939,0,10.48489
4/29/2007 1:00:00 PM,0.1686234,74.89487,110.3986,20.07907,0.1677492,0.7528584,4.560044,4.560044,4.32904,0,1.346828,4.560044,16.50989,0,0,0,0.7528584,0.2431627,0.2310046,0,0,0.5096957,10.16655,0.5096957,0,0.5096957,14.00003,100,0.216721,5.016049,0.6022867,5,10.91941
4/29/2007 2:00:00 PM,0.3931797,60.62224,102.4491,32.43526,0.3902234,1.751322,1.910147,1.910147,0,-1,0,1.910147,91.68523,0,2.220446E-16,0,1.751322,2.010681,1.910147,0,0,0,10.62527,0,0.2593583,-0.2593583,13.72664,98.04723,0.216721,2.101161,1.401058,0,12.3766
4/29/2007 3:00:00 PM,0.2176074,46.09979,100.7797,46.27048,0.2163534,0.9709942,0.9831189,0.9831189,0,-1,0,0.9831189,98.76671,0,0,0,0.9709942,1.034862,0.9831189,0,0,0.2881759,10.36592,0,0.06386784,-0.06386784,13.65932,97.56636,0.216721,1.081431,0.7767953,0,11.33691
4/29/2007 4:00:00 PM,0.1707961,31.54464,100.8903,60.5674,0.1696794,0.7615213,0,0,0,-1,0,0,0,0.4023812,0,0,0.7615213,0,0,0,0,0.3591402,10.30205,0.3591402,0,0.3591402,14.00003,100,0.2166691,0,0.609217,0,11.06357
4/29/2007 5:00:00 PM,0.03590121,17.01957,101.925,75.04552,0.03568864,0.1601706,5.224523,3.33,0,-1,0,3.33,4.809928,0,1.894523,2.416975,0.1601706,3.505263,3.33,0,0,0,10.62527,0,3.345093,-3.345093,10.47399,74.81407,0.2166691,5.746975,0.1281365,0,10.78545
4/29/2007 6:00:00 PM,0.0187295,2.571217,103.7183,89.59243,0.01817594,0.08157361,4.234752,3.33,0,-1,0,3.33,2.449658,0,0.9047516,1.328227,0.08157361,3.505263,3.33,0,0,3.716769,7.280181,0,3.42369,-3.42369,6.865105,49.03637,0.2166691,4.658227,0.06525889,0,7.361755
4/29/2007 7:00:00 PM,0,0,106.3926,90,0,0,3.735497,3.33,0,-1,0,3.33,0,0,0.4054969,0.7790465,0,3.505263,3.33,0,0,7.520869,3.856492,0,3.505263,-3.505263,3.170233,22.64448,0.2166691,4.109046,0,0,3.856492
4/29/2007 8:00:00 PM,0,0,110.3526,90,0,0,1.188455,0.3336675,0,-1,0,0.3336675,0,0,0.8547874,0.9736329,0,0.3512289,0.3336675,0,0,11.41561,0.3512289,0,0.3512289,-0.3512289,2.800006,20,0.2166691,1.3073,0,0,0.3512289
4/29/2007 9:00:00 PM,0,0,116.5073,90,0,0,1.180672,0,0,-1,0,0,0,0,1.180672,1.298739,0,0,0,0,0,11.80586,0,0,0,0,2.800006,20,0.2166691,1.298739,0,0,0
4/29/2007 10:00:00 PM,0,0,126.9143,90,0,0,0.3491235,0,0,-1,0,0,0,0,0.3491235,0.3840359,0,0,0,0,0,11.80586,0,0,0,0,2.800006,20,0.2166691,0.3840359,0,0,0
4/29/2007 11:00:00 PM,0,0,146.1374,90,0,0,1.395282,0,0,-1,0,0,0,0,1.395282,1.53481,0,0,0,0,0,11.80586,0,0,0,0,2.800006,20,0.2166691,1.53481,0,0,0
4/30/2007 12:00:00 AM,0,0,179.0578,90,0,0,0.2699703,0,0,-1,0,0,0,0,0.2699703,0.2969673,0,0,0,0,0,11.80586,0,0,0,0,2.800006,20,0.2166691,0.2969673,0,0,0
4/30/2007 1:00:00 AM,0,0,-147.9365,90,0,0,1.325432,0,0,-1,0,0,0,0,1.325432,1.457976,0,0,0,0,0,11.80586,0,0,0,0,2.800006,20,0.2166691,1.457976,0,0,0
4/30/2007 2:00:00 AM,0,0,-128.0954,90,0,0,0.0335587,0,0,-1,0,0,0,0,0.0335587,0.03691456,0,0,0,0,0,11.80586,0,0,0,0,2.800006,20,0.2166691,0.03691456,0,0,0
4/30/2007 3:00:00 AM,0,0,-117.3145,90,0,0,0.2797918,0,0,-1,0,0,0,0,0.2797918,0.3077709,0,0,0,0,0,11.80586,0,0,0,0,2.800006,20,0.2166691,0.3077709,0,0,0
4/30/2007 4:00:00 AM,0,0,-110.9596,90,0,0,0.1677712,0,0,-1,0,0,0,0,0.1677712,0.1845483,0,0,0,0,0,11.80586,0,0,0,0,2.800006,20,0.2166691,0.1845483,0,0,0
4/30/2007 5:00:00 AM,0,0,-106.8899,90,0,0,0.6171704,0.6171704,4.122434,0,1.290424,0.6171704,0,0,0,0,0,0,0,3.505263,3.33,11.80586,0,3.33,0,3.33,5.959121,42.56506,0.2167688,0.6788875,0,5,0
4/30/2007 6:00:00 AM,0.04392761,1.845621,-104.1565,90.37627,0.007580967,0.03402338,1.587059,1.587059,4.916246,0,1.507135,1.587059,2.143801,0,0,0,0.03402338,0,0,3.329188,3.162728,8.475861,2.997,3.196752,0,3.196752,8.991826,64.2272,0.216986,1.745764,0.0272187,5,3.031023
4/30/2007 7:00:00 AM,0.28125,16.26944,-102.3366,75.8487,0.248263,1.114204,0,0,3.505263,0,1.121937,0,0,0,0,0,1.114204,0,0,3.505263,3.33,5.279109,5.874076,4.444204,0,4.444204,13.20797,94.34245,0.2168003,0,0.8913635,5,6.988281
4/30/2007 8:00:00 AM,0.4722993,30.77334,-101.3006,61.3885,0.446224,2.002653,2.748514,2.748514,0,0,0,2.748514,72.86313,0,4.440892E-16,0,2.002653,2.893172,2.748514,0,0,0.8349041,9.87386,0,0.8905192,-0.8905192,12.26928,87.63753,0.2168003,3.023365,1.602123,0,11.87651
4/30/2007 9:00:00 AM,0.6419718,45.30789,-101.2119,47.10834,0.6190084,2.77811,3.226996,3.226996,0,-1,0,3.226996,86.08966,0,4.440892E-16,0.2196957,2.77811,3.396838,3.226996,0,0,1.82437,8.983341,0,0.6187281,-0.6187281,11.61708,82.97899,0.2168003,3.549696,2.222488,0,11.76145
4/30/2007 10:00:00 AM,0.9013832,59.80691,-102.9145,33.28269,0.874363,3.924141,0.4434534,0.4434534,0,0,0,0.4434534,884.9049,0.9455025,0,0,3.924141,0.4667931,0.4434534,0,0,2.511846,8.364614,2.511846,0,2.511846,14.00003,100,0.21644,0.4877988,3.139313,0,12.28875
4/30/2007 11:00:00 AM,0.9360687,74.05045,-110.6664,20.87541,0.9126742,4.096082,2.853608,2.853608,0,0,0,2.853608,143.5405,1.092284,0,0,4.096082,3.003798,2.853608,0,0,0,10.62527,0,0,0,14.00003,100,0.21644,3.138969,3.276865,0,14.72136
4/30/2007 12:00:00 PM,0.9056826,84.73442,-175.9378,14.28918,0.8852608,3.973051,2.353279,2.353279,0,0,0,2.353279,168.8304,1.495914,0,0,3.973051,2.477136,2.353279,0,0,0,10.62527,0,0,0,14.00003,100,0.21644,2.588607,3.17844,0,14.59832
4/30/2007 1:00:00 PM,0.8390289,74.75878,111.5249,20.32743,0.8201115,3.68066,1.105856,1.105856,0,0,0,1.105856,332.8336,2.516601,0,0,3.68066,1.164059,1.105856,0,0,0,10.62527,0,0,0,14.00003,100,0.21644,1.216442,2.944528,0,14.30593
4/30/2007 2:00:00 PM,0.7764084,60.54664,103.092,32.59767,0.7555735,3.391014,0,0,0,-1,0,0,0,3.391014,0,0,3.391014,0,0,0,0,0,10.62527,0,0,0,14.00003,100,0.21644,0,2.712811,0,14.01629
4/30/2007 3:00:00 PM,0.6060562,46.05255,101.2428,46.38507,0.5865126,2.632269,2.869034,2.869034,0,-1,0,2.869034,91.74756,0,4.440892E-16,0,2.632269,3.020036,2.869034,0,0,0,10.62527,0,0.3877671,-0.3877671,13.59129,97.08041,0.21644,3.155937,2.105815,0,13.25754
4/30/2007 4:00:00 PM,0.5307387,31.51785,101.27,60.65099,0.5002934,2.245317,0.4873118,0.4873118,0,-1,0,0.4873118,460.7556,1.301504,0,0,2.245317,0.5129598,0.4873118,0,0,0.4308524,10.23751,0.4308524,0,0.4308524,14.00003,100,0.2163783,0.536043,1.796253,0,12.48282
4/30/2007 5:00:00 PM,0.2575868,17.0112,102.2645,75.10535,0.2319729,1.041094,9.239933,3.33,0,-1,0,3.33,31.26409,4.440892E-16,5.909933,6.833926,1.041094,3.505263,3.33,0,0,0,10.62527,0,2.464169,-2.464169,11.40257,81.44674,0.2163783,10.16393,0.8328754,0,11.66637
4/30/2007 6:00:00 PM,0.03877406,2.581941,104.0432,89.63129,0.02381548,0.1068839,6.508736,3.33,0,-1,0,3.33,3.209727,0,3.178736,3.829609,0.1068839,3.505263,3.33,0,0,2.737966,8.161105,0,3.398379,-3.398379,7.82036,55.8596,0.2163783,7.159609,0.08550712,0,8.267989
4/30/2007 7:00:00 PM,0,0,106.7225,90,0,0,3.92267,3.33,0,-1,0,3.33,0,0,0.5926704,0.9849374,0,3.505263,3.33,0,0,6.513942,4.762726,0,3.505263,-3.505263,4.125488,29.46771,0.2163783,4.314938,0,0,4.762726
4/30/2007 8:00:00 PM,0,0,110.7069,90,0,0,3.473473,1.19459,0,-1,0,1.19459,0,0,2.278883,2.626231,0,1.257463,1.19459,0,0,10.40868,1.257463,0,1.257463,-1.257463,2.800006,20,0.2163783,3.820821,0,0,1.257463
4/30/2007 9:00:00 PM,0,0,116.9072,90,0,0,0.5680649,0,0,-1,0,0,0,0,0.5680649,0.6248714,0,0,0,0,0,11.80586,0,0,0,0,2.800006,20,0.2163783,0.6248714,0,0,0
4/30/2007 10:00:00 PM,0,0,127.3756,90,0,0,0.4387532,0,0,-1,0,0,0,0,0.4387532,0.4826285,0,0,0,0,0,11.80586,0,0,0,0,2.800006,20,0.2163783,0.4826285,0,0,0
4/30/2007 11:00:00 PM,0,0,146.5962,90,0,0,1.116178,0,0,-1,0,0,0,0,1.116178,1.227796,0,0,0,0,0,11.80586,0,0,0,0,2.800006,20,0.2163783,1.227796,0,0,0
5/1/2007 12:00:00 AM,0,0,179.1608,90,0,0,0.8247605,0,0,-1,0,0,0,0,0.8247605,0.9072365,0,0,0,0,0,11.80586,0,0,0,0,2.800006,20,0.2163783,0.9072365,0,0,0
5/1/2007 1:00:00 AM,0,0,-148.2417,90,0,0,0.8629669,0,0,-1,0,0,0,0,0.8629669,0.9492636,0,0,0,0,0,11.80586,0,0,0,0,2.800006,20,0.2163783,0.9492636,0,0,0
5/1/2007 2:00:00 AM,0,0,-128.4776,90,0,0,0.325029,0,0,-1,0,0,0,0,0.325029,0.3575319,0,0,0,0,0,11.80586,0,0,0,0,2.800006,20,0.2163783,0.3575319,0,0,0
5/1/2007 3:00:00 AM,0,0,-117.6698,90,0,0,1.060981,0,0,-1,0,0,0,0,1.060981,1.167079,0,0,0,0,0,11.80586,0,0,0,0,2.800006,20,0.2163783,1.167079,0,0,0
5/1/2007 4:00:00 AM,0,0,-111.2852,90,0,0,0.04467839,0,0,-1,0,0,0,0,0.04467839,0.04914623,0,0,0,0,0,11.80586,0,0,0,0,2.800006,20,0.2163783,0.04914623,0,0,0
5/1/2007 5:00:00 AM,0,0,-107.1994,90,0,0,0.8230945,0.8230945,4.328358,0,1.346642,0.8230945,0,0,0,0,0,0,0,3.505263,3.33,11.80586,0,3.33,0,3.33,5.959121,42.56506,0.216519,0.905404,0,5,0
5/1/2007 6:00:00 AM,0.02670548,1.929951,-104.4656,90.33991,0.02120928,0.09518725,1.613636,1.613636,4.86904,0,1.494248,1.613636,5.898931,0,0,0,0.09518725,0,0,3.255404,3.092634,8.475861,2.997,3.187821,0,3.187821,8.983354,64.16669,0.2167328,1.774999,0.07614981,5,3.092187
5/1/2007 7:00:00 AM,0.1658048,16.33492,-102.6632,75.83359,0.1588663,0.712992,0,0,3.505263,0,1.121937,0,0,0,0,0,0.712992,0,0,3.505263,3.33,5.288039,5.866039,4.042992,0,4.042992,12.81887,91.56319,0.2166066,0,0.5703936,5,6.579031
5/1/2007 8:00:00 AM,0.2989953,30.8204,-101.6694,61.39767,0.2924165,1.312365,1.19171,1.19171,0,0,0,1.19171,110.1245,0,0,0,1.312365,1.254431,1.19171,0,0,1.245047,9.504732,0.05793364,0,0.05793364,12.87383,91.95576,0.2165984,1.310881,1.049892,0,10.8171
5/1/2007 9:00:00 AM,0.3862151,45.33425,-101.6658,47.14957,0.3811193,1.710463,0.8299155,0.8299155,0,-1,0,0.8299155,206.1009,0,0,0,1.710463,0.8735953,0.8299155,0,0,1.187113,9.556872,0.8368679,0,0.8368679,13.66776,97.62663,0.2164794,0.9129071,1.368371,0,11.26733
5/1/2007 10:00:00 AM,0.7311748,59.80428,-103.5512,33.37429,0.7119941,3.19543,5.10842,5.10842,2.405496,0,0.8217003,5.10842,62.5522,0,0,0,3.19543,2.845184,2.702925,0,0,0.3502456,10.31005,0.3502456,0,0.3502456,14.00003,100,0.2164959,5.619263,2.556344,5,13.50548
5/1/2007 11:00:00 AM,0.5740443,73.98577,-111.8055,21.06267,0.5671608,2.545418,4.880298,4.880298,2.462151,0,0.8371671,4.880298,52.15702,0,0,0,2.545418,2.545418,2.418147,0,0,0,10.62527,0,0,0,14.00003,100,0.2164959,5.368327,2.036334,5,13.17069
5/1/2007 12:00:00 PM,0.7528583,84.41932,-176.5423,14.60637,0.7391741,3.317413,1.962041,1.962041,0,0,0,1.962041,169.0797,1.252107,0,0,3.317413,2.065306,1.962041,0,0,0,10.62527,0,0,0,14.00003,100,0.2164959,2.158245,2.653931,0,13.94269
5/1/2007 1:00:00 PM,0.6613824,74.6208,112.6194,20.57321,0.6509206,2.921331,1.389272,1.389272,0,0,0,1.389272,210.2779,1.45894,0,0,2.921331,1.462392,1.389272,0,0,0,10.62527,0,0,0,14.00003,100,0.2164959,1.528199,2.337065,0,13.54661
5/1/2007 2:00:00 PM,0.5477498,60.47084,103.724,32.75837,0.5395438,2.421473,2.309713,2.309713,0,-1,0,2.309713,104.8387,0,0,0,2.421473,2.431277,2.309713,0,0,0,10.62527,0,0.009804524,-0.009804524,13.98969,99.92618,0.2164959,2.540684,1.937178,0,13.04675
5/1/2007 3:00:00 PM,0.4387859,46.00595,101.6992,46.49788,0.4312269,1.935346,1.125455,1.125455,0,-1,0,1.125455,171.9613,0.7397632,0,0,1.935346,1.184689,1.125455,0,0,0.01089392,10.61547,0.01089392,0,0.01089392,14.00003,100,0.2164943,1.238,1.548277,0,12.55082
5/1/2007 4:00:00 PM,0.1262657,31.49216,101.6443,60.7326,0.1255076,0.5632782,0.3881072,0.3881072,0,-1,0,0.3881072,145.1347,0.1547443,0,0,0.5632782,0.4085338,0.3881072,0,0,0,10.62527,0,0,0,14.00003,100,0.2164943,0.4269179,0.4506226,0,11.18855
5/1/2007 5:00:00 PM,0.03290159,17.00423,102.5993,75.16302,0.03270802,0.1467936,2.985738,2.985738,0,-1,0,2.985738,4.916493,0,4.440892E-16,0,0.1467936,3.142882,2.985738,0,0,0,10.62527,0,2.996088,-2.996088,10.84187,77.4418,0.2164943,3.284311,0.1174349,0,10.77207
5/1/2007 6:00:00 PM,0.01896575,2.594266,104.3635,89.66781,0.0183743,0.08246385,2.195588,2.195588,0,-1,0,2.195588,3.755889,0,4.440892E-16,0,0.08246385,2.311145,2.195588,0,0,3.328987,7.629186,0,2.228682,-2.228682,8.492638,60.66158,0.2164943,2.415147,0.06597108,0,7.71165
5/1/2007 7:00:00 PM,0,0,107.0476,90,0,0,11.67892,3.33,0,-1,0,3.33,0,0,8.34892,9.516811,0,3.505263,3.33,0,0,5.805299,5.400505,0,3.505263,-3.505263,4.797766,34.26968,0.2164943,12.84681,0,0,5.400505
5/1/2007 8:00:00 PM,0,0,111.0555,90,0,0,0,0,0,-1,0,0,0,0,0,0,0,0,0,0,0,9.700036,1.895241,0,0,0,4.797766,34.26968,0.2164943,0,0,0,1.895241
5/1/2007 9:00:00 PM,0,0,117.2998,90,0,0,4.906232,1.800479,0,-1,0,1.800479,0,0,3.105753,3.596376,0,1.895241,1.800479,0,0,9.700036,1.895241,0,1.895241,-1.895241,2.800006,20,0.2164943,5.396856,0,0,1.895241
5/1/2007 10:00:00 PM,0,0,127.8259,90,0,0,0.6355109,0,0,-1,0,0,0,0,0.6355109,0.6990619,0,0,0,0,0,11.80586,0,0,0,0,2.800006,20,0.2164943,0.6990619,0,0,0
5/1/2007 11:00:00 PM,0,0,147.0386,90,0,0,0.5191467,0,0,-1,0,0,0,0,0.5191467,0.5710614,0,0,0,0,0,11.80586,0,0,0,0,2.800006,20,0.2164943,0.5710614,0,0,0
5/2/2007 12:00:00 AM,0,0,179.2552,90,0,0,0.8072947,0,0,-1,0,0,0,0,0.8072947,0.8880242,0,0,0,0,0,11.80586,0,0,0,0,2.800006,20,0.2164943,0.8880242,0,0,0
5/2/2007 1:00:00 AM,0,0,-148.5405,90,0,0,0.4124263,0,0,-1,0,0,0,0,0.4124263,0.453669,0,0,0,0,0,11.80586,0,0,0,0,2.800006,20,0.2164943,0.453669,0,0,0
5/2/2007 2:00:00 AM,0,0,-128.8528,90,0,0,0,0,0,-1,0,0,0,0,0,0,0,0,0,0,0,11.80586,0,0,0,0,2.800006,20,0.2164943,0,0,0,0
5/2/2007 3:00:00 AM,0,0,-118.0197,90,0,0,0.4224876,0,0,-1,0,0,0,0,0.4224876,0.4647364,0,0,0,0,0,11.80586,0,0,0,0,2.800006,20,0.2164943,0.4647364,0,0,0
5/2/2007 4:00:00 AM,0,0,-111.6062,90,0,0,0.19237,0,0,-1,0,0,0,0,0.19237,0.211607,0,0,0,0,0,11.80586,0,0,0,0,2.800006,20,0.2164943,0.211607,0,0,0
5/2/2007 5:00:00 AM,0,0,-107.5049,90,0,0,0.6082628,0.6082628,4.113526,0,1.287993,0.6082628,0,0,0,0,0,0,0,3.505263,3.33,11.80586,0,3.33,0,3.33,5.959121,42.56506,0.216591,0.6690891,0,5,0
5/2/2007 6:00:00 AM,0.04733057,2.011225,-104.7708,90.30592,0.006218752,0.02790976,0.1090239,0.1090239,3.614287,0,1.1517,0.1090239,25.59966,0,0,0,0.02790976,0,0,3.505263,3.33,8.475861,2.997,3.35791,0,3.35791,9.144714,65.31925,0.2165844,0.1199263,0.02232781,5,3.02491
5/2/2007 7:00:00 AM,0.3038918,16.39715,-102.9858,75.821,0.2661634,1.194542,0.8891151,0.8891151,4.394378,0,1.364665,0.8891151,134.3517,0,0,0,1.194542,0,0,3.505263,3.33,5.11795,6.019119,4.524541,0,4.524541,13.43707,95.97889,0.2165674,0.9780266,0.9556332,5,7.21366
5/2/2007 8:00:00 AM,0.5712148,30.86392,-102.0336,61.40954,0.5353341,2.402579,3.380765,3.380765,1.662053,0,0.6187405,3.380765,71.06615,0,0,0,2.402579,1.80917,1.718712,0,0,0.5934089,10.09121,0.5934089,0,0.5934089,14.00003,100,0.2165651,3.718841,1.922063,5,12.49378
5/2/2007 9:00:00 AM,0.7027292,45.35661,-102.1139,47.19366,0.6742245,3.025919,1.285642,1.285642,0,-1,0,1.285642,235.3626,1.672613,0,0,3.025919,1.353307,1.285642,0,0,0,10.62527,0,0,0,14.00003,100,0.2165651,1.414206,2.420736,0,13.65119
5/2/2007 10:00:00 AM,0.9242906,59.7968,-104.1786,33.4688,0.8947657,4.015708,0.9364532,0.9364532,0,0,0,0.9364532,428.821,3.029968,0,0,4.015708,0.9857402,0.9364532,0,0,0,10.62527,0,0,0,14.00003,100,0.2165651,1.030099,3.212567,0,14.64098
5/2/2007 11:00:00 AM,0.9859233,73.91438,-112.9178,21.25173,0.9590555,4.304241,0,0,0,0,0,0,0,4.304241,0,0,4.304241,0,0,0,0,0,10.62527,0,0,0,14.00003,100,0.2165651,0,3.443393,0,14.92951
5/2/2007 12:00:00 PM,1.072938,84.10785,-177.0571,14.91942,1.044933,4.689657,3.598258,3.598258,1.25,0,0.50625,3.598258,130.3313,2.217807,0,0,4.689657,2.471851,2.348258,0,0,0,10.62527,0,0,0,14.00003,100,0.2165651,3.958084,3.751726,5,15.31493
5/2/2007 1:00:00 PM,0.7829679,74.4813,113.6825,20.81622,0.7657694,3.436773,0,0,0,0,0,0,0,3.436773,0,0,3.436773,0,0,0,0,0,10.62527,0,0,0,14.00003,100,0.2165651,0,2.749418,0,14.06205
5/2/2007 2:00:00 PM,0.9303482,60.39502,104.3451,32.91721,0.9008778,4.043139,7.150197,3.33,0,-1,0,3.33,121.4156,0.5378764,3.820197,4.535217,4.043139,3.505263,3.33,0,0,0,10.62527,0,0,0,14.00003,100,0.2165651,7.865217,3.234512,0,14.66841
5/2/2007 3:00:00 PM,0.7702328,45.96008,102.1486,46.60879,0.738664,3.315124,2.171496,2.171496,0,-1,0,2.171496,152.6654,1.029339,0,0,3.315124,2.285785,2.171496,0,0,0,10.62527,0,0,0,14.00003,100,0.2165651,2.388646,2.652099,0,13.9404
5/2/2007 4:00:00 PM,0.5452806,31.46763,102.0134,60.81216,0.5119978,2.297846,0.4279189,0.4279189,0,-1,0,0.4279189,536.9817,1.847405,0,0,2.297846,0.4504409,0.4279189,0,0,0,10.62527,0,0,0,14.00003,100,0.2165651,0.4707108,1.838277,0,12.92312
5/2/2007 5:00:00 PM,0.220415,16.99868,102.9294,75.21848,0.2029092,0.9106564,1.339702,1.339702,0,-1,0,1.339702,67.97457,0,0,0,0.9106564,1.410212,1.339702,0,0,0,10.62527,0,0.4995557,-0.4995557,13.47345,96.23874,0.2165651,1.473672,0.7285251,0,11.53593
5/2/2007 6:00:00 PM,0.02483847,2.608202,104.6792,89.70197,0.02287434,0.1026601,5.186407,3.33,0,-1,0,3.33,3.082885,0,1.856407,2.375048,0.1026601,3.505263,3.33,0,0,0.5550619,10.12572,0,3.402603,-3.402603,9.886791,70.6198,0.2165651,5.705048,0.08212805,0,10.22838
5/2/2007 7:00:00 PM,0,0,107.3678,90,0,0,3.255129,3.255129,0,-1,0,3.255129,0,0,4.440892E-16,0.2506422,0,3.426452,3.255129,0,0,4.335732,6.723115,0,3.426452,-3.426452,6.274994,44.8213,0.2165651,3.580642,0,0,6.723115
5/2/2007 8:00:00 PM,0,0,111.3984,90,0,0,7.692534,3.13183,0,-1,0,3.13183,0,0,4.560704,5.329958,0,3.296664,3.13183,0,0,8.1429,3.296664,0,3.296664,-3.296664,2.800006,20,0.2165651,8.461788,0,0,3.296664
5/2/2007 9:00:00 PM,0,0,117.685,90,0,0,7.684934,0,0,-1,0,0,0,0,7.684934,8.453427,0,0,0,0,0,11.80586,0,0,0,0,2.800006,20,0.2165651,8.453427,0,0,0
5/2/2007 10:00:00 PM,0,0,128.2652,90,0,0,1.066201,0,0,-1,0,0,0,0,1.066201,1.172822,0,0,0,0,0,11.80586,0,0,0,0,2.800006,20,0.2165651,1.172822,0,0,0
5/2/2007 11:00:00 PM,0,0,147.4648,90,0,0,0.8233231,0,0,-1,0,0,0,0,0.8233231,0.9056554,0,0,0,0,0,11.80586,0,0,0,0,2.800006,20,0.2165651,0.9056554,0,0,0
5/3/2007 12:00:00 AM,0,0,179.3414,90,0,0,0.4803607,0,0,-1,0,0,0,0,0.4803607,0.5283968,0,0,0,0,0,11.80586,0,0,0,0,2.800006,20,0.2165651,0.5283968,0,0,0
5/3/2007 1:00:00 AM,0,0,-148.8331,90,0,0,0,0,0,-1,0,0,0,0,0,0,0,0,0,0,0,11.80586,0,0,0,0,2.800006,20,0.2165651,0,0,0,0
5/3/2007 2:00:00 AM,0,0,-129.221,90,0,0,0.6055171,0,0,-1,0,0,0,0,0.6055171,0.6660689,0,0,0,0,0,11.80586,0,0,0,0,2.800006,20,0.2165651,0.6660689,0,0,0
5/3/2007 3:00:00 AM,0,0,-118.3641,90,0,0,0.2259455,0,0,-1,0,0,0,0,0.2259455,0.2485401,0,0,0,0,0,11.80586,0,0,0,0,2.800006,20,0.2165651,0.2485401,0,0,0
5/3/2007 4:00:00 AM,0,0,-111.9228,90,0,0,0.2041534,0,0,-1,0,0,0,0,0.2041534,0.2245688,0,0,0,0,0,11.80586,0,0,0,0,2.800006,20,0.2165651,0.2245688,0,0,0
5/3/2007 5:00:00 AM,0,0,-107.8062,90,0,0,0.5407975,0.5407975,4.046061,0,1.269575,0.5407975,0,0,0,0,0,0,0,3.505263,3.33,11.80586,0,3.33,0,3.33,5.959121,42.56506,0.2166476,0.5948772,0,5,0
5/3/2007 6:00:00 AM,0.02744045,2.089411,-105.0721,90.27431,0.02189709,0.09827415,1.349849,1.349849,4.617464,0,1.425568,1.349849,7.280384,0,0,0,0.09827415,0,0,3.267616,3.104235,8.475861,2.997,3.202509,0,3.202509,8.997288,64.26621,0.2168588,1.484833,0.07861932,5,3.095274
5/3/2007 7:00:00 AM,0.2043993,16.45612,-103.3042,75.81093,0.1888628,0.8476163,0,0,3.505263,0,1.121937,0,0,0,0,0,0.8476163,0,0,3.505263,3.33,5.273351,5.879258,4.177616,0,4.177616,12.96052,92.57497,0.2167153,0,0.6780931,5,6.726874
5/3/2007 8:00:00 AM,0.3657347,30.90392,-102.393,61.42406,0.3517309,1.578568,2.11819,2.11819,0,0,0,2.11819,74.52441,0,0,0,1.578568,2.229674,2.11819,0,0,1.095735,9.639112,0,0.6511052,-0.6511052,12.2742,87.67266,0.2167153,2.330009,1.262855,0,11.21768
5/3/2007 9:00:00 AM,0.6335932,45.37503,-102.5558,47.24053,0.6093979,2.734978,0.8158687,0.8158687,0,-1,0,0.8158687,335.2228,0.05698344,0,0,2.734978,0.8588091,0.8158687,0,0,1.819185,8.988008,1.819185,0,1.819185,14.00003,100,0.2164607,0.8974555,2.187982,0,11.72299
5/3/2007 10:00:00 AM,0.9147214,59.78461,-104.7963,33.56607,0.8846942,3.970508,0,0,0,0,0,0,0,3.970508,0,0,3.970508,0,0,0,0,0,10.62527,0,0,0,14.00003,100,0.2164607,0,3.176406,0,14.59578
5/3/2007 11:00:00 AM,0.9379946,73.83661,-114.0022,21.4423,0.9121994,4.093951,5.588425,5.588425,2.258425,0,0.78155,5.588425,73.25768,0.5886878,0,0,4.093951,3.505263,3.33,0,0,0,10.62527,0,0,0,14.00003,100,0.2164607,6.147268,3.275161,5,14.71922
5/3/2007 12:00:00 PM,0.9557343,83.80025,-177.4964,15.22822,0.9309676,4.178183,2.740009,2.740009,0,0,0,2.740009,152.4879,1.293962,0,0,4.178183,2.88422,2.740009,0,0,0,10.62527,0,0,0,14.00003,100,0.2164607,3.01401,3.342546,0,14.80346
5/3/2007 1:00:00 PM,1.042104,74.34064,114.7149,21.05626,1.012704,4.545018,0,0,0,0,0,0,0,4.545018,0,0,4.545018,0,0,0,0,0,10.62527,0,0,0,14.00003,100,0.2164607,0,3.636014,0,15.17029
5/3/2007 2:00:00 PM,0.8754423,60.31934,104.9551,33.07403,0.8472799,3.802592,0,0,0,-1,0,0,0,3.802592,0,0,3.802592,0,0,0,0,0,10.62527,0,0,0,14.00003,100,0.2164607,0,3.042074,0,14.42787
5/3/2007 3:00:00 PM,0.7582174,45.91504,102.5912,46.7177,0.7263274,3.259757,2.180988,2.180988,0,-1,0,2.180988,149.4624,0.96398,0,0,3.259757,2.295777,2.180988,0,0,0,10.62527,0,0,0,14.00003,100,0.2164607,2.399087,2.607806,0,13.88503
5/3/2007 4:00:00 PM,0.529616,31.44431,102.377,60.88961,0.4967471,2.229401,0.6776538,0.6776538,0,-1,0,0.6776538,328.9882,1.516081,0,0,2.229401,0.7133198,0.6776538,0,0,0,10.62527,0,0,0,14.00003,100,0.2164607,0.7454192,1.783521,0,12.85468
5/3/2007 5:00:00 PM,0.2159354,16.9946,103.2546,75.27169,0.1991631,0.8938439,0.9442709,0.9442709,0,-1,0,0.9442709,94.65969,0,0,0,0.8938439,0.9939694,0.9442709,0,0,0,10.62527,0,0.1001255,-0.1001255,13.89449,99.24613,0.2164607,1.038698,0.7150751,0,11.51912
5/3/2007 6:00:00 PM,0.04415739,2.623755,104.9902,89.73373,0.01945439,0.08731131,1.726809,1.726809,0,-1,0,1.726809,5.056223,0,0,0,0.08731131,1.817694,1.726809,0,0,0.1112505,10.52515,0,1.730382,-1.730382,12.0705,86.21771,0.2164607,1.89949,0.06984905,0,10.61246
5/3/2007 7:00:00 PM,0,0,107.683,90,0,0,1.4286,1.4286,0,-1,0,1.4286,0,0,0,0,0,1.503789,1.4286,0,0,2.033898,8.794766,0,1.503789,-1.503789,10.48537,74.89536,0.2164607,1.57146,0,0,8.794766
5/3/2007 8:00:00 PM,0,0,111.7355,90,0,0,0,0,0,-1,0,0,0,0,0,0,0,0,0,0,0,3.704774,7.290977,0,0,0,10.48537,74.89536,0.2164607,0,0,0,7.290977
5/3/2007 9:00:00 PM,0,0,118.0625,90,0,0,0,0,0,-1,0,0,0,0,0,0,0,0,0,0,0,3.704774,7.290977,0,0,0,10.48537,74.89536,0.2164607,0,0,0,7.290977
5/3/2007 10:00:00 PM,0,0,128.6935,90,0,0,1.097271,1.097271,0,-1,0,1.097271,0,0,0,0,0,1.155022,1.097271,0,0,3.704774,7.290977,0,1.155022,-1.155022,9.26787,66.19894,0.2164607,1.206998,0,0,7.290977
5/3/2007 11:00:00 PM,0,0,147.8751,90,0,0,0.3274857,0.3274857,0,-1,0,0.3274857,0,0,0,0,0,0.3447218,0.3274857,0,0,4.988132,6.135955,0,0.3447218,-0.3447218,8.904501,63.60345,0.2164607,0.3602343,0,0,6.135955
5/4/2007 12:00:00 AM,0,0,179.4196,90,0,0,1.109046,1.109046,0,-1,0,1.109046,0,0,2.220446E-16,0,0,1.167417,1.109046,0,0,5.371157,5.791233,0,1.167417,-1.167417,7.673936,54.81372,0.2164607,1.219951,0,0,5.791233
5/4/2007 1:00:00 AM,0,0,-149.1198,90,0,0,0.4526086,0.4526086,0,-1,0,0.4526086,0,0,5.551115E-17,0,0,0.4764301,0.4526086,0,0,6.668286,4.623816,0,0.4764301,-0.4764301,7.171735,51.22657,0.2164607,0.4978694,0,0,4.623816
5/4/2007 2:00:00 AM,0,0,-129.5824,90,0,0,1.0021,1.0021,0,-1,0,1.0021,0,0,0,0,0,1.054842,1.0021,0,0,7.197653,4.147387,0,1.054842,-1.054842,6.059833,43.28444,0.2164607,1.10231,0,0,4.147387
5/4/2007 3:00:00 AM,0,0,-118.703,90,0,0,1.062581,1.062581,0,-1,0,1.062581,0,0,2.220446E-16,0,0,1.118506,1.062581,0,0,8.3697,3.092544,0,1.118506,-1.118506,4.880825,34.86296,0.2164607,1.168839,0,0,3.092544
5/4/2007 4:00:00 AM,0,0,-112.2347,90,0,0,0.6411194,0.6411194,0,-1,0,0.6411194,0,0,0,0,0,0.6748626,0.6411194,0,0,9.612485,1.974038,0,0.6748626,-0.6748626,4.169457,29.78177,0.2164607,0.7052314,0,0,1.974038
5/4/2007 5:00:00 AM,0,0,-108.1034,90,0,0,0.4793755,0.4793755,0,0,0,0.4793755,0,0,5.551115E-17,0,0,0.5046057,0.4793755,0,0,10.36233,1.299176,0,0.5046057,-0.5046057,3.637556,25.98249,0.2164607,0.527313,0,0,1.299176
5/4/2007 6:00:00 AM,0.01772479,2.164479,-105.3693,90.24509,0.01705996,0.0765651,0.7570457,0.7570457,4.262309,0,1.32861,0.7570457,10.11367,0,0,0,0.0765651,0,0,3.505263,3.33,10.92301,0.7945697,3.406565,0,3.406565,6.869307,49.06638,0.2165743,0.8327503,0.06125208,5,0.8711349
5/4/2007 7:00:00 AM,0.1606976,16.51182,-103.6183,75.80336,0.1544562,0.6931994,3.981119,3.981119,5,0,1.53,3.981119,17.41218,0,0,0,0.6931994,0,0,1.018881,0.9679372,7.51644,3.860478,1.661137,0,1.661137,8.4452,60.32273,0.2166703,4.37923,0.5545595,5,4.553678
5/4/2007 8:00:00 AM,0.202746,30.94041,-102.7476,61.44118,0.2009702,0.9019541,1.617339,1.617339,4.923385,0,1.509084,1.617339,55.7678,0,0,0,0.9019541,0,0,3.306047,3.140744,5.855303,5.355501,4.042698,0,4.042698,12.28044,87.71725,0.2168233,1.779072,0.7215633,5,6.257455
5/4/2007 9:00:00 AM,0.3555632,45.38957,-102.9915,47.29009,0.3514788,1.577437,5.74017,3.33,0,-1,0,3.33,47.37047,0,2.410169,2.984186,1.577437,3.505263,3.33,0,0,1.812605,8.99393,0,1.927827,-1.927827,10.24833,73.20223,0.2168233,6.314186,1.261949,0,10.57137
5/4/2007 10:00:00 AM,0.5737963,59.76785,-105.404,33.66594,0.5633097,2.528134,2.093623,2.093623,0,0,0,2.093623,120.754,0,0,0,2.528134,2.203814,2.093623,0,0,3.954634,7.066103,0.3243202,0,0.3243202,10.55601,75.39992,0.2167782,2.302985,2.022507,0,9.594237
5/4/2007 11:00:00 AM,0.7475349,73.75285,-115.0581,21.63409,0.7312272,3.281748,0.05274418,0.05274418,0,0,0,0.05274418,6222.009,0,0,0,3.281748,0.05552019,0.05274418,0,0,3.630314,7.357992,3.226228,0,3.226228,13.61668,97.26179,0.2163301,0.0580186,2.625398,0,10.63974
5/4/2007 12:00:00 PM,0.7061387,83.49674,-177.8717,15.53263,0.6936607,3.113149,1.039838,1.039838,0,0,0,1.039838,299.388,1.614497,0,0,3.113149,1.094566,1.039838,0,0,0.4040866,10.2616,0.4040866,0,0.4040866,14.00003,100,0.2162741,1.143821,2.490519,0,13.37475
5/4/2007 1:00:00 PM,0.9491339,74.19919,115.7172,21.29316,0.9222161,4.138906,4.786318,4.786318,1.456318,0,0.5625749,4.786318,86.47369,0.6336427,0,0,4.138906,3.505263,3.33,0,0,0,10.62527,0,0,0,14.00003,100,0.2162741,5.26495,3.311125,5,14.76418
5/4/2007 2:00:00 PM,0.9559953,60.24396,105.554,33.22869,0.9238406,4.146197,3.31814,3.31814,0,-1,0,3.31814,124.9555,0.6534182,0,0.3199537,4.146197,3.492779,3.31814,0,0,0,10.62527,0,0,0,14.00003,100,0.2162741,3.649954,3.316957,0,14.77147
5/4/2007 3:00:00 PM,0.7950113,45.87093,103.0267,46.82452,0.760515,3.413191,0,0,0,-1,0,0,0,3.413191,0,0,3.413191,0,0,0,0,0,10.62527,0,0,0,14.00003,100,0.2162741,0,2.730553,0,14.03847
5/4/2007 4:00:00 PM,0.4248967,31.42228,102.7351,60.96486,0.4034241,1.810568,3.183829,3.183829,0,-1,0,3.183829,56.86762,0,0,0.1722117,1.810568,3.351399,3.183829,0,0,0,10.62527,0,1.540831,-1.540831,12.37585,88.39875,0.2162741,3.502212,1.448454,0,12.43584
5/4/2007 5:00:00 PM,0.2373247,16.99201,103.5749,75.32261,0.2144562,0.9624793,2.718954,2.718954,0,-1,0,2.718954,35.39888,0,0,0,0.9624793,2.862057,2.718954,0,0,1.712035,9.084443,0,1.899578,-1.899578,10.37352,74.09641,0.2162741,2.99085,0.7699834,0,10.04692
5/4/2007 6:00:00 PM,0.04288077,2.640932,105.2964,89.76311,0.02033386,0.09125838,2.404408,2.404408,0,-1,0,2.404408,3.795462,0,4.440892E-16,0,0.09125838,2.530956,2.404408,0,0,3.822677,7.184865,0,2.439697,-2.439697,7.801852,55.7274,0.2162741,2.644849,0.0730067,0,7.276124
5/4/2007 7:00:00 PM,0,0,107.9931,90,0,0,4.31467,3.33,0,-1,0,3.33,0,0,0.9846697,1.416137,0,3.505263,3.33,0,0,6.533452,4.745168,0,3.505263,-3.505263,4.10698,29.33551,0.2162741,4.746137,0,0,4.745168
5/4/2007 8:00:00 PM,0,0,112.0666,90,0,0,0,0,0,-1,0,0,0,0,0,0,0,0,0,0,0,10.42819,1.239905,0,0,0,4.10698,29.33551,0.2162741,0,0,0,1.239905
5/4/2007 9:00:00 PM,0,0,118.4324,90,0,0,6.480249,1.177909,0,-1,0,1.177909,0,0,5.30234,5.950364,0,1.239905,1.177909,0,0,10.42819,1.239905,0,1.239905,-1.239905,2.800006,20,0.2162741,7.128274,0,0,1.239905
5/4/2007 10:00:00 PM,0,0,129.1107,90,0,0,0.9514683,0,0,-1,0,0,0,0,0.9514683,1.046615,0,0,0,0,0,11.80586,0,0,0,0,2.800006,20,0.2162741,1.046615,0,0,0
5/4/2007 11:00:00 PM,0,0,148.2698,90,0,0,0.8997038,0,0,-1,0,0,0,0,0.8997038,0.9896742,0,0,0,0,0,11.80586,0,0,0,0,2.800006,20,0.2162741,0.9896742,0,0,0
5/5/2007 12:00:00 AM,0,0,179.4902,90,0,0,0,0,0,-1,0,0,0,0,0,0,0,0,0,0,0,11.80586,0,0,0,0,2.800006,20,0.2162741,0,0,0,0
5/5/2007 1:00:00 AM,0,0,-149.4008,90,0,0,1.050584,0,0,-1,0,0,0,0,1.050584,1.155642,0,0,0,0,0,11.80586,0,0,0,0,2.800006,20,0.2162741,1.155642,0,0,0
5/5/2007 2:00:00 AM,0,0,-129.9371,90,0,0,0.6720697,0,0,-1,0,0,0,0,0.6720697,0.7392767,0,0,0,0,0,11.80586,0,0,0,0,2.800006,20,0.2162741,0.7392767,0,0,0
5/5/2007 3:00:00 AM,0,0,-119.0364,90,0,0,0,0,0,-1,0,0,0,0,0,0,0,0,0,0,0,11.80586,0,0,0,0,2.800006,20,0.2162741,0,0,0,0
5/5/2007 4:00:00 AM,0,0,-112.542,90,0,0,0.6424829,0,0,-1,0,0,0,0,0.6424829,0.7067312,0,0,0,0,0,11.80586,0,0,0,0,2.800006,20,0.2162741,0.7067312,0,0,0
5/5/2007 5:00:00 AM,0,0,-108.3964,90,0,0,0.05440903,0.05440903,3.559672,0,1.136791,0.05440903,0,0,0,0,0,0,0,3.505263,3.33,11.80586,0,3.33,0,3.33,5.959121,42.56506,0.2162616,0.05984993,0,5,0
5/5/2007 6:00:00 AM,0.04629005,2.236404,-105.6623,90.2183,0.00937029,0.04205386,0.7856787,0.7856787,4.290942,0,1.336427,0.7856787,5.352551,0,0,0,0.04205386,0,0,3.505263,3.33,8.475861,2.997,3.372054,0,3.372054,9.158133,65.4151,0.2163848,0.8642467,0.03364309,5,3.039054
5/5/2007 7:00:00 AM,0.3004156,16.56425,-103.9281,75.79828,0.2611701,1.172132,3.679886,3.679886,5,0,1.53,3.679886,31.85239,0,0,0,1.172132,0,0,1.320114,1.254109,5.103806,6.031848,2.42624,0,2.42624,11.45987,81.85602,0.2165205,4.047874,0.9377053,5,7.20398
5/5/2007 8:00:00 AM,0.4832171,30.97343,-103.0971,61.46088,0.4528051,2.032189,3.447512,3.447512,4.060619,0,1.273549,3.447512,58.94656,0,0,0,2.032189,0,0,0.6131078,0.5824524,2.677566,8.215465,2.614642,0,2.614642,13.94033,99.57361,0.2166512,3.792263,1.625751,5,10.24765
5/5/2007 9:00:00 AM,0.7152381,45.4003,-103.4206,47.34225,0.6837162,3.068518,2.320836,2.320836,0,-1,0,2.320836,132.2161,0.5626088,0,0,3.068518,2.442985,2.320836,0,0,0.06292422,10.56864,0.06292422,0,0.06292422,14.00003,100,0.2166425,2.55292,2.454815,0,13.63716
5/5/2007 10:00:00 AM,0.9067246,59.74664,-106.0012,33.76823,0.8753737,3.928677,1.401775,1.401775,0,0,0,1.401775,280.2645,2.453125,0,0,3.928677,1.475552,1.401775,0,0,0,10.62527,0,0,0,14.00003,100,0.2166425,1.541952,3.142941,0,14.55395
5/5/2007 11:00:00 AM,1.06537,73.66348,-116.0847,21.82682,1.03338,4.637809,4.768024,4.768024,1.438025,0,0.5575807,4.768024,97.26899,1.132546,0,0,4.637809,3.505263,3.33,0,0,0,10.62527,0,0,0,14.00003,100,0.2166425,5.244827,3.710248,5,15.26308
5/5/2007 12:00:00 PM,1.100749,83.19749,-178.192,15.83256,1.069285,4.79895,2.605355,2.605355,0,0,0,2.605355,184.1956,2.056471,0,0,4.79895,2.742479,2.605355,0,0,0,10.62527,0,0,0,14.00003,100,0.2166425,2.865891,3.83916,0,15.42422
5/5/2007 1:00:00 PM,1.097563,74.05727,116.6901,21.52676,1.064605,4.777948,5.267743,5.267743,1.937743,0,0.6940038,5.267743,90.70201,1.272685,0,0,4.777948,3.505263,3.33,0,0,0,10.62527,0,0,0,14.00003,100,0.2166425,5.794517,3.822359,5,15.40322
5/5/2007 2:00:00 PM,0.9487224,60.16904,106.1419,33.38106,0.9159691,4.110869,2.33399,2.33399,0,-1,0,2.33399,176.1305,1.654037,0,0,4.110869,2.456832,2.33399,0,0,0,10.62527,0,0,0,14.00003,100,0.2166425,2.567389,3.288695,0,14.73614
5/5/2007 3:00:00 PM,0.7961438,45.82784,103.4552,46.92913,0.7607104,3.414068,6.73781,3.33,0,-1,0,3.33,102.5246,0,3.40781,4.081591,3.414068,3.505263,3.33,0,0,0,10.62527,0,0.09119471,-0.09119471,13.9039,99.31338,0.2166425,7.411591,2.731255,0,14.03934
5/5/2007 4:00:00 PM,0.5154429,31.40159,103.0876,61.03787,0.4822949,2.164539,3.461562,3.33,0,-1,0,3.33,65.00118,4.440892E-16,0.1315621,0.4777184,2.164539,3.505263,3.33,0,0,0.1013275,10.53408,0,1.340724,-1.340724,12.49065,89.21877,0.2166425,3.807718,1.731632,0,12.69862
5/5/2007 5:00:00 PM,0.2569104,16.99095,103.8902,75.37119,0.2283034,1.024626,0.02948389,0.02948389,0,-1,0,0.02948389,3475.205,0,0,0,1.024626,0.03103568,0.02948389,0,0,1.59102,9.193356,0.9935901,0,0.9935901,13.43326,95.95164,0.2165058,0.03243228,0.8197007,0,10.21798
5/5/2007 6:00:00 PM,0.0337843,2.659732,105.5976,89.79006,0.02505546,0.1124489,6.452571,3.33,0,-1,0,3.33,3.376843,4.440892E-16,3.122571,3.767828,0.1124489,3.505263,3.33,0,0,0.5974304,10.08759,0,3.392814,-3.392814,9.856915,70.40639,0.2165058,7.097828,0.08995911,0,10.20004
5/5/2007 7:00:00 PM,0,0,108.298,90,0,0,3.053282,3.053282,0,-1,0,3.053282,0,0,4.440892E-16,0.02861043,0,3.213981,3.053282,0,0,4.367224,6.694773,0,3.213981,-3.213981,6.469082,46.20763,0.2165058,3.35861,0,0,6.694773
5/5/2007 8:00:00 PM,0,0,112.3917,90,0,0,5.096042,3.306752,0,-1,0,3.306752,0,0,1.789291,2.298895,0,3.480791,3.306752,0,0,7.938314,3.480791,0,3.480791,-3.480791,2.800006,20,0.2165058,5.605647,0,0,3.480791
5/5/2007 9:00:00 PM,0,0,118.7946,90,0,0,1.147081,0,0,-1,0,0,0,0,1.147081,1.261789,0,0,0,0,0,11.80586,0,0,0,0,2.800006,20,0.2165058,1.261789,0,0,0
5/5/2007 10:00:00 PM,0,0,129.5169,90,0,0,1.164014,0,0,-1,0,0,0,0,1.164014,1.280416,0,0,0,0,0,11.80586,0,0,0,0,2.800006,20,0.2165058,1.280416,0,0,0
5/5/2007 11:00:00 PM,0,0,148.6493,90,0,0,0,0,0,-1,0,0,0,0,0,0,0,0,0,0,0,11.80586,0,0,0,0,2.800006,20,0.2165058,0,0,0,0
5/6/2007 12:00:00 AM,0,0,179.5534,90,0,0,1.426569,0,0,-1,0,0,0,0,1.426569,1.569226,0,0,0,0,0,11.80586,0,0,0,0,2.800006,20,0.2165058,1.569226,0,0,0
5/6/2007 1:00:00 AM,0,0,-149.6762,90,0,0,0.2404306,0,0,-1,0,0,0,0,0.2404306,0.2644736,0,0,0,0,0,11.80586,0,0,0,0,2.800006,20,0.2165058,0.2644736,0,0,0
5/6/2007 2:00:00 AM,0,0,-130.2851,90,0,0,1.373212,0,0,-1,0,0,0,0,1.373212,1.510533,0,0,0,0,0,11.80586,0,0,0,0,2.800006,20,0.2165058,1.510533,0,0,0
5/6/2007 3:00:00 AM,0,0,-119.3643,90,0,0,1.670297,0,0,-1,0,0,0,0,1.670297,1.837327,0,0,0,0,0,11.80586,0,0,0,0,2.800006,20,0.2165058,1.837327,0,0,0
5/6/2007 4:00:00 AM,0,0,-112.8446,90,0,0,0.4667029,0,0,-1,0,0,0,0,0.4667029,0.5133732,0,0,0,0,0,11.80586,0,0,0,0,2.800006,20,0.2165058,0.5133732,0,0,0
5/6/2007 5:00:00 AM,0,0,-108.6851,90,0,0,0,0,0,0,0,0,0,0,0,0,0,0,0,0,0,11.80586,0,0,0,0,2.800006,20,0.2165058,0,0,0,0
5/6/2007 6:00:00 AM,0.04424053,2.305166,-105.9511,90.19392,0.01227391,0.05508531,0,0,0,0,0,0,0,0,0,0,0.05508531,0,0,0,0,11.80586,0,0.05508531,0,0.05508531,2.852264,20.37327,0.2164982,0,0.04406825,0,0.05508531
5/6/2007 7:00:00 AM,0.2722722,16.61342,-104.2334,75.79568,0.2378038,1.067263,1.781326,1.781326,4.969283,0,1.521614,1.781326,59.91399,0,0,0,1.067263,0,0,3.187957,3.028559,11.75078,0.04957677,4.095822,0,4.095822,6.737902,48.12778,0.2166512,1.959459,0.8538108,5,1.11684
5/6/2007 8:00:00 AM,0.5161514,31.00301,-103.4414,61.48309,0.4815445,2.161172,3.142678,3.142678,5,0,1.53,3.142678,68.76847,0,0,0,2.161172,0,0,1.857322,1.764456,7.654953,3.735817,3.925627,0,3.925627,10.46208,74.72899,0.2168326,3.456946,1.728938,5,5.896989
5/6/2007 9:00:00 AM,0.689225,45.40728,-103.843,47.39692,0.6587485,2.956463,0,0,0,-1,0,0,0,0,0,0,2.956463,0,0,0,0,3.729325,7.268881,2.956463,0,2.956463,13.26683,94.76286,0.2164281,0,2.365171,0,10.22534
5/6/2007 10:00:00 AM,0.9141693,59.72115,-106.5876,33.87279,0.8817226,3.957171,5.255898,5.255898,2.230804,0,0.7740096,5.255898,75.29011,0,0,0,3.957171,3.184309,3.025094,0,0,0.772862,9.929698,0.772862,0,0.772862,14.00003,100,0.216381,5.781488,3.165737,5,13.88687
5/6/2007 11:00:00 AM,1.001793,73.56886,-117.0816,22.02022,0.9711114,4.358348,5.889517,5.889517,2.559517,0,0.8637481,5.889517,74.00179,0.8530848,0,0,4.358348,3.505263,3.33,0,0,0,10.62527,0,0,0,14.00003,100,0.216381,6.478468,3.486678,5,14.98362
5/6/2007 12:00:00 PM,0.9522313,82.90266,-178.4648,16.1279,0.9254093,4.153237,0,0,0,0,0,0,0,4.153237,0,0,4.153237,0,0,0,0,0,10.62527,0,0,0,14.00003,100,0.216381,0,3.322589,0,14.77851
5/6/2007 1:00:00 PM,0.9377912,73.9152,117.6342,21.75688,0.9098564,4.083436,2.140133,2.140133,0,0,0,2.140133,190.8029,1.830664,0,0,4.083436,2.252771,2.140133,0,0,0,10.62527,0,0,0,14.00003,100,0.216381,2.354146,3.266748,0,14.70871
5/6/2007 2:00:00 PM,0.8313178,60.09474,106.7186,33.53098,0.8030815,3.604229,1.647257,1.647257,0,-1,0,1.647257,218.8018,1.870274,0,0,3.604229,1.733955,1.647257,0,0,0,10.62527,0,0,0,14.00003,100,0.216381,1.811983,2.883384,0,14.2295
5/6/2007 3:00:00 PM,0.7616363,45.78587,103.8765,47.03145,0.7270649,3.263067,4.229014,3.33,0,-1,0,3.33,97.99001,0,0.8990137,1.321915,3.263067,3.505263,3.33,0,0,0,10.62527,0,0.2421959,-0.2421959,13.74473,98.17645,0.216381,4.651915,2.610454,0,13.88834
5/6/2007 4:00:00 PM,0.5452705,31.38228,103.4344,61.10856,0.5086676,2.282901,4.915266,3.33,0,-1,0,3.33,68.55557,0,1.585266,2.076792,2.282901,3.505263,3.33,0,0,0.2691065,10.38308,0,1.222363,-1.222363,12.45625,88.97302,0.216381,5.406793,1.82632,0,12.66598
5/6/2007 5:00:00 PM,0.2696763,16.99142,104.2004,75.41741,0.2372693,1.064865,0.1179005,0.1179005,0,-1,0,0.1179005,903.1893,0,0,0,1.064865,0.1241058,0.1179005,0,0,1.627287,9.160716,0.940759,0,0.940759,13.34873,95.34789,0.2162527,0.1296906,0.8518919,0,10.22558
5/6/2007 6:00:00 PM,0.04001876,2.680153,105.8939,89.8146,0.02235397,0.1003246,0,0,0,-1,0,0,0,0,0,0,0.1003246,0,0,0,0,0.6865283,10.0074,0.1003246,0,0.1003246,13.44391,96.02771,0.216239,0,0.08025969,0,10.10772
5/6/2007 7:00:00 PM,0,0,108.5975,90,0,0,1.521141,1.521141,0,-1,0,1.521141,0,0,2.220446E-16,0,0,1.601201,1.521141,0,0,0.5862036,10.09769,0,1.601201,-1.601201,11.75609,83.97192,0.216239,1.673255,0,0,10.09769
5/6/2007 8:00:00 PM,0,0,112.7106,90,0,0,8.022789,3.33,0,-1,0,3.33,0,0,4.69279,5.495068,0,3.505263,3.33,0,0,2.365316,8.49649,0,3.505263,-3.505263,8.06122,57.58003,0.216239,8.825068,0,0,8.49649
5/6/2007 9:00:00 PM,0,0,119.1489,90,0,0,8.270692,3.33,0,-1,0,3.33,0,0,4.940691,5.767761,0,3.505263,3.33,0,0,6.260053,4.991227,0,3.505263,-3.505263,4.366349,31.18814,0.216239,9.09776,0,0,4.991227
5/6/2007 10:00:00 PM,0,0,129.9119,90,0,0,1.166966,1.166966,0,-1,0,1.166966,0,0,2.220446E-16,0,0,1.228385,1.166966,0,0,10.15479,1.485964,0,1.228385,-1.228385,3.071517,21.93936,0.216239,1.283663,0,0,1.485964
5/6/2007 11:00:00 PM,0,0,149.0138,90,0,0,1.120654,0.2446993,0,-1,0,0.2446993,0,0,0.8759542,0.9880195,0,0.2575782,0.2446993,0,0,11.51966,0.2575782,0,0.2575782,-0.2575782,2.800006,20,0.216239,1.232719,0,0,0.2575782
5/7/2007 12:00:00 AM,0,0,179.6095,90,0,0,0,0,0,-1,0,0,0,0,0,0,0,0,0,0,0,11.80586,0,0,0,0,2.800006,20,0.216239,0,0,0,0
5/7/2007 1:00:00 AM,0,0,-149.9464,90,0,0,0,0,0,-1,0,0,0,0,0,0,0,0,0,0,0,11.80586,0,0,0,0,2.800006,20,0.216239,0,0,0,0
5/7/2007 2:00:00 AM,0,0,-130.6265,90,0,0,0,0,0,-1,0,0,0,0,0,0,0,0,0,0,0,11.80586,0,0,0,0,2.800006,20,0.216239,0,0,0,0
5/7/2007 3:00:00 AM,0,0,-119.6867,90,0,0,1.06602,0,0,-1,0,0,0,0,1.06602,1.172622,0,0,0,0,0,11.80586,0,0,0,0,2.800006,20,0.216239,1.172622,0,0,0
5/7/2007 4:00:00 AM,0,0,-113.1425,90,0,0,0.9354665,0,0,-1,0,0,0,0,0.9354665,1.029013,0,0,0,0,0,11.80586,0,0,0,0,2.800006,20,0.216239,1.029013,0,0,0
5/7/2007 5:00:00 AM,0,0,-108.9695,90,0,0,0.49263,0.49263,3.997893,0,1.256425,0.49263,0,4.440892E-16,0,0,0,0,0,3.505263,3.33,11.80586,0,3.33,0,3.33,5.959121,42.56506,0.2163104,0.541893,0,5,0
5/7/2007 6:00:00 AM,0.0245217,2.370745,-106.2356,90.17196,0.02194495,0.09848896,0.002280167,0.002280167,3.507543,0,1.122559,0.002280167,4319.375,0,0,0,0.09848896,0,0,3.505263,3.33,8.475861,2.997,3.428489,0,3.428489,9.211671,65.79752,0.2162747,0.002508183,0.07879116,5,3.095489
5/7/2007 7:00:00 AM,0.09996331,16.65933,-104.534,75.79553,0.09895366,0.444104,1.501231,1.501231,4.767233,0,1.466455,1.501231,29.58266,0,0,0,0.444104,0,0,3.266002,3.102702,5.047371,6.08264,3.546806,0,3.546806,12.57647,89.83173,0.2164624,1.651354,0.3552832,5,6.526744
5/7/2007 8:00:00 AM,0.2891192,31.02918,-103.7804,61.50776,0.2827085,1.268796,1.534155,1.534155,0,0,0,1.534155,82.70323,0,0,0,1.268796,1.6149,1.534155,0,0,1.500565,9.274766,0,0.3461042,-0.3461042,12.21164,87.22584,0.2164624,1.68757,1.015036,0,10.54356
5/7/2007 9:00:00 AM,0.3988416,45.41059,-104.2585,47.45401,0.3924581,1.761352,3.355664,3.33,0,-1,0,3.33,52.89346,0,0.02566368,0.36123,1.761352,3.505263,3.33,0,0,1.885125,8.928661,0,1.743911,-1.743911,10.3734,74.09555,0.2164624,3.69123,1.409082,0,10.69001
5/7/2007 10:00:00 AM,0.5835328,59.69151,-107.163,33.97945,0.5716618,2.565618,1.854844,1.854844,0,0,0,1.854844,138.3199,0,0,0,2.565618,1.952467,1.854844,0,0,3.822804,7.184751,0.6131514,0,0.6131514,10.95508,78.25044,0.2163793,2.040328,2.052495,0,9.750369
5/7/2007 11:00:00 AM,0.4591917,73.46938,-118.0482,22.21403,0.4551919,2.042901,0.3303627,0.3303627,0,0,0,0.3303627,618.3812,0,0,0,2.042901,0.3477502,0.3303627,0,0,3.209653,7.736587,1.695151,0,1.695151,12.56325,89.73729,0.21615,0.363399,1.634321,0,9.779488
5/7/2007 12:00:00 PM,0.3749148,82.6124,-178.6962,16.41854,0.3725766,1.672124,0.3527036,0.3527036,0,0,0,0.3527036,474.0875,0,0,0,1.672124,0.3712669,0.3527036,0,0,1.514502,9.262222,1.300857,0,1.300857,13.79735,98.55228,0.2159744,0.387974,1.337699,0,10.93435
5/7/2007 1:00:00 PM,0.1009554,73.77329,118.5502,21.98338,0.1004372,0.450762,0,0,0,0,0,0,0,0.2371169,0,0,0.450762,0,0,0,0,0.2136451,10.43299,0.2136451,0,0.2136451,14.00003,100,0.2159455,0,0.3606096,0,10.88376
5/7/2007 2:00:00 PM,0.1085126,60.0212,107.2842,33.67834,0.1079462,0.4844624,4.137294,3.33,0,-1,0,3.33,14.54842,4.440892E-16,0.8072941,1.221024,0.4844624,3.505263,3.33,0,0,0,10.62527,0,3.020801,-3.020801,10.81582,77.25574,0.2159455,4.551023,0.38757,0,11.10974
5/7/2007 3:00:00 PM,0.2853185,45.74511,104.2906,47.13139,0.2831302,1.270689,1.284246,1.284246,0,-1,0,1.284246,98.94434,0,0,0,1.270689,1.351838,1.284246,0,0,3.356445,7.604474,0,0.08114919,-0.08114919,10.73029,76.64474,0.2159455,1.41267,1.016551,0,8.875162
5/7/2007 4:00:00 PM,0.1277863,31.36442,103.7754,61.17688,0.1269922,0.569941,0.9644659,0.9644659,0,-1,0,0.9644659,59.09395,0,0,0,0.569941,1.015227,0.9644659,0,0,3.446611,7.523324,0,0.4452863,-0.4452863,10.26091,73.29208,0.2159455,1.060912,0.4559528,0,8.093266
5/7/2007 5:00:00 PM,0.03168957,16.99347,104.5054,75.46123,0.03150004,0.1413722,2.554269,2.554269,0,-1,0,2.554269,5.53474,0,4.440892E-16,0,0.1413722,2.688705,2.554269,0,0,3.941374,7.078038,0,2.547333,-2.547333,7.575788,54.11267,0.2159455,2.809696,0.1130977,0,7.21941
5/7/2007 6:00:00 PM,0.04465287,2.70219,106.1851,89.8367,0.01854943,0.08324982,5.943223,3.33,0,-1,0,3.33,2.499995,0,2.613222,3.207545,0.08324982,3.505263,3.33,0,0,6.771743,4.530705,0,3.422013,-3.422013,3.96867,28.34759,0.2159455,6.537545,0.06659985,0,4.613955
5/7/2007 7:00:00 PM,0,0,108.8917,90,0,0,7.563831,1.053258,0,-1,0,1.053258,0,0,6.510573,7.266956,0,1.108692,1.053258,0,0,10.57398,1.108692,0,1.108692,-1.108692,2.800006,20,0.2159455,8.320213,0,0,1.108692
5/7/2007 8:00:00 PM,0,0,113.0233,90,0,0,8.471507,0,0,-1,0,0,0,0,8.471507,9.318658,0,0,0,0,0,11.80586,0,0,0,0,2.800006,20,0.2159455,9.318658,0,0,0
5/7/2007 9:00:00 PM,0,0,119.4953,90,0,0,0,0,0,-1,0,0,0,0,0,0,0,0,0,0,0,11.80586,0,0,0,0,2.800006,20,0.2159455,0,0,0,0
5/7/2007 10:00:00 PM,0,0,130.2959,90,0,0,0.6754809,0,0,-1,0,0,0,0,0.6754809,0.743029,0,0,0,0,0,11.80586,0,0,0,0,2.800006,20,0.2159455,0.743029,0,0,0
5/7/2007 11:00:00 PM,0,0,149.3637,90,0,0,1.171957,0,0,-1,0,0,0,0,1.171957,1.289153,0,0,0,0,0,11.80586,0,0,0,0,2.800006,20,0.2159455,1.289153,0,0,0
5/8/2007 12:00:00 AM,0,0,179.6587,90,0,0,0.4375236,0,0,-1,0,0,0,0,0.4375236,0.481276,0,0,0,0,0,11.80586,0,0,0,0,2.800006,20,0.2159455,0.481276,0,0,0
5/8/2007 1:00:00 AM,0,0,-150.2114,90,0,0,1.79266,0,0,-1,0,0,0,0,1.79266,1.971926,0,0,0,0,0,11.80586,0,0,0,0,2.800006,20,0.2159455,1.971926,0,0,0
5/8/2007 2:00:00 AM,0,0,-130.9615,90,0,0,0,0,0,-1,0,0,0,0,0,0,0,0,0,0,0,11.80586,0,0,0,0,2.800006,20,0.2159455,0,0,0,0
5/8/2007 3:00:00 AM,0,0,-120.0037,90,0,0,1.024668,0,0,-1,0,0,0,0,1.024668,1.127135,0,0,0,0,0,11.80586,0,0,0,0,2.800006,20,0.2159455,1.127135,0,0,0
5/8/2007 4:00:00 AM,0,0,-113.4355,90,0,0,0.427285,0,0,-1,0,0,0,0,0.427285,0.4700135,0,0,0,0,0,11.80586,0,0,0,0,2.800006,20,0.2159455,0.4700135,0,0,0
5/8/2007 5:00:00 AM,0,0,-109.2493,90,0,0,1.027444,1.027444,4.532707,0,1.402429,1.027444,0,4.440892E-16,0,0,0,0,0,3.505263,3.33,11.80586,0,3.33,0,3.33,5.959121,42.56506,0.216118,1.130189,0,5,0
5/8/2007 6:00:00 AM,0.03760911,2.433131,-106.5157,90.15244,0.02021722,0.09073487,0.3486761,0.3486761,3.853939,0,1.217125,0.3486761,26.02269,0,0,0,0.09073487,0,0,3.505263,3.33,8.475861,2.997,3.420735,0,3.420735,9.204315,65.74497,0.2161494,0.3835436,0.0725879,5,3.087735
5/8/2007 7:00:00 AM,0.1670352,16.70198,-104.83,75.79781,0.1594779,0.715737,3.128598,3.128598,5,0,1.53,3.128598,22.87725,0,0,0,0.715737,0,0,1.871402,1.777832,5.055125,6.075661,2.493569,0,2.493569,11.56992,82.64214,0.2162953,3.441458,0.5725896,5,6.791399
5/8/2007 8:00:00 AM,0.07588403,31.05199,-104.114,61.53484,0.07545318,0.3386339,0,0,0,0,0,0,0,0,0,0,0.3386339,0,0,0,0,2.561556,8.319874,0.3386339,0,0.3386339,11.89118,84.93682,0.2162499,0,0.2709071,0,8.658507
5/8/2007 9:00:00 AM,0.1256104,45.41033,-104.6669,47.5134,0.1249175,0.5606296,4.393322,3.33,0,-1,0,3.33,16.83572,0,1.063322,1.502654,0.5606296,3.505263,3.33,0,0,2.222922,8.624644,0,2.944633,-2.944633,8.787262,62.76603,0.2162499,4.832654,0.4485037,0,9.185273
5/8/2007 10:00:00 AM,0.3915848,59.65789,-107.7269,34.08803,0.3882088,1.742281,0.007084954,0.007084954,0,0,0,0.007084954,24591.28,0,0,0,1.742281,0.007457846,0.007084954,0,0,5.494738,5.68001,1.734823,0,1.734823,10.43306,74.52171,0.2160172,0.007793449,1.393825,0,7.422291
5/8/2007 11:00:00 AM,0.2881403,73.36539,-118.9844,22.40798,0.2865201,1.285902,0.6819761,0.6819761,0,0,0,0.6819761,188.5553,0,0,0,1.285902,0.7178696,0.6819761,0,0,3.759914,7.241351,0.5680326,0,0.5680326,10.97194,78.37086,0.2159411,0.7501738,1.028722,0,8.527253
5/8/2007 12:00:00 PM,0.3720041,82.32684,-178.8913,16.70438,0.3696821,1.659133,0,0,0,0,0,0,0,0,0,0,1.659133,0,0,0,0,3.191882,7.752581,1.659133,0,1.659133,12.54594,89.61365,0.2157192,0,1.327307,0,9.411714
5/8/2007 1:00:00 PM,0.3761754,73.63184,119.4389,22.2061,0.3736956,1.677146,2.983761,2.983761,0,0,0,2.983761,56.20912,0,0,0,1.677146,3.140801,2.983761,0,0,1.532748,9.245801,0,1.463655,-1.463655,11.00311,78.59347,0.2157192,3.282137,1.341717,0,10.92295
5/8/2007 2:00:00 PM,0.3947158,59.94857,107.8386,33.823,0.3912886,1.756103,2.571286,2.571286,0,-1,0,2.571286,68.29668,0,0,0,1.756103,2.706617,2.571286,0,0,3.159032,7.782146,0,0.9505138,-0.9505138,10.00118,71.43684,0.2157192,2.828415,1.404883,0,9.538249
5/8/2007 3:00:00 PM,0.2938817,45.70562,104.6974,47.22886,0.2914922,1.308217,1.404011,1.404011,0,-1,0,1.404011,93.17709,0,0,0,1.308217,1.477907,1.404011,0,0,4.215158,6.831632,0,0.1696898,-0.1696898,9.822309,70.15921,0.2157192,1.544412,1.046573,0,8.139849
5/8/2007 4:00:00 PM,0.03538782,31.34804,104.1106,61.24277,0.03520172,0.1579853,3.876666,3.33,0,-1,0,3.33,4.744304,4.440892E-16,0.5466661,0.9343327,0.1579853,3.505263,3.33,0,0,4.403703,6.661942,0,3.347278,-3.347278,6.293968,44.95683,0.2157192,4.264333,0.1263883,0,6.819927
5/8/2007 5:00:00 PM,0.1166824,16.9971,104.8052,75.50262,0.1150803,0.5164806,0,0,0,-1,0,0,0,0,0,0,0.5164806,0,0,0,0,8.1229,3.314664,0.5164806,0,0.5164806,6.783945,48.45665,0.2156502,0,0.4131845,0,3.831145
5/8/2007 6:00:00 PM,0.03901522,2.725834,106.4712,89.85637,0.02305698,0.1034797,0,0,0,-1,0,0,0,0,0,0,0.1034797,0,0,0,0,7.60642,3.779496,0.1034797,0,0.1034797,6.882114,49.15786,0.2156364,0,0.08278378,0,3.882976
5/8/2007 7:00:00 PM,0,0,109.1804,90,0,0,0.04898432,0.04898432,0,-1,0,0.04898432,0,0,0,0,0,0.05156244,0.04898432,0,0,7.50294,3.872628,0,0.05156244,-0.05156244,6.827763,48.76963,0.2156364,0.05388274,0,0,3.872628
5/8/2007 8:00:00 PM,0,0,113.3297,90,0,0,0,0,0,-1,0,0,0,0,0,0,0,0,0,0,0,7.560232,3.821066,0,0,0,6.827763,48.76963,0.2156364,0,0,0,3.821066
5/8/2007 9:00:00 PM,0,0,119.8336,90,0,0,0.9417753,0.9417753,0,-1,0,0.9417753,0,0,0,0,0,0.9913424,0.9417753,0,0,7.560232,3.821066,0,0.9913424,-0.9913424,5.782796,41.3056,0.2156364,1.035953,0,0,3.821066
5/8/2007 10:00:00 PM,0,0,130.6689,90,0,0,1.255865,1.255865,0,-1,0,1.255865,0,0,0,0,0,1.321964,1.255865,0,0,8.661723,2.829723,0,1.321964,-1.321964,4.389324,31.35225,0.2156364,1.381452,0,0,2.829723
5/8/2007 11:00:00 PM,0,0,149.6993,90,0,0,0.2008282,0.2008282,0,-1,0,0.2008282,0,0,2.775558E-17,0,0,0.2113981,0.2008282,0,0,10.13057,1.50776,0,0.2113981,-0.2113981,4.166491,29.76059,0.2156364,0.2209111,0,0,1.50776
5/9/2007 12:00:00 AM,0,0,179.7013,90,0,0,0,0,0,-1,0,0,0,0,0,0,0,0,0,0,0,10.36546,1.296362,0,0,0,4.166491,29.76059,0.2156364,0,0,0,1.296362
5/9/2007 1:00:00 AM,0,0,-150.4714,90,0,0,0.1496481,0.1496481,0,-1,0,0.1496481,0,0,0,0,0,0.1575243,0.1496481,0,0,10.36546,1.296362,0,0.1575243,-0.1575243,4.000445,28.57455,0.2156364,0.1646129,0,0,1.296362
5/9/2007 2:00:00 AM,0,0,-131.29,90,0,0,0.6132803,0.6132803,0,-1,0,0.6132803,0,0,1.110223E-16,0,0,0.6455582,0.6132803,0,0,10.54049,1.138837,0,0.6455582,-0.6455582,3.319968,23.71401,0.2156364,0.6746083,0,0,1.138837
5/9/2007 3:00:00 AM,0,0,-120.315,90,0,0,0.6761338,0.4686151,0,-1,0,0.4686151,0,0,0.2075186,0.275132,0,0.4932791,0.4686151,0,0,11.25777,0.4932791,0,0.4932791,-0.4932791,2.800006,20,0.2156364,0.7437471,0,0,0.4932791
5/9/2007 4:00:00 AM,0,0,-113.7238,90,0,0,0.1560123,0,0,-1,0,0,0,0,0.1560123,0.1716136,0,0,0,0,0,11.80586,0,0,0,0,2.800006,20,0.2156364,0.1716136,0,0,0
5/9/2007 5:00:00 AM,0,0,-109.5247,90,0,0,0.3836294,0.3836294,3.888892,0,1.226668,0.3836294,0,0,0,0,0,0,0,3.505263,3.33,11.80586,0,3.33,0,3.33,5.959121,42.56506,0.2156873,0.4219923,0,5,0
5/9/2007 6:00:00 AM,0.05033067,2.492311,-106.7913,90.13534,0.008224348,0.03691087,0.5714698,0.5714698,4.076733,0,1.277948,0.5714698,6.458937,0,0,0,0.03691087,0,0,3.505263,3.33,8.475861,2.997,3.366911,0,3.366911,9.153254,65.38025,0.2157682,0.6286168,0.0295287,5,3.033911
5/9/2007 7:00:00 AM,0.1935564,16.74141,-105.1212,75.8025,0.179956,0.8076424,0.2284086,0.2284086,3.733672,0,1.184292,0.2284086,353.5954,0,0,0,0.8076424,0,0,3.505263,3.33,5.108949,6.02722,4.137642,0,4.137642,13.07857,93.41814,0.2156825,0.2512495,0.6461139,5,6.834862
5/9/2007 8:00:00 AM,0.2665864,31.07147,-104.442,61.56427,0.2617505,1.174736,3.019542,3.019542,0,0,0,3.019542,38.90445,0,4.440892E-16,0,1.174736,3.178465,3.019542,0,0,0.9713069,9.751098,0,2.003729,-2.003729,10.96645,78.33163,0.2156825,3.321496,0.9397889,0,10.92583
5/9/2007 9:00:00 AM,0.4117689,45.40656,-105.068,47.575,0.4043573,1.814756,4.534054,3.33,0,-1,0,3.33,54.49717,0,1.204054,1.65746,1.814756,3.505263,3.33,0,0,3.197672,7.747369,0,1.690508,-1.690508,9.184499,65.60343,0.2156825,4.98746,1.451805,0,9.562125
5/9/2007 10:00:00 AM,0.4368204,59.62045,-108.2791,34.19837,0.4320626,1.939097,2.020871,2.020871,0,0,0,2.020871,95.95354,0,4.440892E-16,0,1.939097,2.127233,2.020871,0,0,5.076014,6.056862,0,0.1881354,-0.1881354,8.986186,64.18692,0.2156825,2.222958,1.551278,0,7.995959
5/9/2007 11:00:00 AM,0.565796,73.2573,-119.89,22.60183,0.5579271,2.503977,0.2402886,0.2402886,0,0,0,0.2402886,1042.07,0,0,0,2.503977,0.2529354,0.2402886,0,0,5.285053,5.868726,2.251041,0,2.251041,11.12171,79.44064,0.2153843,0.2643175,2.003181,0,8.372703
5/9/2007 12:00:00 PM,0.8123282,82.0461,-179.0542,16.98532,0.7914975,3.552241,4.067953,4.067953,3.575635,0,1.141148,4.067953,87.32256,0,0,0,3.552241,0.518229,0.4923176,0,0,3.034012,7.894663,3.034012,0,3.034012,14.00003,100,0.2154162,4.474748,2.841793,5,11.4469
5/9/2007 1:00:00 PM,0.7842082,73.49113,120.3009,22.42491,0.763292,3.425655,3.746633,3.746633,1.25,0,0.50625,3.746633,91.43288,0.7976197,0,0,3.425655,2.628035,2.496633,0,0,0,10.62527,0,0,0,14.00003,100,0.2154162,4.121296,2.740524,5,14.05093
5/9/2007 2:00:00 PM,0.8797463,59.877,108.382,33.96484,0.8466858,3.799926,1.153747,1.153747,0,-1,0,1.153747,329.3552,2.585455,0,0,3.799926,1.214471,1.153747,0,0,0,10.62527,0,0,0,14.00003,100,0.2154162,1.269122,3.039941,0,14.4252
5/9/2007 3:00:00 PM,0.6482153,45.66751,105.0968,47.32378,0.6194308,2.780005,0.7586972,0.7586972,0,-1,0,0.7586972,366.4183,1.981377,0,0,2.780005,0.7986286,0.7586972,0,0,0,10.62527,0,0,0,14.00003,100,0.2154162,0.834567,2.224004,0,13.40528
5/9/2007 4:00:00 PM,0.4491809,31.33319,104.4399,61.30619,0.4215298,1.891826,1.00278,1.00278,0,-1,0,1.00278,188.6581,0.8362677,0,0,1.891826,1.055558,1.00278,0,0,0,10.62527,0,0,0,14.00003,100,0.2154162,1.103058,1.513461,0,12.5171
5/9/2007 5:00:00 PM,0.2170826,17.00232,105.0997,75.54157,0.1978484,0.8879437,5.189887,3.33,0,-1,0,3.33,26.66498,0,1.859887,2.378875,0.8879437,3.505263,3.33,0,0,0,10.62527,0,2.617319,-2.617319,11.24113,80.29363,0.2154162,5.708875,0.710355,0,11.51322
5/9/2007 6:00:00 PM,0.04679951,2.751074,106.752,89.87361,0.01654579,0.07425752,0,0,0,-1,0,0,0,0,0,0,0.07425752,0,0,0,0,2.908133,8.007955,0.07425752,0,0.07425752,11.31158,80.79682,0.2154064,0,0.05940602,0,8.082212
5/9/2007 7:00:00 PM,0,0,109.4635,90,0,0,6.410645,3.33,0,-1,0,3.33,0,0,3.080645,3.721709,0,3.505263,3.33,0,0,2.833875,8.074786,0,3.505263,-3.505263,7.616706,54.40493,0.2154064,7.05171,0,0,8.074786
5/9/2007 8:00:00 PM,0,0,113.6297,90,0,0,10.39679,3.33,0,-1,0,3.33,0,0,7.066794,8.106474,0,3.505263,3.33,0,0,6.728612,4.569523,0,3.505263,-3.505263,3.921834,28.01305,0.2154064,11.43647,0,0,4.569523
5/9/2007 9:00:00 PM,0,0,120.164,90,0,0,7.541934,1.011047,0,-1,0,1.011047,0,0,6.530887,7.28508,0,1.06426,1.011047,0,0,10.62335,1.06426,0,1.06426,-1.06426,2.800006,20,0.2154064,8.296127,0,0,1.06426
5/9/2007 10:00:00 PM,0,0,131.0308,90,0,0,1.102609,0,0,-1,0,0,0,0,1.102609,1.21287,0,0,0,0,0,11.80586,0,0,0,0,2.800006,20,0.2154064,1.21287,0,0,0
5/9/2007 11:00:00 PM,0,0,150.0208,90,0,0,0,0,0,-1,0,0,0,0,0,0,0,0,0,0,0,11.80586,0,0,0,0,2.800006,20,0.2154064,0,0,0,0
5/10/2007 12:00:00 AM,0,0,179.7376,90,0,0,1.290347,0,0,-1,0,0,0,0,1.290347,1.419382,0,0,0,0,0,11.80586,0,0,0,0,2.800006,20,0.2154064,1.419382,0,0,0
5/10/2007 1:00:00 AM,0,0,-150.7266,90,0,0,0,0,0,-1,0,0,0,0,0,0,0,0,0,0,0,11.80586,0,0,0,0,2.800006,20,0.2154064,0,0,0,0
5/10/2007 2:00:00 AM,0,0,-131.6122,90,0,0,1.146074,0,0,-1,0,0,0,0,1.146074,1.260682,0,0,0,0,0,11.80586,0,0,0,0,2.800006,20,0.2154064,1.260682,0,0,0
5/10/2007 3:00:00 AM,0,0,-120.6209,90,0,0,1.545831,0,0,-1,0,0,0,0,1.545831,1.700415,0,0,0,0,0,11.80586,0,0,0,0,2.800006,20,0.2154064,1.700415,0,0,0
5/10/2007 4:00:00 AM,0,0,-114.0071,90,0,0,1.049747,0,0,-1,0,0,0,0,1.049747,1.154721,0,0,0,0,0,11.80586,0,0,0,0,2.800006,20,0.2154064,1.154721,0,0,0
5/10/2007 5:00:00 AM,0,0,-109.7955,90,0,0,0.2847008,0.2847008,3.789964,0,1.19966,0.2847008,0,0,0,0,0,0,0,3.505263,3.33,11.80586,0,3.33,0,3.33,5.959121,42.56506,0.2154389,0.3131709,0,5,0
5/10/2007 6:00:00 AM,0.03485022,2.54828,-107.0623,90.12067,0.02290945,0.1028176,1.512741,1.512741,4.833749,0,1.484614,1.512741,6.796774,0,0,0,0.1028176,0,0,3.321008,3.154958,8.475861,2.997,3.257776,0,3.257776,9.049718,64.64072,0.2156435,1.664015,0.08225407,5,3.099818
5/10/2007 7:00:00 AM,0.2106407,16.77761,-105.4074,75.80955,0.1921265,0.862264,7.16025,7.16025,5,0,1.53,7.16025,12.04237,0,8.881784E-16,0,0.862264,2.273948,2.16025,0,0,5.218085,5.928998,0,1.411684,-1.411684,7.561673,54.01184,0.2156435,7.876275,0.6898112,5,6.791262
5/10/2007 8:00:00 AM,0.5021545,31.08767,-104.7642,61.59598,0.4664124,2.093259,3.629842,3.629842,5,0,1.53,3.629842,57.66805,0,0,0,2.093259,0,0,1.370158,1.30165,6.786622,4.517314,3.394909,0,3.394909,10.78237,77.01675,0.2158182,3.992826,1.674607,5,6.610573
5/10/2007 9:00:00 AM,0.4734447,45.39937,-105.4617,47.6387,0.4611239,2.069524,1.328143,1.328143,0,-1,0,1.328143,155.8209,0,0,0,2.069524,1.398045,1.328143,0,0,3.391713,7.572732,0.6714793,0,0.6714793,11.41939,81.56689,0.2157299,1.460957,1.655619,0,9.642257
5/10/2007 10:00:00 AM,0.4718063,59.57935,-108.8194,34.3103,0.4655835,2.089539,2.088987,2.088987,0,0,0,2.088987,100.0264,0,0,0,2.089539,2.198934,2.088987,0,0,2.720234,8.177064,0,0.1093948,-0.1093948,11.30408,80.74323,0.2157299,2.297885,1.671631,0,10.2666
5/10/2007 11:00:00 AM,0.6084702,73.14547,-120.7648,22.79532,0.5983014,2.685177,1.838642,1.838642,0,0,0,1.838642,146.0413,0,0,0,2.685177,1.935413,1.838642,0,0,2.841784,8.067669,0.7497634,0,0.7497634,12.01536,85.82385,0.2156315,2.022507,2.148141,0,10.75285
5/10/2007 12:00:00 PM,0.9316679,81.77029,-179.1888,17.26128,0.9031141,4.053176,1.264814,1.264814,0,0,0,1.264814,320.4562,0.629772,0,0,4.053176,1.331384,1.264814,0,0,2.09202,8.742455,2.09202,0,2.09202,14.00003,100,0.2153572,1.391296,3.242541,0,12.79563
5/10/2007 1:00:00 PM,0.844815,73.35143,121.1371,22.63968,0.8193635,3.677304,3.291923,3.291923,1.25,0,0.50625,3.291923,111.7068,1.52791,0,0,3.677304,2.149393,2.041923,0,0,0,10.62527,0,0,0,14.00003,100,0.2153572,3.621116,2.941843,5,14.30258
5/10/2007 2:00:00 PM,0.666524,59.80661,108.9141,34.10375,0.6476896,2.906831,0,0,0,-1,0,0,0,2.906831,0,0,2.906831,0,0,0,0,0,10.62527,0,0,0,14.00003,100,0.2153572,0,2.325465,0,13.53211
5/10/2007 3:00:00 PM,0.5628698,45.63083,105.4888,47.41606,0.5419827,2.432418,1.802271,1.802271,0,-1,0,1.802271,134.9641,0.5352907,0,0,2.432418,1.897128,1.802271,0,0,0,10.62527,0,0,0,14.00003,100,0.2153572,1.982499,1.945935,0,13.05769
5/10/2007 4:00:00 PM,0.3327618,31.3199,104.7632,61.36708,0.3216243,1.44345,4.246548,3.33,0,-1,0,3.33,43.34684,0,0.9165475,1.341202,1.44345,3.505263,3.33,0,0,0,10.62527,0,2.061813,-2.061813,11.82669,84.47616,0.2153572,4.671202,1.15476,0,12.06872
5/10/2007 5:00:00 PM,0.1798453,17.00916,105.3887,75.57804,0.1700162,0.7630328,4.089784,3.33,0,-1,0,3.33,22.9139,0,0.7597842,1.168763,0.7630328,3.505263,3.33,0,0,2.290904,8.563461,0,2.74223,-2.74223,8.936121,63.82931,0.2153572,4.498763,0.6104262,0,9.326493
5/10/2007 6:00:00 PM,0.04120214,2.777896,107.0275,89.88843,0.02171924,0.09747595,3.190222,3.190222,0,-1,0,3.190222,3.05546,0,0,0.1792443,0.09747595,3.358129,3.190222,0,0,5.337826,5.82123,0,3.260653,-3.260653,5.499092,39.27915,0.2153572,3.509244,0.07798076,0,5.918706
5/10/2007 7:00:00 PM,0,0,109.741,90,0,0,3.975831,2.432549,0,-1,0,2.432549,0,0,1.543282,1.940865,0,2.560578,2.432549,0,0,8.960773,2.560578,0,2.560578,-2.560578,2.800006,20,0.2153572,4.373414,0,0,2.560578
5/10/2007 8:00:00 PM,0,0,113.9232,90,0,0,10.42887,0,0,-1,0,0,0,0,10.42887,11.47176,0,0,0,0,0,11.80586,0,0,0,0,2.800006,20,0.2153572,11.47176,0,0,0
5/10/2007 9:00:00 PM,0,0,120.4862,90,0,0,5.060782,0,0,-1,0,0,0,0,5.060782,5.566861,0,0,0,0,0,11.80586,0,0,0,0,2.800006,20,0.2153572,5.566861,0,0,0
5/10/2007 10:00:00 PM,0,0,131.3818,90,0,0,0.3373415,0,0,-1,0,0,0,0,0.3373415,0.3710757,0,0,0,0,0,11.80586,0,0,0,0,2.800006,20,0.2153572,0.3710757,0,0,0
5/10/2007 11:00:00 PM,0,0,150.3286,90,0,0,1.029081,0,0,-1,0,0,0,0,1.029081,1.131989,0,0,0,0,0,11.80586,0,0,0,0,2.800006,20,0.2153572,1.131989,0,0,0
5/11/2007 12:00:00 AM,0,0,179.7677,90,0,0,0.5297187,0,0,-1,0,0,0,0,0.5297187,0.5826905,0,0,0,0,0,11.80586,0,0,0,0,2.800006,20,0.2153572,0.5826905,0,0,0
5/11/2007 1:00:00 AM,0,0,-150.9771,90,0,0,0.1266737,0,0,-1,0,0,0,0,0.1266737,0.1393411,0,0,0,0,0,11.80586,0,0,0,0,2.800006,20,0.2153572,0.1393411,0,0,0
5/11/2007 2:00:00 AM,0,0,-131.9281,90,0,0,1.043591,0,0,-1,0,0,0,0,1.043591,1.14795,0,0,0,0,0,11.80586,0,0,0,0,2.800006,20,0.2153572,1.14795,0,0,0
5/11/2007 3:00:00 AM,0,0,-120.9212,90,0,0,0.7359518,0,0,-1,0,0,0,0,0.7359518,0.8095469,0,0,0,0,0,11.80586,0,0,0,0,2.800006,20,0.2153572,0.8095469,0,0,0
5/11/2007 4:00:00 AM,0,0,-114.2856,90,0,0,0.5673354,0,0,-1,0,0,0,0,0.5673354,0.6240689,0,0,0,0,0,11.80586,0,0,0,0,2.800006,20,0.2153572,0.6240689,0,0,0
5/11/2007 5:00:00 AM,0,0,-110.0616,90,0,0,1.085287,1.085287,4.59055,0,1.41822,1.085287,0,4.440892E-16,0,0,0,0,0,3.505263,3.33,11.80586,0,3.33,0,3.33,5.959121,42.56506,0.2155369,1.193816,0,5,0
5/11/2007 6:00:00 AM,0.02878,2.601035,-107.3286,90.10841,0.02398614,0.1076498,0.662597,0.662597,4.16786,0,1.302826,0.662597,16.24665,0,0,0,0.1076498,0,0,3.505263,3.33,8.475861,2.997,3.43765,0,3.43765,9.220362,65.8596,0.2156242,0.7288567,0.08611984,5,3.10465
5/11/2007 7:00:00 AM,0.2386414,16.81062,-105.6886,75.81894,0.2113117,0.9483671,2.297227,2.297227,5,0,1.53,2.297227,41.28313,0,0,0,0.9483671,0,0,2.702773,2.567635,5.03821,6.090885,3.516002,0,3.516002,12.55593,89.68507,0.2158266,2.526949,0.7586937,5,7.039252
5/11/2007 8:00:00 AM,0.3984205,31.10064,-105.0806,61.62991,0.377211,1.692923,3.196294,3.196294,3.034116,0,0.9933136,3.196294,52.96518,0,0,0,1.692923,0.1707144,0.1621787,0,0,1.522209,9.255286,1.522209,0,1.522209,14.00003,100,0.2158931,3.515924,1.354339,5,10.94821
5/11/2007 9:00:00 AM,0.4586246,45.38887,-105.8476,47.7044,0.4473701,2.007797,2.589589,2.589589,0,-1,0,2.589589,77.53343,0,0,0,2.007797,2.725883,2.589589,0,0,0,10.62527,0,0.7180859,-0.7180859,13.2431,94.59338,0.2158931,2.848548,1.606238,0,12.63307
5/11/2007 10:00:00 AM,0.5513047,59.53475,-109.3474,34.42365,0.5405824,2.426134,1.702119,1.702119,0,0,0,1.702119,142.5361,0,0,0,2.426134,1.791705,1.702119,0,0,0.7978733,9.907188,0.6344294,0,0.6344294,13.84497,98.89246,0.2158104,1.872331,1.940907,0,12.33332
5/11/2007 11:00:00 AM,0.5655516,73.03024,-121.6089,22.98824,0.557382,2.501531,3.555369,3.555369,1.334187,0,0.5292331,3.555369,70.35923,5.828671E-16,0,0,2.501531,2.338087,2.221182,0,0,0.1634438,10.47818,0.1634438,0,0.1634438,14.00003,100,0.2158045,3.910906,2.001225,5,12.9797
5/11/2007 12:00:00 PM,0.6053082,81.49951,-179.2978,17.53216,0.596194,2.675719,3.156357,3.156357,1.25,0,0.50625,3.156357,84.77238,0.6690273,0,0,2.675719,2.006691,1.906357,0,0,0,10.62527,0,0,0,14.00003,100,0.2158045,3.471992,2.140575,5,13.30099
5/11/2007 1:00:00 PM,0.7748808,73.21301,121.948,22.85028,0.7536272,3.382279,3.517735,3.517735,1.25,0,0.50625,3.517735,96.14935,0.99519,0,0,3.382279,2.387089,2.267735,0,0,0,10.62527,0,0,0,14.00003,100,0.2158045,3.869508,2.705823,5,14.00755
5/11/2007 2:00:00 PM,0.46455,59.73754,109.4351,34.23961,0.4585805,2.05811,0.7318472,0.7318472,0,-1,0,0.7318472,281.2212,1.287744,0,0,2.05811,0.7703655,0.7318472,0,0,0,10.62527,0,0,0,14.00003,100,0.2158045,0.805032,1.646488,0,12.68338
5/11/2007 3:00:00 PM,0.2894042,45.59567,105.8733,47.50564,0.2870336,1.288207,1.307988,1.307988,0,-1,0,1.307988,98.48766,0,0,0,1.288207,1.37683,1.307988,0,0,0,10.62527,0,0.08862276,-0.08862276,13.90661,99.33274,0.2158045,1.438787,1.030566,0,11.91348
5/11/2007 4:00:00 PM,0.2687383,31.30823,105.0804,61.4254,0.2637233,1.18359,0.3069713,0.3069713,0,-1,0,0.3069713,385.5702,0.7619925,0,0,1.18359,0.3231277,0.3069713,0,0,0.09846973,10.53665,0.09846973,0,0.09846973,14.00003,100,0.2157917,0.3376684,0.9468719,0,11.72024
5/11/2007 5:00:00 PM,0.1652999,17.01761,105.6722,75.61203,0.1582339,0.7101539,2.66015,2.66015,0,-1,0,2.66015,26.69601,0,0,0,0.7101539,2.800158,2.66015,0,0,0,10.62527,0,2.090004,-2.090004,11.79697,84.26391,0.2157917,2.926165,0.5681232,0,11.33543
5/11/2007 6:00:00 PM,0.05196075,2.806283,107.2975,89.90083,0.01173244,0.05265518,0,0,0,-1,0,0,0,0,0,0,0.05265518,0,0,0,0,2.322226,8.535271,0.05265518,0,0.05265518,11.84692,84.62071,0.2157849,0,0.04212414,0,8.587926
5/11/2007 7:00:00 PM,0,0,110.0127,90,0,0,5.178103,3.33,0,-1,0,3.33,0,0,1.848103,2.365914,0,3.505263,3.33,0,0,2.269571,8.582661,0,3.505263,-3.505263,8.152052,58.22883,0.2157849,5.695914,0,0,8.582661
5/11/2007 8:00:00 PM,0,0,114.2102,90,0,0,3.96492,3.33,0,-1,0,3.33,0,0,0.6349202,1.031412,0,3.505263,3.33,0,0,6.164308,5.077397,0,3.505263,-3.505263,4.45718,31.83694,0.2157849,4.361412,0,0,5.077397
5/11/2007 9:00:00 PM,0,0,120.8002,90,0,0,0.2841771,0.2841771,0,-1,0,0.2841771,0,0,5.551115E-17,0,0,0.2991338,0.2841771,0,0,10.05904,1.572134,0,0.2991338,-0.2991338,4.141866,29.58469,0.2157849,0.3125948,0,0,1.572134
5/11/2007 10:00:00 PM,0,0,131.7218,90,0,0,1.92315,1.20935,0,-1,0,1.20935,0,0,0.7137996,0.9061146,0,1.273,1.20935,0,0,10.39142,1.273,0,1.273,-1.273,2.800006,20,0.2157849,2.115465,0,0,1.273
5/11/2007 11:00:00 PM,0,0,150.623,90,0,0,0.4901368,0,0,-1,0,0,0,0,0.4901368,0.5391505,0,0,0,0,0,11.80586,0,0,0,0,2.800006,20,0.2157849,0.5391505,0,0,0
5/12/2007 12:00:00 AM,0,0,179.7918,90,0,0,0.4981073,0,0,-1,0,0,0,0,0.4981073,0.547918,0,0,0,0,0,11.80586,0,0,0,0,2.800006,20,0.2157849,0.547918,0,0,0
5/12/2007 1:00:00 AM,0,0,-151.223,90,0,0,0.3433034,0,0,-1,0,0,0,0,0.3433034,0.3776338,0,0,0,0,0,11.80586,0,0,0,0,2.800006,20,0.2157849,0.3776338,0,0,0
5/12/2007 2:00:00 AM,0,0,-132.2378,90,0,0,0.2548369,0,0,-1,0,0,0,0,0.2548369,0.2803206,0,0,0,0,0,11.80586,0,0,0,0,2.800006,20,0.2157849,0.2803206,0,0,0
5/12/2007 3:00:00 AM,0,0,-121.2159,90,0,0,0,0,0,-1,0,0,0,0,0,0,0,0,0,0,0,11.80586,0,0,0,0,2.800006,20,0.2157849,0,0,0,0
5/12/2007 4:00:00 AM,0,0,-114.559,90,0,0,0.9515318,0,0,-1,0,0,0,0,0.9515318,1.046685,0,0,0,0,0,11.80586,0,0,0,0,2.800006,20,0.2157849,1.046685,0,0,0
5/12/2007 5:00:00 AM,0,0,-110.3231,90,0,0,0.8690632,0.8690632,4.374326,0,1.359191,0.8690632,0,4.440892E-16,0,0,0,0,0,3.505263,3.33,11.80586,0,3.33,0,3.33,5.959121,42.56506,0.2159228,0.9559695,0,5,0
5/12/2007 6:00:00 AM,0.05352127,2.650577,-107.5902,90.09856,0.007046473,0.03162457,0,0,3.505263,0,1.121937,0,0,0,0,0,0.03162457,0,0,3.505263,3.33,8.475861,2.997,3.361624,0,3.361624,9.148238,65.34443,0.2158977,0,0.02529966,5,3.028625
5/12/2007 7:00:00 AM,0.2811494,16.84046,-105.9647,75.83064,0.2415852,1.084234,4.499549,4.499549,5,0,1.53,4.499549,24.09651,0,0,0,1.084234,0,0,0.5004508,0.4754283,5.114235,6.022462,1.559663,0,1.559663,10.62786,75.91316,0.2159743,4.949504,0.8673875,5,7.106697
5/12/2007 8:00:00 AM,0.5212601,31.11045,-105.391,61.666,0.4821277,2.163789,6.328924,6.328924,5,0,1.53,6.328924,34.1889,0,0,0,2.163789,1.398867,1.328924,0,0,3.554573,7.426158,0.7649221,0,0.7649221,11.35353,81.0965,0.2160074,6.961816,1.731031,5,9.589948
5/12/2007 9:00:00 AM,0.7539176,45.37514,-106.2258,47.77198,0.7149526,3.208708,4.648401,3.33,0,-1,0,3.33,96.35758,4.440892E-16,1.318401,1.783241,3.208708,3.505263,3.33,0,0,2.789651,8.114589,0,0.2965556,-0.2965556,11.04094,78.86367,0.2160074,5.113241,2.566966,0,11.3233
5/12/2007 10:00:00 AM,0.6770912,59.48682,-109.863,34.53824,0.6564286,2.946052,0,0,0,0,0,0,0,0,0,0,2.946052,0,0,0,0,3.119157,7.818033,2.946052,0,2.946052,13.83581,98.82699,0.2156263,0,2.356841,0,10.76408
5/12/2007 11:00:00 AM,0.8964961,72.912,-122.4224,23.18033,0.8665531,3.889091,1.924485,1.924485,0,0,0,1.924485,202.0847,1.690211,0,0,3.889091,2.025774,1.924485,0,0,0.1731056,10.46948,0.1731056,0,0.1731056,14.00003,100,0.2156039,2.116934,3.111272,0,14.35857
5/12/2007 12:00:00 PM,1.042367,81.23387,-179.384,17.79787,1.007303,4.520774,2.693501,2.693501,0,0,0,2.693501,167.84,1.685509,0,0,4.520774,2.835265,2.693501,0,0,0,10.62527,0,0,0,14.00003,100,0.2156039,2.962852,3.616619,0,15.14605
5/12/2007 1:00:00 PM,0.7437452,73.07609,122.7343,23.05657,0.7242602,3.25048,1.243531,1.243531,0,0,0,1.243531,261.3912,1.9415,0,0,3.25048,1.30898,1.243531,0,0,0,10.62527,0,0,0,14.00003,100,0.2156039,1.367884,2.600384,0,13.87575
5/12/2007 2:00:00 PM,0.5872302,59.66992,109.945,34.37232,0.5738556,2.575464,0,0,0,-1,0,0,0,2.575464,0,0,2.575464,0,0,0,0,0,10.62527,0,0,0,14.00003,100,0.2156039,0,2.060371,0,13.20074
5/12/2007 3:00:00 PM,0.6660185,45.5621,106.2502,47.59245,0.6337475,2.844259,3.20878,3.20878,0,-1,0,3.20878,88.63988,0,4.440892E-16,0.1996578,2.844259,3.377663,3.20878,0,0,0,10.62527,0,0.5334043,-0.5334043,13.43777,95.98389,0.2156039,3.529658,2.275407,0,13.46953
5/12/2007 4:00:00 PM,0.422779,31.29819,105.3914,61.48112,0.3976619,1.784707,6.123991,3.33,0,-1,0,3.33,53.5948,0,2.79399,3.406389,1.784707,3.505263,3.33,0,0,0.5926715,10.09187,0,1.720556,-1.720556,11.62414,83.02944,0.2156039,6.736389,1.427765,0,11.87658
5/12/2007 5:00:00 PM,0.1946588,17.02769,105.9501,75.64352,0.1809147,0.8119451,0.6108891,0.6108891,0,-1,0,0.6108891,132.912,0,0,0,0.8119451,0.6430411,0.6108891,0,0,2.504401,8.371313,0.168904,0,0.168904,11.78438,84.17398,0.2155821,0.6719779,0.6495561,0,9.183259
5/12/2007 6:00:00 PM,0.03194328,2.836213,107.5621,89.91081,0.02553412,0.1145971,7.4095,3.33,0,-1,0,3.33,3.441355,0,4.0795,4.82045,0.1145971,3.505263,3.33,0,0,2.335497,8.523327,0,3.390666,-3.390666,8.210305,58.64492,0.2155821,8.150451,0.09167771,0,8.637924
5/12/2007 7:00:00 PM,0,0,110.2787,90,0,0,4.243587,3.33,0,-1,0,3.33,0,0,0.9135869,1.337946,0,3.505263,3.33,0,0,6.102903,5.132661,0,3.505263,-3.505263,4.515434,32.25303,0.2155821,4.667945,0,0,5.132661
5/12/2007 8:00:00 PM,0,0,114.4905,90,0,0,5.571363,1.546028,0,-1,0,1.546028,0,0,4.025335,4.582472,0,1.627398,1.546028,0,0,9.997641,1.627398,0,1.627398,-1.627398,2.800006,20,0.2155821,6.1285,0,0,1.627398
5/12/2007 9:00:00 PM,0,0,121.106,90,0,0,0.1817019,0,0,-1,0,0,0,0,0.1817019,0.1998721,0,0,0,0,0,11.80586,0,0,0,0,2.800006,20,0.2155821,0.1998721,0,0,0
5/12/2007 10:00:00 PM,0,0,132.0509,90,0,0,1.327648,0,0,-1,0,0,0,0,1.327648,1.460413,0,0,0,0,0,11.80586,0,0,0,0,2.800006,20,0.2155821,1.460413,0,0,0
5/12/2007 11:00:00 PM,0,0,150.9042,90,0,0,0.9445316,0,0,-1,0,0,0,0,0.9445316,1.038985,0,0,0,0,0,11.80586,0,0,0,0,2.800006,20,0.2155821,1.038985,0,0,0
5/13/2007 12:00:00 AM,0,0,179.8102,90,0,0,1.566778,0,0,-1,0,0,0,0,1.566778,1.723456,0,0,0,0,0,11.80586,0,0,0,0,2.800006,20,0.2155821,1.723456,0,0,0
5/13/2007 1:00:00 AM,0,0,-151.4645,90,0,0,1.101927,0,0,-1,0,0,0,0,1.101927,1.21212,0,0,0,0,0,11.80586,0,0,0,0,2.800006,20,0.2155821,1.21212,0,0,0
5/13/2007 2:00:00 AM,0,0,-132.5413,90,0,0,0.6961033,0,0,-1,0,0,0,0,0.6961033,0.7657136,0,0,0,0,0,11.80586,0,0,0,0,2.800006,20,0.2155821,0.7657136,0,0,0
5/13/2007 3:00:00 AM,0,0,-121.5051,90,0,0,0.1841102,0,0,-1,0,0,0,0,0.1841102,0.2025212,0,0,0,0,0,11.80586,0,0,0,0,2.800006,20,0.2155821,0.2025212,0,0,0
5/13/2007 4:00:00 AM,0,0,-114.8274,90,0,0,0.158662,0,0,-1,0,0,0,0,0.158662,0.1745282,0,0,0,0,0,11.80586,0,0,0,0,2.800006,20,0.2155821,0.1745282,0,0,0
5/13/2007 5:00:00 AM,0,0,-110.5797,90,0,0,0.9996111,0.9996111,4.504874,0,1.394831,0.9996111,0,8.881784E-16,0,0,0,0,0,3.505263,3.33,11.80586,0,3.33,0,3.33,5.959121,42.56506,0.2157431,1.099572,0,5,0
5/13/2007 6:00:00 AM,0.01259209,2.696912,-107.8469,90.09109,0.01232132,0.05529808,0.01095903,0.01095903,3.516222,0,1.124929,0.01095903,504.5891,0,0,0,0.05529808,0,0,3.505263,3.33,8.475861,2.997,3.385298,0,3.385298,9.170696,65.50484,0.2157175,0.01205494,0.04423846,5,3.052298
5/13/2007 7:00:00 AM,0.1438648,16.86716,-106.2356,75.84459,0.1396869,0.626915,0,0,3.505263,0,1.121937,0,0,0,0,0,0.626915,0,0,3.505263,3.33,5.090562,6.043768,3.956915,0,3.956915,12.92456,92.31807,0.2156167,0,0.501532,5,6.670683
5/13/2007 8:00:00 AM,0.204628,31.11714,-105.6953,61.70417,0.2026457,0.9094741,2.462845,2.462845,0,0,0,2.462845,36.92779,0,4.440892E-16,0,0.9094741,2.592468,2.462845,0,0,1.133647,9.604992,0,1.682994,-1.682994,11.15052,79.64645,0.2156167,2.709129,0.7275792,0,10.51447
5/13/2007 9:00:00 AM,0.2287758,45.35829,-106.5959,47.84135,0.227316,1.020194,2.526805,2.526805,0,-1,0,2.526805,40.37487,0,4.440892E-16,0,1.020194,2.659795,2.526805,0,0,3.003641,7.921998,0,1.6396,-1.6396,9.422234,67.30154,0.2156167,2.779485,0.8161554,0,8.942192
5/13/2007 10:00:00 AM,0.1700102,59.43575,-110.3659,34.65392,0.1690766,0.7588159,0,0,0,0,0,0,0,0,0,0,0.7588159,0,0,0,0,4.825418,6.282397,0.7588159,0,0.7588159,10.14211,72.4435,0.2155194,0,0.6070527,0,7.041213
5/13/2007 11:00:00 AM,0.2212356,72.79108,-123.2054,23.37139,0.2200187,0.9874438,3.249683,3.249683,5,0,1.53,3.249683,30.38585,0,0,0,0.9874438,0,0,1.750317,1.662801,4.066603,6.965332,2.650245,0,2.650245,12.65635,90.40234,0.2156644,3.574651,0.789955,5,7.952775
5/13/2007 12:00:00 PM,0.08049066,80.97346,-179.4497,18.05833,0.08007973,0.3593978,0.2808336,0.2808336,0,0,0,0.2808336,127.9753,0,0,0,0.3593978,0.2956144,0.2808336,0,0,1.416358,9.350552,0.06378344,0,0.06378344,12.71686,90.83456,0.2156563,0.308917,0.2875182,0,9.709949
5/13/2007 1:00:00 PM,0.08999776,72.94092,123.4968,23.25846,0.08953481,0.4018323,0.2562718,0.2562718,0,0,0,0.2562718,156.7993,0,0,0,0.4018323,0.2697597,0.2562718,0,0,1.352575,9.407957,0.1320725,0,0.1320725,12.84216,91.72952,0.2156393,0.2818989,0.3214658,0,9.80979
5/13/2007 2:00:00 PM,0.1069414,59.60386,110.4437,34.50178,0.1063782,0.4774255,2.473787,2.473787,0,-1,0,2.473787,19.29938,0,0,0,0.4774255,2.603986,2.473787,0,0,1.220502,9.526822,0,2.126561,-2.126561,10.60057,75.71818,0.2156393,2.721166,0.3819404,0,10.00425
5/13/2007 3:00:00 PM,0.1824415,45.53018,106.6195,47.67641,0.1813601,0.8139441,4.114703,3.33,0,-1,0,3.33,24.44277,0,0.7847026,1.196173,0.8139441,3.505263,3.33,0,0,3.583348,7.400261,0,2.691319,-2.691319,7.763667,55.45465,0.2156393,4.526173,0.6511553,0,8.214206
5/13/2007 4:00:00 PM,0.09238365,31.28982,105.6962,61.53419,0.09183489,0.412155,0,0,0,-1,0,0,0,0,0,0,0.412155,0,0,0,0,6.573702,4.708942,0.412155,0,0.412155,8.154672,58.24754,0.2155866,0,0.329724,0,5.121098
5/13/2007 5:00:00 PM,0.1575754,17.03939,106.2224,75.67249,0.1516508,0.6806086,5.445987,3.33,0,-1,0,3.33,20.4387,0,2.115988,2.660586,0.6806086,3.505263,3.33,0,0,6.161547,5.079882,0,2.824655,-2.824655,5.177224,36.98009,0.2155866,5.990586,0.5444869,0,5.76049
5/13/2007 6:00:00 PM,0.03958273,2.867664,107.8211,89.91841,0.02341164,0.1050714,7.303343,2.242284,0,-1,0,2.242284,4.685911,0,5.061059,5.871248,0.1050714,2.360299,2.242284,0,0,9.300052,2.255227,0,2.255227,-2.255227,2.800006,20,0.2155866,8.033677,0.08405713,0,2.360299
5/13/2007 7:00:00 PM,0,0,110.5387,90,0,0,3.333056,0,0,-1,0,0,0,0,3.333056,3.666362,0,0,0,0,0,11.80586,0,0,0,0,2.800006,20,0.2155866,3.666362,0,0,0
5/13/2007 8:00:00 PM,0,0,114.764,90,0,0,4.949166,0,0,-1,0,0,0,0,4.949166,5.444083,0,0,0,0,0,11.80586,0,0,0,0,2.800006,20,0.2155866,5.444083,0,0,0
5/13/2007 9:00:00 PM,0,0,121.4035,90,0,0,3.919362,0,0,-1,0,0,0,0,3.919362,4.311298,0,0,0,0,0,11.80586,0,0,0,0,2.800006,20,0.2155866,4.311298,0,0,0
5/13/2007 10:00:00 PM,0,0,132.3691,90,0,0,0.2882822,0,0,-1,0,0,0,0,0.2882822,0.3171104,0,0,0,0,0,11.80586,0,0,0,0,2.800006,20,0.2155866,0.3171104,0,0,0
5/13/2007 11:00:00 PM,0,0,151.1725,90,0,0,0.9856787,0,0,-1,0,0,0,0,0.9856787,1.084247,0,0,0,0,0,11.80586,0,0,0,0,2.800006,20,0.2155866,1.084247,0,0,0
5/14/2007 12:00:00 AM,0,0,179.8231,90,0,0,0.6530136,0,0,-1,0,0,0,0,0.6530136,0.7183149,0,0,0,0,0,11.80586,0,0,0,0,2.800006,20,0.2155866,0.7183149,0,0,0
5/14/2007 1:00:00 AM,0,0,-151.7016,90,0,0,0.9712229,0,0,-1,0,0,0,0,0.9712229,1.068345,0,0,0,0,0,11.80586,0,0,0,0,2.800006,20,0.2155866,1.068345,0,0,0
5/14/2007 2:00:00 AM,0,0,-132.8387,90,0,0,0.5219341,0,0,-1,0,0,0,0,0.5219341,0.5741275,0,0,0,0,0,11.80586,0,0,0,0,2.800006,20,0.2155866,0.5741275,0,0,0
5/14/2007 3:00:00 AM,0,0,-121.7887,90,0,0,0.3899893,0,0,-1,0,0,0,0,0.3899893,0.4289882,0,0,0,0,0,11.80586,0,0,0,0,2.800006,20,0.2155866,0.4289882,0,0,0
5/14/2007 4:00:00 AM,0,0,-115.0907,90,0,0,1.0874,0,0,-1,0,0,0,0,1.0874,1.19614,0,0,0,0,0,11.80586,0,0,0,0,2.800006,20,0.2155866,1.19614,0,0,0
5/14/2007 5:00:00 AM,0,0,-110.8315,90,0,0,0.4869892,0.4869892,3.992252,0,1.254885,0.4869892,0,0,0,0,0,0,0,3.505263,3.33,11.80586,0,3.33,0,3.33,5.959121,42.56506,0.2156541,0.5356882,0,5,0
5/14/2007 6:00:00 AM,0.06184984,2.740045,-108.0988,90.08601,0.003631478,0.01629807,1.369815,1.369815,4.698696,0,1.447744,1.369815,1.189802,0,0,0,0.01629807,0,0,3.328882,3.162438,8.475861,2.997,3.178736,0,3.178736,8.974734,64.10512,0.2158486,1.506796,0.01303846,5,3.013298
5/14/2007 7:00:00 AM,0.2428463,16.89075,-106.5012,75.86076,0.2131994,0.9568389,5.592376,5.592376,5,0,1.53,5.592376,17.1097,0,0,0,0.9568389,0.6235533,0.5923757,0,0,5.297124,5.857862,0.3332856,0,0.3332856,9.290917,66.36356,0.2158628,6.151613,0.7654712,5,6.814701
5/14/2007 8:00:00 AM,0.4844538,31.12077,-105.9934,61.74434,0.4485745,2.013203,1.661485,1.661485,4.46459,0,1.383833,1.661485,121.1688,0,0,0,2.013203,0,0,2.803104,2.662949,4.963839,6.157819,4.676152,0,4.676152,13.7271,98.05054,0.2158426,1.827634,1.610562,5,8.171021
5/14/2007 9:00:00 AM,0.6838495,45.33841,-106.958,47.91237,0.6485705,2.910785,1.08781,1.08781,0,-1,0,1.08781,267.5822,1.478035,0,0,2.910785,1.145063,1.08781,0,0,0.287687,10.36636,0.287687,0,0.287687,14.00003,100,0.215806,1.196591,2.328628,0,13.27714
5/14/2007 10:00:00 AM,0.6683186,59.38168,-110.856,34.77051,0.6475872,2.906372,4.951796,4.951796,2.190743,0,0.7630727,4.951796,58.69329,0,8.881784E-16,0,2.906372,2.906372,2.761053,0,0,0,10.62527,0,0,0,14.00003,100,0.215806,5.446975,2.325097,5,13.53165
5/14/2007 11:00:00 AM,0.8607366,72.66785,-123.9581,23.5612,0.8318629,3.733401,5.183557,5.183557,1.853557,0,0.6710211,5.183557,72.02392,0.2281378,0,0,3.733401,3.505263,3.33,0,0,0,10.62527,0,0,0,14.00003,100,0.215806,5.701913,2.986721,5,14.35868
5/14/2007 12:00:00 PM,0.8632525,80.71835,-179.4966,18.31347,0.8364525,3.753999,3.561706,3.561706,1.25,0,0.50625,3.561706,105.3989,1.320624,0,0,3.753999,2.433375,2.311706,0,0,0,10.62527,0,0,0,14.00003,100,0.215806,3.917876,3.003199,5,14.37927
5/14/2007 1:00:00 PM,0.78263,72.80772,124.2361,23.45584,0.7594044,3.408207,4.932457,4.932457,1.694661,0,0.6276423,4.932457,69.09755,0,8.881784E-16,0,3.408207,3.408207,3.237797,0,0,0,10.62527,0,0,0,14.00003,100,0.215806,5.425703,2.726566,5,14.03348
5/14/2007 2:00:00 PM,0.8502647,59.53949,110.9314,34.62789,0.8153473,3.659279,4.586469,3.33,0,-1,0,3.33,109.8883,0.1540156,1.256469,1.715116,3.659279,3.505263,3.33,0,0,0,10.62527,0,0,0,14.00003,100,0.215806,5.045115,2.927423,0,14.28455
5/14/2007 3:00:00 PM,0.6572664,45.49997,106.9812,47.75747,0.6246002,2.803206,5.988751,3.33,0,-1,0,3.33,84.18036,4.440892E-16,2.658751,3.257626,2.803206,3.505263,3.33,0,0,0,10.62527,0,0.7020572,-0.7020572,13.25999,94.71406,0.215806,6.587626,2.242565,0,13.42848
5/14/2007 4:00:00 PM,0.3691773,31.28315,105.9948,61.58458,0.3519521,1.579561,3.847451,3.33,0,-1,0,3.33,47.43426,0,0.5174508,0.9021959,1.579561,3.505263,3.33,0,0,0.7800636,9.923217,0,1.925702,-1.925702,11.23013,80.21503,0.215806,4.232196,1.263649,0,11.50278
5/14/2007 5:00:00 PM,0.1702067,17.05271,106.489,75.69895,0.1619137,0.7266688,1.838766,1.838766,0,-1,0,1.838766,39.51937,0,2.220446E-16,0,0.7266688,1.935543,1.838766,0,0,2.919733,7.997515,0,1.208874,-1.208874,9.955861,71.11315,0.215806,2.022643,0.5813351,0,8.724183
5/14/2007 6:00:00 PM,0.02627468,2.90061,108.0745,89.92363,0.02390761,0.1072974,6.676678,3.33,0,-1,0,3.33,3.222143,0,3.346678,4.014346,0.1072974,3.505263,3.33,0,0,4.262927,6.78864,0,3.397966,-3.397966,6.37409,45.52913,0.215806,7.344346,0.08583789,0,6.895937
5/14/2007 7:00:00 PM,0,0,110.7928,90,0,0,6.053616,3.221141,0,-1,0,3.221141,0,0,2.832475,3.437836,0,3.390674,3.221141,0,0,8.038445,3.390674,0,3.390674,-3.390674,2.800006,20,0.215806,6.658977,0,0,3.390674
5/14/2007 8:00:00 PM,0,0,115.0309,90,0,0,7.173311,0,0,-1,0,0,0,0,7.173311,7.890642,0,0,0,0,0,11.80586,0,0,0,0,2.800006,20,0.215806,7.890642,0,0,0
5/14/2007 9:00:00 PM,0,0,121.6928,90,0,0,8.194844,0,0,-1,0,0,0,0,8.194844,9.014329,0,0,0,0,0,11.80586,0,0,0,0,2.800006,20,0.215806,9.014329,0,0,0
5/14/2007 10:00:00 PM,0,0,132.6766,90,0,0,0.5564938,0,0,-1,0,0,0,0,0.5564938,0.6121431,0,0,0,0,0,11.80586,0,0,0,0,2.800006,20,0.215806,0.6121431,0,0,0
5/14/2007 11:00:00 PM,0,0,151.4283,90,0,0,0.2859686,0,0,-1,0,0,0,0,0.2859686,0.3145654,0,0,0,0,0,11.80586,0,0,0,0,2.800006,20,0.215806,0.3145654,0,0,0
5/15/2007 12:00:00 AM,0,0,179.8306,90,0,0,0.5206822,0,0,-1,0,0,0,0,0.5206822,0.5727503,0,0,0,0,0,11.80586,0,0,0,0,2.800006,20,0.215806,0.5727503,0,0,0
5/15/2007 1:00:00 AM,0,0,-151.9346,90,0,0,1.102575,0,0,-1,0,0,0,0,1.102575,1.212832,0,0,0,0,0,11.80586,0,0,0,0,2.800006,20,0.215806,1.212832,0,0,0
5/15/2007 2:00:00 AM,0,0,-133.1301,90,0,0,0.9245999,0,0,-1,0,0,0,0,0.9245999,1.01706,0,0,0,0,0,11.80586,0,0,0,0,2.800006,20,0.215806,1.01706,0,0,0
5/15/2007 3:00:00 AM,0,0,-122.0666,90,0,0,0.5774853,0,0,-1,0,0,0,0,0.5774853,0.6352338,0,0,0,0,0,11.80586,0,0,0,0,2.800006,20,0.215806,0.6352338,0,0,0
5/15/2007 4:00:00 AM,0,0,-115.3489,90,0,0,0.4744885,0,0,-1,0,0,0,0,0.4744885,0.5219374,0,0,0,0,0,11.80586,0,0,0,0,2.800006,20,0.215806,0.5219374,0,0,0
5/15/2007 5:00:00 AM,0,0,-111.0783,90,0,0,0.2843028,0.2843028,3.789566,0,1.199551,0.2843028,0,0,0,0,0,0,0,3.505263,3.33,11.80586,0,3.33,0,3.33,5.959121,42.56506,0.2158364,0.3127331,0,5,0
5/15/2007 6:00:00 AM,0.04170835,2.77999,-108.3456,90.08327,0.02018695,0.09059905,0,0,3.505263,0,1.121937,0,0,0,0,0,0.09059905,0,0,3.505263,3.33,8.475861,2.997,3.420599,0,3.420599,9.204186,65.74406,0.2158046,0,0.07247924,5,3.087599
5/15/2007 7:00:00 AM,0.2279197,16.91127,-106.7613,75.8791,0.2028063,0.9101948,1.872438,1.872438,4.984627,0,1.525803,1.872438,48.61015,0,0,0,0.9101948,0,0,3.112189,2.956579,5.055261,6.075539,3.866774,0,3.866774,12.87253,91.94646,0.2159794,2.059682,0.7281559,5,6.985734
5/15/2007 8:00:00 AM,0.4303167,31.12142,-106.2851,61.78645,0.4022914,1.805484,3.10363,3.10363,2.517483,0,0.8522728,3.10363,58.17329,0,0,0,1.805484,0.6169966,0.5861467,0,0,1.188487,9.555635,1.188487,0,1.188487,14.00003,100,0.2160296,3.413993,1.444387,5,11.36112
5/15/2007 9:00:00 AM,0.5756624,45.31562,-107.3117,47.98494,0.5509995,2.472885,3.465123,3.33,0,-1,0,3.33,74.26083,0,0.1351235,0.4816358,2.472885,3.505263,3.33,0,0,0,10.62527,0,1.032378,-1.032378,12.91181,92.22701,0.2160296,3.811636,1.978308,0,13.09816
5/15/2007 10:00:00 AM,0.5553203,59.32482,-111.3331,34.88784,0.5434831,2.439152,3.118428,3.118428,1.890966,0,0.6812336,3.118428,78.21736,2.220446E-16,0,0,2.439152,1.292066,1.227462,0,0,1.147086,9.592896,1.147086,0,1.147086,14.00003,100,0.2159984,3.430271,1.951322,5,12.03205
5/15/2007 11:00:00 AM,0.7547777,72.54261,-124.681,23.74954,0.7331735,3.290483,1.172924,1.172924,0,0,0,1.172924,280.5368,2.055826,0,0,3.290483,1.234656,1.172924,0,0,0,10.62527,0,0,0,14.00003,100,0.2159984,1.290216,2.632386,0,13.91576
5/15/2007 12:00:00 PM,1.041375,80.46865,-179.5266,18.56319,1.004219,4.506936,0,0,0,0,0,0,0,4.506936,0,0,4.506936,0,0,0,0,0,10.62527,0,0,0,14.00003,100,0.2159984,0,3.605549,0,15.13221
5/15/2007 1:00:00 PM,0.9515561,72.6767,124.9528,23.64858,0.9166303,4.113837,5.586666,5.586666,2.256665,0,0.7810696,5.586666,73.63671,0.6085734,0,0,4.113837,3.505263,3.33,0,0,0,10.62527,0,0,0,14.00003,100,0.2159984,6.145332,3.291069,5,14.73911
5/15/2007 2:00:00 PM,0.8925873,59.47691,111.4079,34.75055,0.8545969,3.835431,0,0,0,-1,0,0,0,3.835431,0,0,3.835431,0,0,0,0,0,10.62527,0,0,0,14.00003,100,0.2159984,0,3.068345,0,14.4607
5/15/2007 3:00:00 PM,0.7486748,45.47153,107.3351,47.83556,0.7080947,3.177929,5.001462,3.33,0,-1,0,3.33,95.4333,0,1.671462,2.171608,3.177929,3.505263,3.33,0,0,0,10.62527,0,0.3273342,-0.3273342,13.65499,97.53543,0.2159984,5.501608,2.542343,0,13.8032
5/15/2007 4:00:00 PM,0.5036648,31.27819,106.2869,61.63226,0.4650067,2.08695,2.254736,2.254736,0,-1,0,2.254736,92.5585,0,0,0,2.08695,2.373407,2.254736,0,0,0.3637046,10.29794,0,0.2864564,-0.2864564,13.35304,95.37864,0.2159984,2.48021,1.66956,0,12.38489
5/15/2007 5:00:00 PM,0.2069125,17.06766,106.7498,75.72289,0.189105,0.8487033,5.838453,3.33,0,-1,0,3.33,25.48659,4.440892E-16,2.508453,3.092298,0.8487033,3.505263,3.33,0,0,0.6819896,10.01148,0,2.65656,-2.65656,10.55278,75.37682,0.2159984,6.422298,0.6789626,0,10.86019
5/15/2007 6:00:00 PM,0.04463609,2.935024,108.3222,89.92649,0.01995813,0.0895721,1.303164,1.303164,0,-1,0,1.303164,6.873432,0,0,0,0.0895721,1.371752,1.303164,0,0,3.633723,7.354924,0,1.28218,-1.28218,9.20124,65.72301,0.2159984,1.433481,0.07165768,0,7.444496
5/15/2007 7:00:00 PM,0,0,111.0409,90,0,0,11.04395,3.33,0,-1,0,3.33,0,0,7.713945,8.81834,0,3.505263,3.33,0,0,5.058367,6.072744,0,3.505263,-3.505263,5.506368,39.33112,0.2159984,12.14834,0,0,6.072744
5/15/2007 8:00:00 PM,0,0,115.2908,90,0,0,0,0,0,-1,0,0,0,0,0,0,0,0,0,0,0,8.953104,2.567481,0,0,0,5.506368,39.33112,0.2159984,0,0,0,2.567481
5/15/2007 9:00:00 PM,0,0,121.9736,90,0,0,0.562593,0.562593,0,-1,0,0.562593,0,0,0,0,0,0.5922031,0.562593,0,0,8.953104,2.567481,0,0.5922031,-0.5922031,4.882131,34.8723,0.2159984,0.6188523,0,0,2.567481
5/15/2007 10:00:00 PM,0,0,132.9733,90,0,0,0.8819765,0.8819765,0,-1,0,0.8819765,0,0,1.110223E-16,0,0,0.9283963,0.8819765,0,0,9.611107,1.975278,0,0.9283963,-0.9283963,3.903516,27.8822,0.2159984,0.9701742,0,0,1.975278
5/15/2007 11:00:00 PM,0,0,151.6718,90,0,0,0.594304,0.594304,0,-1,0,0.594304,0,0,0,0,0,0.6255831,0.594304,0,0,10.64266,1.046881,0,0.6255831,-0.6255831,3.244093,23.17205,0.2159984,0.6537344,0,0,1.046881
5/16/2007 12:00:00 AM,0,0,179.833,90,0,0,0.4001935,0.4001935,0,-1,0,0.4001935,0,0,0,0.03997953,0,0.4212563,0.4001935,0,0,11.33775,0.4212983,0,0.4212563,-0.4212563,2.80005,20.00031,0.2159984,0.4402129,0,0,0.4212983
5/16/2007 1:00:00 AM,0,0,-152.1633,90,0,0,0,0,0,-1,0,0,0,0,0,0,0,0,0,0,0,11.80581,0.00004192059,0,0,0,2.80005,20.00031,0.2159984,0,0,0,0.00004192059
5/16/2007 2:00:00 AM,0,0,-133.4154,90,0,0,0.5860643,0.00003982456,0,-1,0,0.00003982456,0,0,0.5860245,0.6446309,0,0.00004192059,0.00003982456,0,0,11.80581,0.00004192059,0,0.00004192059,-0.00004192059,2.800006,20,0.2159984,0.6446707,0,0,0.00004192059
5/16/2007 3:00:00 AM,0,0,-122.3389,90,0,0,1.221363,0,0,-1,0,0,0,0,1.221363,1.3435,0,0,0,0,0,11.80586,0,0,0,0,2.800006,20,0.2159984,1.3435,0,0,0
5/16/2007 4:00:00 AM,0,0,-115.6019,90,0,0,0.9200127,0,0,-1,0,0,0,0,0.9200127,1.012014,0,0,0,0,0,11.80586,0,0,0,0,2.800006,20,0.2159984,1.012014,0,0,0
5/16/2007 5:00:00 AM,0,0,-111.3202,90,0,0,1.27645,1.27645,4.781713,0,1.470408,1.27645,0,0,0,0,0,0,0,3.505263,3.33,11.80586,0,3.33,0,3.33,5.959121,42.56506,0.2161992,1.404095,0,5,0
5/16/2007 6:00:00 AM,0.06174981,2.816759,-108.5873,90.08286,0.003853196,0.01729314,1.034694,1.034694,4.539957,0,1.404408,1.034694,1.67133,4.440892E-16,0,0,0.01729314,0,0,3.505263,3.33,8.475861,2.997,3.347293,0,3.347293,9.134642,65.24731,0.2163591,1.138163,0.01383451,5,3.014293
5/16/2007 7:00:00 AM,0.2893015,16.92875,-107.0159,75.89956,0.2457706,1.103019,4.556941,4.556941,5,0,1.53,4.556941,24.20524,0,0,0,1.103019,0,0,0.4430593,0.4209064,5.128567,6.009564,1.523925,0,1.523925,10.58036,75.57388,0.2164304,5.012635,0.8824149,5,7.112582
5/16/2007 8:00:00 AM,0.5642096,31.11915,-106.5704,61.83042,0.5184475,2.326792,6.542751,6.542751,5,0,1.53,6.542751,35.5629,0,0,0,2.326792,1.623949,1.542751,0,0,3.604642,7.381096,0.7028435,0,0.7028435,11.24714,80.33656,0.2164598,7.197027,1.861434,5,9.707889
5/16/2007 9:00:00 AM,0.8135304,45.29001,-107.6571,48.05895,0.7681454,3.447437,3.124954,3.124954,0,-1,0,3.124954,110.3196,0,0,0.1074498,3.447437,3.289426,3.124954,0,0,2.901799,8.013656,0.1580111,0,0.1580111,11.39704,81.40729,0.2164399,3.43745,2.757949,0,11.46109
5/16/2007 10:00:00 AM,0.9397737,59.26533,-111.7971,35.00574,0.8987316,4.033508,3.066848,3.066848,1.841614,0,0.6677605,3.066848,131.5197,0,0,0,4.033508,1.28972,1.225234,0,0,2.743788,8.155866,2.743788,0,2.743788,14.00003,100,0.2161991,3.373533,3.226806,5,12.18937
5/16/2007 11:00:00 AM,0.9004847,72.41571,-125.3742,23.93622,0.8678458,3.894892,3.564582,3.564582,1.25,0,0.50625,3.564582,109.2664,1.45849,0,0,3.894892,2.436402,2.314582,0,0,0,10.62527,0,0,0,14.00003,100,0.2161991,3.92104,3.115913,5,14.52017
5/16/2007 12:00:00 PM,0.8990806,80.22442,-179.5411,18.80743,0.8687982,3.899166,3.359784,3.359784,1.25,0,0.50625,3.359784,116.0541,1.67834,0,0,3.899166,2.220826,2.109784,0,0,0,10.62527,0,0,0,14.00003,100,0.2161991,3.695763,3.119333,5,14.52444
5/16/2007 1:00:00 PM,0.7971922,72.54805,125.6475,23.83661,0.7719283,3.464414,2.621898,2.621898,0,0,0,2.621898,132.1338,0.704521,0,0,3.464414,2.759893,2.621898,0,0,0,10.62527,0,0,0,14.00003,100,0.2161991,2.884088,2.771531,0,14.08969
5/16/2007 2:00:00 PM,0.6658663,59.41624,111.8733,34.86968,0.644673,2.893293,2.458329,2.458329,0,-1,0,2.458329,117.6935,0.3055776,0,0,2.893293,2.587715,2.458329,0,0,0,10.62527,0,0,0,14.00003,100,0.2161991,2.704162,2.314634,0,13.51857
5/16/2007 3:00:00 PM,0.4916406,45.44492,107.6812,47.91063,0.4762067,2.137216,4.903336,3.33,0,-1,0,3.33,64.18065,0,1.573336,2.063669,2.137216,3.505263,3.33,0,0,0,10.62527,0,1.368048,-1.368048,12.55798,89.69967,0.2161991,5.393669,1.709772,0,12.76249
5/16/2007 4:00:00 PM,0.4127104,31.27498,106.5727,61.67721,0.3876107,1.739597,0,0,0,-1,0,0,0,0.2195439,0,0,1.739597,0,0,0,0,1.520053,9.257227,1.520053,0,1.520053,14.00003,100,0.2160083,0,1.391677,0,10.99682
5/16/2007 5:00:00 PM,0.2227374,17.08422,107.0047,75.74429,0.1997195,0.8963413,4.549976,3.33,0,-1,0,3.33,26.91716,0,1.219976,1.674973,0.8963413,3.505263,3.33,0,0,0,10.62527,0,2.608922,-2.608922,11.24998,80.35686,0.2160083,5.004973,0.7170731,0,11.52162
5/16/2007 6:00:00 PM,0.03364566,2.970873,108.5641,89.92702,0.02608278,0.1170595,4.684791,3.33,0,-1,0,3.33,3.515301,4.440892E-16,1.354791,1.82327,0.1170595,3.505263,3.33,0,0,2.898802,8.016353,0,3.388204,-3.388204,7.678503,54.84634,0.2160083,5.15327,0.09364761,0,8.133412
5/16/2007 7:00:00 PM,0,0,111.2829,90,0,0,0,0,0,-1,0,0,0,0,0,0,0,0,0,0,0,6.663473,4.628149,0,0,0,7.678503,54.84634,0.2160083,0,0,0,4.628149
5/16/2007 8:00:00 PM,0,0,115.5439,90,0,0,3.847283,3.33,0,-1,0,3.33,0,0,0.5172832,0.9020115,0,3.505263,3.33,0,0,6.663473,4.628149,0,3.505263,-3.505263,3.983631,28.45445,0.2160083,4.232011,0,0,4.628149
5/16/2007 9:00:00 PM,0,0,122.2462,90,0,0,8.756192,1.066741,0,-1,0,1.066741,0,0,7.689451,8.56507,0,1.122886,1.066741,0,0,10.55821,1.122886,0,1.122886,-1.122886,2.800006,20,0.2160083,9.631812,0,0,1.122886
5/16/2007 10:00:00 PM,0,0,133.2594,90,0,0,1.411373,0,0,-1,0,0,0,0,1.411373,1.55251,0,0,0,0,0,11.80586,0,0,0,0,2.800006,20,0.2160083,1.55251,0,0,0
5/16/2007 11:00:00 PM,0,0,151.9032,90,0,0,0.8003473,0,0,-1,0,0,0,0,0.8003473,0.880382,0,0,0,0,0,11.80586,0,0,0,0,2.800006,20,0.2160083,0.880382,0,0,0
5/17/2007 12:00:00 AM,0,0,179.8304,90,0,0,0.06159993,0,0,-1,0,0,0,0,0.06159993,0.06775992,0,0,0,0,0,11.80586,0,0,0,0,2.800006,20,0.2160083,0.06775992,0,0,0
5/17/2007 1:00:00 AM,0,0,-152.388,90,0,0,0.6142341,0,0,-1,0,0,0,0,0.6142341,0.6756576,0,0,0,0,0,11.80586,0,0,0,0,2.800006,20,0.2160083,0.6756576,0,0,0
5/17/2007 2:00:00 AM,0,0,-133.6947,90,0,0,1.088449,0,0,-1,0,0,0,0,1.088449,1.197294,0,0,0,0,0,11.80586,0,0,0,0,2.800006,20,0.2160083,1.197294,0,0,0
5/17/2007 3:00:00 AM,0,0,-122.6056,90,0,0,0.3882612,0,0,-1,0,0,0,0,0.3882612,0.4270873,0,0,0,0,0,11.80586,0,0,0,0,2.800006,20,0.2160083,0.4270873,0,0,0
5/17/2007 4:00:00 AM,0,0,-115.8497,90,0,0,0,0,0,-1,0,0,0,0,0,0,0,0,0,0,0,11.80586,0,0,0,0,2.800006,20,0.2160083,0,0,0,0
5/17/2007 5:00:00 AM,0,0,-111.557,90,0,0,0.5599187,0.5599187,4.065182,0,1.274795,0.5599187,0,4.440892E-16,0,0,0,0,0,3.505263,3.33,11.80586,0,3.33,0,3.33,5.959121,42.56506,0.2160863,0.6159106,0,5,0
5/17/2007 6:00:00 AM,0.01003188,2.850372,-108.8239,90.08476,0.009857412,0.04424007,0.4485877,0.4485877,3.953851,0,1.244401,0.4485877,9.862078,4.440892E-16,0,0,0.04424007,0,0,3.505263,3.33,8.475861,2.997,3.37424,0,3.37424,9.160206,65.42992,0.216139,0.4934465,0.03539205,5,3.04124
5/17/2007 7:00:00 AM,0.02562845,16.94324,-107.265,75.9221,0.02547648,0.1143385,0,0,3.505263,0,1.121937,0,0,0,0,0,0.1143385,0,0,3.505263,3.33,5.10162,6.033816,3.444339,0,3.444339,12.42779,88.76977,0.2161041,0,0.09147076,5,6.148155
5/17/2007 8:00:00 AM,0.1243037,31.11403,-106.8491,61.87616,0.1235006,0.5542707,2.85035,2.85035,0,0,0,2.85035,19.44571,0,4.440892E-16,0,0.5542707,3.000369,2.85035,0,0,1.657282,9.13372,0,2.446098,-2.446098,9.849379,70.35257,0.2161041,3.135385,0.4434166,0,9.687991
5/17/2007 9:00:00 AM,0.04492777,45.2617,-107.9939,48.13427,0.04469546,0.2005932,0.2445175,0.2445175,0,-1,0,0.2445175,82.03633,0,0,0,0.2005932,0.2573869,0.2445175,0,0,4.375168,6.687623,0,0.05679366,-0.05679366,9.789514,69.92496,0.2161041,0.2689693,0.1604746,0,6.888216
5/17/2007 10:00:00 AM,0.1533204,59.20338,-112.2477,35.12405,0.1524809,0.6843344,1.394321,1.394321,0,0,0,1.394321,49.08012,0,0,0,0.6843344,1.467706,1.394321,0,0,4.438272,6.630829,0,0.783372,-0.783372,8.963767,64.02678,0.2161041,1.533753,0.5474675,0,7.315164
5/17/2007 11:00:00 AM,0.1482821,72.28746,-126.0381,24.12104,0.1474919,0.6619437,0,0,0,0,0,0,0,0,0,0,0.6619437,0,0,0,0,5.308686,5.847457,0.6619437,0,0.6619437,9.591742,68.5123,0.2160216,0,0.529555,0,6.509401
5/17/2007 12:00:00 PM,0.1677322,79.98574,-179.5413,19.04611,0.1668352,0.7487562,3.697357,3.697357,5,0,1.53,3.697357,20.25112,0,0,0,0.7487562,0,0,1.302643,1.237511,4.646742,6.443206,1.986267,0,1.986267,11.47608,81.97183,0.2161264,4.067092,0.5990049,5,7.191963
5/17/2007 1:00:00 PM,0.07494998,72.42198,126.321,24.01981,0.07456587,0.3346516,0,0,0,0,0,0,0,0,0,0,0.3346516,0,0,0,0,2.660475,8.230846,0.3346516,0,0.3346516,11.79356,84.23953,0.2160847,0,0.2677213,0,8.565498
5/17/2007 2:00:00 PM,0.1778006,59.35759,112.3276,34.98519,0.1768099,0.7935228,2.448249,2.448249,0,-1,0,2.448249,32.41186,0,0,0,0.7935228,2.577104,2.448249,0,0,2.325823,8.532033,0,1.783581,-1.783581,9.913499,70.81056,0.2160847,2.693074,0.6348183,0,9.325556
5/17/2007 3:00:00 PM,0.1757614,45.42019,108.0195,47.98263,0.1747132,0.784113,1.710657,1.710657,0,-1,0,1.710657,45.83696,0,2.220446E-16,0,0.784113,1.800691,1.710657,0,0,4.30758,6.748452,0,1.016578,-1.016578,8.841931,63.15652,0.2160847,1.881722,0.6272904,0,7.532565
5/17/2007 4:00:00 PM,0.09752052,31.27353,106.8519,61.7194,0.09692772,0.4350116,4.115423,3.33,0,-1,0,3.33,13.06341,0,0.7854231,1.196965,0.4350116,3.505263,3.33,0,0,5.437111,5.731874,0,3.070251,-3.070251,5.605602,40.03994,0.2160847,4.526966,0.3480093,0,6.166886
5/17/2007 5:00:00 PM,0.02137966,17.10239,107.2537,75.76318,0.02125691,0.09540101,1.810459,1.810459,0,-1,0,1.810459,5.269438,0,2.220446E-16,0,0.09540101,1.905746,1.810459,0,0,8.848502,2.661623,0,1.810345,-1.810345,3.69733,26.40945,0.2160847,1.991505,0.07632081,0,2.757024
5/17/2007 6:00:00 PM,0.04063006,3.008125,108.8002,89.92524,0.02386938,0.1071258,4.552651,0.9104828,0,-1,0,0.9104828,11.76582,0,3.642169,4.178849,0.1071258,0.958403,0.9104828,0,0,10.86,0.8512772,0,0.8512772,-0.8512772,2.800006,20,0.2160847,5.007916,0.08570064,0,0.958403
5/17/2007 7:00:00 PM,0,0,111.5187,90,0,0,5.621875,0,0,-1,0,0,0,0,5.621875,6.184062,0,0,0,0,0,11.80586,0,0,0,0,2.800006,20,0.2160847,6.184062,0,0,0
5/17/2007 8:00:00 PM,0,0,115.7901,90,0,0,4.592393,0,0,-1,0,0,0,0,4.592393,5.051632,0,0,0,0,0,11.80586,0,0,0,0,2.800006,20,0.2160847,5.051632,0,0,0
5/17/2007 9:00:00 PM,0,0,122.5103,90,0,0,3.232112,0,0,-1,0,0,0,0,3.232112,3.555323,0,0,0,0,0,11.80586,0,0,0,0,2.800006,20,0.2160847,3.555323,0,0,0
5/17/2007 10:00:00 PM,0,0,133.5349,90,0,0,0,0,0,-1,0,0,0,0,0,0,0,0,0,0,0,11.80586,0,0,0,0,2.800006,20,0.2160847,0,0,0,0
5/17/2007 11:00:00 PM,0,0,152.1228,90,0,0,0.7445006,0,0,-1,0,0,0,0,0.7445006,0.8189506,0,0,0,0,0,11.80586,0,0,0,0,2.800006,20,0.2160847,0.8189506,0,0,0
5/18/2007 12:00:00 AM,0,0,179.823,90,0,0,0,0,0,-1,0,0,0,0,0,0,0,0,0,0,0,11.80586,0,0,0,0,2.800006,20,0.2160847,0,0,0,0
5/18/2007 1:00:00 AM,0,0,-152.6088,90,0,0,0.006537322,0,0,-1,0,0,0,0,0.006537322,0.007191055,0,0,0,0,0,11.80586,0,0,0,0,2.800006,20,0.2160847,0.007191055,0,0,0
5/18/2007 2:00:00 AM,0,0,-133.9681,90,0,0,0.7366571,0,0,-1,0,0,0,0,0.7366571,0.8103228,0,0,0,0,0,11.80586,0,0,0,0,2.800006,20,0.2160847,0.8103228,0,0,0
5/18/2007 3:00:00 AM,0,0,-122.8666,90,0,0,0.1710168,0,0,-1,0,0,0,0,0.1710168,0.1881184,0,0,0,0,0,11.80586,0,0,0,0,2.800006,20,0.2160847,0.1881184,0,0,0
5/18/2007 4:00:00 AM,0,0,-116.0922,90,0,0,0,0,0,-1,0,0,0,0,0,0,0,0,0,0,0,11.80586,0,0,0,0,2.800006,20,0.2160847,0,0,0,0
5/18/2007 5:00:00 AM,0,0,-111.7887,90,0,0,1.120776,1.120776,4.626039,0,1.427909,1.120776,0,0,0,0,0,0,0,3.505263,3.33,11.80586,0,3.33,0,3.33,5.959121,42.56506,0.2162598,1.232853,0,5,0
5/18/2007 6:00:00 AM,0.04396896,2.880848,-109.0553,90.08894,0.01910947,0.08576329,0.6610911,0.6610911,4.166354,0,1.302415,0.6610911,12.97299,0,0,0,0.08576329,0,0,3.505263,3.33,8.475861,2.997,3.415763,0,3.415763,9.199598,65.71129,0.2163435,0.7272002,0.06861063,5,3.082763
5/18/2007 7:00:00 AM,0.20309,16.95477,-107.5083,75.94665,0.1852998,0.8316257,3.409255,3.409255,5,0,1.53,3.409255,24.39318,2.220446E-16,0,0,0.8316257,0,0,1.590745,1.511208,5.060097,6.071187,2.342833,0,2.342833,11.4222,81.58702,0.2164669,3.750181,0.6653005,5,6.902812
5/18/2007 8:00:00 AM,0.1181017,31.10612,-107.1212,61.92359,0.1173464,0.5266505,2.251085,2.251085,0,0,0,2.251085,23.39541,0,0,0,0.5266505,2.369564,2.251085,0,0,2.717264,8.179737,0,1.842913,-1.842913,9.479605,67.71133,0.2164669,2.476194,0.4213205,0,8.706388
5/18/2007 9:00:00 AM,0.2977905,45.2308,-108.322,48.21079,0.2950146,1.324026,5.976418,3.33,0,-1,0,3.33,39.76053,4.440892E-16,2.646419,3.244061,1.324026,3.505263,3.33,0,0,4.764945,6.336824,0,2.181237,-2.181237,7.180378,51.28831,0.2164669,6.57406,1.05922,0,7.66085
5/18/2007 10:00:00 AM,0.3629808,59.13916,-112.6849,35.24262,0.3599305,1.615368,4.37697,4.37697,5,0,1.53,4.37697,36.90608,0,0,0,1.615368,0,0,0.6230302,0.5918787,7.188542,4.155586,2.207247,0,2.207247,9.274356,66.24527,0.2165681,4.814667,1.292294,5,5.770954
5/18/2007 11:00:00 AM,0.412049,72.15817,-126.6733,24.30381,0.4086649,1.834088,0,0,3.31285,0,1.069408,0,0,0,0,0,1.834088,0,0,3.31285,3.147207,4.981296,6.142108,4.981296,0,4.981296,14.00003,100,0.2163095,0,1.467271,5,7.976197
5/18/2007 12:00:00 PM,0.2307047,79.75268,-179.5285,19.27916,0.229426,1.029664,0.6538553,0.6538553,0,0,0,0.6538553,157.4758,0.3413953,0,0,1.029664,0.6882687,0.6538553,0,0,0,10.62527,0,0,0,14.00003,100,0.2163095,0.7192408,0.8237312,0,11.65494
5/18/2007 1:00:00 PM,0.207988,72.29865,126.9736,24.19811,0.206839,0.9282935,2.147683,2.147683,0,0,0,2.147683,43.22303,0,0,0,0.9282935,2.260719,2.147683,0,0,0,10.62527,0,1.332425,-1.332425,12.59553,89.96788,0.2163095,2.362451,0.7426348,0,11.55357
5/18/2007 2:00:00 PM,0.2673178,59.30103,112.7709,35.097,0.265702,1.192471,4.90243,3.33,0,-1,0,3.33,35.80993,0,1.572429,2.062672,1.192471,3.505263,3.33,0,0,1.480472,9.29285,0,2.312793,-2.312793,10.15763,72.55437,0.2163095,5.392673,0.9539764,0,10.48532
5/18/2007 3:00:00 PM,0.05614489,45.39739,108.3499,48.05151,0.055851,0.2506593,2.216928,2.216928,0,-1,0,2.216928,11.3066,0,4.440892E-16,0,0.2506593,2.333609,2.216928,0,0,4.050242,6.980057,0,2.08295,-2.08295,7.962009,56.87138,0.2163095,2.438622,0.2005274,0,7.230716
5/18/2007 4:00:00 PM,0.1803191,31.27385,107.1246,61.75882,0.1788749,0.8027907,2.26674,2.26674,0,-1,0,2.26674,35.41608,0,0,0,0.8027907,2.386042,2.26674,0,0,6.36463,4.897107,0,1.583252,-1.583252,6.293116,44.95074,0.2163095,2.493414,0.6422325,0,5.699897
5/18/2007 5:00:00 PM,0.1184841,17.12215,107.4967,75.77956,0.1166236,0.5234066,2.020475,2.020475,0,-1,0,2.020475,25.90512,0,0,0,0.5234066,2.126816,2.020475,0,0,8.123799,3.313855,0,1.60341,-1.60341,4.602973,32.87831,0.2163095,2.222523,0.4187253,0,3.837262
5/18/2007 6:00:00 PM,0.03825349,3.046743,109.0304,89.92119,0.02546807,0.1143007,9.877837,1.733509,0,-1,0,1.733509,6.593604,0,8.144328,9.218981,0.1143007,1.824746,1.733509,0,0,9.905365,1.710445,0,1.710445,-1.710445,2.800006,20,0.2163095,10.86562,0.09144057,0,1.824746
5/18/2007 7:00:00 PM,0,0,111.7483,90,0,0,1.980052,0,0,-1,0,0,0,0,1.980052,2.178058,0,0,0,0,0,11.80586,0,0,0,0,2.800006,20,0.2163095,2.178058,0,0,0
5/18/2007 8:00:00 PM,0,0,116.0292,90,0,0,6.627692,0,0,-1,0,0,0,0,6.627692,7.290461,0,0,0,0,0,11.80586,0,0,0,0,2.800006,20,0.2163095,7.290461,0,0,0
5/18/2007 9:00:00 PM,0,0,122.766,90,0,0,4.234535,0,0,-1,0,0,0,0,4.234535,4.657989,0,0,0,0,0,11.80586,0,0,0,0,2.800006,20,0.2163095,4.657989,0,0,0
5/18/2007 10:00:00 PM,0,0,133.7998,90,0,0,1.194364,0,0,-1,0,0,0,0,1.194364,1.3138,0,0,0,0,0,11.80586,0,0,0,0,2.800006,20,0.2163095,1.3138,0,0,0
5/18/2007 11:00:00 PM,0,0,152.331,90,0,0,0.3117432,0,0,-1,0,0,0,0,0.3117432,0.3429175,0,0,0,0,0,11.80586,0,0,0,0,2.800006,20,0.2163095,0.3429175,0,0,0
5/19/2007 12:00:00 AM,0,0,179.8109,90,0,0,0.4865379,0,0,-1,0,0,0,0,0.4865379,0.5351917,0,0,0,0,0,11.80586,0,0,0,0,2.800006,20,0.2163095,0.5351917,0,0,0
5/19/2007 1:00:00 AM,0,0,-152.8255,90,0,0,0,0,0,-1,0,0,0,0,0,0,0,0,0,0,0,11.80586,0,0,0,0,2.800006,20,0.2163095,0,0,0,0
5/19/2007 2:00:00 AM,0,0,-134.2355,90,0,0,1.06237,0,0,-1,0,0,0,0,1.06237,1.168607,0,0,0,0,0,11.80586,0,0,0,0,2.800006,20,0.2163095,1.168607,0,0,0
5/19/2007 3:00:00 AM,0,0,-123.1219,90,0,0,0.02302873,0,0,-1,0,0,0,0,0.02302873,0.0253316,0,0,0,0,0,11.80586,0,0,0,0,2.800006,20,0.2163095,0.0253316,0,0,0
5/19/2007 4:00:00 AM,0,0,-116.3294,90,0,0,0,0,0,-1,0,0,0,0,0,0,0,0,0,0,0,11.80586,0,0,0,0,2.800006,20,0.2163095,0,0,0,0
5/19/2007 5:00:00 AM,0,0,-112.0152,90,0,0,0.617783,0.617783,4.123046,0,1.290592,0.617783,0,0,0,0,0,0,0,3.505263,3.33,11.80586,0,3.33,0,3.33,5.959121,42.56506,0.2163956,0.6795613,0,5,0
5/19/2007 6:00:00 AM,0.04778024,2.908211,-109.2813,90.09535,0.01545095,0.06934389,0.1480066,0.1480066,3.65327,0,1.162343,0.1480066,46.8519,4.440892E-16,0,0,0.06934389,0,0,3.505263,3.33,8.475861,2.997,3.399344,0,3.399344,9.184022,65.60002,0.2163918,0.1628072,0.05547511,5,3.066344
5/19/2007 7:00:00 AM,0.2335473,16.96341,-107.7459,75.97316,0.20533,0.9215212,2.772592,2.772592,5,0,1.53,2.772592,33.23682,0,0,0,0.9215212,0,0,2.227408,2.116038,5.076516,6.056409,3.037559,0,3.037559,12.0657,86.18343,0.216553,3.049851,0.7372169,5,6.977931
5/19/2007 8:00:00 AM,0.3617567,31.09552,-107.3865,61.97263,0.3441363,1.544484,1.801998,1.801998,0,0,0,1.801998,85.70954,0,2.220446E-16,0,1.544484,1.896839,1.801998,0,0,2.038957,8.790213,0,0.3523557,-0.3523557,11.69429,83.53046,0.216553,1.982197,1.235587,0,10.3347
5/19/2007 9:00:00 AM,0.770986,45.19742,-108.6413,48.28839,0.7262474,3.259398,1.552185,1.552185,0,-1,0,1.552185,209.9877,0,0,0,3.259398,1.633879,1.552185,0,0,2.430464,8.437857,1.625519,0,1.625519,13.23639,94.54546,0.2163534,1.707404,2.607519,0,11.69726
5/19/2007 10:00:00 AM,0.8230247,59.07284,-113.1085,35.36127,0.7867884,3.531106,7.011386,7.011386,4.421532,0,1.372078,7.011386,50.36246,6.661338E-16,0,0,3.531106,2.726162,2.589854,0,0,0.8049446,9.900824,0.8049446,0,0.8049446,14.00003,100,0.2163819,7.712524,2.824885,5,13.43193
5/19/2007 11:00:00 AM,0.9012855,72.02814,-127.2801,24.48436,0.8668614,3.890474,2.679902,2.679902,0,0,0,2.679902,145.1723,1.069525,0,0,3.890474,2.820949,2.679902,0,0,0,10.62527,0,0,0,14.00003,100,0.2163819,2.947892,3.112379,0,14.51575
5/19/2007 12:00:00 PM,0.8004593,79.52531,-179.5037,19.50651,0.7758623,3.48207,1.207281,1.207281,0,0,0,1.207281,288.4225,2.211248,0,0,3.48207,1.270822,1.207281,0,0,0,10.62527,0,0,0,14.00003,100,0.2163819,1.328009,2.785656,0,14.10734
5/19/2007 1:00:00 PM,0.5999483,72.17825,127.6061,24.37141,0.588541,2.641372,0,0,0,0,0,0,0,2.641372,0,0,2.641372,0,0,0,0,0,10.62527,0,0,0,14.00003,100,0.2163819,0,2.113098,0,13.26665
5/19/2007 2:00:00 PM,0.5935702,59.24668,113.2031,35.20505,0.5778647,2.593457,0,0,0,-1,0,0,0,2.593457,0,0,2.593457,0,0,0,0,0,10.62527,0,0,0,14.00003,100,0.2163819,0,2.074765,0,13.21873
5/19/2007 3:00:00 PM,0.4832261,45.37656,108.6724,48.11722,0.4679612,2.10021,0,0,0,-1,0,0,0,2.10021,0,0,2.10021,0,0,0,0,0,10.62527,0,0,0,14.00003,100,0.2163819,0,1.680168,0,12.72548
5/19/2007 4:00:00 PM,0.4750603,31.27595,107.3907,61.79544,0.4382668,1.966941,2.108104,2.108104,0,-1,0,2.108104,93.30378,0,4.440892E-16,0,1.966941,2.219057,2.108104,0,0,0,10.62527,0,0.2521162,-0.2521162,13.73427,98.10176,0.2163819,2.318915,1.573553,0,12.59222
5/19/2007 5:00:00 PM,0.2148455,17.14349,107.7336,75.79342,0.1937707,0.8696431,2.097622,2.097622,0,-1,0,2.097622,41.45852,0,4.440892E-16,0,0.8696431,2.208023,2.097622,0,0,0.2801291,10.37316,0,1.33838,-1.33838,12.3235,88.0248,0.2163819,2.307384,0.6957145,0,11.2428
5/19/2007 6:00:00 PM,0.02590073,3.08669,109.2546,89.91489,0.02396343,0.1075479,0,0,0,-1,0,0,0,0,0,0,0.1075479,0,0,0,0,1.767218,9.034778,0.1075479,0,0.1075479,12.42553,88.75359,0.2163687,0,0.08603829,0,9.142325
5/19/2007 7:00:00 PM,0,0,111.9716,90,0,0,1.539843,1.539843,0,-1,0,1.539843,0,0,2.220446E-16,0,0,1.620887,1.539843,0,0,1.65967,9.131571,0,1.620887,-1.620887,10.71696,76.54957,0.2163687,1.693827,0,0,9.131571
5/19/2007 8:00:00 PM,0,0,116.2613,90,0,0,0,0,0,-1,0,0,0,0,0,0,0,0,0,0,0,3.460656,7.510684,0,0,0,10.71696,76.54957,0.2163687,0,0,0,7.510684
5/19/2007 9:00:00 PM,0,0,123.0133,90,0,0,2.15958,2.15958,0,-1,0,2.15958,0,0,0,0,0,2.273242,2.15958,0,0,3.460656,7.510684,0,2.273242,-2.273242,8.320754,59.43383,0.2163687,2.375538,0,0,7.510684
5/19/2007 10:00:00 PM,0,0,134.0544,90,0,0,0.1810902,0.1810902,0,-1,0,0.1810902,0,0,0,0,0,0.1906213,0.1810902,0,0,5.986481,5.237442,0,0.1906213,-0.1906213,8.119822,57.99861,0.2163687,0.1991993,0,0,5.237442
5/19/2007 11:00:00 PM,0,0,152.5279,90,0,0,0.627161,0.627161,0,-1,0,0.627161,0,0,1.110223E-16,0,0,0.6601694,0.627161,0,0,6.198282,5.04682,0,0.6601694,-0.6601694,7.423942,53.02805,0.2163687,0.689877,0,0,5.04682
5/20/2007 12:00:00 AM,0,0,179.7944,90,0,0,0.9890702,0.9890702,0,-1,0,0.9890702,0,0,2.220446E-16,0,0,1.041127,0.9890702,0,0,6.931804,4.386651,0,1.041127,-1.041127,6.326498,45.18918,0.2163687,1.087977,0,0,4.386651
5/20/2007 1:00:00 AM,0,0,-153.0385,90,0,0,0.9378221,0.9378221,0,-1,0,0.9378221,0,0,1.110223E-16,0,0,0.9871811,0.9378221,0,0,8.088612,3.345524,0,0.9871811,-0.9871811,5.285917,37.75648,0.2163687,1.031604,0,0,3.345524
5/20/2007 2:00:00 AM,0,0,-134.4971,90,0,0,0.789965,0.789965,0,-1,0,0.789965,0,0,1.110223E-16,0,0,0.8315421,0.789965,0,0,9.185479,2.358343,0,0.8315421,-0.8315421,4.409395,31.49562,0.2163687,0.8689616,0,0,2.358343
5/20/2007 3:00:00 AM,0,0,-123.3715,90,0,0,1.309741,1.309741,0,-1,0,1.309741,0,0,2.220446E-16,0,0,1.378675,1.309741,0,0,10.10942,1.526801,0,1.378675,-1.378675,2.956144,21.11527,0.2163687,1.440715,0,0,1.526801
5/20/2007 4:00:00 AM,0,0,-116.5611,90,0,0,0.6059518,0.1407199,0,-1,0,0.1407199,0,0,0.4652319,0.5258271,0,0.1481262,0.1407199,0,0,11.64128,0.1481262,0,0.1481262,-0.1481262,2.800006,20,0.2163687,0.6665469,0,0,0.1481262
5/20/2007 5:00:00 AM,0,0,-112.2365,90,0,0,1.287184,1.287184,4.792447,0,1.473338,1.287184,0,4.440892E-16,0,0,0,0,0,3.505263,3.33,11.80586,0,3.33,0,3.33,5.959121,42.56506,0.2165626,1.415902,0,5,0
5/20/2007 6:00:00 AM,0.05450057,2.932487,-109.502,90.10397,0.008845544,0.03969881,1.04556,1.04556,4.550823,0,1.407375,1.04556,3.796894,0,0,0,0.03969881,0,0,3.505263,3.33,8.475861,2.997,3.369699,0,3.369699,9.155898,65.39914,0.2167159,1.150116,0.03175904,5,3.036699
5/20/2007 7:00:00 AM,0.2677636,16.96919,-107.9777,76.00159,0.2279306,1.022952,0.1172645,0.1172645,3.622528,0,1.15395,0.1172645,872.3466,0,0,0,1.022952,0,0,3.505263,3.33,5.106162,6.029729,4.352952,0,4.352952,13.28547,94.89603,0.2165899,0.1289909,0.818362,5,7.052681
5/20/2007 8:00:00 AM,0.4605879,31.08229,-107.645,62.0232,0.4251963,1.908281,3.805045,3.805045,2.707726,0,0.9042094,3.805045,50.15134,0,0,0,1.908281,1.155072,1.097318,0,0,0.7532089,9.947386,0.7532089,0,0.7532089,14.00003,100,0.2166203,4.185549,1.526625,5,11.85567
5/20/2007 9:00:00 AM,0.7073641,45.16168,-108.9517,48.36695,0.6664895,2.991205,2.357502,2.357502,0,-1,0,2.357502,126.8803,0.5096245,0,0,2.991205,2.48158,2.357502,0,0,0,10.62527,0,0,0,14.00003,100,0.2166203,2.593252,2.392964,0,13.61648
5/20/2007 10:00:00 AM,0.6615173,59.0046,-113.5186,35.47984,0.6391454,2.868484,0.6632727,0.6632727,0,0,0,0.6632727,432.4744,2.170303,0,0,2.868484,0.6981817,0.6632727,0,0,0,10.62527,0,0,0,14.00003,100,0.2166203,0.7296,2.294788,0,13.49376
5/20/2007 11:00:00 AM,0.8910845,71.89766,-127.8591,24.6625,0.8567945,3.845294,4.347207,4.347207,1.25,0,0.50625,4.347207,88.45435,0.5850762,0,0,3.845294,3.260217,3.097207,0,0,0,10.62527,0,0,0,14.00003,100,0.2166203,4.781927,3.076235,5,14.47057
5/20/2007 12:00:00 PM,0.9436874,79.30368,-179.4677,19.72811,0.9083243,4.07656,6.405613,6.405613,3.075613,0,1.004642,6.405613,63.64042,0.5712962,0,0,4.07656,3.505263,3.33,0,0,0,10.62527,0,0,0,14.00003,100,0.2166203,7.046175,3.261247,5,14.70183
5/20/2007 1:00:00 PM,0.8672386,72.06094,128.2189,24.53964,0.8347044,3.746153,0,0,0,0,0,0,0,3.746153,0,0,3.746153,0,0,0,0,0,10.62527,0,0,0,14.00003,100,0.2166203,0,2.996922,0,14.37143
5/20/2007 2:00:00 PM,0.9093505,59.19461,113.6242,35.30926,0.8673107,3.89249,0.7660062,0.7660062,0,-1,0,0.7660062,508.1539,3.086168,0,0,3.89249,0.8063223,0.7660062,0,0,0,10.62527,0,0,0,14.00003,100,0.2166203,0.8426068,3.113992,0,14.51777
5/20/2007 3:00:00 PM,0.6777475,45.35774,108.9868,48.17973,0.6397724,2.871299,1.819925,1.819925,0,-1,0,1.819925,157.7702,0.955588,0,0,2.871299,1.915711,1.819925,0,0,0,10.62527,0,0,0,14.00003,100,0.2166203,2.001918,2.297039,0,13.49657
5/20/2007 4:00:00 PM,0.5028484,31.27984,107.6501,61.82925,0.4615454,2.071416,0.6835793,0.6835793,0,-1,0,0.6835793,303.025,1.351859,0,0,2.071416,0.7195572,0.6835793,0,0,0,10.62527,0,0,0,14.00003,100,0.2166203,0.7519373,1.657133,0,12.69669
5/20/2007 5:00:00 PM,0.2540476,17.16639,107.9644,75.80479,0.2194815,0.9850328,1.332788,1.332788,0,-1,0,1.332788,73.90769,0,0,0,0.9850328,1.402935,1.332788,0,0,0,10.62527,0,0.4179019,-0.4179019,13.55952,96.85352,0.2166203,1.466067,0.7880263,0,11.61031
5/20/2007 6:00:00 PM,0.03355821,3.127925,109.4728,89.90637,0.02684051,0.1204602,2.028022,2.028022,0,-1,0,2.028022,5.939789,0,0,0,0.1204602,2.134759,2.028022,0,0,0.4643354,10.20737,0,2.014299,-2.014299,11.43626,81.68743,0.2166203,2.230824,0.09636816,0,10.32783
5/20/2007 7:00:00 PM,0,0,112.1886,90,0,0,11.88751,3.33,0,-1,0,3.33,0,0,8.557511,9.746263,0,3.505263,3.33,0,0,2.702446,8.193073,0,3.505263,-3.505263,7.741391,55.29554,0.2166203,13.07626,0,0,8.193073
5/20/2007 8:00:00 PM,0,0,116.4864,90,0,0,0,0,0,-1,0,0,0,0,0,0,0,0,0,0,0,6.597183,4.68781,0,0,0,7.741391,55.29554,0.2166203,0,0,0,4.68781
5/20/2007 9:00:00 PM,0,0,123.2522,90,0,0,2.514433,2.514433,0,-1,0,2.514433,0,0,4.440892E-16,0,0,2.646772,2.514433,0,0,6.597183,4.68781,0,2.646772,-2.646772,4.951448,35.36742,0.2166203,2.765877,0,0,4.68781
5/20/2007 10:00:00 PM,0,0,134.2985,90,0,0,1.136281,1.136281,0,-1,0,1.136281,0,0,2.220446E-16,0,0,1.196085,1.136281,0,0,9.53804,2.041038,0,1.196085,-1.196085,3.690664,26.36184,0.2166203,1.249909,0,0,2.041038
5/20/2007 11:00:00 PM,0,0,152.7138,90,0,0,1.006445,0.8027055,0,-1,0,0.8027055,0,0,0.2037393,0.3043838,0,0.8449531,0.8027055,0,0,10.86702,0.8449531,0,0.8449531,-0.8449531,2.800006,20,0.2166203,1.107089,0,0,0.8449531
5/21/2007 12:00:00 AM,0,0,179.7737,90,0,0,0.683946,0,0,-1,0,0,0,0,0.683946,0.7523406,0,0,0,0,0,11.80586,0,0,0,0,2.800006,20,0.2166203,0.7523406,0,0,0
5/21/2007 1:00:00 AM,0,0,-153.2476,90,0,0,0,0,0,-1,0,0,0,0,0,0,0,0,0,0,0,11.80586,0,0,0,0,2.800006,20,0.2166203,0,0,0,0
5/21/2007 2:00:00 AM,0,0,-134.7527,90,0,0,0.2043405,0,0,-1,0,0,0,0,0.2043405,0.2247746,0,0,0,0,0,11.80586,0,0,0,0,2.800006,20,0.2166203,0.2247746,0,0,0
5/21/2007 3:00:00 AM,0,0,-123.6153,90,0,0,1.238799,0,0,-1,0,0,0,0,1.238799,1.362679,0,0,0,0,0,11.80586,0,0,0,0,2.800006,20,0.2166203,1.362679,0,0,0
5/21/2007 4:00:00 AM,0,0,-116.7875,90,0,0,0,0,0,-1,0,0,0,0,0,0,0,0,0,0,0,11.80586,0,0,0,0,2.800006,20,0.2166203,0,0,0,0
5/21/2007 5:00:00 AM,0,0,-112.4524,90,0,0,0,0,0,0,0,0,0,0,0,0,0,0,0,0,0,11.80586,0,0,0,0,2.800006,20,0.2166203,0,0,0,0
5/21/2007 6:00:00 AM,0.04418025,2.953706,-109.7172,90.11478,0.01963983,0.08814355,0.9274229,0.9274229,4.432686,0,1.375123,0.9274229,9.504138,0,0,0,0.08814355,0,0,3.505263,3.33,11.80586,0,3.418144,0,3.418144,6.042741,43.16235,0.2167467,1.020165,0.07051484,5,0.08814355
5/21/2007 7:00:00 AM,0.1826603,16.97217,-108.2035,76.03185,0.1703155,0.7643759,0.07973582,0.07973582,3.584999,0,1.143705,0.07973582,958.6355,4.440892E-16,0,0,0.7643759,0,0,3.505263,3.33,8.387716,3.076329,4.094376,0,4.094376,9.927008,70.90705,0.2166463,0.08770941,0.6115007,5,3.840705
5/21/2007 8:00:00 AM,0.3996894,31.06651,-107.8965,62.07521,0.3747651,1.681946,0,0,2.748837,0,0.9154325,0,0,0,0,0,1.681946,0,0,2.748837,2.611395,4.293341,6.761268,4.293341,0,4.293341,14.00003,100,0.2163803,0,1.345557,5,8.443213
5/21/2007 9:00:00 AM,0.5758101,45.1237,-109.2532,48.44636,0.5486409,2.462301,1.884731,1.884731,0,-1,0,1.884731,130.6447,0.478373,0,0,2.462301,1.983927,1.884731,0,0,0,10.62527,0,0,0,14.00003,100,0.2163803,2.073204,1.96984,0,13.08757
5/21/2007 10:00:00 AM,0.6560903,58.9346,-113.915,35.59818,0.6338934,2.844913,0,0,0,0,0,0,0,2.844913,0,0,2.844913,0,0,0,0,0,10.62527,0,0,0,14.00003,100,0.2163803,0,2.275931,0,13.47019
5/21/2007 11:00:00 AM,0.6767932,71.767,-128.4107,24.83807,0.659315,2.959006,0,0,0,0,0,0,0,2.959006,0,0,2.959006,0,0,0,0,0,10.62527,0,0,0,14.00003,100,0.2163803,0,2.367204,0,13.58428
5/21/2007 12:00:00 PM,0.6728199,79.08788,-179.4213,19.94387,0.6574746,2.950746,0,0,0,0,0,0,0,2.950746,0,0,2.950746,0,0,0,0,0,10.62527,0,0,0,14.00003,100,0.2163803,0,2.360597,0,13.57602
5/21/2007 1:00:00 PM,0.674419,71.94686,128.8125,24.70272,0.6571899,2.949468,1.492383,1.492383,0,0,0,1.492383,197.6348,1.378539,0,0,2.949468,1.570929,1.492383,0,0,0,10.62527,0,0,0,14.00003,100,0.2163803,1.641621,2.359575,0,13.57474
5/21/2007 2:00:00 PM,0.7207119,59.14492,114.0344,35.40955,0.6923843,3.107421,0.1381429,0.1381429,0,-1,0,0.1381429,2249.426,2.962007,0,0,3.107421,0.1454135,0.1381429,0,0,0,10.62527,0,0,0,14.00003,100,0.2163803,0.1519571,2.485937,0,13.73269
5/21/2007 3:00:00 PM,0.6409464,45.34097,109.2932,48.239,0.606299,2.72107,5.274655,3.33,0,-1,0,3.33,81.71381,0,1.944655,2.47212,2.72107,3.505263,3.33,0,0,0,10.62527,0,0.7841933,-0.7841933,13.17342,94.09564,0.2163803,5.80212,2.176856,0,13.34634
5/21/2007 4:00:00 PM,0.4841275,31.28554,107.9027,61.86025,0.4450163,1.997233,4.595746,3.33,0,-1,0,3.33,59.97697,0,1.265746,1.72532,1.997233,3.505263,3.33,0,0,0.8713259,9.841081,0,1.50803,-1.50803,11.58381,82.74136,0.2163803,5.05532,1.597787,0,11.83831
5/21/2007 5:00:00 PM,0.2379811,17.19083,108.189,75.81367,0.2086115,0.9362484,4.084347,3.33,0,-1,0,3.33,28.11557,4.440892E-16,0.754347,1.162782,0.9362484,3.505263,3.33,0,0,2.546915,8.333051,0,2.569015,-2.569015,8.875834,63.39868,0.2163803,4.492782,0.7489988,0,9.2693
5/21/2007 6:00:00 PM,0.04141315,3.170405,109.6849,89.89568,0.02493989,0.1119302,6.439795,3.33,0,-1,0,3.33,3.361268,0,3.109796,3.753775,0.1119302,3.505263,3.33,0,0,5.401375,5.764036,0,3.393333,-3.393333,5.298946,37.84954,0.2163803,7.083775,0.08954418,0,5.875967
5/21/2007 7:00:00 PM,0,0,112.3992,90,0,0,0,0,0,-1,0,0,0,0,0,0,0,0,0,0,0,9.171745,2.370703,0,0,0,5.298946,37.84954,0.2163803,0,0,0,2.370703
5/21/2007 8:00:00 PM,0,0,116.7042,90,0,0,0.9884634,0.9884634,0,-1,0,0.9884634,0,0,1.110223E-16,0,0,1.040488,0.9884634,0,0,9.171745,2.370703,0,1.040488,-1.040488,4.202176,30.01548,0.2163803,1.08731,0,0,2.370703
5/21/2007 9:00:00 PM,0,0,123.4826,90,0,0,0.2714139,0.2714139,0,-1,0,0.2714139,0,0,0,0,0,0.2856988,0.2714139,0,0,10.32784,1.330216,0,0.2856988,-0.2856988,3.901023,27.86439,0.2163803,0.2985553,0,0,1.330216
5/21/2007 10:00:00 PM,0,0,134.5324,90,0,0,0.3739053,0.3739053,0,-1,0,0.3739053,0,0,0,0,0,0.3935845,0.3739053,0,0,10.64529,1.044517,0,0.3935845,-0.3935845,3.486149,24.90101,0.2163803,0.4112958,0,0,1.044517
5/21/2007 11:00:00 PM,0,0,152.8889,90,0,0,0,0,0,-1,0,0,0,0,0,0,0,0,0,0,0,11.0826,0.6509323,0,0,0,3.486149,24.90101,0.2163803,0,0,0,0.6509323
5/22/2007 12:00:00 AM,0,0,179.7487,90,0,0,0.1536938,0.1536938,0,-1,0,0.1536938,0,0,0,0,0,0.161783,0.1536938,0,0,11.0826,0.6509323,0,0.161783,-0.161783,3.315614,23.68291,0.2163803,0.1690632,0,0,0.6509323
5/22/2007 1:00:00 AM,0,0,-153.4529,90,0,0,0.5106418,0.4646919,0,-1,0,0.4646919,0,0,0.0459499,0.09701408,0,0.4891493,0.4646919,0,0,11.26236,0.4891493,0,0.4891493,-0.4891493,2.800006,20,0.2163803,0.5617059,0,0,0.4891493
5/22/2007 2:00:00 AM,0,0,-135.0026,90,0,0,0.6016982,0,0,-1,0,0,0,0,0.6016982,0.661868,0,0,0,0,0,11.80586,0,0,0,0,2.800006,20,0.2163803,0.661868,0,0,0
5/22/2007 3:00:00 AM,0,0,-123.8533,90,0,0,0.5692084,0,0,-1,0,0,0,0,0.5692084,0.6261293,0,0,0,0,0,11.80586,0,0,0,0,2.800006,20,0.2163803,0.6261293,0,0,0
5/22/2007 4:00:00 AM,0,0,-117.0083,90,0,0,0.330331,0,0,-1,0,0,0,0,0.330331,0.3633641,0,0,0,0,0,11.80586,0,0,0,0,2.800006,20,0.2163803,0.3633641,0,0,0
5/22/2007 5:00:00 AM,0,0,-112.663,90,0,0,1.458765,1.458765,4.964028,0,1.52018,1.458765,0,0,0,0,0,0,0,3.505263,3.33,11.80586,0,3.33,0,3.33,5.959121,42.56506,0.2165716,1.604642,0,5,0
5/22/2007 6:00:00 AM,0.008795401,2.971901,-109.9269,90.12771,0.008659258,0.03886275,0.4370254,0.4370254,3.942289,0,1.241245,0.4370254,8.892561,0,0,0,0.03886275,0,0,3.505263,3.33,8.475861,2.997,3.368863,0,3.368863,9.155105,65.39348,0.2166201,0.480728,0.0310902,5,3.035863
5/22/2007 7:00:00 AM,0.1315367,16.97241,-108.4232,76.0639,0.1284541,0.5765023,0,0,3.505263,0,1.121937,0,0,0,0,0,0.5765023,0,0,3.505263,3.33,5.106997,6.028976,3.906502,0,3.906502,12.86114,91.86509,0.21653,0,0.4612018,5,6.605479
5/22/2007 8:00:00 AM,0.1818304,31.04826,-108.1409,62.12857,0.1803023,0.8091968,0,0,0,0,0,0,0,0,0,0,0.8091968,0,0,0,0,1.200495,9.544828,0.8091968,0,0.8091968,13.62881,97.34845,0.2164326,0,0.6473575,0,10.35402
5/22/2007 9:00:00 AM,0.4065328,45.08358,-109.5455,48.52649,0.3978537,1.785568,0,0,0,-1,0,0,0,1.394269,0,0,1.785568,0,0,0,0,0.3912984,10.27311,0.3912984,0,0.3912984,14.00003,100,0.2163856,0,1.428454,0,12.05867
5/22/2007 10:00:00 AM,0.5239103,58.86304,-114.2976,35.71614,0.5130752,2.302681,0,0,0,0,0,0,0,2.302681,0,0,2.302681,0,0,0,0,0,10.62527,0,0,0,14.00003,100,0.2163856,0,1.842145,0,12.92796
5/22/2007 11:00:00 AM,0.684491,71.63644,-128.9354,25.0109,0.6661096,2.9895,2.939416,2.939416,0,0,0,2.939416,101.7039,0,0,0,2.9895,3.094122,2.939416,0,0,0,10.62527,0,0.1046224,-0.1046224,13.88975,99.21227,0.2163856,3.233358,2.3916,0,13.61477
5/22/2007 12:00:00 PM,0.703765,78.87794,-179.3653,20.15376,0.6858237,3.077976,3.375354,3.375354,1.25,0,0.50625,3.375354,91.18974,0.7245145,0,0,3.077976,2.237215,2.125354,0,0,0.1162472,10.52065,0.1162472,0,0.1162472,14.00003,100,0.2163716,3.712889,2.462381,5,13.59863
5/22/2007 1:00:00 PM,0.6443013,71.83616,129.3874,24.86058,0.6291811,2.823765,1.740723,1.740723,0,0,0,1.740723,162.218,0.9914253,0,0,2.823765,1.83234,1.740723,0,0,0,10.62527,0,0,0,14.00003,100,0.2163716,1.914795,2.259012,0,13.44904
5/22/2007 2:00:00 PM,0.6985611,59.09768,114.4335,35.50588,0.6719909,3.015895,0,0,0,-1,0,0,0,3.015895,0,0,3.015895,0,0,0,0,0,10.62527,0,0,0,14.00003,100,0.2163716,0,2.412716,0,13.64117
5/22/2007 3:00:00 PM,0.492157,45.32628,109.5915,48.29499,0.4752342,2.132851,1.031694,1.031694,0,-1,0,1.031694,206.7329,1.046857,0,0,2.132851,1.085994,1.031694,0,0,0,10.62527,0,0,0,14.00003,100,0.2163716,1.134864,1.706281,0,12.75813
5/22/2007 4:00:00 PM,0.2564729,31.29303,108.1486,61.88842,0.251675,1.129518,3.586588,3.33,0,-1,0,3.33,33.91945,4.440892E-16,0.2565879,0.6152467,1.129518,3.505263,3.33,0,0,0,10.62527,0,2.375746,-2.375746,11.49577,82.1125,0.2163716,3.945247,0.9036141,0,11.75479
5/22/2007 5:00:00 PM,0.08246961,17.2168,108.4074,75.82008,0.08175443,0.3669139,2.86931,2.86931,0,-1,0,2.86931,12.78753,0,4.440892E-16,0,0.3669139,3.020326,2.86931,0,0,2.639717,8.249529,0,2.653412,-2.653412,8.69883,62.13438,0.2163716,3.156241,0.2935311,0,8.616443
5/22/2007 6:00:00 PM,0.02588687,3.214085,109.8908,89.88285,0.02413215,0.1083051,4.565783,3.33,0,-1,0,3.33,3.252405,0,1.235783,1.692362,0.1083051,3.505263,3.33,0,0,5.587953,5.596116,0,3.396958,-3.396958,5.118122,36.55794,0.2163716,5.022362,0.08664408,0,5.704422
5/22/2007 7:00:00 PM,0,0,112.6034,90,0,0,7.119082,2.0892,0,-1,0,2.0892,0,0,5.029882,5.74179,0,2.199158,2.0892,0,0,9.362351,2.199158,0,2.199158,-2.199158,2.800006,20,0.2163716,7.830991,0,0,2.199158
5/22/2007 8:00:00 PM,0,0,116.915,90,0,0,0,0,0,-1,0,0,0,0,0,0,0,0,0,0,0,11.80586,0,0,0,0,2.800006,20,0.2163716,0,0,0,0
5/22/2007 9:00:00 PM,0,0,123.7046,90,0,0,8.94974,0,0,-1,0,0,0,0,8.94974,9.844714,0,0,0,0,0,11.80586,0,0,0,0,2.800006,20,0.2163716,9.844714,0,0,0
5/22/2007 10:00:00 PM,0,0,134.7562,90,0,0,0.5650387,0,0,-1,0,0,0,0,0.5650387,0.6215426,0,0,0,0,0,11.80586,0,0,0,0,2.800006,20,0.2163716,0.6215426,0,0,0
5/22/2007 11:00:00 PM,0,0,153.0535,90,0,0,1.802571,0,0,-1,0,0,0,0,1.802571,1.982828,0,0,0,0,0,11.80586,0,0,0,0,2.800006,20,0.2163716,1.982828,0,0,0
5/23/2007 12:00:00 AM,0,0,179.7197,90,0,0,0.3309494,0,0,-1,0,0,0,0,0.3309494,0.3640443,0,0,0,0,0,11.80586,0,0,0,0,2.800006,20,0.2163716,0.3640443,0,0,0
5/23/2007 1:00:00 AM,0,0,-153.6545,90,0,0,0.6337115,0,0,-1,0,0,0,0,0.6337115,0.6970826,0,0,0,0,0,11.80586,0,0,0,0,2.800006,20,0.2163716,0.6970826,0,0,0
5/23/2007 2:00:00 AM,0,0,-135.2465,90,0,0,0.1695514,0,0,-1,0,0,0,0,0.1695514,0.1865065,0,0,0,0,0,11.80586,0,0,0,0,2.800006,20,0.2163716,0.1865065,0,0,0
5/23/2007 3:00:00 AM,0,0,-124.0856,90,0,0,0.7500917,0,0,-1,0,0,0,0,0.7500917,0.8251009,0,0,0,0,0,11.80586,0,0,0,0,2.800006,20,0.2163716,0.8251009,0,0,0
5/23/2007 4:00:00 AM,0,0,-117.2236,90,0,0,0.01426924,0,0,-1,0,0,0,0,0.01426924,0.01569616,0,0,0,0,0,11.80586,0,0,0,0,2.800006,20,0.2163716,0.01569616,0,0,0
5/23/2007 5:00:00 AM,0,0,-112.8682,90,0,0,1.404403,1.404403,4.909666,0,1.505339,1.404403,0,0,0,0,0,0,0,3.505263,3.33,11.80586,0,3.33,0,3.33,5.959121,42.56506,0.2165617,1.544843,0,5,0
5/23/2007 6:00:00 AM,0.03290914,2.987105,-110.131,90.14273,0.02583403,0.1159431,0,0,3.505263,0,1.121937,0,0,0,0,0,0.1159431,0,0,3.505263,3.33,8.475861,2.997,3.445943,0,3.445943,9.22823,65.91579,0.2165273,0,0.09275449,5,3.112943
5/23/2007 7:00:00 AM,0.1886643,16.96995,-108.6369,76.09766,0.1743324,0.7824038,3.707275,3.707275,5,0,1.53,3.707275,21.10455,0,0,0,0.7824038,0,0,1.292725,1.228089,5.029917,6.098349,2.010493,0,2.010493,11.13555,79.53949,0.216628,4.078002,0.625923,5,6.880753
5/23/2007 8:00:00 AM,0.469216,31.02763,-108.3782,62.18319,0.4309603,1.93415,3.083027,3.083027,4.114038,0,1.288132,3.083027,62.73542,0,0,0,1.93415,0,0,1.031011,0.97946,3.019424,7.907793,2.91361,0,2.91361,13.89964,99.28297,0.2167592,3.39133,1.54732,5,9.841943
5/23/2007 9:00:00 AM,0.4577324,45.04145,-109.8287,48.60722,0.4441624,1.993401,0,0,0,-1,0,0,0,1.887587,0,0,1.993401,0,0,0,0,0.1058142,10.53004,0.1058142,0,0.1058142,14.00003,100,0.2167465,0,1.594721,0,12.52344
5/23/2007 10:00:00 AM,0.5563198,58.79008,-114.6665,35.83355,0.5427834,2.436012,6.96717,6.96717,4.652958,0,1.435258,6.96717,34.96415,0,0,0,2.436012,2.436012,2.314211,0,0,0,10.62527,0,0,0,14.00003,100,0.2167465,7.663887,1.94881,5,13.06129
5/23/2007 11:00:00 AM,0.5155063,71.50623,-129.4338,25.18084,0.5082908,2.281209,1.770351,1.770351,0,0,0,1.770351,128.8563,0.4176812,0,0,2.281209,1.863528,1.770351,0,0,0,10.62527,0,0,0,14.00003,100,0.2167465,1.947387,1.824967,0,12.90648
5/23/2007 12:00:00 PM,0.8574422,78.67393,-179.3004,20.35769,0.8266256,3.709896,0,0,0,0,0,0,0,3.709896,0,0,3.709896,0,0,0,0,0,10.62527,0,0,0,14.00003,100,0.2167465,0,2.967917,0,14.33517
5/23/2007 1:00:00 PM,0.7634753,71.72898,129.9441,25.01315,0.7380733,3.312473,0.9752747,0.9752747,0,0,0,0.9752747,339.6452,2.285868,0,0,3.312473,1.026605,0.9752747,0,0,0,10.62527,0,0,0,14.00003,100,0.2167465,1.072802,2.649979,0,13.93775
5/23/2007 2:00:00 PM,0.5853104,59.05297,114.8216,35.59818,0.5694083,2.555505,0,0,0,-1,0,0,0,2.555505,0,0,2.555505,0,0,0,0,0,10.62527,0,0,0,14.00003,100,0.2167465,0,2.044404,0,13.18078
5/23/2007 3:00:00 PM,0.6995335,45.3137,109.8817,48.34768,0.6579928,2.953072,1.871054,1.871054,0,-1,0,1.871054,157.8293,0.983541,0,0,2.953072,1.969531,1.871054,0,0,0,10.62527,0,0,0,14.00003,100,0.2167465,2.05816,2.362458,0,13.57835
5/23/2007 4:00:00 PM,0.4639742,31.30232,108.3875,61.91377,0.4272525,1.917509,2.117773,2.117773,0,-1,0,2.117773,90.54366,0,0,0,1.917509,2.229235,2.117773,0,0,0,10.62527,0,0.3117257,-0.3117257,13.67144,97.65295,0.2167465,2.32955,1.534007,0,12.54278
5/23/2007 5:00:00 PM,0.1604055,17.24425,108.6194,75.82405,0.1534967,0.688893,2.334896,2.334896,0,-1,0,2.334896,29.50422,0,0,0,0.688893,2.457786,2.334896,0,0,0.3463619,10.31355,0,1.768893,-1.768893,11.80686,84.33457,0.2167465,2.568386,0.5511144,0,11.00244
5/23/2007 6:00:00 PM,0.05539664,3.258919,110.0905,89.86793,0.01366163,0.06131339,0,0,0,-1,0,0,0,0,0,0,0.06131339,0,0,0,0,2.311798,8.544656,0.06131339,0,0.06131339,11.86503,84.75005,0.2167392,0,0.04905071,0,8.605969
5/23/2007 7:00:00 PM,0,0,112.8011,90,0,0,6.727774,3.33,0,-1,0,3.33,0,0,3.397774,4.070551,0,3.505263,3.33,0,0,2.250485,8.599838,0,3.505263,-3.505263,8.170159,58.35816,0.2167392,7.400551,0,0,8.599838
5/23/2007 8:00:00 PM,0,0,117.1185,90,0,0,5.132081,3.33,0,-1,0,3.33,0,0,1.802081,2.315289,0,3.505263,3.33,0,0,6.145222,5.094575,0,3.505263,-3.505263,4.475287,31.96627,0.2167392,5.645289,0,0,5.094575
5/23/2007 9:00:00 PM,0,0,123.9181,90,0,0,3.845406,1.509846,0,-1,0,1.509846,0,0,2.33556,2.720101,0,1.589312,1.509846,0,0,10.03996,1.589312,0,1.589312,-1.589312,2.800006,20,0.2167392,4.229947,0,0,1.589312
5/23/2007 10:00:00 PM,0,0,134.9698,90,0,0,1.181126,0,0,-1,0,0,0,0,1.181126,1.299239,0,0,0,0,0,11.80586,0,0,0,0,2.800006,20,0.2167392,1.299239,0,0,0
5/23/2007 11:00:00 PM,0,0,153.2078,90,0,0,1.12037,0,0,-1,0,0,0,0,1.12037,1.232407,0,0,0,0,0,11.80586,0,0,0,0,2.800006,20,0.2167392,1.232407,0,0,0
5/24/2007 12:00:00 AM,0,0,179.6869,90,0,0,1.41031,0,0,-1,0,0,0,0,1.41031,1.551341,0,0,0,0,0,11.80586,0,0,0,0,2.800006,20,0.2167392,1.551341,0,0,0
5/24/2007 1:00:00 AM,0,0,-153.8524,90,0,0,1.203584,0,0,-1,0,0,0,0,1.203584,1.323942,0,0,0,0,0,11.80586,0,0,0,0,2.800006,20,0.2167392,1.323942,0,0,0
5/24/2007 2:00:00 AM,0,0,-135.4846,90,0,0,0.3490689,0,0,-1,0,0,0,0,0.3490689,0.3839758,0,0,0,0,0,11.80586,0,0,0,0,2.800006,20,0.2167392,0.3839758,0,0,0
5/24/2007 3:00:00 AM,0,0,-124.312,90,0,0,0.4727239,0,0,-1,0,0,0,0,0.4727239,0.5199963,0,0,0,0,0,11.80586,0,0,0,0,2.800006,20,0.2167392,0.5199963,0,0,0
5/24/2007 4:00:00 AM,0,0,-117.4333,90,0,0,1.525176,0,0,-1,0,0,0,0,1.525176,1.677693,0,0,0,0,0,11.80586,0,0,0,0,2.800006,20,0.2167392,1.677693,0,0,0
5/24/2007 5:00:00 AM,0,0,-113.0678,90,0,0,0.7769569,0.7769569,4.28222,0,1.334046,0.7769569,0,0,0,0,0,0,0,3.505263,3.33,11.80586,0,3.33,0,3.33,5.959121,42.56506,0.2168483,0.8546526,0,5,0
5/24/2007 6:00:00 AM,0.05057393,2.999356,-110.3295,90.15981,0.01337768,0.06003904,0.9496952,0.9496952,4.454958,0,1.381204,0.9496952,6.321927,0,0,0,0.06003904,0,0,3.505263,3.33,8.475861,2.997,3.390039,0,3.390039,9.175195,65.53697,0.2169787,1.044665,0.04803123,5,3.057039
5/24/2007 7:00:00 AM,0.265969,16.96487,-108.8445,76.13309,0.2248892,1.009303,1.087995,1.087995,4.593258,0,1.418959,1.087995,92.76721,0,0,0,1.009303,0,0,3.505263,3.33,5.085821,6.048035,4.339303,0,4.339303,13.29182,94.94137,0.2170185,1.196795,0.8074421,5,7.057338
5/24/2007 8:00:00 AM,0.4861401,31.0047,-108.6084,62.23898,0.444711,1.995863,0.5146583,0.5146583,0,0,0,0.5146583,387.8035,0.7075987,0,0,1.995863,0.5417456,0.5146583,0,0,0.7465186,9.953407,0.7465186,0,0.7465186,14.00003,100,0.2169296,0.5661241,1.59669,0,11.94927
5/24/2007 9:00:00 AM,0.6518868,44.99743,-110.1026,48.68845,0.6142588,2.756793,4.148094,3.33,0,-1,0,3.33,82.78659,0,0.8180937,1.232903,2.756793,3.505263,3.33,0,0,0,10.62527,0,0.7484696,-0.7484696,13.21107,94.36461,0.2169296,4.562903,2.205435,0,13.38207
5/24/2007 10:00:00 AM,0.7487236,58.71589,-115.0215,35.95027,0.7162282,3.214432,3.908155,3.908155,1.644495,0,0.6139472,3.908155,82.24936,0,0,0,3.214432,2.382799,2.263659,0,0,0.8316329,9.876804,0.8316329,0,0.8316329,14.00003,100,0.2168963,4.29897,2.571546,5,13.09124
5/24/2007 11:00:00 AM,1.016276,71.37662,-129.9064,25.34773,0.9726607,4.365301,0.01596103,0.01596103,0,0,0,0.01596103,27349.74,4.3485,0,0,4.365301,0.01680109,0.01596103,0,0,0,10.62527,0,0,0,14.00003,100,0.2168963,0.01755713,3.492241,0,14.99058
5/24/2007 12:00:00 PM,0.8830972,78.47591,-179.227,20.55563,0.8498579,3.814162,0,0,0,0,0,0,0,3.814162,0,0,3.814162,0,0,0,0,0,10.62527,0,0,0,14.00003,100,0.2168963,0,3.05133,0,14.43944
5/24/2007 1:00:00 PM,0.9486613,71.62544,130.4831,25.16036,0.9086271,4.077919,3.051495,3.051495,1.25,0,0.50625,3.051495,133.6367,2.181608,0,0,4.077919,1.89631,1.801495,0,0,0,10.62527,0,0,0,14.00003,100,0.2168963,3.356644,3.262335,5,14.70319
5/24/2007 2:00:00 PM,0.8352409,59.01085,115.1987,35.68639,0.7956025,3.570664,0,0,0,-1,0,0,0,3.570664,0,0,3.570664,0,0,0,0,0,10.62527,0,0,0,14.00003,100,0.2168963,0,2.856531,0,14.19594
5/24/2007 3:00:00 PM,0.6720924,45.30327,110.1636,48.39704,0.6327255,2.839672,0,0,0,-1,0,0,0,2.839672,0,0,2.839672,0,0,0,0,0,10.62527,0,0,0,14.00003,100,0.2168963,0,2.271737,0,13.46495
5/24/2007 4:00:00 PM,0.465599,31.31341,108.6196,61.93629,0.4282226,1.921863,0.5186772,0.5186772,0,-1,0,0.5186772,370.5316,1.375887,0,0,1.921863,0.545976,0.5186772,0,0,0,10.62527,0,0,0,14.00003,100,0.2168963,0.5705449,1.53749,0,12.54714
5/24/2007 5:00:00 PM,0.2321013,17.27317,108.8251,75.82559,0.2042538,0.9166912,4.172009,3.33,0,-1,0,3.33,27.52826,0,0.8420092,1.25921,0.9166912,3.505263,3.33,0,0,0,10.62527,0,2.588572,-2.588572,11.27143,80.51008,0.2168963,4.58921,0.733353,0,11.54197
5/24/2007 6:00:00 PM,0.03593108,3.304858,110.284,89.85095,0.02781788,0.1248467,0.327655,0.327655,0,-1,0,0.327655,38.10308,0,5.551115E-17,0,0.1248467,0.3449,0.327655,0,0,2.876191,8.036702,0,0.2200534,-0.2200534,11.03948,78.85325,0.2168963,0.3604205,0.09987733,0,8.161549
5/24/2007 7:00:00 PM,0,0,112.9922,90,0,0,0,0,0,-1,0,0,0,0,0,0,0,0,0,0,0,3.120695,7.816649,0,0,0,11.03948,78.85325,0.2168963,0,0,0,7.816649
5/24/2007 8:00:00 PM,0,0,117.3148,90,0,0,3.155215,3.155215,0,-1,0,3.155215,0,0,4.440892E-16,0.1407366,0,3.321279,3.155215,0,0,3.120695,7.816649,0,3.321279,-3.321279,7.538541,53.84662,0.2168963,3.470737,0,0,7.816649
5/24/2007 9:00:00 PM,0,0,124.1233,90,0,0,3.898219,3.33,0,-1,0,3.33,0,0,0.5682194,0.9580414,0,3.505263,3.33,0,0,6.811005,4.49537,0,3.505263,-3.505263,3.84367,27.45473,0.2168963,4.288042,0,0,4.49537
5/24/2007 10:00:00 PM,0,0,135.1735,90,0,0,0.801958,0.801958,0,-1,0,0.801958,0,0,0,0,0,0.8441663,0.801958,0,0,10.70574,0.9901066,0,0.8441663,-0.8441663,2.95384,21.09882,0.2168963,0.8821538,0,0,0.9901066
5/24/2007 11:00:00 PM,0,0,153.352,90,0,0,0.6582892,0.1386433,0,-1,0,0.1386433,0,0,0.5196459,0.5854748,0,0.1459403,0.1386433,0,0,11.6437,0.1459403,0,0.1459403,-0.1459403,2.800006,20,0.2168963,0.7241181,0,0,0.1459403
5/25/2007 12:00:00 AM,0,0,179.6504,90,0,0,0.6731284,0,0,-1,0,0,0,0,0.6731284,0.7404413,0,0,0,0,0,11.80586,0,0,0,0,2.800006,20,0.2168963,0.7404413,0,0,0
5/25/2007 1:00:00 AM,0,0,-154.0467,90,0,0,0.7630227,0,0,-1,0,0,0,0,0.7630227,0.839325,0,0,0,0,0,11.80586,0,0,0,0,2.800006,20,0.2168963,0.839325,0,0,0
5/25/2007 2:00:00 AM,0,0,-135.7169,90,0,0,0.768039,0,0,-1,0,0,0,0,0.768039,0.8448429,0,0,0,0,0,11.80586,0,0,0,0,2.800006,20,0.2168963,0.8448429,0,0,0
5/25/2007 3:00:00 AM,0,0,-124.5325,90,0,0,0.09904604,0,0,-1,0,0,0,0,0.09904604,0.1089506,0,0,0,0,0,11.80586,0,0,0,0,2.800006,20,0.2168963,0.1089506,0,0,0
5/25/2007 4:00:00 AM,0,0,-117.6374,90,0,0,0,0,0,-1,0,0,0,0,0,0,0,0,0,0,0,11.80586,0,0,0,0,2.800006,20,0.2168963,0,0,0,0
5/25/2007 5:00:00 AM,0,0,-113.2619,90,0,0,0,0,0,0,0,0,0,0,0,0,0,0,0,0,0,11.80586,0,0,0,0,2.800006,20,0.2168963,0,0,0,0
5/25/2007 6:00:00 AM,0.03894568,3.008694,-110.5222,90.17889,0.02415599,0.1084121,0.7204445,0.7204445,4.225708,0,1.318618,0.7204445,15.04795,0,0,0,0.1084121,0,0,3.505263,3.33,11.80586,0,3.438412,0,3.438412,6.06197,43.2997,0.2169821,0.792489,0.08672968,5,0.1084121
5/25/2007 7:00:00 AM,0.2854019,16.95721,-109.0457,76.1701,0.2382433,1.069236,2.316727,2.316727,5,0,1.53,2.316727,46.15286,0,0,0,1.069236,0,0,2.683273,2.549109,8.367448,3.094571,3.618345,0,3.618345,9.494634,67.81867,0.2171661,2.5484,0.8553885,5,4.163806
5/25/2007 8:00:00 AM,0.3917148,30.97956,-108.8312,62.29585,0.3669738,1.646978,3.52553,3.52553,5,0,1.53,3.52553,46.71577,-2.220446E-16,0,0,1.646978,0,0,1.47447,1.400746,4.749103,6.351081,3.047725,0,3.047725,12.38596,88.47095,0.2173078,3.878083,1.317583,5,7.99806
5/25/2007 9:00:00 AM,0.6287432,44.95163,-110.3672,48.77003,0.5933142,2.662794,5.593383,3.33,0,-1,0,3.33,79.96379,4.440892E-16,2.263383,2.822721,2.662794,3.505263,3.33,0,0,1.701378,9.094034,0,0.8424689,-0.8424689,11.49792,82.12782,0.2173078,6.152721,2.130235,0,11.75683
5/25/2007 10:00:00 AM,0.7493531,58.64063,-115.3627,36.06615,0.7163584,3.215016,4.236155,4.236155,3.687472,0,1.17168,4.236155,75.89468,0,0,0,3.215016,0.5775614,0.5486833,0,0,2.637455,8.251565,2.637455,0,2.637455,14.00003,100,0.2173983,4.65977,2.572013,5,11.46658
5/25/2007 11:00:00 AM,0.7172815,71.24785,-130.3538,25.51144,0.6952026,3.12007,0,0,0,0,0,0,0,3.12007,0,0,3.12007,0,0,0,0,0,10.62527,0,0,0,14.00003,100,0.2173983,0,2.496056,0,13.74534
5/25/2007 12:00:00 PM,0.7598576,78.28391,-179.1458,20.74751,0.7363993,3.30496,4.391628,4.391628,1.251917,0,0.5067732,4.391628,75.25591,0,0,0,3.30496,3.30496,3.139712,0,0,0,10.62527,0,0,0,14.00003,100,0.2173983,4.830791,2.643968,5,13.93023
5/25/2007 1:00:00 PM,0.7773731,71.52568,131.0047,25.30216,0.7500234,3.366105,0.1519442,0.1519442,0,0,0,0.1519442,2215.355,3.206164,0,0,3.366105,0.1599413,0.1519442,0,0,0,10.62527,0,0,0,14.00003,100,0.2173983,0.1671387,2.692884,0,13.99138
5/25/2007 2:00:00 PM,0.7885059,58.97139,115.5648,35.77047,0.752186,3.375811,3.39401,3.33,0,-1,0,3.33,101.3757,0,0.06400958,0.4034106,3.375811,3.505263,3.33,0,0,0,10.62527,0,0.1294525,-0.1294525,13.86357,99.02532,0.2173983,3.733411,2.700649,0,14.00109
5/25/2007 3:00:00 PM,0.6341589,45.29499,110.4373,48.44304,0.5985748,2.686404,0.4712475,0.4712475,0,-1,0,0.4712475,570.0622,2.046518,0,0,2.686404,0.49605,0.4712475,0,0,0.1438361,10.49582,0.1438361,0,0.1438361,14.00003,100,0.2173813,0.5183722,2.149123,0,13.18223
5/25/2007 4:00:00 PM,0.2835091,31.32629,108.8446,61.95598,0.2761663,1.239434,2.0076,2.0076,0,-1,0,2.0076,61.73711,0,0,0,1.239434,2.113263,2.0076,0,0,0,10.62527,0,0.8738291,-0.8738291,13.07893,93.42075,0.2173813,2.20836,0.9915475,0,11.86471
5/25/2007 5:00:00 PM,0.1529592,17.30353,109.0244,75.82474,0.1473032,0.6610969,3.427477,3.33,0,-1,0,3.33,19.85276,0,0.09747727,0.440225,0.6610969,3.505263,3.33,0,0,0.9709212,9.751445,0,2.844166,-2.844166,10.08092,72.0064,0.2173813,3.770225,0.5288776,0,10.41254
5/25/2007 6:00:00 PM,0.02989247,3.351851,110.4712,89.83197,0.02668272,0.119752,3.049601,3.049601,0,-1,0,3.049601,3.92681,0,4.440892E-16,0.0245612,0.119752,3.210106,3.049601,0,0,4.131106,6.907279,0,3.090354,-3.090354,6.823397,48.73845,0.2173813,3.354561,0.09580164,0,7.027031
5/25/2007 7:00:00 PM,0,0,113.1768,90,0,0,2.924956,2.924956,0,-1,0,2.924956,0,0,4.440892E-16,0,0,3.078901,2.924956,0,0,7.564833,3.816925,0,3.078901,-3.078901,3.57795,25.55674,0.2173813,3.217452,0,0,3.816925
5/25/2007 8:00:00 PM,0,0,117.5039,90,0,0,0,0,0,-1,0,0,0,0,0,0,0,0,0,0,0,10.98583,0.7380234,0,0,0,3.57795,25.55674,0.2173813,0,0,0,0.7380234
5/25/2007 9:00:00 PM,0,0,124.32,90,0,0,3.046827,0.7011222,0,-1,0,0.7011222,0,0,2.345705,2.650388,0,0.7380234,0.7011222,0,0,10.98583,0.7380234,0,0.7380234,-0.7380234,2.800006,20,0.2173813,3.35151,0,0,0.7380234
5/25/2007 10:00:00 PM,0,0,135.3672,90,0,0,0.2889256,0,0,-1,0,0,0,0,0.2889256,0.3178182,0,0,0,0,0,11.80586,0,0,0,0,2.800006,20,0.2173813,0.3178182,0,0,0
5/25/2007 11:00:00 PM,0,0,153.4864,90,0,0,0.6659755,0,0,-1,0,0,0,0,0.6659755,0.732573,0,0,0,0,0,11.80586,0,0,0,0,2.800006,20,0.2173813,0.732573,0,0,0
5/26/2007 12:00:00 AM,0,0,179.6103,90,0,0,0,0,0,-1,0,0,0,0,0,0,0,0,0,0,0,11.80586,0,0,0,0,2.800006,20,0.2173813,0,0,0,0
5/26/2007 1:00:00 AM,0,0,-154.2372,90,0,0,0.780036,0,0,-1,0,0,0,0,0.780036,0.8580397,0,0,0,0,0,11.80586,0,0,0,0,2.800006,20,0.2173813,0.8580397,0,0,0
5/26/2007 2:00:00 AM,0,0,-135.9434,90,0,0,0,0,0,-1,0,0,0,0,0,0,0,0,0,0,0,11.80586,0,0,0,0,2.800006,20,0.2173813,0,0,0,0
5/26/2007 3:00:00 AM,0,0,-124.7471,90,0,0,0,0,0,-1,0,0,0,0,0,0,0,0,0,0,0,11.80586,0,0,0,0,2.800006,20,0.2173813,0,0,0,0
5/26/2007 4:00:00 AM,0,0,-117.8358,90,0,0,1.763818,0,0,-1,0,0,0,0,1.763818,1.9402,0,0,0,0,0,11.80586,0,0,0,0,2.800006,20,0.2173813,1.9402,0,0,0
5/26/2007 5:00:00 AM,0,0,-113.4504,90,0,0,0,0,0,0,0,0,0,0,0,0,0,0,0,0,0,11.80586,0,0,0,0,2.800006,20,0.2173813,0,0,0,0
5/26/2007 6:00:00 AM,0.01310411,3.01516,-110.7092,90.19992,0.01282532,0.05756005,0.2571579,0.2571579,3.762421,0,1.192141,0.2571579,22.38315,0,0,0,0.05756005,0,0,3.505263,3.33,11.80586,0,3.38756,0,3.38756,6.013727,42.95511,0.2173953,0.2828737,0.04604804,5,0.05756005
5/26/2007 7:00:00 AM,0.137029,16.94705,-109.2407,76.20862,0.1331824,0.5977228,2.116311,2.116311,4.955494,0,1.51785,2.116311,28.24361,0,0,0,0.5977228,0,0,2.839183,2.697224,8.418301,3.048804,3.294947,0,3.294947,9.139588,65.28264,0.2175673,2.327942,0.4781782,5,3.646527
5/26/2007 8:00:00 AM,0.3697599,30.95229,-109.0467,62.35372,0.3489023,1.565874,6.084573,6.084573,5,0,1.53,6.084573,25.73514,0,0,0,1.565874,1.141655,1.084573,0,0,5.123353,6.014256,0.4242182,0,0.4242182,9.542037,68.15727,0.2175835,6.69303,1.252699,5,7.58013
5/26/2007 9:00:00 AM,0.3141702,44.90417,-110.6223,48.85188,0.310608,1.394009,3.035666,3.035666,0,-1,0,3.035666,45.92102,0,4.440892E-16,0.00923197,1.394009,3.195437,3.035666,0,0,4.699135,6.396052,0,1.801429,-1.801429,7.643164,54.59392,0.2175835,3.339232,1.115207,0,7.790061
5/26/2007 10:00:00 AM,0.5782525,58.56449,-115.6901,36.18106,0.5621746,2.523039,0.5716638,0.5716638,0,0,0,0.5716638,441.3502,0,0,0,2.523039,0.6017514,0.5716638,0,0,6.700723,4.594624,1.921288,0,1.921288,9.465858,67.61314,0.2173571,0.6288302,2.018431,0,7.117663
5/26/2007 11:00:00 AM,0.7239317,71.12015,-130.7764,25.67181,0.7009503,3.145865,0,0,0,0,0,0,0,0,0,0,3.145865,0,0,0,0,4.779435,6.323783,3.145865,0,3.145865,12.45029,88.93044,0.2169874,0,2.516692,0,9.469647
5/26/2007 12:00:00 PM,0.6635681,78.09801,-179.0571,20.93329,0.6478135,2.907387,0,0,0,0,0,0,0,1.273817,0,0,2.907387,0,0,0,0,1.63357,9.155061,1.63357,0,1.63357,14.00003,100,0.2167959,0,2.32591,0,12.06245
5/26/2007 1:00:00 PM,0.5904251,71.4298,131.5093,25.43849,0.5785211,2.596403,0,0,0,0,0,0,0,2.596403,0,0,2.596403,0,0,0,0,0,10.62527,0,0,0,14.00003,100,0.2167959,0,2.077122,0,13.22168
5/26/2007 2:00:00 PM,0.4834291,58.93467,115.9199,35.85037,0.4749627,2.131633,3.16647,3.16647,0,-1,0,3.16647,67.3189,0,4.440892E-16,0.1531169,2.131633,3.333126,3.16647,0,0,0,10.62527,0,1.201494,-1.201494,12.73354,90.9537,0.2167959,3.483117,1.705306,0,12.75691
5/26/2007 3:00:00 PM,0.4471718,45.28891,110.7027,48.48567,0.4344864,1.949975,1.112471,1.112471,0,-1,0,1.112471,175.2832,0,0,0,1.949975,1.171023,1.112471,0,0,1.334993,9.42378,0.7789524,0,0.7789524,13.47252,96.23211,0.2167047,1.223719,1.55998,0,11.37376
5/26/2007 4:00:00 PM,0.2233479,31.34094,109.0626,61.97286,0.2204354,0.9893143,4.173418,3.33,0,-1,0,3.33,29.70914,0,0.8434178,1.26076,0.9893143,3.505263,3.33,0,0,0.5560405,10.12484,0,2.515949,-2.515949,10.82048,77.28898,0.2167047,4.59076,0.7914514,0,11.11415
5/26/2007 5:00:00 PM,0.1819729,17.33529,109.2172,75.82151,0.170164,0.7636958,3.714403,3.33,0,-1,0,3.33,22.93381,0,0.3844032,0.7558435,0.7636958,3.505263,3.33,0,0,3.351539,7.608889,0,2.741567,-2.741567,7.930613,56.64712,0.2167047,4.085844,0.6109567,0,8.372584
5/26/2007 6:00:00 PM,0.02825492,3.399845,110.652,89.81104,0.0259252,0.1163523,1.57507,1.57507,0,-1,0,1.57507,7.38712,0,0,0,0.1163523,1.657968,1.57507,0,0,6.397725,4.867321,0,1.541616,-1.541616,6.305607,45.03996,0.2167047,1.732577,0.09308182,0,4.983674
5/26/2007 7:00:00 PM,0,0,113.3548,90,0,0,0,0,0,-1,0,0,0,0,0,0,0,0,0,0,0,8.110632,3.325706,0,0,0,6.305607,45.03996,0.2167047,0,0,0,3.325706
5/26/2007 8:00:00 PM,0,0,117.6856,90,0,0,2.924618,2.924618,0,-1,0,2.924618,0,0,4.440892E-16,0.05765941,0,3.078545,2.924618,0,0,8.110632,3.325706,0,3.078545,-3.078545,3.060536,21.86092,0.2167047,3.21708,0,0,3.325706
5/26/2007 9:00:00 PM,0,0,124.5083,90,0,0,0,0,0,-1,0,0,0,0,0,0,0,0,0,0,0,11.53124,0.2471604,0,0,0,3.060536,21.86092,0.2167047,0,0,0,0.2471604
5/26/2007 10:00:00 PM,0,0,135.5512,90,0,0,0.484185,0.2348024,0,-1,0,0.2348024,0,0,0.2493826,0.2978011,0,0.2471604,0.2348024,0,0,11.53124,0.2471604,0,0.2471604,-0.2471604,2.800006,20,0.2167047,0.5326036,0,0,0.2471604
5/26/2007 11:00:00 PM,0,0,153.6112,90,0,0,0,0,0,-1,0,0,0,0,0,0,0,0,0,0,0,11.80586,0,0,0,0,2.800006,20,0.2167047,0,0,0,0
5/27/2007 12:00:00 AM,0,0,179.5668,90,0,0,0,0,0,-1,0,0,0,0,0,0,0,0,0,0,0,11.80586,0,0,0,0,2.800006,20,0.2167047,0,0,0,0
5/27/2007 1:00:00 AM,0,0,-154.4242,90,0,0,0.7756239,0,0,-1,0,0,0,0,0.7756239,0.8531864,0,0,0,0,0,11.80586,0,0,0,0,2.800006,20,0.2167047,0.8531864,0,0,0
5/27/2007 2:00:00 AM,0,0,-136.1641,90,0,0,1.849725,0,0,-1,0,0,0,0,1.849725,2.034698,0,0,0,0,0,11.80586,0,0,0,0,2.800006,20,0.2167047,2.034698,0,0,0
5/27/2007 3:00:00 AM,0,0,-124.9558,90,0,0,0.6938425,0,0,-1,0,0,0,0,0.6938425,0.7632267,0,0,0,0,0,11.80586,0,0,0,0,2.800006,20,0.2167047,0.7632267,0,0,0
5/27/2007 4:00:00 AM,0,0,-118.0284,90,0,0,0,0,0,-1,0,0,0,0,0,0,0,0,0,0,0,11.80586,0,0,0,0,2.800006,20,0.2167047,0,0,0,0
5/27/2007 5:00:00 AM,0,0,-113.6332,90,0,0,0.1029515,0.1029515,3.608215,0,1.150043,0.1029515,0,0,0,0,0,0,0,3.505263,3.33,11.80586,0,3.33,0,3.33,5.959121,42.56506,0.2167013,0.1132467,0,5,0
5/27/2007 6:00:00 AM,0.0470049,3.0188,-110.8902,90.22285,0.01729348,0.07761313,0.9039921,0.9039921,4.409255,0,1.368727,0.9039921,8.585598,0,0,0,0.07761313,0,0,3.505263,3.33,8.475861,2.997,3.407613,0,3.407613,9.191867,65.65606,0.2168196,0.9943913,0.0620905,5,3.074613
5/27/2007 7:00:00 AM,0.2304589,16.93445,-109.4293,76.2486,0.2007071,0.9007736,0,0,3.505263,0,1.121937,0,0,0,0,0,0.9007736,0,0,3.505263,3.33,5.068247,6.063852,4.230773,0,4.230773,13.20553,94.32504,0.2166944,0,0.7206189,5,6.964625
5/27/2007 8:00:00 AM,0.4299474,30.92299,-109.2548,62.41248,0.3970374,1.781904,3.803101,3.803101,2.905892,0,0.9583085,3.803101,46.85398,0,0,0,1.781904,0.9444306,0.897209,0,0,0.8374735,9.871548,0.8374735,0,0.8374735,14.00003,100,0.2167265,4.183411,1.425523,5,11.65345
5/27/2007 9:00:00 AM,0.6512883,44.85519,-110.868,48.93385,0.6123196,2.74809,5.946914,3.33,0,-1,0,3.33,82.52523,0,2.616914,3.211605,2.74809,3.505263,3.33,0,0,0,10.62527,0,0.7571729,-0.7571729,13.2019,94.29908,0.2167265,6.541605,2.198472,0,13.37336
5/27/2007 10:00:00 AM,0.8311166,58.48761,-116.0037,36.29483,0.7900687,3.545828,0,0,0,0,0,0,0,2.704525,0,0,3.545828,0,0,0,0,0.8413032,9.868101,0.8413032,0,0.8413032,14.00003,100,0.2166287,0,2.836663,0,13.41393
5/27/2007 11:00:00 AM,0.934044,70.99374,-131.1749,25.82872,0.8933008,4.009134,1.842028,1.842028,0,0,0,1.842028,217.6478,2.070157,0,0,4.009134,1.938977,1.842028,0,0,0,10.62527,0,0,0,14.00003,100,0.2166287,2.026231,3.207307,0,14.63441
5/27/2007 12:00:00 PM,1.062979,77.91824,-178.9616,21.11291,1.017633,4.567139,1.370342,1.370342,0,0,0,1.370342,333.2846,3.124674,0,0,4.567139,1.442465,1.370342,0,0,0,10.62527,0,0,0,14.00003,100,0.2166287,1.507376,3.653711,0,15.19241
5/27/2007 1:00:00 PM,1.055695,71.33791,131.9973,25.56928,1.008654,4.526841,5.313714,5.313714,1.983714,0,0.7065539,5.313714,85.19166,1.021578,0,0,4.526841,3.505263,3.33,0,0,0,10.62527,0,0,0,14.00003,100,0.2166287,5.845085,3.621473,5,15.15211
5/27/2007 2:00:00 PM,0.9072076,58.90071,116.264,35.92605,0.8614905,3.866369,1.417112,1.417112,0,-1,0,1.417112,272.8345,2.374673,0,0,3.866369,1.491697,1.417112,0,0,0,10.62527,0,0,0,14.00003,100,0.2166287,1.558823,3.093096,0,14.49164
5/27/2007 3:00:00 PM,0.7023757,45.28502,110.9597,48.52491,0.6587251,2.956358,0,0,0,-1,0,0,0,2.956358,0,0,2.956358,0,0,0,0,0,10.62527,0,0,0,14.00003,100,0.2166287,0,2.365087,0,13.58163
5/27/2007 4:00:00 PM,0.4530424,31.35737,109.2735,61.98692,0.4168769,1.870944,2.473677,2.473677,0,-1,0,2.473677,75.63411,0,0,0,1.870944,2.603871,2.473677,0,0,0,10.62527,0,0.7329271,-0.7329271,13.22746,94.48164,0.2166287,2.721045,1.496755,0,12.49622
5/27/2007 5:00:00 PM,0.2265216,17.36843,109.4035,75.81593,0.2003407,0.8991292,1.271432,1.271432,0,-1,0,1.271432,70.71783,0,2.220446E-16,0,0.8991292,1.33835,1.271432,0,0,0.8143635,9.892347,0,0.4392204,-0.4392204,12.76448,91.17464,0.2166287,1.398575,0.7193034,0,10.79148
5/27/2007 6:00:00 PM,0.05210947,3.448787,110.8265,89.78819,0.01990986,0.08935545,0,0,0,-1,0,0,0,0,0,0,0.08935545,0,0,0,0,1.302386,9.453127,0.08935545,0,0.08935545,12.84925,91.78014,0.2166183,0,0.07148436,0,9.542482
5/27/2007 7:00:00 PM,0,0,113.5261,90,0,0,3.414747,3.33,0,-1,0,3.33,0,0,0.08474674,0.4262214,0,3.505263,3.33,0,0,1.213031,9.533546,0,3.505263,-3.505263,9.154374,65.38826,0.2166183,3.756222,0,0,9.533546
5/27/2007 8:00:00 PM,0,0,117.8601,90,0,0,4.79071,3.33,0,-1,0,3.33,0,0,1.460711,1.939782,0,3.505263,3.33,0,0,5.107768,6.028284,0,3.505263,-3.505263,5.459502,38.99637,0.2166183,5.269782,0,0,6.028284
5/27/2007 9:00:00 PM,0,0,124.6882,90,0,0,0,0,0,-1,0,0,0,0,0,0,0,0,0,0,0,9.002504,2.52302,0,0,0,5.459502,38.99637,0.2166183,0,0,0,2.52302
5/27/2007 10:00:00 PM,0,0,135.7255,90,0,0,0.5952448,0.5952448,0,-1,0,0.5952448,0,0,1.110223E-16,0,0,0.6265735,0.5952448,0,0,9.002504,2.52302,0,0.6265735,-0.6265735,4.799036,34.27876,0.2166183,0.6547693,0,0,2.52302
5/27/2007 11:00:00 PM,0,0,153.7265,90,0,0,0,0,0,-1,0,0,0,0,0,0,0,0,0,0,0,9.698697,1.896447,0,0,0,4.799036,34.27876,0.2166183,0,0,0,1.896447
5/28/2007 12:00:00 AM,0,0,179.52,90,0,0,0.04757652,0.04757652,0,-1,0,0.04757652,0,0,6.938894E-18,0,0,0.05008054,0.04757652,0,0,9.698697,1.896447,0,0.05008054,-0.05008054,4.746246,33.90169,0.2166183,0.05233417,0,0,1.896447
5/28/2007 1:00:00 AM,0,0,-154.6075,90,0,0,0.3785952,0.3785952,0,-1,0,0.3785952,0,0,0,0,0,0.3985212,0.3785952,0,0,9.754342,1.846366,0,0.3985212,-0.3985212,4.326168,30.90114,0.2166183,0.4164547,0,0,1.846366
5/28/2007 2:00:00 AM,0,0,-136.3789,90,0,0,1.178032,1.178032,0,-1,0,1.178032,0,0,0,0,0,1.240034,1.178032,0,0,10.19714,1.447845,0,1.240034,-1.240034,3.019058,21.56465,0.2166183,1.295835,0,0,1.447845
5/28/2007 3:00:00 AM,0,0,-125.1586,90,0,0,1.036654,0.1974204,0,-1,0,0.1974204,0,0,0.8392331,0.9428985,0,0.207811,0.1974204,0,0,11.57496,0.207811,0,0.207811,-0.207811,2.800006,20,0.2166183,1.140319,0,0,0.207811
5/28/2007 4:00:00 AM,0,0,-118.2153,90,0,0,0,0,0,-1,0,0,0,0,0,0,0,0,0,0,0,11.80586,0,0,0,0,2.800006,20,0.2166183,0,0,0,0
5/28/2007 5:00:00 AM,0,0,-113.8102,90,0,0,0.4226243,0.4226243,3.927887,0,1.237313,0.4226243,0,0,0,0,0,0,0,3.505263,3.33,11.80586,0,3.33,0,3.33,5.959121,42.56506,0.216667,0.4648867,0,5,0
5/28/2007 6:00:00 AM,0.03508375,3.019659,-111.0654,90.24765,0.02566622,0.11519,0.924589,0.924589,4.429852,0,1.37435,0.924589,12.45851,0,0,0,0.11519,0,0,3.505263,3.33,8.475861,2.997,3.44519,0,3.44519,9.227515,65.91069,0.2167836,1.017048,0.09215199,5,3.11219
5/28/2007 7:00:00 AM,0.169218,16.91948,-109.6115,76.28994,0.1593806,0.7153003,3.262236,3.262236,5,0,1.53,3.262236,21.92669,0,0,0,0.7153003,0,0,1.737764,1.650875,5.03067,6.097671,2.366176,0,2.366176,11.47227,81.9446,0.2169012,3.58846,0.5722402,5,6.812971
5/28/2007 8:00:00 AM,0.1953479,30.89174,-109.4554,62.47205,0.1933956,0.8679596,0,0,0,0,0,0,0,0,0,0,0.8679596,0,0,0,0,2.664495,8.227229,0.8679596,0,0.8679596,12.29569,87.82615,0.2168007,0,0.6943676,0,9.095189
5/28/2007 9:00:00 AM,0.4608452,44.80478,-111.1042,49.01584,0.4459889,2.001598,1.927293,1.927293,0,-1,0,1.927293,103.8554,0,0,0,2.001598,2.028729,1.927293,0,0,1.796535,9.008393,0,0.02713108,-0.02713108,12.26709,87.62187,0.2168007,2.120022,1.601278,0,11.00999
5/28/2007 10:00:00 AM,0.7646645,58.41017,-116.3035,36.40734,0.7289199,3.271393,0.8914958,0.8914958,0,0,0,0.8914958,366.9555,0.5062954,0,0,3.271393,0.9384166,0.8914958,0,0,1.826681,8.981262,1.826681,0,1.826681,14.00003,100,0.2165897,0.9806454,2.617114,0,12.25265
5/28/2007 11:00:00 AM,0.4659854,70.86882,-131.5497,25.98203,0.4605646,2.067014,0.3272302,0.3272302,0,0,0,0.3272302,631.6698,1.722561,0,0,2.067014,0.3444528,0.3272302,0,0,0,10.62527,0,0,0,14.00003,100,0.2165897,0.3599532,1.653611,0,12.69229
5/28/2007 12:00:00 PM,0.4886677,77.74464,-178.8595,21.28632,0.4829657,2.16755,3.702393,3.702393,1.64322,0,0.6135991,3.702393,58.54458,0,0,0,2.16755,2.16755,2.059173,0,0,0,10.62527,0,0,0,14.00003,100,0.2165897,4.072632,1.73404,5,12.79282
5/28/2007 1:00:00 PM,0.7372795,71.25011,132.4691,25.69451,0.7126296,3.198282,3.811595,3.811595,1.25,0,0.50625,3.811595,83.90926,0.5018656,0,0,3.198282,2.696416,2.561595,0,0,0,10.62527,0,0,0,14.00003,100,0.2165897,4.192755,2.558625,5,13.82356
5/28/2007 2:00:00 PM,0.659334,58.8696,116.5971,35.99747,0.63489,2.849386,3.335446,3.33,0,-1,0,3.33,85.56715,0,0.005446204,0.3389908,2.849386,3.505263,3.33,0,0,0,10.62527,0,0.6558769,-0.6558769,13.30867,95.06176,0.2165897,3.668991,2.279509,0,13.47466
5/28/2007 3:00:00 PM,0.5193676,45.28334,111.2083,48.56074,0.4978069,2.234157,2.321131,2.321131,0,-1,0,2.321131,96.25298,0,0,0,2.234157,2.443295,2.321131,0,0,0.7287521,9.969398,0,0.2091378,-0.2091378,13.08822,93.48711,0.2165897,2.553243,1.787326,0,12.20355
5/28/2007 4:00:00 PM,0.3104968,31.37555,109.4773,61.99819,0.2997377,1.345223,0,0,0,-1,0,0,0,0.3840952,0,0,1.345223,0,0,0,0,0.9611276,9.76026,0.9611276,0,0.9611276,14.00003,100,0.2164788,0,1.076178,0,11.10548
5/28/2007 5:00:00 PM,0.117995,17.40289,109.5832,75.80805,0.1161157,0.5211273,0,0,0,-1,0,0,0,0.5211273,0,0,0.5211273,0,0,0,0,0,10.62527,0,0,0,14.00003,100,0.2164788,0,0.4169019,0,11.1464
5/28/2007 6:00:00 PM,0.03492564,3.498621,110.9945,89.76348,0.02882023,0.1293452,2.970638,2.970638,0,-1,0,2.970638,4.354122,0,4.440892E-16,0,0.1293452,3.126987,2.970638,0,0,0,10.62527,0,2.997642,-2.997642,10.84024,77.4301,0.2164788,3.267702,0.1034762,0,10.75462
5/28/2007 7:00:00 PM,0,0,113.6907,90,0,0,3.821523,3.33,0,-1,0,3.33,0,0,0.4915233,0.8736756,0,3.505263,3.33,0,0,3.330713,7.627632,0,3.505263,-3.505263,7.145364,51.03821,0.2164788,4.203676,0,0,7.627632
5/28/2007 8:00:00 PM,0,0,118.0273,90,0,0,1.970676,1.970676,0,-1,0,1.970676,0,0,2.220446E-16,0,0,2.074396,1.970676,0,0,7.22545,4.122369,0,2.074396,-2.074396,4.958759,35.41963,0.2164788,2.167744,0,0,4.122369
5/28/2007 9:00:00 PM,0,0,124.8598,90,0,0,5.640727,1.945574,0,-1,0,1.945574,0,0,3.695153,4.259225,0,2.047973,1.945574,0,0,9.530334,2.047973,0,2.047973,-2.047973,2.800006,20,0.2164788,6.2048,0,0,2.047973
5/28/2007 10:00:00 PM,0,0,135.8902,90,0,0,1.033622,0,0,-1,0,0,0,0,1.033622,1.136984,0,0,0,0,0,11.80586,0,0,0,0,2.800006,20,0.2164788,1.136984,0,0,0
5/28/2007 11:00:00 PM,0,0,153.8327,90,0,0,0.1871191,0,0,-1,0,0,0,0,0.1871191,0.205831,0,0,0,0,0,11.80586,0,0,0,0,2.800006,20,0.2164788,0.205831,0,0,0
5/29/2007 12:00:00 AM,0,0,179.47,90,0,0,0,0,0,-1,0,0,0,0,0,0,0,0,0,0,0,11.80586,0,0,0,0,2.800006,20,0.2164788,0,0,0,0
5/29/2007 1:00:00 AM,0,0,-154.7872,90,0,0,0,0,0,-1,0,0,0,0,0,0,0,0,0,0,0,11.80586,0,0,0,0,2.800006,20,0.2164788,0,0,0,0
5/29/2007 2:00:00 AM,0,0,-136.5878,90,0,0,0.7144761,0,0,-1,0,0,0,0,0.7144761,0.7859237,0,0,0,0,0,11.80586,0,0,0,0,2.800006,20,0.2164788,0.7859237,0,0,0
5/29/2007 3:00:00 AM,0,0,-125.3553,90,0,0,0,0,0,-1,0,0,0,0,0,0,0,0,0,0,0,11.80586,0,0,0,0,2.800006,20,0.2164788,0,0,0,0
5/29/2007 4:00:00 AM,0,0,-118.3963,90,0,0,0.4465748,0,0,-1,0,0,0,0,0.4465748,0.4912323,0,0,0,0,0,11.80586,0,0,0,0,2.800006,20,0.2164788,0.4912323,0,0,0
5/29/2007 5:00:00 AM,0,0,-113.9815,90,0,0,0,0,0,0,0,0,0,0,0,0,0,0,0,0,0,11.80586,0,0,0,0,2.800006,20,0.2164788,0,0,0,0
5/29/2007 6:00:00 AM,0.02165663,3.017786,-111.2346,90.27424,0.02071756,0.09298039,0,0,0,0,0,0,0,0,0,0,0.09298039,0,0,0,0,11.80586,0,0.09298039,0,0.09298039,2.888215,20.63006,0.2164681,0,0.07438432,0,0.09298039
5/29/2007 7:00:00 AM,0.2942077,16.90219,-109.7872,76.3326,0.2429015,1.090142,3.207863,3.207863,5,0,1.53,3.207863,33.98344,0,0,0,1.090142,0,0,1.792137,1.702531,11.71288,0.08368235,2.792673,0,2.792673,5.537576,39.55404,0.2166027,3.528649,0.8721136,5,1.173824
5/29/2007 8:00:00 AM,0.3383861,30.85863,-109.6485,62.53233,0.3224783,1.447283,7.536354,7.536354,5,0,1.53,7.536354,19.20402,0,0,0.5477725,1.447283,2.669846,2.536354,0,0,8.920207,2.597088,0,1.222564,-1.222564,4.248881,30.34909,0.2166027,8.289989,1.157826,5,4.04437
5/29/2007 9:00:00 AM,0.6591805,44.75307,-111.3309,49.09773,0.6184286,2.775508,1.359224,1.359224,0,-1,0,1.359224,204.198,0,0,0,2.775508,1.430762,1.359224,0,0,10.27861,1.374524,1.344746,0,1.344746,5.524619,39.46148,0.2164479,1.495147,2.220406,0,4.150032
5/29/2007 10:00:00 AM,0.8215913,58.33232,-116.5895,36.51845,0.7803712,3.502306,4.069801,4.069801,5,0,1.53,4.069801,86.05595,0,0,0,3.502306,0,0,0.9301988,0.8836889,8.933867,2.584795,4.385995,0,4.385995,9.685538,69.18228,0.2165477,4.476781,2.801845,5,6.087101
5/29/2007 11:00:00 AM,0.8226912,70.74561,-131.9015,26.13162,0.7896623,3.544004,0.7047859,0.7047859,1.761488,0,0.6458861,0.7047859,502.8484,0,0,0,3.544004,0,0,1.056702,1.003867,4.547871,6.53219,4.547871,0,4.547871,14.00003,100,0.2161089,0.7752644,2.835203,5,10.07619
5/29/2007 12:00:00 PM,0.894081,77.57726,-178.7512,21.45349,0.8578601,3.850076,5.075994,5.075994,1.745994,0,0.6416564,5.075994,75.84872,0.3448133,0,0,3.850076,3.505263,3.33,0,0,0,10.62527,0,0,0,14.00003,100,0.2161089,5.583593,3.080061,5,14.47535
5/29/2007 1:00:00 PM,0.6224157,71.1665,132.9249,25.81411,0.6076763,2.727252,4.968262,4.968262,2.377373,0,0.814023,4.968262,54.89347,0,0,0,2.727252,2.727252,2.590889,0,0,0,10.62527,0,0,0,14.00003,100,0.2161089,5.465088,2.181801,5,13.35253
5/29/2007 2:00:00 PM,0.5314019,58.84137,116.9192,36.06459,0.5191593,2.329987,3.222617,3.222617,0,-1,0,3.222617,72.30109,0,0,0.2148787,2.329987,3.392228,3.222617,0,0,0,10.62527,0,1.062241,-1.062241,12.88033,92.00215,0.2161089,3.544879,1.86399,0,12.95526
5/29/2007 3:00:00 PM,0.6029519,45.28388,111.4484,48.59316,0.569901,2.557716,3.367712,3.33,0,-1,0,3.33,76.80828,0,0.03771148,0.3744826,2.557716,3.505263,3.33,0,0,1.180268,9.563033,0,0.9475474,-0.9475474,11.88153,84.86787,0.2161089,3.704483,2.046173,0,12.12075
5/29/2007 4:00:00 PM,0.2361011,31.39546,109.6738,62.00666,0.2324583,1.043273,6.872471,3.33,0,-1,0,3.33,31.32952,4.440892E-16,3.542471,4.229718,1.043273,3.505263,3.33,0,0,2.233099,8.615485,0,2.46199,-2.46199,9.286359,66.331,0.2161089,7.559718,0.8346184,0,9.658758
5/29/2007 5:00:00 PM,0.161552,17.43865,109.7563,75.7979,0.1543588,0.6927621,2.718802,2.718802,0,-1,0,2.718802,25.48041,0,0,0,0.6927621,2.861897,2.718802,0,0,4.968643,6.153495,0,2.169135,-2.169135,6.99989,49.99911,0.2161089,2.990683,0.5542096,0,6.846257
5/29/2007 6:00:00 PM,0.04181582,3.549289,111.156,89.73697,0.02852229,0.128008,1.28735,1.28735,0,-1,0,1.28735,9.943526,0,2.220446E-16,0,0.128008,1.355106,1.28735,0,0,7.378794,3.98436,0,1.227098,-1.227098,5.706415,40.76003,0.2161089,1.416085,0.1024064,0,4.112368
5/29/2007 7:00:00 PM,0,0,113.8486,90,0,0,1.463961,1.463961,0,-1,0,1.463961,0,0,0,0,0,1.541011,1.463961,0,0,8.742235,2.757262,0,1.541011,-1.541011,4.082047,29.15742,0.2161089,1.610357,0,0,2.757262
5/29/2007 8:00:00 PM,0,0,118.1871,90,0,0,7.520995,1.155438,0,-1,0,1.155438,0,0,6.365557,7.117656,0,1.216251,1.155438,0,0,10.45447,1.216251,0,1.216251,-1.216251,2.800006,20,0.2161089,8.273094,0,0,1.216251
5/29/2007 9:00:00 PM,0,0,125.023,90,0,0,0.2831576,0,0,-1,0,0,0,0,0.2831576,0.3114734,0,0,0,0,0,11.80586,0,0,0,0,2.800006,20,0.2161089,0.3114734,0,0,0
5/29/2007 10:00:00 PM,0,0,136.0453,90,0,0,0.06541419,0,0,-1,0,0,0,0,0.06541419,0.07195561,0,0,0,0,0,11.80586,0,0,0,0,2.800006,20,0.2161089,0.07195561,0,0,0
5/29/2007 11:00:00 PM,0,0,153.9298,90,0,0,0.4248102,0,0,-1,0,0,0,0,0.4248102,0.4672912,0,0,0,0,0,11.80586,0,0,0,0,2.800006,20,0.2161089,0.4672912,0,0,0
5/30/2007 12:00:00 AM,0,0,179.4169,90,0,0,0.1938477,0,0,-1,0,0,0,0,0.1938477,0.2132325,0,0,0,0,0,11.80586,0,0,0,0,2.800006,20,0.2161089,0.2132325,0,0,0
5/30/2007 1:00:00 AM,0,0,-154.9633,90,0,0,0.5512075,0,0,-1,0,0,0,0,0.5512075,0.6063283,0,0,0,0,0,11.80586,0,0,0,0,2.800006,20,0.2161089,0.6063283,0,0,0
5/30/2007 2:00:00 AM,0,0,-136.791,90,0,0,0,0,0,-1,0,0,0,0,0,0,0,0,0,0,0,11.80586,0,0,0,0,2.800006,20,0.2161089,0,0,0,0
5/30/2007 3:00:00 AM,0,0,-125.5459,90,0,0,0.6658519,0,0,-1,0,0,0,0,0.6658519,0.7324371,0,0,0,0,0,11.80586,0,0,0,0,2.800006,20,0.2161089,0.7324371,0,0,0
5/30/2007 4:00:00 AM,0,0,-118.5714,90,0,0,0,0,0,-1,0,0,0,0,0,0,0,0,0,0,0,11.80586,0,0,0,0,2.800006,20,0.2161089,0,0,0,0
5/30/2007 5:00:00 AM,0,0,-114.147,90,0,0,0.6843945,0.6843945,4.189658,0,1.308776,0.6843945,0,4.440892E-16,0,0,0,0,0,3.505263,3.33,11.80586,0,3.33,0,3.33,5.959121,42.56506,0.2161997,0.752834,0,5,0
5/30/2007 6:00:00 AM,0.04604275,3.013231,-111.3978,90.30257,0.01806895,0.08109343,0,0,3.505263,0,1.121937,0,0,0,0,0,0.08109343,0,0,3.505263,3.33,8.475861,2.997,3.411093,0,3.411093,9.195168,65.67964,0.2161716,0,0.06487475,5,3.078094
5/30/2007 7:00:00 AM,0.3091934,16.88267,-109.9563,76.37647,0.2542374,1.141017,0,0,3.505263,0,1.121937,0,0,0,0,0,1.141017,0,0,3.505263,3.33,5.064767,6.066984,4.471017,0,4.471017,13.43675,95.97658,0.2160231,0,0.912814,5,7.208002
5/30/2007 8:00:00 AM,0.5518748,30.82375,-109.8339,62.59322,0.4992609,2.240683,5.101509,5.101509,3.536922,0,1.13058,5.101509,43.92197,0,0,0,2.240683,1.646934,1.564587,0,0,0.5937493,10.0909,0.5937493,0,0.5937493,14.00003,100,0.2160456,5.61166,1.792547,5,12.33158
5/30/2007 9:00:00 AM,0.779116,44.70019,-111.5479,49.17941,0.7275499,3.265244,3.033676,3.033676,0,-1,0,3.033676,107.6332,0.0719005,0,0.007043859,3.265244,3.193343,3.033676,0,0,0,10.62527,0,0,0,14.00003,100,0.2160456,3.337044,2.612195,0,13.89052
5/30/2007 10:00:00 AM,0.9451352,58.25422,-116.8617,36.62803,0.8954726,4.018881,1.374291,1.374291,0,0,0,1.374291,292.4332,2.57226,0,0,4.018881,1.446622,1.374291,0,0,0,10.62527,0,0,0,14.00003,100,0.2160456,1.51172,3.215105,0,14.64416
5/30/2007 11:00:00 AM,1.031351,70.62428,-132.2306,26.27738,0.98389,4.415698,3.176626,3.176626,1.25,0,0.50625,3.176626,139.0059,2.38767,0,0,4.415698,2.028028,1.926626,0,0,0,10.62527,0,0,0,14.00003,100,0.2160456,3.494289,3.532559,5,15.04097
5/30/2007 12:00:00 PM,1.047706,77.41614,-178.637,21.61436,1.001642,4.495367,0,0,0,0,0,0,0,4.495367,0,0,4.495367,0,0,0,0,0,10.62527,0,0,0,14.00003,100,0.2160456,0,3.596293,0,15.12064
5/30/2007 1:00:00 PM,0.9592802,71.08717,133.3651,25.92804,0.9157935,4.110082,0,0,0,0,0,0,0,4.110082,0,0,4.110082,0,0,0,0,0,10.62527,0,0,0,14.00003,100,0.2160456,0,3.288065,0,14.73536
5/30/2007 2:00:00 PM,0.9007825,58.81605,117.2303,36.12739,0.8540695,3.833064,1.975529,1.975529,0,-1,0,1.975529,194.0272,1.753559,0,0,3.833064,2.079504,1.975529,0,0,0,10.62527,0,0,0,14.00003,100,0.2160456,2.173082,3.066451,0,14.45834
5/30/2007 3:00:00 PM,0.6502617,45.28664,111.6801,48.62217,0.6109559,2.74197,1.819088,1.819088,0,-1,0,1.819088,150.7333,0.827141,0,0,2.74197,1.914829,1.819088,0,0,0,10.62527,0,0,0,14.00003,100,0.2160456,2.000996,2.193576,0,13.36724
5/30/2007 4:00:00 PM,0.3952166,31.41709,109.8631,62.01237,0.369617,1.658841,5.406986,3.33,0,-1,0,3.33,49.81505,0,2.076986,2.617684,1.658841,3.505263,3.33,0,0,0,10.62527,0,1.846422,-1.846422,12.05373,86.09789,0.2160456,5.947684,1.327073,0,12.28412
5/30/2007 5:00:00 PM,0.2422417,17.47566,109.9227,75.7855,0.2100489,0.9426996,2.87851,2.87851,0,-1,0,2.87851,32.74957,0,4.440892E-16,0,0.9426996,3.030011,2.87851,0,0,2.05158,8.778852,0,2.087311,-2.087311,9.853509,70.38206,0.2160456,3.166361,0.7541596,0,9.721552
5/30/2007 6:00:00 PM,0.04281213,3.600732,111.3109,89.70872,0.02865796,0.1286169,0,0,0,-1,0,0,0,0,0,0,0.1286169,0,0,0,0,4.370814,6.691541,0.1286169,0,0.1286169,9.975526,71.25362,0.216031,0,0.1028935,0,6.820158
5/30/2007 7:00:00 PM,0,0,113.9998,90,0,0,0,0,0,-1,0,0,0,0,0,0,0,0,0,0,0,4.242198,6.807296,0,0,0,9.975526,71.25362,0.216031,0,0,0,6.807296
5/30/2007 8:00:00 PM,0,0,118.3396,90,0,0,4.100801,3.33,0,-1,0,3.33,0,0,0.7708007,1.180881,0,3.505263,3.33,0,0,4.242198,6.807296,0,3.505263,-3.505263,6.280654,44.86172,0.216031,4.510881,0,0,6.807296
5/30/2007 9:00:00 PM,0,0,125.1779,90,0,0,5.715465,3.136932,0,-1,0,3.136932,0,0,2.578533,3.150079,0,3.302033,3.136932,0,0,8.136934,3.302033,0,3.302033,-3.302033,2.800006,20,0.216031,6.287011,0,0,3.302033
5/30/2007 10:00:00 PM,0,0,136.1911,90,0,0,0.07195292,0,0,-1,0,0,0,0,0.07195292,0.07914821,0,0,0,0,0,11.80586,0,0,0,0,2.800006,20,0.216031,0.07914821,0,0,0
5/30/2007 11:00:00 PM,0,0,154.0182,90,0,0,1.132331,0,0,-1,0,0,0,0,1.132331,1.245564,0,0,0,0,0,11.80586,0,0,0,0,2.800006,20,0.216031,1.245564,0,0,0
5/31/2007 12:00:00 AM,0,0,179.361,90,0,0,0.2270569,0,0,-1,0,0,0,0,0.2270569,0.2497626,0,0,0,0,0,11.80586,0,0,0,0,2.800006,20,0.216031,0.2497626,0,0,0
5/31/2007 1:00:00 AM,0,0,-155.1357,90,0,0,0.5139613,0,0,-1,0,0,0,0,0.5139613,0.5653574,0,0,0,0,0,11.80586,0,0,0,0,2.800006,20,0.216031,0.5653574,0,0,0
5/31/2007 2:00:00 AM,0,0,-136.9882,90,0,0,0.2608331,0,0,-1,0,0,0,0,0.2608331,0.2869164,0,0,0,0,0,11.80586,0,0,0,0,2.800006,20,0.216031,0.2869164,0,0,0
5/31/2007 3:00:00 AM,0,0,-125.7305,90,0,0,0,0,0,-1,0,0,0,0,0,0,0,0,0,0,0,11.80586,0,0,0,0,2.800006,20,0.216031,0,0,0,0
5/31/2007 4:00:00 AM,0,0,-118.7406,90,0,0,1.126074,0,0,-1,0,0,0,0,1.126074,1.238681,0,0,0,0,0,11.80586,0,0,0,0,2.800006,20,0.216031,1.238681,0,0,0
5/31/2007 5:00:00 AM,0,0,-114.3065,90,0,0,0.09675723,0.09675723,3.60202,0,1.148352,0.09675723,0,0,0,0,0,0,0,3.505263,3.33,11.80586,0,3.33,0,3.33,5.959121,42.56506,0.2160279,0.1064329,0,5,0
5/31/2007 6:00:00 AM,0.03387904,3.006047,-111.5548,90.3326,0.02570436,0.1153612,0,0,3.505263,0,1.121937,0,0,0,0,0,0.1153612,0,0,3.505263,3.33,8.475861,2.997,3.445361,0,3.445361,9.227677,65.91185,0.2159964,0,0.09228894,5,3.112361
5/31/2007 7:00:00 AM,0.1318606,16.86098,-110.1188,76.42152,0.1284075,0.5762931,0.665127,0.665127,4.17039,0,1.303517,0.665127,86.64406,4.440892E-16,0,0,0.5762931,0,0,3.505263,3.33,5.030499,6.097825,3.906293,0,3.906293,12.93351,92.38205,0.2160184,0.7316397,0.4610344,5,6.674118
5/31/2007 8:00:00 AM,0.345681,30.7872,-110.0117,62.65465,0.3280814,1.472429,0,0,0,0,0,0,0,0.3482234,0,0,1.472429,0,0,0,0,1.124206,9.613489,1.124206,0,1.124206,14.00003,100,0.2158915,0,1.177944,0,11.08592
5/31/2007 9:00:00 AM,0.4195511,44.64624,-111.7553,49.26076,0.4086133,1.833856,1.869921,1.869921,0,-1,0,1.869921,98.07135,0,0,0,1.833856,1.968338,1.869921,0,0,0,10.62527,0,0.1344811,-0.1344811,13.85827,98.98746,0.2158915,2.056913,1.467085,0,12.45913
5/31/2007 10:00:00 AM,0.514766,58.17603,-117.1202,36.73594,0.5033582,2.259072,0,0,0,0,0,0,0,2.109648,0,0,2.259072,0,0,0,0,0.1494234,10.49079,0.1494234,0,0.1494234,14.00003,100,0.2158746,0,1.807257,0,12.74986
5/31/2007 11:00:00 AM,0.78533,70.50504,-132.5377,26.41917,0.7550265,3.388559,3.20507,3.20507,1.25,0,0.50625,3.20507,105.725,1.330591,0,0,3.388559,2.057968,1.95507,0,0,0,10.62527,0,0,0,14.00003,100,0.2158746,3.525577,2.710847,5,14.01383
5/31/2007 12:00:00 PM,0.8217024,77.26131,-178.5173,21.7689,0.7908389,3.549285,2.771496,2.771496,0,0,0,2.771496,128.0639,0.6319208,0,0,3.549285,2.917364,2.771496,0,0,0,10.62527,0,0,0,14.00003,100,0.2158746,3.048646,2.839428,0,14.17456
5/31/2007 1:00:00 PM,0.606345,71.01219,133.79,26.03626,0.5925753,2.659478,0,0,0,0,0,0,0,2.659478,0,0,2.659478,0,0,0,0,0,10.62527,0,0,0,14.00003,100,0.2158746,0,2.127582,0,13.28475
5/31/2007 2:00:00 PM,0.6353396,58.7937,117.5304,36.18583,0.6127616,2.750074,1.614092,1.614092,0,-1,0,1.614092,170.379,1.05103,0,0,2.750074,1.699044,1.614092,0,0,0,10.62527,0,0,0,14.00003,100,0.2158746,1.775501,2.200059,0,13.37535
5/31/2007 3:00:00 PM,0.5632591,45.29165,111.9032,48.64774,0.5350896,2.401482,4.875503,3.33,0,-1,0,3.33,72.11658,4.440892E-16,1.545503,2.033053,2.401482,3.505263,3.33,0,0,0,10.62527,0,1.103781,-1.103781,12.83654,91.68939,0.2158746,5.363053,1.921185,0,13.02676
5/31/2007 4:00:00 PM,0.1500224,31.44041,110.0451,62.01533,0.1489536,0.6685036,0.269182,0.269182,0,-1,0,0.269182,248.3464,0,0,0,0.6685036,0.2833495,0.269182,0,0,1.226424,9.521493,0.3851542,0,0.3851542,13.20193,94.29931,0.2158312,0.2961002,0.5348029,0,10.19
5/31/2007 5:00:00 PM,0.05160891,17.51388,110.0824,75.7709,0.05123566,0.2299457,4.597219,3.33,0,-1,0,3.33,6.905275,0,1.26722,1.726941,0.2299457,3.505263,3.33,0,0,0.8412694,9.868132,0,3.275317,-3.275317,9.749442,69.63873,0.2158312,5.056942,0.1839565,0,10.09808
5/31/2007 6:00:00 PM,0.03923124,3.65289,111.4594,89.67877,0.02993852,0.1343641,0,0,0,-1,0,0,0,0,0,0,0.1343641,0,0,0,0,4.480511,6.592814,0.1343641,0,0.1343641,9.876911,70.54922,0.2158161,0,0.1074913,0,6.727178
5/31/2007 7:00:00 PM,0,0,114.1442,90,0,0,0,0,0,-1,0,0,0,0,0,0,0,0,0,0,0,4.346147,6.713742,0,0,0,9.876911,70.54922,0.2158161,0,0,0,6.713742
5/31/2007 8:00:00 PM,0,0,118.4847,90,0,0,0,0,0,-1,0,0,0,0,0,0,0,0,0,0,0,4.346147,6.713742,0,0,0,9.876911,70.54922,0.2158161,0,0,0,6.713742
5/31/2007 9:00:00 PM,0,0,125.3245,90,0,0,0,0,0,-1,0,0,0,0,0,0,0,0,0,0,0,4.346147,6.713742,0,0,0,9.876911,70.54922,0.2158161,0,0,0,6.713742
5/31/2007 10:00:00 PM,0,0,136.3276,90,0,0,0.8155022,0.8155022,0,-1,0,0.8155022,0,0,0,0,0,0.8584234,0.8155022,0,0,4.346147,6.713742,0,0.8584234,-0.8584234,8.972054,64.08597,0.2158161,0.8970525,0,0,6.713742
5/31/2007 11:00:00 PM,0,0,154.0979,90,0,0,0.8787054,0.8787054,0,-1,0,0.8787054,0,0,1.110223E-16,0,0,0.924953,0.8787054,0,0,5.299951,5.855319,0,0.924953,-0.924953,7.997067,57.12179,0.2158161,0.966576,0,0,5.855319
6/1/2007 12:00:00 AM,0,0,179.3022,90,0,0,0.03444186,0.03444186,0,-1,0,0.03444186,0,0,6.938894E-18,0,0,0.03625459,0.03444186,0,0,6.327676,4.930366,0,0.03625459,-0.03625459,7.958851,56.84882,0.2158161,0.03788605,0,0,4.930366
6/1/2007 1:00:00 AM,0,0,-155.3045,90,0,0,1.807008,1.807008,0,-1,0,1.807008,0,0,2.220446E-16,0,0,1.902114,1.807008,0,0,6.367959,4.894111,0,1.902114,-1.902114,5.953847,42.52739,0.2158161,1.987709,0,0,4.894111
6/1/2007 2:00:00 AM,0,0,-137.1796,90,0,0,1.21412,1.21412,0,-1,0,1.21412,0,0,0,0,0,1.278021,1.21412,0,0,8.48142,2.991997,0,1.278021,-1.278021,4.606694,32.90489,0.2158161,1.335532,0,0,2.991997
6/1/2007 3:00:00 AM,0,0,-125.9089,90,0,0,1.255701,1.255701,0,-1,0,1.255701,0,0,0,0,0,1.32179,1.255701,0,0,9.901443,1.713975,0,1.32179,-1.32179,3.213405,22.95285,0.2158161,1.381271,0,0,1.713975
6/1/2007 4:00:00 AM,0,0,-118.9038,90,0,0,1.218279,0.3725757,0,-1,0,0.3725757,0,0,0.8457038,0.9675318,0,0.3921849,0.3725757,0,0,11.3701,0.3921849,0,0.3921849,-0.3921849,2.800006,20,0.2158161,1.340107,0,0,0.3921849
6/1/2007 5:00:00 AM,0,0,-114.4601,90,0,0,0.7270024,0.7270024,4.232265,0,1.320408,0.7270024,0,0,0,0,0,0,0,3.505263,3.33,11.80586,0,3.33,0,3.33,5.959121,42.56506,0.215913,0.7997026,0,5,0
6/1/2007 6:00:00 AM,0.04971797,2.996289,-111.7058,90.36425,0.01383241,0.06207987,0.1685629,0.1685629,3.673826,0,1.167955,0.1685629,36.82891,0,0,0,0.06207987,0,0,3.505263,3.33,8.475861,2.997,3.39208,0,3.39208,9.177131,65.5508,0.2159145,0.1854192,0.0496639,5,3.05908
6/1/2007 7:00:00 AM,0.2513917,16.83719,-110.2747,76.46763,0.2118567,0.9508129,3.935361,3.935361,5,0,1.53,3.935361,24.16075,0,0,0,0.9508129,0,0,1.064638,1.011407,5.08378,6.049872,1.962219,0,1.962219,11.03866,78.84738,0.2160046,4.328897,0.7606503,5,7.000685
6/1/2007 8:00:00 AM,0.4749129,30.74907,-110.1818,62.71651,0.431649,1.93724,2.774651,2.774651,3.899755,0,1.229633,2.774651,69.81926,0,0,0,1.93724,0,0,1.125104,1.068849,3.121561,7.815869,3.00609,0,3.00609,13.89048,99.21753,0.2160847,3.052116,1.549792,5,9.75311
6/1/2007 9:00:00 AM,0.742757,44.59135,-111.953,49.34167,0.6929539,3.109977,3.049607,3.049607,0,-1,0,3.049607,101.9796,0,0,0.02456723,3.109977,3.210112,3.049607,0,0,0.1154712,10.52135,0,0.100135,-0.100135,13.78493,98.46359,0.2160847,3.354567,2.487982,0,13.63133
6/1/2007 10:00:00 AM,0.9031448,58.09788,-117.3651,36.84206,0.8550295,3.837373,1.250656,1.250656,0,0,0,1.250656,306.8288,2.29416,0,0,3.837373,1.31648,1.250656,0,0,0.2267324,10.42122,0.2267324,0,0.2267324,14.00003,100,0.2160593,1.375722,3.069898,0,14.25859
6/1/2007 11:00:00 AM,0.9346542,70.38804,-132.8231,26.55691,0.8916722,4.001825,6.326191,6.326191,2.996191,0,0.98296,6.326191,63.25805,0.4965615,0,0,4.001825,3.505263,3.33,0,0,0,10.62527,0,0,0,14.00003,100,0.2160593,6.95881,3.20146,5,14.6271
6/1/2007 12:00:00 PM,0.8173791,77.11282,-178.3923,21.91706,0.786594,3.530234,2.791429,2.791429,0,0,0,2.791429,126.4669,0.5918874,0,0,3.530234,2.938347,2.791429,0,0,0,10.62527,0,0,0,14.00003,100,0.2160593,3.070572,2.824187,0,14.15551
6/1/2007 1:00:00 PM,0.9673198,70.94164,134.1998,26.13875,0.9225492,4.140401,0,0,0,0,0,0,0,4.140401,0,0,4.140401,0,0,0,0,0,10.62527,0,0,0,14.00003,100,0.2160593,0,3.31232,0,14.76567
6/1/2007 2:00:00 PM,0.8772205,58.77435,117.8195,36.23989,0.8311486,3.730195,4.077872,3.33,0,-1,0,3.33,112.0179,0.2249319,0.7478723,1.155659,3.730195,3.505263,3.33,0,0,0,10.62527,0,0,0,14.00003,100,0.2160593,4.48566,2.984156,0,14.35547
6/1/2007 3:00:00 PM,0.7222809,45.29887,112.1177,48.6699,0.6749117,3.029003,0.6253356,0.6253356,0,-1,0,0.6253356,484.3804,2.370755,0,0,3.029003,0.6582481,0.6253356,0,0,0,10.62527,0,0,0,14.00003,100,0.2160593,0.6878692,2.423203,0,13.65428
6/1/2007 4:00:00 PM,0.4200711,31.46539,110.2197,62.01556,0.3891414,1.746467,0.2708717,0.2708717,0,-1,0,0.2708717,644.7578,1.461338,0,0,1.746467,0.2851281,0.2708717,0,0,0,10.62527,0,0,0,14.00003,100,0.2160593,0.2979589,1.397173,0,12.37174
6/1/2007 5:00:00 PM,0.2168066,17.55327,110.2354,75.75414,0.1939601,0.8704932,0,0,0,-1,0,0,0,0.8704932,0,0,0.8704932,0,0,0,0,0,10.62527,0,0,0,14.00003,100,0.2160593,0,0.6963945,0,11.49577
6/1/2007 6:00:00 PM,0.0402987,3.705701,111.6012,89.64719,0.03022958,0.1356704,4.149234,3.33,0,-1,0,3.33,4.074185,0,0.8192343,1.234158,0.1356704,3.505263,3.33,0,0,0,10.62527,0,3.369593,-3.369593,10.44816,74.6296,0.2160593,4.564158,0.1085363,0,10.76094
6/1/2007 7:00:00 PM,0,0,114.2818,90,0,0,1.454253,1.454253,0,-1,0,1.454253,0,0,0,0,0,1.530793,1.454253,0,0,3.743992,7.255682,0,1.530793,-1.530793,8.834568,63.10393,0.2160593,1.599678,0,0,7.255682
6/1/2007 8:00:00 PM,0,0,118.6225,90,0,0,0.3735108,0.3735108,0,-1,0,0.3735108,0,0,0,0,0,0.3931692,0.3735108,0,0,5.444873,5.724889,0,0.3931692,-0.3931692,8.420132,60.14368,0.2160593,0.4108618,0,0,5.724889
6/1/2007 9:00:00 PM,0,0,125.4629,90,0,0,7.364913,3.33,0,-1,0,3.33,0,0,4.034914,4.771405,0,3.505263,3.33,0,0,5.881728,5.331719,0,3.505263,-3.505263,4.72526,33.75179,0.2160593,8.101405,0,0,5.331719
6/1/2007 10:00:00 PM,0,0,136.4549,90,0,0,1.622786,1.622786,0,-1,0,1.622786,0,0,0,0.04993065,0,1.708195,1.622786,0,0,9.776464,1.826456,0,1.708195,-1.708195,2.924664,20.89041,0.2160593,1.785064,0,0,1.826456
6/1/2007 11:00:00 PM,0,0,154.1692,90,0,0,0.1529718,0.1123479,0,-1,0,0.1123479,0,0,0.04062385,0.05592103,0,0.118261,0.1123479,0,0,11.67446,0.118261,0,0.118261,-0.118261,2.800006,20,0.2160593,0.1682689,0,0,0.118261
6/2/2007 12:00:00 AM,0,0,179.2407,90,0,0,0.7244502,0,0,-1,0,0,0,0,0.7244502,0.7968951,0,0,0,0,0,11.80586,0,0,0,0,2.800006,20,0.2160593,0.7968951,0,0,0
6/2/2007 1:00:00 AM,0,0,-155.4697,90,0,0,0.5845267,0,0,-1,0,0,0,0,0.5845267,0.6429794,0,0,0,0,0,11.80586,0,0,0,0,2.800006,20,0.2160593,0.6429794,0,0,0
6/2/2007 2:00:00 AM,0,0,-137.365,90,0,0,0.6973234,0,0,-1,0,0,0,0,0.6973234,0.7670557,0,0,0,0,0,11.80586,0,0,0,0,2.800006,20,0.2160593,0.7670557,0,0,0
6/2/2007 3:00:00 AM,0,0,-126.0812,90,0,0,0,0,0,-1,0,0,0,0,0,0,0,0,0,0,0,11.80586,0,0,0,0,2.800006,20,0.2160593,0,0,0,0
6/2/2007 4:00:00 AM,0,0,-119.0609,90,0,0,0.4657114,0,0,-1,0,0,0,0,0.4657114,0.5122826,0,0,0,0,0,11.80586,0,0,0,0,2.800006,20,0.2160593,0.5122826,0,0,0
6/2/2007 5:00:00 AM,0,0,-114.6077,90,0,0,0.7134137,0.7134137,4.218677,0,1.316699,0.7134137,0,0,0,0,0,0,0,3.505263,3.33,11.80586,0,3.33,0,3.33,5.959121,42.56506,0.2161531,0.7847551,0,5,0
6/2/2007 6:00:00 AM,0.03349987,2.984011,-111.8505,90.39747,0.02557327,0.1147728,0.1249266,0.1249266,3.63019,0,1.156042,0.1249266,91.87224,0,0,0,0.1147728,0,0,3.505263,3.33,8.475861,2.997,3.444773,0,3.444773,9.227119,65.90787,0.2161414,0.1374192,0.09181827,5,3.111773
6/2/2007 7:00:00 AM,0.2375662,16.81139,-110.4239,76.51475,0.2028986,0.9106088,2.781657,2.781657,5,0,1.53,2.781657,32.7362,0,0,0,0.9106088,0,0,2.218343,2.107426,5.031087,6.097296,3.018035,0,3.018035,12.09028,86.35896,0.2162875,3.059822,0.7284871,5,7.007905
6/2/2007 8:00:00 AM,0.4831751,30.70944,-110.3442,62.77871,0.4381126,1.966249,8.850443,8.33,5,0,1.53,8.33,23.60443,0,0.5204428,1.405487,1.966249,3.505263,3.33,0,0,2.013052,8.813527,0,1.539014,-1.539014,10.46802,74.77139,0.2162875,9.735487,1.573,5,10.77978
6/2/2007 9:00:00 AM,0.5871993,44.53563,-112.141,49.42204,0.5540661,2.486648,2.424639,2.424639,0,-1,0,2.424639,102.5574,0,0,0,2.486648,2.552252,2.424639,0,0,3.723068,7.274513,0,0.06560373,-0.06560373,10.39886,74.27745,0.2162875,2.667104,1.989319,0,9.761162
6/2/2007 10:00:00 AM,0.9195975,58.01993,-117.5964,36.94627,0.8700793,3.904916,1.142319,1.142319,0,0,0,1.142319,341.841,0,0,0,3.904916,1.202441,1.142319,0,0,3.795961,7.20891,2.702475,0,2.702475,12.96266,92.59022,0.2159861,1.256551,3.123933,0,11.11382
6/2/2007 11:00:00 AM,1.041205,70.27346,-133.0875,26.69047,0.9918928,4.451615,4.04374,4.04374,1.25,0,0.50625,4.04374,110.0866,0.4173498,0,0,4.451615,2.940779,2.79374,0,0,1.093486,9.641136,1.093486,0,1.093486,14.00003,100,0.2158644,4.448114,3.561292,5,14.09275
6/2/2007 12:00:00 PM,1.061487,76.97071,-178.2623,22.05881,1.013454,4.548381,3.178739,3.178739,1.25,0,0.50625,3.178739,143.0876,2.518129,0,0,4.548381,2.030252,1.928739,0,0,0,10.62527,0,0,0,14.00003,100,0.2158644,3.496613,3.638705,5,15.17365
6/2/2007 1:00:00 PM,0.8580988,70.8756,134.5947,26.23545,0.8208406,3.683933,2.059073,2.059073,0,0,0,2.059073,178.9122,1.516487,0,0,3.683933,2.167445,2.059073,0,0,0,10.62527,0,0,0,14.00003,100,0.2158644,2.26498,2.947146,0,14.30921
6/2/2007 2:00:00 PM,0.6974885,58.75803,118.0975,36.28955,0.6676128,2.996246,0,0,0,-1,0,0,0,2.996246,0,0,2.996246,0,0,0,0,0,10.62527,0,0,0,14.00003,100,0.2158644,0,2.396997,0,13.62152
6/2/2007 3:00:00 PM,0.435867,45.30833,112.3235,48.68864,0.423621,1.901211,1.293497,1.293497,0,-1,0,1.293497,146.9822,0.5396349,0,0,1.901211,1.361576,1.293497,0,0,0,10.62527,0,0,0,14.00003,100,0.2158644,1.422847,1.520969,0,12.52649
6/2/2007 4:00:00 PM,0.2213474,31.49202,110.387,62.01308,0.2184461,0.9803861,0,0,0,-1,0,0,0,0.9803861,0,0,0.9803861,0,0,0,0,0,10.62527,0,0,0,14.00003,100,0.2158644,0,0.7843089,0,11.60566
6/2/2007 5:00:00 PM,0.2097646,17.59377,110.3815,75.73527,0.1894134,0.8500872,3.798915,3.33,0,-1,0,3.33,25.52814,4.440892E-16,0.4689151,0.8488066,0.8500872,3.505263,3.33,0,0,0,10.62527,0,2.655176,-2.655176,11.20123,80.00861,0.2158644,4.178807,0.6800697,0,11.47536
6/2/2007 6:00:00 PM,0.03662789,3.759103,111.7363,89.61404,0.03042902,0.1365655,3.628564,3.33,0,-1,0,3.33,4.101065,4.440892E-16,0.2985639,0.6614203,0.1365655,3.505263,3.33,0,0,2.950196,7.970098,0,3.368698,-3.368698,7.650308,54.64494,0.2158644,3.99142,0.1092524,0,8.106664
6/2/2007 7:00:00 PM,0,0,114.4126,90,0,0,2.402427,2.402427,0,-1,0,2.402427,0,0,0,0,0,2.528871,2.402427,0,0,6.693193,4.6014,0,2.528871,-2.528871,4.984644,35.60453,0.2158644,2.64267,0,0,4.6014
6/2/2007 8:00:00 PM,0,0,118.7529,90,0,0,2.915797,1.968903,0,-1,0,1.968903,0,0,0.9468934,1.238473,0,2.07253,1.968903,0,0,9.503049,2.07253,0,2.07253,-2.07253,2.800006,20,0.2158644,3.207376,0,0,2.07253
6/2/2007 9:00:00 PM,0,0,125.593,90,0,0,0,0,0,-1,0,0,0,0,0,0,0,0,0,0,0,11.80586,0,0,0,0,2.800006,20,0.2158644,0,0,0,0
6/2/2007 10:00:00 PM,0,0,136.5731,90,0,0,0.3159809,0,0,-1,0,0,0,0,0.3159809,0.3475789,0,0,0,0,0,11.80586,0,0,0,0,2.800006,20,0.2158644,0.3475789,0,0,0
6/2/2007 11:00:00 PM,0,0,154.2322,90,0,0,0.8531822,0,0,-1,0,0,0,0,0.8531822,0.9385004,0,0,0,0,0,11.80586,0,0,0,0,2.800006,20,0.2158644,0.9385004,0,0,0
6/3/2007 12:00:00 AM,0,0,179.1767,90,0,0,0.1218601,0,0,-1,0,0,0,0,0.1218601,0.1340461,0,0,0,0,0,11.80586,0,0,0,0,2.800006,20,0.2158644,0.1340461,0,0,0
6/3/2007 1:00:00 AM,0,0,-155.6312,90,0,0,0.042585,0,0,-1,0,0,0,0,0.042585,0.0468435,0,0,0,0,0,11.80586,0,0,0,0,2.800006,20,0.2158644,0.0468435,0,0,0
6/3/2007 2:00:00 AM,0,0,-137.5446,90,0,0,0,0,0,-1,0,0,0,0,0,0,0,0,0,0,0,11.80586,0,0,0,0,2.800006,20,0.2158644,0,0,0,0
6/3/2007 3:00:00 AM,0,0,-126.2473,90,0,0,0.1255929,0,0,-1,0,0,0,0,0.1255929,0.1381522,0,0,0,0,0,11.80586,0,0,0,0,2.800006,20,0.2158644,0.1381522,0,0,0
6/3/2007 4:00:00 AM,0,0,-119.212,90,0,0,1.375803,0,0,-1,0,0,0,0,1.375803,1.513383,0,0,0,0,0,11.80586,0,0,0,0,2.800006,20,0.2158644,1.513383,0,0,0
6/3/2007 5:00:00 AM,0,0,-114.7493,90,0,0,1.218202,1.218202,4.723465,0,1.454506,1.218202,0,0,0,0,0,0,0,3.505263,3.33,11.80586,0,3.33,0,3.33,5.959121,42.56506,0.2160366,1.340022,0,5,0
6/3/2007 6:00:00 AM,0.03522776,2.969272,-111.9891,90.4322,0.02514071,0.1128315,0,0,3.505263,0,1.121937,0,0,0,0,0,0.1128315,0,0,3.505263,3.33,8.475861,2.997,3.442832,0,3.442832,9.225278,65.89471,0.216006,0,0.09026522,5,3.109832
6/3/2007 7:00:00 AM,0.2077108,16.78363,-110.5662,76.5628,0.1844424,0.8277777,0.1802727,0.1802727,3.685536,0,1.171151,0.1802727,459.1808,0,0,0,0.8277777,0,0,3.505263,3.33,5.033029,6.095548,4.157778,0,4.157778,13.16969,94.06904,0.2159243,0.1983,0.6622221,5,6.923326
6/3/2007 8:00:00 AM,0.3279953,30.66842,-110.4988,62.84115,0.3129449,1.404497,2.473062,2.473062,0,0,0,2.473062,56.79182,0,0,0,1.404497,2.603223,2.473062,0,0,0.875251,9.837548,0,1.198726,-1.198726,11.90612,85.04357,0.2159243,2.720368,1.123597,0,11.24205
6/3/2007 9:00:00 AM,0.2270124,44.47919,-112.3193,49.50175,0.2254338,1.011747,0.7606634,0.7606634,0,-1,0,0.7606634,133.0085,0,0,0,1.011747,0.8006983,0.7606634,0,0,2.207169,8.638823,0.2110487,0,0.2110487,12.10634,86.4737,0.215901,0.8367297,0.8093976,0,9.650569
6/3/2007 10:00:00 AM,0.4436702,57.94233,-117.8141,37.04844,0.436811,1.960408,3.504584,3.504584,3.538511,0,1.131013,3.504584,55.93839,0,0,0,1.960408,0,0,0.03392677,0.03223044,1.99612,8.828766,1.992638,0,1.992638,13.99673,99.9764,0.2159752,3.855042,1.568326,5,10.78917
6/3/2007 11:00:00 AM,0.3450792,70.16145,-133.3313,26.81977,0.3426566,1.537843,3.56106,3.56106,2.103417,0,0.7392328,3.56106,43.18497,0,0,0,1.537843,1.534361,1.457643,0,0,0.003481959,10.62214,0.003481959,0,0.003481959,14.00003,100,0.2159753,3.917166,1.230274,5,12.15998
6/3/2007 12:00:00 PM,0.5870132,76.835,-178.1275,22.19411,0.5756716,2.583614,1.121738,1.121738,0,0,0,1.121738,230.3224,1.402837,0,0,2.583614,1.180777,1.121738,0,0,0,10.62527,0,0,0,14.00003,100,0.2159753,1.233912,2.066891,0,13.20889
6/3/2007 1:00:00 PM,0.6407655,70.81413,134.975,26.32635,0.6237295,2.799298,2.496473,2.496473,0,0,0,2.496473,112.1301,0.1714321,0,0,2.799298,2.627866,2.496473,0,0,0,10.62527,0,0,0,14.00003,100,0.2159753,2.74612,2.239438,0,13.42457
6/3/2007 2:00:00 PM,0.461206,58.74477,118.3644,36.33479,0.4535526,2.035544,6.961668,3.33,0,-1,0,3.33,61.12745,0,3.631667,4.327834,2.035544,3.505263,3.33,0,0,0,10.62527,0,1.469719,-1.469719,12.45081,88.93417,0.2159753,7.657834,1.628435,0,12.66082
6/3/2007 3:00:00 PM,0.1400064,45.32,112.5206,48.70396,0.1391786,0.6246338,2.474828,2.474828,0,-1,0,2.474828,25.23948,0,4.440892E-16,0,0.6246338,2.605083,2.474828,0,0,1.633021,9.155555,0,1.980449,-1.980449,10.36323,74.02293,0.2159753,2.722311,0.499707,0,9.780189
6/3/2007 4:00:00 PM,0.2224047,31.52025,110.5467,62.00793,0.2194453,0.9848706,0,0,0,-1,0,0,0,0,0,0,0.9848706,0,0,0,0,3.83352,7.175107,0.9848706,0,0.9848706,11.29756,80.69671,0.2158665,0,0.7878965,0,8.159977
6/3/2007 5:00:00 PM,0.1532029,17.63535,110.5208,75.71432,0.1475553,0.662228,2.611862,2.611862,0,-1,0,2.611862,25.35464,0,4.440892E-16,0,0.662228,2.749328,2.611862,0,0,2.848649,8.06149,0,2.0871,-2.0871,9.097566,64.98248,0.2158665,2.873048,0.5297825,0,8.723718
6/3/2007 6:00:00 PM,0.0771016,3.813031,111.8649,89.57938,0.01231597,0.05527407,0,0,0,-1,0,0,0,0,0,0,0.05527407,0,0,0,0,5.167649,5.97439,0.05527407,0,0.05527407,9.150003,65.35703,0.2158604,0,0.04421926,0,6.029664
6/3/2007 7:00:00 PM,0,0,114.5365,90,0,0,8.209085,3.33,0,-1,0,3.33,0,0,4.879085,5.699993,0,3.505263,3.33,0,0,5.112375,6.024137,0,3.505263,-3.505263,5.455132,38.96515,0.2158604,9.029993,0,0,6.024137
6/3/2007 8:00:00 PM,0,0,118.876,90,0,0,1.620548,1.620548,0,-1,0,1.620548,0,0,0,0,0,1.70584,1.620548,0,0,9.007112,2.518873,0,1.70584,-1.70584,3.657018,26.12151,0.2158604,1.782603,0,0,2.518873
6/3/2007 9:00:00 PM,0,0,125.7149,90,0,0,9.584643,0.772382,0,-1,0,0.772382,0,0,8.812261,9.770725,0,0.8130336,0.772382,0,0,10.90249,0.8130336,0,0.8130336,-0.8130336,2.800006,20,0.2158604,10.54311,0,0,0.8130336
6/3/2007 10:00:00 PM,0,0,136.6823,90,0,0,1.191317,0,0,-1,0,0,0,0,1.191317,1.310448,0,0,0,0,0,11.80586,0,0,0,0,2.800006,20,0.2158604,1.310448,0,0,0
6/3/2007 11:00:00 PM,0,0,154.2872,90,0,0,1.848519,0,0,-1,0,0,0,0,1.848519,2.033371,0,0,0,0,0,11.80586,0,0,0,0,2.800006,20,0.2158604,2.033371,0,0,0
6/4/2007 12:00:00 AM,0,0,179.1102,90,0,0,0.5317462,0,0,-1,0,0,0,0,0.5317462,0.5849208,0,0,0,0,0,11.80586,0,0,0,0,2.800006,20,0.2158604,0.5849208,0,0,0
6/4/2007 1:00:00 AM,0,0,-155.789,90,0,0,1.149363,0,0,-1,0,0,0,0,1.149363,1.264299,0,0,0,0,0,11.80586,0,0,0,0,2.800006,20,0.2158604,1.264299,0,0,0
6/4/2007 2:00:00 AM,0,0,-137.7181,90,0,0,1.218082,0,0,-1,0,0,0,0,1.218082,1.33989,0,0,0,0,0,11.80586,0,0,0,0,2.800006,20,0.2158604,1.33989,0,0,0
6/4/2007 3:00:00 AM,0,0,-126.4071,90,0,0,0.5852341,0,0,-1,0,0,0,0,0.5852341,0.6437575,0,0,0,0,0,11.80586,0,0,0,0,2.800006,20,0.2158604,0.6437575,0,0,0
6/4/2007 4:00:00 AM,0,0,-119.3569,90,0,0,1.547378,0,0,-1,0,0,0,0,1.547378,1.702116,0,0,0,0,0,11.80586,0,0,0,0,2.800006,20,0.2158604,1.702116,0,0,0
6/4/2007 5:00:00 AM,0,0,-114.8847,90,0,0,0.3829637,0.3829637,3.888227,0,1.226486,0.3829637,0,0,0,0,0,0,0,3.505263,3.33,11.80586,0,3.33,0,3.33,5.959121,42.56506,0.215902,0.4212601,0,5,0
6/4/2007 6:00:00 AM,0.05506032,2.95213,-112.1213,90.46837,0.007920607,0.03554768,1.01455,1.01455,4.519813,0,1.398909,1.01455,3.503789,4.440892E-16,0,0,0.03554768,0,0,3.505263,3.33,8.475861,2.997,3.365548,0,3.365548,9.151959,65.37101,0.2160372,1.116005,0.02843815,5,3.032548
6/4/2007 7:00:00 AM,0.2808858,16.75401,-110.7018,76.61169,0.2302836,1.033513,4.088765,4.088765,5,0,1.53,4.088765,25.27689,0,0,0,1.033513,0,0,0.911235,0.8656732,5.110312,6.025993,1.899186,0,1.899186,10.95369,78.24046,0.2161207,4.497642,0.8268102,5,7.059505
6/4/2007 8:00:00 AM,0.4439397,30.62609,-110.6455,62.90374,0.4052456,1.818742,0.5247831,0.5247831,1.990451,0,0.7083931,0.5247831,346.5703,0,0,0,1.818742,0,0,1.465668,1.392384,3.211127,7.73526,3.211127,0,3.211127,14.00003,100,0.215882,0.5772614,1.454994,5,9.554003
6/4/2007 9:00:00 AM,0.7402364,44.42215,-112.4878,49.58069,0.6893861,3.093965,4.369638,3.33,0,-1,0,3.33,92.91186,0,1.039639,1.476602,3.093965,3.505263,3.33,0,0,0,10.62527,0,0.4112984,-0.4112984,13.56648,96.90324,0.215882,4.806602,2.475172,0,13.71924
6/4/2007 10:00:00 AM,0.7998644,57.8652,-118.0184,37.14846,0.7581207,3.402446,0,0,0,0,0,0,0,2.945447,0,0,3.402446,0,0,0,0,0.4569982,10.21398,0.4569982,0,0.4569982,14.00003,100,0.2158319,0,2.721956,0,13.61642
6/4/2007 11:00:00 AM,0.9904364,70.05219,-133.5549,26.94469,0.9430098,4.232228,1.915789,1.915789,0,0,0,1.915789,220.9131,2.215609,0,0,4.232228,2.016619,1.915789,0,0,0,10.62527,0,0,0,14.00003,100,0.2158319,2.107367,3.385782,0,14.8575
6/4/2007 12:00:00 PM,0.9476747,76.70572,-177.9881,22.32293,0.9053032,4.063001,4.59124,4.59124,1.261241,0,0.5093187,4.59124,88.49462,0.5577378,0,0,4.063001,3.505263,3.33,0,0,0,10.62527,0,0,0,14.00003,100,0.2158319,5.050364,3.250401,5,14.68828
6/4/2007 1:00:00 PM,0.7904143,70.75729,135.3409,26.41141,0.7587836,3.405421,2.915797,2.915797,0,0,0,2.915797,116.7921,0.3361605,0,0,3.405421,3.06926,2.915797,0,0,0,10.62527,0,0,0,14.00003,100,0.2158319,3.207377,2.724337,0,14.03069
6/4/2007 2:00:00 PM,0.6538383,58.73458,118.6202,36.3756,0.6284403,2.82044,1.953839,1.953839,0,-1,0,1.953839,144.3538,0.7637674,0,0,2.82044,2.056673,1.953839,0,0,0,10.62527,0,0,0,14.00003,100,0.2158319,2.149223,2.256352,0,13.44571
6/4/2007 3:00:00 PM,0.5161362,45.33388,112.709,48.71589,0.4938398,2.216353,1.178658,1.178658,0,-1,0,1.178658,188.0405,0.9756609,0,0,2.216353,1.240692,1.178658,0,0,0,10.62527,0,0,0,14.00003,100,0.2158319,1.296523,1.773082,0,12.84163
6/4/2007 4:00:00 PM,0.4927785,31.55006,110.699,62.00013,0.447633,2.008977,0,0,0,-1,0,0,0,2.008977,0,0,2.008977,0,0,0,0,0,10.62527,0,0,0,14.00003,100,0.2158319,0,1.607181,0,12.63425
6/4/2007 5:00:00 PM,0.2426624,17.67794,110.6532,75.69136,0.2102111,0.9434274,3.182747,3.182747,0,-1,0,3.182747,29.64192,0,4.440892E-16,0.1710216,0.9434274,3.35026,3.182747,0,0,0,10.62527,0,2.406832,-2.406832,11.463,81.87843,0.2158319,3.501022,0.7547419,0,11.5687
6/4/2007 6:00:00 PM,0.04348638,3.867419,111.9867,89.54327,0.03103647,0.1392917,3.132015,3.132015,0,-1,0,3.132015,4.447351,0,4.440892E-16,0.1152163,0.1392917,3.296858,3.132015,0,0,2.674258,8.218442,0,3.157566,-3.157566,8.134637,58.10443,0.2158319,3.445216,0.1114334,0,8.357734
6/4/2007 7:00:00 PM,0,0,114.6536,90,0,0,1.572086,1.572086,0,-1,0,1.572086,0,0,2.220446E-16,0,0,1.654827,1.572086,0,0,6.182665,5.060876,0,1.654827,-1.654827,6.390296,45.64488,0.2158319,1.729294,0,0,5.060876
6/4/2007 8:00:00 PM,0,0,118.9917,90,0,0,5.524507,3.235746,0,-1,0,3.235746,0,0,2.288761,2.841212,0,3.406049,3.235746,0,0,8.021361,3.406049,0,3.406049,-3.406049,2.800006,20,0.2158319,6.076958,0,0,3.406049
6/4/2007 9:00:00 PM,0,0,125.8287,90,0,0,2.559494,0,0,-1,0,0,0,0,2.559494,2.815443,0,0,0,0,0,11.80586,0,0,0,0,2.800006,20,0.2158319,2.815443,0,0,0
6/4/2007 10:00:00 PM,0,0,136.7826,90,0,0,0.6802582,0,0,-1,0,0,0,0,0.6802582,0.7482839,0,0,0,0,0,11.80586,0,0,0,0,2.800006,20,0.2158319,0.7482839,0,0,0
6/4/2007 11:00:00 PM,0,0,154.3343,90,0,0,0,0,0,-1,0,0,0,0,0,0,0,0,0,0,0,11.80586,0,0,0,0,2.800006,20,0.2158319,0,0,0,0
6/5/2007 12:00:00 AM,0,0,179.0414,90,0,0,0,0,0,-1,0,0,0,0,0,0,0,0,0,0,0,11.80586,0,0,0,0,2.800006,20,0.2158319,0,0,0,0
6/5/2007 1:00:00 AM,0,0,-155.9431,90,0,0,0.2036271,0,0,-1,0,0,0,0,0.2036271,0.2239898,0,0,0,0,0,11.80586,0,0,0,0,2.800006,20,0.2158319,0.2239898,0,0,0
6/5/2007 2:00:00 AM,0,0,-137.8857,90,0,0,0.2961084,0,0,-1,0,0,0,0,0.2961084,0.3257193,0,0,0,0,0,11.80586,0,0,0,0,2.800006,20,0.2158319,0.3257193,0,0,0
6/5/2007 3:00:00 AM,0,0,-126.5606,90,0,0,0.0746224,0,0,-1,0,0,0,0,0.0746224,0.08208463,0,0,0,0,0,11.80586,0,0,0,0,2.800006,20,0.2158319,0.08208463,0,0,0
6/5/2007 4:00:00 AM,0,0,-119.4956,90,0,0,0.6842173,0,0,-1,0,0,0,0,0.6842173,0.752639,0,0,0,0,0,11.80586,0,0,0,0,2.800006,20,0.2158319,0.752639,0,0,0
6/5/2007 5:00:00 AM,0,0,-115.014,90,0,0,0.576387,0.576387,4.08165,0,1.27929,0.576387,0,4.440892E-16,0,0,0,0,0,3.505263,3.33,11.80586,0,3.33,0,3.33,5.959121,42.56506,0.215903,0.6340257,0,5,0
6/5/2007 6:00:00 AM,0.02832981,2.932647,-112.2472,90.50592,0.02462043,0.1104965,0,0,3.505263,0,1.121937,0,0,0,0,0,0.1104965,0,0,3.505263,3.33,8.475861,2.997,3.440496,0,3.440496,9.223063,65.87888,0.2158733,0,0.0883972,5,3.107497
6/5/2007 7:00:00 AM,0.09567133,16.72258,-110.8306,76.66135,0.09458929,0.4245167,4.83475,4.83475,5,0,1.53,4.83475,8.780532,0,0,0,0.4245167,0,0,0.1652502,0.1569877,5.035364,6.093447,0.5815044,0,0.5815044,9.774726,69.81934,0.2158971,5.318225,0.3396134,5,6.517963
6/5/2007 8:00:00 AM,0.2361591,30.58255,-110.7844,62.9664,0.2320035,1.041232,4.115357,4.115357,5,0,1.53,4.115357,25.30113,0,0,0,1.041232,0,0,0.8846431,0.840411,4.453859,6.616801,1.881643,0,1.881643,11.55981,82.5699,0.2159791,4.526893,0.8329854,5,7.658032
6/5/2007 9:00:00 AM,0.3318295,44.36462,-112.6466,49.65877,0.3270875,1.467969,3.571847,3.33,0,-1,0,3.33,44.08314,0,0.2418468,0.5990314,1.467969,3.505263,3.33,0,0,2.572217,8.310279,0,2.037295,-2.037295,9.412313,67.23067,0.2159791,3.929031,1.174375,0,9.778248
6/5/2007 10:00:00 AM,0.4447507,57.78869,-118.2093,37.24621,0.4377092,1.964439,1.264935,1.264935,0,0,0,1.264935,155.2996,0,0,0,1.964439,1.33151,1.264935,0,0,4.835877,6.272985,0.6329287,0,0.6329287,10.01276,71.51958,0.21591,1.391428,1.571551,0,8.237424
6/5/2007 11:00:00 AM,0.5207554,69.94578,-133.7588,27.06516,0.512202,2.298763,1.725766,1.725766,0,0,0,1.725766,133.2025,0,0,0,2.298763,1.816595,1.725766,0,0,4.202949,6.84262,0.4821673,0,0.4821673,10.47019,74.78689,0.2158573,1.898342,1.83901,0,9.141383
6/5/2007 12:00:00 PM,0.54511,76.58291,-177.8444,22.44523,0.536223,2.406569,2.767306,2.767306,0,0,0,2.767306,86.96431,0,0,0,2.406569,2.912954,2.767306,0,0,3.720781,7.276571,0,0.5063852,-0.5063852,9.936408,70.97421,0.2158573,3.044037,1.925255,0,9.68314
6/5/2007 1:00:00 PM,0.5916538,70.70513,135.6925,26.49061,0.5784507,2.596087,3.189447,3.189447,4.792424,0,1.473332,3.189447,81.39615,0,0,0,2.596087,0,0,1.602977,1.522828,4.283432,6.770186,4.118915,0,4.118915,13.84395,98.88519,0.2159509,3.508391,2.076869,5,9.366273
6/5/2007 2:00:00 PM,0.4240725,58.72749,118.865,36.41197,0.4183435,1.877525,2.341303,2.341303,0,-1,0,2.341303,80.19147,0,0,0,1.877525,2.46453,2.341303,0,0,0.1645161,10.47721,0,0.5870042,-0.5870042,13.2252,94.46551,0.2159509,2.575433,1.50202,0,12.35474
6/5/2007 3:00:00 PM,0.1684198,45.34995,112.8885,48.72442,0.1673826,0.7512129,0.984778,0.984778,0,-1,0,0.984778,76.28246,0,0,0,0.7512129,1.036608,0.984778,0,0,0.816743,9.890205,0,0.2853956,-0.2853956,12.92436,92.3167,0.2159509,1.083256,0.6009703,0,10.64142
6/5/2007 4:00:00 PM,0.1902975,31.5814,110.8437,61.98972,0.1885201,0.846078,2.26766,2.26766,0,-1,0,2.26766,37.31062,0,4.440892E-16,0,0.846078,2.387011,2.26766,0,0,1.133849,9.60481,0,1.540933,-1.540933,11.30008,80.71468,0.2159509,2.494426,0.6768624,0,10.45089
6/5/2007 5:00:00 PM,0.1331477,17.7215,110.7786,75.66642,0.1301195,0.5839761,0,0,0,-1,0,0,0,0,0,0,0.5839761,0,0,0,0,2.845997,8.063877,0.5839761,0,0.5839761,11.85409,84.67188,0.2158873,0,0.4671809,0,8.647854
6/5/2007 6:00:00 PM,0.05621321,3.922203,112.1018,89.50578,0.02442745,0.1096304,3.104827,3.104827,0,-1,0,3.104827,3.530966,0,0,0.08531018,0.1096304,3.268239,3.104827,0,0,2.26202,8.589456,0,3.158609,-3.158609,8.524621,60.89003,0.2158873,3.41531,0.08770432,0,8.699086
6/5/2007 7:00:00 PM,0,0,114.7638,90,0,0,3.636846,3.33,0,-1,0,3.33,0,0,0.3068464,0.6705311,0,3.505263,3.33,0,0,5.771586,5.430847,0,3.505263,-3.505263,4.829749,34.49814,0.2158873,4.000531,0,0,5.430847
6/5/2007 8:00:00 PM,0,0,119.1001,90,0,0,0,0,0,-1,0,0,0,0,0,0,0,0,0,0,0,9.666323,1.925584,0,0,0,4.829749,34.49814,0.2158873,0,0,0,1.925584
6/5/2007 9:00:00 PM,0,0,125.9344,90,0,0,1.001373,1.001373,0,-1,0,1.001373,0,0,2.220446E-16,0,0,1.054077,1.001373,0,0,9.666323,1.925584,0,1.054077,-1.054077,3.718654,26.56176,0.2158873,1.101511,0,0,1.925584
6/5/2007 10:00:00 PM,0,0,136.8741,90,0,0,0.7117397,0.7117397,0,-1,0,0.7117397,0,0,1.110223E-16,0,0,0.7491997,0.7117397,0,0,10.83752,0.8715065,0,0.7491997,-0.7491997,2.928928,20.92088,0.2158873,0.7829137,0,0,0.8715065
6/5/2007 11:00:00 PM,0,0,154.3736,90,0,0,1.283999,0.1161915,0,-1,0,0.1161915,0,0,1.167807,1.296207,0,0.1223068,0.1161915,0,0,11.66996,0.1223068,0,0.1223068,-0.1223068,2.800006,20,0.2158873,1.412399,0,0,0.1223068
6/6/2007 12:00:00 AM,0,0,178.9703,90,0,0,1.027163,0,0,-1,0,0,0,0,1.027163,1.12988,0,0,0,0,0,11.80586,0,0,0,0,2.800006,20,0.2158873,1.12988,0,0,0
6/6/2007 1:00:00 AM,0,0,-156.0935,90,0,0,0.4914614,0,0,-1,0,0,0,0,0.4914614,0.5406075,0,0,0,0,0,11.80586,0,0,0,0,2.800006,20,0.2158873,0.5406075,0,0,0
6/6/2007 2:00:00 AM,0,0,-138.0473,90,0,0,0.3439355,0,0,-1,0,0,0,0,0.3439355,0.378329,0,0,0,0,0,11.80586,0,0,0,0,2.800006,20,0.2158873,0.378329,0,0,0
6/6/2007 3:00:00 AM,0,0,-126.7078,90,0,0,0.3422695,0,0,-1,0,0,0,0,0.3422695,0.3764965,0,0,0,0,0,11.80586,0,0,0,0,2.800006,20,0.2158873,0.3764965,0,0,0
6/6/2007 4:00:00 AM,0,0,-119.6281,90,0,0,0,0,0,-1,0,0,0,0,0,0,0,0,0,0,0,11.80586,0,0,0,0,2.800006,20,0.2158873,0,0,0,0
6/6/2007 5:00:00 AM,0,0,-115.1371,90,0,0,0.4479723,0.4479723,3.953235,0,1.244233,0.4479723,0,0,0,0,0,0,0,3.505263,3.33,11.80586,0,3.33,0,3.33,5.959121,42.56506,0.2159382,0.4927696,0,5,0
6/6/2007 6:00:00 AM,0.04575311,2.910884,-112.3667,90.54479,0.01671461,0.07501518,0,0,3.505263,0,1.121937,0,0,0,0,0,0.07501518,0,0,3.505263,3.33,8.475861,2.997,3.405015,0,3.405015,9.189402,65.63846,0.2159124,0,0.06001214,5,3.072015
6/6/2007 7:00:00 AM,0.2568852,16.68944,-110.9524,76.71171,0.2132357,0.9570017,1.403723,1.403723,4.631918,0,1.429514,1.403723,68.17594,0,0,0,0.9570017,0,0,3.228194,3.066785,5.070845,6.061513,4.023786,0,4.023786,13.0067,92.90482,0.2159913,1.544096,0.7656014,5,7.018516
6/6/2007 8:00:00 AM,0.4485467,30.53788,-110.9154,63.02903,0.4082312,1.832142,0,0,0,0,0,0,0,0.7850828,0,0,1.832142,0,0,0,0,1.047059,9.682921,1.047059,0,1.047059,14.00003,100,0.2158778,0,1.465713,0,11.51506
6/6/2007 9:00:00 AM,0.530754,44.30671,-112.7956,49.73586,0.5046607,2.264917,2.062941,2.062941,0,-1,0,2.062941,109.7907,0.09340087,0,0,2.264917,2.171516,2.062941,0,0,0,10.62527,0,0,0,14.00003,100,0.2158778,2.269235,1.811934,0,12.89019
6/6/2007 10:00:00 AM,0.770041,57.71293,-118.3869,37.34159,0.7304853,3.278418,1.087173,1.087173,0,0,0,1.087173,301.5544,2.134026,0,0,3.278418,1.144393,1.087173,0,0,0,10.62527,0,0,0,14.00003,100,0.2158778,1.19589,2.622735,0,13.90369
6/6/2007 11:00:00 AM,0.9314632,69.84238,-133.9434,27.18107,0.8868985,3.9804,3.355541,3.355541,1.25,0,0.50625,3.355541,118.6217,1.764041,0,0,3.9804,2.216359,2.105541,0,0,0,10.62527,0,0,0,14.00003,100,0.2158778,3.691096,3.18432,5,14.60567
6/6/2007 12:00:00 PM,0.7579779,76.46658,-177.6965,22.56098,0.7315367,3.283137,4.821063,4.821063,1.702083,0,0.6296687,4.821063,68.09985,4.440892E-16,0,0,3.283137,3.283137,3.11898,0,0,0,10.62527,0,0,0,14.00003,100,0.2158778,5.303169,2.626509,5,13.90841
6/6/2007 1:00:00 PM,0.9168343,70.65771,136.03,26.56392,0.8736973,3.921153,6.354495,6.354495,3.024495,0,0.9906872,6.354495,61.70676,0.4158902,0,0,3.921153,3.505263,3.33,0,0,0,10.62527,0,0,0,14.00003,100,0.2158778,6.989944,3.136923,5,14.54643
6/6/2007 2:00:00 PM,0.6888193,58.7235,119.0985,36.44389,0.6590711,2.957911,1.714189,1.714189,0,-1,0,1.714189,172.5546,1.153502,0,0,2.957911,1.804409,1.714189,0,0,0,10.62527,0,0,0,14.00003,100,0.2158778,1.885607,2.366329,0,13.58319
6/6/2007 3:00:00 PM,0.5093331,45.3682,113.0592,48.72957,0.4877417,2.188985,3.350704,3.33,0,-1,0,3.33,65.73528,0,0.0207044,0.3557748,2.188985,3.505263,3.33,0,0,0,10.62527,0,1.316278,-1.316278,12.61255,90.08945,0.2158778,3.685775,1.751188,0,12.81426
6/6/2007 4:00:00 PM,0.2681872,31.61425,110.9808,61.97673,0.2619857,1.175792,0.1640903,0.1640903,0,-1,0,0.1640903,716.5515,0,0,0,1.175792,0.1727267,0.1640903,0,0,1.462532,9.308996,1.003065,0,1.003065,13.56414,96.88652,0.2157693,0.1804994,0.9406334,0,10.48479
6/6/2007 5:00:00 PM,0.1592826,17.76597,110.8971,75.63956,0.1526738,0.6851999,2.723161,2.723161,0,-1,0,2.723161,25.16193,0,4.440892E-16,0,0.6851999,2.866486,2.723161,0,0,0.4594665,10.21175,0,2.181286,-2.181286,11.26486,80.46314,0.2157693,2.995478,0.54816,0,10.89695
6/6/2007 6:00:00 PM,0.03527275,3.977313,112.2101,89.46696,0.03097253,0.1390047,4.084181,3.33,0,-1,0,3.33,4.174316,0,0.7541809,1.162599,0.1390047,3.505263,3.33,0,0,2.883118,8.030468,0,3.366258,-3.366258,7.716515,55.11785,0.2157693,4.492599,0.1112038,0,8.169473
6/6/2007 7:00:00 PM,0,0,114.8671,90,0,0,1.357584,1.357584,0,-1,0,1.357584,0,0,2.220446E-16,0,0,1.429036,1.357584,0,0,6.623405,4.66421,0,1.429036,-1.429036,6.210178,44.35833,0.2157693,1.493343,0,0,4.66421
6/6/2007 8:00:00 PM,0,0,119.2011,90,0,0,0,0,0,-1,0,0,0,0,0,0,0,0,0,0,0,8.211223,3.235174,0,0,0,6.210178,44.35833,0.2157693,0,0,0,3.235174
6/6/2007 9:00:00 PM,0,0,126.032,90,0,0,0.5478969,0.5478969,0,-1,0,0.5478969,0,0,1.110223E-16,0,0,0.5767335,0.5478969,0,0,8.211223,3.235174,0,0.5767335,-0.5767335,5.602248,40.01597,0.2157693,0.6026866,0,0,3.235174
6/6/2007 10:00:00 PM,0,0,136.957,90,0,0,0.2512615,0.2512615,0,-1,0,0.2512615,0,0,0,0,0,0.2644858,0.2512615,0,0,8.852037,2.65844,0,0.2644858,-0.2644858,5.323455,38.0246,0.2157693,0.2763877,0,0,2.65844
6/6/2007 11:00:00 PM,0,0,154.4053,90,0,0,0.3528884,0.3528884,0,-1,0,0.3528884,0,0,5.551115E-17,0,0,0.3714615,0.3528884,0,0,9.145911,2.393954,0,0.3714615,-0.3714615,4.9319,35.22779,0.2157693,0.3881773,0,0,2.393954
6/7/2007 12:00:00 AM,0,0,178.8971,90,0,0,0.8491126,0.8491126,0,-1,0,0.8491126,0,0,1.110223E-16,0,0,0.8938027,0.8491126,0,0,9.558646,2.022493,0,0.8938027,-0.8938027,3.989749,28.49815,0.2157693,0.9340238,0,0,2.022493
6/7/2007 1:00:00 AM,0,0,-156.2401,90,0,0,0.9449092,0.9449092,0,-1,0,0.9449092,0,0,1.110223E-16,0,0,0.9946412,0.9449092,0,0,10.55176,1.12869,0,0.9946412,-0.9946412,2.941305,21.00928,0.2157693,1.0394,0,0,1.12869
6/7/2007 2:00:00 AM,0,0,-138.2028,90,0,0,0.5070747,0.1273464,0,-1,0,0.1273464,0,0,0.3797283,0.4304357,0,0.1340488,0.1273464,0,0,11.65692,0.1340488,0,0.1340488,-0.1340488,2.800006,20,0.2157693,0.5577821,0,0,0.1340488
6/7/2007 3:00:00 AM,0,0,-126.8486,90,0,0,0.7601485,0,0,-1,0,0,0,0,0.7601485,0.8361633,0,0,0,0,0,11.80586,0,0,0,0,2.800006,20,0.2157693,0.8361633,0,0,0
6/7/2007 4:00:00 AM,0,0,-119.7543,90,0,0,0.3087031,0,0,-1,0,0,0,0,0.3087031,0.3395734,0,0,0,0,0,11.80586,0,0,0,0,2.800006,20,0.2157693,0.3395734,0,0,0
6/7/2007 5:00:00 AM,0,0,-115.2539,90,0,0,1.278937,1.278937,4.7842,0,1.471087,1.278937,0,0,0,0,0,0,0,3.505263,3.33,11.80586,0,3.33,0,3.33,5.959121,42.56506,0.2159418,1.40683,0,5,0
6/7/2007 6:00:00 AM,0.01886862,2.886904,-112.4798,90.58491,0.01825076,0.08190942,0.8877845,0.8877845,4.393048,0,1.364302,0.8877845,9.226273,0,0,0,0.08190942,0,0,3.505263,3.33,8.475861,2.997,3.411909,0,3.411909,9.195943,65.68517,0.21605,0.9765629,0.06552754,5,3.078909
6/7/2007 7:00:00 AM,0.07009064,16.65465,-111.0673,76.76267,0.06947888,0.3118212,1.26676,1.26676,4.585211,0,1.416763,1.26676,24.61565,0,0,0,0.3118212,0,0,3.318451,3.152529,5.063951,6.067719,3.46435,0,3.46435,12.48251,89.16063,0.2161813,1.393436,0.249457,5,6.379539
6/7/2007 8:00:00 AM,0.1692526,30.49219,-111.0385,63.09153,0.1678416,0.753273,7.678294,7.678294,5,0,1.53,7.678294,9.810423,0,0,0.1161229,0.753273,2.819256,2.678293,0,0,1.599601,9.185634,0,2.065983,-2.065983,10.30478,73.60539,0.2161813,8.446123,0.6026184,5,9.938907
6/7/2007 9:00:00 AM,0.3455477,44.24853,-112.9349,49.81189,0.3399372,1.525638,4.902125,3.33,0,-1,0,3.33,45.81496,0,1.572125,2.062338,1.525638,3.505263,3.33,0,0,3.895138,7.11965,0,1.979625,-1.979625,8.218068,58.70037,0.2161813,5.392338,1.22051,0,8.645288
6/7/2007 10:00:00 AM,0.4238048,57.63805,-118.5512,37.43449,0.4177945,1.875062,5.66251,5.66251,5,0,1.53,5.66251,33.11361,0,0,0,1.875062,0.6973791,0.6625101,0,0,6.094721,5.140025,1.177683,0,1.177683,9.335316,66.68069,0.2162236,6.228761,1.500049,5,7.015087
6/7/2007 11:00:00 AM,0.3412043,69.74212,-134.1091,27.29236,0.3388069,1.520565,1.776891,1.776891,4.938235,0,1.513138,1.776891,85.5745,0,0,0,1.520565,0,0,3.161344,3.003277,4.917039,6.199939,4.523842,0,4.523842,13.62701,97.33559,0.2162935,1.95458,1.216452,5,7.720505
6/7/2007 12:00:00 PM,0.7288458,76.35678,-177.5446,22.67016,0.7050337,3.164191,4.815475,4.815475,2.183031,0,0.7609674,4.815475,65.7088,0,0,0,3.164191,2.770994,2.632445,0,0,0.3931966,10.2714,0.3931966,0,0.3931966,14.00003,100,0.2163076,5.297023,2.531353,5,13.43559
6/7/2007 1:00:00 PM,0.5989471,70.61507,136.3536,26.63133,0.5849816,2.625397,1.618341,1.618341,0,0,0,1.618341,162.2277,0.9218805,0,0,2.625397,1.703517,1.618341,0,0,0,10.62527,0,0,0,14.00003,100,0.2163076,1.780175,2.100318,0,13.25067
6/7/2007 2:00:00 PM,0.6739022,58.72263,119.3209,36.47135,0.6456986,2.897895,5.494851,3.33,0,-1,0,3.33,87.02388,0,2.16485,2.714336,2.897895,3.505263,3.33,0,0,0,10.62527,0,0.6073679,-0.6073679,13.35981,95.42699,0.2163076,6.044335,2.318316,0,13.52317
6/7/2007 3:00:00 PM,0.2622419,45.38861,113.221,48.73137,0.2601059,1.167355,3.393709,3.33,0,-1,0,3.33,35.05572,0,0.06370921,0.4030801,1.167355,3.505263,3.33,0,0,0.6748532,10.01791,0,2.337908,-2.337908,10.89544,77.82438,0.2163076,3.73308,0.9338843,0,11.18526
6/7/2007 4:00:00 PM,0.2133261,31.64856,111.1103,61.9612,0.2107638,0.9459081,2.976203,2.976203,0,-1,0,2.976203,31.78238,0,4.440892E-16,0,0.9459081,3.132845,2.976203,0,0,3.272528,7.679998,0,2.186937,-2.186937,8.5902,61.35846,0.2163076,3.273823,0.7567265,0,8.625907
6/7/2007 5:00:00 PM,0.1336098,17.81129,111.0087,75.61082,0.1305683,0.5859907,4.749649,3.33,0,-1,0,3.33,17.59732,0,1.419649,1.894614,0.5859907,3.505263,3.33,0,0,5.702459,5.493062,0,2.919272,-2.919272,5.513017,39.37862,0.2163076,5.224614,0.4687925,0,6.079052
6/7/2007 6:00:00 PM,0.04031365,4.032682,112.3116,89.4269,0.0325222,0.1459596,5.146095,2.583761,0,-1,0,2.583761,5.649115,0,2.562334,3.187872,0.1459596,2.719748,2.583761,0,0,8.946095,2.573789,0,2.573789,-2.573789,2.800006,20,0.2163076,5.660704,0.1167677,0,2.719748
6/7/2007 7:00:00 PM,0,0,114.9635,90,0,0,10.69759,0,0,-1,0,0,0,0,10.69759,11.76735,0,0,0,0,0,11.80586,0,0,0,0,2.800006,20,0.2163076,11.76735,0,0,0
6/7/2007 8:00:00 PM,0,0,119.2947,90,0,0,8.907672,0,0,-1,0,0,0,0,8.907672,9.798439,0,0,0,0,0,11.80586,0,0,0,0,2.800006,20,0.2163076,9.798439,0,0,0
6/7/2007 9:00:00 PM,0,0,126.1215,90,0,0,7.528091,0,0,-1,0,0,0,0,7.528091,8.2809,0,0,0,0,0,11.80586,0,0,0,0,2.800006,20,0.2163076,8.2809,0,0,0
6/7/2007 10:00:00 PM,0,0,137.0312,90,0,0,0,0,0,-1,0,0,0,0,0,0,0,0,0,0,0,11.80586,0,0,0,0,2.800006,20,0.2163076,0,0,0,0
6/7/2007 11:00:00 PM,0,0,154.4297,90,0,0,0.3645455,0,0,-1,0,0,0,0,0.3645455,0.401,0,0,0,0,0,11.80586,0,0,0,0,2.800006,20,0.2163076,0.401,0,0,0
6/8/2007 12:00:00 AM,0,0,178.8219,90,0,0,1.738638,0,0,-1,0,0,0,0,1.738638,1.912502,0,0,0,0,0,11.80586,0,0,0,0,2.800006,20,0.2163076,1.912502,0,0,0
6/8/2007 1:00:00 AM,0,0,-156.3829,90,0,0,0.4835128,0,0,-1,0,0,0,0,0.4835128,0.531864,0,0,0,0,0,11.80586,0,0,0,0,2.800006,20,0.2163076,0.531864,0,0,0
6/8/2007 2:00:00 AM,0,0,-138.3522,90,0,0,0.6052191,0,0,-1,0,0,0,0,0.6052191,0.665741,0,0,0,0,0,11.80586,0,0,0,0,2.800006,20,0.2163076,0.665741,0,0,0
6/8/2007 3:00:00 AM,0,0,-126.9829,90,0,0,0.6551684,0,0,-1,0,0,0,0,0.6551684,0.7206852,0,0,0,0,0,11.80586,0,0,0,0,2.800006,20,0.2163076,0.7206852,0,0,0
6/8/2007 4:00:00 AM,0,0,-119.8741,90,0,0,0.114755,0,0,-1,0,0,0,0,0.114755,0.1262305,0,0,0,0,0,11.80586,0,0,0,0,2.800006,20,0.2163076,0.1262305,0,0,0
6/8/2007 5:00:00 AM,0,0,-115.3644,90,0,0,0.4480069,0.4480069,3.95327,0,1.244243,0.4480069,0,4.440892E-16,0,0,0,0,0,3.505263,3.33,11.80586,0,3.33,0,3.33,5.959121,42.56506,0.216357,0.4928076,0,5,0
6/8/2007 6:00:00 AM,0.04005014,2.860773,-112.5864,90.6262,0.02141925,0.0961296,0.6497077,0.6497077,4.154971,0,1.299307,0.6497077,14.79582,0,0,0,0.0961296,0,0,3.505263,3.33,8.475861,2.997,3.42613,0,3.42613,9.209433,65.78153,0.2164264,0.7146784,0.07690368,5,3.09313
6/8/2007 7:00:00 AM,0.1940582,16.6183,-111.1753,76.81417,0.174567,0.7834566,0.004300887,0.004300887,3.509564,0,1.123111,0.004300887,18216.17,0,0,0,0.7834566,0,0,3.505263,3.33,5.049731,6.080517,4.113457,0,4.113457,13.1118,93.65553,0.2163251,0.004730975,0.6267653,5,6.863973
6/8/2007 8:00:00 AM,0.3454296,30.44556,-111.1536,63.15382,0.3262587,1.464249,2.835999,2.835999,0,0,0,2.835999,51.6308,0,0,0,1.464249,2.985263,2.835999,0,0,0.936274,9.782628,0,1.521013,-1.521013,11.50851,82.20349,0.2163251,3.1196,1.171399,0,11.24688
6/8/2007 9:00:00 AM,0.7008868,44.19019,-113.0645,49.88673,0.6519273,2.92585,0.1301283,0.1301283,0,-1,0,0.1301283,2248.434,0.1625837,0,0,2.92585,0.1369772,0.1301283,0,0,2.626289,8.261614,2.626289,0,2.626289,14.00003,100,0.2160444,0.1431412,2.34068,0,11.18746
6/8/2007 10:00:00 AM,0.8277037,57.56417,-118.7024,37.5248,0.7822511,3.510743,3.878481,3.878481,1.25,0,0.50625,3.878481,90.5185,0.7439209,0,0,3.510743,2.766822,2.628481,0,0,0,10.62527,0,0,0,14.00003,100,0.2160444,4.266329,2.808594,5,14.13602
6/8/2007 11:00:00 AM,0.8316483,69.64512,-134.2564,27.39893,0.7946364,3.566328,2.173176,2.173176,0,0,0,2.173176,164.1068,1.278775,0,0,3.566328,2.287553,2.173176,0,0,0,10.62527,0,0,0,14.00003,100,0.2160444,2.390493,2.853062,0,14.1916
6/8/2007 12:00:00 PM,0.7394075,76.25352,-177.3889,22.77274,0.7144017,3.206235,0,0,0,0,0,0,0,3.206235,0,0,3.206235,0,0,0,0,0,10.62527,0,0,0,14.00003,100,0.2160444,0,2.564988,0,13.83151
6/8/2007 1:00:00 PM,0.7527019,70.57725,136.6634,26.69281,0.723991,3.249272,3.012796,3.012796,0,0,0,3.012796,107.8491,0.07790783,0,0,3.249272,3.171364,3.012796,0,0,0,10.62527,0,0,0,14.00003,100,0.2160444,3.314075,2.599417,0,13.87455
6/8/2007 2:00:00 PM,0.5854555,58.72489,119.532,36.49436,0.5670367,2.544861,7.782109,3.33,0,-1,0,3.33,76.42225,4.440892E-16,4.452109,5.230319,2.544861,3.505263,3.33,0,0,0,10.62527,0,0.9604022,-0.9604022,12.98768,92.76892,0.2160444,8.56032,2.035889,0,13.17014
6/8/2007 3:00:00 PM,0.5667914,45.41116,113.3738,48.72983,0.5367414,2.408895,0.7137895,0.7137895,0,-1,0,0.7137895,337.4798,0.5904243,0,0,2.408895,0.7513574,0.7137895,0,0,1.067114,9.664872,1.067114,0,1.067114,14.00003,100,0.2159306,0.7851685,1.927116,0,12.07377
6/8/2007 4:00:00 PM,0.26729,31.68428,111.2321,61.94316,0.2611611,1.172091,1.189388,1.189388,0,-1,0,1.189388,98.54568,0,0,0,1.172091,1.251988,1.189388,0,0,0,10.62527,0,0.07989681,-0.07989681,13.91581,99.39844,0.2159306,1.308327,0.9376727,0,11.79737
6/8/2007 5:00:00 PM,0.2179016,17.85742,111.1132,75.58027,0.1950084,0.8751975,5.700038,3.33,0,-1,0,3.33,26.28221,4.440892E-16,2.370038,2.940042,0.8751975,3.505263,3.33,0,0,0.08877423,10.54538,0,2.630066,-2.630066,11.14348,79.5961,0.2159306,6.270042,0.700158,0,11.42058
6/8/2007 6:00:00 PM,0.04913,4.088242,112.4064,89.38566,0.03150445,0.141392,2.407133,2.407133,0,-1,0,2.407133,5.873875,0,4.440892E-16,0,0.141392,2.533824,2.407133,0,0,3.01107,7.915312,0,2.392432,-2.392432,8.621632,61.58296,0.2159306,2.647846,0.1131136,0,8.056704
6/8/2007 7:00:00 PM,0,0,115.053,90,0,0,0,0,0,-1,0,0,0,0,0,0,0,0,0,0,0,5.669327,5.52288,0,0,0,8.621632,61.58296,0.2159306,0,0,0,5.52288
6/8/2007 8:00:00 PM,0,0,119.3811,90,0,0,6.867615,3.33,0,-1,0,3.33,0,0,3.537615,4.224376,0,3.505263,3.33,0,0,5.669327,5.52288,0,3.505263,-3.505263,4.92676,35.19107,0.2159306,7.554376,0,0,5.52288
6/8/2007 9:00:00 PM,0,0,126.2031,90,0,0,6.270055,1.916736,0,-1,0,1.916736,0,0,4.353319,4.980325,0,2.017617,1.916736,0,0,9.564064,2.017617,0,2.017617,-2.017617,2.800006,20,0.2159306,6.897061,0,0,2.017617
6/8/2007 10:00:00 PM,0,0,137.0969,90,0,0,0.548569,0,0,-1,0,0,0,0,0.548569,0.6034259,0,0,0,0,0,11.80586,0,0,0,0,2.800006,20,0.2159306,0.6034259,0,0,0
6/8/2007 11:00:00 PM,0,0,154.4467,90,0,0,0,0,0,-1,0,0,0,0,0,0,0,0,0,0,0,11.80586,0,0,0,0,2.800006,20,0.2159306,0,0,0,0
6/9/2007 12:00:00 AM,0,0,178.7448,90,0,0,1.221251,0,0,-1,0,0,0,0,1.221251,1.343377,0,0,0,0,0,11.80586,0,0,0,0,2.800006,20,0.2159306,1.343377,0,0,0
6/9/2007 1:00:00 AM,0,0,-156.5219,90,0,0,0.2385274,0,0,-1,0,0,0,0,0.2385274,0.2623801,0,0,0,0,0,11.80586,0,0,0,0,2.800006,20,0.2159306,0.2623801,0,0,0
6/9/2007 2:00:00 AM,0,0,-138.4955,90,0,0,0.9386494,0,0,-1,0,0,0,0,0.9386494,1.032514,0,0,0,0,0,11.80586,0,0,0,0,2.800006,20,0.2159306,1.032514,0,0,0
6/9/2007 3:00:00 AM,0,0,-127.1107,90,0,0,0.6887308,0,0,-1,0,0,0,0,0.6887308,0.7576039,0,0,0,0,0,11.80586,0,0,0,0,2.800006,20,0.2159306,0.7576039,0,0,0
6/9/2007 4:00:00 AM,0,0,-119.9876,90,0,0,0.7842949,0,0,-1,0,0,0,0,0.7842949,0.8627244,0,0,0,0,0,11.80586,0,0,0,0,2.800006,20,0.2159306,0.8627244,0,0,0
6/9/2007 5:00:00 AM,0,0,-115.4687,90,0,0,0.6708109,0.6708109,4.176074,0,1.305068,0.6708109,0,0,0,0,0,0,0,3.505263,3.33,11.80586,0,3.33,0,3.33,5.959121,42.56506,0.2160137,0.737892,0,5,0
6/9/2007 6:00:00 AM,0.03539034,2.832556,-112.6865,90.66861,0.02393989,0.1074422,1.419413,1.419413,4.685657,0,1.444184,1.419413,7.569481,0,0,0,0.1074422,0,0,3.266244,3.102931,8.475861,2.997,3.210374,0,3.210374,9.004749,64.3195,0.2161752,1.561355,0.08595378,5,3.104442
6/9/2007 7:00:00 AM,0.1459209,16.58046,-111.2762,76.86613,0.1398074,0.6274557,4.761145,4.761145,5,0,1.53,4.761145,13.17867,0,0,0,0.6274557,0,0,0.2388554,0.2269126,5.265487,5.886336,0.8543683,0,0.8543683,9.815274,70.10896,0.2162089,5.237259,0.5019646,5,6.513792
6/9/2007 8:00:00 AM,0.3088947,30.39808,-111.2607,63.21581,0.296113,1.328955,3.51291,3.51291,5,0,1.53,3.51291,37.8306,-2.220446E-16,0,0,1.328955,0,0,1.48709,1.412735,4.411119,6.655268,2.74169,0,2.74169,12.41627,88.68746,0.2163275,3.864201,1.063164,5,7.984223
6/9/2007 9:00:00 AM,0.5395824,44.13178,-113.1842,49.96029,0.511478,2.295513,1.821614,1.821614,0,-1,0,1.821614,126.0154,0,0,0,2.295513,1.917488,1.821614,0,0,1.669428,9.122789,0.3780254,0,0.3780254,12.7749,91.24908,0.2162873,2.003775,1.836411,0,11.4183
6/9/2007 10:00:00 AM,0.8426586,57.49141,-118.8405,37.61242,0.7957196,3.57119,0.4002753,0.4002753,0,0,0,0.4002753,892.1832,1.858445,0,0,3.57119,0.4213425,0.4002753,0,0,1.291402,9.463012,1.291402,0,1.291402,14.00003,100,0.2161502,0.4403029,2.856952,0,13.0342
6/9/2007 11:00:00 AM,0.8592983,69.5515,-134.3856,27.5007,0.8195338,3.678068,6.66191,6.66191,3.33191,0,1.074611,6.66191,55.2104,0.1728044,0,0,3.678068,3.505263,3.33,0,0,0,10.62527,0,0,0,14.00003,100,0.2161502,7.328101,2.942454,5,14.30334
6/9/2007 12:00:00 PM,0.857704,76.15684,-177.2294,22.86869,0.8211446,3.685297,0.7082651,0.7082651,0,0,0,0.7082651,520.3273,2.939755,0,0,3.685297,0.7455422,0.7082651,0,0,0,10.62527,0,0,0,14.00003,100,0.2161502,0.7790917,2.948238,0,14.31057
6/9/2007 1:00:00 PM,0.8525432,70.54428,136.9595,26.74837,0.8139166,3.652858,1.895147,1.895147,0,0,0,1.895147,192.748,1.657966,0,0,3.652858,1.994891,1.895147,0,0,0,10.62527,0,0,0,14.00003,100,0.2161502,2.084661,2.922286,0,14.27813
6/9/2007 2:00:00 PM,0.5973203,58.73027,119.7319,36.51292,0.5775451,2.592022,4.636789,3.33,0,-1,0,3.33,77.83851,0,1.306789,1.770468,2.592022,3.505263,3.33,0,0,0,10.62527,0,0.9132407,-0.9132407,13.03739,93.12401,0.2161502,5.100468,2.073618,0,13.2173
6/9/2007 3:00:00 PM,0.7012579,45.43581,113.5176,48.72498,0.6537288,2.933935,0,0,0,-1,0,0,0,1.919223,0,0,2.933935,0,0,0,0,1.014712,9.712033,1.014712,0,1.014712,14.00003,100,0.2160426,0,2.347148,0,12.64597
6/9/2007 4:00:00 PM,0.4002606,31.72137,111.3462,61.92267,0.3726393,1.672405,0,0,0,-1,0,0,0,1.672405,0,0,1.672405,0,0,0,0,0,10.62527,0,0,0,14.00003,100,0.2160426,0,1.337924,0,12.29768
6/9/2007 5:00:00 PM,0.1184642,17.90429,111.2106,75.54796,0.1166272,0.5234229,5.471755,3.33,0,-1,0,3.33,15.7184,0,2.141755,2.688931,0.5234229,3.505263,3.33,0,0,0,10.62527,0,2.98184,-2.98184,10.85689,77.54907,0.2160426,6.01893,0.4187383,0,11.1487
6/9/2007 6:00:00 PM,0.0333672,4.143919,112.4944,89.3433,0.03053563,0.1370439,1.962222,1.962222,0,-1,0,1.962222,6.984118,0,2.220446E-16,0,0.1370439,2.065497,1.962222,0,0,3.313156,7.643434,0,1.928453,-1.928453,8.824124,63.02934,0.2160426,2.158444,0.1096351,0,7.780478
6/9/2007 7:00:00 PM,0,0,115.1355,90,0,0,8.992257,3.33,0,-1,0,3.33,0,0,5.662257,6.561483,0,3.505263,3.33,0,0,5.455881,5.714981,0,3.505263,-3.505263,5.129253,36.63745,0.2160426,9.891483,0,0,5.714981
6/9/2007 8:00:00 PM,0,0,119.4601,90,0,0,6.437309,2.099232,0,-1,0,2.099232,0,0,4.338078,4.981808,0,2.209718,2.099232,0,0,9.350618,2.209718,0,2.209718,-2.209718,2.800006,20,0.2160426,7.08104,0,0,2.209718
6/9/2007 9:00:00 PM,0,0,126.2767,90,0,0,3.564287,0,0,-1,0,0,0,0,3.564287,3.920716,0,0,0,0,0,11.80586,0,0,0,0,2.800006,20,0.2160426,3.920716,0,0,0
6/9/2007 10:00:00 PM,0,0,137.1543,90,0,0,0.8370684,0,0,-1,0,0,0,0,0.8370684,0.9207752,0,0,0,0,0,11.80586,0,0,0,0,2.800006,20,0.2160426,0.9207752,0,0,0
6/9/2007 11:00:00 PM,0,0,154.4567,90,0,0,1.317513,0,0,-1,0,0,0,0,1.317513,1.449265,0,0,0,0,0,11.80586,0,0,0,0,2.800006,20,0.2160426,1.449265,0,0,0
6/10/2007 12:00:00 AM,0,0,178.6658,90,0,0,0.7657256,0,0,-1,0,0,0,0,0.7657256,0.8422982,0,0,0,0,0,11.80586,0,0,0,0,2.800006,20,0.2160426,0.8422982,0,0,0
6/10/2007 1:00:00 AM,0,0,-156.657,90,0,0,0.1149326,0,0,-1,0,0,0,0,0.1149326,0.1264259,0,0,0,0,0,11.80586,0,0,0,0,2.800006,20,0.2160426,0.1264259,0,0,0
6/10/2007 2:00:00 AM,0,0,-138.6325,90,0,0,0.4639132,0,0,-1,0,0,0,0,0.4639132,0.5103045,0,0,0,0,0,11.80586,0,0,0,0,2.800006,20,0.2160426,0.5103045,0,0,0
6/10/2007 3:00:00 AM,0,0,-127.2321,90,0,0,1.183323,0,0,-1,0,0,0,0,1.183323,1.301655,0,0,0,0,0,11.80586,0,0,0,0,2.800006,20,0.2160426,1.301655,0,0,0
6/10/2007 4:00:00 AM,0,0,-120.0947,90,0,0,0.2169798,0,0,-1,0,0,0,0,0.2169798,0.2386778,0,0,0,0,0,11.80586,0,0,0,0,2.800006,20,0.2160426,0.2386778,0,0,0
6/10/2007 5:00:00 AM,0,0,-115.5665,90,0,0,0,0,0,0,0,0,0,0,0,0,0,0,0,0,0,11.80586,0,0,0,0,2.800006,20,0.2160426,0,0,0,0
6/10/2007 6:00:00 AM,0.04080074,2.80232,-112.7801,90.71206,0.02007839,0.09011181,0.5533243,0.5533243,4.058588,0,1.272994,0.5533243,16.28553,4.440892E-16,0,0,0.09011181,0,0,3.505263,3.33,11.80586,0,3.420112,0,3.420112,6.044609,43.17569,0.216098,0.6086568,0.07208946,5,0.09011181
6/10/2007 7:00:00 AM,0.2299686,16.54121,-111.3702,76.91845,0.1953497,0.8767294,2.852795,2.852795,5,0,1.53,2.852795,30.73229,0,0,0,0.8767294,0,0,2.147205,2.039845,8.385749,3.078101,2.916574,0,2.916574,8.811514,62.93925,0.2162318,3.138075,0.7013835,5,3.95483
6/10/2007 8:00:00 AM,0.4505658,30.34985,-111.3599,63.27741,0.4085298,1.833482,6.782116,6.782116,5,0,1.53,6.782116,27.03407,0,0,0,1.833482,1.875911,1.782116,0,0,5.469174,5.703017,0,0.04242986,-0.04242986,8.766788,62.61979,0.2162318,7.460328,1.466785,5,7.536499
6/10/2007 9:00:00 AM,0.6705676,44.07343,-113.2943,50.03248,0.6241429,2.801153,0,0,0,-1,0,0,0,0,0,0,2.801153,0,0,0,0,5.516319,5.660587,2.801153,0,2.801153,11.4242,81.60123,0.215936,0,2.240922,0,8.46174
6/10/2007 10:00:00 AM,0.6984763,57.41989,-118.9657,37.69725,0.6657181,2.987743,2.619215,2.619215,0,0,0,2.619215,114.0702,0,0,0,2.987743,2.757068,2.619215,0,0,2.715166,8.181625,0.2306748,0,0.2306748,11.64303,83.16435,0.2159117,2.881136,2.390194,0,11.16937
6/10/2007 11:00:00 AM,0.9597269,69.46136,-134.4971,27.59762,0.9121861,4.093892,4.614406,4.614406,3.085476,0,1.007335,4.614406,88.71979,4.440892E-16,0,0,4.093892,1.609401,1.528931,0,0,2.484491,8.389233,2.484491,0,2.484491,14.00003,100,0.2159165,5.075847,3.275113,5,12.48312
6/10/2007 12:00:00 PM,0.8906752,76.06673,-177.0664,22.95799,0.8510283,3.819415,0,0,0,0,0,0,0,3.819415,0,0,3.819415,0,0,0,0,0,10.62527,0,0,0,14.00003,100,0.2159165,0,3.055532,0,14.44469
6/10/2007 1:00:00 PM,0.6049984,70.51621,137.2419,26.79797,0.5902902,2.649223,0,0,0,0,0,0,0,2.649223,0,0,2.649223,0,0,0,0,0,10.62527,0,0,0,14.00003,100,0.2159165,0,2.119378,0,13.2745
6/10/2007 2:00:00 PM,0.4997812,58.73878,119.9205,36.52704,0.4891339,2.195233,0,0,0,-1,0,0,0,2.195233,0,0,2.195233,0,0,0,0,0,10.62527,0,0,0,14.00003,100,0.2159165,0,1.756186,0,12.82051
6/10/2007 3:00:00 PM,0.4554946,45.46254,113.6523,48.71684,0.440581,1.977327,2.650737,2.650737,0,-1,0,2.650737,74.59538,0,0,0,1.977327,2.79025,2.650737,0,0,0,10.62527,0,0.8129221,-0.8129221,13.14313,93.87933,0.2159165,2.915811,1.581862,0,12.6026
6/10/2007 4:00:00 PM,0.4200212,31.7598,111.4525,61.89976,0.388198,1.742233,2.508644,2.508644,0,-1,0,2.508644,69.44917,0,0,0,1.742233,2.640678,2.508644,0,0,0.9032468,9.812352,0,0.8984455,-0.8984455,12.19609,87.11474,0.2159165,2.759509,1.393786,0,11.55458
6/10/2007 5:00:00 PM,0.2465823,17.95183,111.3009,75.51395,0.2130413,0.9561292,3.521996,3.33,0,-1,0,3.33,28.71259,4.440892E-16,0.1919958,0.5441954,0.9561292,3.505263,3.33,0,0,1.90152,8.913906,0,2.549134,-2.549134,9.509065,67.92176,0.2159165,3.874195,0.7649034,0,9.870036
6/10/2007 6:00:00 PM,0.03857232,4.199646,112.5755,89.29989,0.03306452,0.1483936,0,0,0,-1,0,0,0,0,0,0,0.1483936,0,0,0,0,4.733891,6.364773,0.1483936,0,0.1483936,9.649843,68.92731,0.2159009,0,0.1187148,0,6.513166
6/10/2007 7:00:00 PM,0,0,115.2112,90,0,0,3.41941,3.33,0,-1,0,3.33,0,0,0.08941026,0.4313513,0,3.505263,3.33,0,0,4.585497,6.498327,0,3.505263,-3.505263,5.954972,42.53543,0.2159009,3.761351,0,0,6.498327
6/10/2007 8:00:00 PM,0,0,119.5318,90,0,0,7.262512,2.84341,0,-1,0,2.84341,0,0,4.419101,5.145353,0,2.993064,2.84341,0,0,8.480234,2.993064,0,2.993064,-2.993064,2.800006,20,0.2159009,7.988763,0,0,2.993064
6/10/2007 9:00:00 PM,0,0,126.3425,90,0,0,3.426127,0,0,-1,0,0,0,0,3.426127,3.768739,0,0,0,0,0,11.80586,0,0,0,0,2.800006,20,0.2159009,3.768739,0,0,0
6/10/2007 10:00:00 PM,0,0,137.2034,90,0,0,0.7405453,0,0,-1,0,0,0,0,0.7405453,0.8145998,0,0,0,0,0,11.80586,0,0,0,0,2.800006,20,0.2159009,0.8145998,0,0,0
6/10/2007 11:00:00 PM,0,0,154.4596,90,0,0,0.8545085,0,0,-1,0,0,0,0,0.8545085,0.9399593,0,0,0,0,0,11.80586,0,0,0,0,2.800006,20,0.2159009,0.9399593,0,0,0
6/11/2007 12:00:00 AM,0,0,178.5852,90,0,0,0.3777847,0,0,-1,0,0,0,0,0.3777847,0.4155632,0,0,0,0,0,11.80586,0,0,0,0,2.800006,20,0.2159009,0.4155632,0,0,0
6/11/2007 1:00:00 AM,0,0,-156.7881,90,0,0,0.3472091,0,0,-1,0,0,0,0,0.3472091,0.38193,0,0,0,0,0,11.80586,0,0,0,0,2.800006,20,0.2159009,0.38193,0,0,0
6/11/2007 2:00:00 AM,0,0,-138.7634,90,0,0,1.130877,0,0,-1,0,0,0,0,1.130877,1.243964,0,0,0,0,0,11.80586,0,0,0,0,2.800006,20,0.2159009,1.243964,0,0,0
6/11/2007 3:00:00 AM,0,0,-127.3468,90,0,0,0.459682,0,0,-1,0,0,0,0,0.459682,0.5056503,0,0,0,0,0,11.80586,0,0,0,0,2.800006,20,0.2159009,0.5056503,0,0,0
6/11/2007 4:00:00 AM,0,0,-120.1952,90,0,0,1.139954,0,0,-1,0,0,0,0,1.139954,1.25395,0,0,0,0,0,11.80586,0,0,0,0,2.800006,20,0.2159009,1.25395,0,0,0
6/11/2007 5:00:00 AM,0,0,-115.6579,90,0,0,0.2583512,0.2583512,3.763614,0,1.192467,0.2583512,0,0,0,0,0,0,0,3.505263,3.33,11.80586,0,3.33,0,3.33,5.959121,42.56506,0.2159221,0.2841863,0,5,0
6/11/2007 6:00:00 AM,0.02339565,2.770132,-112.8671,90.75648,0.0217398,0.09756821,1.516748,1.516748,4.760891,0,1.464723,1.516748,6.432723,0,0,0,0.09756821,0,0,3.244143,3.081936,8.475861,2.997,3.179504,0,3.179504,8.975463,64.11032,0.2160804,1.668423,0.07805456,5,3.094568
6/11/2007 7:00:00 AM,0.1677805,16.50063,-111.4571,76.97107,0.1563048,0.7014958,2.613953,2.613953,5,0,1.53,2.613953,26.83658,0,0,0,0.7014958,0,0,2.386047,2.266744,5.296356,5.858553,2.96824,0,2.96824,11.79138,84.224,0.2162185,2.875349,0.5611966,5,6.560049
6/11/2007 8:00:00 AM,0.1796551,30.30095,-111.4511,63.33853,0.1779758,0.7987553,1.363113,1.363113,0,0,0,1.363113,58.59786,0,0,0,0.7987553,1.434856,1.363113,0,0,2.328116,8.529969,0,0.6361008,-0.6361008,11.12087,79.43465,0.2162185,1.499425,0.6390042,0,9.328725
6/11/2007 9:00:00 AM,0.295506,44.01522,-113.3946,50.1032,0.2922198,1.311482,3.105501,3.105501,0,-1,0,3.105501,42.23095,0,0,0.08605101,1.311482,3.268948,3.105501,0,0,3.034895,7.893868,0,1.957466,-1.957466,9.057524,64.69646,0.2162185,3.416051,1.049186,0,9.205351
6/11/2007 10:00:00 AM,0.3804257,57.34972,-119.078,37.77921,0.3761891,1.688337,0.1597381,0.1597381,0,0,0,0.1597381,1056.941,0,0,0,1.688337,0.1681453,0.1597381,0,0,5.209857,5.936403,1.520191,0,1.520191,10.4997,74.99773,0.2160591,0.1757119,1.350669,0,7.62474
6/11/2007 11:00:00 AM,0.3621298,69.3748,-134.5912,27.6896,0.3593389,1.612713,6.083501,6.083501,5,0,1.53,6.083501,26.50961,0,0,0,1.612713,1.140528,1.083502,0,0,3.689666,7.304575,0.472185,0,0.472185,10.94766,78.1974,0.2160756,6.691852,1.29017,5,8.917288
6/11/2007 12:00:00 PM,0.7282642,75.98324,-176.9,23.04062,0.7039024,3.159114,2.088374,2.088374,2.143823,0,0.7502636,2.088374,151.2715,0,0,0,3.159114,0,0,0.05544837,0.05267595,3.217481,7.729541,3.21179,0,3.21179,13.99463,99.96144,0.2158708,2.297212,2.527291,5,10.88866
6/11/2007 1:00:00 PM,0.5004466,70.49305,137.5107,26.84162,0.4929056,2.21216,3.474727,3.474727,1.378581,0,0.5413526,3.474727,63.66429,1.214306E-16,0,0,2.21216,2.206469,2.096146,0,0,0.005690754,10.62015,0.005690754,0,0.005690754,14.00003,100,0.215871,3.822199,1.769728,5,12.83231
6/11/2007 2:00:00 PM,0.5056843,58.7504,120.0977,36.53672,0.494531,2.219455,4.590478,3.33,0,-1,0,3.33,66.6503,0,1.260478,1.719526,2.219455,3.505263,3.33,0,0,0,10.62527,0,1.285808,-1.285808,12.64467,90.31887,0.215871,5.049526,1.775564,0,12.84473
6/11/2007 3:00:00 PM,0.4214323,45.49131,113.778,48.70544,0.4102203,1.841069,0,0,0,-1,0,0,0,0.4123932,0,0,1.841069,0,0,0,0,1.428676,9.339466,1.428676,0,1.428676,14.00003,100,0.2157218,0,1.472855,0,11.18054
6/11/2007 4:00:00 PM,0.2804397,31.79949,111.551,61.87448,0.2729928,1.225191,2.717607,2.717607,0,-1,0,2.717607,45.08347,0,0,0,1.225191,2.860639,2.717607,0,0,0,10.62527,0,1.635448,-1.635448,12.27611,87.68636,0.2157218,2.989368,0.9801532,0,11.85047
6/11/2007 5:00:00 PM,0.09660929,17.99999,111.3842,75.47829,0.09564038,0.4292341,0,0,0,-1,0,0,0,0,0,0,0.4292341,0,0,0,0,1.817164,8.989826,0.4292341,0,0.4292341,12.68332,90.59498,0.215677,0,0.3433872,0,9.419061
6/11/2007 6:00:00 PM,0.01065889,4.255351,112.6497,89.25551,0.01051769,0.04720338,6.433836,3.33,0,-1,0,3.33,1.417519,0,3.103836,3.74722,0.04720338,3.505263,3.33,0,0,1.38793,9.376137,0,3.45806,-3.45806,9.038207,64.55849,0.215677,7.07722,0.0377627,0,9.423341
6/11/2007 7:00:00 PM,0,0,115.2799,90,0,0,2.368679,2.368679,0,-1,0,2.368679,0,0,0,0,0,2.493346,2.368679,0,0,5.230219,5.918077,0,2.493346,-2.493346,6.409989,45.78555,0.215677,2.605547,0,0,5.918077
6/11/2007 8:00:00 PM,0,0,119.5963,90,0,0,2.165012,2.165012,0,-1,0,2.165012,0,0,0,0,0,2.27896,2.165012,0,0,8.000604,3.424731,0,2.27896,-2.27896,4.007754,28.62676,0.215677,2.381514,0,0,3.424731
6/11/2007 9:00:00 PM,0,0,126.4004,90,0,0,0,0,0,-1,0,0,0,0,0,0,0,0,0,0,0,10.53278,1.145771,0,0,0,4.007754,28.62676,0.215677,0,0,0,1.145771
6/11/2007 10:00:00 PM,0,0,137.2442,90,0,0,1.832301,1.088482,0,-1,0,1.088482,0,0,0.7438186,0.9270487,0,1.145771,1.088482,0,0,10.53278,1.145771,0,1.145771,-1.145771,2.800006,20,0.215677,2.015531,0,0,1.145771
6/11/2007 11:00:00 PM,0,0,154.4558,90,0,0,0,0,0,-1,0,0,0,0,0,0,0,0,0,0,0,11.80586,0,0,0,0,2.800006,20,0.215677,0,0,0,0
6/12/2007 12:00:00 AM,0,0,178.5029,90,0,0,1.115411,0,0,-1,0,0,0,0,1.115411,1.226952,0,0,0,0,0,11.80586,0,0,0,0,2.800006,20,0.215677,1.226952,0,0,0
6/12/2007 1:00:00 AM,0,0,-156.9152,90,0,0,0.4043362,0,0,-1,0,0,0,0,0.4043362,0.4447698,0,0,0,0,0,11.80586,0,0,0,0,2.800006,20,0.215677,0.4447698,0,0,0
6/12/2007 2:00:00 AM,0,0,-138.888,90,0,0,0.2145353,0,0,-1,0,0,0,0,0.2145353,0.2359888,0,0,0,0,0,11.80586,0,0,0,0,2.800006,20,0.215677,0.2359888,0,0,0
6/12/2007 3:00:00 AM,0,0,-127.4549,90,0,0,0.8293603,0,0,-1,0,0,0,0,0.8293603,0.9122963,0,0,0,0,0,11.80586,0,0,0,0,2.800006,20,0.215677,0.9122963,0,0,0
6/12/2007 4:00:00 AM,0,0,-120.2892,90,0,0,0.7555475,0,0,-1,0,0,0,0,0.7555475,0.8311023,0,0,0,0,0,11.80586,0,0,0,0,2.800006,20,0.215677,0.8311023,0,0,0
6/12/2007 5:00:00 AM,0,0,-115.7429,90,0,0,0.4238439,0.4238439,3.929107,0,1.237646,0.4238439,0,4.440892E-16,0,0,0,0,0,3.505263,3.33,11.80586,0,3.33,0,3.33,5.959121,42.56506,0.2157226,0.4662283,0,5,0
6/12/2007 6:00:00 AM,0.04899216,2.736061,-112.9474,90.80181,0.01076548,0.04831549,0.5773677,0.5773677,4.082631,0,1.279558,0.5773677,8.368235,4.440892E-16,0,0,0.04831549,0,0,3.505263,3.33,8.475861,2.997,3.378315,0,3.378315,9.164072,65.45753,0.2157855,0.6351045,0.03865239,5,3.045316
6/12/2007 7:00:00 AM,0.2028782,16.4588,-111.5369,77.0239,0.1788836,0.8028294,2.47536,2.47536,5,0,1.53,2.47536,32.43284,0,0,0,0.8028294,0,0,2.52464,2.398408,5.097545,6.037484,3.201238,0,3.201238,12.20103,87.15006,0.215933,2.722896,0.6422636,5,6.840313
6/12/2007 8:00:00 AM,0.3374211,30.25148,-111.5343,63.39907,0.3190992,1.432117,2.089694,2.089694,0,0,0,2.089694,68.53238,0,4.440892E-16,0,1.432117,2.199678,2.089694,0,0,1.896307,8.918598,0,0.767561,-0.767561,11.39195,81.37093,0.215933,2.298664,1.145694,0,10.35071
6/12/2007 9:00:00 AM,0.4936171,43.95727,-113.4852,50.17236,0.4717858,2.117375,2.11757,2.11757,0,-1,0,2.11757,99.99077,0,4.440892E-16,0,2.117375,2.229022,2.11757,0,0,2.749152,8.151037,0,0.1116466,-0.1116466,11.27427,80.53032,0.215933,2.329327,1.6939,0,10.26841
6/12/2007 10:00:00 AM,0.7782048,57.28101,-119.1775,37.85819,0.7362379,3.304236,1.596468,1.596468,0,0,0,1.596468,206.9717,0,0,0,3.304236,1.680492,1.596468,0,0,2.873204,8.039391,1.623744,0,1.623744,12.81469,91.53329,0.2157644,1.756114,2.643389,0,11.34363
6/12/2007 11:00:00 AM,0.8012911,69.29193,-134.6684,27.77658,0.7663515,3.439385,5.752726,5.752726,3.672297,0,1.167537,5.752726,59.78705,4.440892E-16,0,0,3.439385,2.189924,2.080428,0,0,1.249461,9.500759,1.249461,0,1.249461,14.00003,100,0.2158079,6.327999,2.751508,5,12.94014
6/12/2007 12:00:00 PM,0.8037749,75.90636,-176.7303,23.11655,0.7717624,3.46367,0,0,0,0,0,0,0,3.46367,0,0,3.46367,0,0,0,0,0,10.62527,0,0,0,14.00003,100,0.2158079,0,2.770936,0,14.08894
6/12/2007 1:00:00 PM,0.5488558,70.47483,137.7661,26.8793,0.5383248,2.416002,0,0,0,0,0,0,0,2.416002,0,0,2.416002,0,0,0,0,0,10.62527,0,0,0,14.00003,100,0.2158079,0,1.932801,0,13.04128
6/12/2007 2:00:00 PM,0.6925484,58.76513,120.2634,36.54197,0.6615081,2.968848,2.193735,2.193735,0,-1,0,2.193735,135.3331,0.659654,0,0,2.968848,2.309194,2.193735,0,0,0,10.62527,0,0,0,14.00003,100,0.2158079,2.413108,2.375079,0,13.59412
6/12/2007 3:00:00 PM,0.4895128,45.52209,113.8944,48.69083,0.4702165,2.110332,0.4938796,0.4938796,0,-1,0,0.4938796,427.2968,1.590459,0,0,2.110332,0.5198732,0.4938796,0,0,0,10.62527,0,0,0,14.00003,100,0.2158079,0.5432675,1.688265,0,12.73561
6/12/2007 4:00:00 PM,0.4173661,31.84041,111.6416,61.84687,0.3860663,1.732665,4.812648,3.33,0,-1,0,3.33,52.03199,0,1.482648,1.963913,1.732665,3.505263,3.33,0,0,0,10.62527,0,1.772598,-1.772598,12.13155,86.65372,0.2158079,5.293913,1.386132,0,12.35794
6/12/2007 5:00:00 PM,0.2542984,18.04871,111.4602,75.44106,0.2180516,0.9786158,0.2017666,0.2017666,0,-1,0,0.2017666,485.0238,0,0,0,0.9786158,0.2123858,0.2017666,0,0,1.969553,8.852676,0.7662299,0,0.7662299,12.85846,91.84592,0.2157284,0.2219432,0.7828926,0,9.831292
6/12/2007 6:00:00 PM,0.05006257,4.310959,112.7171,89.21022,0.03380972,0.151738,7.304749,3.33,0,-1,0,3.33,4.556697,4.440892E-16,3.974749,4.705224,0.151738,3.505263,3.33,0,0,1.203323,9.542283,0,3.353525,-3.353525,9.323529,66.5965,0.2157284,8.035224,0.1213904,0,9.694021
6/12/2007 7:00:00 PM,0,0,115.3417,90,0,0,5.814312,3.33,0,-1,0,3.33,0,0,2.484312,3.065743,0,3.505263,3.33,0,0,4.929462,6.188758,0,3.505263,-3.505263,5.628658,40.20462,0.2157284,6.395743,0,0,6.188758
6/12/2007 8:00:00 PM,0,0,119.6534,90,0,0,0.1860399,0.1860399,0,-1,0,0.1860399,0,0,0,0,0,0.1958315,0.1860399,0,0,8.824199,2.683495,0,0.1958315,-0.1958315,5.422233,38.73016,0.2157284,0.2046439,0,0,2.683495
6/12/2007 9:00:00 PM,0,0,126.4504,90,0,0,3.048513,2.363281,0,-1,0,2.363281,0,0,0.6852323,0.9900836,0,2.487664,2.363281,0,0,9.04179,2.487664,0,2.487664,-2.487664,2.800006,20,0.2157284,3.353364,0,0,2.487664
6/12/2007 10:00:00 PM,0,0,137.277,90,0,0,0.5678165,0,0,-1,0,0,0,0,0.5678165,0.6245981,0,0,0,0,0,11.80586,0,0,0,0,2.800006,20,0.2157284,0.6245981,0,0,0
6/12/2007 11:00:00 PM,0,0,154.4452,90,0,0,0.7316859,0,0,-1,0,0,0,0,0.7316859,0.8048545,0,0,0,0,0,11.80586,0,0,0,0,2.800006,20,0.2157284,0.8048545,0,0,0
6/13/2007 12:00:00 AM,0,0,178.4191,90,0,0,0.3685486,0,0,-1,0,0,0,0,0.3685486,0.4054035,0,0,0,0,0,11.80586,0,0,0,0,2.800006,20,0.2157284,0.4054035,0,0,0
6/13/2007 1:00:00 AM,0,0,-157.0383,90,0,0,1.187081,0,0,-1,0,0,0,0,1.187081,1.305789,0,0,0,0,0,11.80586,0,0,0,0,2.800006,20,0.2157284,1.305789,0,0,0
6/13/2007 2:00:00 AM,0,0,-139.0062,90,0,0,0.3457517,0,0,-1,0,0,0,0,0.3457517,0.3803269,0,0,0,0,0,11.80586,0,0,0,0,2.800006,20,0.2157284,0.3803269,0,0,0
6/13/2007 3:00:00 AM,0,0,-127.5563,90,0,0,0.1388479,0,0,-1,0,0,0,0,0.1388479,0.1527327,0,0,0,0,0,11.80586,0,0,0,0,2.800006,20,0.2157284,0.1527327,0,0,0
6/13/2007 4:00:00 AM,0,0,-120.3767,90,0,0,0.8921186,0,0,-1,0,0,0,0,0.8921186,0.9813305,0,0,0,0,0,11.80586,0,0,0,0,2.800006,20,0.2157284,0.9813305,0,0,0
6/13/2007 5:00:00 AM,0,0,-115.8213,90,0,0,0,0,0,0,0,0,0,0,0,0,0,0,0,0,0,11.80586,0,0,0,0,2.800006,20,0.2157284,0,0,0,0
6/13/2007 6:00:00 AM,0.05506247,2.700178,-113.0212,90.84796,0.005311368,0.02383742,0.7923356,0.7923356,4.297599,0,1.338244,0.7923356,3.0085,0,0,0,0.02383742,0,0,3.505263,3.33,11.80586,0,3.353837,0,3.353837,5.981735,42.72659,0.2158248,0.8715692,0.01906993,5,0.02383742
6/13/2007 7:00:00 AM,0.2330798,16.4158,-111.6096,77.07686,0.1960384,0.8798204,0.05030794,0.05030794,3.555571,0,1.135671,0.05030794,1748.87,0,0,0,0.8798204,0,0,3.505263,3.33,8.452023,3.018454,4.20982,0,4.20982,9.975521,71.25359,0.2157246,0.05533873,0.7038563,5,3.898274
6/13/2007 8:00:00 AM,0.3384276,30.20152,-111.6095,63.45897,0.319742,1.435002,3.018116,3.018116,5,0,1.53,3.018116,47.5463,0,0,0,1.435002,0,0,1.981884,1.88279,4.242202,6.807292,3.317792,0,3.317792,13.12306,93.73592,0.2158675,3.319927,1.148002,5,8.242294
6/13/2007 9:00:00 AM,0.569523,43.89965,-113.5661,50.23987,0.5359949,2.405545,0,0,0,-1,0,0,0,1.481135,0,0,2.405545,0,0,0,0,0.92441,9.793305,0.92441,0,0.92441,14.00003,100,0.2157722,0,1.924436,0,12.19885
6/13/2007 10:00:00 AM,0.8116729,57.21387,-119.2643,37.93412,0.7663264,3.439273,0.06460909,0.06460909,0,0,0,0.06460909,5323.203,3.371264,0,0,3.439273,0.06800957,0.06460909,0,0,0,10.62527,0,0,0,14.00003,100,0.2157722,0.07107,2.751418,0,14.06455
6/13/2007 11:00:00 AM,0.7752613,69.21284,-134.7288,27.8585,0.7428046,3.333707,5.6729,5.6729,2.505878,0,0.8491046,5.6729,58.76549,4.440892E-16,0,0,3.333707,3.333707,3.167022,0,0,0,10.62527,0,0,0,14.00003,100,0.2157722,6.24019,2.666966,5,13.95898
6/13/2007 12:00:00 PM,0.8338056,75.83614,-176.5573,23.18577,0.7987309,3.584704,0,0,0,0,0,0,0,3.584704,0,0,3.584704,0,0,0,0,0,10.62527,0,0,0,14.00003,100,0.2157722,0,2.867763,0,14.20998
6/13/2007 1:00:00 PM,0.7534412,70.46156,138.0079,26.91102,0.7239473,3.249076,0,0,0,0,0,0,0,3.249076,0,0,3.249076,0,0,0,0,0,10.62527,0,0,0,14.00003,100,0.2157722,0,2.599261,0,13.87435
6/13/2007 2:00:00 PM,0.7580619,58.78295,120.4177,36.54282,0.7194881,3.229063,1.669058,1.669058,0,-1,0,1.669058,193.4662,1.472159,0,0,3.229063,1.756903,1.669058,0,0,0,10.62527,0,0,0,14.00003,100,0.2157722,1.835964,2.58325,0,13.85434
6/13/2007 3:00:00 PM,0.7414122,45.55485,114.0016,48.67302,0.6896141,3.094988,4.872233,3.33,0,-1,0,3.33,92.94258,0,1.542234,2.029457,3.094988,3.505263,3.33,0,0,0,10.62527,0,0.4102751,-0.4102751,13.56756,96.91095,0.2157722,5.359457,2.475991,0,13.72026
6/13/2007 4:00:00 PM,0.5106939,31.8825,111.7244,61.817,0.4615501,2.071437,3.162565,3.162565,0,-1,0,3.162565,65.49862,0,0,0.148822,2.071437,3.329016,3.162565,0,0,0.4558612,10.215,0,1.257579,-1.257579,12.24195,87.44236,0.2157722,3.478822,1.657149,0,12.28644
6/13/2007 5:00:00 PM,0.2474946,18.09791,111.5292,75.40231,0.2139999,0.9604313,1.796821,1.796821,0,-1,0,1.796821,53.45169,0,2.220446E-16,0,0.9604313,1.891391,1.796821,0,0,1.853172,8.957419,0,0.9309595,-0.9309595,11.26064,80.43296,0.2157722,1.976503,0.7683451,0,9.91785
6/13/2007 6:00:00 PM,0.05246313,4.3664,112.7776,89.1641,0.03361514,0.1508647,0,0,0,-1,0,0,0,0,0,0,0.1508647,0,0,0,0,2.887571,8.02646,0.1508647,0,0.1508647,11.40376,81.45527,0.2157566,0,0.1206918,0,8.177325
6/13/2007 7:00:00 PM,0,0,115.3966,90,0,0,0,0,0,-1,0,0,0,0,0,0,0,0,0,0,0,2.736706,8.162238,0,0,0,11.40376,81.45527,0.2157566,0,0,0,8.162238
6/13/2007 8:00:00 PM,0,0,119.7033,90,0,0,2.104641,2.104641,0,-1,0,2.104641,0,0,4.440892E-16,0,0,2.215411,2.104641,0,0,2.736706,8.162238,0,2.215411,-2.215411,9.068512,64.77496,0.2157566,2.315105,0,0,8.162238
6/13/2007 9:00:00 PM,0,0,126.4928,90,0,0,0,0,0,-1,0,0,0,0,0,0,0,0,0,0,0,5.198275,5.946827,0,0,0,9.068512,64.77496,0.2157566,0,0,0,5.946827
6/13/2007 10:00:00 PM,0,0,137.3017,90,0,0,0.602454,0.602454,0,-1,0,0.602454,0,0,0,0,0,0.6341621,0.602454,0,0,5.198275,5.946827,0,0.6341621,-0.6341621,8.400046,60.00021,0.2157566,0.6626995,0,0,5.946827
6/13/2007 11:00:00 PM,0,0,154.4281,90,0,0,0,0,0,-1,0,0,0,0,0,0,0,0,0,0,0,5.902899,5.312665,0,0,0,8.400046,60.00021,0.2157566,0,0,0,5.312665
6/14/2007 12:00:00 AM,0,0,178.3339,90,0,0,1.286758,1.286758,0,-1,0,1.286758,0,0,2.220446E-16,0,0,1.354483,1.286758,0,0,5.902899,5.312665,0,1.354483,-1.354483,6.972296,49.80201,0.2157566,1.415434,0,0,5.312665
6/14/2007 1:00:00 AM,0,0,-157.1573,90,0,0,0.8839347,0.8839347,0,-1,0,0.8839347,0,0,1.110223E-16,0,0,0.9304576,0.8839347,0,0,7.40788,3.958182,0,0.9304576,-0.9304576,5.991508,42.7964,0.2157566,0.9723282,0,0,3.958182
6/14/2007 2:00:00 AM,0,0,-139.1181,90,0,0,0,0,0,-1,0,0,0,0,0,0,0,0,0,0,0,8.441722,3.027725,0,0,0,5.991508,42.7964,0.2157566,0,0,0,3.027725
6/14/2007 3:00:00 AM,0,0,-127.6509,90,0,0,1.048122,1.048122,0,-1,0,1.048122,0,0,0,0,0,1.103287,1.048122,0,0,8.441722,3.027725,0,1.103287,-1.103287,4.828542,34.48951,0.2157566,1.152934,0,0,3.027725
6/14/2007 4:00:00 AM,0,0,-120.4576,90,0,0,0,0,0,-1,0,0,0,0,0,0,0,0,0,0,0,9.667596,1.924438,0,0,0,4.828542,34.48951,0.2157566,0,0,0,1.924438
6/14/2007 5:00:00 AM,0,0,-115.8932,90,0,0,1.143061,1.143061,0,0,0,1.143061,0,0,0,0,0,1.203222,1.143061,0,0,9.667596,1.924438,0,1.203222,-1.203222,3.560234,25.43019,0.2157566,1.257367,0,0,1.924438
6/14/2007 6:00:00 AM,0.05929374,2.662553,-113.0883,90.89487,0.00350887,0.01574781,0.1061609,0.1061609,0,0,0,0.1061609,14.8339,0,1.387779E-17,0,0.01574781,0.1117483,0.1061609,0,0,11.00451,0.7212163,0,0.09600053,-0.09600053,3.459041,24.70739,0.2157566,0.116777,0.01259825,0,0.7369641
6/14/2007 7:00:00 AM,0.2765869,16.37171,-111.6752,77.12988,0.2231721,1.001596,3.755244,3.755244,5,0,1.53,3.755244,26.67193,0,0,0,1.001596,0,0,1.244756,1.182518,11.11118,0.6252158,2.184114,0,2.184114,5.531073,39.50759,0.2158497,4.130769,0.8012769,5,1.626812
6/14/2007 8:00:00 AM,0.5326099,30.15115,-111.6766,63.51812,0.4765832,2.138905,4.412156,4.412156,5,0,1.53,4.412156,48.47756,0,0,0,2.138905,0,0,0.5878444,0.5584522,8.927062,2.590918,2.697357,0,2.697357,8.090012,57.78568,0.215951,4.853371,1.711124,5,4.729824
6/14/2007 9:00:00 AM,0.7348524,43.84249,-113.6373,50.30563,0.6813725,3.058,1.398467,1.398467,0,-1,0,1.398467,218.6681,0,0,0,3.058,1.47207,1.398467,0,0,6.229704,5.01854,1.58593,0,1.58593,9.594556,68.53241,0.2157878,1.538313,2.4464,0,8.07654
6/14/2007 10:00:00 AM,0.9465584,57.1484,-119.3385,38.0069,0.8915108,4.001101,4.736719,4.736719,4.736719,0,1.458124,4.736719,84.46986,0,0,0,4.001101,0,0,0,0,4.643775,6.445877,4.001101,0,4.001101,13.39033,95.64505,0.2158576,5.210391,3.20088,5,10.44698
6/14/2007 11:00:00 AM,0.9865346,69.1376,-134.7728,27.93529,0.9365994,4.203458,4.641162,4.641162,1.311163,0,0.5229474,4.641162,90.56908,0.05552035,0,0,4.203458,3.505263,3.33,0,0,0.6426746,10.04687,0.6426746,0,0.6426746,14.00003,100,0.2157916,5.105279,3.362767,5,14.25033
6/14/2007 12:00:00 PM,1.078382,75.77257,-176.3813,23.24827,1.025958,4.604497,2.237911,2.237911,0,0,0,2.237911,205.7498,2.248802,0,0,4.604497,2.355696,2.237911,0,0,0,10.62527,0,0,0,14.00003,100,0.2157916,2.461702,3.683598,0,15.22977
6/14/2007 1:00:00 PM,1.019979,70.45327,138.2363,26.93677,0.9687541,4.347768,0.9920096,0.9920096,0,0,0,0.9920096,438.2788,3.303548,0,0,4.347768,1.044221,0.9920096,0,0,0,10.62527,0,0,0,14.00003,100,0.2157916,1.091211,3.478215,0,14.97304
6/14/2007 2:00:00 PM,0.811021,58.80384,120.5604,36.53928,0.7670375,3.442464,5.693065,3.33,0,-1,0,3.33,103.3773,0,2.363065,2.932371,3.442464,3.505263,3.33,0,0,0,10.62527,0,0.06279895,-0.06279895,13.93383,99.52718,0.2157916,6.262372,2.753971,0,14.06774
6/14/2007 3:00:00 PM,0.6849918,45.58953,114.0996,48.65207,0.6385314,2.865729,3.504347,3.33,0,-1,0,3.33,86.05792,0,0.1743474,0.5247822,2.865729,3.505263,3.33,0,0,0.0697766,10.56248,0,0.6395344,-0.6395344,13.2597,94.71198,0.2157916,3.854782,2.292583,0,13.4282
6/14/2007 4:00:00 PM,0.4485567,31.9257,111.7993,61.78491,0.410719,1.843307,2.836695,2.836695,0,-1,0,2.836695,64.98079,0,0,0,1.843307,2.985995,2.836695,0,0,0.7803703,9.922941,0,1.142688,-1.142688,12.0552,86.10844,0.2157916,3.120365,1.474646,0,11.76625
6/14/2007 5:00:00 PM,0.2590866,18.14754,111.5909,75.36211,0.2213223,0.9932947,0.2856165,0.2856165,0,-1,0,0.2856165,347.7722,0,0,0,0.9932947,0.3006489,0.2856165,0,0,2.050024,8.780253,0.6926457,0,0.6926457,12.71231,90.80201,0.2157206,0.3141781,0.7946357,0,9.773547
6/14/2007 6:00:00 PM,0.05746304,4.421599,112.8312,89.11722,0.03194513,0.1433697,6.117239,3.33,0,-1,0,3.33,4.305398,0,2.787239,3.398963,0.1433697,3.505263,3.33,0,0,1.357378,9.403634,0,3.361893,-3.361893,9.168559,65.48958,0.2157206,6.728963,0.1146958,0,9.547004
6/14/2007 7:00:00 PM,0,0,115.4446,90,0,0,1.027396,1.027396,0,-1,0,1.027396,0,0,2.220446E-16,0,0,1.08147,1.027396,0,0,5.092815,6.04174,0,1.08147,-1.08147,8.02859,57.34696,0.2157206,1.130136,0,0,6.04174
6/14/2007 8:00:00 PM,0,0,119.746,90,0,0,0,0,0,-1,0,0,0,0,0,0,0,0,0,0,0,6.294448,4.960271,0,0,0,8.02859,57.34696,0.2157206,0,0,0,4.960271
6/14/2007 9:00:00 PM,0,0,126.5274,90,0,0,6.419661,3.33,0,-1,0,3.33,0,0,3.089661,3.731627,0,3.505263,3.33,0,0,6.294448,4.960271,0,3.505263,-3.505263,4.333718,30.95507,0.2157206,7.061627,0,0,4.960271
6/14/2007 10:00:00 PM,0,0,137.3186,90,0,0,0.2369078,0.2369078,0,-1,0,0.2369078,0,0,0,0,0,0.2493766,0.2369078,0,0,10.18919,1.455008,0,0.2493766,-0.2493766,4.070852,29.07746,0.2157206,0.2605985,0,0,1.455008
6/14/2007 11:00:00 PM,0,0,154.4045,90,0,0,0,0,0,-1,0,0,0,0,0,0,0,0,0,0,0,10.46627,1.205631,0,0,0,4.070852,29.07746,0.2157206,0,0,0,1.205631
6/15/2007 12:00:00 AM,0,0,178.2474,90,0,0,0.7354208,0.7354208,0,-1,0,0.7354208,0,0,1.110223E-16,0,0,0.7741271,0.7354208,0,0,10.46627,1.205631,0,0.7741271,-0.7741271,3.254851,23.24889,0.2157206,0.8089629,0,0,1.205631
6/15/2007 1:00:00 AM,0,0,-157.2722,90,0,0,0,0,0,-1,0,0,0,0,0,0,0,0,0,0,0,11.32641,0.4315041,0,0,0,3.254851,23.24889,0.2157206,0,0,0,0.4315041
6/15/2007 2:00:00 AM,0,0,-139.2235,90,0,0,0.4897474,0.4099289,0,-1,0,0.4099289,0,0,0.07981855,0.1287933,0,0.4315041,0.4099289,0,0,11.32641,0.4315041,0,0.4315041,-0.4315041,2.800006,20,0.2157206,0.5387222,0,0,0.4315041
6/15/2007 3:00:00 AM,0,0,-127.7388,90,0,0,0.4792121,0,0,-1,0,0,0,0,0.4792121,0.5271333,0,0,0,0,0,11.80586,0,0,0,0,2.800006,20,0.2157206,0.5271333,0,0,0
6/15/2007 4:00:00 AM,0,0,-120.5317,90,0,0,0.6007753,0,0,-1,0,0,0,0,0.6007753,0.6608528,0,0,0,0,0,11.80586,0,0,0,0,2.800006,20,0.2157206,0.6608528,0,0,0
6/15/2007 5:00:00 AM,0,0,-115.9586,90,0,0,0.9601859,0.9601859,4.465449,0,1.384068,0.9601859,0,4.440892E-16,0,0,0,0,0,3.505263,3.33,11.80586,0,3.33,0,3.33,5.959121,42.56506,0.2158425,1.056205,0,5,0
6/15/2007 6:00:00 AM,0.0576456,2.623257,-113.1487,90.94247,0.003715457,0.01667497,0,0,3.505263,0,1.121937,0,0,0,0,0,0.01667497,0,0,3.505263,3.33,8.475861,2.997,3.346675,0,3.346675,9.134056,65.24313,0.2158244,0,0.01333998,5,3.013675
6/15/2007 7:00:00 AM,0.273696,16.32661,-111.7337,77.18287,0.2207885,0.9908989,3.208624,3.208624,5,0,1.53,3.208624,30.88237,0,0,0,0.9908989,0,0,1.791376,1.701808,5.129185,6.009007,2.692707,0,2.692707,11.68858,83.4897,0.2159416,3.529486,0.7927191,5,6.999907
6/15/2007 8:00:00 AM,0.4246289,30.10048,-111.7357,63.57645,0.3866261,1.735178,2.925351,2.925351,0,0,0,2.925351,59.31521,0,0,0,1.735178,3.079316,2.925351,0,0,2.436479,8.432444,0,1.344139,-1.344139,10.27174,73.36938,0.2159416,3.217886,1.388142,0,10.16762
6/15/2007 9:00:00 AM,0.7063577,43.78585,-113.6989,50.36957,0.6550589,2.939904,2.530414,2.530414,0,-1,0,2.530414,116.1828,0,0,0,2.939904,2.663593,2.530414,0,0,3.929966,7.088305,0.276311,0,0.276311,10.53387,75.24175,0.2159134,2.783455,2.351923,0,10.02821
6/15/2007 10:00:00 AM,0.8365138,57.08468,-119.4003,38.07647,0.7886779,3.539587,1.432372,1.432372,0,0,0,1.432372,247.1137,0,0,0,3.539587,1.50776,1.432372,0,0,3.653655,7.336985,2.031827,0,2.031827,12.46143,89.01002,0.2157061,1.575609,2.831669,0,10.87657
6/15/2007 11:00:00 AM,0.781944,69.06631,-134.8007,28.00691,0.7485038,3.359285,1.184719,1.184719,0,0,0,1.184719,283.5512,0.4903845,0,0,3.359285,1.247073,1.184719,0,0,1.621828,9.165629,1.621828,0,1.621828,14.00003,100,0.2155409,1.303191,2.687428,0,12.52491
6/15/2007 12:00:00 PM,1.009777,75.71568,-176.2022,23.30401,0.9608738,4.312402,1.710812,1.710812,0,0,0,1.710812,252.0676,2.511547,0,0,4.312402,1.800854,1.710812,0,0,0,10.62527,0,0,0,14.00003,100,0.2155409,1.881893,3.449921,0,14.93768
6/15/2007 1:00:00 PM,0.9332269,70.44996,138.4512,26.95655,0.8870783,3.981208,1.617591,1.617591,0,0,0,1.617591,246.1195,2.27848,0,0,3.981208,1.702728,1.617591,0,0,0,10.62527,0,0,0,14.00003,100,0.2155409,1.77935,3.184966,0,14.60648
6/15/2007 2:00:00 PM,0.8866578,58.82778,120.6915,36.53137,0.8365672,3.754513,3.281363,3.281363,0,-1,0,3.281363,114.4193,0.3004473,0,0.279499,3.754513,3.454066,3.281363,0,0,0,10.62527,0,0,0,14.00003,100,0.2155409,3.609499,3.003611,0,14.37979
6/15/2007 3:00:00 PM,0.6017564,45.6261,114.1882,48.62801,0.5660492,2.540429,4.030661,3.33,0,-1,0,3.33,76.28915,0,0.7006607,1.103727,2.540429,3.505263,3.33,0,0,0,10.62527,0,0.9648343,-0.9648343,12.983,92.73555,0.2155409,4.433727,2.032343,0,13.1657
6/15/2007 4:00:00 PM,0.4295931,31.96996,111.8662,61.75065,0.3957362,1.776064,2.312563,2.312563,0,-1,0,2.312563,76.8007,0,0,0,1.776064,2.434277,2.312563,0,0,1.072038,9.660439,0,0.6582122,-0.6582122,12.28919,87.77973,0.2155409,2.543819,1.420851,0,11.4365
6/15/2007 5:00:00 PM,0.2442646,18.19752,111.6454,75.32051,0.2123435,0.9529975,4.740036,3.33,0,-1,0,3.33,28.61854,0,1.410036,1.88404,0.9529975,3.505263,3.33,0,0,1.803385,9.002228,0,2.552266,-2.552266,9.598863,68.56316,0.2155409,5.21404,0.762398,0,9.955225
6/15/2007 6:00:00 PM,0.05230313,4.476483,112.878,89.06965,0.03505404,0.1573225,0.1896158,0.1896158,0,-1,0,0.1896158,82.9691,0,2.775558E-17,0,0.1573225,0.1995956,0.1896158,0,0,4.639235,6.449962,0,0.04227305,-0.04227305,9.554303,68.24488,0.2155409,0.2085774,0.125858,0,6.607285
6/15/2007 7:00:00 PM,0,0,115.4856,90,0,0,5.188151,3.33,0,-1,0,3.33,0,0,1.858151,2.376966,0,3.505263,3.33,0,0,4.686206,6.407689,0,3.505263,-3.505263,5.859431,41.853,0.2155409,5.706966,0,0,6.407689
6/15/2007 8:00:00 PM,0,0,119.7815,90,0,0,0.9841803,0.9841803,0,-1,0,0.9841803,0,0,2.220446E-16,0,0,1.035979,0.9841803,0,0,8.580942,2.902426,0,1.035979,-1.035979,4.767413,34.05288,0.2155409,1.082598,0,0,2.902426
6/15/2007 9:00:00 PM,0,0,126.5544,90,0,0,1.193308,1.193308,0,-1,0,1.193308,0,0,2.220446E-16,0,0,1.256113,1.193308,0,0,9.732031,1.866447,0,1.256113,-1.256113,3.443353,24.59533,0.2155409,1.312638,0,0,1.866447
6/15/2007 10:00:00 PM,0,0,137.3276,90,0,0,1.446082,0.5798166,0,-1,0,0.5798166,0,0,0.866266,1.010874,0,0.6103332,0.5798166,0,0,11.12771,0.6103332,0,0.6103332,-0.6103332,2.800006,20,0.2155409,1.590691,0,0,0.6103332
6/15/2007 11:00:00 PM,0,0,154.3746,90,0,0,1.078139,0,0,-1,0,0,0,0,1.078139,1.185953,0,0,0,0,0,11.80586,0,0,0,0,2.800006,20,0.2155409,1.185953,0,0,0
6/16/2007 12:00:00 AM,0,0,178.1596,90,0,0,1.643761,0,0,-1,0,0,0,0,1.643761,1.808137,0,0,0,0,0,11.80586,0,0,0,0,2.800006,20,0.2155409,1.808137,0,0,0
6/16/2007 1:00:00 AM,0,0,-157.3828,90,0,0,1.708502,0,0,-1,0,0,0,0,1.708502,1.879352,0,0,0,0,0,11.80586,0,0,0,0,2.800006,20,0.2155409,1.879352,0,0,0
6/16/2007 2:00:00 AM,0,0,-139.3224,90,0,0,0,0,0,-1,0,0,0,0,0,0,0,0,0,0,0,11.80586,0,0,0,0,2.800006,20,0.2155409,0,0,0,0
6/16/2007 3:00:00 AM,0,0,-127.8198,90,0,0,0.7886695,0,0,-1,0,0,0,0,0.7886695,0.8675365,0,0,0,0,0,11.80586,0,0,0,0,2.800006,20,0.2155409,0.8675365,0,0,0
6/16/2007 4:00:00 AM,0,0,-120.5992,90,0,0,1.335582,0,0,-1,0,0,0,0,1.335582,1.46914,0,0,0,0,0,11.80586,0,0,0,0,2.800006,20,0.2155409,1.46914,0,0,0
6/16/2007 5:00:00 AM,0,0,-116.0173,90,0,0,0.2502844,0.2502844,3.755548,0,1.190264,0.2502844,0,0,0,0,0,0,0,3.505263,3.33,11.80586,0,3.33,0,3.33,5.959121,42.56506,0.2155608,0.2753128,0,5,0
6/16/2007 6:00:00 AM,0.0252621,2.582362,-113.2023,90.99067,0.02240159,0.1005384,0.9598448,0.9598448,4.465108,0,1.383974,0.9598448,10.47444,0,0,0,0.1005384,0,0,3.505263,3.33,8.475861,2.997,3.430538,0,3.430538,9.213615,65.81141,0.2156718,1.055829,0.08043069,5,3.097538
6/16/2007 7:00:00 AM,0.1225765,16.28057,-111.785,77.23575,0.1194622,0.5361465,1.71699,1.71699,4.985916,0,1.526155,1.71699,31.22596,0,0,0,0.5361465,0,0,3.268926,3.10548,5.045322,6.084485,3.641626,0,3.641626,12.66837,90.48814,0.2158352,1.888688,0.4289172,5,6.620631
6/16/2007 8:00:00 AM,0.2037178,30.04957,-111.7868,63.63387,0.2011205,0.9026288,3.614621,3.614621,4.090635,0,1.281743,3.614621,24.9716,0,0,0,0.9026288,0,0,0.4760133,0.4522126,1.403695,9.361948,1.354841,0,1.354841,13.95368,99.66895,0.2158879,3.976084,0.7221031,5,10.26458
6/16/2007 9:00:00 AM,0.253233,43.72984,-113.7509,50.43159,0.2511212,1.127032,1.369807,1.369807,0,-1,0,1.369807,82.27673,0,0,0,1.127032,1.441902,1.369807,0,0,0.04885399,10.58131,0,0.3148696,-0.3148696,13.62178,97.29823,0.2158879,1.506787,0.9016256,0,11.70834
6/16/2007 10:00:00 AM,0.3260181,57.02283,-119.4496,38.14272,0.323314,1.451033,1.421011,1.421011,0,0,0,1.421011,102.1127,0,0,0,1.451033,1.495801,1.421011,0,0,0.3987091,10.26644,0,0.0447677,-0.0447677,13.57459,96.96117,0.2158879,1.563112,1.160827,0,11.71747
6/16/2007 11:00:00 AM,0.621328,68.99902,-134.8128,28.0733,0.6043069,2.712129,2.101112,2.101112,0,0,0,2.101112,129.0807,0.05198139,0,0,2.712129,2.211697,2.101112,0,0,0.4484509,10.22167,0.4484509,0,0.4484509,14.00003,100,0.2158424,2.311223,2.169703,0,12.9338
6/16/2007 12:00:00 PM,0.770375,75.66546,-176.0202,23.353,0.7412277,3.32663,0,0,0,0,0,0,0,3.32663,0,0,3.32663,0,0,0,0,0,10.62527,0,0,0,14.00003,100,0.2158424,0,2.661304,0,13.9519
6/16/2007 1:00:00 PM,0.7189043,70.45163,138.6526,26.97038,0.6927771,3.109184,1.457251,1.457251,0,0,0,1.457251,213.3595,1.575235,0,0,3.109184,1.533949,1.457251,0,0,0,10.62527,0,0,0,14.00003,100,0.2158424,1.602976,2.487347,0,13.73446
6/16/2007 2:00:00 PM,0.8101929,58.85474,120.811,36.51912,0.7661015,3.438263,1.641202,1.641202,0,-1,0,1.641202,209.4966,1.710682,0,0,3.438263,1.727581,1.641202,0,0,0,10.62527,0,0,0,14.00003,100,0.2158424,1.805322,2.750611,0,14.06354
6/16/2007 3:00:00 PM,0.6985084,45.66451,114.2675,48.60088,0.6504544,2.919239,0,0,0,-1,0,0,0,2.919239,0,0,2.919239,0,0,0,0,0,10.62527,0,0,0,14.00003,100,0.2158424,0,2.335392,0,13.54451
6/16/2007 4:00:00 PM,0.3129903,32.01521,111.9251,61.71429,0.3015212,1.353227,3.978759,3.33,0,-1,0,3.33,40.63745,4.440892E-16,0.6487587,1.046635,1.353227,3.505263,3.33,0,0,0,10.62527,0,2.152036,-2.152036,11.73158,83.79685,0.2158424,4.376635,1.082582,0,11.9785
6/16/2007 5:00:00 PM,0.1766409,18.24779,111.6927,75.27759,0.1670429,0.7496887,0.7821411,0.7821411,0,-1,0,0.7821411,95.85082,0,0,0,0.7496887,0.8233064,0.7821411,0,0,2.391151,8.473238,0,0.07361776,-0.07361776,11.65398,83.24257,0.2158424,0.8603552,0.5997509,0,9.222927
6/16/2007 6:00:00 PM,0.07329211,4.530977,112.9178,89.02147,0.02454244,0.1101465,6.678519,3.33,0,-1,0,3.33,3.307701,0,3.348519,4.016371,0.1101465,3.505263,3.33,0,0,2.472949,8.39962,0,3.395117,-3.395117,8.075215,57.68,0.2158424,7.346371,0.08811717,0,8.509767
6/16/2007 7:00:00 PM,0,0,115.5198,90,0,0,0,0,0,-1,0,0,0,0,0,0,0,0,0,0,0,6.2453,5.004504,0,0,0,8.075215,57.68,0.2158424,0,0,0,5.004504
6/16/2007 8:00:00 PM,0,0,119.8098,90,0,0,0,0,0,-1,0,0,0,0,0,0,0,0,0,0,0,6.2453,5.004504,0,0,0,8.075215,57.68,0.2158424,0,0,0,5.004504
6/16/2007 9:00:00 PM,0,0,126.5738,90,0,0,3.69132,3.33,0,-1,0,3.33,0,0,0.3613199,0.7304518,0,3.505263,3.33,0,0,6.2453,5.004504,0,3.505263,-3.505263,4.380344,31.28811,0.2158424,4.060452,0,0,5.004504
6/16/2007 10:00:00 PM,0,0,137.3288,90,0,0,0.3355649,0.3355649,0,-1,0,0.3355649,0,0,0,0,0,0.3532262,0.3355649,0,0,10.14004,1.499241,0,0.3532262,-0.3532262,4.008011,28.62859,0.2158424,0.3691214,0,0,1.499241
6/16/2007 11:00:00 PM,0,0,154.3385,90,0,0,0.2724349,0.2724349,0,-1,0,0.2724349,0,0,5.551115E-17,0,0,0.2867736,0.2724349,0,0,10.53251,1.146014,0,0.2867736,-0.2867736,3.705725,26.46941,0.2158424,0.2996784,0,0,1.146014
6/17/2007 12:00:00 AM,0,0,178.0707,90,0,0,0.1743961,0.1743961,0,-1,0,0.1743961,0,0,2.775558E-17,0,0,0.1835749,0.1743961,0,0,10.85115,0.8592408,0,0.1835749,-0.1835749,3.51222,25.08724,0.2158424,0.1918357,0,0,0.8592408
6/17/2007 1:00:00 AM,0,0,-157.4891,90,0,0,0.7612155,0.6418827,0,-1,0,0.6418827,0,0,0.1193329,0.1954544,0,0.6756659,0.6418827,0,0,11.05512,0.6756659,0,0.6756659,-0.6756659,2.800006,20,0.2158424,0.8373371,0,0,0.6756659
6/17/2007 2:00:00 AM,0,0,-139.4148,90,0,0,0.6369517,0,0,-1,0,0,0,0,0.6369517,0.7006469,0,0,0,0,0,11.80586,0,0,0,0,2.800006,20,0.2158424,0.7006469,0,0,0
6/17/2007 3:00:00 AM,0,0,-127.8939,90,0,0,1.022203,0,0,-1,0,0,0,0,1.022203,1.124423,0,0,0,0,0,11.80586,0,0,0,0,2.800006,20,0.2158424,1.124423,0,0,0
6/17/2007 4:00:00 AM,0,0,-120.6599,90,0,0,1.084148,0,0,-1,0,0,0,0,1.084148,1.192563,0,0,0,0,0,11.80586,0,0,0,0,2.800006,20,0.2158424,1.192563,0,0,0
6/17/2007 5:00:00 AM,0,0,-116.0694,90,0,0,0,0,0,0,0,0,0,0,0,0,0,0,0,0,0,11.80586,0,0,0,0,2.800006,20,0.2158424,0,0,0,0
6/17/2007 6:00:00 AM,0.00530711,2.539942,-113.2492,91.03941,0.00524455,0.02353754,1.099345,1.099345,4.604608,0,1.422058,1.099345,2.141051,0,0,0,0.02353754,0,0,3.505263,3.33,11.80586,0,3.353538,0,3.353538,5.981451,42.72456,0.2159801,1.20928,0.01883003,5,0.02353754
6/17/2007 7:00:00 AM,0.01193365,16.23368,-111.8292,77.28845,0.01186736,0.05326073,0.1845561,0.1845561,3.689819,0,1.172321,0.1845561,28.85883,0,0,0,0.05326073,0,0,3.505263,3.33,8.452323,3.018184,3.383261,0,3.383261,9.191093,65.65054,0.2159845,0.2030117,0.04260859,5,3.071445
6/17/2007 8:00:00 AM,0.04387854,29.99853,-111.8299,63.6903,0.04363253,0.1958228,3.168013,3.168013,5,0,1.53,3.168013,6.18125,0,0,0,0.1958228,0,0,1.831987,1.740388,5.069062,6.063118,1.936211,0,1.936211,11.02794,78.77087,0.2160752,3.484814,0.1566582,5,6.258941
6/17/2007 9:00:00 AM,0.04001068,43.67455,-113.7932,50.49163,0.03980149,0.1786291,5.410528,3.33,0,-1,0,3.33,5.364237,0,2.080528,2.621581,0.1786291,3.505263,3.33,0,0,3.132851,7.805708,0,3.326634,-3.326634,7.521364,53.72392,0.2160752,5.951581,0.1429033,0,7.984337
6/17/2007 10:00:00 AM,0.07085463,56.96292,-119.4866,38.20561,0.07048129,0.3163201,5.357991,5.357991,5,0,1.53,5.357991,5.903706,0,0,0,0.3163201,0.3768329,0.3579913,0,0,6.829112,4.479074,0,0.06051287,-0.06051287,7.457578,53.26831,0.2160752,5.89379,0.253056,5,4.795394
6/17/2007 11:00:00 AM,0.1848118,68.93583,-134.8093,28.13441,0.1837656,0.8247401,2.637103,2.637103,5,0,1.53,2.637103,31.27448,0,0,0,0.8247401,0,0,2.362897,2.244752,6.896348,4.418561,3.069493,0,3.069493,10.36955,74.06809,0.2162111,2.900813,0.659792,5,5.243301
6/17/2007 12:00:00 PM,0.2108507,75.62194,-175.8353,23.39521,0.2096487,0.9409032,2.713195,2.713195,5,0,1.53,2.713195,34.67879,0,0,0,0.9409032,0,0,2.286805,2.172465,3.826856,7.181104,3.113368,0,3.113368,13.32315,95.1652,0.2163471,2.984514,0.7527226,5,8.122007
6/17/2007 1:00:00 PM,0.1505893,70.45828,138.8405,26.97824,0.1497615,0.6721297,5.21688,5.21688,5,0,1.53,5.21688,12.88375,0,0,0,0.6721297,0.2282945,0.2168797,0,0,0.7134873,9.983135,0.4438353,0,0.4438353,13.74421,98.17276,0.216362,5.738568,0.5377038,5,10.65527
6/17/2007 2:00:00 PM,0.07007983,58.88469,120.9186,36.50256,0.069712,0.3128674,2.611875,2.611875,0,-1,0,2.611875,11.97865,0,4.440892E-16,0,0.3128674,2.749342,2.611875,0,0,0.269652,10.38259,0,2.436474,-2.436474,11.17594,79.82801,0.216362,2.873062,0.2502939,0,10.69545
6/17/2007 3:00:00 PM,0.1114863,45.70469,114.3373,48.57074,0.1108473,0.4974825,2.293459,2.293459,0,-1,0,2.293459,21.69137,0,4.440892E-16,0,0.4974825,2.414167,2.293459,0,0,2.976846,7.946113,0,1.916685,-1.916685,9.155581,65.39688,0.216362,2.522804,0.397986,0,8.443596
6/17/2007 4:00:00 PM,0.01928069,32.06139,111.976,61.67588,0.01918063,0.08608266,1.874566,1.874566,0,-1,0,1.874566,4.592139,0,2.220446E-16,0,0.08608266,1.973227,1.874566,0,0,5.106495,6.029428,0,1.887144,-1.887144,7.166357,51.18816,0.216362,2.062022,0.06886613,0,6.115511
6/17/2007 5:00:00 PM,0.002611913,18.29828,111.7328,75.23342,0.002598718,0.01166305,0,0,0,-1,0,0,0,0,0,0,0.01166305,0,0,0,0,7.203322,4.142284,0.01166305,0,0.01166305,7.177421,51.26719,0.2163608,0,0.009330438,0,4.153947
6/17/2007 6:00:00 PM,0.04843412,4.585007,112.9507,88.97276,0.03689542,0.1655867,2.895264,2.895264,0,-1,0,2.895264,5.719225,0,0,0,0.1655867,3.047647,2.895264,0,0,7.191659,4.152781,0,2.88206,-2.88206,4.139463,29.56754,0.2163608,3.184791,0.1324693,0,4.318367
6/17/2007 7:00:00 PM,0,0,115.547,90,0,0,10.48801,1.207185,0,-1,0,1.207185,0,0,9.280825,10.32963,0,1.270721,1.207185,0,0,10.39395,1.270721,0,1.270721,-1.270721,2.800006,20,0.2163608,11.53681,0,0,1.270721
6/17/2007 8:00:00 PM,0,0,119.831,90,0,0,3.505397,0,0,-1,0,0,0,0,3.505397,3.855937,0,0,0,0,0,11.80586,0,0,0,0,2.800006,20,0.2163608,3.855937,0,0,0
6/17/2007 9:00:00 PM,0,0,126.5856,90,0,0,7.505373,0,0,-1,0,0,0,0,7.505373,8.25591,0,0,0,0,0,11.80586,0,0,0,0,2.800006,20,0.2163608,8.25591,0,0,0
6/17/2007 10:00:00 PM,0,0,137.3224,90,0,0,1.020845,0,0,-1,0,0,0,0,1.020845,1.122929,0,0,0,0,0,11.80586,0,0,0,0,2.800006,20,0.2163608,1.122929,0,0,0
6/17/2007 11:00:00 PM,0,0,154.2963,90,0,0,1.123742,0,0,-1,0,0,0,0,1.123742,1.236116,0,0,0,0,0,11.80586,0,0,0,0,2.800006,20,0.2163608,1.236116,0,0,0
6/18/2007 12:00:00 AM,0,0,177.9808,90,0,0,0.8844014,0,0,-1,0,0,0,0,0.8844014,0.9728416,0,0,0,0,0,11.80586,0,0,0,0,2.800006,20,0.2163608,0.9728416,0,0,0
6/18/2007 1:00:00 AM,0,0,-157.5911,90,0,0,0.783579,0,0,-1,0,0,0,0,0.783579,0.8619369,0,0,0,0,0,11.80586,0,0,0,0,2.800006,20,0.2163608,0.8619369,0,0,0
6/18/2007 2:00:00 AM,0,0,-139.5005,90,0,0,0.250132,0,0,-1,0,0,0,0,0.250132,0.2751452,0,0,0,0,0,11.80586,0,0,0,0,2.800006,20,0.2163608,0.2751452,0,0,0
6/18/2007 3:00:00 AM,0,0,-127.9611,90,0,0,0.8416334,0,0,-1,0,0,0,0,0.8416334,0.9257968,0,0,0,0,0,11.80586,0,0,0,0,2.800006,20,0.2163608,0.9257968,0,0,0
6/18/2007 4:00:00 AM,0,0,-120.7139,90,0,0,0.744657,0,0,-1,0,0,0,0,0.744657,0.8191227,0,0,0,0,0,11.80586,0,0,0,0,2.800006,20,0.2163608,0.8191227,0,0,0
6/18/2007 5:00:00 AM,0,0,-116.1148,90,0,0,1.796281,1.796281,5,0,1.53,1.796281,0,0,0,0,0,0,0,3.203719,3.043533,11.80586,0,3.043533,0,3.043533,5.687355,40.62388,0.2165066,1.975909,0,5,0
6/18/2007 6:00:00 AM,0.008741884,2.496069,-113.2894,91.08861,0.008594763,0.0385733,0.3111245,0.3111245,3.816388,0,1.206874,0.3111245,12.39802,0,0,0,0.0385733,0,0,3.505263,3.33,8.762327,2.73918,3.368573,0,3.368573,8.883064,63.45033,0.2165295,0.342237,0.03085864,5,2.777753
6/18/2007 7:00:00 AM,0.02010349,16.18601,-111.8661,77.34089,0.01998283,0.08968294,2.955559,2.955559,5,0,1.53,2.955559,3.034381,0,0,0,0.08968294,0,0,2.044441,1.942219,5.393754,5.770896,2.031902,0,2.031902,10.81069,77.21909,0.2166252,3.251115,0.07174636,5,5.860579
6/18/2007 8:00:00 AM,0.15124,29.94742,-111.8649,63.74566,0.1500718,0.673522,4.554196,4.554196,5,0,1.53,4.554196,14.78904,0,0,0,0.673522,0,0,0.4458043,0.4235141,3.361852,7.599607,1.097036,0,1.097036,11.85143,84.65294,0.2166677,5.009615,0.5388176,5,8.273129
6/18/2007 9:00:00 AM,0.2394433,43.62006,-113.826,50.54958,0.2375934,1.066319,1.895253,1.895253,0,-1,0,1.895253,56.26264,0,0,0,1.066319,1.995003,1.895253,0,0,2.264816,8.58694,0,0.9286838,-0.9286838,10.87252,77.66068,0.2166677,2.084778,0.8530555,0,9.653259
6/18/2007 10:00:00 AM,0.1758132,56.90504,-119.5114,38.26504,0.1747866,0.7844422,3.779622,3.779622,5,0,1.53,3.779622,20.75451,0,0,0,0.7844422,0,0,1.220378,1.159359,3.296687,7.658256,1.943801,0,1.943801,12.71657,90.83244,0.2167489,4.157585,0.6275538,5,8.442698
6/18/2007 11:00:00 AM,0.2191805,68.87678,-134.7905,28.1902,0.2179047,0.9779564,2.924353,2.924353,0,0,0,2.924353,33.4418,0,4.440892E-16,0,0.9779564,3.078267,2.924353,0,0,1.352886,9.407677,0,2.10031,-2.10031,10.50265,75.01875,0.2167489,3.216789,0.7823651,0,10.38563
6/18/2007 12:00:00 PM,0.1971525,75.58512,-175.6476,23.43064,0.1960393,0.8798246,0.2043649,0.2043649,0,0,0,0.2043649,430.5164,0,0,0,0.8798246,0.215121,0.2043649,0,0,3.686564,7.307367,0.6647036,0,0.6647036,11.13324,79.52298,0.2166821,0.2248014,0.7038597,0,8.187191
6/18/2007 1:00:00 PM,0.3458969,70.46992,139.0148,26.98016,0.3434048,1.541201,1.932513,1.932513,0,0,0,1.932513,79.75113,0,2.220446E-16,0,1.541201,2.034224,1.932513,0,0,3.02186,7.9056,0,0.4930233,-0.4930233,10.61355,75.8109,0.2166821,2.125764,1.232961,0,9.446801
6/18/2007 2:00:00 PM,0.09440608,58.91759,121.0145,36.48171,0.09389958,0.4214213,0.3981701,0.3981701,0,-1,0,0.3981701,105.8395,0,0,0,0.4214213,0.4191264,0.3981701,0,0,3.569664,7.412577,0.002294913,0,0.002294913,10.61572,75.82645,0.2166819,0.4379871,0.337137,0,7.833998
6/18/2007 3:00:00 PM,0.1781866,45.74661,114.3977,48.53763,0.1770654,0.7946694,0.6738138,0.6738138,0,-1,0,0.6738138,117.9361,0,0,0,0.7946694,0.7092777,0.6738138,0,0,3.567369,7.414642,0.08539172,0,0.08539172,10.69673,76.40509,0.2166733,0.7411952,0.6357355,0,8.209311
6/18/2007 4:00:00 PM,0.2522739,32.10843,112.0189,61.63549,0.2475065,1.110809,2.408707,2.408707,0,-1,0,2.408707,46.11639,0,4.440892E-16,0,1.110809,2.535481,2.408707,0,0,3.481977,7.491495,0,1.424672,-1.424672,9.194998,65.67842,0.2166733,2.649578,0.8886472,0,8.602304
6/18/2007 5:00:00 PM,0.1072614,18.34891,111.7656,75.18806,0.1060238,0.4758349,3.558042,3.33,0,-1,0,3.33,14.28934,0,0.228042,0.5838462,0.4758349,3.505263,3.33,0,0,5.064947,6.066822,0,3.029428,-3.029428,6.0017,42.8692,0.2166733,3.913846,0.380668,0,6.542657
6/18/2007 6:00:00 PM,0.03570154,4.638496,112.9767,88.92358,0.0331119,0.1486062,3.09216,3.0267,0,-1,0,3.0267,4.909843,0,0.06545936,0.487616,0.1486062,3.186,3.0267,0,0,8.430978,3.037394,0,3.037394,-3.037394,2.800006,20,0.2166733,3.401376,0.118885,0,3.186
6/18/2007 7:00:00 PM,0,0,115.5674,90,0,0,5.060912,0,0,-1,0,0,0,0,5.060912,5.567004,0,0,0,0,0,11.80586,0,0,0,0,2.800006,20,0.2166733,5.567004,0,0,0
6/18/2007 8:00:00 PM,0,0,119.845,90,0,0,3.306453,0,0,-1,0,0,0,0,3.306453,3.637099,0,0,0,0,0,11.80586,0,0,0,0,2.800006,20,0.2166733,3.637099,0,0,0
6/18/2007 9:00:00 PM,0,0,126.5899,90,0,0,4.452547,0,0,-1,0,0,0,0,4.452547,4.897802,0,0,0,0,0,11.80586,0,0,0,0,2.800006,20,0.2166733,4.897802,0,0,0
6/18/2007 10:00:00 PM,0,0,137.3085,90,0,0,1.217495,0,0,-1,0,0,0,0,1.217495,1.339244,0,0,0,0,0,11.80586,0,0,0,0,2.800006,20,0.2166733,1.339244,0,0,0
6/18/2007 11:00:00 PM,0,0,154.2481,90,0,0,0.0941218,0,0,-1,0,0,0,0,0.0941218,0.103534,0,0,0,0,0,11.80586,0,0,0,0,2.800006,20,0.2166733,0.103534,0,0,0
6/19/2007 12:00:00 AM,0,0,177.8899,90,0,0,1.014894,0,0,-1,0,0,0,0,1.014894,1.116384,0,0,0,0,0,11.80586,0,0,0,0,2.800006,20,0.2166733,1.116384,0,0,0
6/19/2007 1:00:00 AM,0,0,-157.6886,90,0,0,0.5782935,0,0,-1,0,0,0,0,0.5782935,0.6361229,0,0,0,0,0,11.80586,0,0,0,0,2.800006,20,0.2166733,0.6361229,0,0,0
6/19/2007 2:00:00 AM,0,0,-139.5795,90,0,0,1.122996,0,0,-1,0,0,0,0,1.122996,1.235296,0,0,0,0,0,11.80586,0,0,0,0,2.800006,20,0.2166733,1.235296,0,0,0
6/19/2007 3:00:00 AM,0,0,-128.0212,90,0,0,0.8769665,0,0,-1,0,0,0,0,0.8769665,0.9646632,0,0,0,0,0,11.80586,0,0,0,0,2.800006,20,0.2166733,0.9646632,0,0,0
6/19/2007 4:00:00 AM,0,0,-120.761,90,0,0,0.1989751,0,0,-1,0,0,0,0,0.1989751,0.2188726,0,0,0,0,0,11.80586,0,0,0,0,2.800006,20,0.2166733,0.2188726,0,0,0
6/19/2007 5:00:00 AM,0,0,-116.1536,90,0,0,0.4665936,0.4665936,3.971857,0,1.249317,0.4665936,0,0,0,0,0,0,0,3.505263,3.33,11.80586,0,3.33,0,3.33,5.959121,42.56506,0.2167215,0.513253,0,5,0
6/19/2007 6:00:00 AM,0.0338758,2.450818,-113.3227,91.13819,0.02137154,0.09591548,0.8149766,0.8149766,4.32024,0,1.344425,0.8149766,11.76911,0,0,0,0.09591548,0,0,3.505263,3.33,8.475861,2.997,3.425915,0,3.425915,9.209229,65.78008,0.2168087,0.8964743,0.07673239,5,3.092916
6/19/2007 7:00:00 AM,0.2329302,16.13765,-111.8959,77.39298,0.1937887,0.8697236,3.204132,3.204132,5,0,1.53,3.204132,27.14381,0,0,0,0.8697236,0,0,1.795868,1.706075,5.049945,6.080324,2.575798,0,2.575798,11.65285,83.23445,0.2169181,3.524545,0.6957788,5,6.950047
6/19/2007 8:00:00 AM,0.4125212,29.89634,-111.8919,63.79987,0.3763346,1.68899,4.734639,4.734639,5,0,1.53,4.734639,35.67304,0,0,0,1.68899,0,0,0.2653614,0.2520933,2.474146,8.398542,1.941083,0,1.941083,13.49432,96.3878,0.2169855,5.208103,1.351192,5,10.08753
6/19/2007 9:00:00 AM,0.6073053,43.56645,-113.8493,50.60539,0.5670967,2.54513,0.8038434,0.8038434,0,-1,0,0.8038434,316.6201,1.165915,0,0,2.54513,0.846151,0.8038434,0,0,0.5330634,10.14552,0.5330634,0,0.5330634,14.00003,100,0.2169321,0.8842278,2.036104,0,12.69065
6/19/2007 10:00:00 AM,0.580577,56.84927,-119.524,38.32096,0.5606316,2.516115,0,0,0,0,0,0,0,2.516115,0,0,2.516115,0,0,0,0,0,10.62527,0,0,0,14.00003,100,0.2169321,0,2.012892,0,13.14139
6/19/2007 11:00:00 AM,0.6256137,68.82194,-134.7566,28.24061,0.6080225,2.728805,1.753992,1.753992,0,0,0,1.753992,155.5769,0.8824981,0,0,2.728805,1.846307,1.753992,0,0,0,10.62527,0,0,0,14.00003,100,0.2169321,1.929391,2.183044,0,13.35408
6/19/2007 12:00:00 PM,0.4681934,75.55502,-175.4572,23.45928,0.4626303,2.076285,4.667899,4.667899,2.695428,0,0.900852,4.667899,44.48007,4.440892E-16,0,0,2.076285,2.076285,1.97247,0,0,0,10.62527,0,0,0,14.00003,100,0.2169321,5.134689,1.661028,5,12.70156
6/19/2007 1:00:00 PM,0.424327,70.48653,139.1755,26.97614,0.4199525,1.884747,2.952098,2.952098,0,0,0,2.952098,63.84432,0,0,0,1.884747,3.107471,2.952098,0,0,0,10.62527,0,1.222724,-1.222724,12.71116,90.79384,0.2169321,3.247308,1.507797,0,12.51002
6/19/2007 2:00:00 PM,0.2399421,58.95341,121.0984,36.45662,0.2384632,1.070223,0.9586984,0.9586984,0,-1,0,0.9586984,111.6329,0,0,0,1.070223,1.009156,0.9586984,0,0,1.358583,9.40255,0.06106672,0,0.06106672,12.7691,91.20765,0.216926,1.054568,0.8561783,0,10.47277
6/19/2007 3:00:00 PM,0.2083921,45.7902,114.4485,48.5016,0.2070189,0.9291009,3.940783,3.33,0,-1,0,3.33,27.90093,0,0.6107828,1.004861,0.9291009,3.505263,3.33,0,0,1.297516,9.45751,0,2.576162,-2.576162,10.05358,71.81116,0.216926,4.334861,0.7432807,0,10.38661
6/19/2007 4:00:00 PM,0.06824825,32.15628,112.0537,61.59318,0.06784744,0.3044993,6.849162,3.33,0,-1,0,3.33,9.144123,0,3.519161,4.204078,0.3044993,3.505263,3.33,0,0,4.159919,6.881348,0,3.200764,-3.200764,6.679681,47.71191,0.216926,7.534078,0.2435994,0,7.185847
6/19/2007 5:00:00 PM,0.04633508,18.39962,111.7911,75.14159,0.04601412,0.2065114,0,0,0,-1,0,0,0,0,0,0,0.2065114,0,0,0,0,7.716323,3.680584,0.2065114,0,0.2065114,6.875595,49.1113,0.2169054,0,0.1652091,0,3.887095
6/19/2007 6:00:00 PM,0.03001874,4.691371,112.9958,88.874,0.02891925,0.1297896,2.385788,2.385788,0,-1,0,2.385788,5.440113,0,0,0,0.1297896,2.511356,2.385788,0,0,7.509811,3.866444,0,2.381567,-2.381567,4.365204,31.17996,0.2169054,2.624367,0.1038317,0,3.996233
6/19/2007 7:00:00 PM,0,0,115.5808,90,0,0,6.474366,1.410633,0,-1,0,1.410633,0,0,5.063733,5.711169,0,1.484877,1.410633,0,0,10.156,1.484877,0,1.484877,-1.484877,2.800006,20,0.2169054,7.121802,0,0,1.484877
6/19/2007 8:00:00 PM,0,0,119.852,90,0,0,8.114298,0,0,-1,0,0,0,0,8.114298,8.925728,0,0,0,0,0,11.80586,0,0,0,0,2.800006,20,0.2169054,8.925728,0,0,0
6/19/2007 9:00:00 PM,0,0,126.5868,90,0,0,4.670187,0,0,-1,0,0,0,0,4.670187,5.137206,0,0,0,0,0,11.80586,0,0,0,0,2.800006,20,0.2169054,5.137206,0,0,0
6/19/2007 10:00:00 PM,0,0,137.287,90,0,0,0.6340399,0,0,-1,0,0,0,0,0.6340399,0.6974439,0,0,0,0,0,11.80586,0,0,0,0,2.800006,20,0.2169054,0.6974439,0,0,0
6/19/2007 11:00:00 PM,0,0,154.1941,90,0,0,1.348474,0,0,-1,0,0,0,0,1.348474,1.483322,0,0,0,0,0,11.80586,0,0,0,0,2.800006,20,0.2169054,1.483322,0,0,0
6/20/2007 12:00:00 AM,0,0,177.7982,90,0,0,0,0,0,-1,0,0,0,0,0,0,0,0,0,0,0,11.80586,0,0,0,0,2.800006,20,0.2169054,0,0,0,0
6/20/2007 1:00:00 AM,0,0,-157.7816,90,0,0,0.9449561,0,0,-1,0,0,0,0,0.9449561,1.039452,0,0,0,0,0,11.80586,0,0,0,0,2.800006,20,0.2169054,1.039452,0,0,0
6/20/2007 2:00:00 AM,0,0,-139.6518,90,0,0,0.9654242,0,0,-1,0,0,0,0,0.9654242,1.061967,0,0,0,0,0,11.80586,0,0,0,0,2.800006,20,0.2169054,1.061967,0,0,0
6/20/2007 3:00:00 AM,0,0,-128.0743,90,0,0,0.1954713,0,0,-1,0,0,0,0,0.1954713,0.2150184,0,0,0,0,0,11.80586,0,0,0,0,2.800006,20,0.2169054,0.2150184,0,0,0
6/20/2007 4:00:00 AM,0,0,-120.8012,90,0,0,0.1353622,0,0,-1,0,0,0,0,0.1353622,0.1488984,0,0,0,0,0,11.80586,0,0,0,0,2.800006,20,0.2169054,0.1488984,0,0,0
6/20/2007 5:00:00 AM,0,0,-116.1855,90,0,0,1.087568,1.087568,4.592831,0,1.418843,1.087568,0,0,0,0,0,0,0,3.505263,3.33,11.80586,0,3.33,0,3.33,5.959121,42.56506,0.2170396,1.196325,0,5,0
6/20/2007 6:00:00 AM,0.0369803,2.404263,-113.3492,91.18808,0.01872697,0.08404662,0.6393325,0.6393325,4.144596,0,1.296475,0.6393325,13.146,0,0,0,0.08404662,0,0,3.505263,3.33,8.475861,2.997,3.414047,0,3.414047,9.19797,65.69965,0.2171026,0.7032658,0.0672373,5,3.081047
6/20/2007 7:00:00 AM,0.2143163,16.08867,-111.9185,77.44465,0.1829815,0.821221,3.338358,3.338358,5,0,1.53,3.338358,24.59955,0,0,0,0.821221,0,0,1.661642,1.57856,5.061813,6.069642,2.399781,0,2.399781,11.4746,81.96128,0.2172034,3.672194,0.6569768,5,6.890863
6/20/2007 8:00:00 AM,0.3572024,29.84536,-111.9109,63.85284,0.3334568,1.496554,3.372027,3.372027,4.479231,0,1.38783,3.372027,44.38144,0,0,0,1.496554,0,0,1.107205,1.051844,2.662033,8.229445,2.548398,0,2.548398,13.89223,99.22998,0.2173014,3.70923,1.197243,5,9.725999
6/20/2007 9:00:00 AM,0.4038654,43.51382,-113.8631,50.65897,0.392707,1.762469,2.749834,2.749834,0,-1,0,2.749834,64.09367,0,0,0,1.762469,2.894562,2.749834,0,0,0.1136342,10.523,0,1.132092,-1.132092,12.69889,90.70621,0.2173014,3.024817,1.409975,0,12.28547
6/20/2007 10:00:00 AM,0.5648865,56.7957,-119.5247,38.3733,0.5466297,2.453274,4.850387,4.850387,3.822716,0,1.208601,4.850387,50.57893,0,0,0,2.453274,1.081759,1.027671,0,0,1.371515,9.390911,1.371515,0,1.371515,14.00003,100,0.2173459,5.335426,1.962619,5,11.84418
6/20/2007 11:00:00 AM,0.9462985,68.77135,-134.7078,28.28562,0.8980272,4.030346,2.51348,2.51348,0,0,0,2.51348,160.3493,1.384578,0,0,4.030346,2.645768,2.51348,0,0,0,10.62527,0,0,0,14.00003,100,0.2173459,2.764827,3.224277,0,14.65562
6/20/2007 12:00:00 PM,0.9012962,75.53163,-175.2641,23.48112,0.8594532,3.857226,0,0,0,0,0,0,0,3.857226,0,0,3.857226,0,0,0,0,0,10.62527,0,0,0,14.00003,100,0.2173459,0,3.085781,0,14.4825
6/20/2007 1:00:00 PM,0.8444397,70.50811,139.3224,26.9662,0.8052951,3.614164,0,0,0,0,0,0,0,3.614164,0,0,3.614164,0,0,0,0,0,10.62527,0,0,0,14.00003,100,0.2173459,0,2.891331,0,14.23944
6/20/2007 2:00:00 PM,0.849889,58.9921,121.1703,36.42731,0.8022001,3.600274,1.892799,1.892799,0,-1,0,1.892799,190.209,1.607854,0,0,3.600274,1.99242,1.892799,0,0,0,10.62527,0,0,0,14.00003,100,0.2173459,2.082079,2.880219,0,14.22555
6/20/2007 3:00:00 PM,0.6712102,45.83541,114.4898,48.46272,0.6261991,2.810381,0,0,0,-1,0,0,0,2.810381,0,0,2.810381,0,0,0,0,0,10.62527,0,0,0,14.00003,100,0.2173459,0,2.248305,0,13.43566
6/20/2007 4:00:00 PM,0.3235397,32.20485,112.0804,61.54901,0.3106683,1.394279,1.929848,1.929848,0,-1,0,1.929848,72.24813,0,0,0,1.394279,2.031419,1.929848,0,0,0,10.62527,0,0.6371399,-0.6371399,13.32842,95.20284,0.2173459,2.122833,1.115423,0,12.01955
6/20/2007 5:00:00 PM,0.2391104,18.45032,111.8093,75.09407,0.2101573,0.9431861,1.273645,1.273645,0,-1,0,1.273645,74.05408,0,0,0,0.9431861,1.340679,1.273645,0,0,0.7079332,9.988134,0,0.3974929,-0.3974929,12.90943,92.21002,0.2173459,1.40101,0.7545488,0,10.93132
6/20/2007 6:00:00 PM,0.06123729,4.743555,113.0079,88.82412,0.03512791,0.157654,3.814429,3.33,0,-1,0,3.33,4.734356,0,0.4844286,0.8658714,0.157654,3.505263,3.33,0,0,1.149592,9.590641,0,3.347609,-3.347609,9.380739,67.00515,0.2173459,4.195871,0.1261232,0,9.748296
6/20/2007 7:00:00 PM,0,0,115.5875,90,0,0,7.26649,3.33,0,-1,0,3.33,0,0,3.936491,4.66314,0,3.505263,3.33,0,0,4.869158,6.243032,0,3.505263,-3.505263,5.685868,40.61326,0.2173459,7.99314,0,0,6.243032
6/20/2007 8:00:00 PM,0,0,119.8518,90,0,0,2.386372,2.386372,0,-1,0,2.386372,0,0,0,0.02412898,0,2.511971,2.386372,0,0,8.763894,2.737769,0,2.511971,-2.511971,3.038018,21.70008,0.2173459,2.62501,0,0,2.737769
6/20/2007 9:00:00 PM,0,0,126.5763,90,0,0,5.275453,0.2145083,0,-1,0,0.2145083,0,0,5.060945,5.58849,0,0.2257982,0.2145083,0,0,11.55497,0.2257982,0,0.2257982,-0.2257982,2.800006,20,0.2173459,5.802998,0,0,0.2257982
6/20/2007 10:00:00 PM,0,0,137.2582,90,0,0,0.2357163,0,0,-1,0,0,0,0,0.2357163,0.2592879,0,0,0,0,0,11.80586,0,0,0,0,2.800006,20,0.2173459,0.2592879,0,0,0
6/20/2007 11:00:00 PM,0,0,154.1343,90,0,0,0.7401296,0,0,-1,0,0,0,0,0.7401296,0.8141426,0,0,0,0,0,11.80586,0,0,0,0,2.800006,20,0.2173459,0.8141426,0,0,0
6/21/2007 12:00:00 AM,0,0,177.7057,90,0,0,0.825559,0,0,-1,0,0,0,0,0.825559,0.9081149,0,0,0,0,0,11.80586,0,0,0,0,2.800006,20,0.2173459,0.9081149,0,0,0
6/21/2007 1:00:00 AM,0,0,-157.87,90,0,0,0.7391524,0,0,-1,0,0,0,0,0.7391524,0.8130677,0,0,0,0,0,11.80586,0,0,0,0,2.800006,20,0.2173459,0.8130677,0,0,0
6/21/2007 2:00:00 AM,0,0,-139.7172,90,0,0,0.774748,0,0,-1,0,0,0,0,0.774748,0.8522228,0,0,0,0,0,11.80586,0,0,0,0,2.800006,20,0.2173459,0.8522228,0,0,0
6/21/2007 3:00:00 AM,0,0,-128.1202,90,0,0,1.197571,0,0,-1,0,0,0,0,1.197571,1.317328,0,0,0,0,0,11.80586,0,0,0,0,2.800006,20,0.2173459,1.317328,0,0,0
6/21/2007 4:00:00 AM,0,0,-120.8345,90,0,0,0,0,0,-1,0,0,0,0,0,0,0,0,0,0,0,11.80586,0,0,0,0,2.800006,20,0.2173459,0,0,0,0
6/21/2007 5:00:00 AM,0,0,-116.2108,90,0,0,0.5760953,0.5760953,4.081358,0,1.279211,0.5760953,0,0,0,0,0,0,0,3.505263,3.33,11.80586,0,3.33,0,3.33,5.959121,42.56506,0.2174077,0.6337048,0,5,0
6/21/2007 6:00:00 AM,0.0213784,2.35648,-113.369,91.2382,0.01985893,0.08912686,1.026253,1.026253,4.531517,0,1.402104,1.026253,8.684685,0,0,0,0.08912686,0,0,3.505263,3.33,8.475861,2.997,3.419127,0,3.419127,9.202789,65.73408,0.2175228,1.128879,0.07130149,5,3.086127
6/21/2007 7:00:00 AM,0.1696104,16.03914,-111.9339,77.49583,0.1558596,0.6994978,1.451524,1.451524,4.675905,0,1.441522,1.451524,48.19058,0,0,0,0.6994978,0,0,3.224382,3.063163,5.056733,6.074214,3.76266,0,3.76266,12.77236,91.23098,0.2176235,1.596676,0.5595982,5,6.773712
6/21/2007 8:00:00 AM,0.210071,29.79457,-111.9219,63.90451,0.2070661,0.9293127,2.403569,2.403569,0,0,0,2.403569,38.66387,0,4.440892E-16,0,0.9293127,2.530072,2.403569,0,0,1.294073,9.460608,0,1.60076,-1.60076,11.08501,79.17851,0.2176235,2.643925,0.7434502,0,10.38992
6/21/2007 9:00:00 AM,0.3643249,43.46223,-113.8674,50.71024,0.3567932,1.601288,1.81779,1.81779,0,-1,0,1.81779,88.08981,0,0,0,1.601288,1.913463,1.81779,0,0,3.072695,7.859849,0,0.3121755,-0.3121755,10.75595,76.82807,0.2176235,1.999569,1.28103,0,9.461137
6/21/2007 10:00:00 AM,0.4177045,56.74439,-119.5134,38.42199,0.4115805,1.847173,1.854195,1.854195,0,0,0,1.854195,99.62128,0,0,0,1.847173,1.951785,1.854195,0,0,3.419556,7.547673,0,0.1046113,-0.1046113,10.64568,76.04044,0.2176235,2.039615,1.477739,0,9.394847
6/21/2007 11:00:00 AM,0.349609,68.72507,-134.6443,28.32517,0.3469978,1.557326,6.031483,6.031483,5,0,1.53,6.031483,25.81996,0,0,0,1.557326,1.085772,1.031483,0,0,3.535791,7.443062,0.4715546,0,0.4715546,11.09304,79.23582,0.2176386,6.634632,1.245861,5,9.000388
6/21/2007 12:00:00 PM,0.7194242,75.51497,-175.0684,23.49615,0.6951892,3.120009,4.800464,4.800464,4.747479,0,1.461062,4.800464,64.99391,0,0,0,3.120009,0.05577253,0.05298391,0,0,3.064237,7.867461,3.064237,0,3.064237,14.00003,100,0.217737,5.28051,2.496007,5,10.98747
6/21/2007 1:00:00 PM,0.8407109,70.53464,139.4554,26.95036,0.801904,3.598945,1.02361,1.02361,0,0,0,1.02361,351.5933,2.52146,0,0,3.598945,1.077485,1.02361,0,0,0,10.62527,0,0,0,14.00003,100,0.217737,1.125971,2.879156,0,14.22422
6/21/2007 2:00:00 PM,0.5994213,59.03361,121.2301,36.39385,0.5789708,2.598421,5.29584,3.33,0,-1,0,3.33,78.03066,4.440892E-16,1.96584,2.495424,2.598421,3.505263,3.33,0,0,0,10.62527,0,0.9068422,-0.9068422,13.04413,93.17219,0.217737,5.825424,2.078737,0,13.22369
6/21/2007 3:00:00 PM,0.4990728,45.88216,114.5214,48.42103,0.478509,2.147548,0,0,0,-1,0,0,0,1.139946,0,0,2.147548,0,0,0,0,1.007602,9.718432,1.007602,0,1.007602,14.00003,100,0.2176372,0,1.718039,0,11.86598
6/21/2007 4:00:00 PM,0.4312278,32.25409,112.099,61.50305,0.3974565,1.783785,3.161658,3.161658,0,-1,0,3.161658,56.41928,0,0,0.1478235,1.783785,3.328061,3.161658,0,0,0,10.62527,0,1.544276,-1.544276,12.37222,88.37281,0.2176372,3.477823,1.427028,0,12.40906
6/21/2007 5:00:00 PM,0.1984352,18.50095,111.8203,75.04559,0.1836845,0.8243761,2.908,2.908,0,-1,0,2.908,28.34856,4.440892E-16,0,0,0.8243761,3.061053,2.908,0,0,1.715862,9.080998,0,2.236677,-2.236677,10.01455,71.53239,0.2176372,3.1988,0.6595009,0,9.905375
6/21/2007 6:00:00 PM,0.0420048,4.794972,113.0132,88.774,0.03696993,0.165921,0.3680883,0.3680883,0,-1,0,0.3680883,45.07642,0,0,0,0.165921,0.3874614,0.3680883,0,0,4.201059,6.844321,0,0.2215404,-0.2215404,9.78103,69.86436,0.2176372,0.4048972,0.1327368,0,7.010242
6/21/2007 7:00:00 PM,0,0,115.5872,90,0,0,4.385959,3.33,0,-1,0,3.33,0,0,1.055959,1.494555,0,3.505263,3.33,0,0,4.447215,6.622781,0,3.505263,-3.505263,6.086158,43.47247,0.2176372,4.824555,0,0,6.622781
6/21/2007 8:00:00 PM,0,0,119.8447,90,0,0,11.01948,2.961642,0,-1,0,2.961642,0,0,8.057836,9.159783,0,3.117518,2.961642,0,0,8.341951,3.117518,0,3.117518,-3.117518,2.800006,20,0.2176372,12.12143,0,0,3.117518
6/21/2007 9:00:00 PM,0,0,126.5585,90,0,0,4.186104,0,0,-1,0,0,0,0,4.186104,4.604714,0,0,0,0,0,11.80586,0,0,0,0,2.800006,20,0.2176372,4.604714,0,0,0
6/21/2007 10:00:00 PM,0,0,137.222,90,0,0,2.027778,0,0,-1,0,0,0,0,2.027778,2.230556,0,0,0,0,0,11.80586,0,0,0,0,2.800006,20,0.2176372,2.230556,0,0,0
6/21/2007 11:00:00 PM,0,0,154.0689,90,0,0,0.9345737,0,0,-1,0,0,0,0,0.9345737,1.028031,0,0,0,0,0,11.80586,0,0,0,0,2.800006,20,0.2176372,1.028031,0,0,0
6/22/2007 12:00:00 AM,0,0,177.6125,90,0,0,0.5846314,0,0,-1,0,0,0,0,0.5846314,0.6430945,0,0,0,0,0,11.80586,0,0,0,0,2.800006,20,0.2176372,0.6430945,0,0,0
6/22/2007 1:00:00 AM,0,0,-157.9537,90,0,0,0.2421837,0,0,-1,0,0,0,0,0.2421837,0.2664021,0,0,0,0,0,11.80586,0,0,0,0,2.800006,20,0.2176372,0.2664021,0,0,0
6/22/2007 2:00:00 AM,0,0,-139.7757,90,0,0,0,0,0,-1,0,0,0,0,0,0,0,0,0,0,0,11.80586,0,0,0,0,2.800006,20,0.2176372,0,0,0,0
6/22/2007 3:00:00 AM,0,0,-128.159,90,0,0,0.4054439,0,0,-1,0,0,0,0,0.4054439,0.4459883,0,0,0,0,0,11.80586,0,0,0,0,2.800006,20,0.2176372,0.4459883,0,0,0
6/22/2007 4:00:00 AM,0,0,-120.8608,90,0,0,0.800649,0,0,-1,0,0,0,0,0.800649,0.8807139,0,0,0,0,0,11.80586,0,0,0,0,2.800006,20,0.2176372,0.8807139,0,0,0
6/22/2007 5:00:00 AM,0,0,-116.2292,90,0,0,0.3666004,0.3666004,3.871864,0,1.222019,0.3666004,0,0,0,0,0,0,0,3.505263,3.33,11.80586,0,3.33,0,3.33,5.959121,42.56506,0.2176692,0.4032605,0,5,0
6/22/2007 6:00:00 AM,0.02350643,2.307543,-113.3818,91.28848,0.02096296,0.09408174,1.005745,1.005745,4.511008,0,1.396505,1.005745,9.354437,0,0,0,0.09408174,0,0,3.505263,3.33,8.475861,2.997,3.424082,0,3.424082,9.20749,65.76765,0.2177799,1.106319,0.07526539,5,3.091082
6/22/2007 7:00:00 AM,0.1423265,15.98916,-111.9421,77.54642,0.1357266,0.609141,2.880533,2.880533,5,0,1.53,2.880533,21.14681,0,0,0,0.609141,0,0,2.119467,2.013493,5.051778,6.078673,2.622634,0,2.622634,11.69554,83.5394,0.2178919,3.168586,0.4873128,5,6.687815
6/22/2007 8:00:00 AM,0.2914301,29.74403,-111.9249,63.9548,0.2800761,1.256981,5.702044,5.702044,5,0,1.53,5.702044,22.0444,0,0,0,1.256981,0.7389935,0.7020438,0,0,2.429144,8.439045,0.5179878,0,0.5179878,12.18695,87.04944,0.2179084,6.272248,1.005585,5,9.696026
6/22/2007 9:00:00 AM,0.5235256,43.41176,-113.8623,50.75914,0.4958579,2.22541,5.009016,3.33,0,-1,0,3.33,66.82913,0,1.679016,2.179918,2.22541,3.505263,3.33,0,0,1.911156,8.905233,0,1.279853,-1.279853,10.83786,77.41315,0.2179084,5.509918,1.780328,0,11.13064
6/22/2007 10:00:00 AM,0.5839333,56.69541,-119.4902,38.46698,0.563431,2.528678,2.664842,2.664842,0,0,0,2.664842,94.89038,0,0,0,2.528678,2.805097,2.664842,0,0,3.333215,7.625381,0,0.2764181,-0.2764181,10.54649,75.33194,0.2179084,2.931326,2.022943,0,10.15406
6/22/2007 11:00:00 AM,0.8595874,68.68315,-134.5663,28.35925,0.8179665,3.671034,5.890624,5.890624,5,0,1.53,5.890624,62.31995,0,0,0,3.671034,0.9374984,0.8906235,0,0,3.640347,7.348962,2.733535,0,2.733535,13.13975,93.85518,0.2179737,6.479686,2.936827,5,11.02
6/22/2007 12:00:00 PM,0.5811273,75.50503,-174.8701,23.50437,0.5691862,2.554508,2.58648,2.58648,0,0,0,2.58648,98.76389,0,0,0,2.554508,2.72261,2.58648,0,0,0.9068111,9.809144,0,0.1681023,-0.1681023,12.96256,92.5895,0.2179737,2.845128,2.043606,0,12.36365
6/22/2007 1:00:00 PM,0.5158545,70.56609,139.5744,26.92863,0.5072796,2.276671,1.427935,1.427935,0,0,0,1.427935,159.438,0,0,0,2.276671,1.503089,1.427935,0,0,1.093591,9.641042,0.7735813,0,0.7735813,13.69644,97.83152,0.2178974,1.570728,1.821337,0,11.91771
6/22/2007 2:00:00 PM,0.8872954,59.07789,121.2777,36.35625,0.8368852,3.75594,5.361471,3.33,0,-1,0,3.33,112.791,0,2.031471,2.567618,3.75594,3.505263,3.33,0,0,0.3200101,10.33727,0.2506773,0,0.2506773,13.93425,99.53018,0.2178727,5.897618,3.004752,0,14.09321
6/22/2007 3:00:00 PM,0.7018868,45.9304,114.5434,48.37659,0.6535177,2.932988,2.536084,2.536084,0,-1,0,2.536084,115.6502,0.1940926,0,0,2.932988,2.669562,2.536084,0,0,0.06933274,10.56287,0.06933274,0,0.06933274,14.00003,100,0.2178659,2.789693,2.34639,0,13.49586
6/22/2007 4:00:00 PM,0.534412,32.30392,112.1094,61.45538,0.4820675,2.163519,1.663903,1.663903,0,-1,0,1.663903,130.0268,0.4120422,0,0,2.163519,1.751477,1.663903,0,0,0,10.62527,0,0,0,14.00003,100,0.2178659,1.830293,1.730815,0,12.78879
6/22/2007 5:00:00 PM,0.2406871,18.55144,111.8239,74.9962,0.2115894,0.9496132,0,0,0,-1,0,0,0,0.9496132,0,0,0.9496132,0,0,0,0,0,10.62527,0,0,0,14.00003,100,0.2178659,0,0.7596905,0,11.57489
6/22/2007 6:00:00 PM,0.07964586,4.845546,113.0116,88.72372,0.0282531,0.1267999,7.530818,3.33,0,-1,0,3.33,3.807805,0,4.200819,4.9539,0.1267999,3.505263,3.33,0,0,0,10.62527,0,3.378463,-3.378463,10.43882,74.56281,0.2178659,8.2839,0.1014399,0,10.75207
6/22/2007 7:00:00 PM,0,0,115.5802,90,0,0,6.883592,3.33,0,-1,0,3.33,0,0,3.553592,4.241951,0,3.505263,3.33,0,0,3.753848,7.246811,0,3.505263,-3.505263,6.743943,48.17093,0.2178659,7.571951,0,0,7.246811
6/22/2007 8:00:00 PM,0,0,119.8305,90,0,0,5.570988,3.33,0,-1,0,3.33,0,0,2.240988,2.798087,0,3.505263,3.33,0,0,7.648585,3.741548,0,3.505263,-3.505263,3.049072,21.77904,0.2178659,6.128087,0,0,3.741548
6/22/2007 9:00:00 PM,0,0,126.5334,90,0,0,4.74203,0.2244704,0,-1,0,0.2244704,0,0,4.51756,4.991763,0,0.2362846,0.2244704,0,0,11.54332,0.2362846,0,0.2362846,-0.2362846,2.800006,20,0.2178659,5.216233,0,0,0.2362846
6/22/2007 10:00:00 PM,0,0,137.1786,90,0,0,0.08939148,0,0,-1,0,0,0,0,0.08939148,0.09833064,0,0,0,0,0,11.80586,0,0,0,0,2.800006,20,0.2178659,0.09833064,0,0,0
6/22/2007 11:00:00 PM,0,0,153.9979,90,0,0,0,0,0,-1,0,0,0,0,0,0,0,0,0,0,0,11.80586,0,0,0,0,2.800006,20,0.2178659,0,0,0,0
6/23/2007 12:00:00 AM,0,0,177.5187,90,0,0,0,0,0,-1,0,0,0,0,0,0,0,0,0,0,0,11.80586,0,0,0,0,2.800006,20,0.2178659,0,0,0,0
6/23/2007 1:00:00 AM,0,0,-158.0327,90,0,0,1.730501,0,0,-1,0,0,0,0,1.730501,1.903551,0,0,0,0,0,11.80586,0,0,0,0,2.800006,20,0.2178659,1.903551,0,0,0
6/23/2007 2:00:00 AM,0,0,-139.8271,90,0,0,1.154043,0,0,-1,0,0,0,0,1.154043,1.269447,0,0,0,0,0,11.80586,0,0,0,0,2.800006,20,0.2178659,1.269447,0,0,0
6/23/2007 3:00:00 AM,0,0,-128.1905,90,0,0,0.7532061,0,0,-1,0,0,0,0,0.7532061,0.8285267,0,0,0,0,0,11.80586,0,0,0,0,2.800006,20,0.2178659,0.8285267,0,0,0
6/23/2007 4:00:00 AM,0,0,-120.8802,90,0,0,0,0,0,-1,0,0,0,0,0,0,0,0,0,0,0,11.80586,0,0,0,0,2.800006,20,0.2178659,0,0,0,0
6/23/2007 5:00:00 AM,0,0,-116.2408,90,0,0,1.307468,1.307468,4.812731,0,1.478876,1.307468,0,0,0,0,0,0,0,3.505263,3.33,11.80586,0,3.33,0,3.33,5.959121,42.56506,0.2180184,1.438214,0,5,0
6/23/2007 6:00:00 AM,0.008526321,2.257528,-113.3879,91.33884,0.008379662,0.03760793,0,0,3.505263,0,1.121937,0,0,0,0,0,0.03760793,0,0,3.505263,3.33,8.475861,2.997,3.367608,0,3.367608,9.153914,65.38497,0.2179958,0,0.03008634,5,3.034608
6/23/2007 7:00:00 AM,0.07296778,15.9388,-111.9431,77.59637,0.07227541,0.324372,0,0,3.505263,0,1.121937,0,0,0,0,0,0.324372,0,0,3.505263,3.33,5.108252,6.027847,3.654372,0,3.654372,12.62076,90.14808,0.2179452,0,0.2594976,5,6.352219
6/23/2007 8:00:00 AM,0.2743601,29.69384,-111.92,64.00363,0.2654009,1.191119,4.451727,4.451727,4.701351,0,1.448469,4.451727,26.75633,0,0,0,1.191119,0,0,0.2496232,0.237142,1.45388,9.316782,1.428261,0,1.428261,13.97572,99.82639,0.2179936,4.8969,0.9528952,5,10.5079
6/23/2007 9:00:00 AM,0.4542673,43.3625,-113.8479,50.80561,0.436834,1.960511,2.429463,2.429463,0,-1,0,2.429463,80.69732,0,0,0,1.960511,2.557329,2.429463,0,0,0.02561922,10.60222,0,0.596818,-0.596818,13.34662,95.33282,0.2179936,2.672409,1.568409,0,12.56273
6/23/2007 10:00:00 AM,0.4889461,56.64883,-119.4553,38.50821,0.477944,2.145013,1.153521,1.153521,0,0,0,1.153521,185.9535,0.2420298,0,0,2.145013,1.214232,1.153521,0,0,0.6887503,10.0054,0.6887503,0,0.6887503,14.00003,100,0.2179261,1.268873,1.71601,0,12.15041
6/23/2007 11:00:00 AM,0.5568724,68.64561,-134.4739,28.38781,0.5450597,2.446228,2.296721,2.296721,0,0,0,2.296721,106.5096,0.02862726,0,0,2.446228,2.417601,2.296721,0,0,0,10.62527,0,0,0,14.00003,100,0.2179261,2.526393,1.956982,0,13.0715
6/23/2007 12:00:00 PM,0.8763822,75.50182,-174.6693,23.50578,0.8366283,3.754787,1.508698,1.508698,0,0,0,1.508698,248.8761,2.166685,0,0,3.754787,1.588103,1.508698,0,0,0,10.62527,0,0,0,14.00003,100,0.2179261,1.659567,3.00383,0,14.38006
6/23/2007 1:00:00 PM,0.6511013,70.60244,139.6794,26.90104,0.6317552,2.835317,0,0,0,0,0,0,0,2.835317,0,0,2.835317,0,0,0,0,0,10.62527,0,0,0,14.00003,100,0.2179261,0,2.268254,0,13.46059
6/23/2007 2:00:00 PM,0.577662,59.12489,121.313,36.31459,0.5596285,2.511613,3.949703,3.33,0,-1,0,3.33,75.42381,0,0.6197036,1.014674,2.511613,3.505263,3.33,0,0,0,10.62527,0,0.9936501,-0.9936501,12.95263,92.51859,0.2179261,4.344674,2.00929,0,13.13689
6/23/2007 3:00:00 PM,0.5285067,45.98006,114.5556,48.32948,0.5038615,2.261331,0.4941227,0.4941227,0,-1,0,0.4941227,457.6455,0.6371456,0,0,2.261331,0.5201292,0.4941227,0,0,1.104056,9.631624,1.104056,0,1.104056,14.00003,100,0.2178179,0.543535,1.809064,0,11.89295
6/23/2007 4:00:00 PM,0.3417154,32.35426,112.1116,61.40604,0.3260907,1.463495,0.8490521,0.8490521,0,-1,0,0.8490521,172.3681,0.5697557,0,0,1.463495,0.8937391,0.8490521,0,0,0,10.62527,0,0,0,14.00003,100,0.2178179,0.9339573,1.170796,0,12.08877
6/23/2007 5:00:00 PM,0.2183569,18.60169,111.8203,74.946,0.197584,0.8867569,0.1731252,0.1731252,0,-1,0,0.1731252,512.2054,0.7045198,0,0,0.8867569,0.1822371,0.1731252,0,0,0,10.62527,0,0,0,14.00003,100,0.2178179,0.1904378,0.7094055,0,11.51203
6/23/2007 6:00:00 PM,0.05486383,4.895202,113.0031,88.67336,0.03935679,0.1766333,4.515835,3.33,0,-1,0,3.33,5.304303,0,1.185835,1.637418,0.1766333,3.505263,3.33,0,0,0,10.62527,0,3.32863,-3.32863,10.49134,74.93802,0.2178179,4.967418,0.1413066,0,10.80191
6/23/2007 7:00:00 PM,0,0,115.5663,90,0,0,2.523036,2.523036,0,-1,0,2.523036,0,0,0,0,0,2.655828,2.523036,0,0,3.698478,7.296644,0,2.655828,-2.655828,7.691856,54.94172,0.2178179,2.77534,0,0,7.296644
6/23/2007 8:00:00 PM,0,0,119.8094,90,0,0,0.4525324,0.4525324,0,-1,0,0.4525324,0,0,5.551115E-17,0,0,0.4763499,0.4525324,0,0,6.649397,4.640817,0,0.4763499,-0.4763499,7.189739,51.35518,0.2178179,0.4977856,0,0,4.640817
6/23/2007 9:00:00 PM,0,0,126.501,90,0,0,1.750958,1.750958,0,-1,0,1.750958,0,0,0,0,0,1.843114,1.750958,0,0,7.178675,4.164467,0,1.843114,-1.843114,5.246926,37.47797,0.2178179,1.926054,0,0,4.164467
6/23/2007 10:00:00 PM,0,0,137.128,90,0,0,1.497368,1.497368,0,-1,0,1.497368,0,0,2.220446E-16,0,0,1.576177,1.497368,0,0,9.226579,2.321353,0,1.576177,-1.576177,3.58549,25.61059,0.2178179,1.647105,0,0,2.321353
6/23/2007 11:00:00 PM,0,0,153.9214,90,0,0,0.7012496,0.7012496,0,-1,0,0.7012496,0,0,0,0.06345753,0,0.7381575,0.7012496,0,0,10.97789,0.7451758,0,0.7381575,-0.7381575,2.807404,20.05284,0.2178179,0.7713746,0,0,0.7451758
6/24/2007 12:00:00 AM,0,0,177.4245,90,0,0,1.069398,0.006667436,0,-1,0,0.006667436,0,0,1.062731,1.169671,0,0.007018353,0.006667436,0,0,11.79806,0.007018353,0,0.007018353,-0.007018353,2.800006,20,0.2178179,1.176338,0,0,0.007018353
6/24/2007 1:00:00 AM,0,0,-158.1068,90,0,0,0.8340575,0,0,-1,0,0,0,0,0.8340575,0.9174633,0,0,0,0,0,11.80586,0,0,0,0,2.800006,20,0.2178179,0.9174633,0,0,0
6/24/2007 2:00:00 AM,0,0,-139.8716,90,0,0,0.5770336,0,0,-1,0,0,0,0,0.5770336,0.634737,0,0,0,0,0,11.80586,0,0,0,0,2.800006,20,0.2178179,0.634737,0,0,0
6/24/2007 3:00:00 AM,0,0,-128.2147,90,0,0,0.614217,0,0,-1,0,0,0,0,0.614217,0.6756387,0,0,0,0,0,11.80586,0,0,0,0,2.800006,20,0.2178179,0.6756387,0,0,0
6/24/2007 4:00:00 AM,0,0,-120.8925,90,0,0,0,0,0,-1,0,0,0,0,0,0,0,0,0,0,0,11.80586,0,0,0,0,2.800006,20,0.2178179,0,0,0,0
6/24/2007 5:00:00 AM,0,0,-116.2456,90,0,0,1.30336,1.30336,4.808623,0,1.477754,1.30336,0,0,0,0,0,0,0,3.505263,3.33,11.80586,0,3.33,0,3.33,5.959121,42.56506,0.2179696,1.433696,0,5,0
6/24/2007 6:00:00 AM,0.04466023,2.206511,-113.387,91.38921,0.008505981,0.03817485,1.112102,1.112102,4.617365,0,1.425541,1.112102,3.432674,4.440892E-16,0,0,0.03817485,0,0,3.505263,3.33,8.475861,2.997,3.368175,0,3.368175,9.154452,65.38882,0.2180983,1.223312,0.03053988,5,3.035175
6/24/2007 7:00:00 AM,0.2257826,15.88812,-111.9369,77.64559,0.1881226,0.8442944,0.1122547,0.1122547,3.617518,0,1.152582,0.1122547,752.124,0,0,0,0.8442944,0,0,3.505263,3.33,5.107686,6.028358,4.174294,0,4.174294,13.11454,93.67506,0.2180123,0.1234801,0.6754355,5,6.872652
6/24/2007 8:00:00 AM,0.3721365,29.64406,-111.9071,64.05094,0.3444631,1.545951,0,0,0,0,0,0,0,0.6125596,0,0,1.545951,0,0,0,0,0.933391,9.785222,0.933391,0,0.933391,14.00003,100,0.2179214,0,1.23676,0,11.33117
6/24/2007 9:00:00 AM,0.610876,43.3145,-113.824,50.84956,0.5696501,2.55659,6.886634,3.33,0,-1,0,3.33,76.77447,0,3.556634,4.245297,2.55659,3.505263,3.33,0,0,0,10.62527,0,0.9486734,-0.9486734,13.00004,92.85723,0.2179214,7.575297,2.045272,0,13.18186
6/24/2007 10:00:00 AM,0.8622701,56.60471,-119.4087,38.54563,0.8116693,3.642772,0,0,0,0,0,0,0,2.58869,0,0,3.642772,0,0,0,0,1.054082,9.6766,1.054082,0,1.054082,14.00003,100,0.2178187,0,2.914217,0,13.31937
6/24/2007 11:00:00 AM,0.974547,68.61251,-134.3674,28.41083,0.9244574,4.148965,3.811257,3.811257,1.25,0,0.50625,3.811257,108.8608,1.452905,0,0,4.148965,2.69606,2.561257,0,0,0,10.62527,0,0,0,14.00003,100,0.2178187,4.192383,3.319172,5,14.77424
6/24/2007 12:00:00 PM,0.9224183,75.50533,-174.4659,23.50037,0.8788332,3.944204,1.717264,1.717264,0,0,0,1.717264,229.6795,2.136557,0,0,3.944204,1.807646,1.717264,0,0,0,10.62527,0,0,0,14.00003,100,0.2178187,1.88899,3.155363,0,14.56948
6/24/2007 1:00:00 PM,0.7552426,70.64367,139.77,26.86761,0.725159,3.254514,0,0,0,0,0,0,0,3.254514,0,0,3.254514,0,0,0,0,0,10.62527,0,0,0,14.00003,100,0.2178187,0,2.603611,0,13.87979
6/24/2007 2:00:00 PM,0.4726637,59.17453,121.336,36.2689,0.4639012,2.081989,0,0,0,-1,0,0,0,2.081989,0,0,2.081989,0,0,0,0,0,10.62527,0,0,0,14.00003,100,0.2178187,0,1.665591,0,12.70726
6/24/2007 3:00:00 PM,0.6323297,46.03105,114.5581,48.27975,0.5925921,2.659554,0.4275132,0.4275132,0,-1,0,0.4275132,622.0986,2.20954,0,0,2.659554,0.4500138,0.4275132,0,0,0,10.62527,0,0,0,14.00003,100,0.2178187,0.4702645,2.127643,0,13.28483
6/24/2007 4:00:00 PM,0.3197514,32.40504,112.1057,61.35514,0.307703,1.380971,0,0,0,-1,0,0,0,1.380971,0,0,1.380971,0,0,0,0,0,10.62527,0,0,0,14.00003,100,0.2178187,0,1.104777,0,12.00625
6/24/2007 5:00:00 PM,0.2243084,18.65165,111.8093,74.89505,0.2016708,0.9050986,2.703513,2.703513,0,-1,0,2.703513,33.47861,0,0,0,0.9050986,2.845803,2.703513,0,0,0,10.62527,0,1.940704,-1.940704,11.95435,85.38802,0.2178187,2.973864,0.7240789,0,11.53037
6/24/2007 6:00:00 PM,0.08205929,4.943861,112.9877,88.62299,0.02954527,0.1325992,0,0,0,-1,0,0,0,0,0,0,0.1325992,0,0,0,0,2.156338,8.68457,0.1325992,0,0.1325992,12.08014,86.28654,0.2178058,0,0.1060793,0,8.817169
6/24/2007 7:00:00 PM,0,0,115.5457,90,0,0,5.448352,3.33,0,-1,0,3.33,0,0,2.118352,2.663187,0,3.505263,3.33,0,0,2.023739,8.803909,0,3.505263,-3.505263,8.385269,59.89466,0.2178058,5.993187,0,0,8.803909
6/24/2007 8:00:00 PM,0,0,119.7814,90,0,0,0.1498049,0.1498049,0,-1,0,0.1498049,0,0,2.775558E-17,0,0,0.1576894,0.1498049,0,0,5.918476,5.298646,0,0.1576894,-0.1576894,8.219049,58.70738,0.2178058,0.1647854,0,0,5.298646
6/24/2007 9:00:00 PM,0,0,126.4615,90,0,0,0,0,0,-1,0,0,0,0,0,0,0,0,0,0,0,6.093686,5.140957,0,0,0,8.219049,58.70738,0.2178058,0,0,0,5.140957
6/24/2007 10:00:00 PM,0,0,137.0704,90,0,0,0.2294723,0.2294723,0,-1,0,0.2294723,0,0,2.775558E-17,0,0,0.2415498,0.2294723,0,0,6.093686,5.140957,0,0.2415498,-0.2415498,7.964434,56.8887,0.2178058,0.2524196,0,0,5.140957
6/24/2007 11:00:00 PM,0,0,153.8396,90,0,0,0.5030721,0.5030721,0,-1,0,0.5030721,0,0,1.110223E-16,0,0,0.5295495,0.5030721,0,0,6.362075,4.899407,0,0.5295495,-0.5295495,7.40624,52.90161,0.2178058,0.5533793,0,0,4.899407
6/25/2007 12:00:00 AM,0,0,177.3298,90,0,0,0,0,0,-1,0,0,0,0,0,0,0,0,0,0,0,6.950463,4.369857,0,0,0,7.40624,52.90161,0.2178058,0,0,0,4.369857
6/25/2007 1:00:00 AM,0,0,-158.1759,90,0,0,0.8369509,0.8369509,0,-1,0,0.8369509,0,0,0,0,0,0.881001,0.8369509,0,0,6.950463,4.369857,0,0.881001,-0.881001,6.477583,46.26836,0.2178058,0.920646,0,0,4.369857
6/25/2007 2:00:00 AM,0,0,-139.9088,90,0,0,0.1218838,0.1218838,0,-1,0,0.1218838,0,0,1.387779E-17,0,0,0.1282987,0.1218838,0,0,7.929353,3.488856,0,0.1282987,-0.1282987,6.342344,45.30237,0.2178058,0.1340722,0,0,3.488856
6/25/2007 3:00:00 AM,0,0,-128.2316,90,0,0,0.1370284,0.1370284,0,-1,0,0.1370284,0,0,2.775558E-17,0,0,0.1442404,0.1370284,0,0,8.071907,3.360558,0,0.1442404,-0.1442404,6.190301,44.21635,0.2178058,0.1507312,0,0,3.360558
6/25/2007 4:00:00 AM,0,0,-120.8977,90,0,0,0,0,0,-1,0,0,0,0,0,0,0,0,0,0,0,8.232175,3.216317,0,0,0,6.190301,44.21635,0.2178058,0,0,0,3.216317
6/25/2007 5:00:00 AM,0,0,-116.2436,90,0,0,0.6816041,0.6816041,0,0,0,0.6816041,0,0,0,0,0,0.717478,0.6816041,0,0,8.232175,3.216317,0,0.717478,-0.717478,5.434013,38.8143,0.2178058,0.7497645,0,0,3.216317
6/25/2007 6:00:00 AM,0.00992938,2.154569,-113.3793,91.4395,0.009732282,0.04367848,0,0,0,0,0,0,0,0,0,0,0.04367848,0,0,0,0,9.029372,2.498839,0.04367848,0,0.04367848,5.475451,39.11028,0.2178016,0,0.03494279,0,2.542518
6/25/2007 7:00:00 AM,0.07388214,15.83722,-111.9236,77.69401,0.07317162,0.3283942,0.8279364,0.8279364,0,0,0,0.8279364,39.66418,1.110223E-16,0,0,0.3283942,0.871512,0.8279364,0,0,8.985694,2.53815,0,0.5431178,-0.5431178,4.902954,35.02103,0.2178016,0.91073,0.2627154,0,2.866544
6/25/2007 8:00:00 AM,0.0630516,29.59478,-111.8863,64.09664,0.06267596,0.2812897,1.415788,1.415788,0,0,0,1.415788,19.86806,0,2.220446E-16,0,0.2812897,1.490304,1.415788,0,0,9.589158,1.995032,0,1.209014,-1.209014,3.628541,25.9181,0.2178016,1.557367,0.2250318,0,2.276322
6/25/2007 9:00:00 AM,0.1098416,43.26785,-113.7909,50.89095,0.1092035,0.4901054,1.028844,1.028844,0,-1,0,1.028844,47.63649,0,0,0.2918915,0.4901054,1.082994,1.028844,0,0,10.93251,0.7860183,0,0.5928888,-0.5928888,3.003582,21.45411,0.2178016,1.131729,0.3920843,0,1.276124
6/25/2007 10:00:00 AM,0.1064724,56.56311,-119.3505,38.57919,0.1058912,0.4752399,3.721023,3.721023,5,0,1.53,3.721023,12.77175,0,0,0,0.4752399,0,0,1.278977,1.215028,11.59127,0.1931295,1.690268,0,1.690268,4.607111,32.90787,0.2178715,4.093126,0.3801919,5,0.6683694
6/25/2007 11:00:00 AM,0.108753,68.58387,-134.2468,28.42827,0.108172,0.4854758,7.463318,7.089854,5,0,1.53,7.089854,6.847473,0,0.3734639,1.488757,0.4854758,2.199846,2.089854,0,0,9.901004,1.71437,0,1.71437,-1.71437,2.800006,20,0.2178715,8.20965,0.3883807,5,2.199846
6/25/2007 12:00:00 PM,0.3015384,75.51557,-174.2601,23.48814,0.2996701,1.344919,0.6510808,0.6510808,4.156344,0,1.299682,0.6510808,206.5672,4.440892E-16,0,0,1.344919,0,0,3.505263,3.33,11.80586,0,4.67492,0,4.67492,7.235023,51.67863,0.2178105,0.716189,1.075935,5,1.344919
6/25/2007 1:00:00 PM,0.2669648,70.68974,139.8461,26.82837,0.2653574,1.190924,3.721177,3.721177,5,0,1.53,3.721177,32.00396,0,0,0,1.190924,0,0,1.278823,1.214882,7.130941,4.207428,2.405806,0,2.405806,9.517371,67.98109,0.2179027,4.093295,0.9527394,5,5.398352
6/25/2007 2:00:00 PM,0.1699269,59.22677,121.3464,36.21923,0.1689492,0.7582439,2.736453,2.736453,0,-1,0,2.736453,27.709,0,0,0,0.7582439,2.880477,2.736453,0,0,4.725135,6.372653,0,2.122233,-2.122233,7.280341,52.00233,0.2179027,3.010098,0.6065951,0,7.130897
6/25/2007 3:00:00 PM,0.1179686,46.08331,114.5507,48.22749,0.1172874,0.5263856,3.300442,3.300442,0,-1,0,3.300442,15.94894,0,0,0.3004864,0.5263856,3.47415,3.300442,0,0,7.083172,4.25042,0,2.947764,-2.947764,4.173125,29.80798,0.2179027,3.630486,0.4211085,0,4.776805
6/25/2007 4:00:00 PM,0.008078245,32.45617,112.0916,61.30273,0.008037475,0.03607219,3.332093,1.271791,0,-1,0,1.271791,2.836329,0,2.060301,2.420925,0.03607219,1.338728,1.271791,0,0,10.35847,1.302656,0,1.302656,-1.302656,2.800006,20,0.2179027,3.665302,0.02885775,0,1.338728
6/25/2007 5:00:00 PM,0.03932246,18.70122,111.791,74.84343,0.03906508,0.1753241,0.9700682,0.1665579,0,-1,0,0.1665579,105.2632,0,0.8035104,1.033764,0.1753241,0.1753241,0.1665579,0,0,11.80586,0,0,0,0,2.800006,20,0.2179027,1.067075,0.1402593,0,0.1753241
6/25/2007 6:00:00 PM,0.01900467,4.991449,112.9654,88.5727,0.01868507,0.08385858,2.435221,0.07966565,0,-1,0,0.07966565,105.2632,0,2.355555,2.66281,0.08385858,0.08385858,0.07966565,0,0,11.80586,0,0,0,0,2.800006,20,0.2179027,2.678743,0.06708686,0,0.08385858
6/25/2007 7:00:00 PM,0,0,115.5182,90,0,0,0,0,0,-1,0,0,0,0,0,0,0,0,0,0,0,11.80586,0,0,0,0,2.800006,20,0.2179027,0,0,0,0
6/25/2007 8:00:00 PM,0,0,119.7464,90,0,0,6.746603,0,0,-1,0,0,0,0,6.746603,7.421263,0,0,0,0,0,11.80586,0,0,0,0,2.800006,20,0.2179027,7.421263,0,0,0
6/25/2007 9:00:00 PM,0,0,126.4149,90,0,0,3.137755,0,0,-1,0,0,0,0,3.137755,3.451531,0,0,0,0,0,11.80586,0,0,0,0,2.800006,20,0.2179027,3.451531,0,0,0
6/25/2007 10:00:00 PM,0,0,137.0057,90,0,0,0.6755038,0,0,-1,0,0,0,0,0.6755038,0.7430542,0,0,0,0,0,11.80586,0,0,0,0,2.800006,20,0.2179027,0.7430542,0,0,0
6/25/2007 11:00:00 PM,0,0,153.7524,90,0,0,0.1067244,0,0,-1,0,0,0,0,0.1067244,0.1173968,0,0,0,0,0,11.80586,0,0,0,0,2.800006,20,0.2179027,0.1173968,0,0,0
6/26/2007 12:00:00 AM,0,0,177.2348,90,0,0,0.9628962,0,0,-1,0,0,0,0,0.9628962,1.059186,0,0,0,0,0,11.80586,0,0,0,0,2.800006,20,0.2179027,1.059186,0,0,0
6/26/2007 1:00:00 AM,0,0,-158.2399,90,0,0,0.4713019,0,0,-1,0,0,0,0,0.4713019,0.5184321,0,0,0,0,0,11.80586,0,0,0,0,2.800006,20,0.2179027,0.5184321,0,0,0
6/26/2007 2:00:00 AM,0,0,-139.9388,90,0,0,0.9341035,0,0,-1,0,0,0,0,0.9341035,1.027514,0,0,0,0,0,11.80586,0,0,0,0,2.800006,20,0.2179027,1.027514,0,0,0
6/26/2007 3:00:00 AM,0,0,-128.241,90,0,0,0.1431666,0,0,-1,0,0,0,0,0.1431666,0.1574833,0,0,0,0,0,11.80586,0,0,0,0,2.800006,20,0.2179027,0.1574833,0,0,0
6/26/2007 4:00:00 AM,0,0,-120.8958,90,0,0,0.677561,0,0,-1,0,0,0,0,0.677561,0.7453171,0,0,0,0,0,11.80586,0,0,0,0,2.800006,20,0.2179027,0.7453171,0,0,0
6/26/2007 5:00:00 AM,0,0,-116.2346,90,0,0,1.395643,1.395643,4.900906,0,1.502947,1.395643,0,0,0,0,0,0,0,3.505263,3.33,11.80586,0,3.33,0,3.33,5.959121,42.56506,0.2180528,1.535207,0,5,0
6/26/2007 6:00:00 AM,0.0242449,2.101778,-113.3647,91.48964,0.02068805,0.09284797,1.115656,1.115656,4.620919,0,1.426511,1.115656,8.322279,4.440892E-16,0,0,0.09284797,0,0,3.505263,3.33,8.475861,2.997,3.422848,0,3.422848,9.20632,65.75929,0.2181753,1.227221,0.07427838,5,3.089848
6/26/2007 7:00:00 AM,0.04573435,15.78615,-111.903,77.74155,0.04538388,0.2036829,5.160548,5.160548,5,0,1.53,5.160548,3.946923,0,0,0,0.2036829,0.1689978,0.1605479,0,0,5.053012,6.077563,0.03468506,0,0.03468506,9.239224,65.99433,0.2181764,5.676603,0.1629463,5,6.281246
6/26/2007 8:00:00 AM,0.06262019,29.54605,-111.8575,64.14067,0.06224745,0.2793666,0,0,3.505263,0,1.121937,0,0,0,0,0,0.2793666,0,0,3.505263,3.33,5.018327,6.10878,3.609367,0,3.609367,12.66337,90.45247,0.2181306,0,0.2234932,5,6.388146
6/26/2007 9:00:00 AM,0.12814,43.2226,-113.7486,50.92971,0.1273744,0.5716563,5.409213,3.33,0,-1,0,3.33,17.16685,0,2.079213,2.620134,0.5716563,3.505263,3.33,0,0,1.408961,9.357209,0,2.933607,-2.933607,9.571077,68.3647,0.2181306,5.950134,0.457325,0,9.928865
6/26/2007 10:00:00 AM,0.2698861,56.52408,-119.2808,38.60883,0.2680886,1.203182,3.003206,3.003206,0,0,0,3.003206,40.06324,0,0,0,1.203182,3.16127,3.003206,0,0,4.668524,6.423603,0,1.958088,-1.958088,7.507071,53.62183,0.2181306,3.303527,0.9625455,0,7.626785
6/26/2007 11:00:00 AM,0.3200275,68.55971,-134.1122,28.44013,0.3178694,1.426598,1.429887,1.429887,0,0,0,1.429887,99.76994,0,0,0,1.426598,1.505145,1.429887,0,0,6.844177,4.465515,0,0.07854682,-0.07854682,7.424276,53.03044,0.2181306,1.572876,1.141278,0,5.892112
6/26/2007 12:00:00 PM,0.195503,75.53254,-174.0518,23.4691,0.1944002,0.8724679,3.414845,3.414845,5,0,1.53,3.414845,25.54927,0,0,0,0.8724679,0,0,1.585155,1.505897,6.931451,4.386968,2.378365,0,2.378365,9.680591,69.14694,0.2182251,3.75633,0.6979743,5,5.259436
6/26/2007 1:00:00 PM,0.110006,70.7406,139.9075,26.78335,0.1094193,0.4910736,4.318541,4.318541,5,0,1.53,4.318541,11.37129,0,0,0,0.4910736,0,0,0.6814592,0.6473863,4.553086,6.527496,1.13846,0,1.13846,10.76063,76.86148,0.2182692,4.750395,0.3928589,5,7.01857
6/26/2007 2:00:00 PM,0.2615094,59.28152,121.3443,36.16566,0.2598499,1.166206,2.116496,2.116496,0,-1,0,2.116496,55.10081,0,0,0,1.166206,2.22789,2.116496,0,0,3.414627,7.55211,0,1.061684,-1.061684,9.641516,68.86783,0.2182692,2.328146,0.9329652,0,8.718317
6/26/2007 3:00:00 PM,0.2714636,46.13676,114.5335,48.17274,0.2691371,1.207887,6.738783,3.33,0,-1,0,3.33,36.2729,4.440892E-16,3.408783,4.082662,1.207887,3.505263,3.33,0,0,4.594275,6.490426,0,2.297376,-2.297376,7.219869,51.57039,0.2182692,7.412662,0.96631,0,7.698314
6/26/2007 4:00:00 PM,0.3093629,32.50759,112.0692,61.2489,0.2989161,1.341536,3.877892,3.33,0,-1,0,3.33,40.28635,0,0.5478917,0.9356809,1.341536,3.505263,3.33,0,0,7.146915,4.19305,0,2.163728,-2.163728,4.9391,35.27921,0.2182692,4.265681,1.073228,0,5.534586
6/26/2007 5:00:00 PM,0.1332521,18.75033,111.7654,74.79122,0.1307052,0.5866051,1.76151,1.76151,0,-1,0,1.76151,33.30127,0,2.220446E-16,0,0.5866051,1.854221,1.76151,0,0,9.551057,2.029323,0,1.267616,-1.267616,3.602916,25.73506,0.2182692,1.937661,0.4692841,0,2.615928
6/26/2007 6:00:00 PM,0.07324366,5.037889,112.9362,88.52255,0.03458973,0.1552387,0,0,0,-1,0,0,0,0,0,0,0.1552387,0,0,0,0,10.95952,0.7617072,0.1552387,0,0.1552387,3.750188,26.787,0.2182542,0,0.124191,0,0.9169459
6/26/2007 7:00:00 PM,0,0,115.4841,90,0,0,5.507235,0.856351,0,-1,0,0.856351,0,0,4.650884,5.201607,0,0.901422,0.856351,0,0,10.80428,0.901422,0,0.901422,-0.901422,2.800006,20,0.2182542,6.057958,0,0,0.901422
6/26/2007 8:00:00 PM,0,0,119.7047,90,0,0,6.036584,0,0,-1,0,0,0,0,6.036584,6.640243,0,0,0,0,0,11.80586,0,0,0,0,2.800006,20,0.2182542,6.640243,0,0,0
6/26/2007 9:00:00 PM,0,0,126.3612,90,0,0,0,0,0,-1,0,0,0,0,0,0,0,0,0,0,0,11.80586,0,0,0,0,2.800006,20,0.2182542,0,0,0,0
6/26/2007 10:00:00 PM,0,0,136.9341,90,0,0,0.7579519,0,0,-1,0,0,0,0,0.7579519,0.8337471,0,0,0,0,0,11.80586,0,0,0,0,2.800006,20,0.2182542,0.8337471,0,0,0
6/26/2007 11:00:00 PM,0,0,153.66,90,0,0,1.372523,0,0,-1,0,0,0,0,1.372523,1.509775,0,0,0,0,0,11.80586,0,0,0,0,2.800006,20,0.2182542,1.509775,0,0,0
6/27/2007 12:00:00 AM,0,0,177.1396,90,0,0,0.6378692,0,0,-1,0,0,0,0,0.6378692,0.7016562,0,0,0,0,0,11.80586,0,0,0,0,2.800006,20,0.2182542,0.7016562,0,0,0
6/27/2007 1:00:00 AM,0,0,-158.2988,90,0,0,0.7264128,0,0,-1,0,0,0,0,0.7264128,0.7990541,0,0,0,0,0,11.80586,0,0,0,0,2.800006,20,0.2182542,0.7990541,0,0,0
6/27/2007 2:00:00 AM,0,0,-139.9614,90,0,0,0.7292549,0,0,-1,0,0,0,0,0.7292549,0.8021804,0,0,0,0,0,11.80586,0,0,0,0,2.800006,20,0.2182542,0.8021804,0,0,0
6/27/2007 3:00:00 AM,0,0,-128.243,90,0,0,1.041719,0,0,-1,0,0,0,0,1.041719,1.14589,0,0,0,0,0,11.80586,0,0,0,0,2.800006,20,0.2182542,1.14589,0,0,0
6/27/2007 4:00:00 AM,0,0,-120.8868,90,0,0,0.4169128,0,0,-1,0,0,0,0,0.4169128,0.4586041,0,0,0,0,0,11.80586,0,0,0,0,2.800006,20,0.2182542,0.4586041,0,0,0
6/27/2007 5:00:00 AM,0,0,-116.2188,90,0,0,0.9206001,0.9206001,4.425863,0,1.373261,0.9206001,0,0,0,0,0,0,0,3.505263,3.33,11.80586,0,3.33,0,3.33,5.959121,42.56506,0.2183587,1.01266,0,5,0
6/27/2007 6:00:00 AM,0.01856608,2.048214,-113.3433,91.53954,0.01756218,0.07881906,0.5443017,0.5443017,4.049565,0,1.270531,0.5443017,14.48076,0,0,0,0.07881906,0,0,3.505263,3.33,8.475861,2.997,3.408819,0,3.408819,9.19301,65.66423,0.2184049,0.5987319,0.06305525,5,3.075819
6/27/2007 7:00:00 AM,0.1892498,15.73501,-111.8752,77.78814,0.1668921,0.7490116,1.505436,1.505436,4.8261,0,1.482525,1.505436,49.75381,0,0,0,0.7490116,0,0,3.320664,3.154631,5.067041,6.064937,3.903642,0,3.903642,12.89633,92.11647,0.2185072,1.655979,0.5992093,5,6.813949
6/27/2007 8:00:00 AM,0.4874258,29.49796,-111.8209,64.18297,0.4354853,1.954458,2.270347,2.270347,0,0,0,2.270347,86.0863,0,0,0,1.954458,2.389839,2.270347,0,0,1.163399,9.578216,0,0.4353812,-0.4353812,12.4374,88.83839,0.2185072,2.497382,1.563566,0,11.53267
6/27/2007 9:00:00 AM,0.547027,43.17883,-113.697,50.96577,0.5153478,2.312881,1.914549,1.914549,0,-1,0,1.914549,120.8055,0,0,0,2.312881,2.015315,1.914549,0,0,1.647156,9.142834,0.2975659,0,0.2975659,12.7197,90.85478,0.2184785,2.106004,1.850305,0,11.45572
6/27/2007 10:00:00 AM,0.7770615,56.48768,-119.1997,38.63452,0.7337545,3.29309,3.291216,3.291216,1.444891,0,0.5594552,3.291216,100.0569,0,0,0,3.29309,1.943501,1.846326,0,0,1.34959,9.410644,1.34959,0,1.34959,14.00003,100,0.2183748,3.620338,2.634472,5,12.70373
6/27/2007 11:00:00 AM,0.7364955,68.54005,-133.9639,28.44637,0.7073242,3.174471,2.049458,2.049458,0,0,0,2.049458,154.8932,1.017147,0,0,3.174471,2.157324,2.049458,0,0,0,10.62527,0,0,0,14.00003,100,0.2183748,2.254403,2.539577,0,13.79975
6/27/2007 12:00:00 PM,0.5880685,75.55623,-173.841,23.44324,0.575656,2.583544,0,0,0,0,0,0,0,2.583544,0,0,2.583544,0,0,0,0,0,10.62527,0,0,0,14.00003,100,0.2183748,0,2.066835,0,13.20882
6/27/2007 1:00:00 PM,0.5670568,70.79623,139.9541,26.73259,0.5551054,2.491313,1.497878,1.497878,0,0,0,1.497878,166.3228,0.9145994,0,0,2.491313,1.576714,1.497878,0,0,0,10.62527,0,0,0,14.00003,100,0.2183748,1.647666,1.99305,0,13.11659
6/27/2007 2:00:00 PM,0.6763493,59.33873,121.3295,36.10824,0.6472304,2.90477,2.240365,2.240365,0,-1,0,2.240365,129.6561,0.5464917,0,0,2.90477,2.358279,2.240365,0,0,0,10.62527,0,0,0,14.00003,100,0.2183748,2.464401,2.323816,0,13.53004
6/27/2007 3:00:00 PM,0.4369822,46.19132,114.5064,48.11559,0.4244398,1.904886,0,0,0,-1,0,0,0,1.904886,0,0,1.904886,0,0,0,0,0,10.62527,0,0,0,14.00003,100,0.2183748,0,1.523908,0,12.53016
6/27/2007 4:00:00 PM,0.4278615,32.5592,112.0386,61.19372,0.3956714,1.775773,1.738998,1.738998,0,-1,0,1.738998,102.1147,2.220446E-16,0,0,1.775773,1.830525,1.738998,0,0,0,10.62527,0,0.05475131,-0.05475131,13.94232,99.58777,0.2183748,1.912898,1.420619,0,12.40105
6/27/2007 5:00:00 PM,0.2036856,18.7989,111.7325,74.73849,0.1883331,0.8452389,0.5097728,0.5097728,0,-1,0,0.5097728,165.807,0.2478011,0,0,0.8452389,0.536603,0.5097728,0,0,0.06083478,10.57052,0.06083478,0,0.06083478,14.00003,100,0.218369,0.5607501,0.6761911,0,11.41576
6/27/2007 6:00:00 PM,0.04728992,5.083105,112.9003,88.47263,0.04034472,0.1810671,2.188355,2.188355,0,-1,0,2.188355,8.274119,0,0,0,0.1810671,2.303532,2.188355,0,0,0,10.62527,0,2.122465,-2.122465,11.76275,84.0195,0.218369,2.407191,0.1448537,0,10.80634
6/27/2007 7:00:00 PM,0,0,115.4432,90,0,0,3.420657,3.33,0,-1,0,3.33,0,0,0.09065728,0.432723,0,3.505263,3.33,0,0,2.358294,8.50281,0,3.505263,-3.505263,8.067883,57.62761,0.218369,3.762723,0,0,8.50281
6/27/2007 8:00:00 PM,0,0,119.6561,90,0,0,4.647399,3.33,0,-1,0,3.33,0,0,1.317399,1.782139,0,3.505263,3.33,0,0,6.253031,4.997547,0,3.505263,-3.505263,4.37301,31.23573,0.218369,5.112139,0,0,4.997547
6/27/2007 9:00:00 PM,0,0,126.3005,90,0,0,0,0,0,-1,0,0,0,0,0,0,0,0,0,0,0,10.14777,1.492283,0,0,0,4.37301,31.23573,0.218369,0,0,0,1.492283
6/27/2007 10:00:00 PM,0,0,136.8556,90,0,0,0.9446168,0.9446168,0,-1,0,0.9446168,0,0,1.110223E-16,0,0,0.9943335,0.9446168,0,0,10.14777,1.492283,0,0.9943335,-0.9943335,3.324891,23.74917,0.218369,1.039078,0,0,1.492283
6/27/2007 11:00:00 PM,0,0,153.5626,90,0,0,0.08130644,0.08130644,0,-1,0,0.08130644,0,0,0,0,0,0.08558573,0.08130644,0,0,11.25258,0.4979498,0,0.08558573,-0.08558573,3.234676,23.10478,0.218369,0.08943708,0,0,0.4979498
6/28/2007 12:00:00 AM,0,0,177.0443,90,0,0,0.1120927,0.1120927,0,-1,0,0.1120927,0,0,1.387779E-17,0,0,0.1179923,0.1120927,0,0,11.34768,0.4123641,0,0.1179923,-0.1179923,3.110301,22.21639,0.218369,0.123302,0,0,0.4123641
6/28/2007 1:00:00 AM,0,0,-158.3524,90,0,0,1.033374,0.2796532,0,-1,0,0.2796532,0,0,0.753721,0.8570584,0,0.2943718,0.2796532,0,0,11.47878,0.2943718,0,0.2943718,-0.2943718,2.800006,20,0.218369,1.136712,0,0,0.2943718
6/28/2007 2:00:00 AM,0,0,-139.9767,90,0,0,0.472402,0,0,-1,0,0,0,0,0.472402,0.5196422,0,0,0,0,0,11.80586,0,0,0,0,2.800006,20,0.218369,0.5196422,0,0,0
6/28/2007 3:00:00 AM,0,0,-128.2374,90,0,0,0.9504077,0,0,-1,0,0,0,0,0.9504077,1.045448,0,0,0,0,0,11.80586,0,0,0,0,2.800006,20,0.218369,1.045448,0,0,0
6/28/2007 4:00:00 AM,0,0,-120.8706,90,0,0,0.1443052,0,0,-1,0,0,0,0,0.1443052,0.1587358,0,0,0,0,0,11.80586,0,0,0,0,2.800006,20,0.218369,0.1587358,0,0,0
6/28/2007 5:00:00 AM,0,0,-116.196,90,0,0,0.7368163,0.7368163,4.24208,0,1.323088,0.7368163,0,4.440892E-16,0,0,0,0,0,3.505263,3.33,11.80586,0,3.33,0,3.33,5.959121,42.56506,0.2184482,0.810498,0,5,0
6/28/2007 6:00:00 AM,0.02892065,1.993956,-113.3149,91.58915,0.02004821,0.08997637,1.389581,1.389581,4.637728,0,1.4311,1.389581,6.475072,0,0,0,0.08997637,0,0,3.248147,3.08574,8.475861,2.997,3.175716,0,3.175716,8.971869,64.08466,0.2185875,1.528539,0.07198109,5,3.086976
6/28/2007 7:00:00 AM,0.1235698,15.68386,-111.8403,77.8337,0.1197711,0.5375327,3.733875,3.733875,5,0,1.53,3.733875,14.39611,0,0,0,0.5375327,0,0,1.266125,1.202819,5.300144,5.855145,1.740352,0,1.740352,10.62291,75.87779,0.218657,4.107262,0.4300262,5,6.392677
6/28/2007 8:00:00 AM,0.2935629,29.45058,-111.7764,64.22346,0.2814891,1.263323,3.563992,3.563992,5,0,1.53,3.563992,35.44685,0,0,0,1.263323,0,0,1.436008,1.364207,3.559793,7.421461,2.627531,0,2.627531,13.11561,93.68272,0.2187556,3.920391,1.010659,5,8.684784
6/28/2007 9:00:00 AM,0.6509441,43.13658,-113.6363,50.99908,0.6043676,2.712402,0,0,0,-1,0,0,0,1.78014,0,0,2.712402,0,0,0,0,0.9322619,9.786239,0.9322619,0,0.9322619,14.00003,100,0.2186663,0,2.169921,0,12.49864
6/28/2007 10:00:00 AM,0.7548363,56.45395,-119.1072,38.65622,0.7138704,3.20385,0,0,0,0,0,0,0,3.20385,0,0,3.20385,0,0,0,0,0,10.62527,0,0,0,14.00003,100,0.2186663,0,2.56308,0,13.82912
6/28/2007 11:00:00 AM,0.7719534,68.52492,-133.8018,28.44699,0.7390507,3.316859,4.395805,4.395805,1.25,0,0.50625,4.395805,75.45512,0.00548607,0,0,3.316859,3.311373,3.145805,0,0,0,10.62527,0,0,0,14.00003,100,0.2186663,4.835385,2.653488,5,13.94213
6/28/2007 12:00:00 PM,0.7914994,75.58663,-173.6278,23.41057,0.7600926,3.411296,2.086808,2.086808,0,0,0,2.086808,163.4695,1.214656,0,0,3.411296,2.19664,2.086808,0,0,0,10.62527,0,0,0,14.00003,100,0.2186663,2.295489,2.729037,0,14.03657
6/28/2007 1:00:00 PM,0.4453355,70.85657,139.9854,26.67611,0.4402512,1.975847,4.750217,4.750217,2.873162,0,0.9493732,4.750217,41.59489,0,0,0,1.975847,1.975847,1.877055,0,0,0,10.62527,0,0,0,14.00003,100,0.2186663,5.225239,1.580678,5,12.60112
6/28/2007 2:00:00 PM,0.503108,59.39829,121.3018,36.04702,0.4922192,2.20908,1.559533,1.559533,0,-1,0,1.559533,141.65,0.5674657,0,0,2.20908,1.641614,1.559533,0,0,0,10.62527,0,0,0,14.00003,100,0.2186663,1.715487,1.767264,0,12.83435
6/28/2007 3:00:00 PM,0.3837995,46.24691,114.4694,48.05612,0.3761807,1.688299,0,0,0,-1,0,0,0,1.688299,0,0,1.688299,0,0,0,0,0,10.62527,0,0,0,14.00003,100,0.2186663,0,1.350639,0,12.31357
6/28/2007 4:00:00 PM,0.2695033,32.61094,111.9998,61.13727,0.2636028,1.183049,4.763878,3.33,0,-1,0,3.33,35.52701,0,1.433878,1.910266,1.183049,3.505263,3.33,0,0,0,10.62527,0,2.322214,-2.322214,11.5522,82.51555,0.2186663,5.240266,0.9464395,0,11.80832
6/28/2007 5:00:00 PM,0.08712579,18.84686,111.6923,74.68534,0.08636008,0.3875841,3.523106,3.33,0,-1,0,3.33,11.63916,0,0.1931058,0.5454164,0.3875841,3.505263,3.33,0,0,2.580237,8.303061,0,3.117679,-3.117679,8.265878,59.04186,0.2186663,3.875417,0.3100672,0,8.690644
6/28/2007 6:00:00 PM,0.02923398,5.12702,112.8574,88.423,0.02848526,0.1278418,2.999284,2.999284,0,-1,0,2.999284,4.262412,0,0,0,0.1278418,3.157141,2.999284,0,0,6.044325,5.185381,0,3.029299,-3.029299,5.072716,36.23361,0.2186663,3.299212,0.1022735,0,5.313223
6/28/2007 7:00:00 PM,0,0,115.3957,90,0,0,0,0,0,-1,0,0,0,0,0,0,0,0,0,0,0,9.410213,2.156082,0,0,0,5.072716,36.23361,0.2186663,0,0,0,2.156082
6/28/2007 8:00:00 PM,0,0,119.6007,90,0,0,2.108784,2.048278,0,-1,0,2.048278,0,0,0.06050552,0.2713839,0,2.156082,2.048278,0,0,9.410213,2.156082,0,2.156082,-2.156082,2.800006,20,0.2186663,2.319662,0,0,2.156082
6/28/2007 9:00:00 PM,0,0,126.2328,90,0,0,0,0,0,-1,0,0,0,0,0,0,0,0,0,0,0,11.80586,0,0,0,0,2.800006,20,0.2186663,0,0,0,0
6/28/2007 10:00:00 PM,0,0,136.7704,90,0,0,1.134937,0,0,-1,0,0,0,0,1.134937,1.248431,0,0,0,0,0,11.80586,0,0,0,0,2.800006,20,0.2186663,1.248431,0,0,0
6/28/2007 11:00:00 PM,0,0,153.46,90,0,0,0,0,0,-1,0,0,0,0,0,0,0,0,0,0,0,11.80586,0,0,0,0,2.800006,20,0.2186663,0,0,0,0
6/29/2007 12:00:00 AM,0,0,176.9489,90,0,0,0.5181611,0,0,-1,0,0,0,0,0.5181611,0.5699773,0,0,0,0,0,11.80586,0,0,0,0,2.800006,20,0.2186663,0.5699773,0,0,0
6/29/2007 1:00:00 AM,0,0,-158.4007,90,0,0,0.5499927,0,0,-1,0,0,0,0,0.5499927,0.604992,0,0,0,0,0,11.80586,0,0,0,0,2.800006,20,0.2186663,0.604992,0,0,0
6/29/2007 2:00:00 AM,0,0,-139.9844,90,0,0,0.8746414,0,0,-1,0,0,0,0,0.8746414,0.9621055,0,0,0,0,0,11.80586,0,0,0,0,2.800006,20,0.2186663,0.9621055,0,0,0
6/29/2007 3:00:00 AM,0,0,-128.2242,90,0,0,1.408085,0,0,-1,0,0,0,0,1.408085,1.548893,0,0,0,0,0,11.80586,0,0,0,0,2.800006,20,0.2186663,1.548893,0,0,0
6/29/2007 4:00:00 AM,0,0,-120.8472,90,0,0,0.2108432,0,0,-1,0,0,0,0,0.2108432,0.2319275,0,0,0,0,0,11.80586,0,0,0,0,2.800006,20,0.2186663,0.2319275,0,0,0
6/29/2007 5:00:00 AM,0,0,-116.1664,90,0,0,0.4447649,0.4447649,3.950028,0,1.243358,0.4447649,0,4.440892E-16,0,0,0,0,0,3.505263,3.33,11.80586,0,3.33,0,3.33,5.959121,42.56506,0.218706,0.4892414,0,5,0
6/29/2007 6:00:00 AM,0.04049759,1.939078,-113.2797,91.63837,0.009586377,0.04302366,0,0,3.505263,0,1.121937,0,0,0,0,0,0.04302366,0,0,3.505263,3.33,8.475861,2.997,3.373024,0,3.373024,9.159052,65.42167,0.2186826,0,0.03441893,5,3.040024
6/29/2007 7:00:00 AM,0.2801251,15.63278,-111.7982,77.87817,0.2220321,0.9964801,3.667304,3.667304,5,0,1.53,3.667304,27.17201,0,0,0,0.9964801,0,0,1.332696,1.266061,5.102837,6.032722,2.262541,0,2.262541,11.30549,80.75332,0.2187683,4.034035,0.7971841,5,7.029202
6/29/2007 8:00:00 AM,0.5305409,29.40396,-111.724,64.26207,0.4729524,2.12261,1.97245,1.97245,0,0,0,1.97245,107.6129,0,0,0,2.12261,2.076263,1.97245,0,0,2.840295,8.069008,0.04634693,0,0.04634693,11.34946,81.06738,0.2187639,2.169695,1.698088,0,10.19162
6/29/2007 9:00:00 AM,0.5127645,43.09593,-113.5664,51.02959,0.4864552,2.183211,2.156378,2.156378,0,-1,0,2.156378,101.2444,0,0,0,2.183211,2.269872,2.156378,0,0,2.793948,8.110721,0,0.08666064,-0.08666064,11.25811,80.41489,0.2187639,2.372016,1.746569,0,10.29393
6/29/2007 10:00:00 AM,0.5455146,56.42292,-119.0035,38.67388,0.5291469,2.374811,0,0,0,0,0,0,0,0,0,0,2.374811,0,0,0,0,2.890238,8.02406,2.374811,0,2.374811,13.51105,96.50732,0.2185377,0,1.899849,0,10.39887
6/29/2007 11:00:00 AM,0.8011087,68.51432,-133.6261,28.44195,0.7652644,3.434507,2.547261,2.547261,0,0,0,2.547261,134.8314,0.2377523,0,0,3.434507,2.681327,2.547261,0,0,0.5154271,10.16139,0.5154271,0,0.5154271,14.00003,100,0.2184886,2.801987,2.747605,0,13.5959
6/29/2007 12:00:00 PM,0.8639494,75.62375,-173.4121,23.37111,0.8256511,3.705522,0,0,0,0,0,0,0,3.705522,0,0,3.705522,0,0,0,0,0,10.62527,0,0,0,14.00003,100,0.2184886,0,2.964418,0,14.3308
6/29/2007 1:00:00 PM,0.6941363,70.92156,140.0014,26.61395,0.6707664,3.010399,6.942104,6.942104,4.082224,0,1.279447,6.942104,43.36437,0,8.881784E-16,0,3.010399,3.010399,2.859879,0,0,0,10.62527,0,0,0,14.00003,100,0.2184886,7.636314,2.408319,5,13.63567
6/29/2007 2:00:00 PM,0.4834208,59.46014,121.2612,35.98209,0.4740531,2.12755,4.941228,3.33,0,-1,0,3.33,63.8904,0,1.611228,2.10535,2.12755,3.505263,3.33,0,0,0,10.62527,0,1.377713,-1.377713,12.54779,89.6269,0.2184886,5.43535,1.70204,0,12.75282
6/29/2007 3:00:00 PM,0.4715173,46.30342,114.4223,47.9944,0.4551316,2.04263,2.701263,2.701263,0,-1,0,2.701263,75.61761,0,0,0,2.04263,2.843434,2.701263,0,0,1.530792,9.247561,0,0.8008039,-0.8008039,11.70367,83.59747,0.2184886,2.971389,1.634104,0,11.29019
6/29/2007 4:00:00 PM,0.359873,32.6627,111.9527,61.07964,0.3416735,1.53343,0,0,0,-1,0,0,0,0,0,0,1.53343,0,0,0,0,2.420574,8.446757,1.53343,0,1.53343,13.15841,93.98845,0.2183429,0,1.226744,0,9.980187
6/29/2007 5:00:00 PM,0.2046369,18.89411,111.6449,74.63184,0.1893465,0.8497869,2.386267,2.386267,0,-1,0,2.386267,35.61156,0,0,0,0.8497869,2.51186,2.386267,0,0,0.8871439,9.826845,0,1.662073,-1.662073,11.40643,81.47434,0.2183429,2.624893,0.6798295,0,10.67663
6/29/2007 6:00:00 PM,0.0496611,5.169559,112.8078,88.37376,0.04155682,0.186507,4.556436,3.33,0,-1,0,3.33,5.600811,0,1.226436,1.68208,0.186507,3.505263,3.33,0,0,2.733891,8.164772,0,3.318756,-3.318756,7.908154,56.48671,0.2183429,5.01208,0.1492056,0,8.351279
6/29/2007 7:00:00 PM,0,0,115.3415,90,0,0,2.097398,2.097398,0,-1,0,2.097398,0,0,4.440892E-16,0,0,2.207788,2.097398,0,0,6.421398,4.846016,0,2.207788,-2.207788,5.580942,39.86379,0.2183429,2.307138,0,0,4.846016
6/29/2007 8:00:00 PM,0,0,119.5386,90,0,0,0,0,0,-1,0,0,0,0,0,0,0,0,0,0,0,8.874496,2.638228,0,0,0,5.580942,39.86379,0.2183429,0,0,0,2.638228
6/29/2007 9:00:00 PM,0,0,126.1582,90,0,0,1.561644,1.561644,0,-1,0,1.561644,0,0,2.220446E-16,0,0,1.643836,1.561644,0,0,8.874496,2.638228,0,1.643836,-1.643836,3.848187,27.487,0.2183429,1.717808,0,0,2.638228
6/29/2007 10:00:00 PM,0,0,136.6783,90,0,0,0.8025271,0.8025271,0,-1,0,0.8025271,0,0,1.110223E-16,0,0,0.8447654,0.8025271,0,0,10.70098,0.9943924,0,0.8447654,-0.8447654,2.957726,21.12657,0.2183429,0.8827798,0,0,0.9943924
6/29/2007 11:00:00 PM,0,0,153.3525,90,0,0,0.6087549,0.1421457,0,-1,0,0.1421457,0,0,0.4666092,0.5274847,0,0.149627,0.1421457,0,0,11.63961,0.149627,0,0.149627,-0.149627,2.800006,20,0.2183429,0.6696303,0,0,0.149627
6/30/2007 12:00:00 AM,0,0,176.8535,90,0,0,0.3736619,0,0,-1,0,0,0,0,0.3736619,0.4110281,0,0,0,0,0,11.80586,0,0,0,0,2.800006,20,0.2183429,0.4110281,0,0,0
6/30/2007 1:00:00 AM,0,0,-158.4434,90,0,0,0.8988471,0,0,-1,0,0,0,0,0.8988471,0.9887319,0,0,0,0,0,11.80586,0,0,0,0,2.800006,20,0.2183429,0.9887319,0,0,0
6/30/2007 2:00:00 AM,0,0,-139.9845,90,0,0,0.02562009,0,0,-1,0,0,0,0,0.02562009,0.0281821,0,0,0,0,0,11.80586,0,0,0,0,2.800006,20,0.2183429,0.0281821,0,0,0
6/30/2007 3:00:00 AM,0,0,-128.2034,90,0,0,0.07220156,0,0,-1,0,0,0,0,0.07220156,0.07942171,0,0,0,0,0,11.80586,0,0,0,0,2.800006,20,0.2183429,0.07942171,0,0,0
6/30/2007 4:00:00 AM,0,0,-120.8166,90,0,0,1.627383,0,0,-1,0,0,0,0,1.627383,1.790122,0,0,0,0,0,11.80586,0,0,0,0,2.800006,20,0.2183429,1.790122,0,0,0
6/30/2007 5:00:00 AM,0,0,-116.1297,90,0,0,0.264976,0.264976,3.770239,0,1.194275,0.264976,0,0,0,0,0,0,0,3.505263,3.33,11.80586,0,3.33,0,3.33,5.959121,42.56506,0.2183591,0.2914736,0,5,0
6/30/2007 6:00:00 AM,0.0252447,1.883659,-113.2375,91.68714,0.02002838,0.08988737,0.9606932,0.9606932,4.465956,0,1.384206,0.9606932,9.356512,0,0,0,0.08988737,0,0,3.505263,3.33,8.475861,2.997,3.419887,0,3.419887,9.203511,65.73923,0.2184583,1.056763,0.0719099,5,3.086887
6/30/2007 7:00:00 AM,0.09006208,15.58184,-111.749,77.92148,0.08894908,0.3992035,3.544068,3.544068,5,0,1.53,3.544068,11.26399,0,0,0,0.3992035,0,0,1.455932,1.383135,5.055973,6.074899,1.782339,0,1.782339,10.89439,77.81689,0.2185308,3.898475,0.3193628,5,6.474102
6/30/2007 8:00:00 AM,0.1734635,29.35818,-111.6638,64.29876,0.1718189,0.7711231,2.814116,2.814116,5,0,1.53,2.814116,27.40197,0,0,0,0.7711231,0,0,2.185884,2.07659,3.273634,7.679004,2.847713,0,2.847713,13.59596,97.11384,0.2186447,3.095527,0.6168985,5,8.450127
6/30/2007 9:00:00 AM,0.2829754,43.05693,-113.4875,51.05725,0.2799391,1.256367,3.185734,3.185734,0,-1,0,3.185734,39.43728,0,4.440892E-16,0.174307,1.256367,3.353404,3.185734,0,0,0.4259206,10.24195,0,2.097037,-2.097037,11.38549,81.32479,0.2186447,3.504307,1.005093,0,11.49831
6/30/2007 10:00:00 AM,0.4993177,56.39466,-118.8885,38.68748,0.487397,2.187438,7.606382,7.606382,5,0,1.53,7.606382,28.75792,0,0,0.0370206,2.187438,2.74356,2.606382,0,0,2.755962,8.144909,0,0.5561229,-0.5561229,10.79929,77.13762,0.2186447,8.367021,1.74995,5,10.33235
6/30/2007 11:00:00 AM,0.6648116,68.50826,-133.4369,28.43126,0.6433435,2.887326,0.1225367,0.1225367,1.25,0,0.50625,0.1225367,2356.295,0.615305,0,0,2.887326,0,0,0.5121583,0.4865504,3.373876,7.588786,3.373876,0,3.373876,14.00003,100,0.2183258,0.1347903,2.309861,5,10.47611
6/30/2007 12:00:00 PM,0.6717882,75.66756,-173.194,23.32484,0.6524183,2.928053,3.050506,3.050506,1.25,0,0.50625,3.050506,95.98582,1.032784,0,0,2.928053,1.89527,1.800506,0,0,0,10.62527,0,0,0,14.00003,100,0.2183258,3.355557,2.342443,5,13.55333
6/30/2007 1:00:00 PM,0.548092,70.99117,140.0017,26.54617,0.5376074,2.412782,0.2297566,0.2297566,0,0,0,0.2297566,1050.147,2.170933,0,0,2.412782,0.2418491,0.2297566,0,0,0,10.62527,0,0,0,14.00003,100,0.2183258,0.2527323,1.930226,0,13.03806
6/30/2007 2:00:00 PM,0.4636168,59.52419,121.2076,35.91352,0.4556186,2.044816,3.196117,3.196117,0,-1,0,3.196117,63.97813,0,4.440892E-16,0.1857292,2.044816,3.364334,3.196117,0,0,0,10.62527,0,1.319518,-1.319518,12.60913,90.06506,0.2183258,3.515729,1.635853,0,12.67009
6/30/2007 3:00:00 PM,0.582682,46.36079,114.3652,47.93052,0.5508537,2.472232,3.124639,3.124639,0,-1,0,3.124639,79.12056,0,0,0.1071024,2.472232,3.289093,3.124639,0,0,1.466131,9.305757,0,0.8168616,-0.8168616,11.74809,83.91473,0.2183258,3.437102,1.977785,0,11.77799
6/30/2007 4:00:00 PM,0.3102215,32.7144,111.8974,61.0209,0.2999566,1.346205,4.911641,3.33,0,-1,0,3.33,40.42658,0,1.581641,2.072805,1.346205,3.505263,3.33,0,0,2.373755,8.488894,0,2.159058,-2.159058,9.472239,67.65871,0.2183258,5.402805,1.076964,0,9.835099
6/30/2007 5:00:00 PM,0.1133983,18.94059,111.5901,74.57806,0.1120495,0.5028784,3.386811,3.33,0,-1,0,3.33,15.10145,0,0.05681156,0.3954927,0.5028784,3.505263,3.33,0,0,4.772708,6.329836,0,3.002385,-3.002385,6.307447,45.05311,0.2183258,3.725493,0.4023027,0,6.832715
6/30/2007 6:00:00 PM,0.07513851,5.210647,112.7514,88.32497,0.0372873,0.1673454,1.043015,1.043015,0,-1,0,1.043015,16.0444,0,2.220446E-16,0,0.1673454,1.09791,1.043015,0,0,8.108692,3.327452,0,0.9305649,-0.9305649,5.326546,38.04668,0.2183258,1.147316,0.1338763,0,3.494797
6/30/2007 7:00:00 PM,0,0,115.2807,90,0,0,0.548435,0.548435,0,-1,0,0.548435,0,0,1.110223E-16,0,0,0.5773001,0.548435,0,0,9.142653,2.396887,0,0.5773001,-0.5773001,4.718019,33.70007,0.2183258,0.6032785,0,0,2.396887
6/30/2007 8:00:00 PM,0,0,119.4697,90,0,0,3.854388,1.728607,0,-1,0,1.728607,0,0,2.12578,2.511219,0,1.819587,1.728607,0,0,9.784097,1.819587,0,1.819587,-1.819587,2.800006,20,0.2183258,4.239826,0,0,1.819587
6/30/2007 9:00:00 PM,0,0,126.0768,90,0,0,4.093469,0,0,-1,0,0,0,0,4.093469,4.502816,0,0,0,0,0,11.80586,0,0,0,0,2.800006,20,0.2183258,4.502816,0,0,0
6/30/2007 10:00:00 PM,0,0,136.5797,90,0,0,2.063875,0,0,-1,0,0,0,0,2.063875,2.270263,0,0,0,0,0,11.80586,0,0,0,0,2.800006,20,0.2183258,2.270263,0,0,0
6/30/2007 11:00:00 PM,0,0,153.2401,90,0,0,0,0,0,-1,0,0,0,0,0,0,0,0,0,0,0,11.80586,0,0,0,0,2.800006,20,0.2183258,0,0,0,0
7/1/2007 12:00:00 AM,0,0,176.7583,90,0,0,0,0,0,-1,0,0,0,0,0,0,0,0,0,0,0,11.80586,0,0,0,0,2.800006,20,0.2183258,0,0,0,0
7/1/2007 1:00:00 AM,0,0,-158.4805,90,0,0,0,0,0,-1,0,0,0,0,0,0,0,0,0,0,0,11.80586,0,0,0,0,2.800006,20,0.2183258,0,0,0,0
7/1/2007 2:00:00 AM,0,0,-139.9768,90,0,0,0,0,0,-1,0,0,0,0,0,0,0,0,0,0,0,11.80586,0,0,0,0,2.800006,20,0.2183258,0,0,0,0
7/1/2007 3:00:00 AM,0,0,-128.1749,90,0,0,0.5463259,0,0,-1,0,0,0,0,0.5463259,0.6009585,0,0,0,0,0,11.80586,0,0,0,0,2.800006,20,0.2183258,0.6009585,0,0,0
7/1/2007 4:00:00 AM,0,0,-120.7786,90,0,0,0.005944408,0,0,-1,0,0,0,0,0.005944408,0.006538848,0,0,0,0,0,11.80586,0,0,0,0,2.800006,20,0.2183258,0.006538848,0,0,0
7/1/2007 5:00:00 AM,0,0,-116.0862,90,0,0,0.7392913,0.7392913,4.244555,0,1.323763,0.7392913,0,4.440892E-16,0,0,0,0,0,3.505263,3.33,11.80586,0,3.33,0,3.33,5.959121,42.56506,0.2184041,0.8132204,0,5,0
7/1/2007 6:00:00 AM,0.03390491,1.827776,-113.1885,91.73537,0.01519228,0.06818295,0,0,3.505263,0,1.121937,0,0,0,0,0,0.06818295,0,0,3.505263,3.33,8.475861,2.997,3.398183,0,3.398183,9.18292,65.59216,0.218379,0,0.05454636,5,3.065183
7/1/2007 7:00:00 AM,0.1588793,15.53111,-111.6926,77.96354,0.1470095,0.6597787,0,0,3.505263,0,1.121937,0,0,0,0,0,0.6597787,0,0,3.505263,3.33,5.077677,6.055365,3.989779,0,3.989779,12.96796,92.62807,0.2182985,0,0.5278229,5,6.715143
7/1/2007 8:00:00 AM,0.157905,29.31331,-111.5959,64.33344,0.1566017,0.7028283,1.466041,1.466041,0,0,0,1.466041,47.94055,0,0,0,0.7028283,1.543201,1.466041,0,0,1.087899,9.646166,0,0.8403732,-0.8403732,12.08213,86.30073,0.2182985,1.612646,0.5622627,0,10.34899
7/1/2007 9:00:00 AM,0.4929319,43.01963,-113.3996,51.082,0.469683,2.107937,2.90187,2.90187,0,-1,0,2.90187,72.64066,0,4.440892E-16,0,2.107937,3.0546,2.90187,0,0,2.021646,8.805792,0,0.9466625,-0.9466625,11.08426,79.1731,0.2182985,3.192057,1.68635,0,10.91373
7/1/2007 10:00:00 AM,0.692645,56.36918,-118.7624,38.69697,0.6589736,2.957473,1.46242,1.46242,0,0,0,1.46242,202.2315,0,0,0,2.957473,1.539389,1.46242,0,0,3.073494,7.85913,1.418084,0,1.418084,12.42957,88.78246,0.2181653,1.608662,2.365979,0,10.8166
7/1/2007 11:00:00 AM,0.5611971,68.50676,-133.2341,28.41489,0.5491366,2.464525,7.42631,7.42631,5,0,1.53,7.42631,33.18641,0,0,0,2.464525,2.55401,2.42631,0,0,1.65541,9.135406,0,0.08948517,-0.08948517,12.33524,88.1087,0.2181653,8.168941,1.97162,5,11.59993
7/1/2007 12:00:00 PM,0.6278671,75.71807,-172.9734,23.27179,0.6124513,2.748681,0,0,0,0,0,0,0,0.9938434,0,0,2.748681,0,0,0,0,1.754838,9.04592,1.754838,0,1.754838,14.00003,100,0.2180008,0,2.198945,0,11.7946
7/1/2007 1:00:00 PM,0.8677804,71.0653,139.9859,26.47279,0.8272814,3.712839,1.305709,1.305709,0,0,0,1.305709,284.3541,2.338408,0,0,3.712839,1.374431,1.305709,0,0,0,10.62527,0,0,0,14.00003,100,0.2180008,1.43628,2.970271,0,14.33811
7/1/2007 2:00:00 PM,0.5603232,59.59035,121.1407,35.84137,0.5445305,2.443853,0.4545024,0.4545024,0,-1,0,0.4545024,537.6985,1.965429,0,0,2.443853,0.4784236,0.4545024,0,0,0,10.62527,0,0,0,14.00003,100,0.2180008,0.4999527,1.955082,0,13.06913
7/1/2007 3:00:00 PM,0.4026782,46.41892,114.2981,47.86456,0.3936729,1.766804,0.02295283,0.02295283,0,-1,0,0.02295283,7697.543,1.742643,0,0,1.766804,0.02416088,0.02295283,0,0,0,10.62527,0,0,0,14.00003,100,0.2180008,0.02524811,1.413443,0,12.39208
7/1/2007 4:00:00 PM,0.2357302,32.76596,111.8337,60.96114,0.2323259,1.042678,0.4088883,0.4088883,0,-1,0,0.4088883,255.0033,0.6122698,0,0,1.042678,0.4304087,0.4088883,0,0,0,10.62527,0,0,0,14.00003,100,0.2180008,0.4497772,0.8341428,0,11.66795
7/1/2007 5:00:00 PM,0.209134,18.98619,111.528,74.52409,0.1928739,0.8656179,0,0,0,-1,0,0,0,0.8656179,0,0,0.8656179,0,0,0,0,0,10.62527,0,0,0,14.00003,100,0.2180008,0,0.6924943,0,11.49089
7/1/2007 6:00:00 PM,0.05775382,5.250206,112.6882,88.27671,0.04307245,0.1933092,0.3406695,0.3406695,0,-1,0,0.3406695,56.74391,0,0,0,0.1933092,0.3585995,0.3406695,0,0,0,10.62527,0,0.1652903,-0.1652903,13.8258,98.75549,0.2180008,0.3747364,0.1546474,0,10.81858
7/1/2007 7:00:00 PM,0,0,115.2133,90,0,0,9.250351,3.33,0,-1,0,3.33,0,0,5.920351,6.845386,0,3.505263,3.33,0,0,0.1836558,10.45998,0,3.505263,-3.505263,10.13093,72.3636,0.2180008,10.17539,0,0,10.45998
7/1/2007 8:00:00 PM,0,0,119.3943,90,0,0,6.79795,3.33,0,-1,0,3.33,0,0,3.46795,4.147745,0,3.505263,3.33,0,0,4.078393,6.954721,0,3.505263,-3.505263,6.436053,45.97172,0.2180008,7.477745,0,0,6.954721
7/1/2007 9:00:00 PM,0,0,125.9885,90,0,0,5.29957,3.276985,0,-1,0,3.276985,0,0,2.022585,2.552542,0,3.449458,3.276985,0,0,7.97313,3.449458,0,3.449458,-3.449458,2.800006,20,0.2180008,5.829527,0,0,3.449458
7/1/2007 10:00:00 PM,0,0,136.4743,90,0,0,0,0,0,-1,0,0,0,0,0,0,0,0,0,0,0,11.80586,4.213E-16,0,0,0,2.800006,20,0.2180008,0,0,0,4.213E-16
7/1/2007 11:00:00 PM,0,0,153.1228,90,0,0,0.2785131,4.00235E-16,0,-1,0,4.00235E-16,0,0,0.2785131,0.3063644,0,4.213E-16,4.00235E-16,0,0,11.80586,4.213E-16,0,4.213E-16,0,2.800006,20,0.2180008,0.3063644,0,0,4.213E-16
7/2/2007 12:00:00 AM,0,0,176.6633,90,0,0,0.3767813,4.00235E-16,0,-1,0,4.00235E-16,0,0,0.3767813,0.4144595,0,4.213E-16,4.00235E-16,0,0,11.80586,4.213E-16,0,4.213E-16,0,2.800006,20,0.2180008,0.4144595,0,0,4.213E-16
7/2/2007 1:00:00 AM,0,0,-158.5118,90,0,0,0.4728138,4.00235E-16,0,-1,0,4.00235E-16,0,0,0.4728138,0.5200952,0,4.213E-16,4.00235E-16,0,0,11.80586,4.213E-16,0,4.213E-16,0,2.800006,20,0.2180008,0.5200952,0,0,4.213E-16
7/2/2007 2:00:00 AM,0,0,-139.9614,90,0,0,0.4154714,4.00235E-16,0,-1,0,4.00235E-16,0,0,0.4154714,0.4570185,0,4.213E-16,4.00235E-16,0,0,11.80586,4.213E-16,0,4.213E-16,0,2.800006,20,0.2180008,0.4570185,0,0,4.213E-16
7/2/2007 3:00:00 AM,0,0,-128.1385,90,0,0,0.6292018,4.00235E-16,0,-1,0,4.00235E-16,0,0,0.6292018,0.692122,0,4.213E-16,4.00235E-16,0,0,11.80586,4.213E-16,0,4.213E-16,0,2.800006,20,0.2180008,0.692122,0,0,4.213E-16
7/2/2007 4:00:00 AM,0,0,-120.7334,90,0,0,0.5585965,4.00235E-16,0,-1,0,4.00235E-16,0,0,0.5585965,0.6144562,0,4.213E-16,4.00235E-16,0,0,11.80586,4.213E-16,0,4.213E-16,0,2.800006,20,0.2180008,0.6144562,0,0,4.213E-16
7/2/2007 5:00:00 AM,0,0,-116.0356,90,0,0,0.7659759,0.7659759,4.271239,0,1.331048,0.7659759,0,0,0,0,0,0,0,3.505263,3.33,11.80586,4.213E-16,3.33,0,3.33,5.959121,42.56506,0.2180826,0.8425735,0,5,4.213E-16
7/2/2007 6:00:00 AM,0.01441342,1.771504,-113.1327,91.78298,0.01396028,0.06265376,0,0,3.505263,0,1.121937,0,0,0,0,0,0.06265376,0,0,3.505263,3.33,8.475861,2.997,3.392654,0,3.392654,9.177675,65.55469,0.2180587,0,0.050123,5,3.059654
7/2/2007 7:00:00 AM,0.09076318,15.48066,-111.6291,78.0043,0.08960734,0.4021578,0.7122042,0.7122042,4.217467,0,1.316369,0.7122042,56.46664,0,0,0,0.4021578,0,0,3.505263,3.33,5.083207,6.050388,3.732158,0,3.732158,12.71831,90.84489,0.2180956,0.7834246,0.3217262,5,6.452546
7/2/2007 8:00:00 AM,0.1051888,29.26941,-111.5202,64.36608,0.1044779,0.4688968,0,0,0,0,0,0,0,0,0,0,0.4688968,0,0,0,0,1.351049,9.40933,0.4688968,0,0.4688968,13.16315,94.02228,0.2180518,0,0.3751174,0,9.878227
7/2/2007 9:00:00 AM,0.1408144,42.98409,-113.3027,51.10381,0.1399571,0.6281275,2.539865,2.539865,0,-1,0,2.539865,24.73075,0,0,0,0.6281275,2.673542,2.539865,0,0,0.8821519,9.831338,0,2.045414,-2.045414,11.00709,78.62191,0.2180518,2.793851,0.502502,0,10.45947
7/2/2007 10:00:00 AM,0.2611499,56.34652,-118.6253,38.70234,0.2594528,1.164424,0,0,0,0,0,0,0,0,0,0,1.164424,0,0,0,0,3.154834,7.785923,1.164424,0,1.164424,12.11176,86.51239,0.2179433,0,0.9315392,0,8.950347
7/2/2007 11:00:00 AM,0.3434163,68.50981,-133.0178,28.39285,0.3409187,1.530043,0,0,0,0,0,0,0,0,0,0,1.530043,0,0,0,0,1.99041,8.833905,1.530043,0,1.530043,13.56329,96.88042,0.2178008,0,1.224035,0,10.36395
7/2/2007 12:00:00 PM,0.3754162,75.77525,-172.7504,23.21195,0.3725541,1.672023,1.363269,1.363269,0,0,0,1.363269,122.648,0,0,0,1.672023,1.43502,1.363269,0,0,0.4603671,10.21094,0.2370026,0,0.2370026,13.78813,98.48641,0.2177788,1.499596,1.337618,0,11.88297
7/2/2007 1:00:00 PM,0.1785292,71.14391,139.9538,26.39388,0.1775295,0.7967524,2.944847,2.944847,0,0,0,2.944847,27.05582,0,0,0,0.7967524,3.099838,2.944847,0,0,0.2233646,10.42425,0,2.303086,-2.303086,11.36046,81.14598,0.2177788,3.239331,0.6374019,0,11.221
7/2/2007 2:00:00 PM,0.3910126,59.65851,121.0607,35.76572,0.3866736,1.735391,0,0,0,-1,0,0,0,0,0,0,1.735391,0,0,0,0,2.782349,8.12116,1.735391,0,1.735391,13.0068,92.9055,0.2176174,0,1.388313,0,9.856551
7/2/2007 3:00:00 PM,0.1464562,46.4777,114.2209,47.79661,0.1455815,0.6533696,0.4024366,0.4024366,0,-1,0,0.4024366,162.3534,0,0,0,0.6533696,0.4236175,0.4024366,0,0,1.046958,9.683012,0.2297521,0,0.2297521,13.22476,94.46237,0.2175961,0.4426803,0.5226957,0,10.33638
7/2/2007 4:00:00 PM,0.04440348,32.81729,111.7618,60.90046,0.04415943,0.1981875,2.020548,2.020548,0,-1,0,2.020548,9.808603,0,4.440892E-16,0,0.1981875,2.126892,2.020548,0,0,0.817206,9.889789,0,1.928705,-1.928705,11.19172,79.94073,0.2175961,2.222603,0.15855,0,10.08798
7/2/2007 5:00:00 PM,0.01858633,19.03086,111.4588,74.47001,0.01848168,0.0829458,2.94475,2.94475,0,-1,0,2.94475,2.816735,0,0,0,0.0829458,3.099737,2.94475,0,0,2.960212,7.961084,0,3.016791,-3.016791,8.011747,57.22665,0.2175961,3.239225,0.06635664,0,8.044029
7/2/2007 6:00:00 PM,0.01705836,5.288165,112.6183,88.22906,0.01681625,0.07547134,0,0,0,-1,0,0,0,0,0,0,0.07547134,0,0,0,0,6.312202,4.944293,0.07547134,0,0.07547134,8.083346,57.73807,0.2175891,0,0.06037707,0,5.019764
7/2/2007 7:00:00 PM,0,0,115.1393,90,0,0,1.901368,1.901368,0,-1,0,1.901368,0,0,2.220446E-16,0,0,2.00144,1.901368,0,0,6.236731,5.012217,0,2.00144,-2.00144,5.973643,42.66879,0.2175891,2.091505,0,0,5.012217
7/2/2007 8:00:00 PM,0,0,119.3122,90,0,0,0,0,0,-1,0,0,0,0,0,0,0,0,0,0,0,8.460552,3.010777,0,0,0,5.973643,42.66879,0.2175891,0,0,0,3.010777
7/2/2007 9:00:00 PM,0,0,125.8936,90,0,0,3.190999,2.860238,0,-1,0,2.860238,0,0,0.3307613,0.6498613,0,3.010777,2.860238,0,0,8.460552,3.010777,0,3.010777,-3.010777,2.800006,20,0.2175891,3.510099,0,0,3.010777
7/2/2007 10:00:00 PM,0,0,136.3625,90,0,0,0,0,0,-1,0,0,0,0,0,0,0,0,0,0,0,11.80586,0,0,0,0,2.800006,20,0.2175891,0,0,0,0
7/2/2007 11:00:00 PM,0,0,153.0008,90,0,0,0,0,0,-1,0,0,0,0,0,0,0,0,0,0,0,11.80586,0,0,0,0,2.800006,20,0.2175891,0,0,0,0
7/3/2007 12:00:00 AM,0,0,176.5686,90,0,0,0.05102316,0,0,-1,0,0,0,0,0.05102316,0.05612547,0,0,0,0,0,11.80586,0,0,0,0,2.800006,20,0.2175891,0.05612547,0,0,0
7/3/2007 1:00:00 AM,0,0,-158.5373,90,0,0,0,0,0,-1,0,0,0,0,0,0,0,0,0,0,0,11.80586,0,0,0,0,2.800006,20,0.2175891,0,0,0,0
7/3/2007 2:00:00 AM,0,0,-139.9381,90,0,0,0.7930747,0,0,-1,0,0,0,0,0.7930747,0.8723822,0,0,0,0,0,11.80586,0,0,0,0,2.800006,20,0.2175891,0.8723822,0,0,0
7/3/2007 3:00:00 AM,0,0,-128.0944,90,0,0,0,0,0,-1,0,0,0,0,0,0,0,0,0,0,0,11.80586,0,0,0,0,2.800006,20,0.2175891,0,0,0,0
7/3/2007 4:00:00 AM,0,0,-120.6808,90,0,0,1.447092,0,0,-1,0,0,0,0,1.447092,1.591802,0,0,0,0,0,11.80586,0,0,0,0,2.800006,20,0.2175891,1.591802,0,0,0
7/3/2007 5:00:00 AM,0,0,-115.9781,90,0,0,0.6898368,0.6898368,4.1951,0,1.310262,0.6898368,0,4.440892E-16,0,0,0,0,0,3.505263,3.33,11.80586,0,3.33,0,3.33,5.959121,42.56506,0.217661,0.7588205,0,5,0
7/3/2007 6:00:00 AM,0.0142389,1.714921,-113.0699,91.82991,0.01379066,0.06189247,0.8407423,0.8407423,4.346005,0,1.35146,0.8407423,7.361646,0,0,0,0.06189247,0,0,3.505263,3.33,8.475861,2.997,3.391892,0,3.391892,9.176952,65.54953,0.2177465,0.9248165,0.04951397,5,3.058892
7/3/2007 7:00:00 AM,0.05717675,15.43057,-111.5585,78.04368,0.05668712,0.2544118,2.342411,2.342411,5,0,1.53,2.342411,10.86111,0,0,0,0.2544118,0,0,2.657589,2.524709,5.083968,6.049703,2.779121,0,2.779121,11.81346,84.38168,0.2178631,2.576652,0.2035294,5,6.304115
7/3/2007 8:00:00 AM,0.1044896,29.22653,-111.4368,64.3966,0.1037848,0.4657864,5.465272,5.465272,5,0,1.53,5.465272,8.522657,5.551115E-17,0,0,0.4657864,0.4897597,0.4652718,0,0,2.304847,8.550912,0,0.02397336,-0.02397336,11.78819,84.20118,0.2178631,6.011799,0.3726291,5,9.016699
7/3/2007 9:00:00 AM,0.1373972,42.95035,-113.1968,51.12261,0.1365654,0.6129057,0,0,0,-1,0,0,0,0,0,0,0.6129057,0,0,0,0,2.331484,8.526939,0.6129057,0,0.6129057,12.36964,88.35441,0.2178064,0,0.4903246,0,9.139845
7/3/2007 10:00:00 AM,0.6036136,56.32671,-118.4771,38.70355,0.5808846,2.60701,1.671319,1.671319,0,0,0,1.671319,155.9852,0,0,0,2.60701,1.759283,1.671319,0,0,1.718578,9.078554,0.8477273,0,0.8477273,13.17387,94.09886,0.2177279,1.83845,2.085608,0,11.68556
7/3/2007 11:00:00 AM,0.8493629,68.5174,-132.7881,28.36513,0.8093651,3.632431,0,0,0,0,0,0,0,2.76158,0,0,3.632431,0,0,0,0,0.8708506,9.841509,0.8708506,0,0.8708506,14.00003,100,0.2176474,0,2.905945,0,13.47394
7/3/2007 12:00:00 PM,0.8491584,75.83911,-172.5248,23.14536,0.8127537,3.647639,2.48072,2.48072,0,0,0,2.48072,147.0395,1.036355,0,0,3.647639,2.611284,2.48072,0,0,0,10.62527,0,0,0,14.00003,100,0.2176474,2.728792,2.918111,0,14.27291
7/3/2007 1:00:00 PM,0.537162,71.22691,139.9051,26.30948,0.5275336,2.367571,2.803527,2.803527,0,0,0,2.803527,84.44971,0,0,0,2.367571,2.951081,2.803527,0,0,0,10.62527,0,0.5835107,-0.5835107,13.38495,95.60662,0.2176474,3.08388,1.894057,0,12.99284
7/3/2007 2:00:00 PM,0.5576129,59.72858,120.9671,35.68666,0.5422575,2.433651,5.510425,3.33,0,-1,0,3.33,73.08263,0,2.180424,2.731467,2.433651,3.505263,3.33,0,0,0.6483452,10.04176,0,1.071612,-1.071612,12.25538,87.53822,0.2176474,6.061467,1.946921,0,12.47542
7/3/2007 3:00:00 PM,0.5110876,46.53705,114.1335,47.72675,0.4900075,2.199153,0,0,0,-1,0,0,0,0.3601286,0,0,2.199153,0,0,0,0,1.839025,8.970152,1.839025,0,1.839025,14.00003,100,0.2174775,0,1.759323,0,11.1693
7/3/2007 4:00:00 PM,0.2598391,32.8683,111.6817,60.83892,0.2549348,1.144148,0.6892291,0.6892291,0,-1,0,0.6892291,166.004,0.4186433,0,0,1.144148,0.7255043,0.6892291,0,0,0,10.62527,0,0,0,14.00003,100,0.2174775,0.758152,0.9153181,0,11.76942
7/3/2007 5:00:00 PM,0.07272601,19.07449,111.3822,74.41591,0.07214841,0.3238021,2.353078,2.353078,0,-1,0,2.353078,13.76079,0,0,0,0.3238021,2.476924,2.353078,0,0,0,10.62527,0,2.153122,-2.153122,11.73044,83.78867,0.2174775,2.588386,0.2590417,0,10.94908
7/3/2007 6:00:00 PM,0.05689619,5.324446,112.5417,88.18211,0.04389083,0.196982,0,0,0,-1,0,0,0,0,0,0,0.196982,0,0,0,0,2.392358,8.472153,0.196982,0,0.196982,11.91731,85.12348,0.2174594,0,0.1575856,0,8.669134
7/3/2007 7:00:00 PM,0,0,115.0588,90,0,0,0,0,0,-1,0,0,0,0,0,0,0,0,0,0,0,2.195376,8.649436,0,0,0,11.91731,85.12348,0.2174594,0,0,0,8.649436
7/3/2007 8:00:00 PM,0,0,119.2236,90,0,0,4.273037,3.33,0,-1,0,3.33,0,0,0.943037,1.370341,0,3.505263,3.33,0,0,2.195376,8.649436,0,3.505263,-3.505263,8.22244,58.7316,0.2174594,4.700341,0,0,8.649436
7/3/2007 9:00:00 PM,0,0,125.7919,90,0,0,0,0,0,-1,0,0,0,0,0,0,0,0,0,0,0,6.090113,5.144173,0,0,0,8.22244,58.7316,0.2174594,0,0,0,5.144173
7/3/2007 10:00:00 PM,0,0,136.2442,90,0,0,0,0,0,-1,0,0,0,0,0,0,0,0,0,0,0,6.090113,5.144173,0,0,0,8.22244,58.7316,0.2174594,0,0,0,5.144173
7/3/2007 11:00:00 PM,0,0,152.8741,90,0,0,1.6232,1.6232,0,-1,0,1.6232,0,0,2.220446E-16,0,0,1.708631,1.6232,0,0,6.090113,5.144173,0,1.708631,-1.708631,6.421384,45.86694,0.2174594,1.78552,0,0,5.144173
7/4/2007 12:00:00 AM,0,0,176.4743,90,0,0,0,0,0,-1,0,0,0,0,0,0,0,0,0,0,0,7.988592,3.435542,0,0,0,6.421384,45.86694,0.2174594,0,0,0,3.435542
7/4/2007 1:00:00 AM,0,0,-158.5568,90,0,0,0.496072,0.496072,0,-1,0,0.496072,0,0,5.551115E-17,0,0,0.5221811,0.496072,0,0,7.988592,3.435542,0,0.5221811,-0.5221811,5.870957,41.93533,0.2174594,0.5456793,0,0,3.435542
7/4/2007 2:00:00 AM,0,0,-139.9067,90,0,0,0.4716445,0.4716445,0,-1,0,0.4716445,0,0,5.551115E-17,0,0,0.4964679,0.4716445,0,0,8.568793,2.913361,0,0.4964679,-0.4964679,5.347634,38.19731,0.2174594,0.518809,0,0,2.913361
7/4/2007 3:00:00 AM,0,0,-128.0424,90,0,0,0.6721894,0.6721894,0,-1,0,0.6721894,0,0,0,0,0,0.7075678,0.6721894,0,0,9.120424,2.416893,0,0.7075678,-0.7075678,4.601792,32.86988,0.2174594,0.7394084,0,0,2.416893
7/4/2007 4:00:00 AM,0,0,-120.6209,90,0,0,0,0,0,-1,0,0,0,0,0,0,0,0,0,0,0,9.90661,1.709325,0,0,0,4.601792,32.86988,0.2174594,0,0,0,1.709325
7/4/2007 5:00:00 AM,0,0,-115.9137,90,0,0,0.1125135,0.1125135,0,0,0,0.1125135,0,0,1.387779E-17,0,0,0.1184353,0.1125135,0,0,9.90661,1.709325,0,0.1184353,-0.1184353,4.476951,31.97815,0.2174594,0.1237649,0,0,1.709325
7/4/2007 6:00:00 AM,0.001822068,1.658103,-113.0003,91.87608,0.001808045,0.008114505,0.3590769,0.3590769,0,0,0,0.3590769,2.259824,0,5.551115E-17,0,0.008114505,0.3779756,0.3590769,0,0,10.03821,1.59089,0,0.3698612,-0.3698612,4.087082,29.19339,0.2174594,0.3949845,0.006491603,0,1.599004
7/4/2007 7:00:00 AM,0.008658003,15.3809,-111.4809,78.08162,0.008611009,0.03864621,1.958673,1.958673,5,0,1.53,1.958673,1.973081,0,0,0,0.03864621,0,0,3.041327,2.88926,10.44916,1.221028,2.927906,0,2.927906,6.864738,49.03375,0.2175852,2.154541,0.03091697,5,1.259675
7/4/2007 8:00:00 AM,0.06466581,29.18474,-111.3457,64.42495,0.06427821,0.2884806,6.381947,6.381947,5,0,1.53,6.381947,4.52026,0,8.881784E-16,0,0.2884806,1.45468,1.381946,0,0,7.521255,3.856144,0,1.1662,-1.1662,5.635456,40.25317,0.2175852,7.020141,0.2307845,5,4.144625
7/4/2007 9:00:00 AM,0.1477147,42.91846,-113.0821,51.13838,0.1468067,0.6588686,4.859663,3.181372,0,-1,0,3.181372,20.7102,0,1.678291,2.664997,0.6588686,3.348813,3.181372,0,0,8.817033,2.689944,0,2.689944,-2.689944,2.800006,20,0.2175852,5.345629,0.5270948,0,3.348813
7/4/2007 10:00:00 AM,0.04742038,56.30978,-118.3181,38.70058,0.04717588,0.2117253,0,0,0,0,0,0,0,0,0,0,0.2117253,0,0,0,0,11.80586,0,0.2117253,0,0.2117253,3.000866,21.43471,0.2175657,0,0.1693803,0,0.2117253
7/4/2007 11:00:00 AM,0.3397669,68.52953,-132.545,28.33173,0.3373363,1.513965,1.080991,1.080991,4.586254,0,1.417047,1.080991,140.0535,0,0,0,1.513965,0,0,3.505263,3.33,11.59414,0.1905528,4.843966,0,4.843966,7.596255,54.25885,0.217548,1.18909,1.211172,5,1.704518
7/4/2007 12:00:00 PM,0.5279643,75.90962,-172.2966,23.07201,0.5196822,2.332334,1.189292,1.189292,4.694555,0,1.446613,1.189292,196.1112,0,0,0,2.332334,0,0,3.505263,3.33,6.750169,4.550122,5.662333,0,5.662333,12.96802,92.6285,0.2174691,1.308221,1.865867,5,6.882455
7/4/2007 1:00:00 PM,0.352566,71.31422,139.8393,26.21964,0.3500023,1.57081,0.2685148,0.2685148,0,0,0,0.2685148,584.9996,0.2003274,0,0,1.57081,0.2826471,0.2685148,0,0,1.087836,9.646222,1.087836,0,1.087836,14.00003,100,0.2173694,0.2953662,1.256648,0,11.21703
7/4/2007 2:00:00 PM,0.3202737,59.80046,120.8601,35.60427,0.3178562,1.426539,2.823523,2.823523,0,-1,0,2.823523,50.52335,0,0,0,1.426539,2.97213,2.823523,0,0,0,10.62527,0,1.545591,-1.545591,12.37083,88.36291,0.2173694,3.105875,1.141231,0,12.05181
7/4/2007 3:00:00 PM,0.2267692,46.59686,114.036,47.65508,0.2252335,1.010848,6.879914,3.33,0,-1,0,3.33,30.35579,4.440892E-16,3.549914,4.237906,1.010848,3.505263,3.33,0,0,1.717324,9.079683,0,2.494415,-2.494415,9.741488,69.58192,0.2173694,7.567905,0.8086783,0,10.09053
7/4/2007 4:00:00 PM,0.09157019,32.91889,111.5933,60.77663,0.09100754,0.4084418,1.059712,1.059712,0,-1,0,1.059712,38.54273,0,2.220446E-16,0,0.4084418,1.115486,1.059712,0,0,4.488896,6.585268,0,0.7070442,-0.7070442,8.996198,64.25842,0.2173694,1.165683,0.3267535,0,6.99371
7/4/2007 5:00:00 PM,0.03959849,19.11701,111.2985,74.36186,0.03934298,0.1765713,0,0,0,-1,0,0,0,0,0,0,0.1765713,0,0,0,0,5.274501,5.878223,0.1765713,0,0.1765713,9.163708,65.45493,0.2173532,0,0.141257,0,6.054795
7/4/2007 6:00:00 PM,0.05910996,5.358976,112.4584,88.1359,0.04428277,0.1987411,7.625019,3.33,0,-1,0,3.33,5.9682,0,4.295019,5.057521,0.1987411,3.505263,3.33,0,0,5.097929,6.037138,0,3.306522,-3.306522,5.678327,40.5594,0.2173532,8.387521,0.1589929,0,6.235879
7/4/2007 7:00:00 PM,0,0,114.9718,90,0,0,1.541441,1.541441,0,-1,0,1.541441,0,0,2.220446E-16,0,0,1.62257,1.541441,0,0,8.771843,2.730616,0,1.62257,-1.62257,3.967989,28.34272,0.2173532,1.695585,0,0,2.730616
7/4/2007 8:00:00 PM,0,0,119.1285,90,0,0,3.883842,1.052644,0,-1,0,1.052644,0,0,2.831198,3.219583,0,1.108046,1.052644,0,0,10.5747,1.108046,0,1.108046,-1.108046,2.800006,20,0.2173532,4.272226,0,0,1.108046
7/4/2007 9:00:00 PM,0,0,125.6836,90,0,0,10.2879,0,0,-1,0,0,0,0,10.2879,11.31669,0,0,0,0,0,11.80586,0,0,0,0,2.800006,20,0.2173532,11.31669,0,0,0
7/4/2007 10:00:00 PM,0,0,136.1194,90,0,0,1.420493,0,0,-1,0,0,0,0,1.420493,1.562543,0,0,0,0,0,11.80586,0,0,0,0,2.800006,20,0.2173532,1.562543,0,0,0
7/4/2007 11:00:00 PM,0,0,152.7426,90,0,0,0.733377,0,0,-1,0,0,0,0,0.733377,0.8067147,0,0,0,0,0,11.80586,0,0,0,0,2.800006,20,0.2173532,0.8067147,0,0,0
7/5/2007 12:00:00 AM,0,0,176.3806,90,0,0,0.04099169,0,0,-1,0,0,0,0,0.04099169,0.04509085,0,0,0,0,0,11.80586,0,0,0,0,2.800006,20,0.2173532,0.04509085,0,0,0
7/5/2007 1:00:00 AM,0,0,-158.5701,90,0,0,1.187377,0,0,-1,0,0,0,0,1.187377,1.306114,0,0,0,0,0,11.80586,0,0,0,0,2.800006,20,0.2173532,1.306114,0,0,0
7/5/2007 2:00:00 AM,0,0,-139.8672,90,0,0,1.410703,0,0,-1,0,0,0,0,1.410703,1.551774,0,0,0,0,0,11.80586,0,0,0,0,2.800006,20,0.2173532,1.551774,0,0,0
7/5/2007 3:00:00 AM,0,0,-127.9824,90,0,0,0.01296205,0,0,-1,0,0,0,0,0.01296205,0.01425826,0,0,0,0,0,11.80586,0,0,0,0,2.800006,20,0.2173532,0.01425826,0,0,0
7/5/2007 4:00:00 AM,0,0,-120.5536,90,0,0,0.2168155,0,0,-1,0,0,0,0,0.2168155,0.2384971,0,0,0,0,0,11.80586,0,0,0,0,2.800006,20,0.2173532,0.2384971,0,0,0
7/5/2007 5:00:00 AM,0,0,-115.8422,90,0,0,0.4031752,0.4031752,3.908438,0,1.232004,0.4031752,0,0,0,0,0,0,0,3.505263,3.33,11.80586,0,3.33,0,3.33,5.959121,42.56506,0.217388,0.4434927,0,5,0
7/5/2007 6:00:00 AM,0.01019399,1.601127,-112.9238,91.92139,0.009963132,0.04471453,0.8164327,0.8164327,4.321696,0,1.344823,0.8164327,5.476818,4.440892E-16,0,0,0.04471453,0,0,3.505263,3.33,8.475861,2.997,3.374715,0,3.374715,9.160656,65.43313,0.2174713,0.898076,0.03577163,5,3.041714
7/5/2007 7:00:00 AM,0.1278884,15.33172,-111.3962,78.11805,0.1230813,0.5523889,5.703163,5.703163,5,0,1.53,5.703163,9.685659,0,0,0,0.5523889,0.7401711,0.7031625,0,0,5.101146,6.034243,0,0.1877822,-0.1877822,8.962716,64.01927,0.2174713,6.273479,0.4419111,5,6.586632
7/5/2007 8:00:00 AM,0.4452258,29.14409,-111.2469,64.45107,0.4007843,1.79872,1.556008,1.556008,4.616084,0,1.425191,1.556008,115.5984,0,0,0,1.79872,0,0,3.060076,2.907072,5.309793,5.846461,4.705792,0,4.705792,13.42702,95.90712,0.2174703,1.711608,1.438976,5,7.645181
7/5/2007 9:00:00 AM,0.4296839,42.88846,-112.9586,51.15107,0.4152901,1.863822,2.140684,2.140684,0,-1,0,2.140684,87.06664,0,0,0,1.863822,2.253352,2.140684,0,0,0.604,10.08167,0,0.38953,-0.38953,13.01642,92.97426,0.2174703,2.354753,1.491058,0,11.9455
7/5/2007 10:00:00 AM,0.2959048,56.29573,-118.1481,38.69342,0.2937544,1.31837,2.042824,2.042824,0,0,0,2.042824,64.53664,0,0,0,1.31837,2.150341,2.042824,0,0,1.036811,9.692144,0,0.8319708,-0.8319708,12.13945,86.71017,0.2174703,2.247106,1.054696,0,11.01051
7/5/2007 11:00:00 AM,0.4188634,68.54618,-132.2884,28.29264,0.4145678,1.86058,7.534116,7.534116,5,0,1.53,7.534116,24.6954,0,0,0,1.86058,2.667491,2.534116,0,0,1.961223,8.860173,0,0.8069102,-0.8069102,11.28889,80.63477,0.2174703,8.287528,1.488464,5,10.72075
7/5/2007 12:00:00 PM,0.4315428,75.98676,-172.0659,22.99192,0.4273545,1.917967,3.735373,3.735373,4.628205,0,1.4285,3.735373,51.34606,0,0,0,1.917967,0,0,0.8928319,0.8481902,2.85779,8.053263,2.766157,0,2.766157,13.9131,99.37907,0.2175633,4.108911,1.534374,5,9.971231
7/5/2007 1:00:00 PM,0.6022925,71.40578,139.756,26.12443,0.5880259,2.63906,3.8476,3.8476,1.427543,0,0.5547193,3.8476,68.58979,2.359224E-16,0,0,2.63906,2.547428,2.420056,0,0,0.09163274,10.5428,0.09163274,0,0.09163274,14.00003,100,0.217566,4.232359,2.111248,5,13.18186
7/5/2007 2:00:00 PM,0.5437717,59.87403,120.7394,35.51865,0.5298927,2.378159,2.817167,2.817167,0,-1,0,2.817167,84.41667,0,0,0,2.378159,2.965439,2.817167,0,0,0,10.62527,0,0.5872803,-0.5872803,13.38098,95.57824,0.217566,3.098883,1.902527,0,13.00343
7/5/2007 3:00:00 PM,0.4630556,46.65703,113.9284,47.5817,0.4482947,2.011947,2.074389,2.074389,0,-1,0,2.074389,96.98982,4.440892E-16,0,0,2.011947,2.183568,2.074389,0,0,0.6525336,10.03799,0,0.1716211,-0.1716211,13.20008,94.28606,0.217566,2.281828,1.609557,0,12.04994
7/5/2007 4:00:00 PM,0.3243997,32.96897,111.4966,60.71368,0.3126661,1.403246,3.456166,3.33,0,-1,0,3.33,42.13951,0,0.126166,0.4717826,1.403246,3.505263,3.33,0,0,0.8432238,9.866373,0,2.102017,-2.102017,10.98435,78.45952,0.217566,3.801783,1.122597,0,11.26962
7/5/2007 5:00:00 PM,0.2070424,19.15833,111.2075,74.30796,0.1921158,0.8622156,0,0,0,-1,0,0,0,0,0,0,0.8622156,0,0,0,0,3.178799,7.764355,0.8622156,0,0.8622156,11.80232,84.30215,0.2174874,0,0.6897725,0,8.626571
7/5/2007 6:00:00 PM,0.07555931,5.391682,112.3685,88.09054,0.04092887,0.1836887,10.55175,3.33,0,-1,0,3.33,5.516179,0,7.221755,8.276931,0.1836887,3.505263,3.33,0,0,2.316583,8.540349,0,3.321574,-3.321574,8.301078,59.29329,0.2174874,11.60693,0.146951,0,8.724038
7/5/2007 7:00:00 PM,0,0,114.8784,90,0,0,3.589424,3.33,0,-1,0,3.33,0,0,0.2594242,0.6183666,0,3.505263,3.33,0,0,6.007221,5.218775,0,3.505263,-3.505263,4.606206,32.90141,0.2174874,3.948367,0,0,5.218775
7/5/2007 8:00:00 PM,0,0,119.0269,90,0,0,3.44387,1.627836,0,-1,0,1.627836,0,0,1.816034,2.160421,0,1.713512,1.627836,0,0,9.901958,1.713512,0,1.713512,-1.713512,2.800006,20,0.2174874,3.788257,0,0,1.713512
7/5/2007 9:00:00 PM,0,0,125.5687,90,0,0,4.264584,0,0,-1,0,0,0,0,4.264584,4.691042,0,0,0,0,0,11.80586,0,0,0,0,2.800006,20,0.2174874,4.691042,0,0,0
7/5/2007 10:00:00 PM,0,0,135.9882,90,0,0,0.9402817,0,0,-1,0,0,0,0,0.9402817,1.03431,0,0,0,0,0,11.80586,0,0,0,0,2.800006,20,0.2174874,1.03431,0,0,0
7/5/2007 11:00:00 PM,0,0,152.6066,90,0,0,0.4254555,0,0,-1,0,0,0,0,0.4254555,0.468001,0,0,0,0,0,11.80586,0,0,0,0,2.800006,20,0.2174874,0.468001,0,0,0
7/6/2007 12:00:00 AM,0,0,176.2874,90,0,0,0.9174655,0,0,-1,0,0,0,0,0.9174655,1.009212,0,0,0,0,0,11.80586,0,0,0,0,2.800006,20,0.2174874,1.009212,0,0,0
7/6/2007 1:00:00 AM,0,0,-158.5771,90,0,0,0.9027372,0,0,-1,0,0,0,0,0.9027372,0.9930109,0,0,0,0,0,11.80586,0,0,0,0,2.800006,20,0.2174874,0.9930109,0,0,0
7/6/2007 2:00:00 AM,0,0,-139.8195,90,0,0,0.6812024,0,0,-1,0,0,0,0,0.6812024,0.7493227,0,0,0,0,0,11.80586,0,0,0,0,2.800006,20,0.2174874,0.7493227,0,0,0
7/6/2007 3:00:00 AM,0,0,-127.9144,90,0,0,0.9335072,0,0,-1,0,0,0,0,0.9335072,1.026858,0,0,0,0,0,11.80586,0,0,0,0,2.800006,20,0.2174874,1.026858,0,0,0
7/6/2007 4:00:00 AM,0,0,-120.4789,90,0,0,1.205564,0,0,-1,0,0,0,0,1.205564,1.326121,0,0,0,0,0,11.80586,0,0,0,0,2.800006,20,0.2174874,1.326121,0,0,0
7/6/2007 5:00:00 AM,0,0,-115.7638,90,0,0,0.2369058,0.2369058,3.742169,0,1.186612,0.2369058,0,0,0,0,0,0,0,3.505263,3.33,11.80586,0,3.33,0,3.33,5.959121,42.56506,0.2175007,0.2605963,0,5,0
7/6/2007 6:00:00 AM,0.0231781,1.544068,-112.8405,91.9658,0.01852663,0.08314751,0.7841105,0.7841105,4.289373,0,1.335999,0.7841105,10.60406,0,0,0,0.08314751,0,0,3.505263,3.33,8.475861,2.997,3.413147,0,3.413147,9.197117,65.69357,0.2175757,0.8625215,0.06651801,5,3.080148
7/6/2007 7:00:00 AM,0.2454413,15.2831,-111.3045,78.15291,0.1971846,0.8849644,1.800558,1.800558,5,0,1.53,1.800558,49.14944,0,0,0,0.8849644,0,0,3.199442,3.039469,5.062713,6.068833,3.924434,0,3.924434,12.92016,92.28669,0.217694,1.980614,0.7079716,5,6.953797
7/6/2007 8:00:00 AM,0.5085937,29.10464,-111.1405,64.47492,0.4542541,2.038692,1.537996,1.537996,0,0,0,1.537996,132.5551,0,0,0,2.038692,1.618943,1.537996,0,0,1.138279,9.600823,0.419749,0,0.419749,13.31837,95.13103,0.2176559,1.691796,1.630954,0,11.63952
7/6/2007 9:00:00 AM,0.711502,42.86039,-112.8262,51.16064,0.6597222,2.960833,5.679609,3.33,0,-1,0,3.33,88.91391,4.440892E-16,2.349609,2.91757,2.960833,3.505263,3.33,0,0,0.7185297,9.978598,0,0.54443,-0.54443,12.74449,91.0319,0.2176559,6.24757,2.368667,0,12.93943
7/6/2007 10:00:00 AM,0.5684662,56.2846,-117.9673,38.68203,0.5499502,2.468177,3.948211,3.948211,2.860723,0,0.9459773,3.948211,62.5138,0,0,0,2.468177,1.144725,1.087489,0,0,1.323452,9.434168,1.323452,0,1.323452,14.00003,100,0.2176948,4.343032,1.974541,5,11.90234
7/6/2007 11:00:00 AM,0.8942307,68.56734,-132.0184,28.24787,0.8510507,3.819515,1.960162,1.960162,0,0,0,1.960162,194.8572,1.756187,0,0,3.819515,2.063328,1.960162,0,0,0,10.62527,0,0,0,14.00003,100,0.2176948,2.156178,3.055612,0,14.44479
7/6/2007 12:00:00 PM,0.719397,76.07053,-171.8326,22.9051,0.6960804,3.124009,3.3224,3.3224,1.25,0,0.50625,3.3224,94.0287,0.9425359,0,0,3.124009,2.181473,2.0724,0,0,0,10.62527,0,0,0,14.00003,100,0.2176948,3.654639,2.499207,5,13.74928
7/6/2007 1:00:00 PM,0.9423984,71.50146,139.6549,26.02389,0.8971829,4.026557,2.562335,2.562335,0,0,0,2.562335,157.144,1.329362,0,0,4.026557,2.697195,2.562335,0,0,0,10.62527,0,0,0,14.00003,100,0.2176948,2.818569,3.221246,0,14.65183
7/6/2007 2:00:00 PM,0.7742829,59.94918,120.605,35.42987,0.7356971,3.301809,0.3860194,0.3860194,0,-1,0,0.3860194,855.3479,2.895473,0,0,3.301809,0.4063362,0.3860194,0,0,0,10.62527,0,0,0,14.00003,100,0.2176948,0.4246213,2.641447,0,13.92708
7/6/2007 3:00:00 PM,0.7128299,46.71745,113.8105,47.50669,0.6659001,2.98856,2.764469,2.764469,0,-1,0,2.764469,108.1061,0.0785922,0,0,2.98856,2.909967,2.764469,0,0,0,10.62527,0,0,0,14.00003,100,0.2176948,3.040916,2.390848,0,13.61383
7/6/2007 4:00:00 PM,0.4941522,33.01845,111.3917,60.65015,0.4511955,2.024965,7.21108,3.33,0,-1,0,3.33,60.80977,0,3.88108,4.602188,2.024965,3.505263,3.33,0,0,0,10.62527,0,1.480298,-1.480298,12.43966,88.85452,0.2176948,7.932188,1.619972,0,12.65024
7/6/2007 5:00:00 PM,0.2869011,19.19838,111.1094,74.25429,0.2453243,1.101015,3.443421,3.33,0,-1,0,3.33,33.06353,4.440892E-16,0.1134208,0.4577629,1.101015,3.505263,3.33,0,0,1.644775,9.144977,0,2.404248,-2.404248,9.905357,70.75241,0.2176948,3.787763,0.8808123,0,10.24599
7/6/2007 6:00:00 PM,0.08051043,5.422491,112.2719,88.04609,0.04006592,0.1798159,4.497256,3.33,0,-1,0,3.33,5.399876,0,1.167256,1.616982,0.1798159,3.505263,3.33,0,0,4.316162,6.740728,0,3.325447,-3.325447,6.400028,45.7144,0.2176948,4.946982,0.1438527,0,6.920545
7/6/2007 7:00:00 PM,0,0,114.7786,90,0,0,2.684347,2.684347,0,-1,0,2.684347,0,0,4.440892E-16,0,0,2.825628,2.684347,0,0,8.011104,3.415281,0,2.825628,-2.825628,3.421555,24.43963,0.2176948,2.952781,0,0,3.415281
7/6/2007 8:00:00 PM,0,0,118.9188,90,0,0,7.182044,0.5601705,0,-1,0,0.5601705,0,0,6.621873,7.340077,0,0.5896532,0.5601705,0,0,11.15069,0.5896532,0,0.5896532,-0.5896532,2.800006,20,0.2176948,7.900248,0,0,0.5896532
7/6/2007 9:00:00 PM,0,0,125.4473,90,0,0,2.249137,0,0,-1,0,0,0,0,2.249137,2.474051,0,0,0,0,0,11.80586,0,0,0,0,2.800006,20,0.2176948,2.474051,0,0,0
7/6/2007 10:00:00 PM,0,0,135.8507,90,0,0,0,0,0,-1,0,0,0,0,0,0,0,0,0,0,0,11.80586,0,0,0,0,2.800006,20,0.2176948,0,0,0,0
7/6/2007 11:00:00 PM,0,0,152.4661,90,0,0,0.6075426,0,0,-1,0,0,0,0,0.6075426,0.6682969,0,0,0,0,0,11.80586,0,0,0,0,2.800006,20,0.2176948,0.6682969,0,0,0
7/7/2007 12:00:00 AM,0,0,176.1948,90,0,0,0,0,0,-1,0,0,0,0,0,0,0,0,0,0,0,11.80586,0,0,0,0,2.800006,20,0.2176948,0,0,0,0
7/7/2007 1:00:00 AM,0,0,-158.5777,90,0,0,0.7277471,0,0,-1,0,0,0,0,0.7277471,0.8005219,0,0,0,0,0,11.80586,0,0,0,0,2.800006,20,0.2176948,0.8005219,0,0,0
7/7/2007 2:00:00 AM,0,0,-139.7634,90,0,0,0.9696357,0,0,-1,0,0,0,0,0.9696357,1.066599,0,0,0,0,0,11.80586,0,0,0,0,2.800006,20,0.2176948,1.066599,0,0,0
7/7/2007 3:00:00 AM,0,0,-127.8384,90,0,0,0.8199587,0,0,-1,0,0,0,0,0.8199587,0.9019545,0,0,0,0,0,11.80586,0,0,0,0,2.800006,20,0.2176948,0.9019545,0,0,0
7/7/2007 4:00:00 AM,0,0,-120.3968,90,0,0,0.7506142,0,0,-1,0,0,0,0,0.7506142,0.8256756,0,0,0,0,0,11.80586,0,0,0,0,2.800006,20,0.2176948,0.8256756,0,0,0
7/7/2007 5:00:00 AM,0,0,-115.6784,90,0,0,0.3942671,0.3942671,3.89953,0,1.229572,0.3942671,0,0,0,0,0,0,0,3.505263,3.33,11.80586,0,3.33,0,3.33,5.959121,42.56506,0.2177276,0.4336938,0,5,0
7/7/2007 6:00:00 AM,0.0194358,1.487001,-112.7503,92.00922,0.01737013,0.07795715,0.6129072,0.6129072,4.11817,0,1.289261,0.6129072,12.71924,4.440892E-16,0,0,0.07795715,0,0,3.505263,3.33,8.475861,2.997,3.407957,0,3.407957,9.192193,65.65839,0.2177808,0.6741979,0.06236571,5,3.074957
7/7/2007 7:00:00 AM,0.08740311,15.2351,-111.2057,78.18613,0.08634026,0.3874951,0,0,3.505263,0,1.121937,0,0,0,0,0,0.3874951,0,0,3.505263,3.33,5.067903,6.064161,3.717495,0,3.717495,12.71892,90.84924,0.2177287,0,0.3099961,5,6.451656
7/7/2007 8:00:00 AM,0.2889555,29.06645,-111.0266,64.49644,0.2773765,1.244866,3.89984,3.89984,4.000105,0,1.257029,3.89984,31.92094,0,0,0,1.244866,0,0,0.1002651,0.09525184,1.350408,9.409907,1.340118,0,1.340118,13.99027,99.93027,0.2177691,4.289824,0.9958926,5,10.65477
7/7/2007 9:00:00 AM,0.292695,42.83429,-112.6852,51.16706,0.2893038,1.298395,2.655018,2.655018,0,-1,0,2.655018,48.90345,0,0,0,1.298395,2.794755,2.655018,0,0,0.01029036,10.61601,0,1.49636,-1.49636,12.41296,88.66385,0.2177691,2.92052,1.038716,0,11.91441
7/7/2007 10:00:00 AM,0.4476744,56.27639,-117.7757,38.66642,0.439841,1.974006,2.67124,2.67124,0,0,0,2.67124,73.89851,0,0,0,1.974006,2.811832,2.67124,0,0,1.672913,9.119653,0,0.8378252,-0.8378252,11.52982,82.35568,0.2177691,2.938364,1.579205,0,11.09366
7/7/2007 11:00:00 AM,0.3023659,68.59299,-131.7349,28.19743,0.3004394,1.348372,3.486396,3.486396,4.67908,0,1.442389,3.486396,38.67524,0,0,0,1.348372,0,0,1.192685,1.13305,2.60383,8.281828,2.481422,0,2.481422,13.8839,99.17053,0.2178561,3.835035,1.078698,5,9.630199
7/7/2007 12:00:00 PM,0.3312829,76.1609,-171.5965,22.81159,0.3291218,1.477099,2.301648,2.301648,0,0,0,2.301648,64.1757,0,0,0,1.477099,2.422787,2.301648,0,0,0.1224071,10.51511,0,0.9456885,-0.9456885,12.88706,92.05024,0.2178561,2.531812,1.181679,0,11.99221
7/7/2007 1:00:00 PM,0.1655347,71.6012,139.5354,25.9181,0.16462,0.7388146,0,0,0,0,0,0,0,0,0,0,0.7388146,0,0,0,0,1.173172,9.569419,0.7388146,0,0.7388146,13.58796,97.05666,0.2177894,0,0.5910516,0,10.30823
7/7/2007 2:00:00 PM,0.05169405,60.0258,120.4566,35.33805,0.0514278,0.230808,0,0,0,-1,0,0,0,0,0,0,0.230808,0,0,0,0,0.4343576,10.23435,0.230808,0,0.230808,13.80692,98.62069,0.2177686,0,0.1846464,0,10.46516
7/7/2007 3:00:00 PM,0.1759401,46.77803,113.6823,47.43016,0.1748542,0.7847459,3.484634,3.33,0,-1,0,3.33,23.56594,0,0.1546338,0.5030972,0.7847459,3.505263,3.33,0,0,0.2035496,10.44208,0,2.720517,-2.720517,10.93925,78.13732,0.2177686,3.833097,0.6277967,0,11.22683
7/7/2007 4:00:00 PM,0.07955158,33.06723,111.2785,60.58615,0.07907856,0.3549045,5.568682,3.33,0,-1,0,3.33,10.65779,0,2.238682,2.79555,0.3549045,3.505263,3.33,0,0,3.226346,7.721562,0,3.150359,-3.150359,7.618477,54.41759,0.2177686,6.12555,0.2839236,0,8.076467
7/7/2007 5:00:00 PM,0.02815115,19.23707,111.0042,74.20092,0.02798331,0.1255891,2.59219,2.59219,0,-1,0,2.59219,4.844904,0,4.440892E-16,0,0.1255891,2.728621,2.59219,0,0,6.726745,4.571204,0,2.603032,-2.603032,4.874641,34.81879,0.2177686,2.851409,0.1004713,0,4.696793
7/7/2007 6:00:00 PM,0.04143665,5.45133,112.1688,88.00262,0.03879922,0.1741309,0,0,0,-1,0,0,0,0,0,0,0.1741309,0,0,0,0,9.619002,1.968172,0.1741309,0,0.1741309,5.039836,35.99876,0.2177529,0,0.1393047,0,2.142303
7/7/2007 7:00:00 PM,0,0,114.6724,90,0,0,7.490457,2.018645,0,-1,0,2.018645,0,0,5.471811,6.220857,0,2.12489,2.018645,0,0,9.444872,2.12489,0,2.12489,-2.12489,2.800006,20,0.2177529,8.239502,0,0,2.12489
7/7/2007 8:00:00 PM,0,0,118.8044,90,0,0,6.101167,0,0,-1,0,0,0,0,6.101167,6.711284,0,0,0,0,0,11.80586,0,0,0,0,2.800006,20,0.2177529,6.711284,0,0,0
7/7/2007 9:00:00 PM,0,0,125.3193,90,0,0,3.565274,0,0,-1,0,0,0,0,3.565274,3.921802,0,0,0,0,0,11.80586,0,0,0,0,2.800006,20,0.2177529,3.921802,0,0,0
7/7/2007 10:00:00 PM,0,0,135.707,90,0,0,0.5910024,0,0,-1,0,0,0,0,0.5910024,0.6501027,0,0,0,0,0,11.80586,0,0,0,0,2.800006,20,0.2177529,0.6501027,0,0,0
7/7/2007 11:00:00 PM,0,0,152.321,90,0,0,0.2425562,0,0,-1,0,0,0,0,0.2425562,0.2668118,0,0,0,0,0,11.80586,0,0,0,0,2.800006,20,0.2177529,0.2668118,0,0,0
7/8/2007 12:00:00 AM,0,0,176.1031,90,0,0,0,0,0,-1,0,0,0,0,0,0,0,0,0,0,0,11.80586,0,0,0,0,2.800006,20,0.2177529,0,0,0,0
7/8/2007 1:00:00 AM,0,0,-158.5717,90,0,0,0.4649951,0,0,-1,0,0,0,0,0.4649951,0.5114946,0,0,0,0,0,11.80586,0,0,0,0,2.800006,20,0.2177529,0.5114946,0,0,0
7/8/2007 2:00:00 AM,0,0,-139.6989,90,0,0,0.6191019,0,0,-1,0,0,0,0,0.6191019,0.681012,0,0,0,0,0,11.80586,0,0,0,0,2.800006,20,0.2177529,0.681012,0,0,0
7/8/2007 3:00:00 AM,0,0,-127.7542,90,0,0,0.3487478,0,0,-1,0,0,0,0,0.3487478,0.3836226,0,0,0,0,0,11.80586,0,0,0,0,2.800006,20,0.2177529,0.3836226,0,0,0
7/8/2007 4:00:00 AM,0,0,-120.3072,90,0,0,0.1478471,0,0,-1,0,0,0,0,0.1478471,0.1626318,0,0,0,0,0,11.80586,0,0,0,0,2.800006,20,0.2177529,0.1626318,0,0,0
7/8/2007 5:00:00 AM,0,0,-115.586,90,0,0,0.7935882,0.7935882,4.298851,0,1.338586,0.7935882,0,4.440892E-16,0,0,0,0,0,3.505263,3.33,11.80586,0,3.33,0,3.33,5.959121,42.56506,0.2178355,0.872947,0,5,0
7/8/2007 6:00:00 AM,0.03262169,1.430003,-112.6534,92.05157,0.01218091,0.05466792,0.6178924,0.6178924,4.123156,0,1.290621,0.6178924,8.847484,0,0,0,0.05466792,0,0,3.505263,3.33,8.475861,2.997,3.384668,0,3.384668,9.170099,65.50057,0.2178909,0.6796816,0.04373434,5,3.051668
7/8/2007 7:00:00 AM,0.181429,15.18779,-111.1,78.21765,0.160356,0.7196776,4.217021,4.217021,5,0,1.53,4.217021,17.06602,0,0,0,0.7196776,0,0,0.7829783,0.7438294,5.091192,6.043201,1.463507,0,1.463507,10.5585,75.41773,0.217943,4.638724,0.5757421,5,6.762879
7/8/2007 8:00:00 AM,0.2791028,29.02957,-110.9051,64.51559,0.2690173,1.20735,4.544574,4.544574,5,0,1.53,4.544574,26.56684,0,0,0,1.20735,0,0,0.4554256,0.4326543,3.627685,7.360357,1.640004,0,1.640004,12.11435,86.53088,0.217996,4.999032,0.9658797,5,8.567707
7/8/2007 9:00:00 AM,0.3553917,42.81019,-112.5355,51.17031,0.3484499,1.563843,3.271609,3.271609,0,-1,0,3.271609,47.80043,0,4.440892E-16,0.2687701,1.563843,3.443799,3.271609,0,0,1.987681,8.836361,0,1.879956,-1.879956,10.1327,72.37629,0.217996,3.59877,1.251074,0,10.4002
7/8/2007 10:00:00 AM,0.4072696,56.27112,-117.5734,38.64657,0.4017359,1.802991,1.727985,1.727985,0,0,0,1.727985,104.3407,0,0,0,1.802991,1.818932,1.727985,0,0,4.076521,6.956405,0,0.01594078,-0.01594078,10.1159,72.25626,0.217996,1.900783,1.442393,0,8.759396
7/8/2007 11:00:00 AM,0.3438982,68.6231,-131.4379,28.14132,0.3414212,1.532298,0.8581376,0.8581376,0,0,0,0.8581376,178.5609,0,0,0,1.532298,0.9033027,0.8581376,0,0,4.094233,6.940464,0.6289957,0,0.6289957,10.71262,76.51852,0.2179395,0.9439514,1.225839,0,8.472763
7/8/2007 12:00:00 PM,0.5395055,76.25786,-171.3576,22.71139,0.5307538,2.382023,0.8013688,0.8013688,0,0,0,0.8013688,297.2443,0,0,0,2.382023,0.8435461,0.8013688,0,0,3.465238,7.50656,1.538477,0,1.538477,12.17214,86.9437,0.2178013,0.8815056,1.905618,0,9.888583
7/8/2007 1:00:00 PM,0.5109037,71.70487,139.3972,25.80713,0.5030805,2.257825,1.198585,1.198585,0,0,0,1.198585,188.3742,0,0,0,2.257825,1.261669,1.198585,0,0,1.926761,8.89119,0.9961568,0,0.9961568,13.11718,93.69395,0.2177119,1.318444,1.80626,0,11.14902
7/8/2007 2:00:00 PM,0.7006862,60.10375,120.2943,35.24327,0.6705559,3.009455,2.889031,2.889031,0,-1,0,2.889031,104.1683,4.440892E-16,0,0,3.009455,3.041085,2.889031,0,0,0.930604,9.78773,0,0.03162984,-0.03162984,13.08384,93.4558,0.2177119,3.177934,2.407564,0,12.79719
7/8/2007 3:00:00 PM,0.3593898,46.83863,113.544,47.35222,0.3538226,1.587956,0.1936037,0.1936037,0,-1,0,0.1936037,820.2094,0.418414,0,0,1.587956,0.2037933,0.1936037,0,0,0.9657483,9.756101,0.9657483,0,0.9657483,14.00003,100,0.2176253,0.212964,1.270365,0,11.34406
7/8/2007 4:00:00 PM,0.4213716,33.11522,111.1572,60.52176,0.3929488,1.763554,2.178081,2.178081,0,-1,0,2.178081,80.96827,0,0,0,1.763554,2.292717,2.178081,0,0,0,10.62527,0,0.5291623,-0.5291623,13.44224,96.01582,0.2176253,2.395889,1.410843,0,12.38883
7/8/2007 5:00:00 PM,0.2323461,19.2743,110.8918,74.14796,0.2102736,0.9437081,6.006884,3.33,0,-1,0,3.33,28.33958,0,2.676883,3.277572,0.9437081,3.505263,3.33,0,0,0.5879581,10.09611,0,2.561555,-2.561555,10.74213,76.72932,0.2176253,6.607572,0.7549664,0,11.03982
7/8/2007 6:00:00 PM,0.02760592,5.478128,112.0591,87.96022,0.02706644,0.1214742,5.521274,3.33,0,-1,0,3.33,3.647873,0,2.191274,2.743402,0.1214742,3.505263,3.33,0,0,3.43413,7.534557,0,3.383789,-3.383789,7.175299,51.25203,0.2176253,6.073401,0.09717933,0,7.656031
7/8/2007 7:00:00 PM,0,0,114.5599,90,0,0,6.099814,3.33,0,-1,0,3.33,0,0,2.769814,3.379795,0,3.505263,3.33,0,0,7.193896,4.150768,0,3.505263,-3.505263,3.480427,24.86015,0.2176253,6.709795,0,0,4.150768
7/8/2007 8:00:00 PM,0,0,118.6837,90,0,0,4.806158,0.6132295,0,-1,0,0.6132295,0,0,4.192928,4.673544,0,0.6455047,0.6132295,0,0,11.08863,0.6455047,0,0.6455047,-0.6455047,2.800006,20,0.2176253,5.286773,0,0,0.6455047
7/8/2007 9:00:00 PM,0,0,125.185,90,0,0,1.436807,0,0,-1,0,0,0,0,1.436807,1.580487,0,0,0,0,0,11.80586,0,0,0,0,2.800006,20,0.2176253,1.580487,0,0,0
7/8/2007 10:00:00 PM,0,0,135.5569,90,0,0,0,0,0,-1,0,0,0,0,0,0,0,0,0,0,0,11.80586,0,0,0,0,2.800006,20,0.2176253,0,0,0,0
7/8/2007 11:00:00 PM,0,0,152.1714,90,0,0,0.04569719,0,0,-1,0,0,0,0,0.04569719,0.05026691,0,0,0,0,0,11.80586,0,0,0,0,2.800006,20,0.2176253,0.05026691,0,0,0
7/9/2007 12:00:00 AM,0,0,176.0122,90,0,0,1.369352,0,0,-1,0,0,0,0,1.369352,1.506288,0,0,0,0,0,11.80586,0,0,0,0,2.800006,20,0.2176253,1.506288,0,0,0
7/9/2007 1:00:00 AM,0,0,-158.5589,90,0,0,0.07434696,0,0,-1,0,0,0,0,0.07434696,0.08178166,0,0,0,0,0,11.80586,0,0,0,0,2.800006,20,0.2176253,0.08178166,0,0,0
7/9/2007 2:00:00 AM,0,0,-139.6258,90,0,0,0,0,0,-1,0,0,0,0,0,0,0,0,0,0,0,11.80586,0,0,0,0,2.800006,20,0.2176253,0,0,0,0
7/9/2007 3:00:00 AM,0,0,-127.6619,90,0,0,0.9476925,0,0,-1,0,0,0,0,0.9476925,1.042462,0,0,0,0,0,11.80586,0,0,0,0,2.800006,20,0.2176253,1.042462,0,0,0
7/9/2007 4:00:00 AM,0,0,-120.2102,90,0,0,0.04749156,0,0,-1,0,0,0,0,0.04749156,0.05224071,0,0,0,0,0,11.80586,0,0,0,0,2.800006,20,0.2176253,0.05224071,0,0,0
7/9/2007 5:00:00 AM,0,0,-115.4867,90,0,0,0.6839063,0.6839063,4.189169,0,1.308643,0.6839063,0,4.440892E-16,0,0,0,0,0,3.505263,3.33,11.80586,0,3.33,0,3.33,5.959121,42.56506,0.217694,0.752297,0,5,0
7/9/2007 6:00:00 AM,0.03272486,1.373147,-112.5497,92.09278,0.01146051,0.05143478,0,0,3.505263,0,1.121937,0,0,0,0,0,0.05143478,0,0,3.505263,3.33,8.475861,2.997,3.381435,0,3.381435,9.167031,65.47867,0.2176726,0,0.04114782,5,3.048435
7/9/2007 7:00:00 AM,0.1991496,15.14123,-110.9874,78.24741,0.1702355,0.764017,0.393256,0.393256,3.898519,0,1.229296,0.393256,194.2798,0,0,0,0.764017,0,0,3.505263,3.33,5.094425,6.040291,4.094017,0,4.094017,13.05096,93.22094,0.2176366,0.4325816,0.6112136,5,6.804308
7/9/2007 8:00:00 AM,0.4787033,28.99404,-110.7761,64.53231,0.4289317,1.925045,0.7183636,0.7183636,0,0,0,0.7183636,267.9764,0.1684646,0,0,1.925045,0.7561723,0.7183636,0,0,1.000408,9.724907,1.000408,0,1.000408,14.00003,100,0.2175474,0.7902001,1.540036,0,11.64995
7/9/2007 9:00:00 AM,0.7328973,42.78814,-112.3771,51.17034,0.6801263,3.052407,1.508079,1.508079,0,-1,0,1.508079,202.4036,1.464955,0,0,3.052407,1.587452,1.508079,0,0,0,10.62527,0,0,0,14.00003,100,0.2175474,1.658887,2.441926,0,13.67768
7/9/2007 10:00:00 AM,0.8699948,56.26878,-117.3605,38.62246,0.8210225,3.684749,0.9238229,0.9238229,0,0,0,0.9238229,398.8588,2.712304,0,0,3.684749,0.9724452,0.9238229,0,0,0,10.62527,0,0,0,14.00003,100,0.2175474,1.016205,2.947799,0,14.31002
7/9/2007 11:00:00 AM,1.043511,68.65764,-131.1273,28.07956,0.9921165,4.452619,4.630716,4.630716,1.300717,0,0.5200956,4.630716,96.15399,0.9473555,0,0,4.452619,3.505263,3.33,0,0,0,10.62527,0,0,0,14.00003,100,0.2175474,5.093788,3.562095,5,15.07789
7/9/2007 12:00:00 PM,1.031132,76.36137,-171.1159,22.60452,0.9832914,4.413012,1.210394,1.210394,0,0,0,1.210394,364.593,3.138913,0,0,4.413012,1.274099,1.210394,0,0,0,10.62527,0,0,0,14.00003,100,0.2175474,1.331434,3.53041,0,15.03829
7/9/2007 1:00:00 PM,1.038909,71.81238,139.2397,25.69104,0.9891385,4.439254,0.02911561,0.02911561,0,0,0,0.02911561,15246.99,4.408606,0,0,4.439254,0.03064802,0.02911561,0,0,0,10.62527,0,0,0,14.00003,100,0.2175474,0.03202717,3.551403,0,15.06453
7/9/2007 2:00:00 PM,1.012377,60.18291,120.1177,35.14565,0.9576358,4.297869,2.804581,2.804581,0,-1,0,2.804581,153.2446,1.345678,0,0,4.297869,2.952191,2.804581,0,0,0,10.62527,0,0,0,14.00003,100,0.2175474,3.08504,3.438295,0,14.92314
7/9/2007 3:00:00 PM,0.7810872,46.89916,113.3953,47.27296,0.7295089,3.274036,1.33775,1.33775,0,-1,0,1.33775,244.742,1.865878,0,0,3.274036,1.408158,1.33775,0,0,0,10.62527,0,0,0,14.00003,100,0.2175474,1.471525,2.619229,0,13.89931
7/9/2007 4:00:00 PM,0.4977063,33.16232,111.0276,60.45707,0.4551329,2.042636,0,0,0,-1,0,0,0,2.042636,0,0,2.042636,0,0,0,0,0,10.62527,0,0,0,14.00003,100,0.2175474,0,1.634109,0,12.66791
7/9/2007 5:00:00 PM,0.2708402,19.31001,110.7723,74.09547,0.2357935,1.058241,2.505635,2.505635,0,-1,0,2.505635,42.23446,0,0,0,1.058241,2.63751,2.505635,0,0,0,10.62527,0,1.579269,-1.579269,12.33533,88.10934,0.2175474,2.756198,0.8465931,0,11.68352
7/9/2007 6:00:00 PM,0.04914037,5.502814,111.9429,87.91895,0.04341273,0.1948363,0,0,0,-1,0,0,0,0,0,0,0.1948363,0,0,0,0,1.754743,9.046005,0.1948363,0,0.1948363,12.52017,89.42961,0.21753,0,0.1558691,0,9.240842
7/9/2007 7:00:00 PM,0,0,114.4412,90,0,0,0,0,0,-1,0,0,0,0,0,0,0,0,0,0,0,1.559907,9.221358,0,0,0,12.52017,89.42961,0.21753,0,0,0,9.221358
7/9/2007 8:00:00 PM,0,0,118.5567,90,0,0,4.645965,3.33,0,-1,0,3.33,0,0,1.315965,1.780561,0,3.505263,3.33,0,0,1.559907,9.221358,0,3.505263,-3.505263,8.825298,63.03772,0.21753,5.110561,0,0,9.221358
7/9/2007 9:00:00 PM,0,0,125.0443,90,0,0,6.008596,3.33,0,-1,0,3.33,0,0,2.678596,3.279455,0,3.505263,3.33,0,0,5.454644,5.716095,0,3.505263,-3.505263,5.130427,36.64583,0.21753,6.609456,0,0,5.716095
7/9/2007 10:00:00 PM,0,0,135.4008,90,0,0,1.436051,1.436051,0,-1,0,1.436051,0,0,2.220446E-16,0,0,1.511632,1.436051,0,0,9.34938,2.210832,0,1.511632,-1.511632,3.537026,25.26442,0.21753,1.579656,0,0,2.210832
7/9/2007 11:00:00 PM,0,0,152.0175,90,0,0,0.4707136,0.4707136,0,-1,0,0.4707136,0,0,5.551115E-17,0,0,0.495488,0.4707136,0,0,11.02897,0.6991993,0,0.495488,-0.495488,3.014736,21.53378,0.21753,0.517785,0,0,0.6991993
7/10/2007 12:00:00 AM,0,0,175.9223,90,0,0,0.8174423,0.1935256,0,-1,0,0.1935256,0,0,0.6239167,0.7056609,0,0.2037112,0.1935256,0,0,11.57951,0.2037112,0,0.2037112,-0.2037112,2.800006,20,0.21753,0.8991866,0,0,0.2037112
7/10/2007 1:00:00 AM,0,0,-158.5393,90,0,0,1.426064,0,0,-1,0,0,0,0,1.426064,1.56867,0,0,0,0,0,11.80586,0,0,0,0,2.800006,20,0.21753,1.56867,0,0,0
7/10/2007 2:00:00 AM,0,0,-139.5441,90,0,0,0.8121089,0,0,-1,0,0,0,0,0.8121089,0.8933198,0,0,0,0,0,11.80586,0,0,0,0,2.800006,20,0.21753,0.8933198,0,0,0
7/10/2007 3:00:00 AM,0,0,-127.5614,90,0,0,1.721963,0,0,-1,0,0,0,0,1.721963,1.894159,0,0,0,0,0,11.80586,0,0,0,0,2.800006,20,0.21753,1.894159,0,0,0
7/10/2007 4:00:00 AM,0,0,-120.1056,90,0,0,0,0,0,-1,0,0,0,0,0,0,0,0,0,0,0,11.80586,0,0,0,0,2.800006,20,0.21753,0,0,0,0
7/10/2007 5:00:00 AM,0,0,-115.3804,90,0,0,0.2189109,0.2189109,3.724174,0,1.1817,0.2189109,0,0,0,0,0,0,0,3.505263,3.33,11.80586,0,3.33,0,3.33,5.959121,42.56506,0.2175407,0.240802,0,5,0
7/10/2007 6:00:00 AM,0.007758787,1.316508,-112.4391,92.13279,0.007611752,0.03416155,1.439506,1.439506,4.74976,0,1.461684,1.439506,2.373144,0,0,0,0.03416155,0,0,3.310254,3.144741,8.475861,2.997,3.178903,0,3.178903,8.974893,64.10625,0.2176725,1.583457,0.02732924,5,3.031162
7/10/2007 7:00:00 AM,0.1482078,15.09549,-110.8678,78.27535,0.1385906,0.6219946,8.762254,8.33,5,0,1.53,8.33,7.466922,0,0.4322541,1.308479,0.6219946,3.505263,3.33,0,0,5.296957,5.858012,0,2.883269,-2.883269,5.935661,42.39749,0.2176725,9.638479,0.4975957,5,6.480007
7/10/2007 8:00:00 AM,0.2863727,28.95992,-110.6396,64.54656,0.2752161,1.23517,1.735776,1.735776,4.650432,0,1.434568,1.735776,71.15952,0,0,0,1.23517,0,0,2.914656,2.768923,8.500589,2.974744,4.004093,0,4.004093,9.734277,69.53041,0.2177377,1.909354,0.9881358,5,4.209914
7/10/2007 9:00:00 AM,0.3672999,42.76814,-112.2102,51.16713,0.3594702,1.613302,1.62454,1.62454,0,-1,0,1.62454,99.30826,0,0,0,1.613302,1.710042,1.62454,0,0,4.496496,6.578428,0,0.09673965,-0.09673965,9.632304,68.80204,0.2177377,1.786994,1.290642,0,8.19173
7/10/2007 10:00:00 AM,0.6383735,56.26939,-117.1369,38.59411,0.6123223,2.748102,1.793546,1.793546,0,0,0,1.793546,153.2217,0,0,0,2.748102,1.887944,1.793546,0,0,4.603985,6.481688,0.860159,0,0.860159,10.44832,74.63073,0.2176613,1.972901,2.198482,0,9.229791
7/10/2007 11:00:00 AM,0.466356,68.69657,-130.8031,28.01217,0.4603462,2.066034,3.652572,3.652572,5,0,1.53,3.652572,56.5638,0,0,0,2.066034,0,0,1.347427,1.280056,3.743826,7.255831,3.34609,0,3.34609,13.6227,97.30482,0.2177736,4.01783,1.652827,5,9.321865
7/10/2007 12:00:00 PM,0.8782361,76.47143,-170.8713,22.49101,0.8408489,3.77373,0,0,0,0,0,0,0,3.375994,0,0,3.77373,0,0,0,0,0.3977359,10.26731,0.3977359,0,0.3977359,14.00003,100,0.2177384,0,3.018984,0,14.04104
7/10/2007 1:00:00 PM,0.6853041,71.92359,139.0623,25.5699,0.6642591,2.981195,2.139281,2.139281,0,0,0,2.139281,139.355,0.7293202,0,0,2.981195,2.251875,2.139281,0,0,0,10.62527,0,0,0,14.00003,100,0.2177384,2.353209,2.384956,0,13.60647
7/10/2007 2:00:00 PM,0.605626,60.26315,119.927,35.04529,0.5863675,2.631618,1.602379,1.602379,0,-1,0,1.602379,164.2319,0.9449031,0,0,2.631618,1.686714,1.602379,0,0,0,10.62527,0,0,0,14.00003,100,0.2177384,1.762617,2.105294,0,13.25689
7/10/2007 3:00:00 PM,0.4533471,46.9595,113.2365,47.19249,0.4402521,1.975852,1.08626,1.08626,0,-1,0,1.08626,181.8949,0.8324199,0,0,1.975852,1.143432,1.08626,0,0,0,10.62527,0,0,0,14.00003,100,0.2177384,1.194886,1.580681,0,12.60113
7/10/2007 4:00:00 PM,0.3496625,33.20842,110.8899,60.3922,0.3347898,1.502537,3.850716,3.33,0,-1,0,3.33,45.12122,0,0.5207158,0.9057874,1.502537,3.505263,3.33,0,0,0,10.62527,0,2.002727,-2.002727,11.88897,84.92104,0.2177384,4.235787,1.202029,0,12.12781
7/10/2007 5:00:00 PM,0.2423512,19.3441,110.6458,74.04354,0.2174676,0.9759944,0,0,0,-1,0,0,0,0,0,0,0.9759944,0,0,0,0,2.225252,8.622547,0.9759944,0,0.9759944,12.81488,91.53466,0.2176519,0,0.7807956,0,9.598542
7/10/2007 6:00:00 PM,0.05369718,5.525319,111.8202,87.87889,0.04525378,0.203099,3.10048,3.10048,0,-1,0,3.10048,6.550566,0,4.440892E-16,0.0805279,0.203099,3.263663,3.10048,0,0,1.249257,9.500942,0,3.060564,-3.060564,9.58876,68.49101,0.2176519,3.410528,0.1624792,0,9.704041
7/10/2007 7:00:00 PM,0,0,114.3162,90,0,0,5.720979,3.33,0,-1,0,3.33,0,0,2.390979,2.963076,0,3.505263,3.33,0,0,4.649884,6.440379,0,3.505263,-3.505263,5.893889,42.09912,0.2176519,6.293077,0,0,6.440379
7/10/2007 8:00:00 PM,0,0,118.4234,90,0,0,0,0,0,-1,0,0,0,0,0,0,0,0,0,0,0,8.544621,2.935115,0,0,0,5.893889,42.09912,0.2176519,0,0,0,2.935115
7/10/2007 9:00:00 PM,0,0,124.8972,90,0,0,7.099319,2.788359,0,-1,0,2.788359,0,0,4.31096,5.020892,0,2.935115,2.788359,0,0,8.544621,2.935115,0,2.935115,-2.935115,2.800006,20,0.2176519,7.809251,0,0,2.935115
7/10/2007 10:00:00 PM,0,0,135.2384,90,0,0,0,0,0,-1,0,0,0,0,0,0,0,0,0,0,0,11.80586,0,0,0,0,2.800006,20,0.2176519,0,0,0,0
7/10/2007 11:00:00 PM,0,0,151.8591,90,0,0,0,0,0,-1,0,0,0,0,0,0,0,0,0,0,0,11.80586,0,0,0,0,2.800006,20,0.2176519,0,0,0,0
7/11/2007 12:00:00 AM,0,0,175.8334,90,0,0,1.256099,0,0,-1,0,0,0,0,1.256099,1.381708,0,0,0,0,0,11.80586,0,0,0,0,2.800006,20,0.2176519,1.381708,0,0,0
7/11/2007 1:00:00 AM,0,0,-158.5125,90,0,0,0,0,0,-1,0,0,0,0,0,0,0,0,0,0,0,11.80586,0,0,0,0,2.800006,20,0.2176519,0,0,0,0
7/11/2007 2:00:00 AM,0,0,-139.4535,90,0,0,0,0,0,-1,0,0,0,0,0,0,0,0,0,0,0,11.80586,0,0,0,0,2.800006,20,0.2176519,0,0,0,0
7/11/2007 3:00:00 AM,0,0,-127.4525,90,0,0,0.4650241,0,0,-1,0,0,0,0,0.4650241,0.5115265,0,0,0,0,0,11.80586,0,0,0,0,2.800006,20,0.2176519,0.5115265,0,0,0
7/11/2007 4:00:00 AM,0,0,-119.9936,90,0,0,0.6472118,0,0,-1,0,0,0,0,0.6472118,0.711933,0,0,0,0,0,11.80586,0,0,0,0,2.800006,20,0.2176519,0.711933,0,0,0
7/11/2007 5:00:00 AM,0,0,-115.2671,90,0,0,0.4436152,0.4436152,3.948878,0,1.243044,0.4436152,0,4.440892E-16,0,0,0,0,0,3.505263,3.33,11.80586,0,3.33,0,3.33,5.959121,42.56506,0.21769,0.4879767,0,5,0
7/11/2007 6:00:00 AM,0.03238505,1.26016,-112.3219,92.17151,0.01061643,0.04764654,0.6283374,0.6283374,4.133601,0,1.293473,0.6283374,7.582955,4.440892E-16,0,0,0.04764654,0,0,3.505263,3.33,8.475861,2.997,3.377646,0,3.377646,9.163438,65.453,0.2177466,0.6911711,0.03811723,5,3.044647
7/11/2007 7:00:00 AM,0.1872691,15.05063,-110.7414,78.30141,0.1633859,0.7332757,0.2154289,0.2154289,3.720692,0,1.180749,0.2154289,340.3795,0,0,0,0.7332757,0,0,3.505263,3.33,5.098214,6.036882,4.063276,0,4.063276,13.0182,92.98695,0.2176918,0.2369718,0.5866206,5,6.770158
7/11/2007 8:00:00 AM,0.5072348,28.92725,-110.4958,64.5583,0.4541016,2.038008,0,0,0,0,0,0,0,1.00307,0,0,2.038008,0,0,0,0,1.034938,9.69383,1.034938,0,1.034938,14.00003,100,0.2176005,0,1.630406,0,11.73184
7/11/2007 9:00:00 AM,0.7960273,42.75024,-112.0347,51.16067,0.7388073,3.315767,2.546732,2.546732,0,-1,0,2.546732,130.1969,0.6349965,0,0,3.315767,2.680771,2.546732,0,0,0,10.62527,0,0,0,14.00003,100,0.2176005,2.801405,2.652614,0,13.94104
7/11/2007 10:00:00 AM,0.8884421,56.27293,-116.9028,38.56149,0.838962,3.765261,0.07456729,0.07456729,0,0,0,0.07456729,5049.481,3.686769,0,0,3.765261,0.07849188,0.07456729,0,0,0,10.62527,0,0,0,14.00003,100,0.2176005,0.08202402,3.012209,0,14.39054
7/11/2007 11:00:00 AM,0.9261135,68.73986,-130.4652,27.93915,0.8820211,3.95851,0,0,0,0,0,0,0,3.95851,0,0,3.95851,0,0,0,0,0,10.62527,0,0,0,14.00003,100,0.2176005,0,3.166808,0,14.58379
7/11/2007 12:00:00 PM,0.9741319,76.588,-170.6236,22.37088,0.9300795,4.174197,0.7738221,0.7738221,0,0,0,0.7738221,539.4259,3.359647,0,0,4.174197,0.8145496,0.7738221,0,0,0,10.62527,0,0,0,14.00003,100,0.2176005,0.8512043,3.339357,0,14.79947
7/11/2007 1:00:00 PM,0.9261436,72.03838,138.8647,25.44381,0.8835845,3.965527,4.01007,4.01007,1.25,0,0.50625,4.01007,98.88923,1.06019,0,0,3.965527,2.905337,2.76007,0,0,0,10.62527,0,0,0,14.00003,100,0.2176005,4.411077,3.172422,5,14.5908
7/11/2007 2:00:00 PM,0.8440896,60.34433,119.7218,34.9423,0.8007007,3.593545,2.418016,2.418016,0,-1,0,2.418016,148.6154,1.048264,0,0,3.593545,2.54528,2.418016,0,0,0,10.62527,0,0,0,14.00003,100,0.2176005,2.659818,2.874836,0,14.21882
7/11/2007 3:00:00 PM,0.5917397,47.01952,113.0673,47.11092,0.5611252,2.51833,0.3230698,0.3230698,0,-1,0,0.3230698,779.5004,2.178257,0,0,2.51833,0.3400735,0.3230698,0,0,0,10.62527,0,0,0,14.00003,100,0.2176005,0.3553768,2.014664,0,13.1436
7/11/2007 4:00:00 PM,0.5252522,33.25344,110.744,60.32722,0.4790828,2.150124,5.963853,3.33,0,-1,0,3.33,64.56828,4.440892E-16,2.633853,3.230238,2.150124,3.505263,3.33,0,0,0,10.62527,0,1.355139,-1.355139,12.57159,89.79686,0.2176005,6.560238,1.720099,0,12.7754
7/11/2007 5:00:00 PM,0.3456993,19.3765,110.5123,73.99226,0.2909277,1.305683,2.930117,2.930117,0,-1,0,2.930117,44.56079,0,0,0,1.305683,3.084334,2.930117,0,0,1.50571,9.270135,0,1.77865,-1.77865,10.69672,76.40501,0.2176005,3.223129,1.044547,0,10.57582
7/11/2007 6:00:00 PM,0.08548293,5.545573,111.6911,87.8401,0.04213819,0.1891162,7.101671,3.33,0,-1,0,3.33,5.679165,0,3.771671,4.481839,0.1891162,3.505263,3.33,0,0,3.481989,7.491485,0,3.316147,-3.316147,7.201198,51.43702,0.2176005,7.811839,0.1512929,0,7.680601
7/11/2007 7:00:00 PM,0,0,114.185,90,0,0,6.647398,3.33,0,-1,0,3.33,0,0,3.317397,3.982137,0,3.505263,3.33,0,0,7.166596,4.175337,0,3.505263,-3.505263,3.506326,25.04514,0.2176005,7.312137,0,0,4.175337
7/11/2007 8:00:00 PM,0,0,118.284,90,0,0,3.589329,0.6365706,0,-1,0,0.6365706,0,0,2.952758,3.311691,0,0.6700743,0.6365706,0,0,11.06133,0.6700743,0,0.6700743,-0.6700743,2.800006,20,0.2176005,3.948261,0,0,0.6700743
7/11/2007 9:00:00 PM,0,0,124.7438,90,0,0,0,0,0,-1,0,0,0,0,0,0,0,0,0,0,0,11.80586,0,0,0,0,2.800006,20,0.2176005,0,0,0,0
7/11/2007 10:00:00 PM,0,0,135.07,90,0,0,0,0,0,-1,0,0,0,0,0,0,0,0,0,0,0,11.80586,0,0,0,0,2.800006,20,0.2176005,0,0,0,0
7/11/2007 11:00:00 PM,0,0,151.6964,90,0,0,0,0,0,-1,0,0,0,0,0,0,0,0,0,0,0,11.80586,0,0,0,0,2.800006,20,0.2176005,0,0,0,0
7/12/2007 12:00:00 AM,0,0,175.7457,90,0,0,0.1982455,0,0,-1,0,0,0,0,0.1982455,0.2180701,0,0,0,0,0,11.80586,0,0,0,0,2.800006,20,0.2176005,0.2180701,0,0,0
7/12/2007 1:00:00 AM,0,0,-158.4785,90,0,0,0.6682779,0,0,-1,0,0,0,0,0.6682779,0.7351057,0,0,0,0,0,11.80586,0,0,0,0,2.800006,20,0.2176005,0.7351057,0,0,0
7/12/2007 2:00:00 AM,0,0,-139.354,90,0,0,2.038984,0,0,-1,0,0,0,0,2.038984,2.242882,0,0,0,0,0,11.80586,0,0,0,0,2.800006,20,0.2176005,2.242882,0,0,0
7/12/2007 3:00:00 AM,0,0,-127.3354,90,0,0,1.085343,0,0,-1,0,0,0,0,1.085343,1.193878,0,0,0,0,0,11.80586,0,0,0,0,2.800006,20,0.2176005,1.193878,0,0,0
7/12/2007 4:00:00 AM,0,0,-119.8741,90,0,0,0.2696232,0,0,-1,0,0,0,0,0.2696232,0.2965855,0,0,0,0,0,11.80586,0,0,0,0,2.800006,20,0.2176005,0.2965855,0,0,0
7/12/2007 5:00:00 AM,0,0,-115.1469,90,0,0,0.6372632,0.6372632,4.142526,0,1.29591,0.6372632,0,4.440892E-16,0,0,0,0,0,3.505263,3.33,11.80586,0,3.33,0,3.33,5.959121,42.56506,0.2176623,0.7009895,0,5,0
7/12/2007 6:00:00 AM,0.03415472,1.204175,-112.1979,92.20888,0.008138039,0.03652352,0.8849813,0.8849813,4.390244,0,1.363537,0.8849813,4.127039,4.440892E-16,0,0,0.03652352,0,0,3.505263,3.33,8.475861,2.997,3.366524,0,3.366524,9.152885,65.37762,0.2177511,0.9734794,0.02921882,5,3.033524
7/12/2007 7:00:00 AM,0.2677656,15.0067,-110.6081,78.32554,0.2128458,0.9552518,1.025451,1.025451,4.530714,0,1.401885,1.025451,93.15433,0,0,0,0.9552518,0,0,3.505263,3.33,5.109337,6.026871,4.285252,0,4.285252,13.21823,94.41576,0.2177761,1.127996,0.7642015,5,6.982123
7/12/2007 8:00:00 AM,0.5419254,28.89607,-110.3445,64.5675,0.4850276,2.176804,5.321361,5.321361,4.036278,0,1.266904,5.321361,40.9069,0,0,0,2.176804,1.352719,1.285083,0,0,0.8240849,9.883597,0.8240849,0,0.8240849,14.00003,100,0.2177995,5.853497,1.741443,5,12.0604
7/12/2007 9:00:00 AM,0.6745321,42.73446,-111.8508,51.15092,0.6275924,2.816635,3.598806,3.33,0,-1,0,3.33,84.58363,0,0.268806,0.6286866,2.816635,3.505263,3.33,0,0,0,10.62527,0,0.6886284,-0.6886284,13.27415,94.81517,0.2177995,3.958687,2.253308,0,13.44191
7/12/2007 10:00:00 AM,0.8133109,56.27941,-116.6581,38.52462,0.7693356,3.452778,1.345563,1.345563,0,0,0,1.345563,256.6048,1.271254,0,0,3.452778,1.416382,1.345563,0,0,0.7651426,9.936646,0.7651426,0,0.7651426,14.00003,100,0.2177323,1.480119,2.762223,0,13.38942
7/12/2007 11:00:00 AM,0.9698366,68.78746,-130.1135,27.86052,0.9234421,4.144408,3.444532,3.444532,1.25,0,0.50625,3.444532,120.3185,1.834375,0,0,4.144408,2.310034,2.194532,0,0,0,10.62527,0,0,0,14.00003,100,0.2177323,3.788985,3.315526,5,14.76968
7/12/2007 12:00:00 PM,1.110032,76.71104,-170.3727,22.24416,1.059266,4.753986,3.257872,3.257872,1.25,0,0.50625,3.257872,145.923,2.640436,0,0,4.753986,2.113549,2.007872,0,0,0,10.62527,0,0,0,14.00003,100,0.2177323,3.583659,3.803189,5,15.37926
7/12/2007 1:00:00 PM,0.9333038,72.15664,138.6461,25.31283,0.8906085,3.997051,2.086348,2.086348,0,0,0,2.086348,191.5812,1.800895,0,0,3.997051,2.196156,2.086348,0,0,0,10.62527,0,0,0,14.00003,100,0.2177323,2.294983,3.197641,0,14.62232
7/12/2007 2:00:00 PM,0.9070644,60.4263,119.5022,34.8368,0.8597088,3.858373,0,0,0,-1,0,0,0,3.858373,0,0,3.858373,0,0,0,0,0,10.62527,0,0,0,14.00003,100,0.2177323,0,3.086698,0,14.48365
7/12/2007 3:00:00 PM,0.7720326,47.07912,112.8879,47.02836,0.7222728,3.24156,2.804027,2.804027,0,-1,0,2.804027,115.6038,0.289953,0,0,3.24156,2.951607,2.804027,0,0,0,10.62527,0,0,0,14.00003,100,0.2177323,3.08443,2.593248,0,13.86683
7/12/2007 4:00:00 PM,0.4064834,33.29727,110.59,60.26225,0.3819854,1.71435,0,0,0,-1,0,0,0,1.71435,0,0,1.71435,0,0,0,0,0,10.62527,0,0,0,14.00003,100,0.2177323,0,1.37148,0,12.33962
7/12/2007 5:00:00 PM,0.2069633,19.40712,110.3718,73.94173,0.1932637,0.8673675,1.567173,1.567173,0,-1,0,1.567173,55.346,0,2.220446E-16,0,0.8673675,1.649656,1.567173,0,0,0,10.62527,0,0.7822882,-0.7822882,13.17542,94.10999,0.2177323,1.72389,0.693894,0,11.49264
7/12/2007 6:00:00 PM,0.05729029,5.563509,111.5557,87.80267,0.04648298,0.2086156,5.28393,3.33,0,-1,0,3.33,6.264733,4.440892E-16,1.95393,2.482323,0.2086156,3.505263,3.33,0,0,0.8692091,9.842986,0,3.296648,-3.296648,9.700452,69.2888,0.2177323,5.812324,0.1668925,0,10.0516
7/12/2007 7:00:00 PM,0,0,114.0477,90,0,0,2.412446,2.412446,0,-1,0,2.412446,0,0,0,0,0,2.539417,2.412446,0,0,4.532151,6.546339,0,2.539417,-2.539417,7.023671,50.16898,0.2177323,2.653691,0,0,6.546339
7/12/2007 8:00:00 PM,0,0,118.1384,90,0,0,0,0,0,-1,0,0,0,0,0,0,0,0,0,0,0,7.353725,4.006921,0,0,0,7.023671,50.16898,0.2177323,0,0,0,4.006921
7/12/2007 9:00:00 PM,0,0,124.5842,90,0,0,2.821114,2.821114,0,-1,0,2.821114,0,0,4.440892E-16,0,0,2.969594,2.821114,0,0,7.353725,4.006921,0,2.969594,-2.969594,3.893445,27.81026,0.2177323,3.103225,0,0,4.006921
7/12/2007 10:00:00 PM,0,0,134.8955,90,0,0,0.5519339,0.5519339,0,-1,0,0.5519339,0,0,1.110223E-16,0,0,0.580983,0.5519339,0,0,10.65327,1.037328,0,0.580983,-0.580983,3.281035,23.43592,0.2177323,0.6071273,0,0,1.037328
7/12/2007 11:00:00 PM,0,0,151.5294,90,0,0,0.6471217,0.4335273,0,-1,0,0.4335273,0,0,0.2135945,0.2783066,0,0.4563445,0.4335273,0,0,11.29881,0.4563445,0,0.4563445,-0.4563445,2.800006,20,0.2177323,0.711834,0,0,0.4563445
7/13/2007 12:00:00 AM,0,0,175.6592,90,0,0,0.5418453,0,0,-1,0,0,0,0,0.5418453,0.5960299,0,0,0,0,0,11.80586,0,0,0,0,2.800006,20,0.2177323,0.5960299,0,0,0
7/13/2007 1:00:00 AM,0,0,-158.4371,90,0,0,0,0,0,-1,0,0,0,0,0,0,0,0,0,0,0,11.80586,0,0,0,0,2.800006,20,0.2177323,0,0,0,0
7/13/2007 2:00:00 AM,0,0,-139.2455,90,0,0,0.692217,0,0,-1,0,0,0,0,0.692217,0.7614387,0,0,0,0,0,11.80586,0,0,0,0,2.800006,20,0.2177323,0.7614387,0,0,0
7/13/2007 3:00:00 AM,0,0,-127.2099,90,0,0,0.6412586,0,0,-1,0,0,0,0,0.6412586,0.7053845,0,0,0,0,0,11.80586,0,0,0,0,2.800006,20,0.2177323,0.7053845,0,0,0
7/13/2007 4:00:00 AM,0,0,-119.7471,90,0,0,1.510876,0,0,-1,0,0,0,0,1.510876,1.661963,0,0,0,0,0,11.80586,0,0,0,0,2.800006,20,0.2177323,1.661963,0,0,0
7/13/2007 5:00:00 AM,0,0,-115.0197,90,0,0,0.7567597,0.7567597,4.262023,0,1.328532,0.7567597,0,0,0,0,0,0,0,3.505263,3.33,11.80586,0,3.33,0,3.33,5.959121,42.56506,0.2178082,0.8324357,0,5,0
7/13/2007 6:00:00 AM,0.006451462,1.148625,-112.0672,92.24483,0.006342685,0.02846597,0.03982855,0.03982855,3.545092,0,1.13281,0.03982855,71.47127,0,0,0,0.02846597,0,0,3.505263,3.33,8.475861,2.997,3.358466,0,3.358466,9.145242,65.32302,0.2177941,0.04381141,0.02277278,5,3.025466
7/13/2007 7:00:00 AM,0.05433435,14.96376,-110.468,78.34768,0.05387707,0.2418003,2.799087,2.799087,5,0,1.53,2.799087,8.638543,4.440892E-16,0,0,0.2418003,0,0,2.200913,2.090868,5.117394,6.019619,2.332668,0,2.332668,11.3582,81.12988,0.2178861,3.078995,0.1934402,5,6.26142
7/13/2007 8:00:00 AM,0.1180673,28.86644,-110.186,64.5741,0.1172457,0.5261986,2.512266,2.512266,0,0,0,2.512266,20.94518,0,0,0,0.5261986,2.644491,2.512266,0,0,2.784726,8.11902,0,2.118292,-2.118292,9.125329,65.18079,0.2178861,2.763493,0.4209589,0,8.645219
7/13/2007 9:00:00 AM,0.1169444,42.72081,-111.6584,51.13786,0.1162634,0.5217903,0,0,0,-1,0,0,0,0,0,0,0.5217903,0,0,0,0,5.138384,6.000729,0.5217903,0,0.5217903,9.620342,68.7166,0.2178405,0,0.4174323,0,6.522519
7/13/2007 10:00:00 AM,0.2873504,56.28881,-116.4029,38.4835,0.2853639,1.280713,2.068255,2.068255,0,0,0,2.068255,61.92239,0,0,0,1.280713,2.17711,2.068255,0,0,4.616594,6.47034,0,0.8963975,-0.8963975,8.675457,61.96742,0.2178405,2.27508,1.02457,0,7.751053
7/13/2007 11:00:00 AM,0.3872503,68.83933,-129.7478,27.77632,0.3839618,1.723221,0,0,0,0,0,0,0,0,0,0,1.723221,0,0,0,0,5.612591,5.573942,1.723221,0,1.723221,10.31025,73.64448,0.2176899,0,1.378577,0,7.297163
7/13/2007 12:00:00 PM,0.2576589,76.84056,-170.1185,22.11087,0.2561617,1.149654,0.1456619,0.1456619,0,0,0,0.1456619,789.2615,0,0,0,1.149654,0.1533283,0.1456619,0,0,3.88937,7.124841,0.9963252,0,0.9963252,11.25544,80.39587,0.2176029,0.1602281,0.9197228,0,8.274494
7/13/2007 1:00:00 PM,0.1185794,72.2782,138.4059,25.17706,0.1179484,0.5293523,1.511308,1.511308,0,0,0,1.511308,35.02611,0,2.220446E-16,0,0.5293523,1.59085,1.511308,0,0,2.893045,8.021534,0,1.061498,-1.061498,10.13653,72.40363,0.2176029,1.662439,0.4234818,0,8.550886
7/13/2007 2:00:00 PM,0.2537559,60.50893,119.268,34.7289,0.2522052,1.131897,3.541837,3.33,0,-1,0,3.33,33.99089,4.440892E-16,0.211837,0.5660207,1.131897,3.505263,3.33,0,0,4.072487,6.960036,0,2.373366,-2.373366,7.634779,54.53403,0.2176029,3.896021,0.9055175,0,8.091932
7/13/2007 3:00:00 PM,0.1854055,47.13818,112.6982,46.94492,0.1842602,0.82696,0,0,0,-1,0,0,0,0,0,0,0.82696,0,0,0,0,6.709561,4.586669,0.82696,0,0.82696,8.419303,60.13776,0.2175307,0,0.661568,0,5.413629
7/13/2007 4:00:00 PM,0.1490619,33.33981,110.4279,60.19738,0.1480356,0.6643839,0,0,0,-1,0,0,0,0,0,0,0.6643839,0,0,0,0,5.882601,5.330933,0.6643839,0,0.6643839,9.049593,64.63982,0.2174728,0,0.5315071,0,5.995317
7/13/2007 5:00:00 PM,0.05583386,19.43588,110.2244,73.89201,0.05544472,0.2488359,4.166988,3.33,0,-1,0,3.33,7.472549,0,0.8369883,1.253687,0.2488359,3.505263,3.33,0,0,5.218217,5.928879,0,3.256427,-3.256427,5.617017,40.12147,0.2174728,4.583687,0.1990687,0,6.177715
7/13/2007 6:00:00 PM,0.07340061,5.579061,111.4139,87.76666,0.04587227,0.2058748,2.150436,2.150436,0,-1,0,2.150436,9.573629,0,4.440892E-16,0,0.2058748,2.263617,2.150436,0,0,8.83647,2.672451,0,2.057742,-2.057742,3.447967,24.62828,0.2174728,2.365479,0.1646998,0,2.878326
7/13/2007 7:00:00 PM,0,0,113.9043,90,0,0,5.110472,0.5839742,0,-1,0,0.5839742,0,0,4.526497,5.037545,0,0.6147097,0.5839742,0,0,11.12285,0.6147097,0,0.6147097,-0.6147097,2.800006,20,0.2174728,5.621519,0,0,0.6147097
7/13/2007 8:00:00 PM,0,0,117.9868,90,0,0,1.474734,0,0,-1,0,0,0,0,1.474734,1.622208,0,0,0,0,0,11.80586,0,0,0,0,2.800006,20,0.2174728,1.622208,0,0,0
7/13/2007 9:00:00 PM,0,0,124.4184,90,0,0,8.652718,0,0,-1,0,0,0,0,8.652718,9.517989,0,0,0,0,0,11.80586,0,0,0,0,2.800006,20,0.2174728,9.517989,0,0,0
7/13/2007 10:00:00 PM,0,0,134.7149,90,0,0,0.6443794,0,0,-1,0,0,0,0,0.6443794,0.7088173,0,0,0,0,0,11.80586,0,0,0,0,2.800006,20,0.2174728,0.7088173,0,0,0
7/13/2007 11:00:00 PM,0,0,151.358,90,0,0,0,0,0,-1,0,0,0,0,0,0,0,0,0,0,0,11.80586,0,0,0,0,2.800006,20,0.2174728,0,0,0,0
7/14/2007 12:00:00 AM,0,0,175.5741,90,0,0,1.201401,0,0,-1,0,0,0,0,1.201401,1.321541,0,0,0,0,0,11.80586,0,0,0,0,2.800006,20,0.2174728,1.321541,0,0,0
7/14/2007 1:00:00 AM,0,0,-158.3881,90,0,0,1.291293,0,0,-1,0,0,0,0,1.291293,1.420422,0,0,0,0,0,11.80586,0,0,0,0,2.800006,20,0.2174728,1.420422,0,0,0
7/14/2007 2:00:00 AM,0,0,-139.1278,90,0,0,0.9348268,0,0,-1,0,0,0,0,0.9348268,1.028309,0,0,0,0,0,11.80586,0,0,0,0,2.800006,20,0.2174728,1.028309,0,0,0
7/14/2007 3:00:00 AM,0,0,-127.0759,90,0,0,1.484161,0,0,-1,0,0,0,0,1.484161,1.632577,0,0,0,0,0,11.80586,0,0,0,0,2.800006,20,0.2174728,1.632577,0,0,0
7/14/2007 4:00:00 AM,0,0,-119.6125,90,0,0,1.253003,0,0,-1,0,0,0,0,1.253003,1.378303,0,0,0,0,0,11.80586,0,0,0,0,2.800006,20,0.2174728,1.378303,0,0,0
7/14/2007 5:00:00 AM,0,0,-114.8856,90,0,0,0.1857682,0.1857682,3.691031,0,1.172652,0.1857682,0,0,0,0,0,0,0,3.505263,3.33,11.80586,0,3.33,0,3.33,5.959121,42.56506,0.2174793,0.204345,0,5,0
7/14/2007 6:00:00 AM,0.03096493,1.093582,-111.9299,92.27927,0.0104021,0.04668463,0.05908296,0.05908296,3.564346,0,1.138067,0.05908296,79.0154,4.440892E-16,0,0,0.04668463,0,0,3.505263,3.33,8.475861,2.997,3.376685,0,3.376685,9.162525,65.44648,0.2174664,0.06499126,0.03734771,5,3.043685
7/14/2007 7:00:00 AM,0.1838458,14.92188,-110.3212,78.36777,0.1612006,0.7234684,2.304899,2.304899,5,0,1.53,2.304899,31.38829,0,0,0,0.7234684,0,0,2.695101,2.560346,5.099175,6.036016,3.283814,0,3.283814,12.27783,87.69858,0.2175909,2.535389,0.5787747,5,6.759485
7/14/2007 8:00:00 AM,0.408329,28.83837,-110.0201,64.57807,0.3726183,1.672311,1.31408,1.31408,0,0,0,1.31408,127.261,0,0,0,1.672311,1.383242,1.31408,0,0,1.815361,8.991449,0.2890691,0,0.2890691,12.55206,89.65739,0.2175658,1.445488,1.337849,0,10.66376
7/14/2007 9:00:00 AM,0.4604961,42.70932,-111.4576,51.12149,0.4427866,1.987226,2.749,2.749,0,-1,0,2.749,72.28907,0,0,0,1.987226,2.893684,2.749,0,0,1.526292,9.251612,0,0.9064575,-0.9064575,11.59657,82.83247,0.2175658,3.0239,1.589781,0,11.23884
7/14/2007 10:00:00 AM,0.8536347,56.30113,-116.1372,38.43814,0.807386,3.623548,3.360674,3.360674,2.325097,0,0.7997515,3.360674,107.8221,0,0,0,3.623548,1.090081,1.035577,0,0,2.533467,8.345154,2.533467,0,2.533467,14.00003,100,0.217476,3.696742,2.898839,5,11.9687
7/14/2007 11:00:00 AM,0.7885396,68.89541,-129.3681,27.68657,0.7567551,3.396317,0,0,0,0,0,0,0,3.396317,0,0,3.396317,0,0,0,0,0,10.62527,0,0,0,14.00003,100,0.217476,0,2.717053,0,14.02159
7/14/2007 12:00:00 PM,0.8762435,76.9765,-169.8608,21.97105,0.8402829,3.77119,3.294339,3.294339,1.25,0,0.50625,3.294339,114.4749,1.619254,0,0,3.77119,2.151936,2.044339,0,0,0,10.62527,0,0,0,14.00003,100,0.217476,3.623773,3.016952,5,14.39646
7/14/2007 1:00:00 PM,0.9341512,72.40292,138.1437,25.03659,0.8921635,4.00403,2.117767,2.117767,0,0,0,2.117767,189.0685,1.774802,0,0,4.00403,2.229228,2.117767,0,0,0,10.62527,0,0,0,14.00003,100,0.217476,2.329543,3.203224,0,14.6293
7/14/2007 2:00:00 PM,0.6551102,60.59206,119.0191,34.61873,0.6314663,2.834021,4.557123,3.33,0,-1,0,3.33,85.10572,0,1.227123,1.682836,2.834021,3.505263,3.33,0,0,0,10.62527,0,0.6712426,-0.6712426,13.29248,94.94607,0.217476,5.012836,2.267216,0,13.45929
7/14/2007 3:00:00 PM,0.4078081,47.19656,112.4982,46.86072,0.3993232,1.792163,2.452903,2.452903,0,-1,0,2.452903,73.06292,0,0,0,1.792163,2.582003,2.452903,0,0,0.7458251,9.954032,0,0.7898405,-0.7898405,12.45991,88.99919,0.217476,2.698193,1.43373,0,11.74619
7/14/2007 4:00:00 PM,0.3466385,33.38097,110.2578,60.13271,0.3328471,1.493818,1.082,1.082,0,-1,0,1.082,138.0609,0,0,0,1.493818,1.138947,1.082,0,0,1.623426,9.164191,0.3548709,0,0.3548709,12.79657,91.4039,0.2174452,1.190199,1.195054,0,10.65801
7/14/2007 5:00:00 PM,0.2109246,19.46269,110.0701,73.84319,0.196523,0.8819953,1.884328,1.884328,0,-1,0,1.884328,46.80688,0,0,0,0.8819953,1.983503,1.884328,0,0,1.268555,9.483575,0,1.101508,-1.101508,11.63548,83.1104,0.2174452,2.072761,0.7055962,0,10.36557
7/14/2007 6:00:00 PM,0.06277432,5.592162,111.2658,87.73214,0.04745904,0.2129962,4.47284,3.33,0,-1,0,3.33,6.396281,0,1.14284,1.590124,0.2129962,3.505263,3.33,0,0,2.492453,8.382067,0,3.292267,-3.292267,8.165126,58.32221,0.2174452,4.920124,0.1703969,0,8.595063
7/14/2007 7:00:00 PM,0,0,113.7549,90,0,0,9.269828,3.33,0,-1,0,3.33,0,0,5.939828,6.866811,0,3.505263,3.33,0,0,6.150527,5.0898,0,3.505263,-3.505263,4.470254,31.93032,0.2174452,10.19681,0,0,5.0898
7/14/2007 8:00:00 PM,0,0,117.8291,90,0,0,4.142982,1.50531,0,-1,0,1.50531,0,0,2.637673,3.051971,0,1.584537,1.50531,0,0,10.04526,1.584537,0,1.584537,-1.584537,2.800006,20,0.2174452,4.557281,0,0,1.584537
7/14/2007 9:00:00 PM,0,0,124.2465,90,0,0,0.9697369,0,0,-1,0,0,0,0,0.9697369,1.066711,0,0,0,0,0,11.80586,0,0,0,0,2.800006,20,0.2174452,1.066711,0,0,0
7/14/2007 10:00:00 PM,0,0,134.5284,90,0,0,0,0,0,-1,0,0,0,0,0,0,0,0,0,0,0,11.80586,0,0,0,0,2.800006,20,0.2174452,0,0,0,0
7/14/2007 11:00:00 PM,0,0,151.1824,90,0,0,0.03093486,0,0,-1,0,0,0,0,0.03093486,0.03402835,0,0,0,0,0,11.80586,0,0,0,0,2.800006,20,0.2174452,0.03402835,0,0,0
7/15/2007 12:00:00 AM,0,0,175.4904,90,0,0,1.401893,0,0,-1,0,0,0,0,1.401893,1.542082,0,0,0,0,0,11.80586,0,0,0,0,2.800006,20,0.2174452,1.542082,0,0,0
7/15/2007 1:00:00 AM,0,0,-158.3312,90,0,0,0.7853555,0,0,-1,0,0,0,0,0.7853555,0.8638911,0,0,0,0,0,11.80586,0,0,0,0,2.800006,20,0.2174452,0.8638911,0,0,0
7/15/2007 2:00:00 AM,0,0,-139.0008,90,0,0,0.4812675,0,0,-1,0,0,0,0,0.4812675,0.5293943,0,0,0,0,0,11.80586,0,0,0,0,2.800006,20,0.2174452,0.5293943,0,0,0
7/15/2007 3:00:00 AM,0,0,-126.9335,90,0,0,0.1211699,0,0,-1,0,0,0,0,0.1211699,0.1332869,0,0,0,0,0,11.80586,0,0,0,0,2.800006,20,0.2174452,0.1332869,0,0,0
7/15/2007 4:00:00 AM,0,0,-119.4705,90,0,0,0.8905061,0,0,-1,0,0,0,0,0.8905061,0.9795567,0,0,0,0,0,11.80586,0,0,0,0,2.800006,20,0.2174452,0.9795567,0,0,0
7/15/2007 5:00:00 AM,0,0,-114.7446,90,0,0,0.7887307,0.7887307,4.293994,0,1.33726,0.7887307,0,0,0,0,0,0,0,3.505263,3.33,11.80586,0,3.33,0,3.33,5.959121,42.56506,0.2175246,0.8676038,0,5,0
7/15/2007 6:00:00 AM,0.02824354,1.039117,-111.7859,92.31217,0.01265466,0.0567941,0.3193955,0.3193955,3.824659,0,1.209132,0.3193955,17.78174,0,0,0,0.0567941,0,0,3.505263,3.33,8.475861,2.997,3.386794,0,3.386794,9.172116,65.51498,0.2175422,0.3513351,0.04543528,5,3.053794
7/15/2007 7:00:00 AM,0.09613665,14.8811,-110.1676,78.38577,0.09461224,0.4246197,0,0,3.505263,0,1.121937,0,0,0,0,0,0.4246197,0,0,3.505263,3.33,5.089066,6.045115,3.75462,0,3.75462,12.73406,90.9574,0.2174895,0,0.3396958,5,6.469735
7/15/2007 8:00:00 AM,0.3207098,28.81193,-109.8471,64.57939,0.3038091,1.363495,0,0,0,0,0,0,0,0.02904903,0,0,1.363495,0,0,0,0,1.334446,9.424273,1.334446,0,1.334446,14.00003,100,0.2173743,0,1.090796,0,10.78777
7/15/2007 9:00:00 AM,0.574026,42.7,-111.2486,51.10179,0.5402471,2.424629,2.855768,2.855768,0,-1,0,2.855768,84.90289,0,0,0,2.424629,3.006071,2.855768,0,0,0,10.62527,0,0.5814422,-0.5814422,13.38713,95.62219,0.2173743,3.141345,1.939703,0,13.0499
7/15/2007 10:00:00 AM,0.8288572,56.31635,-115.8611,38.38854,0.7847314,3.521875,3.052211,3.052211,1.25,0,0.50625,3.052211,115.3877,0.9787641,0,0,3.521875,1.897064,1.80221,0,0,0.6460468,10.04383,0.6460468,0,0.6460468,14.00003,100,0.2173186,3.357432,2.8175,5,13.56571
7/15/2007 11:00:00 AM,0.8380793,68.95564,-128.9742,27.59129,0.8021235,3.599931,2.86183,2.86183,0,0,0,2.86183,125.7912,0.5874777,0,0,3.599931,3.012453,2.86183,0,0,0,10.62527,0,0,0,14.00003,100,0.2173186,3.148013,2.879944,0,14.2252
7/15/2007 12:00:00 PM,0.5110424,77.11884,-169.5995,21.82472,0.5041639,2.262688,1.983268,1.983268,0,0,0,1.983268,114.0888,0.175037,0,0,2.262688,2.087651,1.983268,0,0,0,10.62527,0,0,0,14.00003,100,0.2173186,2.181595,1.81015,0,12.88796
7/15/2007 1:00:00 PM,0.6464185,72.53065,137.8586,24.8915,0.629763,2.826376,2.691413,2.691413,0,0,0,2.691413,105.0146,0,4.440892E-16,0,2.826376,2.833066,2.691413,0,0,0,10.62527,0,0.006690065,-0.006690065,13.99298,99.94963,0.2173186,2.960555,2.261101,0,13.45165
7/15/2007 2:00:00 PM,0.7928439,60.67553,118.7554,34.50641,0.755349,3.390007,1.189004,1.189004,0,-1,0,1.189004,285.1132,2.13099,0,0,3.390007,1.251583,1.189004,0,0,0.007433406,10.61858,0.007433406,0,0.007433406,14.00003,100,0.217318,1.307904,2.712005,0,14.00859
7/15/2007 3:00:00 PM,0.5607958,47.25414,112.2881,46.77588,0.5354915,2.403286,0,0,0,-1,0,0,0,2.403286,0,0,2.403286,0,0,0,0,0,10.62527,0,0,0,14.00003,100,0.217318,0,1.922629,0,13.02856
7/15/2007 4:00:00 PM,0.443875,33.42063,110.0796,60.06834,0.4131487,1.854211,0,0,0,-1,0,0,0,1.854211,0,0,1.854211,0,0,0,0,0,10.62527,0,0,0,14.00003,100,0.217318,0,1.483369,0,12.47949
7/15/2007 5:00:00 PM,0.2221665,19.48748,109.909,73.79536,0.204841,0.9193262,0,0,0,-1,0,0,0,0.9193262,0,0,0.9193262,0,0,0,0,0,10.62527,0,0,0,14.00003,100,0.217318,0,0.735461,0,11.5446
7/15/2007 6:00:00 PM,0.07087238,5.602749,111.1115,87.69917,0.04706637,0.2112339,0.5273371,0.5273371,0,-1,0,0.5273371,40.05671,0,1.110223E-16,0,0.2112339,0.5550916,0.5273371,0,0,0,10.62527,0,0.3438578,-0.3438578,13.63757,97.41102,0.217318,0.5800707,0.1689871,0,10.83651
7/15/2007 7:00:00 PM,0,0,113.5995,90,0,0,6.154508,3.33,0,-1,0,3.33,0,0,2.824508,3.439959,0,3.505263,3.33,0,0,0.3820642,10.28142,0,3.505263,-3.505263,9.942698,71.01913,0.217318,6.769959,0,0,10.28142
7/15/2007 8:00:00 PM,0,0,117.6655,90,0,0,6.093493,3.33,0,-1,0,3.33,0,0,2.763493,3.372842,0,3.505263,3.33,0,0,4.276801,6.776153,0,3.505263,-3.505263,6.247827,44.62724,0.217318,6.702842,0,0,6.776153
7/15/2007 9:00:00 PM,0,0,124.0685,90,0,0,2.269238,2.269238,0,-1,0,2.269238,0,0,4.440892E-16,0,0,2.388672,2.269238,0,0,8.171538,3.27089,0,2.388672,-2.388672,3.729945,26.64241,0.217318,2.496162,0,0,3.27089
7/15/2007 10:00:00 PM,0,0,134.3359,90,0,0,0.2434019,0.2434019,0,-1,0,0.2434019,0,0,0,0,0,0.2562126,0.2434019,0,0,10.82562,0.8822184,0,0.2562126,-0.2562126,3.459874,24.71333,0.217318,0.2677421,0,0,0.8822184
7/15/2007 11:00:00 PM,0,0,151.0026,90,0,0,0.4030666,0.4030666,0,-1,0,0.4030666,0,0,5.551115E-17,0,0,0.4242806,0.4030666,0,0,11.1103,0.6260058,0,0.4242806,-0.4242806,3.012643,21.51883,0.217318,0.4433733,0,0,0.6260058
7/16/2007 12:00:00 AM,0,0,175.4083,90,0,0,0.03809816,0.03809816,0,-1,0,0.03809816,0,0,6.938894E-18,0,0,0.04010333,0.03809816,0,0,11.58172,0.2017251,0,0.04010333,-0.04010333,2.97037,21.21689,0.217318,0.04190798,0,0,0.2017251
7/16/2007 1:00:00 AM,0,0,-158.2663,90,0,0,0.7266988,0.1535407,0,-1,0,0.1535407,0,0,0.5731581,0.6458279,0,0.1616218,0.1535407,0,0,11.62628,0.1616218,0,0.1616218,-0.1616218,2.800006,20,0.217318,0.7993687,0,0,0.1616218
7/16/2007 2:00:00 AM,0,0,-138.8644,90,0,0,0.3389296,0,0,-1,0,0,0,0,0.3389296,0.3728225,0,0,0,0,0,11.80586,0,0,0,0,2.800006,20,0.217318,0.3728225,0,0,0
7/16/2007 3:00:00 AM,0,0,-126.7825,90,0,0,0.2933004,0,0,-1,0,0,0,0,0.2933004,0.3226305,0,0,0,0,0,11.80586,0,0,0,0,2.800006,20,0.217318,0.3226305,0,0,0
7/16/2007 4:00:00 AM,0,0,-119.3209,90,0,0,0.5990255,0,0,-1,0,0,0,0,0.5990255,0.6589282,0,0,0,0,0,11.80586,0,0,0,0,2.800006,20,0.217318,0.6589282,0,0,0
7/16/2007 5:00:00 AM,0,0,-114.5968,90,0,0,0.336477,0.336477,3.84174,0,1.213795,0.336477,0,0,0,0,0,0,0,3.505263,3.33,11.80586,0,3.33,0,3.33,5.959121,42.56506,0.2173427,0.3701247,0,5,0
7/16/2007 6:00:00 AM,0.006280974,0.985298,-111.6353,92.34343,0.0061741,0.02770936,1.821425,1.821425,5,0,1.53,1.821425,1.521301,0,0,0,0.02770936,0,0,3.178575,3.019646,8.475861,2.997,3.047356,0,3.047356,8.850097,63.21485,0.2174653,2.003567,0.02216749,5,3.024709
7/16/2007 7:00:00 AM,0.07095604,14.84148,-110.0073,78.40162,0.07027122,0.3153772,1.976145,1.976145,5,0,1.53,1.976145,15.95921,0,0,0,0.3153772,0,0,3.023855,2.872662,5.428504,5.73962,3.18804,0,3.18804,11.87454,84.81795,0.2175898,2.173759,0.2523018,5,6.054997
7/16/2007 8:00:00 AM,0.1282449,28.78713,-109.6668,64.57802,0.1273315,0.5714636,3.587998,3.587998,5,0,1.53,3.587998,15.92709,0,0,0,0.5714636,0,0,1.412002,1.341402,2.240465,8.608855,1.912866,0,1.912866,13.68924,97.78009,0.2176596,3.946798,0.4571709,5,9.180319
7/16/2007 9:00:00 AM,0.1390971,42.69286,-111.0312,51.07875,0.1382642,0.6205295,1.223734,1.223734,0,-1,0,1.223734,50.7079,0,0,0,0.6205295,1.288141,1.223734,0,0,0.3275996,10.33043,0,0.667611,-0.667611,12.98552,92.7535,0.2176596,1.346107,0.4964237,0,10.95096
7/16/2007 10:00:00 AM,0.188094,56.33443,-115.5746,38.33472,0.1869984,0.8392487,3.685968,3.685968,3.904602,0,1.230956,3.685968,22.76874,0,0,0,0.8392487,0,0,0.2186339,0.2077022,1.06939,9.662824,1.046951,0,1.046951,13.97874,99.84795,0.2176913,4.054565,0.6713989,5,10.50207
7/16/2007 11:00:00 AM,0.458496,69.01995,-128.5659,27.49051,0.4530478,2.033279,3.415612,3.415612,1.505315,0,0.5759509,3.415612,59.52896,1.075529E-16,0,0,2.033279,2.01084,1.910298,0,0,0.02243874,10.60508,0.02243874,0,0.02243874,14.00003,100,0.2176919,3.757174,1.626623,5,12.63836
7/16/2007 12:00:00 PM,0.4082866,77.26753,-169.3343,21.67191,0.4049076,1.817225,0.2314169,0.2314169,0,0,0,0.2314169,785.2606,1.573629,0,0,1.817225,0.2435967,0.2314169,0,0,0,10.62527,0,0,0,14.00003,100,0.2176919,0.2545585,1.45378,0,12.4425
7/16/2007 1:00:00 PM,0.5565176,72.66121,137.55,24.74191,0.5466353,2.453299,0.3067023,0.3067023,0,0,0,0.3067023,799.8959,2.130455,0,0,2.453299,0.3228445,0.3067023,0,0,0,10.62527,0,0,0,14.00003,100,0.2176919,0.3373725,1.962639,0,13.07857
7/16/2007 2:00:00 PM,0.4986188,60.75919,118.4768,34.39207,0.4893817,2.196345,0,0,0,-1,0,0,0,2.196345,0,0,2.196345,0,0,0,0,0,10.62527,0,0,0,14.00003,100,0.2176919,0,1.757076,0,12.82162
7/16/2007 3:00:00 PM,0.2993932,47.3108,112.0677,46.69051,0.2965903,1.331097,0.9754944,0.9754944,0,-1,0,0.9754944,136.4536,0.304261,0,0,1.331097,1.026836,0.9754944,0,0,0,10.62527,0,0,0,14.00003,100,0.2176919,1.073044,1.064878,0,11.95637
7/16/2007 4:00:00 PM,0.3020035,33.45871,109.8935,60.00438,0.2941083,1.319958,1.063182,1.063182,0,-1,0,1.063182,124.1517,0.2008194,0,0,1.319958,1.119139,1.063182,0,0,0,10.62527,0,0,0,14.00003,100,0.2176919,1.1695,1.055966,0,11.94523
7/16/2007 5:00:00 PM,0.1144978,19.51016,109.7411,73.7486,0.1132706,0.5083584,3.918913,3.33,0,-1,0,3.33,15.26602,0,0.588913,0.9808043,0.5083584,3.505263,3.33,0,0,0,10.62527,0,2.996905,-2.996905,10.84101,77.43565,0.2176919,4.310804,0.4066867,0,11.13363
7/16/2007 6:00:00 PM,0.04302098,5.610759,110.9511,87.66782,0.04037866,0.1812194,0,0,0,-1,0,0,0,0,0,0,0.1812194,0,0,0,0,3.329894,7.628369,0.1812194,0,0.1812194,11.01293,78.66365,0.2176763,0,0.1449756,0,7.809589
7/16/2007 7:00:00 PM,0,0,113.4381,90,0,0,0.1674993,0.1674993,0,-1,0,0.1674993,0,0,2.775558E-17,0,0,0.1763151,0.1674993,0,0,3.148675,7.791467,0,0.1763151,-0.1763151,10.82708,77.33614,0.2176763,0.1842493,0,0,7.791467
7/16/2007 8:00:00 PM,0,0,117.4959,90,0,0,2.389952,2.389952,0,-1,0,2.389952,0,0,4.440892E-16,0,0,2.515739,2.389952,0,0,3.34458,7.615152,0,2.515739,-2.515739,8.175259,58.39458,0.2176763,2.628948,0,0,7.615152
7/16/2007 9:00:00 PM,0,0,123.8844,90,0,0,0.4585344,0.4585344,0,-1,0,0.4585344,0,0,5.551115E-17,0,0,0.4826677,0.4585344,0,0,6.139846,5.099412,0,0.4826677,-0.4826677,7.666481,54.76048,0.2176763,0.5043878,0,0,5.099412
7/16/2007 10:00:00 PM,0,0,134.1374,90,0,0,0.4215517,0.4215517,0,-1,0,0.4215517,0,0,5.551115E-17,0,0,0.4437387,0.4215517,0,0,6.676144,4.616745,0,0.4437387,-0.4437387,7.19874,51.41947,0.2176763,0.4637069,0,0,4.616745
7/16/2007 11:00:00 PM,0,0,150.8185,90,0,0,1.51931,1.51931,0,-1,0,1.51931,0,0,0,0,0,1.599273,1.51931,0,0,7.169187,4.173006,0,1.599273,-1.599273,5.512958,39.37819,0.2176763,1.671241,0,0,4.173006
7/17/2007 12:00:00 AM,0,0,175.3279,90,0,0,1.535504,1.535504,0,-1,0,1.535504,0,0,2.220446E-16,0,0,1.61632,1.535504,0,0,8.946157,2.573733,0,1.61632,-1.61632,3.809207,27.20857,0.2176763,1.689054,0,0,2.573733
7/17/2007 1:00:00 AM,0,0,-158.1933,90,0,0,0,0,0,-1,0,0,0,0,0,0,0,0,0,0,0,10.74207,0.9574125,0,0,0,3.809207,27.20857,0.2176763,0,0,0,0.9574125
7/17/2007 2:00:00 AM,0,0,-138.7185,90,0,0,0.2565167,0.2565167,0,-1,0,0.2565167,0,0,0,0,0,0.2700175,0.2565167,0,0,10.74207,0.9574125,0,0.2700175,-0.2700175,3.524584,25.17555,0.2176763,0.2821683,0,0,0.9574125
7/17/2007 3:00:00 AM,0,0,-126.623,90,0,0,0.09024267,0.09024267,0,-1,0,0.09024267,0,0,0,0,0,0.09499228,0.09024267,0,0,11.04209,0.687395,0,0.09499228,-0.09499228,3.424453,24.46033,0.2176763,0.09926693,0,0,0.687395
7/17/2007 4:00:00 AM,0,0,-119.1638,90,0,0,0,0,0,-1,0,0,0,0,0,0,0,0,0,0,0,11.14764,0.5924027,0,0,0,3.424453,24.46033,0.2176763,0,0,0,0.5924027
7/17/2007 5:00:00 AM,0,0,-114.442,90,0,0,0.9121969,0.9121969,4.41746,0,1.370967,0.9121969,0,0,0,0,0,0,0,3.505263,3.33,11.14764,0.5924027,3.33,0,3.33,6.583568,47.02539,0.2177694,1.003417,0,5,0.5924027
7/17/2007 6:00:00 AM,0.01930604,0.9321948,-111.4782,92.373,0.01597366,0.07168981,1.069933,1.069933,4.575196,0,1.414029,1.069933,6.700401,0,0,0,0.07168981,0,0,3.505263,3.33,7.817635,3.589403,3.40169,0,3.40169,9.810695,70.07625,0.2178748,1.176926,0.05735184,5,3.661093
7/17/2007 7:00:00 AM,0.2186964,14.80307,-109.8404,78.41528,0.1809142,0.8119431,2.982421,2.982421,5,0,1.53,2.982421,27.22429,0,0,0,0.8119431,0,0,2.017579,1.9167,4.415945,6.650924,2.728643,0,2.728643,12.39931,88.56634,0.2179737,3.280663,0.6495545,5,7.462867
7/17/2007 8:00:00 AM,0.2528263,28.76401,-109.4794,64.57392,0.2462221,1.105045,5.58396,5.58396,5,0,1.53,5.58396,19.78963,0,0,0,1.105045,0.6146942,0.5839595,0,0,1.687302,9.106702,0.4903506,0,0.4903506,12.8645,91.8891,0.2179873,6.142355,0.8840359,5,10.21175
7/17/2007 9:00:00 AM,0.5427982,42.6879,-110.8057,51.05236,0.513996,2.306814,0.3964308,0.3964308,0,-1,0,0.3964308,581.8958,0.6925668,0,0,2.306814,0.4172955,0.3964308,0,0,1.196952,9.548018,1.196952,0,1.196952,14.00003,100,0.2178847,0.4360739,1.845451,0,11.85483
7/17/2007 10:00:00 AM,0.9556172,56.35537,-115.2777,38.27671,0.9045331,4.059545,0,0,0,0,0,0,0,4.059545,0,0,4.059545,0,0,0,0,0,10.62527,0,0,0,14.00003,100,0.2178847,0,3.247636,0,14.68482
7/17/2007 11:00:00 AM,1.090765,69.08829,-128.1431,27.38428,1.040236,4.668581,4.31072,4.31072,1.25,0,0.50625,4.31072,108.3016,1.44677,0,0,4.668581,3.22181,3.06072,0,0,0,10.62527,0,0,0,14.00003,100,0.2178847,4.741792,3.734864,5,15.29385
7/17/2007 12:00:00 PM,0.9703993,77.42256,-169.0651,21.51267,0.9289451,4.169106,0.4795812,0.4795812,0,0,0,0.4795812,869.3222,3.664283,0,0,4.169106,0.5048223,0.4795812,0,0,0,10.62527,0,0,0,14.00003,100,0.2178847,0.5275393,3.335284,0,14.79438
7/17/2007 1:00:00 PM,0.7936903,72.79443,137.2172,24.58792,0.7641606,3.429553,3.512193,3.512193,1.25,0,0.50625,3.512193,97.64705,1.048297,0,0,3.429553,2.381255,2.262193,0,0,0,10.62527,0,0,0,14.00003,100,0.2178847,3.863412,2.743642,5,14.05483
7/17/2007 2:00:00 PM,0.6973851,60.84288,118.1833,34.27585,0.6701192,3.007495,3.767382,3.33,0,-1,0,3.33,90.31517,0,0.437382,0.8141202,3.007495,3.505263,3.33,0,0,0,10.62527,0,0.497768,-0.497768,13.47533,96.2522,0.2178847,4.14412,2.405996,0,13.63277
7/17/2007 3:00:00 PM,0.7031091,47.36641,111.8371,46.60474,0.6612845,2.967845,4.226189,3.33,0,-1,0,3.33,89.12447,4.440892E-16,0.8961891,1.318808,2.967845,3.505263,3.33,0,0,0.5530756,10.12751,0,0.5374182,-0.5374182,12.90885,92.20586,0.2178847,4.648808,2.374276,0,13.09535
7/17/2007 4:00:00 PM,0.3935613,33.49509,109.6995,59.94091,0.3726798,1.672587,2.888937,2.888937,0,-1,0,2.888937,57.89628,0,0,0,1.672587,3.040986,2.888937,0,0,1.150207,9.590088,0,1.368399,-1.368399,11.46643,81.90289,0.2178847,3.17783,1.33807,0,11.26268
7/17/2007 5:00:00 PM,0.2490695,19.53066,109.5664,73.703,0.2239458,1.005069,0.4642623,0.4642623,0,-1,0,0.4642623,216.4873,0,0,0,1.005069,0.4886971,0.4642623,0,0,2.67065,8.221689,0.5163715,0,0.5163715,11.9563,85.40197,0.2178405,0.5106885,0.8040549,0,9.226757
7/17/2007 6:00:00 PM,0.07002897,5.616132,110.7845,87.63818,0.04772853,0.2142057,7.694956,3.33,0,-1,0,3.33,6.432602,0,4.364956,5.134452,0.2142057,3.505263,3.33,0,0,2.154279,8.686423,0,3.291058,-3.291058,8.487221,60.62288,0.2178405,8.464452,0.1713645,0,8.900629
7/17/2007 7:00:00 PM,0,0,113.2709,90,0,0,0,0,0,-1,0,0,0,0,0,0,0,0,0,0,0,5.811009,5.395366,0,0,0,8.487221,60.62288,0.2178405,0,0,0,5.395366
7/17/2007 8:00:00 PM,0,0,117.3204,90,0,0,4.013989,3.33,0,-1,0,3.33,0,0,0.6839895,1.085388,0,3.505263,3.33,0,0,5.811009,5.395366,0,3.505263,-3.505263,4.792349,34.23099,0.2178405,4.415389,0,0,5.395366
7/17/2007 9:00:00 PM,0,0,123.6943,90,0,0,2.984603,1.795597,0,-1,0,1.795597,0,0,1.189006,1.487466,0,1.890103,1.795597,0,0,9.705747,1.890103,0,1.890103,-1.890103,2.800006,20,0.2178405,3.283064,0,0,1.890103
7/17/2007 10:00:00 PM,0,0,133.933,90,0,0,0.9683339,0,0,-1,0,0,0,0,0.9683339,1.065167,0,0,0,0,0,11.80586,0,0,0,0,2.800006,20,0.2178405,1.065167,0,0,0
7/17/2007 11:00:00 PM,0,0,150.6301,90,0,0,0.5095153,0,0,-1,0,0,0,0,0.5095153,0.5604668,0,0,0,0,0,11.80586,0,0,0,0,2.800006,20,0.2178405,0.5604668,0,0,0
7/18/2007 12:00:00 AM,0,0,175.2492,90,0,0,0.7068663,0,0,-1,0,0,0,0,0.7068663,0.7775529,0,0,0,0,0,11.80586,0,0,0,0,2.800006,20,0.2178405,0.7775529,0,0,0
7/18/2007 1:00:00 AM,0,0,-158.1118,90,0,0,0,0,0,-1,0,0,0,0,0,0,0,0,0,0,0,11.80586,0,0,0,0,2.800006,20,0.2178405,0,0,0,0
7/18/2007 2:00:00 AM,0,0,-138.563,90,0,0,0.1260689,0,0,-1,0,0,0,0,0.1260689,0.1386757,0,0,0,0,0,11.80586,0,0,0,0,2.800006,20,0.2178405,0.1386757,0,0,0
7/18/2007 3:00:00 AM,0,0,-126.4549,90,0,0,0.6102349,0,0,-1,0,0,0,0,0.6102349,0.6712584,0,0,0,0,0,11.80586,0,0,0,0,2.800006,20,0.2178405,0.6712584,0,0,0
7/18/2007 4:00:00 AM,0,0,-118.9991,90,0,0,1.151279,0,0,-1,0,0,0,0,1.151279,1.266407,0,0,0,0,0,11.80586,0,0,0,0,2.800006,20,0.2178405,1.266407,0,0,0
7/18/2007 5:00:00 AM,0,0,-114.2805,90,0,0,0.695398,0.695398,4.200661,0,1.31178,0.695398,0,0,0,0,0,0,0,3.505263,3.33,11.80586,0,3.33,0,3.33,5.959121,42.56506,0.2179071,0.7649378,0,5,0
7/18/2007 6:00:00 AM,0.01589438,0.8798743,-111.3145,92.40082,0.01455947,0.06534288,0.04626067,0.04626067,3.551524,0,1.134566,0.04626067,141.2493,0,0,0,0.06534288,0,0,3.505263,3.33,8.475861,2.997,3.395343,0,3.395343,9.180226,65.57291,0.2178907,0.05088674,0.05227431,5,3.062343
7/18/2007 7:00:00 AM,0.08759967,14.76592,-109.6669,78.4267,0.08648905,0.3881629,1.518863,1.518863,4.745214,0,1.460443,1.518863,25.55615,0,0,0,0.3881629,0,0,3.226351,3.065033,5.080517,6.052809,3.453196,0,3.453196,12.45622,88.97279,0.2180112,1.670749,0.3105303,5,6.440971
7/18/2007 8:00:00 AM,0.2664995,28.74261,-109.2849,64.56708,0.2583607,1.159523,0,0,0,0,0,0,0,0,0,0,1.159523,0,0,0,0,1.627321,9.160686,1.159523,0,1.159523,13.55624,96.83006,0.2179123,0,0.9276184,0,10.32021
7/18/2007 9:00:00 AM,0.2444507,42.68515,-110.572,51.02261,0.2425314,1.088481,2.772326,2.772326,0,-1,0,2.772326,39.26237,0,0,0,1.088481,2.918238,2.772326,0,0,0.467798,10.20426,0,1.829757,-1.829757,11.6275,83.05342,0.2179123,3.049559,0.8707848,0,11.29274
7/18/2007 10:00:00 AM,0.3355524,56.37913,-114.9704,38.2145,0.3327254,1.493272,3.551839,3.551839,4.50905,0,1.395971,3.551839,42.0422,0,0,0,1.493272,0,0,0.9572105,0.90935,2.500862,8.374498,2.402622,0,2.402622,13.90683,99.3343,0.2179893,3.907023,1.194617,5,9.86777
7/18/2007 11:00:00 AM,0.3559815,69.16058,-127.7057,27.27263,0.3533949,1.586036,5.36893,5.36893,3.955523,0,1.244858,5.36893,29.54101,0,0,0,1.586036,1.487796,1.413406,0,0,0.09824003,10.53686,0.09824003,0,0.09824003,14.00003,100,0.217992,5.905823,1.268829,5,12.12289
7/18/2007 12:00:00 PM,0.3544324,77.58388,-168.7916,21.34702,0.3520478,1.579991,0,0,0,0,0,0,0,1.579991,0,0,1.579991,0,0,0,0,0,10.62527,0,0,0,14.00003,100,0.217992,0,1.263992,0,12.20527
7/18/2007 1:00:00 PM,0.3875355,72.93013,136.8595,24.42962,0.3844864,1.725575,0,0,0,0,0,0,0,1.725575,0,0,1.725575,0,0,0,0,0,10.62527,0,0,0,14.00003,100,0.217992,0,1.38046,0,12.35085
7/18/2007 2:00:00 PM,0.3691744,60.92642,117.8747,34.15789,0.3658815,1.642076,4.574148,3.33,0,-1,0,3.33,49.3116,0,1.244148,1.701563,1.642076,3.505263,3.33,0,0,0,10.62527,0,1.863187,-1.863187,12.03606,85.97166,0.217992,5.031563,1.313661,0,12.26735
7/18/2007 3:00:00 PM,0.165993,47.42084,111.5963,46.51868,0.1650028,0.7405326,3.105514,3.105514,0,-1,0,3.105514,23.84574,0,0,0.08606505,0.7405326,3.268962,3.105514,0,0,2.070208,8.762087,0,2.528429,-2.528429,9.370858,66.93457,0.217992,3.416065,0.5924261,0,9.50262
7/18/2007 4:00:00 PM,0.1565489,33.52969,109.4977,59.87806,0.1554705,0.6977517,1.646453,1.646453,0,-1,0,1.646453,42.37909,0,0,0,0.6977517,1.733108,1.646453,0,0,4.879573,6.233658,0,1.035357,-1.035357,8.279497,59.13914,0.217992,1.811098,0.5582014,0,6.93141
7/18/2007 5:00:00 PM,0.1560073,19.54889,109.3851,73.65863,0.1521353,0.6827832,2.815707,2.815707,0,-1,0,2.815707,24.24909,0,0,0,0.6827832,2.963902,2.815707,0,0,6.029969,5.198302,0,2.281119,-2.281119,5.874987,41.96411,0.217992,3.097277,0.5462266,0,5.881085
7/18/2007 6:00:00 PM,0.06068268,5.618807,110.6119,87.61028,0.04799329,0.2153939,0,0,0,-1,0,0,0,0,0,0,0.2153939,0,0,0,0,8.564546,2.917183,0.2153939,0,0.2153939,6.079327,43.42368,0.2179736,0,0.1723151,0,3.132577
7/18/2007 7:00:00 PM,0,0,113.0979,90,0,0,5.518764,2.955486,0,-1,0,2.955486,0,0,2.563278,3.115154,0,3.111038,2.955486,0,0,8.349152,3.111038,0,3.111038,-3.111038,2.800006,20,0.2179736,6.07064,0,0,3.111038
7/18/2007 8:00:00 PM,0,0,117.1392,90,0,0,3.212994,0,0,-1,0,0,0,0,3.212994,3.534293,0,0,0,0,0,11.80586,0,0,0,0,2.800006,20,0.2179736,3.534293,0,0,0
7/18/2007 9:00:00 PM,0,0,123.4982,90,0,0,2.724251,0,0,-1,0,0,0,0,2.724251,2.996676,0,0,0,0,0,11.80586,0,0,0,0,2.800006,20,0.2179736,2.996676,0,0,0
7/18/2007 10:00:00 PM,0,0,133.7228,90,0,0,0.1411967,0,0,-1,0,0,0,0,0.1411967,0.1553164,0,0,0,0,0,11.80586,0,0,0,0,2.800006,20,0.2179736,0.1553164,0,0,0
7/18/2007 11:00:00 PM,0,0,150.4375,90,0,0,0.2264923,0,0,-1,0,0,0,0,0.2264923,0.2491415,0,0,0,0,0,11.80586,0,0,0,0,2.800006,20,0.2179736,0.2491415,0,0,0
7/19/2007 12:00:00 AM,0,0,175.1724,90,0,0,0,0,0,-1,0,0,0,0,0,0,0,0,0,0,0,11.80586,0,0,0,0,2.800006,20,0.2179736,0,0,0,0
7/19/2007 1:00:00 AM,0,0,-158.0217,90,0,0,0.4777472,0,0,-1,0,0,0,0,0.4777472,0.5255219,0,0,0,0,0,11.80586,0,0,0,0,2.800006,20,0.2179736,0.5255219,0,0,0
7/19/2007 2:00:00 AM,0,0,-138.3976,90,0,0,0.6530757,0,0,-1,0,0,0,0,0.6530757,0.7183833,0,0,0,0,0,11.80586,0,0,0,0,2.800006,20,0.2179736,0.7183833,0,0,0
7/19/2007 3:00:00 AM,0,0,-126.2782,90,0,0,0,0,0,-1,0,0,0,0,0,0,0,0,0,0,0,11.80586,0,0,0,0,2.800006,20,0.2179736,0,0,0,0
7/19/2007 4:00:00 AM,0,0,-118.827,90,0,0,0.2683659,0,0,-1,0,0,0,0,0.2683659,0.2952025,0,0,0,0,0,11.80586,0,0,0,0,2.800006,20,0.2179736,0.2952025,0,0,0
7/19/2007 5:00:00 AM,0,0,-114.1121,90,0,0,0.07571551,0.07571551,3.580979,0,1.142607,0.07571551,0,4.440892E-16,0,0,0,0,0,3.505263,3.33,11.80586,0,3.33,0,3.33,5.959121,42.56506,0.2179663,0.08328706,0,5,0
7/19/2007 6:00:00 AM,0.02882421,0.828403,-111.1443,92.42681,0.01005019,0.04510524,0.8646007,0.8646007,4.369864,0,1.357973,0.8646007,5.216887,0,0,0,0.04510524,0,0,3.505263,3.33,8.475861,2.997,3.375105,0,3.375105,9.161027,65.43578,0.2180484,0.9510607,0.03608419,5,3.042105
7/19/2007 7:00:00 AM,0.262624,14.73008,-109.4868,78.43584,0.2104944,0.9446989,1.089838,1.089838,4.595101,0,1.419463,1.089838,86.68253,0,0,0,0.9446989,0,0,3.505263,3.33,5.100755,6.034595,4.274699,0,4.274699,13.21636,94.4024,0.2180806,1.198821,0.7557591,5,6.979294
7/19/2007 8:00:00 AM,0.3346068,28.72294,-109.0834,64.55746,0.3154335,1.415666,0,0,0,0,0,0,0,0.5896096,0,0,1.415666,0,0,0,0,0.8260561,9.881824,0.8260561,0,0.8260561,14.00003,100,0.2180105,0,1.132533,0,11.29749
7/19/2007 9:00:00 AM,0.2578543,42.68459,-110.3301,50.98951,0.2556598,1.147401,1.93009,1.93009,0,-1,0,1.93009,59.44808,0,4.440892E-16,0,1.147401,2.031673,1.93009,0,0,0,10.62527,0,0.8842721,-0.8842721,13.06792,93.34212,0.2180105,2.123099,0.9179209,0,11.77268
7/19/2007 10:00:00 AM,0.7487309,56.40568,-114.6528,38.14815,0.7130488,3.200163,0.859928,0.859928,0,0,0,0.859928,372.1431,1.312451,0,0,3.200163,0.9051874,0.859928,0,0,0.9825245,9.741002,0.9825245,0,0.9825245,14.00003,100,0.2179272,0.9459208,2.56013,0,12.94116
7/19/2007 11:00:00 AM,1.039967,69.23672,-127.2533,27.1556,0.993064,4.456871,6.123364,6.123364,2.793364,0,0.9275884,6.123364,72.78468,0.951608,0,0,4.456871,3.505263,3.33,0,0,0,10.62527,0,0,0,14.00003,100,0.2179272,6.735701,3.565497,5,15.08215
7/19/2007 12:00:00 PM,0.9903984,77.75145,-168.5136,21.175,0.9487352,4.257924,0.5013789,0.5013789,0,0,0,0.5013789,849.2427,3.730156,0,0,4.257924,0.5277672,0.5013789,0,0,0,10.62527,0,0,0,14.00003,100,0.2179272,0.5515168,3.406339,0,14.8832
7/19/2007 1:00:00 PM,0.6568283,73.0681,136.476,24.26715,0.6400796,2.872677,0,0,0,0,0,0,0,2.872677,0,0,2.872677,0,0,0,0,0,10.62527,0,0,0,14.00003,100,0.2179272,0,2.298142,0,13.49795
7/19/2007 2:00:00 PM,0.2898237,61.00964,117.551,34.03832,0.2879592,1.292361,1.944643,1.944643,0,-1,0,1.944643,66.45746,0,2.220446E-16,0,1.292361,2.046993,1.944643,0,0,0,10.62527,0,0.7546325,-0.7546325,13.20458,94.31821,0.2179272,2.139108,1.033889,0,11.91763
7/19/2007 3:00:00 PM,0.3787954,47.47397,111.3454,46.43246,0.3726923,1.672643,1.990735,1.990735,0,-1,0,1.990735,84.0214,0,0,0,1.672643,2.09551,1.990735,0,0,0.8384805,9.870642,0,0.422867,-0.422867,12.75883,91.13435,0.2179272,2.189808,1.338115,0,11.54328
7/19/2007 4:00:00 PM,0.3405316,33.5624,109.288,59.81591,0.3283696,1.473723,2.322572,2.322572,0,-1,0,2.322572,63.45221,0,0,0,1.473723,2.444812,2.322572,0,0,1.308333,9.447775,0,0.9710893,-0.9710893,11.73522,83.82281,0.2179272,2.554829,1.178978,0,10.9215
7/19/2007 5:00:00 PM,0.2296993,19.56479,109.1972,73.61559,0.2110384,0.9471402,2.305857,2.305857,0,-1,0,2.305857,41.07541,0,4.440892E-16,0,0.9471402,2.427218,2.305857,0,0,2.387321,8.476686,0,1.480078,-1.480078,10.17508,72.67898,0.2179272,2.536443,0.7577122,0,9.423825
7/19/2007 6:00:00 PM,0.07753877,5.618727,110.4332,87.5842,0.0469817,0.2108539,4.069459,3.33,0,-1,0,3.33,6.331948,0,0.7394587,1.146405,0.2108539,3.505263,3.33,0,0,4.031852,6.996608,0,3.294409,-3.294409,6.702466,47.87466,0.2179272,4.476405,0.1686831,0,7.207461
7/19/2007 7:00:00 PM,0,0,112.9192,90,0,0,0,0,0,-1,0,0,0,0,0,0,0,0,0,0,0,7.692307,3.702198,0,0,0,6.702466,47.87466,0.2179272,0,0,0,3.702198
7/19/2007 8:00:00 PM,0,0,116.9522,90,0,0,2.199519,2.199519,0,-1,0,2.199519,0,0,0,0,0,2.315283,2.199519,0,0,7.692307,3.702198,0,2.315283,-2.315283,4.261942,30.44238,0.2179272,2.419471,0,0,3.702198
7/19/2007 9:00:00 PM,0,0,123.2963,90,0,0,0,0,0,-1,0,0,0,0,0,0,0,0,0,0,0,10.26484,1.386915,0,0,0,4.261942,30.44238,0.2179272,0,0,0,1.386915
7/19/2007 10:00:00 PM,0,0,133.5067,90,0,0,0,0,0,-1,0,0,0,0,0,0,0,0,0,0,0,10.26484,1.386915,0,0,0,4.261942,30.44238,0.2179272,0,0,0,1.386915
7/19/2007 11:00:00 PM,0,0,150.2407,90,0,0,0,0,0,-1,0,0,0,0,0,0,0,0,0,0,0,10.26484,1.386915,0,0,0,4.261942,30.44238,0.2179272,0,0,0,1.386915
7/20/2007 12:00:00 AM,0,0,175.0975,90,0,0,0.7343727,0.7343727,0,-1,0,0.7343727,0,0,1.110223E-16,0,0,0.7730239,0.7343727,0,0,10.26484,1.386915,0,0.7730239,-0.7730239,3.447104,24.62212,0.2179272,0.80781,0,0,1.386915
7/20/2007 1:00:00 AM,0,0,-157.9227,90,0,0,0.5060825,0.5060825,0,-1,0,0.5060825,0,0,1.110223E-16,0,0,0.5327185,0.5060825,0,0,11.12376,0.6138911,0,0.5327185,-0.5327185,2.885569,20.61117,0.2179272,0.5566908,0,0,0.6138911
7/20/2007 2:00:00 AM,0,0,-138.2223,90,0,0,0,0,0,-1,0,0,0,0,0,0,0,0,0,0,0,11.71567,0.08117262,0,0,0,2.885569,20.61117,0.2179272,0,0,0,0.08117262
7/20/2007 3:00:00 AM,0,0,-126.0928,90,0,0,0.2721954,0.07711399,0,-1,0,0.07711399,0,0,0.1950814,0.2223009,0,0.08117262,0.07711399,0,0,11.71567,0.08117262,0,0.08117262,-0.08117262,2.800006,20,0.2179272,0.2994149,0,0,0.08117262
7/20/2007 4:00:00 AM,0,0,-118.6473,90,0,0,0.2382921,0,0,-1,0,0,0,0,0.2382921,0.2621213,0,0,0,0,0,11.80586,0,0,0,0,2.800006,20,0.2179272,0.2621213,0,0,0
7/20/2007 5:00:00 AM,0,0,-113.937,90,0,0,0.9404916,0.9404916,4.445755,0,1.378691,0.9404916,0,0,0,0,0,0,0,3.505263,3.33,11.80586,0,3.33,0,3.33,5.959121,42.56506,0.2180218,1.034541,0,5,0
7/20/2007 6:00:00 AM,0.02194796,0.7778456,-110.9677,92.45092,0.01507377,0.06765106,1.466177,1.466177,4.743872,0,1.460077,1.466177,4.614112,-4.440892E-16,0,0,0.06765106,0,0,3.277694,3.113809,8.475861,2.997,3.181461,0,3.181461,8.97732,64.12358,0.218146,1.612795,0.05412085,5,3.064651
7/20/2007 7:00:00 AM,0.1157592,14.6956,-109.3003,78.44265,0.1123797,0.50436,4.099801,4.099801,5,0,1.53,4.099801,12.30206,0,0,0,0.50436,0,0,0.9001988,0.8551888,5.2944,5.860314,1.359549,0,1.359549,10.2671,73.33629,0.2181932,4.509781,0.403488,5,6.364675
7/20/2007 8:00:00 AM,0.3677992,28.70505,-108.875,64.54506,0.3419783,1.534798,5.191183,5.191183,5,0,1.53,5.191183,29.56548,0,0,0,1.534798,0.2012452,0.191183,0,0,3.934851,7.083909,1.333553,0,1.333553,11.53222,82.37284,0.2182294,5.710301,1.227839,5,8.618707
7/20/2007 9:00:00 AM,0.2041579,42.68623,-110.0802,50.95306,0.2028166,0.9102409,1.864753,1.864753,0,-1,0,1.864753,48.81295,0,0,0,0.9102409,1.962898,1.864753,0,0,2.601298,8.284106,0,1.052657,-1.052657,10.42262,74.44716,0.2182294,2.051228,0.7281927,0,9.194347
7/20/2007 10:00:00 AM,0.1662396,56.43499,-114.3249,38.07766,0.1652968,0.741852,0.30944,0.30944,0,0,0,0.30944,239.7402,0,0,0,0.741852,0.3257262,0.30944,0,0,3.770916,7.23145,0.4161257,0,0.4161257,10.81739,77.26694,0.2181942,0.3403839,0.5934816,0,7.973301
7/20/2007 11:00:00 AM,0.1932567,69.31665,-126.7858,27.03324,0.1921783,0.8624961,3.100532,3.100532,5,0,1.53,3.100532,27.81768,0,0,0,0.8624961,0,0,1.899468,1.804495,3.354791,7.605963,2.666991,0,2.666991,13.34752,95.33926,0.2182882,3.410585,0.6899969,5,8.468459
7/20/2007 12:00:00 PM,0.2124819,77.92522,-168.2307,20.99665,0.2112976,0.9483034,2.027266,2.027266,0,0,0,2.027266,46.77746,0,4.440892E-16,0,0.9483034,2.133964,2.027266,0,0,0.6877997,10.00625,0,1.18566,-1.18566,12.09773,86.41217,0.2182882,2.229992,0.7586427,0,10.95456
7/20/2007 1:00:00 PM,0.52135,73.20815,136.0661,24.10061,0.5138105,2.305982,4.119999,4.119999,3.834257,0,1.211752,4.119999,55.97044,4.440892E-16,0,0,2.305982,0.3007815,0.2857424,0,0,2.0052,8.820594,2.0052,0,2.0052,14.00003,100,0.2183423,4.532,1.844785,5,11.12658
7/20/2007 2:00:00 PM,0.2619463,61.09237,117.2121,33.91729,0.260357,1.168482,0,0,0,-1,0,0,0,1.168482,0,0,1.168482,0,0,0,0,0,10.62527,0,0,0,14.00003,100,0.2183423,0,0.9347858,0,11.79376
7/20/2007 3:00:00 PM,0.2414757,47.52565,111.0845,46.34621,0.2398468,1.076432,3.067932,3.067932,0,-1,0,3.067932,35.08657,0,0,0.04472518,1.076432,3.229402,3.067932,0,0,0,10.62527,0,2.15297,-2.15297,11.7306,83.78983,0.2183423,3.374725,0.8611458,0,11.70171
7/20/2007 4:00:00 PM,0.1730426,33.59311,109.0706,59.75457,0.1717884,0.7709862,3.41356,3.33,0,-1,0,3.33,23.15274,0,0.08355957,0.4249155,0.7709862,3.505263,3.33,0,0,2.392189,8.472304,0,2.734277,-2.734277,8.848417,63.20286,0.2183423,3.754915,0.616789,0,9.243291
7/20/2007 5:00:00 PM,0.1035285,19.57827,109.0028,73.57394,0.1025963,0.4604521,0.1626856,0.1626856,0,-1,0,0.1626856,283.0318,0,0,0,0.4604521,0.171248,0.1626856,0,0,5.430274,5.738028,0.2892041,0,0.2892041,9.122781,65.16259,0.2183179,0.1789542,0.3683617,0,6.19848
7/20/2007 6:00:00 PM,0.02950168,5.615835,110.2486,87.55999,0.02893834,0.1298753,1.284817,1.284817,0,-1,0,1.284817,10.10846,0,2.220446E-16,0,0.1298753,1.352439,1.284817,0,0,5.14107,5.998311,0,1.222564,-1.222564,7.834085,55.95764,0.2183179,1.413299,0.1039002,0,6.128186
7/20/2007 7:00:00 PM,0,0,112.7347,90,0,0,3.896677,3.33,0,-1,0,3.33,0,0,0.5666775,0.9563453,0,3.505263,3.33,0,0,6.499475,4.775747,0,3.505263,-3.505263,4.139214,29.56575,0.2183179,4.286345,0,0,4.775747
7/20/2007 8:00:00 PM,0,0,116.7594,90,0,0,1.616284,1.20696,0,-1,0,1.20696,0,0,0.4093243,0.5709527,0,1.270484,1.20696,0,0,10.39421,1.270484,0,1.270484,-1.270484,2.800006,20,0.2183179,1.777913,0,0,1.270484
7/20/2007 9:00:00 PM,0,0,123.0884,90,0,0,0.1828155,0,0,-1,0,0,0,0,0.1828155,0.201097,0,0,0,0,0,11.80586,0,0,0,0,2.800006,20,0.2183179,0.201097,0,0,0
7/20/2007 10:00:00 PM,0,0,133.2847,90,0,0,0.829048,0,0,-1,0,0,0,0,0.829048,0.9119529,0,0,0,0,0,11.80586,0,0,0,0,2.800006,20,0.2183179,0.9119529,0,0,0
7/20/2007 11:00:00 PM,0,0,150.0397,90,0,0,0.1520097,0,0,-1,0,0,0,0,0.1520097,0.1672107,0,0,0,0,0,11.80586,0,0,0,0,2.800006,20,0.2183179,0.1672107,0,0,0
7/21/2007 12:00:00 AM,0,0,175.0247,90,0,0,0.3911219,0,0,-1,0,0,0,0,0.3911219,0.4302341,0,0,0,0,0,11.80586,0,0,0,0,2.800006,20,0.2183179,0.4302341,0,0,0
7/21/2007 1:00:00 AM,0,0,-157.8147,90,0,0,0.3554361,0,0,-1,0,0,0,0,0.3554361,0.3909798,0,0,0,0,0,11.80586,0,0,0,0,2.800006,20,0.2183179,0.3909798,0,0,0
7/21/2007 2:00:00 AM,0,0,-138.037,90,0,0,0.9534594,0,0,-1,0,0,0,0,0.9534594,1.048805,0,0,0,0,0,11.80586,0,0,0,0,2.800006,20,0.2183179,1.048805,0,0,0
7/21/2007 3:00:00 AM,0,0,-125.8987,90,0,0,0.7413536,0,0,-1,0,0,0,0,0.7413536,0.815489,0,0,0,0,0,11.80586,0,0,0,0,2.800006,20,0.2183179,0.815489,0,0,0
7/21/2007 4:00:00 AM,0,0,-118.4601,90,0,0,1.086289,0,0,-1,0,0,0,0,1.086289,1.194918,0,0,0,0,0,11.80586,0,0,0,0,2.800006,20,0.2183179,1.194918,0,0,0
7/21/2007 5:00:00 AM,0,0,-113.7551,90,0,0,1.157215,1.157215,4.662478,0,1.437857,1.157215,0,4.440892E-16,0,0,0,0,0,3.505263,3.33,11.80586,0,3.33,0,3.33,5.959121,42.56506,0.2184369,1.272937,0,5,0
7/21/2007 6:00:00 AM,0.002755638,0.7282657,-110.7846,92.47309,0.002727395,0.01224055,0.1457243,0.1457243,3.650987,0,1.16172,0.1457243,8.399802,0,0,0,0.01224055,0,0,3.505263,3.33,8.475861,2.997,3.342241,0,3.342241,9.129848,65.21307,0.2184362,0.1602967,0.009792439,5,3.009241
7/21/2007 7:00:00 AM,0.03833283,14.66252,-109.1073,78.44709,0.03805538,0.1707926,1.994481,1.994481,5,0,1.53,1.994481,8.563257,0,0,0,0.1707926,0,0,3.005519,2.855243,5.13362,6.005016,3.026036,0,3.026036,12.0006,85.71838,0.2185518,2.193929,0.1366341,5,6.175809
7/21/2007 8:00:00 AM,0.1384735,28.68894,-108.6596,64.52984,0.1374722,0.6169752,1.257132,1.257132,0,0,0,1.257132,49.07798,0,2.220446E-16,0,0.6169752,1.323297,1.257132,0,0,2.107584,8.728449,0,0.706322,-0.706322,11.25607,80.40034,0.2185518,1.382846,0.4935802,0,9.345424
7/21/2007 9:00:00 AM,0.0928489,42.69007,-109.8223,50.91326,0.09233166,0.4143845,9.907331,3.33,0,-1,0,3.33,12.44398,0,6.577332,7.568065,0.4143845,3.505263,3.33,0,0,2.892386,8.022126,0,3.090879,-3.090879,7.997997,57.12844,0.2185518,10.89806,0.3315076,0,8.436511
7/21/2007 10:00:00 AM,0.1670892,56.467,-113.9867,38.00308,0.1661426,0.745648,3.093496,3.093496,5,0,1.53,3.093496,24.10373,0,0,0,0.745648,0,0,1.906504,1.811179,6.326696,4.931248,2.556827,0,2.556827,10.42362,74.45425,0.218642,3.402845,0.5965185,5,5.676896
7/21/2007 11:00:00 AM,0.1640364,69.40026,-126.303,26.90559,0.1631403,0.7321735,6.244345,6.244345,5,0,1.53,6.244345,11.72539,0,0,0,0.7321735,1.309837,1.244345,0,0,3.769869,7.232392,0,0.5776631,-0.5776631,9.814706,70.1049,0.218642,6.868779,0.5857388,5,7.964566
7/21/2007 12:00:00 PM,0.2121191,78.10517,-167.9426,20.81202,0.2109391,0.9466946,0,0,3.505263,0,1.121937,0,0,0,0,0,0.9466946,0,0,3.505263,3.33,4.411717,6.654729,4.276695,0,4.276695,13.87193,99.08505,0.2185455,0,0.7573557,5,7.601424
7/21/2007 1:00:00 PM,0.3510944,73.35004,135.6289,23.93013,0.3487145,1.565031,2.398319,2.398319,0,0,0,2.398319,65.25531,0,0,0,1.565031,2.524547,2.398319,0,0,0.1350223,10.50375,0,0.9595159,-0.9595159,12.86052,91.86064,0.2185455,2.638151,1.252025,0,12.06878
7/21/2007 2:00:00 PM,0.1445415,61.17443,116.858,33.79494,0.1437494,0.6451473,0.9210714,0.9210714,0,-1,0,0.9210714,70.04314,0,1.110223E-16,0,0.6451473,0.9695488,0.9210714,0,0,1.201151,9.544238,0,0.3244015,-0.3244015,12.51857,89.41815,0.2185455,1.013178,0.5161178,0,10.18939
7/21/2007 3:00:00 PM,0.2360233,47.57577,110.8135,46.26005,0.2344654,1.052281,5.195407,3.33,0,-1,0,3.33,31.60002,0,1.865407,2.384948,1.052281,3.505263,3.33,0,0,1.561597,9.219836,0,2.452983,-2.452983,9.932896,70.94912,0.2185455,5.714948,0.8418245,0,10.27212
7/21/2007 4:00:00 PM,0.05125207,33.62174,108.8455,59.69414,0.05097134,0.2287594,2.64196,2.64196,0,-1,0,2.64196,8.658699,0,4.440892E-16,0,0.2287594,2.78101,2.64196,0,0,4.287134,6.766854,0,2.552251,-2.552251,7.242588,51.73266,0.2185455,2.906156,0.1830075,0,6.995614
7/21/2007 5:00:00 PM,0.08943311,19.58926,108.8018,73.53377,0.08870633,0.398114,2.70292,2.70292,0,-1,0,2.70292,14.72903,0,4.440892E-16,0,0.398114,2.84518,2.70292,0,0,7.122968,4.214603,0,2.447066,-2.447066,4.663154,33.30817,0.2185455,2.973212,0.3184912,0,4.612717
7/21/2007 6:00:00 PM,0.09256736,5.610078,110.0582,87.53773,0.04623197,0.2074891,3.269685,1.876275,0,-1,0,1.876275,11.05856,0,1.393409,1.878069,0.2074891,1.975027,1.876275,0,0,9.841929,1.767538,0,1.767538,-1.767538,2.800006,20,0.2185455,3.596653,0.1659913,0,1.975027
7/21/2007 7:00:00 PM,0,0,112.5446,90,0,0,0.04075233,0,0,-1,0,0,0,0,0.04075233,0.04482757,0,0,0,0,0,11.80586,0,0,0,0,2.800006,20,0.2185455,0.04482757,0,0,0
7/21/2007 8:00:00 PM,0,0,116.561,90,0,0,6.413579,0,0,-1,0,0,0,0,6.413579,7.054937,0,0,0,0,0,11.80586,0,0,0,0,2.800006,20,0.2185455,7.054937,0,0,0
7/21/2007 9:00:00 PM,0,0,122.8747,90,0,0,0,0,0,-1,0,0,0,0,0,0,0,0,0,0,0,11.80586,0,0,0,0,2.800006,20,0.2185455,0,0,0,0
7/21/2007 10:00:00 PM,0,0,133.0569,90,0,0,0.08569846,0,0,-1,0,0,0,0,0.08569846,0.0942683,0,0,0,0,0,11.80586,0,0,0,0,2.800006,20,0.2185455,0.0942683,0,0,0
7/21/2007 11:00:00 PM,0,0,149.8344,90,0,0,0.3634087,0,0,-1,0,0,0,0,0.3634087,0.3997495,0,0,0,0,0,11.80586,0,0,0,0,2.800006,20,0.2185455,0.3997495,0,0,0
7/22/2007 12:00:00 AM,0,0,174.9542,90,0,0,0.2004673,0,0,-1,0,0,0,0,0.2004673,0.2205141,0,0,0,0,0,11.80586,0,0,0,0,2.800006,20,0.2185455,0.2205141,0,0,0
7/22/2007 1:00:00 AM,0,0,-157.6973,90,0,0,0.4278408,0,0,-1,0,0,0,0,0.4278408,0.4706249,0,0,0,0,0,11.80586,0,0,0,0,2.800006,20,0.2185455,0.4706249,0,0,0
7/22/2007 2:00:00 AM,0,0,-137.8416,90,0,0,0.2786125,0,0,-1,0,0,0,0,0.2786125,0.3064737,0,0,0,0,0,11.80586,0,0,0,0,2.800006,20,0.2185455,0.3064737,0,0,0
7/22/2007 3:00:00 AM,0,0,-125.6958,90,0,0,0.7817244,0,0,-1,0,0,0,0,0.7817244,0.8598968,0,0,0,0,0,11.80586,0,0,0,0,2.800006,20,0.2185455,0.8598968,0,0,0
7/22/2007 4:00:00 AM,0,0,-118.2655,90,0,0,1.510155,0,0,-1,0,0,0,0,1.510155,1.66117,0,0,0,0,0,11.80586,0,0,0,0,2.800006,20,0.2185455,1.66117,0,0,0
7/22/2007 5:00:00 AM,0,0,-113.5665,90,0,0,0.6586008,0.6586008,4.163864,0,1.301735,0.6586008,0,0,0,0,0,0,0,3.505263,3.33,11.80586,0,3.33,0,3.33,5.959121,42.56506,0.2186054,0.7244609,0,5,0
7/22/2007 6:00:00 AM,0.005403815,0.6797256,-110.5952,92.49326,0.005317254,0.02386384,0.1610116,0.1610116,3.666275,0,1.165893,0.1610116,14.82119,0,0,0,0.02386384,0,0,3.505263,3.33,8.475861,2.997,3.353864,0,3.353864,9.140876,65.29184,0.2186054,0.1771127,0.01909107,5,3.020864
7/22/2007 7:00:00 AM,0.02910552,14.63089,-108.9078,78.44913,0.02891251,0.1297594,1.124133,1.124133,4.629396,0,1.428825,1.124133,11.54306,4.440892E-16,0,0,0.1297594,0,0,3.505263,3.33,5.121996,6.015478,3.459759,0,3.459759,12.42309,88.73619,0.2187082,1.236547,0.1038075,5,6.145237
7/22/2007 8:00:00 AM,0.08120145,28.67464,-108.4373,64.5118,0.08070062,0.3621844,2.340926,2.340926,0,0,0,2.340926,15.47184,0,0,0,0.3621844,2.464133,2.340926,0,0,1.662237,9.129261,0,2.101948,-2.101948,10.20744,72.91016,0.2187082,2.575019,0.2897475,0,9.491446
7/22/2007 9:00:00 AM,0.3151593,42.6961,-109.5564,50.87012,0.3110743,1.396102,2.165708,2.165708,0,-1,0,2.165708,64.46397,0,0,0,1.396102,2.279693,2.165708,0,0,3.997735,7.027312,0,0.8835913,-0.8835913,9.276056,66.25742,0.2187082,2.382279,1.116881,0,8.423414
7/22/2007 10:00:00 AM,0.397899,56.50169,-113.6382,37.92443,0.3932491,1.764902,2.822678,2.822678,0,0,0,2.822678,62.5258,0,4.440892E-16,0,1.764902,2.97124,2.822678,0,0,4.979503,6.143721,0,1.206338,-1.206338,8.004464,57.17463,0.2187082,3.104946,1.411922,0,7.908623
7/22/2007 11:00:00 AM,0.2585901,69.48747,-125.8047,26.7727,0.2570867,1.153805,3.963205,3.963205,5,0,1.53,3.963205,29.11293,0,0,0,1.153805,0,0,1.036795,0.9849551,6.319879,4.937383,2.13876,0,2.13876,10.03347,71.6675,0.2187767,4.359526,0.923044,5,6.091188
7/22/2007 12:00:00 PM,0.3153583,78.29124,-167.6489,20.62114,0.3134511,1.406769,0.7023347,0.7023347,3.622703,0,1.153998,0.7023347,200.2989,0,0,0,1.406769,0,0,2.920369,2.77435,4.181119,6.862267,4.181119,0,4.181119,14.00003,100,0.2187023,0.7725682,1.125415,5,8.269036
7/22/2007 1:00:00 PM,0.2111167,73.49356,135.1635,23.75584,0.2099375,0.9421994,3.637136,3.637136,2.742047,0,0.9135787,3.637136,25.90498,0,0,0,0.9421994,0.9421994,0.8950894,0,0,0,10.62527,0,0,0,14.00003,100,0.2187023,4.00085,0.7537595,5,11.56747
7/22/2007 2:00:00 PM,0.268993,61.25564,116.4886,33.67144,0.2673537,1.199884,2.840514,2.840514,0,-1,0,2.840514,42.24178,0,0,0,1.199884,2.990014,2.840514,0,0,0,10.62527,0,1.790131,-1.790131,12.11306,86.52171,0.2187023,3.124565,0.9599069,0,11.82516
7/22/2007 3:00:00 PM,0.3197498,47.62418,110.5326,46.17411,0.3164738,1.420334,1.600836,1.600836,0,-1,0,1.600836,88.72452,0,0,0,1.420334,1.685091,1.600836,0,0,1.989034,8.835143,0,0.2647565,-0.2647565,11.83399,84.52831,0.2187023,1.76092,1.136267,0,10.25548
7/22/2007 4:00:00 PM,0.1708086,33.64818,108.6128,59.63473,0.1695936,0.7611362,3.091463,3.091463,0,-1,0,3.091463,24.62058,0,0,0.0706091,0.7611362,3.254171,3.091463,0,0,2.283208,8.570387,0,2.493035,-2.493035,9.206097,65.75771,0.2187023,3.400609,0.608909,0,9.331523
7/22/2007 5:00:00 PM,0.05226183,19.59768,108.5945,73.49515,0.05191429,0.2329913,0,0,0,-1,0,0,0,0,0,0,0.2329913,0,0,0,0,5.053247,6.077352,0.2329913,0,0.2329913,9.427132,67.33652,0.2186828,0,0.1863931,0,6.310343
7/22/2007 6:00:00 PM,0.04672995,5.601403,109.8619,87.51746,0.04295993,0.1928042,0.8746426,0.8746426,0,-1,0,0.8746426,22.04377,0,0,0,0.1928042,0.9206764,0.8746426,0,0,4.820256,6.287044,0,0.7278722,-0.7278722,8.659887,61.85621,0.2186828,0.9621068,0.1542433,0,6.479848
7/22/2007 7:00:00 PM,0,0,112.3489,90,0,0,1.5589,1.5589,0,-1,0,1.5589,0,0,2.220446E-16,0,0,1.640947,1.5589,0,0,5.629003,5.559172,0,1.640947,-1.640947,6.930177,49.50116,0.2186828,1.71479,0,0,5.559172
7/22/2007 8:00:00 PM,0,0,116.357,90,0,0,5.588699,3.33,0,-1,0,3.33,0,0,2.258699,2.817569,0,3.505263,3.33,0,0,7.452278,3.918224,0,3.505263,-3.505263,3.235305,23.10928,0.2186828,6.147569,0,0,3.918224
7/22/2007 9:00:00 PM,0,0,122.6553,90,0,0,0,0,0,-1,0,0,0,0,0,0,0,0,0,0,0,11.34701,0.4129612,0,0,0,3.235305,23.10928,0.2186828,0,0,0,0.4129612
7/22/2007 10:00:00 PM,0,0,132.8232,90,0,0,0.3689264,0.3689264,0,-1,0,0.3689264,0,0,5.551115E-17,0.01350585,0,0.3883436,0.3689264,0,0,11.34701,0.4129612,0,0.3883436,-0.3883436,2.825955,20.18535,0.2186828,0.405819,0,0,0.4129612
7/22/2007 11:00:00 PM,0,0,149.6248,90,0,0,1.343597,0.02338679,0,-1,0,0.02338679,0,0,1.32021,1.45457,0,0.02461768,0.02338679,0,0,11.77851,0.02461768,0,0.02461768,-0.02461768,2.800006,20,0.2186828,1.477956,0,0,0.02461768
7/23/2007 12:00:00 AM,0,0,174.8859,90,0,0,0.9311023,0,0,-1,0,0,0,0,0.9311023,1.024213,0,0,0,0,0,11.80586,0,0,0,0,2.800006,20,0.2186828,1.024213,0,0,0
7/23/2007 1:00:00 AM,0,0,-157.5704,90,0,0,0.745851,0,0,-1,0,0,0,0,0.745851,0.8204361,0,0,0,0,0,11.80586,0,0,0,0,2.800006,20,0.2186828,0.8204361,0,0,0
7/23/2007 2:00:00 AM,0,0,-137.6358,90,0,0,0.02121416,0,0,-1,0,0,0,0,0.02121416,0.02333558,0,0,0,0,0,11.80586,0,0,0,0,2.800006,20,0.2186828,0.02333558,0,0,0
7/23/2007 3:00:00 AM,0,0,-125.4842,90,0,0,0,0,0,-1,0,0,0,0,0,0,0,0,0,0,0,11.80586,0,0,0,0,2.800006,20,0.2186828,0,0,0,0
7/23/2007 4:00:00 AM,0,0,-118.0634,90,0,0,0.3441568,0,0,-1,0,0,0,0,0.3441568,0.3785725,0,0,0,0,0,11.80586,0,0,0,0,2.800006,20,0.2186828,0.3785725,0,0,0
7/23/2007 5:00:00 AM,0,0,-113.3712,90,0,0,0.9852877,0.9852877,4.490551,0,1.39092,0.9852877,0,0,0,0,0,0,0,3.505263,3.33,11.80586,0,3.33,0,3.33,5.959121,42.56506,0.21878,1.083816,0,5,0
7/23/2007 6:00:00 AM,0.02646262,0.6322858,-110.3995,92.51138,0.01069481,0.04799829,0.6433102,0.6433102,4.148573,0,1.297561,0.6433102,7.461142,0,0,0,0.04799829,0,0,3.505263,3.33,8.475861,2.997,3.377998,0,3.377998,9.163772,65.45538,0.2188333,0.7076413,0.03839863,5,3.044998
7/23/2007 7:00:00 AM,0.2224701,14.60073,-108.7021,78.44874,0.1840813,0.826157,6.2721,6.2721,5,0,1.53,6.2721,13.17194,0,0,0,0.826157,1.339052,1.2721,0,0,5.097862,6.037199,0,0.5128955,-0.5128955,8.623132,61.59368,0.2188333,6.89931,0.6609256,5,6.863356
7/23/2007 8:00:00 AM,0.520073,28.66217,-108.2082,64.49091,0.4702022,2.110267,0.8489399,0.8489399,4.354203,0,1.353697,0.8489399,248.5768,0,0,0,2.110267,0,0,3.505263,3.33,5.667746,5.524303,5.440268,0,5.440268,13.78422,98.45854,0.2187388,0.9338338,1.688214,5,7.63457
7/23/2007 9:00:00 AM,0.7557968,42.7043,-109.2826,50.82365,0.707225,3.174026,0,0,0,-1,0,0,0,2.946548,0,0,3.174026,0,0,0,0,0.2274785,10.42054,0.2274785,0,0.2274785,14.00003,100,0.2187199,0,2.539221,0,13.59457
7/23/2007 10:00:00 AM,0.9320921,56.53899,-113.2795,37.84175,0.8856236,3.974679,1.738191,1.738191,0,0,0,1.738191,228.6675,2.145004,0,0,3.974679,1.829675,1.738191,0,0,0,10.62527,0,0,0,14.00003,100,0.2187199,1.912011,3.179743,0,14.59995
7/23/2007 11:00:00 AM,0.9163539,69.57817,-125.2904,26.63464,0.8780451,3.940666,2.595308,2.595308,0,0,0,2.595308,151.8381,1.208763,0,0,3.940666,2.731903,2.595308,0,0,0,10.62527,0,0,0,14.00003,100,0.2187199,2.854839,3.152533,0,14.56594
7/23/2007 12:00:00 PM,0.8445895,78.48338,-167.3493,20.42406,0.8147053,3.656398,3.252331,3.252331,1.25,0,0.50625,3.252331,112.4239,1.548681,0,0,3.656398,2.107717,2.002331,0,0,0,10.62527,0,0,0,14.00003,100,0.2187199,3.577564,2.925118,5,14.28167
7/23/2007 1:00:00 PM,0.4811866,73.63845,134.6691,23.57788,0.4756238,2.1346,3.560146,3.560146,1.532276,0,0.5833114,3.560146,59.95821,0,0,0,2.1346,2.1346,2.02787,0,0,0,10.62527,0,0,0,14.00003,100,0.2187199,3.916161,1.70768,5,12.75987
7/23/2007 2:00:00 PM,0.85716,61.33581,116.104,33.54694,0.8181869,3.672023,3.216213,3.216213,0,-1,0,3.216213,114.1723,0.2865355,0,0.2078343,3.672023,3.385487,3.216213,0,0,0,10.62527,0,0,0,14.00003,100,0.2187199,3.537834,2.937618,0,14.2973
7/23/2007 3:00:00 PM,0.7092168,47.67076,110.2418,46.08852,0.6697257,3.005729,2.843485,2.843485,0,-1,0,2.843485,105.7058,0.0125867,0,0,3.005729,2.993142,2.843485,0,0,0,10.62527,0,0,0,14.00003,100,0.2187199,3.127834,2.404583,0,13.631
7/23/2007 4:00:00 PM,0.469036,33.67234,108.3726,59.57642,0.4368174,1.960437,7.038625,3.33,0,-1,0,3.33,58.87197,0,3.708626,4.412488,1.960437,3.505263,3.33,0,0,0,10.62527,0,1.544827,-1.544827,12.37164,88.36867,0.2187199,7.742488,1.568349,0,12.58571
7/23/2007 5:00:00 PM,0.3256876,19.60347,108.3808,73.45818,0.2806431,1.259526,0,0,0,-1,0,0,0,0,0,0,1.259526,0,0,0,0,1.716474,9.080447,1.259526,0,1.259526,13.56653,96.90359,0.2186152,0,1.007621,0,10.33997
7/23/2007 6:00:00 PM,0.08099874,5.589761,109.6599,87.49924,0.04723893,0.2120083,13.11298,3.33,0,-1,0,3.33,6.366616,0,9.78298,11.09428,0.2120083,3.505263,3.33,0,0,0.4569477,10.21402,0,3.293255,-3.293255,10.09513,72.10796,0.2186152,14.42428,0.1696066,0,10.42603
7/23/2007 7:00:00 PM,0,0,112.1477,90,0,0,5.660532,3.33,0,-1,0,3.33,0,0,2.330532,2.896585,0,3.505263,3.33,0,0,4.11612,6.920766,0,3.505263,-3.505263,6.400262,45.71607,0.2186152,6.226585,0,0,6.920766
7/23/2007 8:00:00 PM,0,0,116.1475,90,0,0,6.079704,3.244728,0,-1,0,3.244728,0,0,2.834976,3.442946,0,3.415503,3.244728,0,0,8.010857,3.415503,0,3.415503,-3.415503,2.800006,20,0.2186152,6.687675,0,0,3.415503
7/23/2007 9:00:00 PM,0,0,122.43,90,0,0,4.678842,0,0,-1,0,0,0,0,4.678842,5.146726,0,0,0,0,0,11.80586,0,0,0,0,2.800006,20,0.2186152,5.146726,0,0,0
7/23/2007 10:00:00 PM,0,0,132.5837,90,0,0,0.5719517,0,0,-1,0,0,0,0,0.5719517,0.6291469,0,0,0,0,0,11.80586,0,0,0,0,2.800006,20,0.2186152,0.6291469,0,0,0
7/23/2007 11:00:00 PM,0,0,149.411,90,0,0,0.289469,0,0,-1,0,0,0,0,0.289469,0.3184159,0,0,0,0,0,11.80586,0,0,0,0,2.800006,20,0.2186152,0.3184159,0,0,0
7/24/2007 12:00:00 AM,0,0,174.8201,90,0,0,0.9295697,0,0,-1,0,0,0,0,0.9295697,1.022527,0,0,0,0,0,11.80586,0,0,0,0,2.800006,20,0.2186152,1.022527,0,0,0
7/24/2007 1:00:00 AM,0,0,-157.4336,90,0,0,0.4873844,0,0,-1,0,0,0,0,0.4873844,0.5361229,0,0,0,0,0,11.80586,0,0,0,0,2.800006,20,0.2186152,0.5361229,0,0,0
7/24/2007 2:00:00 AM,0,0,-137.4197,90,0,0,0,0,0,-1,0,0,0,0,0,0,0,0,0,0,0,11.80586,0,0,0,0,2.800006,20,0.2186152,0,0,0,0
7/24/2007 3:00:00 AM,0,0,-125.2638,90,0,0,0.5096741,0,0,-1,0,0,0,0,0.5096741,0.5606416,0,0,0,0,0,11.80586,0,0,0,0,2.800006,20,0.2186152,0.5606416,0,0,0
7/24/2007 4:00:00 AM,0,0,-117.8538,90,0,0,0.603802,0,0,-1,0,0,0,0,0.603802,0.6641822,0,0,0,0,0,11.80586,0,0,0,0,2.800006,20,0.2186152,0.6641822,0,0,0
7/24/2007 5:00:00 AM,0,0,-113.1693,90,0,0,0,0,0,0,0,0,0,0,0,0,0,0,0,0,0,11.80586,0,0,0,0,2.800006,20,0.2186152,0,0,0,0
7/24/2007 6:00:00 AM,0.02818372,0.5860055,-110.1975,92.52739,0.008454089,0.03794195,1.736255,1.736255,5,0,1.53,1.736255,2.185275,0,0,0,0.03794195,0,0,3.263745,3.100558,11.80586,0,3.138499,0,3.138499,5.777448,41.2674,0.2187347,1.909881,0.03035356,5,0.03794195
7/24/2007 7:00:00 AM,0.164929,14.5721,-108.49,78.44587,0.1497137,0.6719152,4.126512,4.126512,5,0,1.53,4.126512,16.28289,0,0,0,0.6719152,0,0,0.8734885,0.8298141,8.66736,2.82465,1.501729,0,1.501729,7.202113,51.44357,0.218784,4.539163,0.5375322,5,3.496565
7/24/2007 8:00:00 AM,0.4294939,28.65154,-107.9724,64.46717,0.3925205,1.761632,8.986351,8.33,5,0,1.53,8.33,21.14804,0,0.6563514,1.554987,1.761632,3.505263,3.33,0,0,7.165631,4.176206,0,1.743631,-1.743631,5.364165,38.31538,0.218784,9.884987,1.409306,5,5.937838
7/24/2007 9:00:00 AM,0.7267066,42.71467,-109.0009,50.77386,0.6807678,3.055286,3.58801,3.33,0,-1,0,3.33,91.75032,0,0.2580104,1.055361,3.055286,3.505263,3.33,0,0,9.102999,2.432575,0,0.4499775,-0.4499775,4.889847,34.92741,0.218784,3.946811,2.444229,0,5.487861
7/24/2007 10:00:00 AM,0.9298174,56.57886,-112.9105,37.75509,0.8840759,3.967733,1.702323,1.702323,0,0,0,1.702323,233.0776,0,0,0,3.967733,1.791919,1.702323,0,0,9.602974,1.982597,2.175814,0,2.175814,6.954005,49.67137,0.2186037,1.872555,3.174186,0,5.95033
7/24/2007 11:00:00 AM,0.9344317,69.67224,-124.7601,26.49146,0.8955703,4.01932,3.758976,3.758976,5,0,1.53,3.758976,106.9259,0,0,0,4.01932,0,0,1.241024,1.178973,7.42716,3.94083,5.198292,0,5.198292,11.88554,84.89654,0.2186041,4.134874,3.215456,5,7.96015
7/24/2007 12:00:00 PM,0.9793726,78.68154,-167.0432,20.22082,0.940922,4.222858,0.3131602,0.3131602,0,0,0,0.3131602,1348.466,1.664348,0,0,4.222858,0.3296423,0.3131602,0,0,2.228868,8.619293,2.228868,0,2.228868,14.00003,100,0.21842,0.3444762,3.378286,0,12.84215
7/24/2007 1:00:00 PM,1.062486,73.78448,134.1449,23.39639,1.018872,4.572696,4.652439,4.652439,1.322438,0,0.5260257,4.652439,98.28601,1.067433,0,0,4.572696,3.505263,3.33,0,0,0,10.62527,0,0,0,14.00003,100,0.21842,5.117682,3.658157,5,15.19797
7/24/2007 2:00:00 PM,0.843188,61.41475,115.704,33.42159,0.8057314,3.616122,3.221363,3.221363,0,-1,0,3.221363,112.2544,0.225214,0,0.2134991,3.616122,3.390908,3.221363,0,0,0,10.62527,0,0,0,14.00003,100,0.21842,3.543499,2.892898,0,14.2414
7/24/2007 3:00:00 PM,0.5759014,47.71537,109.9411,46.00341,0.5515242,2.475241,2.868394,2.868394,0,-1,0,2.868394,86.2936,0,0,0,2.475241,3.019362,2.868394,0,0,0,10.62527,0,0.5441216,-0.5441216,13.42647,95.90319,0.21842,3.155233,1.980193,0,13.10051
7/24/2007 4:00:00 PM,0.5048738,33.69411,108.125,59.51934,0.4674631,2.097975,1.570453,1.570453,0,-1,0,1.570453,133.5904,0,0,0,2.097975,1.653108,1.570453,0,0,0.6045795,10.08115,0.4448662,0,0.4448662,13.84851,98.91773,0.2183833,1.727498,1.67838,0,12.17913
7/24/2007 5:00:00 PM,0.292437,19.60654,108.1609,73.4229,0.256285,1.150207,6.153979,3.33,0,-1,0,3.33,34.54076,0,2.823979,3.439377,1.150207,3.505263,3.33,0,0,0.1597133,10.48153,0,2.355056,-2.355056,11.36606,81.186,0.2183833,6.769377,0.9201658,0,11.63174
7/24/2007 6:00:00 PM,0.05654004,5.575103,109.4522,87.48313,0.04743154,0.2128727,11.70105,3.33,0,-1,0,3.33,6.392574,0,8.371047,9.541152,0.2128727,3.505263,3.33,0,0,2.776442,8.126476,0,3.29239,-3.29239,7.895579,56.39688,0.2183833,12.87115,0.1702982,0,8.339349
7/24/2007 7:00:00 PM,0,0,111.9411,90,0,0,0,0,0,-1,0,0,0,0,0,0,0,0,0,0,0,6.434654,4.834086,0,0,0,7.895579,56.39688,0.2183833,0,0,0,4.834086
7/24/2007 8:00:00 PM,0,0,115.9324,90,0,0,1.115481,1.115481,0,-1,0,1.115481,0,0,0,0,0,1.174191,1.115481,0,0,6.434654,4.834086,0,1.174191,-1.174191,6.657874,47.55614,0.2183833,1.22703,0,0,4.834086
7/24/2007 9:00:00 PM,0,0,122.1991,90,0,0,1.710858,1.710858,0,-1,0,1.710858,0,0,0,0,0,1.800903,1.710858,0,0,7.73931,3.659895,0,1.800903,-1.800903,4.759555,33.99675,0.2183833,1.881944,0,0,3.659895
7/24/2007 10:00:00 PM,0,0,132.3385,90,0,0,0.7052698,0.7052698,0,-1,0,0.7052698,0,0,1.110223E-16,0,0,0.7423893,0.7052698,0,0,9.740314,1.858992,0,0.7423893,-0.7423893,3.977008,28.40714,0.2183833,0.7757968,0,0,1.858992
7/24/2007 11:00:00 PM,0,0,149.1929,90,0,0,0.8802167,0.8802167,0,-1,0,0.8802167,0,0,0,0,0,0.9265438,0.8802167,0,0,10.56519,1.116602,0,0.9265438,-0.9265438,3.000345,21.43099,0.2183833,0.9682383,0,0,1.116602
7/25/2007 12:00:00 AM,0,0,174.7568,90,0,0,0.3065112,0.1805557,0,-1,0,0.1805557,0,0,0.1259555,0.1566066,0,0.1900586,0.1805557,0,0,11.59468,0.1900586,0,0.1900586,-0.1900586,2.800006,20,0.2183833,0.3371623,0,0,0.1900586
7/25/2007 1:00:00 AM,0,0,-157.2868,90,0,0,0.07972234,0,0,-1,0,0,0,0,0.07972234,0.08769459,0,0,0,0,0,11.80586,0,0,0,0,2.800006,20,0.2183833,0.08769459,0,0,0
7/25/2007 2:00:00 AM,0,0,-137.193,90,0,0,0.4607243,0,0,-1,0,0,0,0,0.4607243,0.5067967,0,0,0,0,0,11.80586,0,0,0,0,2.800006,20,0.2183833,0.5067967,0,0,0
7/25/2007 3:00:00 AM,0,0,-125.0346,90,0,0,0.5045602,0,0,-1,0,0,0,0,0.5045602,0.5550163,0,0,0,0,0,11.80586,0,0,0,0,2.800006,20,0.2183833,0.5550163,0,0,0
7/25/2007 4:00:00 AM,0,0,-117.6369,90,0,0,0.4456385,0,0,-1,0,0,0,0,0.4456385,0.4902024,0,0,0,0,0,11.80586,0,0,0,0,2.800006,20,0.2183833,0.4902024,0,0,0
7/25/2007 5:00:00 AM,0,0,-112.9608,90,0,0,0.6340362,0.6340362,4.139299,0,1.295029,0.6340362,0,0,0,0,0,0,0,3.505263,3.33,11.80586,0,3.33,0,3.33,5.959121,42.56506,0.2184396,0.6974398,0,5,0
7/25/2007 6:00:00 AM,0.01493712,0.5409419,-109.9893,92.54123,0.01358925,0.06098853,0,0,3.505263,0,1.121937,0,0,0,0,0,0.06098853,0,0,3.505263,3.33,8.475861,2.997,3.390989,0,3.390989,9.176095,65.5434,0.2184183,0,0.04879083,5,3.057989
7/25/2007 7:00:00 AM,0.2097517,14.54503,-108.2717,78.4405,0.1768335,0.7936288,3.299599,3.299599,5,0,1.53,3.299599,24.05227,0,0,0,0.7936288,0,0,1.700401,1.615381,5.084872,6.04889,2.409009,0,2.409009,11.46148,81.86756,0.2185005,3.62956,0.634903,5,6.842518
7/25/2007 8:00:00 AM,0.2394014,28.64277,-107.7299,64.44057,0.2343988,1.051982,3.345733,3.345733,4.888419,0,1.499539,3.345733,31.4425,0,0,0,1.051982,0,0,1.542687,1.465552,2.675863,8.216998,2.517534,0,2.517534,13.84982,98.92712,0.2185836,3.680306,0.8415855,5,9.26898
7/25/2007 9:00:00 AM,0.3675413,42.7272,-108.7115,50.72078,0.3605523,1.618159,3.31576,3.31576,0,-1,0,3.31576,48.80204,0,4.440892E-16,0.3173359,1.618159,3.490273,3.31576,0,0,0.1583284,10.48278,0,1.872115,-1.872115,11.87644,84.83156,0.2185836,3.647336,1.294527,0,12.10094
7/25/2007 10:00:00 AM,0.4371758,56.62125,-112.5312,37.66449,0.4309462,1.934086,2.353925,2.353925,0,0,0,2.353925,82.16431,0,0,0,1.934086,2.477816,2.353925,0,0,2.238456,8.610663,0,0.5437298,-0.5437298,11.3033,80.7377,0.2185836,2.589318,1.547269,0,10.54475
7/25/2007 11:00:00 AM,0.6170368,69.76958,-124.2134,26.34322,0.6033965,2.708044,0.6356353,0.6356353,0,0,0,0.6356353,426.0373,0,0,0,2.708044,0.6690899,0.6356353,0,0,2.8426,8.066934,2.038954,0,2.038954,13.23762,94.55425,0.2184161,0.6991989,2.166435,0,10.77498
7/25/2007 12:00:00 PM,0.9847148,78.88567,-166.7301,20.01148,0.9465472,4.248104,2.078279,2.078279,0,0,0,2.078279,204.4048,1.256795,0,0,4.248104,2.187663,2.078279,0,0,0.8036465,9.901992,0.8036465,0,0.8036465,14.00003,100,0.2183502,2.286107,3.398483,0,14.1501
7/25/2007 1:00:00 PM,0.9023983,73.93135,133.5899,23.21151,0.8677112,3.894288,4.945527,4.945527,1.615527,0,0.6060387,4.945527,78.74364,0.3890247,0,0,3.894288,3.505263,3.33,0,0,0,10.62527,0,0,0,14.00003,100,0.2183502,5.440079,3.11543,5,14.51956
7/25/2007 2:00:00 PM,0.4441069,61.49227,115.2888,33.29556,0.4385654,1.968281,6.968068,3.33,0,-1,0,3.33,59.10755,0,3.638068,4.334875,1.968281,3.505263,3.33,0,0,0,10.62527,0,1.536982,-1.536982,12.37991,88.42773,0.2183502,7.664875,1.574625,0,12.59356
7/25/2007 3:00:00 PM,0.3769488,47.75788,109.6308,45.91891,0.3713604,1.666666,2.237725,2.237725,0,-1,0,2.237725,74.48037,0,0,0,1.666666,2.3555,2.237725,0,0,1.707757,9.088292,0,0.688834,-0.688834,11.65381,83.24135,0.2183502,2.461497,1.333332,0,10.75496
7/25/2007 4:00:00 PM,0.3217865,33.71341,107.87,59.46357,0.3127173,1.403476,1.662991,1.662991,0,-1,0,1.662991,84.39465,0,2.220446E-16,0,1.403476,1.750517,1.662991,0,0,2.473129,8.399459,0,0.3470414,-0.3470414,11.288,80.6284,0.2183502,1.82929,1.12278,0,9.802934
7/25/2007 5:00:00 PM,0.2863702,19.60685,107.9347,73.38943,0.2523495,1.132545,2.069122,2.069122,0,-1,0,2.069122,54.73552,0,0,0,1.132545,2.178023,2.069122,0,0,2.85873,8.052417,0,1.045478,-1.045478,10.18597,72.75677,0.2183502,2.276034,0.9060356,0,9.184961
7/25/2007 6:00:00 PM,0.0507522,5.557385,109.2389,87.46918,0.04516249,0.2026892,0,0,0,-1,0,0,0,0,0,0,0.2026892,0,0,0,0,4.020372,7.006939,0.2026892,0,0.2026892,10.37826,74.13025,0.2183335,0,0.1621514,0,7.209628
7/25/2007 7:00:00 PM,0,0,111.7291,90,0,0,4.986194,3.33,0,-1,0,3.33,0,0,1.656193,2.154813,0,3.505263,3.33,0,0,3.817683,7.189359,0,3.505263,-3.505263,6.683384,47.73836,0.2183335,5.484813,0,0,7.189359
7/25/2007 8:00:00 PM,0,0,115.7119,90,0,0,4.611409,3.33,0,-1,0,3.33,0,0,1.281409,1.742549,0,3.505263,3.33,0,0,7.71242,3.684096,0,3.505263,-3.505263,2.988512,21.34647,0.2183335,5.072549,0,0,3.684096
7/25/2007 9:00:00 PM,0,0,121.9624,90,0,0,4.311494,0.1698913,0,-1,0,0.1698913,0,0,4.141603,4.572752,0,0.1788329,0.1698913,0,0,11.60716,0.1788329,0,0.1788329,-0.1788329,2.800006,20,0.2183335,4.742643,0,0,0.1788329
7/25/2007 10:00:00 PM,0,0,132.0874,90,0,0,0.1771615,0,0,-1,0,0,0,0,0.1771615,0.1948776,0,0,0,0,0,11.80586,0,0,0,0,2.800006,20,0.2183335,0.1948776,0,0,0
7/25/2007 11:00:00 PM,0,0,148.9704,90,0,0,1.672557,0,0,-1,0,0,0,0,1.672557,1.839812,0,0,0,0,0,11.80586,0,0,0,0,2.800006,20,0.2183335,1.839812,0,0,0
7/26/2007 12:00:00 AM,0,0,174.6961,90,0,0,0.01518576,0,0,-1,0,0,0,0,0.01518576,0.01670434,0,0,0,0,0,11.80586,0,0,0,0,2.800006,20,0.2183335,0.01670434,0,0,0
7/26/2007 1:00:00 AM,0,0,-157.1297,90,0,0,0.2464787,0,0,-1,0,0,0,0,0.2464787,0.2711266,0,0,0,0,0,11.80586,0,0,0,0,2.800006,20,0.2183335,0.2711266,0,0,0
7/26/2007 2:00:00 AM,0,0,-136.9556,90,0,0,0.3652775,0,0,-1,0,0,0,0,0.3652775,0.4018053,0,0,0,0,0,11.80586,0,0,0,0,2.800006,20,0.2183335,0.4018053,0,0,0
7/26/2007 3:00:00 AM,0,0,-124.7966,90,0,0,0.4242474,0,0,-1,0,0,0,0,0.4242474,0.4666722,0,0,0,0,0,11.80586,0,0,0,0,2.800006,20,0.2183335,0.4666722,0,0,0
7/26/2007 4:00:00 AM,0,0,-117.4126,90,0,0,0.9434516,0,0,-1,0,0,0,0,0.9434516,1.037797,0,0,0,0,0,11.80586,0,0,0,0,2.800006,20,0.2183335,1.037797,0,0,0
7/26/2007 5:00:00 AM,0,0,-112.7458,90,0,0,0.4720288,0.4720288,3.977292,0,1.250801,0.4720288,0,0,0,0,0,0,0,3.505263,3.33,11.80586,0,3.33,0,3.33,5.959121,42.56506,0.2183711,0.5192317,0,5,0
7/26/2007 6:00:00 AM,0.01570347,0.4971505,-109.7749,92.55286,0.01389988,0.06238265,0.7050225,0.7050225,4.210286,0,1.314408,0.7050225,8.84832,0,0,0,0.06238265,0,0,3.505263,3.33,8.475861,2.997,3.392383,0,3.392383,9.177418,65.55286,0.21843,0.7755248,0.04990612,5,3.059383
7/26/2007 7:00:00 AM,0.1484951,14.51955,-108.0472,78.43259,0.1385554,0.6218367,4.695827,4.695827,5,0,1.53,4.695827,13.24233,0,0,0,0.6218367,0,0,0.3041734,0.2889647,5.083477,6.050144,0.9108014,0,0.9108014,10.04148,71.72472,0.2184572,5.165409,0.4974693,5,6.671981
7/26/2007 8:00:00 AM,0.3542827,28.63587,-107.4807,64.41109,0.3326117,1.492761,2.704744,2.704744,5,0,1.53,2.704744,55.19048,0,0,0,1.492761,0,0,2.295256,2.180493,4.172676,6.869866,3.673254,0,3.673254,13.52623,96.61577,0.2185783,2.975219,1.194209,5,8.362627
7/26/2007 9:00:00 AM,0.4444588,42.74184,-108.4143,50.66441,0.4305927,1.9325,0.2319856,0.2319856,0,-1,0,0.2319856,833.0259,1.188883,0,0,1.9325,0.2441954,0.2319856,0,0,0.4994219,10.17579,0.4994219,0,0.4994219,14.00003,100,0.2185375,0.2551841,1.546,0,12.10829
7/26/2007 10:00:00 AM,0.4647206,56.66608,-112.1418,37.57,0.4570882,2.051412,0,0,0,0,0,0,0,2.051412,0,0,2.051412,0,0,0,0,0,10.62527,0,0,0,14.00003,100,0.2185375,0,1.64113,0,12.67669
7/26/2007 11:00:00 AM,0.5208566,69.87006,-123.65,26.18999,0.5132943,2.303665,0.3282464,0.3282464,0,0,0,0.3282464,701.8096,1.958142,0,0,2.303665,0.3455226,0.3282464,0,0,0,10.62527,0,0,0,14.00003,100,0.2185375,0.3610711,1.842932,0,12.92894
7/26/2007 12:00:00 PM,0.6047238,79.09572,-166.4094,19.79608,0.5939698,2.665737,4.499681,4.499681,1.967231,0,0.7020542,4.499681,59.24279,0,0,0,2.665737,2.665737,2.53245,0,0,0,10.62527,0,0,0,14.00003,100,0.2185375,4.949649,2.132589,5,13.29101
7/26/2007 1:00:00 PM,0.6444209,74.0788,133.0033,23.0234,0.6301599,2.828158,0,0,0,0,0,0,0,2.828158,0,0,2.828158,0,0,0,0,0,10.62527,0,0,0,14.00003,100,0.2185375,0,2.262526,0,13.45343
7/26/2007 2:00:00 PM,0.5329494,61.56817,114.8583,33.16901,0.5226551,2.345676,1.426728,1.426728,0,-1,0,1.426728,164.4094,0.8438567,0,0,2.345676,1.501819,1.426728,0,0,0,10.62527,0,0,0,14.00003,100,0.2185375,1.569401,1.876541,0,12.97095
7/26/2007 3:00:00 PM,0.1234102,47.79817,109.3108,45.83516,0.1227206,0.5507699,0.3731345,0.3731345,0,-1,0,0.3731345,147.6062,0.1579967,0,0,0.5507699,0.3927732,0.3731345,0,0,0,10.62527,0,0,0,14.00003,100,0.2185375,0.410448,0.4406159,0,11.17604
7/26/2007 4:00:00 PM,0.284031,33.73014,107.6077,59.40921,0.2785308,1.250046,2.554135,2.554135,0,-1,0,2.554135,48.94206,0,0,0,1.250046,2.688563,2.554135,0,0,0,10.62527,0,1.438517,-1.438517,12.4837,89.16909,0.2185375,2.809549,1.000037,0,11.87532
7/26/2007 5:00:00 PM,0.08600657,19.60432,107.7025,73.3578,0.08533493,0.3829832,0,0,0,-1,0,0,0,0,0,0,0.3829832,0,0,0,0,1.598352,9.186757,0.3829832,0,0.3829832,12.84703,91.7643,0.2185062,0,0.3063865,0,9.56974
7/26/2007 6:00:00 PM,0.07723565,5.536562,109.0201,87.45744,0.04796809,0.2152808,2.121258,2.121258,0,-1,0,2.121258,10.14873,0,0,0,0.2152808,2.232904,2.121258,0,0,1.215369,9.531443,0,2.017623,-2.017623,10.72027,76.57318,0.2185062,2.333384,0.1722246,0,9.746723
7/26/2007 7:00:00 PM,0,0,111.5117,90,0,0,1.903531,1.903531,0,-1,0,1.903531,0,0,0,0,0,2.003717,1.903531,0,0,3.457172,7.513819,0,2.003717,-2.003717,8.608164,61.48676,0.2185062,2.093884,0,0,7.513819
7/26/2007 8:00:00 PM,0,0,115.4861,90,0,0,10.20278,3.33,0,-1,0,3.33,0,0,6.872778,7.893056,0,3.505263,3.33,0,0,5.683524,5.510102,0,3.505263,-3.505263,4.913291,35.09487,0.2185062,11.22306,0,0,5.510102
7/26/2007 9:00:00 PM,0,0,121.7201,90,0,0,1.580887,1.580887,0,-1,0,1.580887,0,0,2.220446E-16,0,0,1.664092,1.580887,0,0,9.578261,2.004839,0,1.664092,-1.664092,3.159185,22.56556,0.2185062,1.738976,0,0,2.004839
7/26/2007 10:00:00 PM,0,0,131.8305,90,0,0,0.3038447,0.3038447,0,-1,0,0.3038447,0,0,0,0.01051935,0,0.3198365,0.3038447,0,0,11.42725,0.3407471,0,0.3198365,-0.3198365,2.822047,20.15744,0.2185062,0.3342291,0,0,0.3407471
7/26/2007 11:00:00 PM,0,0,148.7436,90,0,0,0.4129638,0.01986512,0,-1,0,0.01986512,0,0,0.3930987,0.4343951,0,0.02091065,0.01986512,0,0,11.78263,0.02091065,0,0.02091065,-0.02091065,2.800006,20,0.2185062,0.4542602,0,0,0.02091065
7/27/2007 12:00:00 AM,0,0,174.6383,90,0,0,1.335537,0,0,-1,0,0,0,0,1.335537,1.469091,0,0,0,0,0,11.80586,0,0,0,0,2.800006,20,0.2185062,1.469091,0,0,0
7/27/2007 1:00:00 AM,0,0,-156.9619,90,0,0,1.389637,0,0,-1,0,0,0,0,1.389637,1.528601,0,0,0,0,0,11.80586,0,0,0,0,2.800006,20,0.2185062,1.528601,0,0,0
7/27/2007 2:00:00 AM,0,0,-136.7075,90,0,0,1.207264,0,0,-1,0,0,0,0,1.207264,1.32799,0,0,0,0,0,11.80586,0,0,0,0,2.800006,20,0.2185062,1.32799,0,0,0
7/27/2007 3:00:00 AM,0,0,-124.5498,90,0,0,0.8268167,0,0,-1,0,0,0,0,0.8268167,0.9094983,0,0,0,0,0,11.80586,0,0,0,0,2.800006,20,0.2185062,0.9094983,0,0,0
7/27/2007 4:00:00 AM,0,0,-117.1809,90,0,0,0.9403188,0,0,-1,0,0,0,0,0.9403188,1.034351,0,0,0,0,0,11.80586,0,0,0,0,2.800006,20,0.2185062,1.034351,0,0,0
7/27/2007 5:00:00 AM,0,0,-112.5243,90,0,0,0,0,0,0,0,0,0,0,0,0,0,0,0,0,0,11.80586,0,0,0,0,2.800006,20,0.2185062,0,0,0,0
7/27/2007 6:00:00 AM,0.006988447,0.4546851,-109.5544,92.56224,0.00684455,0.03071834,0.06949201,0.06949201,3.574755,0,1.140908,0.06949201,44.20413,0,0,0,0.03071834,0,0,3.505263,3.33,11.80586,0,3.360718,0,3.360718,5.988263,42.77322,0.2184953,0.07644121,0.02457467,5,0.03071834
7/27/2007 7:00:00 AM,0.0569897,14.49569,-107.8166,78.42214,0.05651224,0.2536269,1.987477,1.987477,5,0,1.53,1.987477,12.76125,0,0,0,0.2536269,0,0,3.012523,2.861897,8.445142,3.024647,3.115524,0,3.115524,8.943908,63.88493,0.2186095,2.186225,0.2029015,5,3.278273
7/27/2007 8:00:00 AM,0.1605115,28.63084,-107.2249,64.37876,0.1592234,0.7145947,1.936667,1.936667,4.652127,0,1.435031,1.936667,36.89818,0,0,0,0.7145947,0,0,2.71546,2.579687,5.329618,5.828618,3.294282,0,3.294282,12.06914,86.20795,0.2187248,2.130333,0.5716758,5,6.543212
7/27/2007 9:00:00 AM,0.2815361,42.7586,-108.1094,50.60479,0.2788498,1.251478,5.88897,3.33,0,-1,0,3.33,37.58192,0,2.55897,3.147867,1.251478,3.505263,3.33,0,0,2.035337,8.793471,0,2.253785,-2.253785,9.693439,69.23872,0.2187248,6.477867,1.001182,0,10.04495
7/27/2007 10:00:00 AM,0.330061,56.71329,-111.7421,37.47167,0.3275092,1.469861,3.145775,3.145775,5,0,1.53,3.145775,46.72494,0,0,0,1.469861,0,0,1.854225,1.761514,4.539543,6.539686,3.231375,0,3.231375,12.75899,91.13548,0.2188287,3.460352,1.175889,5,8.009547
7/27/2007 11:00:00 AM,0.4602555,69.97354,-123.0696,26.03184,0.4553039,2.043404,2.348906,2.348906,0,0,0,2.348906,86.99385,0,0,0,2.043404,2.472533,2.348906,0,0,1.308167,9.447924,0,0.4291289,-0.4291289,12.30665,87.90446,0.2188287,2.583797,1.634723,0,11.49133
7/27/2007 12:00:00 PM,0.3895984,79.31162,-166.0805,19.57468,0.3868087,1.735998,4.807114,4.807114,4.853644,0,1.490045,4.807114,36.11309,0,0,0,1.735998,0,0,0.04653074,0.04420421,1.784977,9.018795,1.780202,0,1.780202,13.9955,99.96764,0.2188751,5.287825,1.388798,5,10.75479
7/27/2007 1:00:00 PM,0.6263219,74.22654,132.3842,22.83222,0.6135332,2.753537,0.9224445,0.9224445,0,0,0,0.9224445,298.5043,1.777767,0,0,2.753537,0.9709942,0.9224445,0,0,0.004775524,10.62098,0.004775524,0,0.004775524,14.00003,100,0.2188747,1.014689,2.20283,0,13.37451
7/27/2007 2:00:00 PM,0.3267972,61.64226,114.4127,33.04212,0.3245282,1.456482,4.889957,3.33,0,-1,0,3.33,43.73821,0,1.559957,2.048953,1.456482,3.505263,3.33,0,0,0,10.62527,0,2.048781,-2.048781,11.84042,84.57429,0.2188747,5.378953,1.165186,0,12.08176
7/27/2007 3:00:00 PM,0.1397597,47.83609,108.9812,45.75227,0.1389668,0.623683,2.028515,2.028515,0,-1,0,2.028515,30.74579,0,0,0,0.623683,2.135279,2.028515,0,0,2.276423,8.576493,0,1.511596,-1.511596,10.24706,73.19315,0.2188747,2.231366,0.4989464,0,9.200176
7/27/2007 4:00:00 PM,0.02163674,33.74421,107.3382,59.35637,0.02152547,0.09660631,2.582015,2.582015,0,-1,0,2.582015,3.741509,0,8.881784E-16,0,0.09660631,2.71791,2.582015,0,0,3.955974,7.064898,0,2.621304,-2.621304,7.483964,53.45678,0.2188747,2.840216,0.07728505,0,7.161504
7/27/2007 5:00:00 PM,0.1060294,19.59888,107.4642,73.32812,0.105086,0.4716258,5.224161,3.33,0,-1,0,3.33,14.16294,0,1.894161,2.416577,0.4716258,3.505263,3.33,0,0,6.868534,4.443594,0,3.033637,-3.033637,4.28623,30.61587,0.2188747,5.746577,0.3773007,0,4.915219
7/27/2007 6:00:00 PM,0.03991963,5.512595,108.7958,87.44795,0.03813395,0.1711452,2.185866,1.502046,0,-1,0,1.502046,11.39413,0,0.6838201,1.032477,0.1711452,1.581101,1.502046,0,0,10.23924,1.409956,0,1.409956,-1.409956,2.800006,20,0.2188747,2.404453,0.1369161,0,1.581101
7/27/2007 7:00:00 PM,0,0,111.2891,90,0,0,6.947035,0,0,-1,0,0,0,0,6.947035,7.641738,0,0,0,0,0,11.80586,0,0,0,0,2.800006,20,0.2188747,7.641738,0,0,0
7/27/2007 8:00:00 PM,0,0,115.2549,90,0,0,2.30429,0,0,-1,0,0,0,0,2.30429,2.534719,0,0,0,0,0,11.80586,0,0,0,0,2.800006,20,0.2188747,2.534719,0,0,0
7/27/2007 9:00:00 PM,0,0,121.4722,90,0,0,12.45369,0,0,-1,0,0,0,0,12.45369,13.69906,0,0,0,0,0,11.80586,0,0,0,0,2.800006,20,0.2188747,13.69906,0,0,0
7/27/2007 10:00:00 PM,0,0,131.5677,90,0,0,1.704871,0,0,-1,0,0,0,0,1.704871,1.875358,0,0,0,0,0,11.80586,0,0,0,0,2.800006,20,0.2188747,1.875358,0,0,0
7/27/2007 11:00:00 PM,0,0,148.5124,90,0,0,1.0492,0,0,-1,0,0,0,0,1.0492,1.15412,0,0,0,0,0,11.80586,0,0,0,0,2.800006,20,0.2188747,1.15412,0,0,0
7/28/2007 12:00:00 AM,0,0,174.5834,90,0,0,0.04132311,0,0,-1,0,0,0,0,0.04132311,0.04545542,0,0,0,0,0,11.80586,0,0,0,0,2.800006,20,0.2188747,0.04545542,0,0,0
7/28/2007 1:00:00 AM,0,0,-156.7833,90,0,0,1.571598,0,0,-1,0,0,0,0,1.571598,1.728758,0,0,0,0,0,11.80586,0,0,0,0,2.800006,20,0.2188747,1.728758,0,0,0
7/28/2007 2:00:00 AM,0,0,-136.4485,90,0,0,1.025502,0,0,-1,0,0,0,0,1.025502,1.128052,0,0,0,0,0,11.80586,0,0,0,0,2.800006,20,0.2188747,1.128052,0,0,0
7/28/2007 3:00:00 AM,0,0,-124.2941,90,0,0,1.256562,0,0,-1,0,0,0,0,1.256562,1.382218,0,0,0,0,0,11.80586,0,0,0,0,2.800006,20,0.2188747,1.382218,0,0,0
7/28/2007 4:00:00 AM,0,0,-116.9419,90,0,0,1.020337,0,0,-1,0,0,0,0,1.020337,1.12237,0,0,0,0,0,11.80586,0,0,0,0,2.800006,20,0.2188747,1.12237,0,0,0
7/28/2007 5:00:00 AM,0,0,-112.2963,90,0,0,1.169518,1.169518,4.674781,0,1.441215,1.169518,0,4.440892E-16,0,0,0,0,0,3.505263,3.33,11.80586,0,3.33,0,3.33,5.959121,42.56506,0.2189898,1.286469,0,5,0
7/28/2007 6:00:00 AM,0.01398319,0.4135972,-109.3279,92.56931,0.01289038,0.05785201,1.228903,1.228903,4.734166,0,1.457427,1.228903,4.707615,0,0,0,0.05785201,0,0,3.505263,3.33,8.475861,2.997,3.387852,0,3.387852,9.17312,65.52215,0.2191066,1.351793,0.04628161,5,3.054852
7/28/2007 7:00:00 AM,0.1602304,14.47348,-107.5799,78.4091,0.146907,0.6593187,2.800724,2.800724,5,0,1.53,2.800724,23.54101,0,0,0,0.6593187,0,0,2.199276,2.089312,5.088008,6.046067,2.748631,0,2.748631,11.7807,84.14769,0.2192011,3.080796,0.527455,5,6.705386
7/28/2007 8:00:00 AM,0.286259,28.62769,-106.9627,64.34356,0.2763837,1.24041,1.745918,1.745918,0,0,0,1.745918,71.0463,0,2.220446E-16,0,1.24041,1.837808,1.745918,0,0,2.339377,8.519835,0,0.5973982,-0.5973982,11.15099,79.64975,0.2192011,1.92051,0.9923281,0,9.760245
7/28/2007 9:00:00 AM,0.4619799,42.77744,-107.7968,50.54195,0.4465889,2.004291,0,0,0,-1,0,0,0,0,0,0,2.004291,0,0,0,0,3.003153,7.922437,2.004291,0,2.004291,13.05242,93.23141,0.2190384,0,1.603433,0,9.926727
7/28/2007 10:00:00 AM,0.4457941,56.76283,-111.3322,37.36957,0.439377,1.971924,3.259013,3.259013,2.334604,0,0.8023469,3.259013,60.50678,0,0,0,1.971924,0.9730622,0.9244091,0,0,0.9988618,9.726298,0.9988618,0,0.9988618,14.00003,100,0.219064,3.584915,1.577539,5,11.69822
7/28/2007 11:00:00 AM,0.4348246,70.0799,-122.4719,25.86885,0.4307185,1.933065,3.726459,3.726459,1.890047,0,0.6809828,3.726459,51.87405,0,0,0,1.933065,1.933065,1.836412,0,0,0,10.62527,0,0,0,14.00003,100,0.219064,4.099104,1.546452,5,12.55834
7/28/2007 12:00:00 PM,0.4855771,79.53333,-165.7425,19.34733,0.4805112,2.156534,0.8369437,0.8369437,0,0,0,0.8369437,257.6678,1.275541,0,0,2.156534,0.8809934,0.8369437,0,0,0,10.62527,0,0,0,14.00003,100,0.219064,0.9206381,1.725227,0,12.78181
7/28/2007 1:00:00 PM,0.1174703,74.37425,131.7316,22.63813,0.1168552,0.5244459,0,0,0,0,0,0,0,0.5244459,0,0,0.5244459,0,0,0,0,0,10.62527,0,0,0,14.00003,100,0.219064,0,0.4195567,0,11.14972
7/28/2007 2:00:00 PM,0.4533265,61.71434,113.9518,32.91505,0.4476093,2.008871,2.971058,2.971058,0,-1,0,2.971058,67.61466,0,0,0,2.008871,3.127429,2.971058,0,0,0,10.62527,0,1.118559,-1.118559,12.82096,91.57812,0.219064,3.268164,1.607097,0,12.63414
7/28/2007 3:00:00 PM,0.1843301,47.87152,108.6422,45.67039,0.1832367,0.8223665,2.2995,2.2995,0,-1,0,2.2995,35.76283,0,0,0,0.8223665,2.420527,2.2995,0,0,1.242843,9.506716,0,1.59816,-1.59816,11.13635,79.54523,0.219064,2.529451,0.6578932,0,10.32908
7/28/2007 4:00:00 PM,0.1885647,33.75553,107.0617,59.30513,0.1871358,0.8398657,0.2437005,0.2437005,0,-1,0,0.2437005,344.6303,0,0,0,0.8398657,0.2565268,0.2437005,0,0,3.018577,7.908555,0.5833389,0,0.5833389,11.68976,83.49811,0.2190167,0.2680705,0.6718925,0,8.748421
7/28/2007 5:00:00 PM,0.1059391,19.59048,107.22,73.30043,0.1050025,0.4712512,2.525228,2.525228,0,-1,0,2.525228,18.66173,0,4.440892E-16,0,0.4712512,2.658134,2.525228,0,0,2.435238,8.43356,0,2.186883,-2.186883,9.384582,67.03259,0.2190167,2.77775,0.377001,0,8.904811
7/28/2007 6:00:00 PM,0.04909677,5.485445,108.5662,87.44077,0.04422555,0.1984843,8.13713,3.33,0,-1,0,3.33,5.960489,0,4.80713,5.620843,0.1984843,3.505263,3.33,0,0,4.865108,6.246677,0,3.306779,-3.306779,5.89893,42.13513,0.2190167,8.950843,0.1587874,0,6.445161
7/28/2007 7:00:00 PM,0,0,111.0613,90,0,0,6.314417,2.792903,0,-1,0,2.792903,0,0,3.521514,4.152956,0,2.939898,2.792903,0,0,8.539307,2.939898,0,2.939898,-2.939898,2.800006,20,0.2190167,6.945859,0,0,2.939898
7/28/2007 8:00:00 PM,0,0,115.0184,90,0,0,5.39458,0,0,-1,0,0,0,0,5.39458,5.934038,0,0,0,0,0,11.80586,0,0,0,0,2.800006,20,0.2190167,5.934038,0,0,0
7/28/2007 9:00:00 PM,0,0,121.2188,90,0,0,2.65376,0,0,-1,0,0,0,0,2.65376,2.919136,0,0,0,0,0,11.80586,0,0,0,0,2.800006,20,0.2190167,2.919136,0,0,0
7/28/2007 10:00:00 PM,0,0,131.2992,90,0,0,0,0,0,-1,0,0,0,0,0,0,0,0,0,0,0,11.80586,0,0,0,0,2.800006,20,0.2190167,0,0,0,0
7/28/2007 11:00:00 PM,0,0,148.2767,90,0,0,0.1458567,0,0,-1,0,0,0,0,0.1458567,0.1604424,0,0,0,0,0,11.80586,0,0,0,0,2.800006,20,0.2190167,0.1604424,0,0,0
7/29/2007 12:00:00 AM,0,0,174.5315,90,0,0,1.265141,0,0,-1,0,0,0,0,1.265141,1.391655,0,0,0,0,0,11.80586,0,0,0,0,2.800006,20,0.2190167,1.391655,0,0,0
7/29/2007 1:00:00 AM,0,0,-156.5935,90,0,0,1.433499,0,0,-1,0,0,0,0,1.433499,1.576849,0,0,0,0,0,11.80586,0,0,0,0,2.800006,20,0.2190167,1.576849,0,0,0
7/29/2007 2:00:00 AM,0,0,-136.1785,90,0,0,0.5964135,0,0,-1,0,0,0,0,0.5964135,0.6560549,0,0,0,0,0,11.80586,0,0,0,0,2.800006,20,0.2190167,0.6560549,0,0,0
7/29/2007 3:00:00 AM,0,0,-124.0296,90,0,0,0.1275153,0,0,-1,0,0,0,0,0.1275153,0.1402669,0,0,0,0,0,11.80586,0,0,0,0,2.800006,20,0.2190167,0.1402669,0,0,0
7/29/2007 4:00:00 AM,0,0,-116.6956,90,0,0,0.3289553,0,0,-1,0,0,0,0,0.3289553,0.3618508,0,0,0,0,0,11.80586,0,0,0,0,2.800006,20,0.2190167,0.3618508,0,0,0
7/29/2007 5:00:00 AM,0,0,-112.062,90,0,0,0.08708604,0.08708604,3.592349,0,1.145711,0.08708604,0,4.440892E-16,0,0,0,0,0,3.505263,3.33,11.80586,0,3.33,0,3.33,5.959121,42.56506,0.2190097,0.09579465,0,5,0
7/29/2007 6:00:00 AM,0.02968047,0.3739365,-109.0954,92.57403,0.005117114,0.02296561,0.8461472,0.8461472,4.35141,0,1.352935,0.8461472,2.714139,4.440892E-16,0,0,0.02296561,0,0,3.505263,3.33,8.475861,2.997,3.352966,0,3.352966,9.140023,65.28575,0.2190859,0.930762,0.01837249,5,3.019966
7/29/2007 7:00:00 AM,0.1565112,14.45296,-107.3373,78.39346,0.14445,0.6482914,2.527743,2.527743,5,0,1.53,2.527743,25.64705,0,0,0,0.6482914,0,0,2.472257,2.348644,5.122895,6.014669,2.996936,0,2.996936,11.98317,85.59387,0.2191892,2.780517,0.5186331,5,6.662961
7/29/2007 8:00:00 AM,0.4029728,28.62641,-106.694,64.30549,0.3729391,1.673751,2.91819,2.91819,0,0,0,2.91819,57.35576,0,0,0,1.673751,3.071779,2.91819,0,0,2.125959,8.711911,0,1.398029,-1.398029,10.50951,75.06781,0.2191892,3.21001,1.339,0,10.38566
7/29/2007 9:00:00 AM,0.5722813,42.79834,-107.4767,50.47591,0.5437965,2.440559,2.826282,2.826282,0,-1,0,2.826282,86.35228,0,4.440892E-16,0,2.440559,2.975034,2.826282,0,0,3.679324,7.313882,0,0.5344747,-0.5344747,9.946129,71.04363,0.2191892,3.10891,1.952447,0,9.754441
7/29/2007 10:00:00 AM,0.6773739,56.8146,-110.912,37.26374,0.6527562,2.929569,1.13836,1.13836,0,0,0,1.13836,257.35,0,0,0,2.929569,1.198274,1.13836,0,0,4.273185,6.779408,1.731296,0,1.731296,11.58858,82.77541,0.2190494,1.252196,2.343656,0,9.708977
7/29/2007 11:00:00 AM,0.8888146,70.18899,-121.8565,25.70109,0.8555904,3.83989,1.107666,1.107666,0,0,0,1.107666,346.6648,0.1320358,0,0,3.83989,1.165965,1.107666,0,0,2.541889,8.337574,2.541889,0,2.541889,14.00003,100,0.2188444,1.218433,3.071912,0,12.17746
7/29/2007 12:00:00 PM,0.9253917,79.76076,-165.3947,19.11408,0.8929126,4.007392,0,0,0,0,0,0,0,4.007392,0,0,4.007392,0,0,0,0,0,10.62527,0,0,0,14.00003,100,0.2188444,0,3.205914,0,14.63267
7/29/2007 1:00:00 PM,0.8217316,74.52161,131.0447,22.44131,0.794852,3.567296,1.926411,1.926411,0,0,0,1.926411,185.1783,1.539495,0,0,3.567296,2.027801,1.926411,0,0,0,10.62527,0,0,0,14.00003,100,0.2188444,2.119052,2.853837,0,14.19257
7/29/2007 2:00:00 PM,0.7244563,61.78422,113.4759,32.78799,0.6991737,3.137892,0,0,0,-1,0,0,0,3.137892,0,0,3.137892,0,0,0,0,0,10.62527,0,0,0,14.00003,100,0.2188444,0,2.510313,0,13.76317
7/29/2007 3:00:00 PM,0.6049156,47.90432,108.2939,45.58965,0.5791385,2.599174,3.422711,3.33,0,-1,0,3.33,78.05327,0,0.09271059,0.4349816,2.599174,3.505263,3.33,0,0,0,10.62527,0,0.9060894,-0.9060894,13.04493,93.17786,0.2188444,3.764982,2.079339,0,13.22445
7/29/2007 4:00:00 PM,0.2587232,33.764,106.7782,59.2556,0.2550087,1.144479,2.960533,2.960533,0,-1,0,2.960533,38.65788,0,0,0,1.144479,3.11635,2.960533,0,0,1.006766,9.719185,0,1.971871,-1.971871,10.96639,78.33121,0.2188444,3.256586,0.9155832,0,10.86366
7/29/2007 5:00:00 PM,0.2264374,19.57905,106.97,73.2748,0.2106324,0.945318,5.132845,3.33,0,-1,0,3.33,28.38793,0,1.802845,2.316129,0.945318,3.505263,3.33,0,0,3.197734,7.747313,0,2.559945,-2.559945,8.267972,59.05682,0.2188444,5.646129,0.7562544,0,8.692632
7/29/2007 6:00:00 PM,0.05899059,5.455077,108.3312,87.43593,0.04781778,0.2146062,4.834126,3.33,0,-1,0,3.33,6.44463,0,1.504125,1.987538,0.2146062,3.505263,3.33,0,0,6.042118,5.187368,0,3.290657,-3.290657,4.799315,34.28075,0.2188444,5.317538,0.171685,0,5.401975
7/29/2007 7:00:00 PM,0,0,110.8283,90,0,0,5.817132,1.801876,0,-1,0,1.801876,0,0,4.015256,4.59697,0,1.896711,1.801876,0,0,9.698403,1.896711,0,1.896711,-1.896711,2.800006,20,0.2188444,6.398845,0,0,1.896711
7/29/2007 8:00:00 PM,0,0,114.7767,90,0,0,6.187378,0,0,-1,0,0,0,0,6.187378,6.806117,0,0,0,0,0,11.80586,0,0,0,0,2.800006,20,0.2188444,6.806117,0,0,0
7/29/2007 9:00:00 PM,0,0,120.9598,90,0,0,7.448841,0,0,-1,0,0,0,0,7.448841,8.193725,0,0,0,0,0,11.80586,0,0,0,0,2.800006,20,0.2188444,8.193725,0,0,0
7/29/2007 10:00:00 PM,0,0,131.0248,90,0,0,0.1922546,0,0,-1,0,0,0,0,0.1922546,0.2114801,0,0,0,0,0,11.80586,0,0,0,0,2.800006,20,0.2188444,0.2114801,0,0,0
7/29/2007 11:00:00 PM,0,0,148.0365,90,0,0,0.2978063,0,0,-1,0,0,0,0,0.2978063,0.3275869,0,0,0,0,0,11.80586,0,0,0,0,2.800006,20,0.2188444,0.3275869,0,0,0
7/30/2007 12:00:00 AM,0,0,174.4828,90,0,0,0.2840098,0,0,-1,0,0,0,0,0.2840098,0.3124108,0,0,0,0,0,11.80586,0,0,0,0,2.800006,20,0.2188444,0.3124108,0,0,0
7/30/2007 1:00:00 AM,0,0,-156.3922,90,0,0,1.385297,0,0,-1,0,0,0,0,1.385297,1.523826,0,0,0,0,0,11.80586,0,0,0,0,2.800006,20,0.2188444,1.523826,0,0,0
7/30/2007 2:00:00 AM,0,0,-135.8973,90,0,0,0.6172346,0,0,-1,0,0,0,0,0.6172346,0.6789581,0,0,0,0,0,11.80586,0,0,0,0,2.800006,20,0.2188444,0.6789581,0,0,0
7/30/2007 3:00:00 AM,0,0,-123.7562,90,0,0,0.6922448,0,0,-1,0,0,0,0,0.6922448,0.7614694,0,0,0,0,0,11.80586,0,0,0,0,2.800006,20,0.2188444,0.7614694,0,0,0
7/30/2007 4:00:00 AM,0,0,-116.4421,90,0,0,0.2583652,0,0,-1,0,0,0,0,0.2583652,0.2842017,0,0,0,0,0,11.80586,0,0,0,0,2.800006,20,0.2188444,0.2842017,0,0,0
7/30/2007 5:00:00 AM,0,0,-111.8213,90,0,0,1.23748,1.23748,4.742743,0,1.459769,1.23748,0,0,0,0,0,0,0,3.505263,3.33,11.80586,0,3.33,0,3.33,5.959121,42.56506,0.218966,1.361228,0,5,0
7/30/2007 6:00:00 AM,0.02349592,0.3357504,-108.8569,92.57635,0.01113327,0.04996613,0.7394531,0.7394531,4.244716,0,1.323808,0.7394531,6.757174,0,0,0,0.04996613,0,0,3.505263,3.33,8.475861,2.997,3.379966,0,3.379966,9.165638,65.46871,0.2190278,0.8133984,0.03997291,5,3.046966
7/30/2007 7:00:00 AM,0.1399512,14.43413,-107.0887,78.37521,0.1324007,0.5942144,4.164681,4.164681,5,0,1.53,4.164681,14.26795,0,0,0,0.5942144,0,0,0.8353189,0.7935529,5.095894,6.03897,1.387767,0,1.387767,10.48219,74.87263,0.2190721,4.581149,0.4753716,5,6.633184
7/30/2007 8:00:00 AM,0.3892141,28.62701,-106.4189,64.26457,0.3621497,1.625328,1.138323,1.138323,3.330743,0,1.074293,1.138323,142.7827,0,0,0,1.625328,0,0,2.19242,2.082799,3.708127,7.28796,3.708127,0,3.708127,14.00003,100,0.2190057,1.252155,1.300262,5,8.913288
7/30/2007 9:00:00 AM,0.6712888,42.82125,-107.149,50.40671,0.6330463,2.841112,1.86617,1.86617,0,-1,0,1.86617,152.2429,0.8767222,0,0,2.841112,1.96439,1.86617,0,0,0,10.62527,0,0,0,14.00003,100,0.2190057,2.052787,2.272889,0,13.46639
7/30/2007 10:00:00 AM,0.6547644,56.86853,-110.4817,37.15426,0.6326732,2.839437,0,0,0,0,0,0,0,2.839437,0,0,2.839437,0,0,0,0,0,10.62527,0,0,0,14.00003,100,0.2190057,0,2.27155,0,13.46471
7/30/2007 11:00:00 AM,0.4991632,70.30064,-121.223,25.52865,0.4929696,2.212448,0,0,0,0,0,0,0,2.212448,0,0,2.212448,0,0,0,0,0,10.62527,0,0,0,14.00003,100,0.2190057,0,1.769958,0,12.83772
7/30/2007 12:00:00 PM,0.4474063,79.99386,-165.0361,18.87499,0.4435278,1.990553,3.835819,3.835819,1.944794,0,0.6959287,3.835819,51.89382,0,0,0,1.990553,1.990553,1.891025,0,0,0,10.62527,0,0,0,14.00003,100,0.2190057,4.219401,1.592442,5,12.61583
7/30/2007 1:00:00 PM,0.4437597,74.66829,130.3226,22.24194,0.4397624,1.973654,0,0,0,0,0,0,0,1.973654,0,0,1.973654,0,0,0,0,0,10.62527,0,0,0,14.00003,100,0.2190057,0,1.578923,0,12.59893
7/30/2007 2:00:00 PM,0.3495369,61.85168,112.9849,32.6611,0.3469445,1.557087,0.2650698,0.2650698,0,-1,0,0.2650698,587.4252,1.278066,0,0,1.557087,0.2790209,0.2650698,0,0,0,10.62527,0,0,0,14.00003,100,0.2190057,0.2915768,1.245669,0,12.18236
7/30/2007 3:00:00 PM,0.3427639,47.93438,107.9364,45.51018,0.3389836,1.521358,2.190861,2.190861,0,-1,0,2.190861,69.44109,0,4.440892E-16,0,1.521358,2.30617,2.190861,0,0,0,10.62527,0,0.7848119,-0.7848119,13.17276,94.09098,0.2190057,2.409948,1.217087,0,12.14663
7/30/2007 4:00:00 PM,0.1525792,33.76955,106.4878,59.20788,0.1515827,0.6803034,5.261711,3.33,0,-1,0,3.33,20.42953,4.440892E-16,1.931711,2.457882,0.6803034,3.505263,3.33,0,0,0.8720132,9.840463,0,2.82496,-2.82496,10.19499,72.82124,0.2190057,5.787882,0.5442427,0,10.52077
7/30/2007 5:00:00 PM,0.1043197,19.56454,106.7141,73.25132,0.1034225,0.4641602,3.355909,3.33,0,-1,0,3.33,13.93875,0,0.02590915,0.3615001,0.4641602,3.505263,3.33,0,0,4.010858,7.015502,0,3.041103,-3.041103,6.989391,49.92412,0.2190057,3.6915,0.3713282,0,7.479663
7/30/2007 6:00:00 PM,0.04548795,5.421459,108.091,87.43347,0.04202459,0.1886064,7.724271,3.33,0,-1,0,3.33,5.663855,0,4.394271,5.166698,0.1886064,3.505263,3.33,0,0,7.389861,3.9744,0,3.316657,-3.316657,3.493327,24.95229,0.2190057,8.496697,0.1508851,0,4.163006
7/30/2007 7:00:00 PM,0,0,110.5904,90,0,0,3.055997,0.6248557,0,-1,0,0.6248557,0,0,2.431141,2.736741,0,0.6577428,0.6248557,0,0,11.07504,0.6577428,0,0.6577428,-0.6577428,2.800006,20,0.2190057,3.361596,0,0,0.6577428
7/30/2007 8:00:00 PM,0,0,114.5298,90,0,0,0,0,0,-1,0,0,0,0,0,0,0,0,0,0,0,11.80586,0,0,0,0,2.800006,20,0.2190057,0,0,0,0
7/30/2007 9:00:00 PM,0,0,120.6953,90,0,0,4.832929,0,0,-1,0,0,0,0,4.832929,5.316222,0,0,0,0,0,11.80586,0,0,0,0,2.800006,20,0.2190057,5.316222,0,0,0
7/30/2007 10:00:00 PM,0,0,130.7446,90,0,0,0.8285335,0,0,-1,0,0,0,0,0.8285335,0.9113869,0,0,0,0,0,11.80586,0,0,0,0,2.800006,20,0.2190057,0.9113869,0,0,0
7/30/2007 11:00:00 PM,0,0,147.7918,90,0,0,0.1105804,0,0,-1,0,0,0,0,0.1105804,0.1216384,0,0,0,0,0,11.80586,0,0,0,0,2.800006,20,0.2190057,0.1216384,0,0,0
7/31/2007 12:00:00 AM,0,0,174.4374,90,0,0,0.8102865,0,0,-1,0,0,0,0,0.8102865,0.8913152,0,0,0,0,0,11.80586,0,0,0,0,2.800006,20,0.2190057,0.8913152,0,0,0
7/31/2007 1:00:00 AM,0,0,-156.1791,90,0,0,0.5303198,0,0,-1,0,0,0,0,0.5303198,0.5833518,0,0,0,0,0,11.80586,0,0,0,0,2.800006,20,0.2190057,0.5833518,0,0,0
7/31/2007 2:00:00 AM,0,0,-135.6049,90,0,0,1.05034,0,0,-1,0,0,0,0,1.05034,1.155375,0,0,0,0,0,11.80586,0,0,0,0,2.800006,20,0.2190057,1.155375,0,0,0
7/31/2007 3:00:00 AM,0,0,-123.4741,90,0,0,1.850109,0,0,-1,0,0,0,0,1.850109,2.03512,0,0,0,0,0,11.80586,0,0,0,0,2.800006,20,0.2190057,2.03512,0,0,0
7/31/2007 4:00:00 AM,0,0,-116.1814,90,0,0,0.6541864,0,0,-1,0,0,0,0,0.6541864,0.719605,0,0,0,0,0,11.80586,0,0,0,0,2.800006,20,0.2190057,0.719605,0,0,0
7/31/2007 5:00:00 AM,0,0,-111.5744,90,0,0,0,0,0,0,0,0,0,0,0,0,0,0,0,0,0,11.80586,0,0,0,0,2.800006,20,0.2190057,0,0,0,0
7/31/2007 6:00:00 AM,0.009546845,0.2990841,-108.6126,92.57626,0.009276726,0.04163395,0.1960517,0.1960517,3.701315,0,1.175459,0.1960517,21.23621,0,0,0,0.04163395,0,0,3.505263,3.33,11.80586,0,3.371634,0,3.371634,5.998619,42.84719,0.2190076,0.2156569,0.03330716,5,0.04163395
7/31/2007 7:00:00 AM,0.1088492,14.41703,-106.8342,78.35433,0.1063526,0.4773107,2.733057,2.733057,5,0,1.53,2.733057,17.46435,0,0,0,0.4773107,0,0,2.266943,2.153596,8.434226,3.034471,2.630906,0,2.630906,8.494515,60.67499,0.2190986,3.006363,0.3818485,5,3.511781
7/31/2007 8:00:00 AM,0.1119262,28.62948,-106.1375,64.2208,0.1111981,0.4990572,0.3090497,0.3090497,3.814313,0,1.206307,0.3090497,161.4812,0,0,0,0.4990572,0,0,3.505263,3.33,5.80332,5.402286,3.829057,0,3.829057,12.12708,86.62181,0.2190763,0.3399546,0.3992458,5,5.901343
7/31/2007 9:00:00 AM,0.1695733,42.84614,-106.8139,50.33438,0.1685549,0.7564743,6.180744,3.33,0,-1,0,3.33,22.71695,0,2.850744,3.468818,0.7564743,3.505263,3.33,0,0,1.974263,8.848437,0,2.748789,-2.748789,9.2296,65.92558,0.2190763,6.798818,0.6051794,0,9.604912
7/31/2007 10:00:00 AM,0.2478972,56.92455,-110.0412,37.0412,0.2464287,1.105972,3.728726,3.728726,5,0,1.53,3.728726,29.66086,0,0,0,1.105972,0,0,1.271274,1.20771,5.028472,6.099649,2.313682,0,2.313682,11.42455,81.60378,0.2191484,4.101599,0.8847777,5,7.205621
7/31/2007 11:00:00 AM,0.1058635,70.41472,-120.5712,25.35162,0.1053126,0.4726428,0,0,0,0,0,0,0,0,0,0,0.4726428,0,0,0,0,2.71479,8.181963,0.4726428,0,0.4726428,11.87294,84.80655,0.2191106,0,0.3781142,0,8.654606
7/31/2007 12:00:00 PM,0.2604293,80.23255,-164.6655,18.63013,0.2589737,1.162274,3.197421,3.197421,4.223301,0,1.317961,3.197421,36.35035,0,0,0,1.162274,0,0,1.02588,0.974586,2.242147,8.607342,2.13686,0,2.13686,13.90014,99.28654,0.2191754,3.517163,0.929819,5,9.769615
7/31/2007 1:00:00 PM,0.2469958,74.81392,129.5644,22.04021,0.2456158,1.102324,4.591234,4.591234,3.644049,0,1.159826,4.591234,24.00931,0,0,0,1.102324,0.9970359,0.9471841,0,0,0.1052877,10.53052,0.1052877,0,0.1052877,14.00003,100,0.2191781,5.050357,0.8818588,5,11.63284
7/31/2007 2:00:00 PM,0.473226,61.91652,112.4791,32.53458,0.466892,2.095411,0,0,0,-1,0,0,0,2.095411,0,0,2.095411,0,0,0,0,0,10.62527,0,0,0,14.00003,100,0.2191781,0,1.676329,0,12.72069
7/31/2007 3:00:00 PM,0.3470832,47.96157,107.5698,45.43211,0.3431898,1.540236,0.662734,0.662734,0,-1,0,0.662734,232.4063,0.842621,0,0,1.540236,0.6976147,0.662734,0,0,0,10.62527,0,0,0,14.00003,100,0.2191781,0.7290074,1.232189,0,12.16551
7/31/2007 4:00:00 PM,0.07016902,33.77209,106.1906,59.16205,0.0697769,0.3131588,0,0,0,-1,0,0,0,0.3131588,0,0,0.3131588,0,0,0,0,0,10.62527,0,0,0,14.00003,100,0.2191781,0,0.250527,0,10.93843
7/31/2007 5:00:00 PM,0.115658,19.54689,106.4527,73.23003,0.1145137,0.5139373,0,0,0,-1,0,0,0,0.5139373,0,0,0.5139373,0,0,0,0,0,10.62527,0,0,0,14.00003,100,0.2191781,0,0.4111499,0,11.13921
7/31/2007 6:00:00 PM,0.06012748,5.384562,107.8456,87.43345,0.04779452,0.2145018,4.275727,3.33,0,-1,0,3.33,6.441495,0,0.9457266,1.373299,0.2145018,3.505263,3.33,0,0,0,10.62527,0,3.290761,-3.290761,10.53126,75.22314,0.2191781,4.703299,0.1716014,0,10.83978
7/31/2007 7:00:00 PM,0,0,110.3474,90,0,0,1.752283,1.752283,0,-1,0,1.752283,0,0,0,0,0,1.844509,1.752283,0,0,3.656401,7.334513,0,1.844509,-1.844509,8.586978,61.33543,0.2191781,1.927512,0,0,7.334513
7/31/2007 8:00:00 PM,0,0,114.2778,90,0,0,6.514249,3.33,0,-1,0,3.33,0,0,3.184249,3.835674,0,3.505263,3.33,0,0,5.705856,5.490004,0,3.505263,-3.505263,4.892106,34.94355,0.2191781,7.165674,0,0,5.490004
7/31/2007 9:00:00 PM,0,0,120.4253,90,0,0,6.245308,1.885504,0,-1,0,1.885504,0,0,4.359804,4.984335,0,1.984741,1.885504,0,0,9.600593,1.984741,0,1.984741,-1.984741,2.800006,20,0.2191781,6.869839,0,0,1.984741
7/31/2007 10:00:00 PM,0,0,130.4585,90,0,0,0.503877,0,0,-1,0,0,0,0,0.503877,0.5542647,0,0,0,0,0,11.80586,0,0,0,0,2.800006,20,0.2191781,0.5542647,0,0,0
7/31/2007 11:00:00 PM,0,0,147.5424,90,0,0,1.40052,0,0,-1,0,0,0,0,1.40052,1.540572,0,0,0,0,0,11.80586,0,0,0,0,2.800006,20,0.2191781,1.540572,0,0,0
8/1/2007 12:00:00 AM,0,0,174.3954,90,0,0,1.8071,0,0,-1,0,0,0,0,1.8071,1.98781,0,0,0,0,0,11.80586,0,0,0,0,2.800006,20,0.2191781,1.98781,0,0,0
8/1/2007 1:00:00 AM,0,0,-155.9539,90,0,0,0.38792,0,0,-1,0,0,0,0,0.38792,0.426712,0,0,0,0,0,11.80586,0,0,0,0,2.800006,20,0.2191781,0.426712,0,0,0
8/1/2007 2:00:00 AM,0,0,-135.3012,90,0,0,0.2945735,0,0,-1,0,0,0,0,0.2945735,0.3240308,0,0,0,0,0,11.80586,0,0,0,0,2.800006,20,0.2191781,0.3240308,0,0,0
8/1/2007 3:00:00 AM,0,0,-123.1831,90,0,0,1.132489,0,0,-1,0,0,0,0,1.132489,1.245738,0,0,0,0,0,11.80586,0,0,0,0,2.800006,20,0.2191781,1.245738,0,0,0
8/1/2007 4:00:00 AM,0,0,-115.9135,90,0,0,0,0,0,-1,0,0,0,0,0,0,0,0,0,0,0,11.80586,0,0,0,0,2.800006,20,0.2191781,0,0,0,0
8/1/2007 5:00:00 AM,0,0,-111.3212,90,0,0,0.4649446,0.4649446,3.970208,0,1.248867,0.4649446,0,0,0,0,0,0,0,3.505263,3.33,11.80586,0,3.33,0,3.33,5.959121,42.56506,0.2192128,0.511439,0,5,0
8/1/2007 6:00:00 AM,0.003594802,0.2639804,-108.3625,92.5737,0.003548628,0.01592624,0.3022763,0.3022763,3.807539,0,1.204458,0.3022763,5.268771,0,0,0,0.01592624,0,0,3.505263,3.33,8.475861,2.997,3.345926,0,3.345926,9.133346,65.23805,0.2192282,0.3325039,0.01274099,5,3.012926
8/1/2007 7:00:00 AM,0.06378105,14.40168,-106.574,78.33081,0.06322984,0.2837756,3.178428,3.178428,5,0,1.53,3.178428,8.928173,0,0,0,0.2837756,0,0,1.821572,1.730493,5.129934,6.008334,2.014269,0,2.014269,11.04425,78.88733,0.2192982,3.496271,0.2270204,5,6.292109
8/1/2007 8:00:00 AM,0.1076385,28.63382,-105.8498,64.1742,0.1069485,0.4799851,8.055303,8.055303,5,0,1.53,8.055303,5.958622,0,0,0.5308329,0.4799851,3.216108,3.055303,0,0,3.115665,7.821176,0,2.736123,-2.736123,8.160122,58.28647,0.2192982,8.860833,0.3839881,5,8.301161
8/1/2007 9:00:00 AM,0.1744519,42.87297,-106.4713,50.25897,0.1734017,0.778227,0.6752425,0.6752425,0,-1,0,0.6752425,115.2515,0,0,0,0.778227,0.7107816,0.6752425,0,0,6.155802,5.085052,0.06744548,0,0.06744548,8.224106,58.7435,0.2192928,0.7427667,0.6225816,0,5.86328
8/1/2007 10:00:00 AM,0.1327289,56.98256,-109.5905,36.92462,0.1320127,0.592473,0,0,0,0,0,0,0,0,0,0,0.592473,0,0,0,0,6.088356,5.145754,0.592473,0,0.592473,8.786176,62.75827,0.2192456,0,0.4739784,0,5.738226
8/1/2007 11:00:00 AM,0.09714466,70.53104,-119.9006,25.17009,0.09664196,0.4337291,2.411122,2.411122,0,0,0,2.411122,17.98868,0,0,0,0.4337291,2.538023,2.411122,0,0,5.495883,5.678979,0,2.104294,-2.104294,6.568055,46.91458,0.2192456,2.652234,0.3469833,0,6.112709
8/1/2007 12:00:00 PM,0.08539522,80.47677,-164.2817,18.37956,0.08495796,0.3812913,3.496964,3.496964,5,0,1.53,3.496964,10.90349,2.220446E-16,0,0,0.3812913,0,0,1.503036,1.427884,7.833988,3.574685,1.809175,0,1.809175,8.284389,59.17409,0.219307,3.846661,0.3050331,5,3.955976
8/1/2007 1:00:00 PM,0.1948482,74.95815,128.7694,21.83632,0.1937925,0.8697408,4.081675,4.081675,5,0,1.53,4.081675,21.30843,0,0,0,0.8697408,0,0,0.9183255,0.8724093,6.024813,5.202943,1.74215,0,1.74215,9.937138,70.97941,0.2193604,4.489842,0.6957927,5,6.072684
8/1/2007 2:00:00 PM,0.1134788,61.97855,111.9586,32.4086,0.1128804,0.5066074,4.527877,3.33,0,-1,0,3.33,15.21344,0,1.197878,1.650665,0.5066074,3.505263,3.33,0,0,4.282662,6.770878,0,2.998656,-2.998656,6.776277,48.40188,0.2193604,4.980665,0.405286,0,7.277485
8/1/2007 3:00:00 PM,0.1291875,47.98575,107.1943,45.35557,0.1284707,0.5765764,0,0,0,-1,0,0,0,0,0,0,0.5765764,0,0,0,0,7.614502,3.772222,0.5765764,0,0.5765764,7.323265,52.30893,0.2193145,0,0.4612611,0,4.348798
8/1/2007 4:00:00 PM,0.07077964,33.77155,105.8868,59.1182,0.07038449,0.3158856,1.600854,1.600854,0,-1,0,1.600854,19.73232,0,2.220446E-16,0,0.3158856,1.685109,1.600854,0,0,7.037926,4.291141,0,1.369223,-1.369223,5.879977,41.99975,0.2193145,1.760939,0.2527085,0,4.607027
8/1/2007 5:00:00 PM,0.05614113,19.52606,106.1856,73.21099,0.05577211,0.2503052,5.141438,3.013611,0,-1,0,3.013611,8.305823,0,2.127826,2.832202,0.2503052,3.172223,3.013611,0,0,8.559285,2.921917,0,2.921917,-2.921917,2.800006,20,0.2193145,5.655581,0.2002442,0,3.172223
8/1/2007 6:00:00 PM,0.06450535,5.344358,107.5952,87.43587,0.0480858,0.2158091,1.194243,0.2050186,0,-1,0,0.2050186,105.2632,0,0.9892241,1.272663,0.2158091,0.2158091,0.2050186,0,0,11.80586,0,0,0,0,2.800006,20,0.2193145,1.313667,0.1726473,0,0.2158091
8/1/2007 7:00:00 PM,0,0,110.0995,90,0,0,0.3422897,0,0,-1,0,0,0,0,0.3422897,0.3765186,0,0,0,0,0,11.80586,0,0,0,0,2.800006,20,0.2193145,0.3765186,0,0,0
8/1/2007 8:00:00 PM,0,0,114.0208,90,0,0,0,0,0,-1,0,0,0,0,0,0,0,0,0,0,0,11.80586,0,0,0,0,2.800006,20,0.2193145,0,0,0,0
8/1/2007 9:00:00 PM,0,0,120.1498,90,0,0,0,0,0,-1,0,0,0,0,0,0,0,0,0,0,0,11.80586,0,0,0,0,2.800006,20,0.2193145,0,0,0,0
8/1/2007 10:00:00 PM,0,0,130.1665,90,0,0,0,0,0,-1,0,0,0,0,0,0,0,0,0,0,0,11.80586,0,0,0,0,2.800006,20,0.2193145,0,0,0,0
8/1/2007 11:00:00 PM,0,0,147.2883,90,0,0,1.122536,0,0,-1,0,0,0,0,1.122536,1.234789,0,0,0,0,0,11.80586,0,0,0,0,2.800006,20,0.2193145,1.234789,0,0,0
8/2/2007 12:00:00 AM,0,0,174.357,90,0,0,1.482382,0,0,-1,0,0,0,0,1.482382,1.63062,0,0,0,0,0,11.80586,0,0,0,0,2.800006,20,0.2193145,1.63062,0,0,0
8/2/2007 1:00:00 AM,0,0,-155.7164,90,0,0,0.5008307,0,0,-1,0,0,0,0,0.5008307,0.5509138,0,0,0,0,0,11.80586,0,0,0,0,2.800006,20,0.2193145,0.5509138,0,0,0
8/2/2007 2:00:00 AM,0,0,-134.9861,90,0,0,0.5551395,0,0,-1,0,0,0,0,0.5551395,0.6106534,0,0,0,0,0,11.80586,0,0,0,0,2.800006,20,0.2193145,0.6106534,0,0,0
8/2/2007 3:00:00 AM,0,0,-122.8833,90,0,0,0.8131573,0,0,-1,0,0,0,0,0.8131573,0.894473,0,0,0,0,0,11.80586,0,0,0,0,2.800006,20,0.2193145,0.894473,0,0,0
8/2/2007 4:00:00 AM,0,0,-115.6386,90,0,0,0.4028193,0,0,-1,0,0,0,0,0.4028193,0.4431012,0,0,0,0,0,11.80586,0,0,0,0,2.800006,20,0.2193145,0.4431012,0,0,0
8/2/2007 5:00:00 AM,0,0,-111.0619,90,0,0,0,0,0,0,0,0,0,0,0,0,0,0,0,0,0,11.80586,0,0,0,0,2.800006,20,0.2193145,0,0,0,0
8/2/2007 6:00:00 AM,0.006046903,0.2304797,-108.1067,92.56864,0.005931811,0.02662197,0,0,0,0,0,0,0,0,0,0,0.02662197,0,0,0,0,11.80586,0,0.02662197,0,0.02662197,2.825261,20.1804,0.2193124,0,0.02129757,0,0.02662197
8/2/2007 7:00:00 AM,0.04591144,14.38808,-106.308,78.30463,0.04556948,0.2045158,3.62858,3.62858,5,0,1.53,3.62858,5.63625,0,0,0,0.2045158,0,0,1.37142,1.302849,11.77924,0.02395977,1.507365,0,1.507365,4.255273,30.39475,0.2193648,3.991438,0.1636127,5,0.2284756
8/2/2007 8:00:00 AM,0.05430347,28.64002,-105.5559,64.12478,0.05399867,0.242346,3.622095,3.622095,5,0,1.53,3.622095,6.69077,0,0,0,0.242346,0,0,1.377905,1.30901,10.27187,1.380588,1.551356,0,1.551356,5.727019,40.9072,0.2194182,3.984304,0.1938768,5,1.622934
8/2/2007 9:00:00 AM,0.1009139,42.90171,-106.1214,50.18052,0.1003583,0.4504082,3.996245,3.065856,0,-1,0,3.065856,14.69111,0,0.9303893,1.672324,0.4504082,3.227217,3.065856,0,0,8.720517,2.776809,0,2.776809,-2.776809,2.800006,20,0.2194182,4.39587,0.3603266,0,3.227217
8/2/2007 10:00:00 AM,0.05654025,57.04247,-109.1296,36.80461,0.05625092,0.2524541,5.901786,5.239831,5,0,1.53,5.239831,4.817982,0,0.6619551,1.443999,0.2524541,0.2524541,0.2398314,0,0,11.80586,0,0,0,0,2.800006,20,0.2194182,6.491965,0.2019633,5,0.2524541
8/2/2007 11:00:00 AM,0.03607641,70.64943,-119.2108,24.98416,0.03589518,0.1610976,0,0,3.505263,0,1.121937,0,0,0,0,0,0.1610976,0,0,3.505263,3.33,11.80586,0,3.491098,0,3.491098,6.111951,43.65671,0.2193886,0,0.1288781,5,0.1610976
8/2/2007 12:00:00 PM,0.06706988,80.72642,-163.8833,18.12333,0.0667294,0.2994816,4.288575,4.288575,5,0,1.53,4.288575,6.983243,0,0,0,0.2994816,0,0,0.7114252,0.675854,8.314763,3.141988,0.9753355,0,0.9753355,7.037236,50.26587,0.2194204,4.717432,0.2395853,5,3.441469
8/2/2007 1:00:00 PM,0.1231242,75.10059,127.9367,21.63046,0.1224819,0.5496987,0,0,3.505263,0,1.121937,0,0,0,0,0,0.5496987,0,0,3.505263,3.33,7.339427,4.01979,3.879699,0,3.879699,10.71784,76.55585,0.21936,0,0.4397589,5,4.569489
8/2/2007 2:00:00 PM,0.1464418,62.03757,111.4235,32.28335,0.1456551,0.6536999,1.638243,1.638243,0,-1,0,1.638243,39.9025,0,0,0,0.6536999,1.724466,1.638243,0,0,3.459728,7.511518,0,1.070766,-1.070766,9.589154,68.49383,0.21936,1.802067,0.5229599,0,8.165218
8/2/2007 3:00:00 PM,0.07454008,48.00681,106.8101,45.28069,0.07414765,0.3327746,2.288863,2.288863,0,-1,0,2.288863,14.53886,0,0,0,0.3327746,2.40933,2.288863,0,0,4.649469,6.440753,0,2.076555,-2.076555,7.400274,52.85899,0.21936,2.517749,0.2662197,0,6.773527
8/2/2007 4:00:00 PM,0.06646215,33.76783,105.5765,59.07644,0.06609467,0.2966329,5.876394,3.33,0,-1,0,3.33,8.907894,0,2.546394,3.134033,0.2966329,3.505263,3.33,0,0,6.956752,4.364197,0,3.20863,-3.20863,4.01808,28.70052,0.21936,6.464033,0.2373063,0,4.66083
8/2/2007 5:00:00 PM,0.05988205,19.502,105.9131,73.19427,0.05948254,0.2669577,0,0,0,-1,0,0,0,0,0,0,0.2669577,0,0,0,0,10.5219,1.155567,0.2669577,0,0.2669577,4.271338,30.5095,0.2193389,0,0.2135661,0,1.422525
8/2/2007 6:00:00 PM,0.05457065,5.300826,107.3398,87.4408,0.04614055,0.2070788,5.40488,1.522762,0,-1,0,1.522762,13.59889,0,3.882117,4.579985,0.2070788,1.602908,1.522762,0,0,10.25494,1.395829,0,1.395829,-1.395829,2.800006,20,0.2193389,5.945367,0.165663,0,1.602908
8/2/2007 7:00:00 PM,0,0,109.8468,90,0,0,10.6216,0,0,-1,0,0,0,0,10.6216,11.68376,0,0,0,0,0,11.80586,0,0,0,0,2.800006,20,0.2193389,11.68376,0,0,0
8/2/2007 8:00:00 PM,0,0,113.7588,90,0,0,1.530214,0,0,-1,0,0,0,0,1.530214,1.683235,0,0,0,0,0,11.80586,0,0,0,0,2.800006,20,0.2193389,1.683235,0,0,0
8/2/2007 9:00:00 PM,0,0,119.869,90,0,0,4.383477,0,0,-1,0,0,0,0,4.383477,4.821824,0,0,0,0,0,11.80586,0,0,0,0,2.800006,20,0.2193389,4.821824,0,0,0
8/2/2007 10:00:00 PM,0,0,129.8686,90,0,0,0.4653415,0,0,-1,0,0,0,0,0.4653415,0.5118756,0,0,0,0,0,11.80586,0,0,0,0,2.800006,20,0.2193389,0.5118756,0,0,0
8/2/2007 11:00:00 PM,0,0,147.0294,90,0,0,0.9741051,0,0,-1,0,0,0,0,0.9741051,1.071516,0,0,0,0,0,11.80586,0,0,0,0,2.800006,20,0.2193389,1.071516,0,0,0
8/3/2007 12:00:00 AM,0,0,174.3224,90,0,0,1.056389,0,0,-1,0,0,0,0,1.056389,1.162028,0,0,0,0,0,11.80586,0,0,0,0,2.800006,20,0.2193389,1.162028,0,0,0
8/3/2007 1:00:00 AM,0,0,-155.466,90,0,0,0.5270049,0,0,-1,0,0,0,0,0.5270049,0.5797054,0,0,0,0,0,11.80586,0,0,0,0,2.800006,20,0.2193389,0.5797054,0,0,0
8/3/2007 2:00:00 AM,0,0,-134.6594,90,0,0,1.244526,0,0,-1,0,0,0,0,1.244526,1.368978,0,0,0,0,0,11.80586,0,0,0,0,2.800006,20,0.2193389,1.368978,0,0,0
8/3/2007 3:00:00 AM,0,0,-122.5747,90,0,0,0.5398549,0,0,-1,0,0,0,0,0.5398549,0.5938404,0,0,0,0,0,11.80586,0,0,0,0,2.800006,20,0.2193389,0.5938404,0,0,0
8/3/2007 4:00:00 AM,0,0,-115.3567,90,0,0,0,0,0,-1,0,0,0,0,0,0,0,0,0,0,0,11.80586,0,0,0,0,2.800006,20,0.2193389,0,0,0,0
8/3/2007 5:00:00 AM,0,0,-110.7966,90,0,0,0.2112176,0.2112176,3.716481,0,1.179599,0.2112176,0,4.440892E-16,0,0,0,0,0,3.505263,3.33,11.80586,0,3.33,0,3.33,5.959121,42.56506,0.2193453,0.2323393,0,5,0
8/3/2007 6:00:00 AM,0.0011536,0.1986199,-107.8453,92.56107,0.001145079,0.005139117,1.358508,1.358508,4.688141,0,1.444863,1.358508,0.3782912,0,0,0,0.005139117,0,0,3.329633,3.163152,8.475861,2.997,3.168291,0,3.168291,8.964826,64.03434,0.2194594,1.494359,0.004111293,5,3.002139
8/3/2007 7:00:00 AM,0.02667649,14.37625,-106.0363,78.2758,0.02650839,0.1189697,5.692775,5.692775,5,0,1.53,5.692775,2.089836,4.440892E-16,0,0,0.1189697,0.7292365,0.6927747,0,0,5.307569,5.848462,0,0.6102669,-0.6102669,8.321548,59.43951,0.2194594,6.262052,0.09517574,5,5.967432
8/3/2007 8:00:00 AM,0.03893476,28.64805,-105.2559,64.07257,0.03872441,0.1737951,5.309869,5.309869,5,0,1.53,5.309869,3.273059,0,8.881784E-16,0,0.1737951,0.3261779,0.309869,0,0,5.985643,5.238195,0,0.1523827,-0.1523827,8.160922,58.29219,0.2194594,5.840856,0.1390361,5,5.41199
8/3/2007 9:00:00 AM,0.1058805,42.9323,-105.7642,50.09909,0.1052957,0.4725671,4.10664,3.33,0,-1,0,3.33,14.1912,0,0.7766401,1.187304,0.4725671,3.505263,3.33,0,0,6.154958,5.085812,0,3.032696,-3.032696,4.96418,35.45836,0.2194594,4.517304,0.3780537,0,5.558379
8/3/2007 10:00:00 AM,0.1655814,57.10419,-108.6585,36.68125,0.164671,0.7390434,5.343547,5.343547,5,0,1.53,5.343547,13.83058,0,0,0,0.7390434,0.3616286,0.3435472,0,0,9.52462,2.053116,0.3774148,0,0.3774148,5.322227,38.01583,0.2194687,5.877902,0.5912347,5,2.79216
8/3/2007 11:00:00 AM,0.1778666,70.76971,-118.5015,24.79393,0.1769102,0.7939728,0,0,3.505263,0,1.121937,0,0,0,0,0,0.7939728,0,0,3.505263,3.33,9.147205,2.39279,4.123973,0,4.123973,9.234571,65.96109,0.2193892,0,0.6351783,5,3.186762
8/3/2007 12:00:00 PM,0.1340738,80.98143,-163.4686,17.86152,0.133374,0.5985827,3.908699,3.908699,5,0,1.53,3.908699,15.31411,0,0,0,0.5985827,0,0,1.091301,1.036736,5.023232,6.104365,1.635318,0,1.635318,10.78597,77.0425,0.2194412,4.299569,0.4788662,5,6.702948
8/3/2007 1:00:00 PM,0.06797743,75.24084,127.0656,21.42286,0.06763192,0.303532,1.250949,1.250949,4.181112,0,1.306443,1.250949,24.26414,-4.440892E-16,0,0,0.303532,0,0,2.930163,2.783655,3.387914,7.576151,3.087187,0,3.087187,13.71473,97.96218,0.2195173,1.376044,0.2428256,5,7.879683
8/3/2007 2:00:00 PM,0.02389293,62.09336,110.874,32.15902,0.02377332,0.1066947,1.336507,1.336507,0,-1,0,1.336507,7.983098,0,2.220446E-16,0,0.1066947,1.40685,1.336507,0,0,0.3007272,10.35462,0,1.300155,-1.300155,12.34425,88.17303,0.2195173,1.470158,0.08535574,0,10.46131
8/3/2007 3:00:00 PM,0.06221562,48.02463,106.4172,45.20761,0.06189198,0.2777712,0,0,0,-1,0,0,0,0,0,0,0.2777712,0,0,0,0,1.745344,9.054464,0.2777712,0,0.2777712,12.60777,90.05529,0.2194954,0,0.2222169,0,9.332236
8/3/2007 4:00:00 PM,0.03418574,33.76087,105.2598,59.03683,0.0340071,0.1526239,1.817007,1.817007,0,-1,0,1.817007,8.39974,0,2.220446E-16,0,0.1526239,1.912639,1.817007,0,0,1.467573,9.304459,0,1.760015,-1.760015,10.75255,76.80376,0.2194954,1.998708,0.1220991,0,9.457083
8/3/2007 5:00:00 PM,0.02130083,19.47466,105.6352,73.17993,0.02118368,0.09507234,2.55066,2.55066,0,-1,0,2.55066,3.727362,0,0,0,0.09507234,2.684906,2.55066,0,0,3.423145,7.544444,0,2.589833,-2.589833,8.022623,57.30434,0.2194954,2.805727,0.07605787,0,7.639516
8/3/2007 6:00:00 PM,0.06379545,5.253944,107.0796,87.44824,0.04762732,0.2137514,0,0,0,-1,0,0,0,0,0,0,0.2137514,0,0,0,0,6.300738,4.95461,0.2137514,0,0.2137514,8.225406,58.75278,0.2194785,0,0.1710011,0,5.168362
8/3/2007 7:00:00 PM,0,0,109.5892,90,0,0,3.991342,3.33,0,-1,0,3.33,0,0,0.6613417,1.060476,0,3.505263,3.33,0,0,6.086986,5.146986,0,3.505263,-3.505263,4.530534,32.36089,0.2194785,4.390476,0,0,5.146986
8/3/2007 8:00:00 PM,0,0,113.4918,90,0,0,0,0,0,-1,0,0,0,0,0,0,0,0,0,0,0,9.981723,1.641723,0,0,0,4.530534,32.36089,0.2194785,0,0,0,1.641723
8/3/2007 9:00:00 PM,0,0,119.5827,90,0,0,3.734664,1.559637,0,-1,0,1.559637,0,0,2.175027,2.548493,0,1.641723,1.559637,0,0,9.981723,1.641723,0,1.641723,-1.641723,2.800006,20,0.2194785,4.10813,0,0,1.641723
8/3/2007 10:00:00 PM,0,0,129.5647,90,0,0,0.2440339,0,0,-1,0,0,0,0,0.2440339,0.2684373,0,0,0,0,0,11.80586,0,0,0,0,2.800006,20,0.2194785,0.2684373,0,0,0
8/3/2007 11:00:00 PM,0,0,146.7656,90,0,0,0.6382623,0,0,-1,0,0,0,0,0.6382623,0.7020885,0,0,0,0,0,11.80586,0,0,0,0,2.800006,20,0.2194785,0.7020885,0,0,0
8/4/2007 12:00:00 AM,0,0,174.2916,90,0,0,0.8976924,0,0,-1,0,0,0,0,0.8976924,0.9874616,0,0,0,0,0,11.80586,0,0,0,0,2.800006,20,0.2194785,0.9874616,0,0,0
8/4/2007 1:00:00 AM,0,0,-155.2027,90,0,0,0.3457833,0,0,-1,0,0,0,0,0.3457833,0.3803616,0,0,0,0,0,11.80586,0,0,0,0,2.800006,20,0.2194785,0.3803616,0,0,0
8/4/2007 2:00:00 AM,0,0,-134.3211,90,0,0,0.8333394,0,0,-1,0,0,0,0,0.8333394,0.9166734,0,0,0,0,0,11.80586,0,0,0,0,2.800006,20,0.2194785,0.9166734,0,0,0
8/4/2007 3:00:00 AM,0,0,-122.2574,90,0,0,1.223816,0,0,-1,0,0,0,0,1.223816,1.346197,0,0,0,0,0,11.80586,0,0,0,0,2.800006,20,0.2194785,1.346197,0,0,0
8/4/2007 4:00:00 AM,0,0,-115.0678,90,0,0,0.3528171,0,0,-1,0,0,0,0,0.3528171,0.3880988,0,0,0,0,0,11.80586,0,0,0,0,2.800006,20,0.2194785,0.3880988,0,0,0
8/4/2007 5:00:00 AM,0,0,-110.5253,90,0,0,1.027708,1.027708,4.532971,0,1.402501,1.027708,0,0,0,0,0,0,0,3.505263,3.33,11.80586,0,3.33,0,3.33,5.959121,42.56506,0.2195736,1.130479,0,5,0
8/4/2007 6:00:00 AM,0.01774254,0.1684362,-107.5782,92.55093,0.01340537,0.06016331,1.346577,1.346577,4.661575,0,1.43761,1.346577,4.467871,0,0,0,0.06016331,0,0,3.314998,3.149248,8.475861,2.997,3.209412,0,3.209412,9.003837,64.31299,0.2196876,1.481234,0.04813065,5,3.057163
8/4/2007 7:00:00 AM,0.1762062,14.3662,-105.7591,78.24432,0.158693,0.7122142,1.427154,1.427154,4.61592,0,1.425146,1.427154,49.90451,0,0,0,0.7122142,0,0,3.188766,3.029328,5.266448,5.88547,3.741542,0,3.741542,12.55338,89.66679,0.2197588,1.569869,0.5697713,5,6.597685
8/4/2007 8:00:00 AM,0.2384923,28.65791,-104.9499,64.01759,0.2341463,1.050849,1.530647,1.530647,0,0,0,1.530647,68.65388,0,0,0,1.050849,1.611207,1.530647,0,0,1.524906,9.252858,0,0.5603589,-0.5603589,11.9627,85.44772,0.2197588,1.683712,0.8406789,0,10.30371
8/4/2007 9:00:00 AM,0.4410439,42.96469,-105.3997,50.01472,0.429431,1.927286,4.207221,3.33,0,-1,0,3.33,57.87646,0,0.8772208,1.297943,1.927286,3.505263,3.33,0,0,2.147527,8.6925,0,1.577977,-1.577977,10.29937,73.56679,0.2197588,4.627943,1.541829,0,10.61979
8/4/2007 10:00:00 AM,0.5113548,57.16762,-108.1773,36.55462,0.5021709,2.253743,4.697814,4.697814,5,0,1.53,4.697814,47.97429,0,0,0,2.253743,0,0,0.3021858,0.2870765,3.900835,7.114523,2.540819,0,2.540819,12.7098,90.78413,0.2198241,5.167595,1.802994,5,9.368265
8/4/2007 11:00:00 AM,0.615512,70.89167,-117.7722,24.59951,0.6041887,2.711599,1.269668,1.269668,0,0,0,1.269668,213.5676,0.01509071,0,0,2.711599,1.336493,1.269668,0,0,1.360016,9.40126,1.360016,0,1.360016,14.00003,100,0.2197173,1.396635,2.169279,0,12.11286
8/4/2007 12:00:00 PM,0.7114512,81.24171,-163.0357,17.59419,0.6961788,3.12445,2.062923,2.062923,0,0,0,2.062923,151.4575,0.9529527,0,0,3.12445,2.171498,2.062923,0,0,0,10.62527,0,0,0,14.00003,100,0.2197173,2.269215,2.49956,0,13.74972
8/4/2007 1:00:00 PM,0.6025057,75.37851,126.1554,21.21374,0.592755,2.660284,5.870437,5.870437,3.343167,0,1.077685,5.870437,45.31664,0,0,0,2.660284,2.660284,2.52727,0,0,0,10.62527,0,0,0,14.00003,100,0.2197173,6.45748,2.128227,5,13.28556
8/4/2007 2:00:00 PM,0.5207129,62.14573,110.3103,32.03579,0.512527,2.300221,3.682157,3.33,0,-1,0,3.33,69.07572,4.440892E-16,0.3521571,0.7203728,2.300221,3.505263,3.33,0,0,0,10.62527,0,1.205042,-1.205042,12.7298,90.92698,0.2197173,4.050373,1.840177,0,12.9255
8/4/2007 3:00:00 PM,0.3982541,48.03909,106.0159,45.13644,0.3923453,1.760846,3.288972,3.288972,0,-1,0,3.288972,53.53787,0,0,0.2878693,1.760846,3.462076,3.288972,0,0,1.338935,9.420233,0,1.70123,-1.70123,10.93655,78.11805,0.2197173,3.617869,1.408677,0,11.18108
8/4/2007 4:00:00 PM,0.1871558,33.75059,104.9368,58.99947,0.1858074,0.8339037,2.147881,2.147881,0,-1,0,2.147881,38.82448,0,0,0,0.8339037,2.260927,2.147881,0,0,3.229191,7.719002,0,1.427024,-1.427024,9.432333,67.37367,0.2197173,2.362669,0.6671229,0,8.552906
8/4/2007 5:00:00 PM,0.2357408,19.444,105.3521,73.16801,0.2187133,0.9815851,2.978822,2.978822,0,-1,0,2.978822,32.95212,0,0,0,0.9815851,3.135602,2.978822,0,0,4.814773,6.291978,0,2.154017,-2.154017,7.1618,51.15561,0.2197173,3.276704,0.7852681,0,7.273563
8/4/2007 6:00:00 PM,0.06853873,5.203697,106.8144,87.45824,0.0474014,0.2127375,8.130403,3.33,0,-1,0,3.33,6.388514,0,4.800403,5.613443,0.2127375,3.505263,3.33,0,0,7.208125,4.137961,0,3.292526,-3.292526,3.691173,26.36547,0.2197173,8.943443,0.17019,0,4.350699
8/4/2007 7:00:00 PM,0,0,109.327,90,0,0,0,0,0,-1,0,0,0,0,0,0,0,0,0,0,0,10.86649,0.8454357,0,0,0,3.691173,26.36547,0.2197173,0,0,0,0.8454357
8/4/2007 8:00:00 PM,0,0,113.2199,90,0,0,3.790785,0.8031639,0,-1,0,0.8031639,0,0,2.987621,3.3667,0,0.8454357,0.8031639,0,0,10.86649,0.8454357,0,0.8454357,-0.8454357,2.800006,20,0.2197173,4.169864,0,0,0.8454357
8/4/2007 9:00:00 PM,0,0,119.2911,90,0,0,3.191291,0,0,-1,0,0,0,0,3.191291,3.51042,0,0,0,0,0,11.80586,0,0,0,0,2.800006,20,0.2197173,3.51042,0,0,0
8/4/2007 10:00:00 PM,0,0,129.2549,90,0,0,0.872833,0,0,-1,0,0,0,0,0.872833,0.9601163,0,0,0,0,0,11.80586,0,0,0,0,2.800006,20,0.2197173,0.9601163,0,0,0
8/4/2007 11:00:00 PM,0,0,146.4967,90,0,0,0.4547129,0,0,-1,0,0,0,0,0.4547129,0.5001842,0,0,0,0,0,11.80586,0,0,0,0,2.800006,20,0.2197173,0.5001842,0,0,0
8/5/2007 12:00:00 AM,0,0,174.2649,90,0,0,0,0,0,-1,0,0,0,0,0,0,0,0,0,0,0,11.80586,0,0,0,0,2.800006,20,0.2197173,0,0,0,0
8/5/2007 1:00:00 AM,0,0,-154.9258,90,0,0,0,0,0,-1,0,0,0,0,0,0,0,0,0,0,0,11.80586,0,0,0,0,2.800006,20,0.2197173,0,0,0,0
8/5/2007 2:00:00 AM,0,0,-133.971,90,0,0,0.07227223,0,0,-1,0,0,0,0,0.07227223,0.07949945,0,0,0,0,0,11.80586,0,0,0,0,2.800006,20,0.2197173,0.07949945,0,0,0
8/5/2007 3:00:00 AM,0,0,-121.9314,90,0,0,0,0,0,-1,0,0,0,0,0,0,0,0,0,0,0,11.80586,0,0,0,0,2.800006,20,0.2197173,0,0,0,0
8/5/2007 4:00:00 AM,0,0,-114.772,90,0,0,0,0,0,-1,0,0,0,0,0,0,0,0,0,0,0,11.80586,0,0,0,0,2.800006,20,0.2197173,0,0,0,0
8/5/2007 5:00:00 AM,0,0,-110.248,90,0,0,0.9779318,0.9779318,4.483195,0,1.388912,0.9779318,0,4.440892E-16,0,0,0,0,0,3.505263,3.33,11.80586,0,3.33,0,3.33,5.959121,42.56506,0.2198062,1.075725,0,5,0
8/5/2007 6:00:00 AM,0.02655457,0.1399612,-107.3057,92.53823,0.006448692,0.02894173,0.4645816,0.4645816,3.969845,0,1.248768,0.4645816,6.229633,4.440892E-16,0,0,0.02894173,0,0,3.505263,3.33,8.475861,2.997,3.358942,0,3.358942,9.145693,65.32625,0.2198371,0.5110398,0.02315339,5,3.025942
8/5/2007 7:00:00 AM,0.2348833,14.35795,-105.4764,78.21017,0.1977943,0.8877008,3.790367,3.790367,5,0,1.53,3.790367,23.41991,0,0,0,0.8877008,0,0,1.209633,1.149151,5.116919,6.020048,2.036852,0,2.036852,11.07802,79.12856,0.2198994,4.169404,0.7101606,5,6.907748
8/5/2007 8:00:00 AM,0.4765395,28.66957,-104.6379,63.95985,0.4393404,1.97176,0,0,1.25,0,0.50625,0,0,0.08336111,0,0,1.97176,0,0,1.166639,1.108307,3.080066,7.853214,3.080066,0,3.080066,14.00003,100,0.2196584,0,1.577408,5,9.824974
8/5/2007 9:00:00 AM,0.7018884,42.99883,-105.028,49.92746,0.665505,2.986786,2.78143,2.78143,0,-1,0,2.78143,107.3831,0.05896502,0,0,2.986786,2.927821,2.78143,0,0,0,10.62527,0,0,0,14.00003,100,0.2196584,3.059573,2.389429,0,13.61206
8/5/2007 10:00:00 AM,0.780154,57.23265,-107.6859,36.42482,0.7508474,3.369803,2.892236,2.892236,0,0,0,2.892236,116.512,0.3253444,0,0,3.369803,3.044459,2.892236,0,0,0,10.62527,0,0,0,14.00003,100,0.2196584,3.181459,2.695843,0,13.99508
8/5/2007 11:00:00 AM,1.021133,71.01513,-117.0225,24.40101,0.9863616,4.426791,1.185851,1.185851,0,0,0,1.185851,373.3008,3.178527,0,0,4.426791,1.248264,1.185851,0,0,0,10.62527,0,0,0,14.00003,100,0.2196584,1.304436,3.541433,0,15.05206
8/5/2007 12:00:00 PM,1.07807,81.50717,-162.5824,17.32141,1.043544,4.683425,3.646321,3.646321,1.25,0,0.50625,3.646321,128.4425,2.160983,0,0,4.683425,2.522443,2.396321,0,0,0,10.62527,0,0,0,14.00003,100,0.2196584,4.010953,3.74674,5,15.3087
8/5/2007 1:00:00 PM,1.077878,75.51315,125.2057,21.00331,1.042241,4.677575,5.006299,5.006299,1.676299,0,0.6226296,5.006299,93.43379,1.172312,0,0,4.677575,3.505263,3.33,0,0,0,10.62527,0,0,0,14.00003,100,0.2196584,5.506929,3.74206,5,15.30285
8/5/2007 2:00:00 PM,0.8277053,62.19449,109.7327,31.91385,0.7984266,3.583338,0.4792374,0.4792374,0,-1,0,0.4792374,747.7169,3.078878,0,0,3.583338,0.5044604,0.4792374,0,0,0,10.62527,0,0,0,14.00003,100,0.2196584,0.5271611,2.866671,0,14.20861
8/5/2007 3:00:00 PM,0.6839289,48.05008,105.6064,45.06733,0.6540703,2.935467,3.997274,3.33,0,-1,0,3.33,88.15218,0,0.6672738,1.067001,2.935467,3.505263,3.33,0,0,0,10.62527,0,0.5697956,-0.5697956,13.39941,95.70988,0.2196584,4.397001,2.348374,0,13.56074
8/5/2007 4:00:00 PM,0.4960009,33.73693,104.6076,58.96444,0.46597,2.091273,0,0,0,-1,0,0,0,1.458167,0,0,2.091273,0,0,0,0,0.6331062,10.05548,0.6331062,0,0.6331062,14.00003,100,0.2196089,0,1.673019,0,12.14675
8/5/2007 5:00:00 PM,0.2569498,19.40998,105.0637,73.15856,0.2347492,1.053554,1.720729,1.720729,0,-1,0,1.720729,61.2272,0,0,0,1.053554,1.811294,1.720729,0,0,0,10.62527,0,0.7577396,-0.7577396,13.2013,94.29482,0.2196089,1.892802,0.8428434,0,11.67883
8/5/2007 6:00:00 PM,0.07233681,5.150071,106.5446,87.4708,0.04693726,0.2106544,3.40358,3.33,0,-1,0,3.33,6.325958,0,0.0735802,0.4139382,0.2106544,3.505263,3.33,0,0,0.8419329,9.867535,0,3.294609,-3.294609,9.728477,69.48899,0.2196089,3.743938,0.1685235,0,10.07819
8/5/2007 7:00:00 PM,0,0,109.0602,90,0,0,0,0,0,-1,0,0,0,0,0,0,0,0,0,0,0,4.502609,6.572926,0,0,0,9.728477,69.48899,0.2196089,0,0,0,6.572926
8/5/2007 8:00:00 PM,0,0,112.9432,90,0,0,0.9923723,0.9923723,0,-1,0,0.9923723,0,0,0,0,0,1.044603,0.9923723,0,0,4.502609,6.572926,0,1.044603,-1.044603,8.62737,61.62395,0.2196089,1.09161,0,0,6.572926
8/5/2007 9:00:00 PM,0,0,118.9941,90,0,0,2.421015,2.421015,0,-1,0,2.421015,0,0,0,0,0,2.548437,2.421015,0,0,5.663279,5.528323,0,2.548437,-2.548437,5.941082,42.43621,0.2196089,2.663116,0,0,5.528323
8/5/2007 10:00:00 PM,0,0,128.9391,90,0,0,0.7856591,0.7856591,0,-1,0,0.7856591,0,0,0,0,0,0.8270096,0.7856591,0,0,8.494875,2.979887,0,0.8270096,-0.8270096,5.069337,36.20948,0.2196089,0.8642251,0,0,2.979887
8/5/2007 11:00:00 PM,0,0,146.2228,90,0,0,0.06325056,0.06325056,0,-1,0,0.06325056,0,0,0,0,0,0.06657954,0.06325056,0,0,9.413774,2.152877,0,0.06657954,-0.06657954,4.999156,35.70819,0.2196089,0.06957562,0,0,2.152877
8/6/2007 12:00:00 AM,0,0,174.2423,90,0,0,0.3115864,0.3115864,0,-1,0,0.3115864,0,0,5.551115E-17,0,0,0.3279856,0.3115864,0,0,9.487752,2.086297,0,0.3279856,-0.3279856,4.653429,33.23871,0.2196089,0.342745,0,0,2.086297
8/6/2007 1:00:00 AM,0,0,-154.6352,90,0,0,1.92984,1.670396,0,-1,0,1.670396,0,0,0.2594444,0.4524284,0,1.758312,1.670396,0,0,9.85218,1.758312,0,1.758312,-1.758312,2.800006,20,0.2196089,2.122824,0,0,1.758312
8/6/2007 2:00:00 AM,0,0,-133.6092,90,0,0,0.4604511,0,0,-1,0,0,0,0,0.4604511,0.5064961,0,0,0,0,0,11.80586,0,0,0,0,2.800006,20,0.2196089,0.5064961,0,0,0
8/6/2007 3:00:00 AM,0,0,-121.5967,90,0,0,0.9601114,0,0,-1,0,0,0,0,0.9601114,1.056123,0,0,0,0,0,11.80586,0,0,0,0,2.800006,20,0.2196089,1.056123,0,0,0
8/6/2007 4:00:00 AM,0,0,-114.4694,90,0,0,0,0,0,-1,0,0,0,0,0,0,0,0,0,0,0,11.80586,0,0,0,0,2.800006,20,0.2196089,0,0,0,0
8/6/2007 5:00:00 AM,0,0,-109.9649,90,0,0,0.1884594,0.1884594,3.693722,0,1.173386,0.1884594,0,0,0,0,0,0,0,3.505263,3.33,11.80586,0,3.33,0,3.33,5.959121,42.56506,0.2196125,0.2073054,0,5,0
8/6/2007 6:00:00 AM,0.01414757,0.1132246,-107.0277,92.52293,0.01263145,0.05668995,0.9125311,0.9125311,4.417794,0,1.371058,0.9125311,6.212385,0,0,0,0.05668995,0,0,3.505263,3.33,8.475861,2.997,3.38669,0,3.38669,9.172017,65.51427,0.2196895,1.003784,0.04535196,5,3.05369
8/6/2007 7:00:00 AM,0.1805018,14.35148,-105.1882,78.17338,0.1620784,0.7274079,0.6772055,0.6772055,4.182469,0,1.306814,0.6772055,107.4132,0,0,0,0.7274079,0,0,3.505263,3.33,5.08917,6.045021,4.057408,0,4.057408,13.02121,93.00848,0.2196889,0.744926,0.5819263,5,6.772429
8/6/2007 8:00:00 AM,0.3744175,28.68301,-104.32,63.89941,0.3529321,1.583959,3.605755,3.605755,3.081168,0,1.006159,3.605755,43.92864,4.440892E-16,0,0,1.583959,0.5521967,0.5245869,0,0,1.031762,9.696688,1.031762,0,1.031762,14.00003,100,0.2197139,3.966331,1.267167,5,11.28065
8/6/2007 9:00:00 AM,0.5976136,43.03466,-104.6493,49.83739,0.5705589,2.560668,1.890002,1.890002,0,-1,0,1.890002,135.485,0.5711929,0,0,2.560668,1.989476,1.890002,0,0,0,10.62527,0,0,0,14.00003,100,0.2197139,2.079002,2.048535,0,13.18594
8/6/2007 10:00:00 AM,0.3698368,57.29917,-107.1843,36.29194,0.3667105,1.645797,1.948864,1.948864,0,0,0,1.948864,84.44902,4.440892E-16,0,0,1.645797,2.051436,1.948864,0,0,0,10.62527,0,0.4056393,-0.4056393,13.57245,96.94585,0.2197139,2.14375,1.316637,0,12.27107
8/6/2007 11:00:00 AM,0.3955061,71.13985,-116.2521,24.19856,0.3926267,1.762109,0.6173599,0.6173599,0,0,0,0.6173599,285.4265,0.6615459,0,0,1.762109,0.6498525,0.6173599,0,0,0.4507103,10.21964,0.4507103,0,0.4507103,14.00003,100,0.2196788,0.6790959,1.409687,0,11.98174
8/6/2007 12:00:00 PM,0.7596635,81.7777,-162.1061,17.04326,0.7420945,3.33052,1.847512,1.847512,0,0,0,1.847512,180.2706,1.385771,0,0,3.33052,1.944749,1.847512,0,0,0,10.62527,0,0,0,14.00003,100,0.2196788,2.032263,2.664416,0,13.95579
8/6/2007 1:00:00 PM,0.8026587,75.64433,124.2158,20.79183,0.7811302,3.505712,0.8582975,0.8582975,0,0,0,0.8582975,408.4496,2.602241,0,0,3.505712,0.903471,0.8582975,0,0,0,10.62527,0,0,0,14.00003,100,0.2196788,0.9441272,2.80457,0,14.13099
8/6/2007 2:00:00 PM,0.7187135,62.23942,109.1414,31.79341,0.6976003,3.13083,1.949822,1.949822,0,-1,0,1.949822,160.57,1.078386,0,0,3.13083,2.052444,1.949822,0,0,0,10.62527,0,0,0,14.00003,100,0.2196788,2.144804,2.504664,0,13.7561
8/6/2007 3:00:00 PM,0.4750613,48.05748,105.1888,45.00038,0.4644742,2.08456,0.366073,0.366073,0,-1,0,0.366073,569.4384,1.69922,0,0,2.08456,0.38534,0.366073,0,0,0,10.62527,0,0,0,14.00003,100,0.2196788,0.4026803,1.667648,0,12.70983
8/6/2007 4:00:00 PM,0.2862684,33.71982,104.2725,58.93182,0.2813644,1.262763,1.036739,1.036739,0,-1,0,1.036739,121.8015,0.1714593,0,0,1.262763,1.091304,1.036739,0,0,0,10.62527,0,0,0,14.00003,100,0.2196788,1.140413,1.010211,0,11.88804
8/6/2007 5:00:00 PM,0.140994,19.37257,104.7704,73.15164,0.1388351,0.6230919,2.302969,2.302969,0,-1,0,2.302969,27.05602,0,0,0,0.6230919,2.424178,2.302969,0,0,0,10.62527,0,1.801086,-1.801086,12.10152,86.43923,0.2196788,2.533266,0.4984735,0,11.24837
8/6/2007 6:00:00 PM,0.07895045,5.093056,106.2702,87.48596,0.04645464,0.2084884,2.406998,2.406998,0,-1,0,2.406998,8.66176,0,8.881784E-16,0,0.2084884,2.533683,2.406998,0,0,2.001207,8.824188,0,2.325194,-2.325194,9.650547,68.93233,0.2196788,2.647698,0.1667907,0,9.032677
8/6/2007 7:00:00 PM,0,0,108.7888,90,0,0,4.046669,3.33,0,-1,0,3.33,0,0,0.7166686,1.121336,0,3.505263,3.33,0,0,4.584756,6.498994,0,3.505263,-3.505263,5.955675,42.54045,0.2196788,4.451335,0,0,6.498994
8/6/2007 8:00:00 PM,0,0,112.6618,90,0,0,4.762122,2.844044,0,-1,0,2.844044,0,0,1.918078,2.39429,0,2.993731,2.844044,0,0,8.479493,2.993731,0,2.993731,-2.993731,2.800006,20,0.2196788,5.238335,0,0,2.993731
8/6/2007 9:00:00 PM,0,0,118.6918,90,0,0,0,0,0,-1,0,0,0,0,0,0,0,0,0,0,0,11.80586,0,0,0,0,2.800006,20,0.2196788,0,0,0,0
8/6/2007 10:00:00 PM,0,0,128.6172,90,0,0,0,0,0,-1,0,0,0,0,0,0,0,0,0,0,0,11.80586,0,0,0,0,2.800006,20,0.2196788,0,0,0,0
8/6/2007 11:00:00 PM,0,0,145.9437,90,0,0,0,0,0,-1,0,0,0,0,0,0,0,0,0,0,0,11.80586,0,0,0,0,2.800006,20,0.2196788,0,0,0,0
8/7/2007 12:00:00 AM,0,0,174.2241,90,0,0,1.354743,0,0,-1,0,0,0,0,1.354743,1.490218,0,0,0,0,0,11.80586,0,0,0,0,2.800006,20,0.2196788,1.490218,0,0,0
8/7/2007 1:00:00 AM,0,0,-154.3305,90,0,0,0,0,0,-1,0,0,0,0,0,0,0,0,0,0,0,11.80586,0,0,0,0,2.800006,20,0.2196788,0,0,0,0
8/7/2007 2:00:00 AM,0,0,-133.2355,90,0,0,0.1499944,0,0,-1,0,0,0,0,0.1499944,0.1649938,0,0,0,0,0,11.80586,0,0,0,0,2.800006,20,0.2196788,0.1649938,0,0,0
8/7/2007 3:00:00 AM,0,0,-121.2534,90,0,0,0.3770527,0,0,-1,0,0,0,0,0.3770527,0.4147579,0,0,0,0,0,11.80586,0,0,0,0,2.800006,20,0.2196788,0.4147579,0,0,0
8/7/2007 4:00:00 AM,0,0,-114.1601,90,0,0,0.5140443,0,0,-1,0,0,0,0,0.5140443,0.5654488,0,0,0,0,0,11.80586,0,0,0,0,2.800006,20,0.2196788,0.5654488,0,0,0
8/7/2007 5:00:00 AM,0,0,-109.676,90,0,0,0.03690505,0.03690505,3.542168,0,1.132012,0.03690505,0,0,0,0,0,0,0,3.505263,3.33,11.80586,0,3.33,0,3.33,5.959121,42.56506,0.219666,0.04059556,0,5,0
8/7/2007 6:00:00 AM,0.01132062,0.08825325,-106.7444,92.50502,0.01079213,0.04843509,1.896767,1.896767,5,0,1.53,1.896767,2.55356,0,0,0,0.04843509,0,0,3.103233,2.948071,8.475861,2.997,2.996506,0,2.996506,8.801857,62.87028,0.219771,2.086444,0.03874807,5,3.045435
8/7/2007 7:00:00 AM,0.1586754,14.34681,-104.8947,78.13394,0.1473093,0.6611241,0.9792626,0.9792626,4.484526,0,1.389276,0.9792626,67.51244,4.440892E-16,0,0,0.6611241,0,0,3.505263,3.33,5.479354,5.693856,3.991124,0,3.991124,12.58817,89.91531,0.2198077,1.077189,0.5288992,5,6.35498
8/7/2007 8:00:00 AM,0.2359663,28.6982,-103.9962,63.83628,0.2320014,1.041222,8.039873,8.039873,5,0,1.53,8.039873,12.95073,0,0,0.5138603,1.041222,3.199866,3.039873,0,0,1.48823,9.285868,0,2.158644,-2.158644,10.31276,73.66241,0.2198077,8.843861,0.8329778,5,10.32709
8/7/2007 9:00:00 AM,0.2340992,43.07212,-104.2635,49.74456,0.232547,1.043671,4.713056,3.33,0,-1,0,3.33,31.34147,0,1.383056,1.854362,1.043671,3.505263,3.33,0,0,3.886723,7.127223,0,2.461592,-2.461592,7.718013,55.12855,0.2198077,5.184361,0.8349369,0,8.170895
8/7/2007 10:00:00 AM,0.263817,57.36707,-106.6726,36.15608,0.2622677,1.177057,4.505872,4.505872,5,0,1.53,4.505872,26.12275,0,0,0,1.177057,0,0,0.4941283,0.4694219,6.621825,4.665631,1.646479,0,1.646479,9.280001,66.28558,0.2198525,4.956459,0.9416459,5,5.842689
8/7/2007 11:00:00 AM,0.3927938,71.26563,-115.4605,23.99229,0.3899909,1.750279,0,0,3.394807,0,1.091782,0,0,0,0,0,1.750279,0,0,3.394807,3.225067,4.975346,6.147463,4.975346,0,4.975346,14.00003,100,0.2196965,0,1.400223,5,7.897742
8/7/2007 12:00:00 PM,0.5620602,82.05321,-161.6039,16.75981,0.5552132,2.491796,2.586909,2.586909,0,0,0,2.586909,96.3233,0,0,0,2.491796,2.723063,2.586909,0,0,0,10.62527,0,0.2312659,-0.2312659,13.75625,98.25875,0.2196965,2.8456,1.993437,0,13.11707
8/7/2007 1:00:00 PM,0.4375138,75.7716,123.1855,20.57954,0.4340255,1.947906,2.206267,2.206267,0,0,0,2.206267,88.28969,0,0,0,1.947906,2.322387,2.206267,0,0,0.2569621,10.39401,0,0.37448,-0.37448,13.36152,95.43921,0.2196965,2.426894,1.558325,0,12.34192
8/7/2007 2:00:00 PM,0.3057256,62.28035,108.5368,31.67465,0.3038595,1.363721,1.666059,1.666059,0,-1,0,1.666059,81.85313,0,0,0,1.363721,1.753747,1.666059,0,0,0.673051,10.01953,0,0.390025,-0.390025,12.95039,92.50262,0.2196965,1.832665,1.090977,0,11.38325
8/7/2007 3:00:00 PM,0.3661219,48.06119,104.7633,44.93573,0.3618938,1.624179,3.902342,3.33,0,-1,0,3.33,48.77415,0,0.572342,0.9625763,1.624179,3.505263,3.33,0,0,1.106412,9.629503,0,1.881084,-1.881084,10.96756,78.33954,0.2196965,4.292576,1.299343,0,11.25368
8/7/2007 4:00:00 PM,0.2524514,33.69919,103.9315,58.90168,0.2493913,1.119268,1.28634,1.28634,0,-1,0,1.28634,87.01181,2.220446E-16,0,0,1.119268,1.354042,1.28634,0,0,3.196505,7.748419,0,0.2347744,-0.2347744,10.72008,76.57187,0.2196965,1.414974,0.8954144,0,8.867687
8/7/2007 5:00:00 PM,0.1787787,19.33173,104.472,73.14729,0.1731043,0.7768921,4.843961,3.33,0,-1,0,3.33,23.33009,4.440892E-16,1.513961,1.998357,0.7768921,3.505263,3.33,0,0,3.457366,7.513645,0,2.728371,-2.728371,7.844127,56.02937,0.2196965,5.328357,0.6215137,0,8.290537
8/7/2007 6:00:00 PM,0.08428586,5.032647,105.9912,87.50372,0.04665953,0.209408,5.236557,3.33,0,-1,0,3.33,6.288527,4.440892E-16,1.906557,2.430212,0.209408,3.505263,3.33,0,0,6.488889,4.785274,0,3.295855,-3.295855,4.369991,31.21416,0.2196965,5.760212,0.1675264,0,4.994682
8/7/2007 7:00:00 PM,0,0,108.5129,90,0,0,1.969066,1.414948,0,-1,0,1.414948,0,0,0.5541185,0.7510251,0,1.489419,1.414948,0,0,10.15095,1.489419,0,1.489419,-1.489419,2.800006,20,0.2196965,2.165973,0,0,1.489419
8/7/2007 8:00:00 PM,0,0,112.3755,90,0,0,3.561662,0,0,-1,0,0,0,0,3.561662,3.917828,0,0,0,0,0,11.80586,0,0,0,0,2.800006,20,0.2196965,3.917828,0,0,0
8/7/2007 9:00:00 PM,0,0,118.3843,90,0,0,0,0,0,-1,0,0,0,0,0,0,0,0,0,0,0,11.80586,0,0,0,0,2.800006,20,0.2196965,0,0,0,0
8/7/2007 10:00:00 PM,0,0,128.2892,90,0,0,0.008239527,0,0,-1,0,0,0,0,0.008239527,0.009063479,0,0,0,0,0,11.80586,0,0,0,0,2.800006,20,0.2196965,0.009063479,0,0,0
8/7/2007 11:00:00 PM,0,0,145.6592,90,0,0,0.021648,0,0,-1,0,0,0,0,0.021648,0.0238128,0,0,0,0,0,11.80586,0,0,0,0,2.800006,20,0.2196965,0.0238128,0,0,0
8/8/2007 12:00:00 AM,0,0,174.2104,90,0,0,0.6649051,0,0,-1,0,0,0,0,0.6649051,0.7313957,0,0,0,0,0,11.80586,0,0,0,0,2.800006,20,0.2196965,0.7313957,0,0,0
8/8/2007 1:00:00 AM,0,0,-154.0112,90,0,0,0.02905279,0,0,-1,0,0,0,0,0.02905279,0.03195807,0,0,0,0,0,11.80586,0,0,0,0,2.800006,20,0.2196965,0.03195807,0,0,0
8/8/2007 2:00:00 AM,0,0,-132.8498,90,0,0,1.113669,0,0,-1,0,0,0,0,1.113669,1.225036,0,0,0,0,0,11.80586,0,0,0,0,2.800006,20,0.2196965,1.225036,0,0,0
8/8/2007 3:00:00 AM,0,0,-120.9015,90,0,0,0.7520658,0,0,-1,0,0,0,0,0.7520658,0.8272725,0,0,0,0,0,11.80586,0,0,0,0,2.800006,20,0.2196965,0.8272725,0,0,0
8/8/2007 4:00:00 AM,0,0,-113.8442,90,0,0,0.9004384,0,0,-1,0,0,0,0,0.9004384,0.9904822,0,0,0,0,0,11.80586,0,0,0,0,2.800006,20,0.2196965,0.9904822,0,0,0
8/8/2007 5:00:00 AM,0,0,-109.3815,90,0,0,0.6281117,0.6281117,4.133375,0,1.293411,0.6281117,0,0,0,0,0,0,0,3.505263,3.33,11.80586,0,3.33,0,3.33,5.959121,42.56506,0.2197468,0.6909229,0,5,0
8/8/2007 6:00:00 AM,0.02025632,0.0650712,-106.4558,92.48448,0.01198271,0.0537784,1.692014,1.692014,5,0,1.53,1.692014,3.178367,0,0,0,0.0537784,0,0,3.307986,3.142587,8.475861,2.997,3.196366,0,3.196366,8.99146,64.22459,0.219858,1.861215,0.04302272,5,3.050778
8/8/2007 7:00:00 AM,0.1878709,14.34393,-104.5959,78.09187,0.1676322,0.7523333,2.476789,2.476789,5,0,1.53,2.476789,30.37535,0,0,0,0.7523333,0,0,2.523211,2.39705,5.279495,5.873729,3.149384,0,3.149384,11.97923,85.56573,0.2199596,2.724468,0.6018667,5,6.626062
8/8/2007 8:00:00 AM,0.3529532,28.71512,-103.6667,63.77051,0.3357445,1.506821,0,0,0,0,0,0,0,0,0,0,1.506821,0,0,0,0,2.130111,8.708174,1.506821,0,1.506821,13.40872,95.77641,0.2198434,0,1.205457,0,10.215
8/8/2007 9:00:00 AM,0.4268477,43.11115,-103.8706,49.64904,0.4173321,1.872987,0.8836713,0.8836713,0,-1,0,0.8836713,211.9551,0.3195165,0,0,1.872987,0.9301803,0.8836713,0,0,0.6232898,10.06431,0.6232898,0,0.6232898,14.00003,100,0.2197954,0.9720384,1.498389,0,11.9373
8/8/2007 10:00:00 AM,0.1531934,57.43624,-106.1508,36.01734,0.1523686,0.6838305,5.053362,5.053362,4.403723,0,1.367216,5.053362,13.53219,0,0,0,0.6838305,0.6838305,0.649639,0,0,0,10.62527,0,0,0,14.00003,100,0.2197954,5.558699,0.5470644,5,11.3091
8/8/2007 11:00:00 AM,0.214482,71.39223,-114.6472,23.78231,0.2133223,0.9573907,1.946862,1.946862,0,0,0,1.946862,49.17608,0,2.220446E-16,0,0.9573907,2.049329,1.946862,0,0,0,10.62527,0,1.091938,-1.091938,12.84902,91.77856,0.2197954,2.141549,0.7659125,0,11.58266
8/8/2007 12:00:00 PM,0.5004832,82.33355,-161.0721,16.47113,0.4957598,2.22497,0.1858251,0.1858251,0,0,0,0.1858251,1197.346,0.8160998,0,0,2.22497,0.1956054,0.1858251,0,0,1.213265,9.533336,1.213265,0,1.213265,14.00003,100,0.2197019,0.2044076,1.779976,0,11.75831
8/8/2007 1:00:00 PM,0.6731073,75.89449,122.1145,20.3667,0.6604624,2.964155,6.225051,6.225051,3.409103,0,1.095685,6.225051,47.61657,4.440892E-16,0,0,2.964155,2.964155,2.815948,0,0,0,10.62527,0,0,0,14.00003,100,0.2197019,6.847556,2.371324,5,13.58943
8/8/2007 2:00:00 PM,0.7790945,62.31707,107.919,31.55776,0.7548096,3.387586,3.967496,3.33,0,-1,0,3.33,101.7293,0,0.6374965,1.034246,3.387586,3.505263,3.33,0,0,0,10.62527,0,0.1176776,-0.1176776,13.87599,99.11398,0.2197019,4.364246,2.710068,0,14.01286
8/8/2007 3:00:00 PM,0.3156993,48.06111,104.3301,44.87349,0.3130473,1.404956,2.26886,2.26886,0,-1,0,2.26886,61.92344,0,0,0,1.404956,2.388274,2.26886,0,0,0.1307529,10.5076,0,0.9833174,-0.9833174,12.83948,91.71037,0.2197019,2.495746,1.123965,0,11.91255
8/8/2007 4:00:00 PM,0.2374907,33.675,103.5848,58.87411,0.2350269,1.054801,2.364618,2.364618,0,-1,0,2.364618,44.60766,0,0,0,1.054801,2.489071,2.364618,0,0,1.223328,9.52428,0,1.434271,-1.434271,11.32762,80.91143,0.2197019,2.601079,0.8438405,0,10.57908
8/8/2007 5:00:00 PM,0.1902886,19.28745,104.1689,73.14554,0.1830242,0.8214125,4.541796,3.33,0,-1,0,3.33,24.66704,0,1.211796,1.665975,0.8214125,3.505263,3.33,0,0,2.816962,8.090009,0,2.683851,-2.683851,8.498596,60.70414,0.2197019,4.995975,0.65713,0,8.911421
8/8/2007 6:00:00 PM,0.05752832,4.96884,105.7077,87.52412,0.04553184,0.2043469,0,0,0,-1,0,0,0,0,0,0,0.2043469,0,0,0,0,5.799018,5.406158,0.2043469,0,0.2043469,8.692457,62.08885,0.2196862,0,0.1634775,0,5.610505
8/8/2007 7:00:00 PM,0,0,108.2326,90,0,0,0.2791998,0.2791998,0,-1,0,0.2791998,0,0,5.551115E-17,0,0,0.2938945,0.2791998,0,0,5.594671,5.59007,0,0.2938945,-0.2938945,8.382665,59.87606,0.2196862,0.3071198,0,0,5.59007
8/8/2007 8:00:00 PM,0,0,112.0847,90,0,0,7.566182,3.33,0,-1,0,3.33,0,0,4.236182,4.9928,0,3.505263,3.33,0,0,5.921221,5.296175,0,3.505263,-3.505263,4.687793,33.48417,0.2196862,8.3228,0,0,5.296175
8/8/2007 9:00:00 PM,0,0,118.0714,90,0,0,11.5135,1.701367,0,-1,0,1.701367,0,0,9.812128,10.96348,0,1.790912,1.701367,0,0,9.815957,1.790912,0,1.790912,-1.790912,2.800006,20,0.2196862,12.66484,0,0,1.790912
8/8/2007 10:00:00 PM,0,0,127.9551,90,0,0,0,0,0,-1,0,0,0,0,0,0,0,0,0,0,0,11.80586,0,0,0,0,2.800006,20,0.2196862,0,0,0,0
8/8/2007 11:00:00 PM,0,0,145.3692,90,0,0,0.1034621,0,0,-1,0,0,0,0,0.1034621,0.1138083,0,0,0,0,0,11.80586,0,0,0,0,2.800006,20,0.2196862,0.1138083,0,0,0
8/9/2007 12:00:00 AM,0,0,174.2014,90,0,0,0.8476956,0,0,-1,0,0,0,0,0.8476956,0.9324652,0,0,0,0,0,11.80586,0,0,0,0,2.800006,20,0.2196862,0.9324652,0,0,0
8/9/2007 1:00:00 AM,0,0,-153.6771,90,0,0,1.580939,0,0,-1,0,0,0,0,1.580939,1.739033,0,0,0,0,0,11.80586,0,0,0,0,2.800006,20,0.2196862,1.739033,0,0,0
8/9/2007 2:00:00 AM,0,0,-132.4522,90,0,0,2.035717,0,0,-1,0,0,0,0,2.035717,2.239288,0,0,0,0,0,11.80586,0,0,0,0,2.800006,20,0.2196862,2.239288,0,0,0
8/9/2007 3:00:00 AM,0,0,-120.5411,90,0,0,0,0,0,-1,0,0,0,0,0,0,0,0,0,0,0,11.80586,0,0,0,0,2.800006,20,0.2196862,0,0,0,0
8/9/2007 4:00:00 AM,0,0,-113.5216,90,0,0,0.9253609,0,0,-1,0,0,0,0,0.9253609,1.017897,0,0,0,0,0,11.80586,0,0,0,0,2.800006,20,0.2196862,1.017897,0,0,0
8/9/2007 5:00:00 AM,0,0,-109.0814,90,0,0,0.1915423,0.1915423,3.696805,0,1.174228,0.1915423,0,0,0,0,0,0,0,3.505263,3.33,11.80586,0,3.33,0,3.33,5.959121,42.56506,0.2196899,0.2106965,0,5,0
8/9/2007 6:00:00 AM,0.02836528,0.04369931,-106.1621,92.46131,0.004097345,0.01838888,1.988413,1.988413,5,0,1.53,1.988413,0.9248018,0,0,0,0.01838888,0,0,3.011586,2.861007,8.475861,2.997,2.879396,0,2.879396,8.690756,62.07671,0.21979,2.187255,0.01471111,5,3.015389
8/9/2007 7:00:00 AM,0.1899609,14.34284,-104.2919,78.04719,0.1694175,0.7603459,0.4712002,0.4712002,3.976463,0,1.250574,0.4712002,161.3637,0,0,0,0.7603459,0,0,3.505263,3.33,5.596464,5.588457,4.090346,0,4.090346,12.5712,89.7941,0.2197648,0.5183202,0.6082767,5,6.348803
8/9/2007 8:00:00 AM,0.3505136,28.73373,-103.3315,63.70214,0.3340594,1.499259,5.216506,5.216506,5,0,1.53,5.216506,28.74067,0,0,0,1.499259,0.2279007,0.2165057,0,0,1.506118,9.269768,1.271358,0,1.271358,13.77732,98.40919,0.2197952,5.738156,1.199407,5,10.76903
8/9/2007 9:00:00 AM,0.5418054,43.15167,-103.4709,49.5509,0.5220078,2.342771,1.757577,1.757577,0,-1,0,1.757577,133.2955,0.2579298,0,0,2.342771,1.850081,1.757577,0,0,0.2347602,10.41399,0.2347602,0,0.2347602,14.00003,100,0.2197772,1.933335,1.874217,0,12.75676
8/9/2007 10:00:00 AM,0.7580385,57.50654,-105.6189,35.87583,0.7328615,3.289083,0,0,0,0,0,0,0,3.289083,0,0,3.289083,0,0,0,0,0,10.62527,0,0,0,14.00003,100,0.2197772,0,2.631266,0,13.91436
8/9/2007 11:00:00 AM,0.7781768,71.51942,-113.8119,23.56878,0.7584428,3.403891,5.808617,5.808617,2.57492,0,0.8679532,5.808617,58.60072,0,0,0,3.403891,3.403891,3.233697,0,0,0,10.62527,0,0,0,14.00003,100,0.2197772,6.389478,2.723113,5,14.02917
8/9/2007 12:00:00 PM,0.9361022,82.61862,-160.5067,16.17731,0.9101846,4.084908,0,0,0,0,0,0,0,4.084908,0,0,4.084908,0,0,0,0,0,10.62527,0,0,0,14.00003,100,0.2197772,0,3.267927,0,14.71018
8/9/2007 1:00:00 PM,1.062021,76.01254,121.0027,20.15358,1.030241,4.623721,7.812778,7.812778,4.482779,0,1.388799,7.812778,59.18151,1.118458,0,0.2640564,4.623721,3.505263,3.33,0,0,0,10.62527,0,0,0,14.00003,100,0.2197772,8.594056,3.698977,5,15.24899
8/9/2007 2:00:00 PM,0.8473594,62.34941,107.2886,31.44295,0.8196428,3.678557,0,0,0,-1,0,0,0,3.678557,0,0,3.678557,0,0,0,0,0,10.62527,0,0,0,14.00003,100,0.2197772,0,2.942846,0,14.30383
8/9/2007 3:00:00 PM,0.5710183,48.05714,103.8895,44.81379,0.5532271,2.482883,1.763249,1.763249,0,-1,0,1.763249,140.8129,0.6268314,0,0,2.482883,1.856052,1.763249,0,0,0,10.62527,0,0,0,14.00003,100,0.2197772,1.939574,1.986307,0,13.10816
8/9/2007 4:00:00 PM,0.3514923,33.64718,103.2325,58.84917,0.3414394,1.53238,4.567061,3.33,0,-1,0,3.33,46.01742,0,1.237061,1.693767,1.53238,3.505263,3.33,0,0,0,10.62527,0,1.972883,-1.972883,11.92043,85.14574,0.2197772,5.023767,1.225904,0,12.15765
8/9/2007 5:00:00 PM,0.2156249,19.23969,103.861,73.14644,0.2039151,0.9151712,2.430718,2.430718,0,-1,0,2.430718,37.65024,0,0,0,0.9151712,2.55865,2.430718,0,0,2.192092,8.652391,0,1.643479,-1.643479,10.18805,72.77162,0.2197772,2.67379,0.732137,0,9.567562
8/9/2007 6:00:00 PM,0.07702994,4.901638,105.4199,87.54713,0.04552641,0.2043225,5.199952,3.33,0,-1,0,3.33,6.135811,0,1.869952,2.389947,0.2043225,3.505263,3.33,0,0,4.01818,7.008912,0,3.300941,-3.300941,6.70855,47.91812,0.2197772,5.719947,0.163458,0,7.213234
8/9/2007 7:00:00 PM,0,0,107.9479,90,0,0,4.197903,3.33,0,-1,0,3.33,0,0,0.8679034,1.287694,0,3.505263,3.33,0,0,7.685892,3.707971,0,3.505263,-3.505263,3.013679,21.52623,0.2197772,4.617694,0,0,3.707971
8/9/2007 8:00:00 PM,0,0,111.7892,90,0,0,0,0,0,-1,0,0,0,0,0,0,0,0,0,0,0,11.58063,0.202708,0,0,0,3.013679,21.52623,0.2197772,0,0,0,0.202708
8/9/2007 9:00:00 PM,0,0,117.7533,90,0,0,4.894199,0.1925726,0,-1,0,0.1925726,0,0,4.701627,5.191047,0,0.202708,0.1925726,0,0,11.58063,0.202708,0,0.202708,-0.202708,2.800006,20,0.2197772,5.383619,0,0,0.202708
8/9/2007 10:00:00 PM,0,0,127.6148,90,0,0,0.822597,0,0,-1,0,0,0,0,0.822597,0.9048567,0,0,0,0,0,11.80586,0,0,0,0,2.800006,20,0.2197772,0.9048567,0,0,0
8/9/2007 11:00:00 PM,0,0,145.0735,90,0,0,0.8695602,0,0,-1,0,0,0,0,0.8695602,0.9565162,0,0,0,0,0,11.80586,0,0,0,0,2.800006,20,0.2197772,0.9565162,0,0,0
8/10/2007 12:00:00 AM,0,0,174.1973,90,0,0,1.711595,0,0,-1,0,0,0,0,1.711595,1.882755,0,0,0,0,0,11.80586,0,0,0,0,2.800006,20,0.2197772,1.882755,0,0,0
8/10/2007 1:00:00 AM,0,0,-153.3277,90,0,0,0.4593468,0,0,-1,0,0,0,0,0.4593468,0.5052814,0,0,0,0,0,11.80586,0,0,0,0,2.800006,20,0.2197772,0.5052814,0,0,0
8/10/2007 2:00:00 AM,0,0,-132.0425,90,0,0,0.5740594,0,0,-1,0,0,0,0,0.5740594,0.6314653,0,0,0,0,0,11.80586,0,0,0,0,2.800006,20,0.2197772,0.6314653,0,0,0
8/10/2007 3:00:00 AM,0,0,-120.1723,90,0,0,1.612141,0,0,-1,0,0,0,0,1.612141,1.773355,0,0,0,0,0,11.80586,0,0,0,0,2.800006,20,0.2197772,1.773355,0,0,0
8/10/2007 4:00:00 AM,0,0,-113.1926,90,0,0,0.6624117,0,0,-1,0,0,0,0,0.6624117,0.7286529,0,0,0,0,0,11.80586,0,0,0,0,2.800006,20,0.2197772,0.7286529,0,0,0
8/10/2007 5:00:00 AM,0,0,-108.7757,90,0,0,0.1672691,0.1672691,3.672532,0,1.167601,0.1672691,0,0,0,0,0,0,0,3.505263,3.33,11.80586,0,3.33,0,3.33,5.959121,42.56506,0.2197782,0.183996,0,5,0
8/10/2007 6:00:00 AM,0.003193029,0.0241554,-105.8633,92.43549,0.003153787,0.0141542,1.436487,1.436487,4.757769,0,1.463871,1.436487,0.9853345,0,0,0,0.0141542,0,0,3.321283,3.155218,8.475861,2.997,3.169373,0,3.169373,8.965852,64.04167,0.2198879,1.580135,0.01132336,5,3.011154
8/10/2007 7:00:00 AM,0.08785358,14.34353,-103.9828,77.99991,0.08686327,0.3898424,4.064861,4.064861,5,0,1.53,4.064861,9.590546,0,0,0,0.3898424,0,0,0.9351388,0.8883818,5.306488,5.849435,1.278224,0,1.278224,10.17848,72.70329,0.2199279,4.471347,0.3118739,5,6.239278
8/10/2007 8:00:00 AM,0.2559315,28.754,-102.9907,63.63121,0.2508205,1.125682,3.162263,3.162263,5,0,1.53,3.162263,35.59737,0,0,0,1.125682,0,0,1.837737,1.745851,4.028264,6.999837,2.871533,0,2.871533,12.90266,92.16165,0.2200149,3.478489,0.900546,5,8.12552
8/10/2007 9:00:00 AM,0.0672057,43.19362,-103.0643,49.45022,0.06685391,0.3000404,2.562125,2.562125,0,-1,0,2.562125,11.71061,0,0,0,0.3000404,2.696974,2.562125,0,0,1.15673,9.584217,0,2.396933,-2.396933,10.37607,74.11462,0.2200149,2.818337,0.2400323,0,9.884257
8/10/2007 10:00:00 AM,0.1196452,57.57786,-105.077,35.73167,0.1190166,0.5341463,5.072658,5.072658,5,0,1.53,5.072658,10.52991,0,0,0,0.5341463,0.07648193,0.07265783,0,0,3.81999,7.187284,0.4576644,0,0.4576644,10.81025,77.21589,0.2200258,5.579924,0.4273171,5,7.72143
8/10/2007 11:00:00 AM,0.5150868,71.64693,-112.9542,23.35183,0.5094485,2.286405,3.080416,3.080416,4.10254,0,1.284994,3.080416,74.2239,0,0,0,2.286405,0,0,1.022124,0.9710181,3.362325,7.599182,3.257423,0,3.257423,13.90051,99.28915,0.2200774,3.388458,1.829124,5,9.885587
8/10/2007 12:00:00 PM,0.7281278,82.90828,-159.9026,15.87843,0.7140378,3.204602,6.118258,6.118258,3.173544,0,1.031377,6.118258,52.37768,6.938894E-17,0,0,3.204602,3.099699,2.944714,0,0,0.1049022,10.53086,0.1049022,0,0.1049022,14.00003,100,0.2200798,6.730084,2.563681,5,13.73546
8/10/2007 1:00:00 PM,0.8421969,76.12527,119.8502,19.94045,0.8205401,3.682584,2.089257,2.089257,0,0,0,2.089257,176.2628,1.483366,0,0,3.682584,2.199218,2.089257,0,0,0,10.62527,0,0,0,14.00003,100,0.2200798,2.298183,2.946067,0,14.30786
8/10/2007 2:00:00 PM,0.6361476,62.37717,106.6457,31.33039,0.622472,2.793654,0,0,0,-1,0,0,0,2.793654,0,0,2.793654,0,0,0,0,0,10.62527,0,0,0,14.00003,100,0.2200798,0,2.234924,0,13.41893
8/10/2007 3:00:00 PM,0.4059145,48.04918,103.4416,44.75673,0.4002194,1.796185,2.451939,2.451939,0,-1,0,2.451939,73.2557,0,0,0,1.796185,2.580988,2.451939,0,0,0,10.62527,0,0.7848032,-0.7848032,13.17277,94.09105,0.2200798,2.697132,1.436948,0,12.42146
8/10/2007 4:00:00 PM,0.3865245,33.61568,102.8748,58.82693,0.3728088,1.673166,2.789432,2.789432,0,-1,0,2.789432,59.98233,0,0,0,1.673166,2.936244,2.789432,0,0,0.8720036,9.840471,0,1.263078,-1.263078,11.84137,84.58106,0.2200798,3.068375,1.338533,0,11.51364
8/10/2007 5:00:00 PM,0.1550865,19.18843,103.5486,73.15002,0.1520127,0.6822329,6.150321,3.33,0,-1,0,3.33,20.48748,0,2.820322,3.435354,0.6822329,3.505263,3.33,0,0,2.275423,8.577394,0,2.82303,-2.82303,8.865637,63.32585,0.2200798,6.765354,0.5457863,0,9.259626
8/10/2007 6:00:00 PM,0.04117611,4.831046,105.1278,87.5728,0.0383054,0.1719146,9.873635,3.33,0,-1,0,3.33,5.162602,0,6.543635,7.530999,0.1719146,3.505263,3.33,0,0,5.412124,5.754363,0,3.333349,-3.333349,5.351979,38.22834,0.2200798,10.861,0.1375317,0,5.926278
8/10/2007 7:00:00 PM,0,0,107.659,90,0,0,7.02271,2.299964,0,-1,0,2.299964,0,0,4.722746,5.425017,0,2.421015,2.299964,0,0,9.115844,2.421015,0,2.421015,-2.421015,2.800006,20,0.2200798,7.724981,0,0,2.421015
8/10/2007 8:00:00 PM,0,0,111.4891,90,0,0,4.963521,0,0,-1,0,0,0,0,4.963521,5.459873,0,0,0,0,0,11.80586,0,0,0,0,2.800006,20,0.2200798,5.459873,0,0,0
8/10/2007 9:00:00 PM,0,0,117.43,90,0,0,7.328126,0,0,-1,0,0,0,0,7.328126,8.060938,0,0,0,0,0,11.80586,0,0,0,0,2.800006,20,0.2200798,8.060938,0,0,0
8/10/2007 10:00:00 PM,0,0,127.2682,90,0,0,0.9750546,0,0,-1,0,0,0,0,0.9750546,1.07256,0,0,0,0,0,11.80586,0,0,0,0,2.800006,20,0.2200798,1.07256,0,0,0
8/10/2007 11:00:00 PM,0,0,144.772,90,0,0,1.92334,0,0,-1,0,0,0,0,1.92334,2.115674,0,0,0,0,0,11.80586,0,0,0,0,2.800006,20,0.2200798,2.115674,0,0,0
8/11/2007 12:00:00 AM,0,0,174.1983,90,0,0,0,0,0,-1,0,0,0,0,0,0,0,0,0,0,0,11.80586,0,0,0,0,2.800006,20,0.2200798,0,0,0,0
8/11/2007 1:00:00 AM,0,0,-152.9626,90,0,0,1.329997,0,0,-1,0,0,0,0,1.329997,1.462997,0,0,0,0,0,11.80586,0,0,0,0,2.800006,20,0.2200798,1.462997,0,0,0
8/11/2007 2:00:00 AM,0,0,-131.6207,90,0,0,0.04672607,0,0,-1,0,0,0,0,0.04672607,0.05139868,0,0,0,0,0,11.80586,0,0,0,0,2.800006,20,0.2200798,0.05139868,0,0,0
8/11/2007 3:00:00 AM,0,0,-119.7951,90,0,0,0.8955659,0,0,-1,0,0,0,0,0.8955659,0.9851224,0,0,0,0,0,11.80586,0,0,0,0,2.800006,20,0.2200798,0.9851224,0,0,0
8/11/2007 4:00:00 AM,0,0,-112.8572,90,0,0,1.18516,0,0,-1,0,0,0,0,1.18516,1.303676,0,0,0,0,0,11.80586,0,0,0,0,2.800006,20,0.2200798,1.303676,0,0,0
8/11/2007 5:00:00 AM,0,0,-108.4647,90,0,0,0,0,0,0,0,0,0,0,0,0,0,0,0,0,0,11.80586,0,0,0,0,2.800006,20,0.2200798,0,0,0,0
8/11/2007 6:00:00 AM,0.02029728,0.006454117,-105.5594,92.40704,0.0116771,0.05240681,1.074255,1.074255,4.579518,0,1.415208,1.074255,4.878433,0,0,0,0.05240681,0,0,3.505263,3.33,11.80586,0,3.382407,0,3.382407,6.008839,42.92019,0.2201719,1.181681,0.04192545,5,0.05240681
8/11/2007 7:00:00 AM,0.1893498,14.34598,-103.6686,77.95005,0.1698488,0.7622812,3.495516,3.495516,5,0,1.53,3.495516,21.8074,2.220446E-16,0,0,0.7622812,0,0,1.504484,1.42926,8.423453,3.044166,2.191541,0,2.191541,8.087916,57.77072,0.220239,3.845068,0.609825,5,3.806447
8/11/2007 8:00:00 AM,0.3084399,28.77588,-102.6444,63.55777,0.2983284,1.338898,0.9318523,0.9318523,4.437116,0,1.376333,0.9318523,143.6813,0,0,0,1.338898,0,0,3.505263,3.33,6.231913,5.016553,4.668898,0,4.668898,12.51722,89.40855,0.2202177,1.025038,1.071118,5,6.355451
8/11/2007 9:00:00 AM,0.5967773,43.23693,-102.6509,49.34708,0.5729043,2.571195,5.482694,3.33,0,-1,0,3.33,77.21305,0,2.152694,2.700963,2.571195,3.505263,3.33,0,0,1.563015,9.218561,0,0.9340685,-0.9340685,11.53263,82.37575,0.2202177,6.030963,2.056956,0,11.78976
8/11/2007 10:00:00 AM,0.872861,57.65007,-104.5249,35.58498,0.8429716,3.783257,1.652983,1.652983,0,0,0,1.652983,228.8745,0,0,0,3.783257,1.739982,1.652983,0,0,2.600869,8.284492,2.043275,0,2.043275,13.47105,96.22158,0.2200622,1.818281,3.026605,0,12.06775
8/11/2007 11:00:00 AM,0.8792625,71.77452,-112.0736,23.13163,0.8550856,3.837624,0.04164561,0.04164561,0,0,0,0.04164561,9214.954,3.236192,0,0,3.837624,0.04383749,0.04164561,0,0,0.5575941,10.12344,0.5575941,0,0.5575941,14.00003,100,0.2200197,0.04581017,3.070099,0,13.96106
8/11/2007 12:00:00 PM,0.8216382,83.20236,-159.2539,15.57456,0.8028679,3.603271,5.335917,5.335917,2.005916,0,0.7126152,5.335917,67.52863,0.0980081,0,0,3.603271,3.505263,3.33,0,0,0,10.62527,0,0,0,14.00003,100,0.2200197,5.869508,2.882617,5,14.22855
8/11/2007 1:00:00 PM,0.518332,76.23218,118.6574,19.72761,0.5130641,2.302632,4.302414,4.302414,2.114914,0,0.7423716,4.302414,53.51952,0,0,0,2.302632,2.302632,2.1875,0,0,0,10.62527,0,0,0,14.00003,100,0.2200197,4.732656,1.842105,5,12.92791
8/11/2007 2:00:00 PM,0.4986885,62.40019,105.9909,31.22029,0.4925015,2.210346,3.367624,3.33,0,-1,0,3.33,66.37677,0,0.03762357,0.3743859,2.210346,3.505263,3.33,0,0,0,10.62527,0,1.294917,-1.294917,12.63507,90.25029,0.2200197,3.704386,1.768277,0,12.83562
8/11/2007 3:00:00 PM,0.5492914,48.03714,102.9867,44.70244,0.534121,2.397135,3.757193,3.33,0,-1,0,3.33,71.98605,0,0.4271929,0.8029122,2.397135,3.505263,3.33,0,0,1.438796,9.330358,0,1.108128,-1.108128,11.467,81.90695,0.2200197,4.132912,1.917708,0,11.72749
8/11/2007 4:00:00 PM,0.509588,33.58047,102.5119,58.80746,0.4814144,2.160588,2.237034,2.237034,0,-1,0,2.237034,96.5827,0,0,0,2.160588,2.354773,2.237034,0,0,2.670049,8.22223,0,0.1941848,-0.1941848,11.26231,80.44489,0.2200197,2.460737,1.72847,0,10.38282
8/11/2007 5:00:00 PM,0.2809538,19.13367,103.2316,73.1563,0.254845,1.143744,5.272317,3.33,0,-1,0,3.33,34.34668,4.440892E-16,1.942317,2.469549,1.143744,3.505263,3.33,0,0,2.88581,8.028045,0,2.361519,-2.361519,8.773048,62.66451,0.2200197,5.799549,0.9149956,0,9.171789
8/11/2007 6:00:00 PM,0.07413653,4.757072,104.8315,87.6011,0.04470021,0.2006145,3.680502,3.33,0,-1,0,3.33,6.02446,0,0.3505019,0.7185521,0.2006145,3.505263,3.33,0,0,5.50972,5.666526,0,3.304649,-3.304649,5.289643,37.78309,0.2200197,4.048552,0.1604916,0,5.867141
8/11/2007 7:00:00 PM,0,0,107.3659,90,0,0,5.088968,2.243784,0,-1,0,2.243784,0,0,2.845184,3.354081,0,2.361877,2.243784,0,0,9.181552,2.361877,0,2.361877,-2.361877,2.800006,20,0.2200197,5.597865,0,0,2.361877
8/11/2007 8:00:00 PM,0,0,111.1846,90,0,0,3.330221,4.00235E-16,0,-1,0,4.00235E-16,0,0,3.330221,3.663243,0,4.213E-16,4.00235E-16,0,0,11.80586,4.213E-16,0,4.213E-16,0,2.800006,20,0.2200197,3.663243,0,0,4.213E-16
8/11/2007 9:00:00 PM,0,0,117.1014,90,0,0,2.573406,4.00235E-16,0,-1,0,4.00235E-16,0,0,2.573406,2.830746,0,4.213E-16,4.00235E-16,0,0,11.80586,4.213E-16,0,4.213E-16,0,2.800006,20,0.2200197,2.830746,0,0,4.213E-16
8/11/2007 10:00:00 PM,0,0,126.9153,90,0,0,1.523081,4.00235E-16,0,-1,0,4.00235E-16,0,0,1.523081,1.675389,0,4.213E-16,4.00235E-16,0,0,11.80586,4.213E-16,0,4.213E-16,0,2.800006,20,0.2200197,1.675389,0,0,4.213E-16
8/11/2007 11:00:00 PM,0,0,144.4646,90,0,0,0.03267203,4.00235E-16,0,-1,0,4.00235E-16,0,0,0.03267203,0.03593924,0,4.213E-16,4.00235E-16,0,0,11.80586,4.213E-16,0,4.213E-16,0,2.800006,20,0.2200197,0.03593924,0,0,4.213E-16
8/12/2007 12:00:00 AM,0,0,174.2045,90,0,0,0.4510357,4.00235E-16,0,-1,0,4.00235E-16,0,0,0.4510357,0.4961393,0,4.213E-16,4.00235E-16,0,0,11.80586,4.213E-16,0,4.213E-16,0,2.800006,20,0.2200197,0.4961393,0,0,4.213E-16
8/12/2007 1:00:00 AM,0,0,-152.5814,90,0,0,1.310456,4.00235E-16,0,-1,0,4.00235E-16,0,0,1.310456,1.441501,0,4.213E-16,4.00235E-16,0,0,11.80586,4.213E-16,0,4.213E-16,0,2.800006,20,0.2200197,1.441501,0,0,4.213E-16
8/12/2007 2:00:00 AM,0,0,-131.1869,90,0,0,0.971121,4.00235E-16,0,-1,0,4.00235E-16,0,0,0.971121,1.068233,0,4.213E-16,4.00235E-16,0,0,11.80586,4.213E-16,0,4.213E-16,0,2.800006,20,0.2200197,1.068233,0,0,4.213E-16
8/12/2007 3:00:00 AM,0,0,-119.4097,90,0,0,0.336008,4.00235E-16,0,-1,0,4.00235E-16,0,0,0.336008,0.3696087,0,4.213E-16,4.00235E-16,0,0,11.80586,4.213E-16,0,4.213E-16,0,2.800006,20,0.2200197,0.3696087,0,0,4.213E-16
8/12/2007 4:00:00 AM,0,0,-112.5155,90,0,0,0.3949181,4.00235E-16,0,-1,0,4.00235E-16,0,0,0.3949181,0.4344099,0,4.213E-16,4.00235E-16,0,0,11.80586,4.213E-16,0,4.213E-16,0,2.800006,20,0.2200197,0.4344099,0,0,4.213E-16
8/12/2007 5:00:00 AM,0,0,-108.1484,90,0,0,0.2724328,0.2724328,3.777696,0,1.196311,0.2724328,0,0,0,0,0,0,0,3.505263,3.33,11.80586,4.213E-16,3.33,0,3.33,5.959121,42.56506,0.2200315,0.2996761,0,5,4.213E-16
8/12/2007 6:00:00 AM,0.009359147,0,-105.2507,90,0,0,0.9177721,0.9177721,4.423035,0,1.372489,0.9177721,0,4.440892E-16,0,0,0,0,0,3.505263,3.33,8.475861,2.997,3.33,0,3.33,9.118237,65.13013,0.2201107,1.009549,0,5,2.997
8/12/2007 7:00:00 AM,0.03740525,14.35019,-103.3495,77.89764,0.03715867,0.1667681,6.373556,6.373556,5,0,1.53,6.373556,2.616563,2.220446E-16,0,0,0.1667681,1.445848,1.373556,0,0,5.14586,5.994,0,1.27908,-1.27908,7.769968,55.49966,0.2201107,7.010911,0.1334145,5,6.160768
8/12/2007 8:00:00 AM,0.1136069,28.79933,-102.2927,63.48187,0.1129075,0.5067291,5.103839,5.103839,5,0,1.53,5.103839,9.928391,0,0,0,0.5067291,0.1093041,0.1038389,0,0,6.56706,4.71492,0.397425,0,0.397425,8.146998,58.19273,0.2201201,5.614223,0.4053832,5,5.221649
8/12/2007 9:00:00 AM,0.1020603,43.28151,-102.2308,49.24155,0.1015115,0.4555838,3.283441,3.283441,0,-1,0,3.283441,13.8752,0,8.881784E-16,0.2817847,0.4555838,3.456253,3.283441,0,0,6.169635,5.072603,0,3.000669,-3.000669,4.984015,35.60003,0.2201201,3.611785,0.3644671,0,5.528186
8/12/2007 10:00:00 AM,0.1450973,57.72302,-103.9629,35.43587,0.1443279,0.6477438,1.783929,1.783929,0,0,0,1.783929,36.30996,0,0,0,0.6477438,1.87782,1.783929,0,0,9.503713,2.071933,0,1.230076,-1.230076,3.687401,26.33852,0.2201201,1.962322,0.518195,0,2.719677
8/12/2007 11:00:00 AM,0.1843489,71.9019,-111.1698,22.90831,0.1833762,0.8229923,1.745425,1.745425,4.717972,0,1.453006,1.745425,47.15141,0,0,0,0.8229923,0,0,2.972547,2.82392,10.87046,0.841857,3.646912,0,3.646912,7.147165,51.05108,0.2202059,1.919967,0.6583938,5,1.664849
8/12/2007 12:00:00 PM,0.1502787,83.50071,-158.5535,15.2658,0.1495016,0.6709631,4.27382,4.27382,5,0,1.53,4.27382,15.69938,0,0,0,0.6709631,0,0,0.7261803,0.6898713,7.223551,4.124078,1.360834,0,1.360834,8.438167,60.2725,0.2202451,4.701202,0.5367705,5,4.795041
8/12/2007 1:00:00 PM,0.2326669,76.33279,117.4245,19.51534,0.2314214,1.038619,1.494604,1.494604,4.67445,0,1.441125,1.494604,69.49129,0,0,0,1.038619,0,0,3.179847,3.020855,5.862717,5.348829,4.059474,0,4.059474,12.28932,87.78069,0.2202949,1.644064,0.8308954,5,6.387448
8/12/2007 2:00:00 PM,0.1860973,62.41829,105.3245,31.11284,0.1850997,0.8307276,0.6849833,0.6849833,0,-1,0,0.6849833,121.2771,0,0,0,0.8307276,0.721035,0.6849833,0,0,1.803243,9.002356,0.1096926,0,0.1096926,12.39338,88.524,0.2202866,0.7534816,0.6645821,0,9.833083
8/12/2007 3:00:00 PM,0.1958351,48.02094,102.5251,44.65102,0.1947225,0.8739147,0.2647334,0.2647334,0,-1,0,0.2647334,330.1112,0,0,0,0.8739147,0.2786667,0.2647334,0,0,1.69355,9.101079,0.5952479,0,0.5952479,12.95809,92.55758,0.2202415,0.2912067,0.6991317,0,9.974994
8/12/2007 4:00:00 PM,0.0851464,33.5415,102.1438,58.79081,0.08467279,0.3800115,5.403016,3.33,0,-1,0,3.33,11.41176,0,2.073016,2.613317,0.3800115,3.505263,3.33,0,0,1.098303,9.636802,0,3.125252,-3.125252,9.663782,69.02688,0.2202415,5.943317,0.3040092,0,10.01681
8/12/2007 5:00:00 PM,0.1070276,19.07539,102.9103,73.16532,0.1061414,0.4763626,4.2579,3.33,0,-1,0,3.33,14.30518,0,0.9279001,1.35369,0.4763626,3.505263,3.33,0,0,4.570805,6.51155,0,3.028901,-3.028901,6.471041,46.22163,0.2202415,4.68369,0.38109,0,6.987913
8/12/2007 6:00:00 PM,0.07586631,4.67973,104.5312,87.63205,0.04437953,0.1991753,9.633363,3.33,0,-1,0,3.33,5.981241,0,6.303362,7.266699,0.1991753,3.505263,3.33,0,0,7.93625,3.48265,0,3.306088,-3.306088,2.986118,21.32937,0.2202415,10.5967,0.1593403,0,3.681825
8/12/2007 7:00:00 PM,0,0,107.0687,90,0,0,5.847145,0.1677336,0,-1,0,0.1677336,0,0,5.679411,6.264126,0,0.1765617,0.1677336,0,0,11.60968,0.1765617,0,0.1765617,-0.1765617,2.800006,20,0.2202415,6.431859,0,0,0.1765617
8/12/2007 8:00:00 PM,0,0,110.8755,90,0,0,0,0,0,-1,0,0,0,0,0,0,0,0,0,0,0,11.80586,0,0,0,0,2.800006,20,0.2202415,0,0,0,0
8/12/2007 9:00:00 PM,0,0,116.7677,90,0,0,1.841578,0,0,-1,0,0,0,0,1.841578,2.025736,0,0,0,0,0,11.80586,0,0,0,0,2.800006,20,0.2202415,2.025736,0,0,0
8/12/2007 10:00:00 PM,0,0,126.5561,90,0,0,0,0,0,-1,0,0,0,0,0,0,0,0,0,0,0,11.80586,0,0,0,0,2.800006,20,0.2202415,0,0,0,0
8/12/2007 11:00:00 PM,0,0,144.1509,90,0,0,0.7696366,0,0,-1,0,0,0,0,0.7696366,0.8466002,0,0,0,0,0,11.80586,0,0,0,0,2.800006,20,0.2202415,0.8466002,0,0,0
8/13/2007 12:00:00 AM,0,0,174.2161,90,0,0,0.6848075,0,0,-1,0,0,0,0,0.6848075,0.7532882,0,0,0,0,0,11.80586,0,0,0,0,2.800006,20,0.2202415,0.7532882,0,0,0
8/13/2007 1:00:00 AM,0,0,-152.1837,90,0,0,0.3386069,0,0,-1,0,0,0,0,0.3386069,0.3724676,0,0,0,0,0,11.80586,0,0,0,0,2.800006,20,0.2202415,0.3724676,0,0,0
8/13/2007 2:00:00 AM,0,0,-130.7408,90,0,0,0,0,0,-1,0,0,0,0,0,0,0,0,0,0,0,11.80586,0,0,0,0,2.800006,20,0.2202415,0,0,0,0
8/13/2007 3:00:00 AM,0,0,-119.0161,90,0,0,0.06270687,0,0,-1,0,0,0,0,0.06270687,0.06897755,0,0,0,0,0,11.80586,0,0,0,0,2.800006,20,0.2202415,0.06897755,0,0,0
8/13/2007 4:00:00 AM,0,0,-112.1677,90,0,0,0.5996839,0,0,-1,0,0,0,0,0.5996839,0.6596524,0,0,0,0,0,11.80586,0,0,0,0,2.800006,20,0.2202415,0.6596524,0,0,0
8/13/2007 5:00:00 AM,0,0,-107.8268,90,0,0,0,0,0,0,0,0,0,0,0,0,0,0,0,0,0,11.80586,0,0,0,0,2.800006,20,0.2202415,0,0,0,0
8/13/2007 6:00:00 AM,0.01398019,0,-104.9371,90,0,0,0.5374942,0.5374942,4.042758,0,1.268673,0.5374942,0,4.440892E-16,0,0,0,0,0,3.505263,3.33,11.80586,0,3.33,0,3.33,5.959121,42.56506,0.2202805,0.5912437,0,5,0
8/13/2007 7:00:00 AM,0.06417254,14.35613,-103.0256,77.8427,0.06366489,0.285728,1.14946,1.14946,4.654723,0,1.435739,1.14946,24.85759,4.440892E-16,0,0,0.285728,0,0,3.505263,3.33,8.475861,2.997,3.615728,0,3.615728,9.389301,67.06631,0.2203616,1.264406,0.2285824,5,3.282728
8/13/2007 8:00:00 AM,0.1434486,28.82431,-101.9356,63.40357,0.1425123,0.6395952,0.2069173,0.2069173,3.71218,0,1.178425,0.2069173,309.1066,0,0,0,0.6395952,0,0,3.505263,3.33,4.860132,6.251155,3.969595,0,3.969595,13.15519,93.96545,0.2203178,0.2276091,0.5116761,5,6.89075
8/13/2007 9:00:00 AM,0.3586459,43.32728,-101.8041,49.13374,0.3540304,1.588888,3.782774,3.33,0,-1,0,3.33,47.71437,0,0.452774,0.8310514,1.588888,3.505263,3.33,0,0,0.8905371,9.823791,0,1.916375,-1.916375,11.13515,79.53665,0.2203178,4.161051,1.271111,0,11.41268
8/13/2007 10:00:00 AM,0.6288697,57.79659,-103.3909,35.28448,0.6146963,2.758757,3.594674,3.594674,3.842705,0,1.214059,3.594674,76.74568,0,0,0,2.758757,0,0,0.248031,0.2356294,3.019842,7.907416,2.994387,0,2.994387,13.97588,99.82751,0.2203611,3.954142,2.207006,5,10.66617
8/13/2007 11:00:00 AM,0.3344821,72.02881,-110.2425,22.68206,0.3325323,1.492405,0,0,0,0,0,0,0,1.466949,0,0,1.492405,0,0,0,0,0.02545581,10.60236,0.02545581,0,0.02545581,14.00003,100,0.2203592,0,1.193924,0,12.09477
8/13/2007 12:00:00 PM,0.4970393,83.80312,-157.7924,14.95224,0.4928045,2.211707,6.514096,6.514096,4.412975,0,1.369742,6.514096,33.95262,8.881784E-16,0,0,2.211707,2.211707,2.101121,0,0,0,10.62527,0,0,0,14.00003,100,0.2203592,7.165506,1.769365,5,12.83698
8/13/2007 1:00:00 PM,0.2929652,76.42659,116.1525,19.30396,0.29136,1.307624,0,0,0,0,0,0,0,1.307624,0,0,1.307624,0,0,0,0,0,10.62527,0,0,0,14.00003,100,0.2203592,0,1.046099,0,11.9329
8/13/2007 2:00:00 PM,0.2127854,62.43129,104.647,31.00822,0.2116334,0.9498106,0,0,0,-1,0,0,0,0.9498106,0,0,0.9498106,0,0,0,0,0,10.62527,0,0,0,14.00003,100,0.2203592,0,0.7598485,0,11.57508
8/13/2007 3:00:00 PM,0.4119461,48.0005,102.0569,44.60257,0.4062977,1.823464,4.98797,3.33,0,-1,0,3.33,54.75868,0,1.65797,2.156767,1.823464,3.505263,3.33,0,0,0,10.62527,0,1.681799,-1.681799,12.22726,87.33737,0.2203592,5.486767,1.458771,0,12.44874
8/13/2007 4:00:00 PM,0.2636203,33.49873,101.7708,58.77704,0.2603297,1.16836,4.378395,3.33,0,-1,0,3.33,35.08587,0,1.048395,1.486234,1.16836,3.505263,3.33,0,0,1.868666,8.943475,0,2.336904,-2.336904,9.763944,69.74232,0.2203592,4.816234,0.9346877,0,10.11183
8/13/2007 5:00:00 PM,0.05855362,19.01359,102.5847,73.1771,0.05818116,0.261117,0,0,0,-1,0,0,0,0,0,0,0.261117,0,0,0,0,4.465225,6.606572,0.261117,0,0.261117,10.01166,71.51172,0.2203395,0,0.2088936,0,6.867689
8/13/2007 6:00:00 PM,0.01697569,4.599037,104.2268,87.66563,0.01676322,0.07523331,3.326275,3.326275,0,-1,0,3.326275,2.261788,0,4.440892E-16,0.328903,0.07523331,3.501343,3.326275,0,0,4.204108,6.841577,0,3.426109,-3.426109,6.400225,45.7158,0.2203395,3.658903,0.06018665,0,6.91681
8/13/2007 7:00:00 PM,0,0,106.7675,90,0,0,6.006075,3.244694,0,-1,0,3.244694,0,0,2.76138,3.361988,0,3.415468,3.244694,0,0,8.010896,3.415468,0,3.415468,-3.415468,2.800006,20,0.2203395,6.606682,0,0,3.415468
8/13/2007 8:00:00 PM,0,0,110.5621,90,0,0,0.1521336,0,0,-1,0,0,0,0,0.1521336,0.1673469,0,0,0,0,0,11.80586,0,0,0,0,2.800006,20,0.2203395,0.1673469,0,0,0
8/13/2007 9:00:00 PM,0,0,116.4288,90,0,0,2.788649,0,0,-1,0,0,0,0,2.788649,3.067514,0,0,0,0,0,11.80586,0,0,0,0,2.800006,20,0.2203395,3.067514,0,0,0
8/13/2007 10:00:00 PM,0,0,126.1904,90,0,0,0.2184502,0,0,-1,0,0,0,0,0.2184502,0.2402953,0,0,0,0,0,11.80586,0,0,0,0,2.800006,20,0.2203395,0.2402953,0,0,0
8/13/2007 11:00:00 PM,0,0,143.8309,90,0,0,1.036602,0,0,-1,0,0,0,0,1.036602,1.140262,0,0,0,0,0,11.80586,0,0,0,0,2.800006,20,0.2203395,1.140262,0,0,0
8/14/2007 12:00:00 AM,0,0,174.2335,90,0,0,0.469517,0,0,-1,0,0,0,0,0.469517,0.5164687,0,0,0,0,0,11.80586,0,0,0,0,2.800006,20,0.2203395,0.5164687,0,0,0
8/14/2007 1:00:00 AM,0,0,-151.7691,90,0,0,0.02041959,0,0,-1,0,0,0,0,0.02041959,0.02246155,0,0,0,0,0,11.80586,0,0,0,0,2.800006,20,0.2203395,0.02246155,0,0,0
8/14/2007 2:00:00 AM,0,0,-130.2827,90,0,0,1.160745,0,0,-1,0,0,0,0,1.160745,1.276819,0,0,0,0,0,11.80586,0,0,0,0,2.800006,20,0.2203395,1.276819,0,0,0
8/14/2007 3:00:00 AM,0,0,-118.6143,90,0,0,0.4099842,0,0,-1,0,0,0,0,0.4099842,0.4509827,0,0,0,0,0,11.80586,0,0,0,0,2.800006,20,0.2203395,0.4509827,0,0,0
8/14/2007 4:00:00 AM,0,0,-111.8138,90,0,0,0.5354625,0,0,-1,0,0,0,0,0.5354625,0.5890087,0,0,0,0,0,11.80586,0,0,0,0,2.800006,20,0.2203395,0.5890087,0,0,0
8/14/2007 5:00:00 AM,0,0,-107.5002,90,0,0,0.9286975,0.9286975,4.43396,0,1.375471,0.9286975,0,0,0,0,0,0,0,3.505263,3.33,11.80586,0,3.33,0,3.33,5.959121,42.56506,0.2204188,1.021567,0,5,0
8/14/2007 6:00:00 AM,0.02357303,0,-104.6188,90,0,0,0.8472777,0.8472777,4.352541,0,1.353244,0.8472777,0,0,0,0,0,0,0,3.505263,3.33,8.475861,2.997,3.33,0,3.33,9.118237,65.13013,0.2204895,0.9320055,0,5,2.997
8/14/2007 7:00:00 AM,0.1680395,14.36378,-102.6969,77.78529,0.1559216,0.6997762,0.6424566,0.6424566,4.14772,0,1.297328,0.6424566,108.9219,4.440892E-16,0,0,0.6997762,0,0,3.505263,3.33,5.14586,5.994,4.029776,0,4.029776,12.94122,92.43709,0.2204862,0.7067022,0.559821,5,6.693776
8/14/2007 8:00:00 AM,0.3354567,28.85076,-101.5732,63.32293,0.3229283,1.449302,3.468036,3.468036,3.151479,0,1.025354,3.468036,41.79028,0,0,0,1.449302,0.3332181,0.3165572,0,0,1.116084,9.620798,1.116084,0,1.116084,14.00003,100,0.220512,3.81484,1.159442,5,11.0701
8/14/2007 9:00:00 AM,0.6576165,43.37416,-101.3708,49.02372,0.6311612,2.832652,1.934131,1.934131,0,-1,0,1.934131,146.4561,0.7967244,0,0,2.832652,2.035927,1.934131,0,0,0,10.62527,0,0,0,14.00003,100,0.220512,2.127544,2.266121,0,13.45793
8/14/2007 10:00:00 AM,0.6223646,57.87061,-102.8089,35.13093,0.6090236,2.733298,0.1944684,0.1944684,0,0,0,0.1944684,1405.523,2.528594,0,0,2.733298,0.2047036,0.1944684,0,0,0,10.62527,0,0,0,14.00003,100,0.220512,0.2139153,2.186639,0,13.35857
8/14/2007 11:00:00 AM,0.9446738,72.15494,-109.2912,22.45305,0.9199721,4.128835,5.273317,5.273317,1.943317,0,0.6955256,5.273317,78.29672,0.6235714,0,0,4.128835,3.505263,3.33,0,0,0,10.62527,0,0,0,14.00003,100,0.220512,5.800649,3.303068,5,14.75411
8/14/2007 12:00:00 PM,1.034909,84.10938,-156.9602,14.63395,1.009218,4.529369,1.346721,1.346721,0,0,0,1.346721,336.3257,3.111768,0,0,4.529369,1.417601,1.346721,0,0,0,10.62527,0,0,0,14.00003,100,0.220512,1.481393,3.623496,0,15.15464
8/14/2007 1:00:00 PM,0.8598922,76.51311,114.8421,19.09379,0.8398509,3.769251,2.104371,2.104371,0,0,0,2.104371,179.1153,1.554124,0,0,3.769251,2.215127,2.104371,0,0,0,10.62527,0,0,0,14.00003,100,0.220512,2.314808,3.015401,0,14.39452
8/14/2007 2:00:00 PM,0.8735093,62.43906,103.9588,30.90664,0.8482658,3.807017,3.224491,3.224491,0,-1,0,3.224491,118.0657,0.4128161,0,0.2169398,3.807017,3.394201,3.224491,0,0,0,10.62527,0,0,0,14.00003,100,0.220512,3.54694,3.045614,0,14.43229
8/14/2007 3:00:00 PM,0.6405296,47.97574,101.5824,44.55721,0.6194924,2.780282,0.711231,0.711231,0,-1,0,0.711231,390.9112,2.031618,0,0,2.780282,0.7486642,0.711231,0,0,0,10.62527,0,0,0,14.00003,100,0.220512,0.7823541,2.224225,0,13.40556
8/14/2007 4:00:00 PM,0.5385787,33.45214,101.3931,58.7662,0.509634,2.287237,7.342355,3.33,0,-1,0,3.33,68.68581,0,4.012355,4.74659,2.287237,3.505263,3.33,0,0,0,10.62527,0,1.218026,-1.218026,12.71612,90.82922,0.220512,8.076591,1.82979,0,12.91251
8/14/2007 5:00:00 PM,0.3206197,18.94825,102.255,73.19167,0.2884407,1.294522,2.552933,2.552933,0,-1,0,2.552933,50.70723,0,4.440892E-16,0,1.294522,2.687298,2.552933,0,0,1.353362,9.407248,0,1.392776,-1.392776,11.248,80.3427,0.220512,2.808227,1.035618,0,10.70177
8/14/2007 6:00:00 PM,0.0757992,4.515015,103.9186,87.70185,0.0435963,0.1956602,7.502825,3.33,0,-1,0,3.33,5.875681,0,4.172825,4.923108,0.1956602,3.505263,3.33,0,0,2.900891,8.014472,0,3.309603,-3.309603,7.759373,55.42398,0.220512,8.253108,0.1565282,0,8.210133
8/14/2007 7:00:00 PM,0,0,106.4623,90,0,0,3.373089,3.33,0,-1,0,3.33,0,0,0.04308863,0.3803975,0,3.505263,3.33,0,0,6.578228,4.704869,0,3.505263,-3.505263,4.064501,29.03209,0.220512,3.710397,0,0,4.704869
8/14/2007 8:00:00 PM,0,0,110.2444,90,0,0,3.269576,1.139626,0,-1,0,1.139626,0,0,2.129951,2.456908,0,1.199606,1.139626,0,0,10.47297,1.199606,0,1.199606,-1.199606,2.800006,20,0.220512,3.596534,0,0,1.199606
8/14/2007 9:00:00 PM,0,0,116.0847,90,0,0,2.790084,0,0,-1,0,0,0,0,2.790084,3.069092,0,0,0,0,0,11.80586,0,0,0,0,2.800006,20,0.220512,3.069092,0,0,0
8/14/2007 10:00:00 PM,0,0,125.8182,90,0,0,0.4313687,0,0,-1,0,0,0,0,0.4313687,0.4745056,0,0,0,0,0,11.80586,0,0,0,0,2.800006,20,0.220512,0.4745056,0,0,0
8/14/2007 11:00:00 PM,0,0,143.5042,90,0,0,0.3471464,0,0,-1,0,0,0,0,0.3471464,0.3818611,0,0,0,0,0,11.80586,0,0,0,0,2.800006,20,0.220512,0.3818611,0,0,0
8/15/2007 12:00:00 AM,0,0,174.2566,90,0,0,0.8191794,0,0,-1,0,0,0,0,0.8191794,0.9010974,0,0,0,0,0,11.80586,0,0,0,0,2.800006,20,0.220512,0.9010974,0,0,0
8/15/2007 1:00:00 AM,0,0,-151.3372,90,0,0,0.4212102,0,0,-1,0,0,0,0,0.4212102,0.4633312,0,0,0,0,0,11.80586,0,0,0,0,2.800006,20,0.220512,0.4633312,0,0,0
8/15/2007 2:00:00 AM,0,0,-129.8123,90,0,0,0,0,0,-1,0,0,0,0,0,0,0,0,0,0,0,11.80586,0,0,0,0,2.800006,20,0.220512,0,0,0,0
8/15/2007 3:00:00 AM,0,0,-118.2046,90,0,0,0.6049088,0,0,-1,0,0,0,0,0.6049088,0.6653997,0,0,0,0,0,11.80586,0,0,0,0,2.800006,20,0.220512,0.6653997,0,0,0
8/15/2007 4:00:00 AM,0,0,-111.4539,90,0,0,1.039689,0,0,-1,0,0,0,0,1.039689,1.143657,0,0,0,0,0,11.80586,0,0,0,0,2.800006,20,0.220512,1.143657,0,0,0
8/15/2007 5:00:00 AM,0,0,-107.1685,90,0,0,0.6854689,0.6854689,4.190732,0,1.30907,0.6854689,0,0,0,0,0,0,0,3.505263,3.33,11.80586,0,3.33,0,3.33,5.959121,42.56506,0.2205656,0.7540157,0,5,0
8/15/2007 6:00:00 AM,0.02562062,0,-104.2958,90,0,0,0.1446279,0.1446279,3.649891,0,1.16142,0.1446279,0,4.440892E-16,0,0,0,0,0,3.505263,3.33,8.475861,2.997,3.33,0,3.33,9.118237,65.13013,0.2205634,0.1590907,0,5,2.997
8/15/2007 7:00:00 AM,0.2096561,14.37312,-102.3635,77.72542,0.1861062,0.8352444,0,0,3.505263,0,1.121937,0,0,0,0,0,0.8352444,0,0,3.505263,3.33,5.14586,5.994,4.165245,0,4.165245,13.06973,93.35506,0.2204838,0,0.6681955,5,6.829245
8/15/2007 8:00:00 AM,0.4673398,28.87864,-101.2057,63.24001,0.438799,1.96933,4.122966,4.122966,3.183687,0,1.034147,4.122966,47.76489,0,0,0,1.96933,0.9887142,0.9392785,0,0,0.9806158,9.74272,0.9806158,0,0.9806158,14.00003,100,0.2205063,4.535262,1.575464,5,11.71205
8/15/2007 9:00:00 AM,0.6644678,43.42205,-100.9311,48.91158,0.6383731,2.865019,5.828379,3.33,0,-1,0,3.33,86.0366,0,2.498379,3.081217,2.865019,3.505263,3.33,0,0,0,10.62527,0,0.6402444,-0.6402444,13.32515,95.17946,0.2205063,6.411217,2.292015,0,13.49029
8/15/2007 10:00:00 AM,0.7911289,57.94497,-102.2171,34.97538,0.7682925,3.448097,3.907703,3.907703,1.307825,0,0.5220362,3.907703,88.23845,0,0,0,3.448097,2.736714,2.599879,0,0,0.7113827,9.98503,0.7113827,0,0.7113827,14.00003,100,0.220459,4.298474,2.758477,5,13.43313
8/15/2007 11:00:00 AM,0.7681051,72.27999,-108.3157,22.22146,0.7521899,3.375828,2.020439,2.020439,0,0,0,2.020439,167.0839,1.24905,0,0,3.375828,2.126778,2.020439,0,0,0,10.62527,0,0,0,14.00003,100,0.220459,2.222483,2.700663,0,14.0011
8/15/2007 12:00:00 PM,0.8813911,84.41923,-156.0433,14.31104,0.8621544,3.869349,6.2222,6.2222,2.8922,0,0.9545707,6.2222,62.18618,0.3640856,0,0,3.869349,3.505263,3.33,0,0,0,10.62527,0,0,0,14.00003,100,0.220459,6.84442,3.095479,5,14.49462
8/15/2007 1:00:00 PM,0.8399819,76.59186,113.4946,18.88515,0.8215227,3.686994,0.8103202,0.8103202,0,0,0,0.8103202,455.0046,2.834025,0,0,3.686994,0.8529686,0.8103202,0,0,0,10.62527,0,0,0,14.00003,100,0.220459,0.8913522,2.949595,0,14.31227
8/15/2007 2:00:00 PM,0.956745,62.44143,103.2605,30.80826,0.9293846,4.171078,1.345236,1.345236,0,-1,0,1.345236,310.0629,2.75504,0,0,4.171078,1.416038,1.345236,0,0,0,10.62527,0,0,0,14.00003,100,0.220459,1.47976,3.336863,0,14.79635
8/15/2007 3:00:00 PM,0.5444049,47.94661,101.1018,44.51501,0.5310636,2.383413,3.040535,3.040535,0,-1,0,3.040535,78.38795,0,0,0.01458848,2.383413,3.200563,3.040535,0,0,0,10.62527,0,0.8171499,-0.8171499,13.13868,93.8475,0.220459,3.344589,1.906731,0,13.00869
8/15/2007 4:00:00 PM,0.3684402,33.40169,101.0107,58.75835,0.3578888,1.606205,2.37565,2.37565,0,-1,0,2.37565,67.61115,0,4.440892E-16,0,1.606205,2.500685,2.37565,0,0,0.9079444,9.808125,0,0.89448,-0.89448,12.19581,87.11276,0.220459,2.613216,1.284964,0,11.41433
8/15/2007 5:00:00 PM,0.2636359,18.87939,101.9213,73.20901,0.2427542,1.089481,6.927743,3.33,0,-1,0,3.33,32.71714,0,3.597744,4.290518,1.089481,3.505263,3.33,0,0,1.901811,8.913644,0,2.415782,-2.415782,9.649354,68.92381,0.220459,7.620518,0.8715847,0,10.00313
8/15/2007 6:00:00 PM,0.05591945,4.427688,103.6066,87.74068,0.04247264,0.1906172,0,0,0,-1,0,0,0,0,0,0,0.1906172,0,0,0,0,4.586013,6.497862,0.1906172,0,0.1906172,9.830189,70.21549,0.2204448,0,0.1524938,0,6.688479
8/15/2007 7:00:00 PM,0,0,106.1532,90,0,0,3.547928,3.33,0,-1,0,3.33,0,0,0.2179283,0.5727211,0,3.505263,3.33,0,0,4.395396,6.669417,0,3.505263,-3.505263,6.135317,43.8236,0.2204448,3.902721,0,0,6.669417
8/15/2007 8:00:00 PM,0,0,109.9223,90,0,0,0,0,0,-1,0,0,0,0,0,0,0,0,0,0,0,8.290133,3.164154,0,0,0,6.135317,43.8236,0.2204448,0,0,0,3.164154
8/15/2007 9:00:00 PM,0,0,115.7355,90,0,0,3.976005,3.005947,0,-1,0,3.005947,0,0,0.9700584,1.367659,0,3.164154,3.005947,0,0,8.290133,3.164154,0,3.164154,-3.164154,2.800006,20,0.2204448,4.373606,0,0,3.164154
8/15/2007 10:00:00 PM,0,0,125.4394,90,0,0,0,0,0,-1,0,0,0,0,0,0,0,0,0,0,0,11.80586,0,0,0,0,2.800006,20,0.2204448,0,0,0,0
8/15/2007 11:00:00 PM,0,0,143.1707,90,0,0,0.5865236,0,0,-1,0,0,0,0,0.5865236,0.645176,0,0,0,0,0,11.80586,0,0,0,0,2.800006,20,0.2204448,0.645176,0,0,0
8/16/2007 12:00:00 AM,0,0,174.2859,90,0,0,0.6554214,0,0,-1,0,0,0,0,0.6554214,0.7209636,0,0,0,0,0,11.80586,0,0,0,0,2.800006,20,0.2204448,0.7209636,0,0,0
8/16/2007 1:00:00 AM,0,0,-150.8876,90,0,0,0.8335389,0,0,-1,0,0,0,0,0.8335389,0.9168928,0,0,0,0,0,11.80586,0,0,0,0,2.800006,20,0.2204448,0.9168928,0,0,0
8/16/2007 2:00:00 AM,0,0,-129.3298,90,0,0,0.314447,0,0,-1,0,0,0,0,0.314447,0.3458917,0,0,0,0,0,11.80586,0,0,0,0,2.800006,20,0.2204448,0.3458917,0,0,0
8/16/2007 3:00:00 AM,0,0,-117.787,90,0,0,0,0,0,-1,0,0,0,0,0,0,0,0,0,0,0,11.80586,0,0,0,0,2.800006,20,0.2204448,0,0,0,0
8/16/2007 4:00:00 AM,0,0,-111.0881,90,0,0,0,0,0,-1,0,0,0,0,0,0,0,0,0,0,0,11.80586,0,0,0,0,2.800006,20,0.2204448,0,0,0,0
8/16/2007 5:00:00 AM,0,0,-106.832,90,0,0,0.3073727,0.3073727,3.812636,0,1.20585,0.3073727,0,0,0,0,0,0,0,3.505263,3.33,11.80586,0,3.33,0,3.33,5.959121,42.56506,0.2204594,0.3381099,0,5,0
8/16/2007 6:00:00 AM,0.01356212,0,-103.9684,90,0,0,0.1524647,0.1524647,3.657728,0,1.16356,0.1524647,0,4.440892E-16,0,0,0,0,0,3.505263,3.33,8.475861,2.997,3.33,0,3.33,9.118237,65.13013,0.2204582,0.1677112,0,5,2.997
8/16/2007 7:00:00 AM,0.05824924,14.38413,-102.0255,77.66313,0.05781895,0.2594914,3.118416,3.118416,5,0,1.53,3.118416,8.321259,0,0,0,0.2594914,0,0,1.881584,1.787505,5.14586,5.994,2.046996,0,2.046996,11.06019,79.00118,0.2205238,3.430258,0.2075932,5,6.253491
8/16/2007 8:00:00 AM,0.09792081,28.90789,-100.833,63.15487,0.09734866,0.4369008,1.011365,1.011365,3.813432,0,1.206067,1.011365,43.19911,4.440892E-16,0,0,0.4369008,0,0,2.802067,2.661963,3.098864,7.836297,3.098864,0,3.098864,14.00003,100,0.2205557,1.112502,0.3495206,5,8.273197
8/16/2007 9:00:00 AM,0.2170267,43.47088,-100.4849,48.79744,0.2157424,0.9682519,0,0,0,-1,0,0,0,0.9682519,0,0,0.9682519,0,0,0,0,0,10.62527,0,0,0,14.00003,100,0.2205557,0,0.7746015,0,11.59353
8/16/2007 10:00:00 AM,0.364686,58.01949,-101.6154,34.81794,0.3620664,1.624954,0,0,0,0,0,0,0,1.624954,0,0,1.624954,0,0,0,0,0,10.62527,0,0,0,14.00003,100,0.2205557,0,1.299963,0,12.25023
8/16/2007 11:00:00 AM,0.4753141,72.40366,-107.3157,21.98748,0.4713663,2.115492,1.181714,1.181714,0,0,0,1.181714,179.0189,0.8715822,0,0,2.115492,1.24391,1.181714,0,0,0,10.62527,0,0,0,14.00003,100,0.2205557,1.299886,1.692394,0,12.74077
8/16/2007 12:00:00 PM,0.4306722,84.73236,-155.025,13.98359,0.4278172,1.920044,0,0,0,0,0,0,0,1.920044,0,0,1.920044,0,0,0,0,0,10.62527,0,0,0,14.00003,100,0.2205557,0,1.536035,0,12.54532
8/16/2007 1:00:00 PM,0.4057512,76.66235,112.1114,18.67839,0.4031335,1.809263,0,0,0,0,0,0,0,1.809263,0,0,1.809263,0,0,0,0,0,10.62527,0,0,0,14.00003,100,0.2205557,0,1.447411,0,12.43454
8/16/2007 2:00:00 PM,0.2008462,62.43826,102.5525,30.71328,0.1997757,0.8965932,1.529214,1.529214,0,-1,0,1.529214,58.63099,0,0,0,0.8965932,1.609699,1.529214,0,0,0,10.62527,0,0.7131055,-0.7131055,13.24835,94.63087,0.2205557,1.682135,0.7172745,0,11.52187
8/16/2007 3:00:00 PM,0.26781,47.91302,100.6155,44.47609,0.2661251,1.19437,3.260375,3.260375,0,-1,0,3.260375,36.63289,0,0,0.2564125,1.19437,3.431974,3.260375,0,0,0.7923394,9.912169,0,2.237604,-2.237604,10.88971,77.78346,0.2205557,3.586412,0.9554957,0,11.10654
8/16/2007 4:00:00 PM,0.08744782,33.34736,100.6238,58.75352,0.08696569,0.390302,6.148605,3.33,0,-1,0,3.33,11.72078,0,2.818605,3.433466,0.390302,3.505263,3.33,0,0,3.278566,7.674564,0,3.114961,-3.114961,7.60625,54.33025,0.2205557,6.763466,0.3122416,0,8.064867
8/16/2007 5:00:00 PM,0.1390464,18.807,101.5838,73.22917,0.1371185,0.6153879,2.446486,2.446486,0,-1,0,2.446486,25.15395,0,4.440892E-16,0,0.6153879,2.575248,2.446486,0,0,6.739634,4.559603,0,1.95986,-1.95986,5.540375,39.57403,0.2205557,2.691134,0.4923103,0,5.174991
8/16/2007 6:00:00 PM,0.03444615,4.337086,103.2908,87.78212,0.03282529,0.1473199,3.509632,2.60971,0,-1,0,2.60971,5.645068,0,0.8999221,1.362848,0.1473199,2.747063,2.60971,0,0,8.917256,2.599743,0,2.599743,-2.599743,2.800006,20,0.2205557,3.860595,0.1178559,0,2.747063
8/16/2007 7:00:00 PM,0,0,105.8403,90,0,0,1.000905,0,0,-1,0,0,0,0,1.000905,1.100995,0,0,0,0,0,11.80586,0,0,0,0,2.800006,20,0.2205557,1.100995,0,0,0
8/16/2007 8:00:00 PM,0,0,109.596,90,0,0,0.7991742,0,0,-1,0,0,0,0,0.7991742,0.8790916,0,0,0,0,0,11.80586,0,0,0,0,2.800006,20,0.2205557,0.8790916,0,0,0
8/16/2007 9:00:00 PM,0,0,115.3811,90,0,0,4.541566,0,0,-1,0,0,0,0,4.541566,4.995722,0,0,0,0,0,11.80586,0,0,0,0,2.800006,20,0.2205557,4.995722,0,0,0
8/16/2007 10:00:00 PM,0,0,125.0539,90,0,0,0.5618619,0,0,-1,0,0,0,0,0.5618619,0.6180481,0,0,0,0,0,11.80586,0,0,0,0,2.800006,20,0.2205557,0.6180481,0,0,0
8/16/2007 11:00:00 PM,0,0,142.8302,90,0,0,0.3685443,0,0,-1,0,0,0,0,0.3685443,0.4053987,0,0,0,0,0,11.80586,0,0,0,0,2.800006,20,0.2205557,0.4053987,0,0,0
8/17/2007 12:00:00 AM,0,0,174.3216,90,0,0,1.234711,0,0,-1,0,0,0,0,1.234711,1.358182,0,0,0,0,0,11.80586,0,0,0,0,2.800006,20,0.2205557,1.358182,0,0,0
8/17/2007 1:00:00 AM,0,0,-150.4197,90,0,0,0,0,0,-1,0,0,0,0,0,0,0,0,0,0,0,11.80586,0,0,0,0,2.800006,20,0.2205557,0,0,0,0
8/17/2007 2:00:00 AM,0,0,-128.8353,90,0,0,0,0,0,-1,0,0,0,0,0,0,0,0,0,0,0,11.80586,0,0,0,0,2.800006,20,0.2205557,0,0,0,0
8/17/2007 3:00:00 AM,0,0,-117.3617,90,0,0,1.023781,0,0,-1,0,0,0,0,1.023781,1.126159,0,0,0,0,0,11.80586,0,0,0,0,2.800006,20,0.2205557,1.126159,0,0,0
8/17/2007 4:00:00 AM,0,0,-110.7167,90,0,0,0,0,0,-1,0,0,0,0,0,0,0,0,0,0,0,11.80586,0,0,0,0,2.800006,20,0.2205557,0,0,0,0
8/17/2007 5:00:00 AM,0,0,-106.4906,90,0,0,0.03376375,0.03376375,3.539027,0,1.131154,0.03376375,0,0,0,0,0,0,0,3.505263,3.33,11.80586,0,3.33,0,3.33,5.959121,42.56506,0.2205421,0.03714012,0,5,0
8/17/2007 6:00:00 AM,0.013464,0,-103.6364,90,0,0,1.458852,1.458852,4.964115,0,1.520203,1.458852,0,4.440892E-16,0,0,0,0,0,3.505263,3.33,8.475861,2.997,3.33,0,3.33,9.118237,65.13013,0.220653,1.604737,0,5,2.997
8/17/2007 7:00:00 AM,0.1154955,14.39676,-101.683,77.59848,0.1130713,0.5074642,3.664862,3.664862,5,0,1.53,3.664862,13.84675,0,0,0,0.5074642,0,0,1.335138,1.268381,5.14586,5.994,1.775846,0,1.775846,10.80295,77.16378,0.2207067,4.031348,0.4059713,5,6.501464
8/17/2007 8:00:00 AM,0.3831712,28.93844,-100.4553,63.06759,0.3659156,1.642229,1.103975,1.103975,2.922696,0,0.962896,1.103975,148.7561,0,0,0,1.642229,0,0,1.818722,1.727785,3.370015,7.592261,3.370015,0,3.370015,14.00003,100,0.2206271,1.214372,1.313783,5,9.23449
8/17/2007 9:00:00 AM,0.4521675,43.52054,-100.0324,48.68139,0.4431084,1.98867,5.072326,3.33,0,-1,0,3.33,59.71983,0,1.742326,2.249559,1.98867,3.505263,3.33,0,0,0,10.62527,0,1.516593,-1.516593,12.4014,88.58125,0.2206271,5.579559,1.590936,0,12.61395
8/17/2007 10:00:00 AM,0.6447128,58.09402,-101.004,34.65879,0.6313835,2.833649,4.099441,4.099441,3.008322,0,0.9862719,4.099441,69.12282,0,0,0,2.833649,1.148546,1.091119,0,0,1.685103,9.108682,1.685103,0,1.685103,14.00003,100,0.2206654,4.509385,2.266919,5,11.94233
8/17/2007 11:00:00 AM,0.6211033,72.52564,-106.2909,21.75131,0.6128312,2.750386,1.177068,1.177068,0,0,0,1.177068,233.6642,1.511367,0,0,2.750386,1.239019,1.177068,0,0,0,10.62527,0,0,0,14.00003,100,0.2206654,1.294775,2.200309,0,13.37566
8/17/2007 12:00:00 PM,0.7047858,85.04842,-153.8842,13.65171,0.6944332,3.116616,3.408178,3.408178,1.25,0,0.50625,3.408178,91.44523,0.8448498,0,0,3.116616,2.271766,2.158178,0,0,0,10.62527,0,0,0,14.00003,100,0.2206654,3.748996,2.493293,5,13.74189
8/17/2007 1:00:00 PM,0.5542602,76.72413,110.6942,18.47385,0.5486786,2.46247,7.188934,7.188934,4.849588,0,1.488937,7.188934,34.25362,0,8.881784E-16,0,2.46247,2.46247,2.339346,0,0,0,10.62527,0,0,0,14.00003,100,0.2206654,7.907827,1.969976,5,13.08774
8/17/2007 2:00:00 PM,0.6716445,62.42941,101.8354,30.62188,0.6585995,2.955795,4.601846,3.33,0,-1,0,3.33,88.7626,0,1.271846,1.73203,2.955795,3.505263,3.33,0,0,0,10.62527,0,0.5494685,-0.5494685,13.42084,95.86293,0.2206654,5.06203,2.364636,0,13.58107
8/17/2007 3:00:00 PM,0.6789619,47.87494,100.1237,44.44053,0.6572385,2.949686,3.103087,3.103087,0,-1,0,3.103087,95.05652,0,4.440892E-16,0.08339529,2.949686,3.266407,3.103087,0,0,0.6105205,10.07581,0,0.3167208,-0.3167208,13.08698,93.47827,0.2206654,3.413395,2.359749,0,13.02549
8/17/2007 4:00:00 PM,0.4464327,33.28914,100.2327,58.75176,0.428341,1.922395,3.417725,3.33,0,-1,0,3.33,57.72956,0,0.08772536,0.4294979,1.922395,3.505263,3.33,0,0,0.9624325,9.759085,0,1.582869,-1.582869,11.41849,81.56051,0.2206654,3.759498,1.537916,0,11.68148
8/17/2007 5:00:00 PM,0.1848342,18.73111,101.2424,73.25214,0.178893,0.8028719,0.2781636,0.2781636,0,-1,0,0.2781636,288.633,0,0,0,0.8028719,0.2928038,0.2781636,0,0,2.721175,8.176216,0.5100681,0,0.5100681,11.90239,85.01688,0.2206276,0.30598,0.6422975,0,8.979088
8/17/2007 6:00:00 PM,0.07145751,4.243243,102.9715,87.82613,0.04177681,0.1874944,7.856664,3.33,0,-1,0,3.33,5.630461,0,4.526664,5.31233,0.1874944,3.505263,3.33,0,0,2.211107,8.635278,0,3.317769,-3.317769,8.405152,60.03668,0.2206276,8.64233,0.1499955,0,8.822772
8/17/2007 7:00:00 PM,0,0,105.5237,90,0,0,1.708395,1.708395,0,-1,0,1.708395,0,0,2.220446E-16,0,0,1.798311,1.708395,0,0,5.897517,5.317509,0,1.798311,-1.798311,6.509566,46.49681,0.2206276,1.879235,0,0,5.317509
8/17/2007 8:00:00 PM,0,0,109.2656,90,0,0,1.725252,1.725252,0,-1,0,1.725252,0,0,2.220446E-16,0,0,1.816055,1.725252,0,0,7.89564,3.519198,0,1.816055,-1.816055,4.595276,32.82334,0.2206276,1.897777,0,0,3.519198
8/17/2007 9:00:00 PM,0,0,115.0216,90,0,0,2.9964,1.617986,0,-1,0,1.617986,0,0,1.378414,1.678054,0,1.703144,1.617986,0,0,9.913479,1.703144,0,1.703144,-1.703144,2.800006,20,0.2206276,3.296041,0,0,1.703144
8/17/2007 10:00:00 PM,0,0,124.6617,90,0,0,0.8983397,0,0,-1,0,0,0,0,0.8983397,0.9881737,0,0,0,0,0,11.80586,0,0,0,0,2.800006,20,0.2206276,0.9881737,0,0,0
8/17/2007 11:00:00 PM,0,0,142.4823,90,0,0,0.4426661,0,0,-1,0,0,0,0,0.4426661,0.4869328,0,0,0,0,0,11.80586,0,0,0,0,2.800006,20,0.2206276,0.4869328,0,0,0
8/18/2007 12:00:00 AM,0,0,174.3638,90,0,0,1.616845,0,0,-1,0,0,0,0,1.616845,1.778529,0,0,0,0,0,11.80586,0,0,0,0,2.800006,20,0.2206276,1.778529,0,0,0
8/18/2007 1:00:00 AM,0,0,-149.9333,90,0,0,1.419289,0,0,-1,0,0,0,0,1.419289,1.561218,0,0,0,0,0,11.80586,0,0,0,0,2.800006,20,0.2206276,1.561218,0,0,0
8/18/2007 2:00:00 AM,0,0,-128.3286,90,0,0,0.5224894,0,0,-1,0,0,0,0,0.5224894,0.5747384,0,0,0,0,0,11.80586,0,0,0,0,2.800006,20,0.2206276,0.5747384,0,0,0
8/18/2007 3:00:00 AM,0,0,-116.9287,90,0,0,0.657602,0,0,-1,0,0,0,0,0.657602,0.7233622,0,0,0,0,0,11.80586,0,0,0,0,2.800006,20,0.2206276,0.7233622,0,0,0
8/18/2007 4:00:00 AM,0,0,-110.3396,90,0,0,1.506633,0,0,-1,0,0,0,0,1.506633,1.657296,0,0,0,0,0,11.80586,0,0,0,0,2.800006,20,0.2206276,1.657296,0,0,0
8/18/2007 5:00:00 AM,0,0,-106.1446,90,0,0,0.1253343,0.1253343,3.630598,0,1.156153,0.1253343,0,0,0,0,0,0,0,3.505263,3.33,11.80586,0,3.33,0,3.33,5.959121,42.56506,0.2206233,0.1378678,0,5,0
8/18/2007 6:00:00 AM,0.02336164,0,-103.3002,90,0,0,1.252023,1.252023,4.757286,0,1.463739,1.252023,0,4.440892E-16,0,0,0,0,0,3.505263,3.33,8.475861,2.997,3.33,0,3.33,9.118237,65.13013,0.2207336,1.377225,0,5,2.997
8/18/2007 7:00:00 AM,0.2078409,14.41098,-101.3361,77.53151,0.1867094,0.8379518,0,0,3.505263,0,1.121937,0,0,0,0,0,0.8379518,0,0,3.505263,3.33,5.14586,5.994,4.167952,0,4.167952,13.0723,93.37341,0.2206545,0,0.6703615,5,6.831952
8/18/2007 8:00:00 AM,0.4917579,28.97025,-100.0727,62.97824,0.463667,2.080938,2.747463,2.747463,0,0,0,2.747463,75.74033,0,4.440892E-16,0,2.080938,2.892066,2.747463,0,0,0.9779084,9.745156,0,0.8111288,-0.8111288,12.2173,87.26624,0.2206545,3.022209,1.66475,0,11.82609
8/18/2007 9:00:00 AM,0.5838605,43.57093,-99.57372,48.56354,0.5655982,2.538405,0.6951356,0.6951356,0,-1,0,0.6951356,365.1669,0,0,0,2.538405,0.7317216,0.6951356,0,0,1.879163,8.934028,1.806683,0,1.806683,13.93127,99.50886,0.2205211,0.7646492,2.030724,0,11.47243
8/18/2007 10:00:00 AM,0.8735501,58.16842,-100.3829,34.49805,0.8497406,3.813636,6.337651,6.337651,3.007651,0,0.9860888,6.337651,60.17427,0.2358932,0,0,3.813636,3.505263,3.33,0,0,0.07247934,10.56004,0.07247934,0,0.07247934,14.00003,100,0.2205157,6.971416,3.050909,5,14.37368
8/18/2007 11:00:00 AM,0.8197476,72.64558,-105.2412,21.51315,0.8031993,3.604758,0,0,0,0,0,0,0,3.604758,0,0,3.604758,0,0,0,0,0,10.62527,0,0,0,14.00003,100,0.2205157,0,2.883807,0,14.23003
8/18/2007 12:00:00 PM,0.9515696,85.36695,-152.5934,13.31549,0.9318546,4.182163,0.569352,0.569352,0,0,0,0.569352,734.548,3.582845,0,0,4.182163,0.5993178,0.569352,0,0,0,10.62527,0,0,0,14.00003,100,0.2205157,0.6262872,3.345731,0,14.80744
8/18/2007 1:00:00 PM,0.8385901,76.77673,109.245,18.27189,0.8221018,3.689593,0.4144157,0.4144157,0,0,0,0.4144157,890.3121,3.253366,0,0,3.689593,0.436227,0.4144157,0,0,0,10.62527,0,0,0,14.00003,100,0.2205157,0.4558572,2.951674,0,14.31487
8/18/2007 2:00:00 PM,0.6913813,62.41477,101.1098,30.53424,0.6777686,3.041826,4.898343,3.33,0,-1,0,3.33,91.34612,0,1.568342,2.058177,3.041826,3.505263,3.33,0,0,0,10.62527,0,0.4634376,-0.4634376,13.51152,96.51067,0.2205157,5.388176,2.43346,0,13.6671
8/18/2007 3:00:00 PM,0.622415,47.83231,99.62657,44.40841,0.604943,2.714984,5.507448,3.33,0,-1,0,3.33,81.53106,0,2.177448,2.728192,2.714984,3.505263,3.33,0,0,0.5149307,10.16184,0,0.7902788,-0.7902788,12.67849,90.56049,0.2205157,6.058192,2.171988,0,12.87682
8/18/2007 4:00:00 PM,0.411421,33.22702,99.8375,58.7531,0.3974023,1.783542,1.495453,1.495453,0,-1,0,1.495453,119.2643,0,0,0,1.783542,1.574161,1.495453,0,0,1.393018,9.371558,0.2093808,0,0.2093808,12.87713,91.97932,0.2205003,1.644998,1.426833,0,11.1551
8/18/2007 5:00:00 PM,0.1800188,18.65172,100.8975,73.27792,0.1747231,0.7841575,0,0,0,-1,0,0,0,0,0,0,0.7841575,0,0,0,0,1.183637,9.56,0.7841575,0,0.7841575,13.62105,97.29301,0.2204424,0,0.627326,0,10.34416
8/18/2007 6:00:00 PM,0.03746156,4.146197,102.6487,87.87272,0.03473248,0.1558794,1.528837,1.528837,0,-1,0,1.528837,10.19594,0,0,0,0.1558794,1.609302,1.528837,0,0,0.39948,10.26574,0,1.453423,-1.453423,12.08901,86.34987,0.2204424,1.681721,0.1247035,0,10.42162
8/18/2007 7:00:00 PM,0,0,105.2034,90,0,0,0.7746258,0.7746258,0,-1,0,0.7746258,0,0,0,0,0,0.8153956,0.7746258,0,0,2.014394,8.81232,0,0.8153956,-0.8153956,11.2295,80.21058,0.2204424,0.8520884,0,0,8.81232
8/18/2007 8:00:00 PM,0,0,108.931,90,0,0,0,0,0,-1,0,0,0,0,0,0,0,0,0,0,0,2.920389,7.996924,0,0,0,11.2295,80.21058,0.2204424,0,0,0,7.996924
8/18/2007 9:00:00 PM,0,0,114.657,90,0,0,0.7796615,0.7796615,0,-1,0,0.7796615,0,0,1.110223E-16,0,0,0.8206963,0.7796615,0,0,2.920389,7.996924,0,0.8206963,-0.8206963,10.36441,74.03138,0.2204424,0.8576276,0,0,7.996924
8/18/2007 10:00:00 PM,0,0,124.2626,90,0,0,0.3292752,0.3292752,0,-1,0,0.3292752,0,0,0,0,0,0.3466054,0.3292752,0,0,3.832274,7.176228,0,0.3466054,-0.3466054,9.99906,71.42171,0.2204424,0.3622027,0,0,7.176228
8/18/2007 11:00:00 PM,0,0,142.1267,90,0,0,0.6850482,0.6850482,0,-1,0,0.6850482,0,0,1.110223E-16,0,0,0.7211034,0.6850482,0,0,4.217391,6.829622,0,0.7211034,-0.7211034,9.23895,65.99236,0.2204424,0.753553,0,0,6.829622
8/19/2007 12:00:00 AM,0,0,174.4129,90,0,0,1.320074,1.320074,0,-1,0,1.320074,0,0,2.220446E-16,0,0,1.389552,1.320074,0,0,5.018617,6.108519,0,1.389552,-1.389552,7.774233,55.53013,0.2204424,1.452082,0,0,6.108519
8/19/2007 1:00:00 AM,0,0,-149.4277,90,0,0,0.7706758,0.7706758,0,-1,0,0.7706758,0,0,0,0,0,0.8112376,0.7706758,0,0,6.562564,4.718967,0,0.8112376,-0.8112376,6.919114,49.42214,0.2204424,0.8477433,0,0,4.718967
8/19/2007 2:00:00 AM,0,0,-127.81,90,0,0,0.1935915,0.1935915,0,-1,0,0.1935915,0,0,2.775558E-17,0,0,0.2037805,0.1935915,0,0,7.463939,3.907729,0,0.2037805,-0.2037805,6.70431,47.88784,0.2204424,0.2129507,0,0,3.907729
8/19/2007 3:00:00 AM,0,0,-116.4883,90,0,0,0.885033,0.885033,0,-1,0,0.885033,0,0,0,0,0,0.9316136,0.885033,0,0,7.690361,3.703949,0,0.9316136,-0.9316136,5.722303,40.87351,0.2204424,0.9735363,0,0,3.703949
8/19/2007 4:00:00 AM,0,0,-109.9571,90,0,0,0.3642124,0.3642124,0,-1,0,0.3642124,0,0,0,0,0,0.3833814,0.3642124,0,0,8.725488,2.772335,0,0.3833814,-0.3833814,5.318184,37.98695,0.2204424,0.4006336,0,0,2.772335
8/19/2007 5:00:00 AM,0,0,-105.794,90,0,0,0.7017046,0.7017046,0,0,0,0.7017046,0,0,1.110223E-16,0,0,0.7386364,0.7017046,0,0,9.151467,2.388954,0,0.7386364,-0.7386364,4.539593,32.4256,0.2204424,0.771875,0,0,2.388954
8/19/2007 6:00:00 AM,0.01476511,0,-102.9597,90,0,0,0.262118,0.262118,0,0,0,0.262118,0,0,5.551115E-17,0,0,0.2759137,0.262118,0,0,9.972175,1.650317,0,0.2759137,-0.2759137,4.248754,30.34818,0.2204424,0.2883298,0,0,1.650317
8/19/2007 7:00:00 AM,0.141844,14.42676,-100.985,77.46227,0.1364396,0.612341,4.041506,4.041506,5,0,1.53,4.041506,15.15131,0,0,0,0.612341,0,0,0.9584941,0.9105694,10.27874,1.374404,1.52291,0,1.52291,5.693514,40.66787,0.2204864,4.445656,0.4898728,5,1.986745
8/19/2007 8:00:00 AM,0.136019,29.00323,-99.68532,62.8869,0.1351859,0.6067142,1.650094,1.650094,4.850845,0,1.489281,1.650094,36.76847,0,0,0,0.6067142,0,0,3.200751,3.040714,8.755835,2.745023,3.647428,0,3.647428,9.153768,65.38393,0.2205826,1.815103,0.4853714,5,3.351737
8/19/2007 9:00:00 AM,0.1386101,43.62196,-99.10889,48.44399,0.1378607,0.6187186,3.87266,3.33,0,-1,0,3.33,18.58014,0,0.5426596,0.9299256,0.6187186,3.505263,3.33,0,0,5.108407,6.027708,0,2.886544,-2.886544,6.111083,43.65051,0.2205826,4.259926,0.4949749,0,6.646427
8/19/2007 10:00:00 AM,0.5348322,58.24251,-99.75212,34.33591,0.5276545,2.368113,3.218721,3.218721,5,0,1.53,3.218721,73.5731,0,0,0,2.368113,0,0,1.781279,1.692215,8.315679,3.141164,4.060328,0,4.060328,9.963048,71.16449,0.2206633,3.540593,1.89449,5,5.509277
8/19/2007 11:00:00 AM,0.5589346,72.76316,-104.1664,21.27323,0.5532174,2.482839,3.007265,3.007265,4.69115,0,1.445684,3.007265,82.56139,0,0,0,2.482839,0,0,1.683885,1.599691,4.255351,6.795459,4.08253,0,4.08253,13.83608,98.82892,0.2207109,3.307991,1.986272,5,9.278298
8/19/2007 12:00:00 PM,0.6198968,85.6874,-151.1171,12.97504,0.6131585,2.751855,2.010695,2.010695,0,0,0,2.010695,136.8609,0.4625142,0,0,2.751855,2.116521,2.010695,0,0,0.1728198,10.46974,0.1728198,0,0.1728198,14.00003,100,0.2206982,2.211765,2.201484,0,13.22159
8/19/2007 1:00:00 PM,0.8533574,76.81973,107.7661,18.07289,0.8369321,3.756151,1.601662,1.601662,0,0,0,1.601662,234.5159,2.070192,0,0,3.756151,1.68596,1.601662,0,0,0,10.62527,0,0,0,14.00003,100,0.2206982,1.761828,3.004921,0,14.38142
8/19/2007 2:00:00 PM,0.2851278,62.39421,100.3761,30.45052,0.2835564,1.272601,0.9471734,0.9471734,0,-1,0,0.9471734,134.3578,0.2755764,0,0,1.272601,0.9970247,0.9471734,0,0,0,10.62527,0,0,0,14.00003,100,0.2206982,1.041891,1.018081,0,11.89787
8/19/2007 3:00:00 PM,0.1162789,47.78508,99.1245,44.37981,0.1156683,0.5191195,9.87665,3.33,0,-1,0,3.33,15.58917,0,6.54665,7.534315,0.5191195,3.505263,3.33,0,0,0,10.62527,0,2.986144,-2.986144,10.85236,77.51668,0.2206982,10.86432,0.4152956,0,11.14439
8/19/2007 4:00:00 PM,0.159856,33.161,99.43835,58.75757,0.158899,0.7131389,8.469041,3.33,0,-1,0,3.33,21.41558,0,5.139041,5.985945,0.7131389,3.505263,3.33,0,0,3.317937,7.639131,0,2.792124,-2.792124,7.909199,56.49416,0.2206982,9.315946,0.5705112,0,8.352269
8/19/2007 5:00:00 PM,0.1762271,18.56886,100.549,73.30652,0.1714102,0.7692888,1.576795,1.576795,0,-1,0,1.576795,48.78814,0,0,0,0.7692888,1.659784,1.576795,0,0,6.420298,4.847006,0,0.8904951,-0.8904951,6.970534,49.78943,0.2206982,1.734474,0.6154311,0,5.616295
8/19/2007 6:00:00 PM,0.05019894,4.04599,102.3224,87.92183,0.03962645,0.1778435,3.727186,3.33,0,-1,0,3.33,5.340645,0,0.3971861,0.7699047,0.1778435,3.505263,3.33,0,0,7.409737,3.956511,0,3.32742,-3.32742,3.463126,24.73657,0.2206982,4.099905,0.1422748,0,4.134355
8/19/2007 7:00:00 PM,0,0,104.8796,90,0,0,0,0,0,-1,0,0,0,0,0,0,0,0,0,0,0,11.10687,0.6290915,0,0,0,3.463126,24.73657,0.2206982,0,0,0,0.6290915
8/19/2007 8:00:00 PM,0,0,108.5923,90,0,0,5.340961,0.5976369,0,-1,0,0.5976369,0,0,4.743324,5.27742,0,0.6290915,0.5976369,0,0,11.10687,0.6290915,0,0.6290915,-0.6290915,2.800006,20,0.2206982,5.875057,0,0,0.6290915
8/19/2007 9:00:00 PM,0,0,114.2873,90,0,0,9.949651,0,0,-1,0,0,0,0,9.949651,10.94462,0,0,0,0,0,11.80586,0,0,0,0,2.800006,20,0.2206982,10.94462,0,0,0
8/19/2007 10:00:00 PM,0,0,123.8566,90,0,0,0.5996172,0,0,-1,0,0,0,0,0.5996172,0.659579,0,0,0,0,0,11.80586,0,0,0,0,2.800006,20,0.2206982,0.659579,0,0,0
8/19/2007 11:00:00 PM,0,0,141.7633,90,0,0,0.8490335,0,0,-1,0,0,0,0,0.8490335,0.9339368,0,0,0,0,0,11.80586,0,0,0,0,2.800006,20,0.2206982,0.9339368,0,0,0
8/20/2007 12:00:00 AM,0,0,174.4691,90,0,0,1.609028,0,0,-1,0,0,0,0,1.609028,1.76993,0,0,0,0,0,11.80586,0,0,0,0,2.800006,20,0.2206982,1.76993,0,0,0
8/20/2007 1:00:00 AM,0,0,-148.9027,90,0,0,0.4357516,0,0,-1,0,0,0,0,0.4357516,0.4793268,0,0,0,0,0,11.80586,0,0,0,0,2.800006,20,0.2206982,0.4793268,0,0,0
8/20/2007 2:00:00 AM,0,0,-127.2793,90,0,0,0,0,0,-1,0,0,0,0,0,0,0,0,0,0,0,11.80586,0,0,0,0,2.800006,20,0.2206982,0,0,0,0
8/20/2007 3:00:00 AM,0,0,-116.0405,90,0,0,1.327357,0,0,-1,0,0,0,0,1.327357,1.460092,0,0,0,0,0,11.80586,0,0,0,0,2.800006,20,0.2206982,1.460092,0,0,0
8/20/2007 4:00:00 AM,0,0,-109.5692,90,0,0,0.5706522,0,0,-1,0,0,0,0,0.5706522,0.6277174,0,0,0,0,0,11.80586,0,0,0,0,2.800006,20,0.2206982,0.6277174,0,0,0
8/20/2007 5:00:00 AM,0,0,-105.439,90,0,0,0,0,0,0,0,0,0,0,0,0,0,0,0,0,0,11.80586,0,0,0,0,2.800006,20,0.2206982,0,0,0,0
8/20/2007 6:00:00 AM,0.01493844,0,-102.6151,90,0,0,0,0,0,0,0,0,0,0,0,0,0,0,0,0,0,11.80586,0,0,0,0,2.800006,20,0.2206982,0,0,0,0
8/20/2007 7:00:00 AM,0.104744,14.44405,-100.6296,77.39082,0.1032297,0.463295,6.802029,5.44013,5,0,1.53,5.44013,8.516247,0,1.361898,2.394205,0.463295,0.463295,0.4401302,0,0,11.80586,0,0,0,0,2.800006,20,0.2206982,7.482232,0.370636,5,0.463295
8/20/2007 8:00:00 AM,0.1980106,29.03733,-99.29318,62.79365,0.1963127,0.8810515,1.860443,1.860443,4.912659,0,1.506156,1.860443,47.35708,0,0,0,0.8810515,0,0,3.052216,2.899605,11.80586,0,3.780657,0,3.780657,6.386652,45.61885,0.2207903,2.046488,0.7048413,5,0.8810515
8/20/2007 9:00:00 AM,0.323098,43.67352,-98.63802,48.32286,0.3202654,1.437351,4.316267,3.33,0,-1,0,3.33,43.1637,4.440892E-16,0.9862674,1.417894,1.437351,3.505263,3.33,0,0,8.025204,3.402591,0,2.067912,-2.067912,4.206881,30.04909,0.2207903,4.747894,1.149881,0,4.839942
8/20/2007 10:00:00 AM,0.5616716,58.31614,-99.11185,34.1725,0.553645,2.484759,1.884565,1.884565,5,0,1.53,1.884565,131.8479,0,0,0,2.484759,0,0,3.115435,2.959663,10.32288,1.334679,5.444422,0,5.444422,9.371913,66.9421,0.2207689,2.073021,1.987807,5,3.819438
8/20/2007 11:00:00 AM,0.5098536,72.87803,-103.0664,21.03176,0.5055318,2.268827,5.773631,5.773631,5,0,1.53,5.773631,39.29636,0,0,0,2.268827,0.8143485,0.773631,0,0,4.878462,6.234659,1.454478,0,1.454478,10.75175,76.79807,0.2208014,6.350994,1.815061,5,8.503486
8/20/2007 12:00:00 PM,0.5142823,86.00906,-149.4079,12.63046,0.5102976,2.290215,2.713644,2.713644,3.790723,0,1.199867,2.713644,84.39632,0,0,0,2.290215,0,0,1.07708,1.023226,3.423983,7.543689,3.313441,0,3.313441,13.89516,99.25093,0.2208143,2.985008,1.832172,5,9.833904
8/20/2007 1:00:00 PM,0.6282198,76.85271,106.2598,17.87721,0.6209509,2.786828,2.966349,2.966349,0,0,0,2.966349,93.94807,0,4.440892E-16,0,2.786828,3.122473,2.966349,0,0,0.1105424,10.52579,0,0.3356451,-0.3356451,13.54136,96.72379,0.2208143,3.262984,2.229462,0,13.31261
8/20/2007 2:00:00 PM,0.7152289,62.36764,99.63496,30.37089,0.7014642,3.148171,6.232173,3.33,0,-1,0,3.33,94.53967,0,2.902173,3.52539,3.148171,3.505263,3.33,0,0,0.4834814,10.19014,0,0.3570921,-0.3570921,13.16495,94.03516,0.2208143,6.85539,2.518537,0,13.33831
8/20/2007 3:00:00 PM,0.5058333,47.73322,98.61774,44.3548,0.496608,2.228777,2.644104,2.644104,0,-1,0,2.644104,84.29233,0,0,0,2.228777,2.783267,2.644104,0,0,0.8802503,9.833049,0,0.5544906,-0.5544906,12.58046,89.86028,0.2208143,2.908514,1.783021,0,12.06183
8/20/2007 4:00:00 PM,0.2392627,33.09106,99.03544,58.7652,0.237082,1.064024,0,0,0,-1,0,0,0,0,0,0,1.064024,0,0,0,0,1.496351,9.278558,1.064024,0,1.064024,13.58989,97.07043,0.2207365,0,0.8512193,0,10.34258
8/20/2007 5:00:00 PM,0.1329566,18.48256,100.1972,73.33792,0.1313545,0.5895188,2.955143,2.955143,0,-1,0,2.955143,19.94891,0,4.440892E-16,0,0.5895188,3.110677,2.955143,0,0,0.432327,10.23618,0,2.521158,-2.521158,10.93235,78.08808,0.2207365,3.250657,0.4716151,0,10.8257
8/20/2007 6:00:00 PM,0.03433147,3.942668,101.9929,87.97344,0.03228927,0.1449143,2.954138,2.954138,0,-1,0,2.954138,4.905467,0,4.440892E-16,0,0.1449143,3.109619,2.954138,0,0,3.233613,7.715022,0,2.964705,-2.964705,7.80728,55.76617,0.2207365,3.249552,0.1159314,0,7.859936
8/20/2007 7:00:00 PM,0,0,104.5522,90,0,0,5.252949,3.33,0,-1,0,3.33,0,0,1.922949,2.448244,0,3.505263,3.33,0,0,6.52773,4.750318,0,3.505263,-3.505263,4.112408,29.37429,0.2207365,5.778244,0,0,4.750318
8/20/2007 8:00:00 PM,0,0,108.2496,90,0,0,5.036335,1.182802,0,-1,0,1.182802,0,0,3.853533,4.357167,0,1.245054,1.182802,0,0,10.42247,1.245054,0,1.245054,-1.245054,2.800006,20,0.2207365,5.539968,0,0,1.245054
8/20/2007 9:00:00 PM,0,0,113.9126,90,0,0,4.766216,0,0,-1,0,0,0,0,4.766216,5.242837,0,0,0,0,0,11.80586,0,0,0,0,2.800006,20,0.2207365,5.242837,0,0,0
8/20/2007 10:00:00 PM,0,0,123.4436,90,0,0,0.1811315,0,0,-1,0,0,0,0,0.1811315,0.1992447,0,0,0,0,0,11.80586,0,0,0,0,2.800006,20,0.2207365,0.1992447,0,0,0
8/20/2007 11:00:00 PM,0,0,141.3916,90,0,0,0.1632741,0,0,-1,0,0,0,0,0.1632741,0.1796015,0,0,0,0,0,11.80586,0,0,0,0,2.800006,20,0.2207365,0.1796015,0,0,0
8/21/2007 12:00:00 AM,0,0,174.5327,90,0,0,0.7749071,0,0,-1,0,0,0,0,0.7749071,0.8523978,0,0,0,0,0,11.80586,0,0,0,0,2.800006,20,0.2207365,0.8523978,0,0,0
8/21/2007 1:00:00 AM,0,0,-148.3577,90,0,0,0.3253998,0,0,-1,0,0,0,0,0.3253998,0.3579398,0,0,0,0,0,11.80586,0,0,0,0,2.800006,20,0.2207365,0.3579398,0,0,0
8/21/2007 2:00:00 AM,0,0,-126.7368,90,0,0,0.4282155,0,0,-1,0,0,0,0,0.4282155,0.4710371,0,0,0,0,0,11.80586,0,0,0,0,2.800006,20,0.2207365,0.4710371,0,0,0
8/21/2007 3:00:00 AM,0,0,-115.5854,90,0,0,0.6434013,0,0,-1,0,0,0,0,0.6434013,0.7077414,0,0,0,0,0,11.80586,0,0,0,0,2.800006,20,0.2207365,0.7077414,0,0,0
8/21/2007 4:00:00 AM,0,0,-109.1762,90,0,0,0.4173836,0,0,-1,0,0,0,0,0.4173836,0.4591219,0,0,0,0,0,11.80586,0,0,0,0,2.800006,20,0.2207365,0.4591219,0,0,0
8/21/2007 5:00:00 AM,0,0,-105.0796,90,0,0,0.186597,0.186597,3.69186,0,1.172878,0.186597,0,0,0,0,0,0,0,3.505263,3.33,11.80586,0,3.33,0,3.33,5.959121,42.56506,0.2207383,0.2052567,0,5,0
8/21/2007 6:00:00 AM,0.01441493,0,-102.2665,90,0,0,0,0,3.505263,0,1.121937,0,0,0,0,0,0,0,0,3.505263,3.33,8.475861,2.997,3.33,0,3.33,9.118237,65.13013,0.2207215,0,0,5,2.997
8/21/2007 7:00:00 AM,0.1424066,14.46282,-100.2701,77.31721,0.1372708,0.6160712,2.666281,2.666281,5,0,1.53,2.666281,23.10602,0,0,0,0.6160712,0,0,2.333719,2.217033,5.14586,5.994,2.833105,0,2.833105,11.80596,84.32809,0.2208074,2.932909,0.4928569,5,6.610071
8/21/2007 8:00:00 AM,0.3448449,29.07247,-98.89641,62.69857,0.3339286,1.498671,2.398889,2.398889,0,0,0,2.398889,62.47357,0,0,0,1.498671,2.525146,2.398889,0,0,2.312756,8.543795,0,1.026475,-1.026475,10.72396,76.59953,0.2208074,2.638778,1.198937,0,10.04247
8/21/2007 9:00:00 AM,0.6316103,43.72551,-98.16122,48.20027,0.6123719,2.748325,0,0,0,-1,0,0,0,0,0,0,2.748325,0,0,0,0,3.453283,7.51732,2.748325,0,2.748325,13.33125,95.223,0.2206071,0,2.19866,0,10.26565
8/21/2007 10:00:00 AM,0.9201666,58.38913,-98.46216,34.00801,0.8978398,4.029505,4.274165,4.274165,1.25,0,0.50625,4.274165,94.27583,0.1412156,0,0,4.029505,3.183332,3.024165,0,0,0.7049576,9.990812,0.7049576,0,0.7049576,14.00003,100,0.2205557,4.701582,3.223604,5,14.02032
8/21/2007 11:00:00 AM,1.073347,72.98984,-101.9413,20.789,1.051576,4.719473,0.2788369,0.2788369,0,0,0,0.2788369,1692.557,4.425961,0,0,4.719473,0.2935126,0.2788369,0,0,0,10.62527,0,0,0,14.00003,100,0.2205557,0.3067206,3.775578,0,15.34475
8/21/2007 12:00:00 PM,1.096542,86.33095,-147.4023,12.28185,1.07586,4.82846,3.415232,3.415232,1.25,0,0.50625,3.415232,141.3802,2.549269,0,0,4.82846,2.279191,2.165232,0,0,0,10.62527,0,0,0,14.00003,100,0.2205557,3.756755,3.862768,5,15.45373
8/21/2007 1:00:00 PM,1.146258,76.87531,104.7291,17.68525,1.123593,5.042685,1.517372,1.517372,0,0,0,1.517372,332.3302,3.445451,0,0,5.042685,1.597234,1.517372,0,0,0,10.62527,0,0,0,14.00003,100,0.2205557,1.669109,4.034148,0,15.66796
8/21/2007 2:00:00 PM,1.033125,62.33495,98.88703,30.29552,1.009351,4.529965,4.611558,3.33,0,-1,0,3.33,136.035,1.024702,1.281559,1.742714,4.529965,3.505263,3.33,0,0,0,10.62527,0,0,0,14.00003,100,0.2205557,5.072714,3.623972,0,15.15524
8/21/2007 3:00:00 PM,0.867016,47.67671,98.10655,44.33347,0.840881,3.773874,5.121389,3.33,0,-1,0,3.33,113.3296,0.2686111,1.791389,2.303528,3.773874,3.505263,3.33,0,0,0,10.62527,0,0,0,14.00003,100,0.2205557,5.633528,3.019099,0,14.39915
8/21/2007 4:00:00 PM,0.576013,33.01722,98.62895,58.77601,0.550081,2.468764,0.3658574,0.3658574,0,-1,0,0.3658574,674.7885,2.083651,0,0,2.468764,0.3851131,0.3658574,0,0,0,10.62527,0,0,0,14.00003,100,0.2205557,0.4024431,1.975011,0,13.09404
8/21/2007 5:00:00 PM,0.2044863,18.39283,99.84206,73.37212,0.1961109,0.8801458,5.707603,3.33,0,-1,0,3.33,26.43081,4.440892E-16,2.377603,2.948363,0.8801458,3.505263,3.33,0,0,0,10.62527,0,2.625117,-2.625117,11.23291,80.23492,0.2205557,6.278363,0.7041166,0,11.50542
8/21/2007 6:00:00 PM,0.03328963,3.836283,101.6601,88.02752,0.03140261,0.1409349,8.960447,3.33,0,-1,0,3.33,4.23228,0,5.630447,6.526492,0.1409349,3.505263,3.33,0,0,2.916797,8.000156,0,3.364328,-3.364328,7.686598,54.90416,0.2205557,9.856492,0.1127479,0,8.141091
8/21/2007 7:00:00 PM,0,0,104.2214,90,0,0,6.307055,3.33,0,-1,0,3.33,0,0,2.977056,3.607761,0,3.505263,3.33,0,0,6.65494,4.635828,0,3.505263,-3.505263,3.991726,28.51227,0.2205557,6.937761,0,0,4.635828
8/21/2007 8:00:00 PM,0,0,107.9029,90,0,0,2.377289,1.074037,0,-1,0,1.074037,0,0,1.303251,1.54098,0,1.130566,1.074037,0,0,10.54968,1.130566,0,1.130566,-1.130566,2.800006,20,0.2205557,2.615017,0,0,1.130566
8/21/2007 9:00:00 PM,0,0,113.5327,90,0,0,0,0,0,-1,0,0,0,0,0,0,0,0,0,0,0,11.80586,0,0,0,0,2.800006,20,0.2205557,0,0,0,0
8/21/2007 10:00:00 PM,0,0,123.0234,90,0,0,0.2885047,0,0,-1,0,0,0,0,0.2885047,0.3173552,0,0,0,0,0,11.80586,0,0,0,0,2.800006,20,0.2205557,0.3173552,0,0,0
8/21/2007 11:00:00 PM,0,0,141.0113,90,0,0,0.2510847,0,0,-1,0,0,0,0,0.2510847,0.2761931,0,0,0,0,0,11.80586,0,0,0,0,2.800006,20,0.2205557,0.2761931,0,0,0
8/22/2007 12:00:00 AM,0,0,174.6041,90,0,0,0.7959082,0,0,-1,0,0,0,0,0.7959082,0.8754991,0,0,0,0,0,11.80586,0,0,0,0,2.800006,20,0.2205557,0.8754991,0,0,0
8/22/2007 1:00:00 AM,0,0,-147.7924,90,0,0,0.684374,0,0,-1,0,0,0,0,0.684374,0.7528114,0,0,0,0,0,11.80586,0,0,0,0,2.800006,20,0.2205557,0.7528114,0,0,0
8/22/2007 2:00:00 AM,0,0,-126.1825,90,0,0,0.4163667,0,0,-1,0,0,0,0,0.4163667,0.4580034,0,0,0,0,0,11.80586,0,0,0,0,2.800006,20,0.2205557,0.4580034,0,0,0
8/22/2007 3:00:00 AM,0,0,-115.1234,90,0,0,0,0,0,-1,0,0,0,0,0,0,0,0,0,0,0,11.80586,0,0,0,0,2.800006,20,0.2205557,0,0,0,0
8/22/2007 4:00:00 AM,0,0,-108.778,90,0,0,1.574425,0,0,-1,0,0,0,0,1.574425,1.731868,0,0,0,0,0,11.80586,0,0,0,0,2.800006,20,0.2205557,1.731868,0,0,0
8/22/2007 5:00:00 AM,0,0,-104.716,90,0,0,0.4515608,0.4515608,3.956824,0,1.245213,0.4515608,0,0,0,0,0,0,0,3.505263,3.33,11.80586,0,3.33,0,3.33,5.959121,42.56506,0.2205843,0.4967169,0,5,0
8/22/2007 6:00:00 AM,0.008557544,0,-101.914,90,0,0,0.7824258,0.7824258,4.287689,0,1.335539,0.7824258,0,4.440892E-16,0,0,0,0,0,3.505263,3.33,8.475861,2.997,3.33,0,3.33,9.118237,65.13013,0.2206458,0.8606684,0,5,2.997
8/22/2007 7:00:00 AM,0.1027598,14.483,-99.90662,77.24152,0.1014231,0.455187,2.603114,2.603114,5,0,1.53,2.603114,17.48625,0,0,0,0.455187,0,0,2.396886,2.277042,5.14586,5.994,2.732229,0,2.732229,11.71026,83.64452,0.2207299,2.863425,0.3641496,5,6.449187
8/22/2007 8:00:00 AM,0.1533559,29.10858,-98.49511,62.60175,0.1523999,0.6839706,0.4524642,0.4524642,0,0,0,0.4524642,151.1657,0,0,0,0.6839706,0.4762781,0.4524642,0,0,2.413631,8.453006,0.2076925,0,0.2076925,11.90729,85.0519,0.2207148,0.4977106,0.5471765,0,9.136976
8/22/2007 9:00:00 AM,0.3380542,43.77781,-97.67857,48.07634,0.3349858,1.503416,0,0,0,-1,0,0,0,0,0,0,1.503416,0,0,0,0,2.205939,8.639929,1.503416,0,1.503416,13.33356,95.2395,0.2206056,0,1.202733,0,10.14335
8/22/2007 10:00:00 AM,0.2642907,58.46132,-97.80315,33.84259,0.2628606,1.179718,4.4606,4.4606,4.007264,0,1.258983,4.4606,26.44753,1.110223E-16,0,0,1.179718,0.477196,0.4533362,0,0,0.7025226,9.993004,0.7025226,0,0.7025226,14.00003,100,0.2206213,4.906661,0.9437748,5,11.17272
8/22/2007 11:00:00 AM,0.4336843,73.09822,-100.791,20.54517,0.4308569,1.933686,2.202009,2.202009,0,0,0,2.202009,87.81461,0,0,0,1.933686,2.317904,2.202009,0,0,0,10.62527,0,0.3842187,-0.3842187,13.59503,97.10713,0.2206213,2.42221,1.546949,0,12.55896
8/22/2007 12:00:00 PM,0.4163042,86.65179,-145.0129,11.92932,0.4138371,1.857301,3.38644,3.38644,2.027568,0,0.7185262,3.38644,54.84523,4.440892E-16,0,0,1.857301,1.430391,1.358872,0,0,0.4269097,10.24106,0.4269097,0,0.4269097,14.00003,100,0.2206307,3.725084,1.485841,5,12.09836
8/22/2007 1:00:00 PM,0.1354728,76.88717,103.1767,17.4974,0.1347868,0.6049231,0.5245002,0.5245002,0,0,0,0.5245002,115.3333,0.05281772,0,0,0.6049231,0.5521054,0.5245002,0,0,0,10.62527,0,0,0,14.00003,100,0.2206307,0.5769502,0.4839385,0,11.2302
8/22/2007 2:00:00 PM,0.05117999,62.29606,98.13287,30.22457,0.05092398,0.2285468,4.107957,3.33,0,-1,0,3.33,6.863268,0,0.7779572,1.188753,0.2285468,3.505263,3.33,0,0,0,10.62527,0,3.276716,-3.276716,10.54607,75.32889,0.2206307,4.518753,0.1828375,0,10.85382
8/22/2007 3:00:00 PM,0.1725416,47.61552,97.59122,44.31585,0.1716161,0.7702129,1.570268,1.570268,0,-1,0,1.570268,49.04977,0,0,0,0.7702129,1.652914,1.570268,0,0,3.640796,7.348558,0,0.8827007,-0.8827007,9.615618,68.68285,0.2206307,1.727295,0.6161703,0,8.118771
8/22/2007 4:00:00 PM,0.2487433,32.93948,98.21905,58.79001,0.2463657,1.105689,0,0,0,-1,0,0,0,0,0,0,1.105689,0,0,0,0,4.621574,6.465857,1.105689,0,1.105689,10.66457,76.17532,0.2205506,0,0.8845515,0,7.571547
8/22/2007 5:00:00 PM,0.1893877,18.29972,99.48384,73.4091,0.1831972,0.8221891,5.105635,3.33,0,-1,0,3.33,24.69036,0,1.775635,2.286198,0.8221891,3.505263,3.33,0,0,3.515885,7.460978,0,2.683074,-2.683074,7.836358,55.97387,0.2205506,5.616198,0.6577513,0,8.283167
8/22/2007 6:00:00 PM,0.06099963,3.726887,101.3243,88.08403,0.03810091,0.1709969,3.409435,3.33,0,-1,0,3.33,5.135041,0,0.07943489,0.4203784,0.1709969,3.505263,3.33,0,0,6.497078,4.777904,0,3.334266,-3.334266,4.321733,30.86946,0.2205506,3.750378,0.1367975,0,4.9489
8/22/2007 7:00:00 PM,0,0,103.8873,90,0,0,6.567645,1.371455,0,-1,0,1.371455,0,0,5.196189,5.852954,0,1.443637,1.371455,0,0,10.20182,1.443637,0,1.443637,-1.443637,2.800006,20,0.2205506,7.224409,0,0,1.443637
8/22/2007 8:00:00 PM,0,0,107.5524,90,0,0,0,0,0,-1,0,0,0,0,0,0,0,0,0,0,0,11.80586,0,0,0,0,2.800006,20,0.2205506,0,0,0,0
8/22/2007 9:00:00 PM,0,0,113.1478,90,0,0,1.559489,0,0,-1,0,0,0,0,1.559489,1.715438,0,0,0,0,0,11.80586,0,0,0,0,2.800006,20,0.2205506,1.715438,0,0,0
8/22/2007 10:00:00 PM,0,0,122.596,90,0,0,1.837362,0,0,-1,0,0,0,0,1.837362,2.021098,0,0,0,0,0,11.80586,0,0,0,0,2.800006,20,0.2205506,2.021098,0,0,0
8/22/2007 11:00:00 PM,0,0,140.6221,90,0,0,0.8672112,0,0,-1,0,0,0,0,0.8672112,0.9539323,0,0,0,0,0,11.80586,0,0,0,0,2.800006,20,0.2205506,0.9539323,0,0,0
8/23/2007 12:00:00 AM,0,0,174.6835,90,0,0,1.235599,0,0,-1,0,0,0,0,1.235599,1.359159,0,0,0,0,0,11.80586,0,0,0,0,2.800006,20,0.2205506,1.359159,0,0,0
8/23/2007 1:00:00 AM,0,0,-147.2062,90,0,0,0.7856649,0,0,-1,0,0,0,0,0.7856649,0.8642313,0,0,0,0,0,11.80586,0,0,0,0,2.800006,20,0.2205506,0.8642313,0,0,0
8/23/2007 2:00:00 AM,0,0,-125.6166,90,0,0,1.402993,0,0,-1,0,0,0,0,1.402993,1.543292,0,0,0,0,0,11.80586,0,0,0,0,2.800006,20,0.2205506,1.543292,0,0,0
8/23/2007 3:00:00 AM,0,0,-114.6544,90,0,0,0.8173257,0,0,-1,0,0,0,0,0.8173257,0.8990582,0,0,0,0,0,11.80586,0,0,0,0,2.800006,20,0.2205506,0.8990582,0,0,0
8/23/2007 4:00:00 AM,0,0,-108.375,90,0,0,1.250556,0,0,-1,0,0,0,0,1.250556,1.375611,0,0,0,0,0,11.80586,0,0,0,0,2.800006,20,0.2205506,1.375611,0,0,0
8/23/2007 5:00:00 AM,0,0,-104.3484,90,0,0,0.2598766,0.2598766,3.76514,0,1.192883,0.2598766,0,0,0,0,0,0,0,3.505263,3.33,11.80586,0,3.33,0,3.33,5.959121,42.56506,0.2205599,0.2858643,0,5,0
8/23/2007 6:00:00 AM,0.023866,0,-101.5577,90,0,0,1.391217,1.391217,4.896481,0,1.501739,1.391217,0,0,0,0,0,0,0,3.505263,3.33,8.475861,2.997,3.33,0,3.33,9.118237,65.13013,0.2206677,1.530339,0,5,2.997
8/23/2007 7:00:00 AM,0.2071709,14.50456,-99.53922,77.1638,0.1895431,0.8506693,0.9855797,0.9855797,4.490843,0,1.391,0.9855797,86.31158,0,0,0,0.8506693,0,0,3.505263,3.33,5.14586,5.994,4.180669,0,4.180669,13.08437,93.45958,0.2206876,1.084138,0.6805354,5,6.844669
8/23/2007 8:00:00 AM,0.440692,29.14558,-98.08938,62.50328,0.42125,1.89057,3.965763,3.965763,3.086653,0,1.007656,3.965763,47.67228,2.220446E-16,0,0,1.89057,0.9253789,0.8791099,0,0,0.9651909,9.756602,0.9651909,0,0.9651909,14.00003,100,0.2207089,4.36234,1.512456,5,11.64717
8/23/2007 9:00:00 AM,0.7046387,43.83031,-97.19021,47.95119,0.6835852,3.06793,0.2020392,0.2020392,0,-1,0,0.2020392,1518.483,2.855258,0,0,3.06793,0.2126729,0.2020392,0,0,0,10.62527,0,0,0,14.00003,100,0.2207089,0.2222431,2.454345,0,13.6932
8/23/2007 10:00:00 AM,0.9003649,58.53252,-97.13496,33.67643,0.8805072,3.951716,0,0,0,0,0,0,0,3.951716,0,0,3.951716,0,0,0,0,0,10.62527,0,0,0,14.00003,100,0.2207089,0,3.161373,0,14.57699
8/23/2007 11:00:00 AM,0.8689235,73.20283,-99.61573,20.30055,0.8541277,3.833325,2.010012,2.010012,0,0,0,2.010012,190.7115,1.717523,0,0,3.833325,2.115802,2.010012,0,0,0,10.62527,0,0,0,14.00003,100,0.2207089,2.211014,3.06666,0,14.4586
8/23/2007 12:00:00 PM,1.067923,86.96979,-142.1182,11.57298,1.049771,4.711372,6.413383,6.413383,3.083383,0,1.006764,6.413383,73.46157,1.206109,0,0,4.711372,3.505263,3.33,0,0,0,10.62527,0,0,0,14.00003,100,0.2207089,7.054721,3.769098,5,15.33665
8/23/2007 1:00:00 PM,1.043789,76.88798,101.6059,17.31405,1.025257,4.601354,0,0,0,0,0,0,0,4.601354,0,0,4.601354,0,0,0,0,0,10.62527,0,0,0,14.00003,100,0.2207089,0,3.681083,0,15.22663
8/23/2007 2:00:00 PM,0.8216342,62.2509,97.37312,30.15818,0.8054581,3.614896,0,0,0,-1,0,0,0,3.614896,0,0,3.614896,0,0,0,0,0,10.62527,0,0,0,14.00003,100,0.2207089,0,2.891917,0,14.24017
8/23/2007 3:00:00 PM,0.4113732,47.54963,97.07204,44.30202,0.4069336,1.826318,0,0,0,-1,0,0,0,1.826318,0,0,1.826318,0,0,0,0,0,10.62527,0,0,0,14.00003,100,0.2207089,0,1.461054,0,12.45159
8/23/2007 4:00:00 PM,0.3728234,32.85787,97.80592,58.80722,0.3638337,1.632885,1.751915,1.751915,0,-1,0,1.751915,93.20575,0,0,0,1.632885,1.844121,1.751915,0,0,0,10.62527,0,0.2112355,-0.2112355,13.77737,98.40956,0.2207089,1.927106,1.306308,0,12.25816
8/23/2007 5:00:00 PM,0.1236362,18.20326,99.12263,73.44884,0.1223994,0.5493284,0.7437548,0.7437548,0,-1,0,0.7437548,73.85881,0,0,0,0.5493284,0.7828997,0.7437548,0,0,0.2347061,10.41404,0,0.2335713,-0.2335713,13.53116,96.65096,0.2207089,0.8181303,0.4394628,0,10.96337
8/23/2007 6:00:00 PM,0.04428608,3.614542,100.9854,88.14292,0.03629298,0.1628829,10.1364,3.33,0,-1,0,3.33,4.891378,0,6.806404,7.820044,0.1628829,3.505263,3.33,0,0,0.4942298,10.18047,0,3.34238,-3.34238,10.00798,71.48544,0.2207089,11.15004,0.1303063,0,10.34335
8/23/2007 7:00:00 PM,0,0,103.5499,90,0,0,6.153657,3.33,0,-1,0,3.33,0,0,2.823657,3.439023,0,3.505263,3.33,0,0,4.207986,6.838087,0,3.505263,-3.505263,6.31311,45.09356,0.2207089,6.769022,0,0,6.838087
8/23/2007 8:00:00 PM,0,0,107.1979,90,0,0,6.221653,3.166183,0,-1,0,3.166183,0,0,3.05547,3.677635,0,3.332824,3.166183,0,0,8.102722,3.332824,0,3.332824,-3.332824,2.800006,20,0.2207089,6.843818,0,0,3.332824
8/23/2007 9:00:00 PM,0,0,112.7578,90,0,0,5.475348,0,0,-1,0,0,0,0,5.475348,6.022883,0,0,0,0,0,11.80586,0,0,0,0,2.800006,20,0.2207089,6.022883,0,0,0
8/23/2007 10:00:00 PM,0,0,122.1613,90,0,0,0.6403807,0,0,-1,0,0,0,0,0.6403807,0.7044188,0,0,0,0,0,11.80586,0,0,0,0,2.800006,20,0.2207089,0.7044188,0,0,0
8/23/2007 11:00:00 PM,0,0,140.2235,90,0,0,0,0,0,-1,0,0,0,0,0,0,0,0,0,0,0,11.80586,0,0,0,0,2.800006,20,0.2207089,0,0,0,0
8/24/2007 12:00:00 AM,0,0,174.7713,90,0,0,0,0,0,-1,0,0,0,0,0,0,0,0,0,0,0,11.80586,0,0,0,0,2.800006,20,0.2207089,0,0,0,0
8/24/2007 1:00:00 AM,0,0,-146.5987,90,0,0,0.6298234,0,0,-1,0,0,0,0,0.6298234,0.6928058,0,0,0,0,0,11.80586,0,0,0,0,2.800006,20,0.2207089,0.6928058,0,0,0
8/24/2007 2:00:00 AM,0,0,-125.0391,90,0,0,1.360304,0,0,-1,0,0,0,0,1.360304,1.496334,0,0,0,0,0,11.80586,0,0,0,0,2.800006,20,0.2207089,1.496334,0,0,0
8/24/2007 3:00:00 AM,0,0,-114.1788,90,0,0,0.8943511,0,0,-1,0,0,0,0,0.8943511,0.9837862,0,0,0,0,0,11.80586,0,0,0,0,2.800006,20,0.2207089,0.9837862,0,0,0
8/24/2007 4:00:00 AM,0,0,-107.9672,90,0,0,1.075819,0,0,-1,0,0,0,0,1.075819,1.183401,0,0,0,0,0,11.80586,0,0,0,0,2.800006,20,0.2207089,1.183401,0,0,0
8/24/2007 5:00:00 AM,0,0,-103.9768,90,0,0,0.3561377,0.3561377,3.861401,0,1.219162,0.3561377,0,0,0,0,0,0,0,3.505263,3.33,11.80586,0,3.33,0,3.33,5.959121,42.56506,0.2207276,0.3917514,0,5,0
8/24/2007 6:00:00 AM,0.0005332855,0,-101.1977,90,0,0,1.68636,1.68636,5,0,1.53,1.68636,0,0,0,0,0,0,0,3.31364,3.147958,8.475861,2.997,3.147958,0,3.147958,8.945536,63.89656,0.220829,1.854996,0,5,2.997
8/24/2007 7:00:00 AM,0.03155366,14.52743,-99.16805,77.08412,0.03136853,0.140782,0.4755249,0.4755249,3.980788,0,1.251755,0.4755249,29.60559,0,0,0,0.140782,0,0,3.505263,3.33,5.327902,5.830162,3.470782,0,3.470782,12.23821,87.4156,0.2208492,0.5230774,0.1126256,5,5.970944
8/24/2007 8:00:00 AM,0.05593963,29.18339,-97.67933,62.40326,0.05564402,0.2497304,0.8667016,0.8667016,0,0,0,0.8667016,28.81388,0,0,0,0.2497304,0.9123175,0.8667016,0,0,1.857121,8.953866,0,0.6625871,-0.6625871,11.53978,82.42684,0.2208492,0.9533718,0.1997843,0,9.203596
8/24/2007 9:00:00 AM,0.1273328,43.8829,-96.69623,47.82494,0.1266629,0.568463,1.678458,1.678458,0,-1,0,1.678458,33.86816,0,0,0,0.568463,1.766798,1.678458,0,0,2.593328,8.291279,0,1.198335,-1.198335,10.27662,73.40431,0.2208492,1.846304,0.4547704,0,8.859741
8/24/2007 10:00:00 AM,0.09986289,58.60258,-96.45771,33.5097,0.09935735,0.4459158,2.547458,2.547458,0,0,0,2.547458,17.50434,0,0,0,0.4459158,2.681535,2.547458,0,0,3.924812,7.092943,0,2.235619,-2.235619,7.920075,56.57185,0.2208492,2.802204,0.3567326,0,7.538859
8/24/2007 11:00:00 AM,0.06364645,73.30328,-98.41574,20.0554,0.06332893,0.2842202,0,0,0,0,0,0,0,0,0,0,0.2842202,0,0,0,0,6.408834,4.857324,0.2842202,0,0.2842202,8.18971,58.49781,0.2208287,0,0.2273762,0,5.141544
8/24/2007 12:00:00 PM,0.141385,87.2823,-138.5457,11.21294,0.1406728,0.6313397,0,0,0,0,0,0,0,0,0,0,0.6313397,0,0,0,0,6.124613,5.113122,0.6313397,0,0.6313397,8.788651,62.77596,0.2207832,0,0.5050718,0,5.744462
8/24/2007 1:00:00 PM,0.3886949,76.87746,100.02,17.13562,0.3864893,1.734564,1.694744,1.694744,0,0,0,1.694744,102.3496,0,0,0,1.734564,1.783941,1.694744,0,0,5.493273,5.681328,0,0.04937668,-0.04937668,8.736604,62.40419,0.2207832,1.864218,1.387651,0,7.415892
8/24/2007 2:00:00 PM,0.2746692,62.19941,96.6084,30.0965,0.2732093,1.226164,1.974052,1.974052,0,-1,0,1.974052,62.11404,0,0,0,1.226164,2.07795,1.974052,0,0,5.548136,5.631951,0,0.8517861,-0.8517861,7.838742,55.99091,0.2207832,2.171457,0.9809307,0,6.858115
8/24/2007 3:00:00 PM,0.1516227,47.47903,96.54929,44.29203,0.1508245,0.6769003,7.514006,3.33,0,-1,0,3.33,20.32734,0,4.184006,4.935406,0.6769003,3.505263,3.33,0,0,6.494565,4.780165,0,2.828363,-2.828363,4.857386,34.69555,0.2207832,8.265406,0.5415202,0,5.457066
8/24/2007 4:00:00 PM,0.1183032,32.77241,97.38974,58.82764,0.1176473,0.5280013,3.048962,2.355814,0,-1,0,2.355814,22.41269,0,0.6931488,1.399326,0.5280013,2.479804,2.355814,0,0,9.637191,1.951802,0,1.951802,-1.951802,2.800006,20,0.2207832,3.353859,0.422401,0,2.479804
8/24/2007 5:00:00 PM,0.1329947,18.1035,98.75854,73.49132,0.1314307,0.5898611,1.806104,0.5603681,0,-1,0,0.5603681,105.2632,0,1.245736,1.874641,0.5898611,0.5898611,0.5603681,0,0,11.80586,0,0,0,0,2.800006,20,0.2207832,1.986714,0.4718889,0,0.5898611
8/24/2007 6:00:00 PM,0.04713479,3.49931,100.6436,88.20415,0.03624974,0.1626889,7.502449,0.1545544,0,-1,0,0.1545544,105.2632,0,7.347894,8.221783,0.1626889,0.1626889,0.1545544,0,0,11.80586,0,0,0,0,2.800006,20,0.2207832,8.252693,0.1301511,0,0.1626889
8/24/2007 7:00:00 PM,0,0,103.2094,90,0,0,1.596486,0,0,-1,0,0,0,0,1.596486,1.756134,0,0,0,0,0,11.80586,0,0,0,0,2.800006,20,0.2207832,1.756134,0,0,0
8/24/2007 8:00:00 PM,0,0,106.8397,90,0,0,2.877719,0,0,-1,0,0,0,0,2.877719,3.165491,0,0,0,0,0,11.80586,0,0,0,0,2.800006,20,0.2207832,3.165491,0,0,0
8/24/2007 9:00:00 PM,0,0,112.3629,90,0,0,4.690639,0,0,-1,0,0,0,0,4.690639,5.159703,0,0,0,0,0,11.80586,0,0,0,0,2.800006,20,0.2207832,5.159703,0,0,0
8/24/2007 10:00:00 PM,0,0,121.7192,90,0,0,0,0,0,-1,0,0,0,0,0,0,0,0,0,0,0,11.80586,0,0,0,0,2.800006,20,0.2207832,0,0,0,0
8/24/2007 11:00:00 PM,0,0,139.8153,90,0,0,0.6445569,0,0,-1,0,0,0,0,0.6445569,0.7090126,0,0,0,0,0,11.80586,0,0,0,0,2.800006,20,0.2207832,0.7090126,0,0,0
8/25/2007 12:00:00 AM,0,0,174.8679,90,0,0,1.829132,0,0,-1,0,0,0,0,1.829132,2.012045,0,0,0,0,0,11.80586,0,0,0,0,2.800006,20,0.2207832,2.012045,0,0,0
8/25/2007 1:00:00 AM,0,0,-145.9696,90,0,0,0.237678,0,0,-1,0,0,0,0,0.237678,0.2614458,0,0,0,0,0,11.80586,0,0,0,0,2.800006,20,0.2207832,0.2614458,0,0,0
8/25/2007 2:00:00 AM,0,0,-124.4503,90,0,0,1.162657,0,0,-1,0,0,0,0,1.162657,1.278922,0,0,0,0,0,11.80586,0,0,0,0,2.800006,20,0.2207832,1.278922,0,0,0
8/25/2007 3:00:00 AM,0,0,-113.6966,90,0,0,0.600742,0,0,-1,0,0,0,0,0.600742,0.6608162,0,0,0,0,0,11.80586,0,0,0,0,2.800006,20,0.2207832,0.6608162,0,0,0
8/25/2007 4:00:00 AM,0,0,-107.5547,90,0,0,0.4010629,0,0,-1,0,0,0,0,0.4010629,0.4411692,0,0,0,0,0,11.80586,0,0,0,0,2.800006,20,0.2207832,0.4411692,0,0,0
8/25/2007 5:00:00 AM,0,0,-103.6013,90,0,0,0.3212624,0.3212624,3.826526,0,1.209641,0.3212624,0,0,0,0,0,0,0,3.505263,3.33,11.80586,0,3.33,0,3.33,5.959121,42.56506,0.2207983,0.3533887,0,5,0
8/25/2007 6:00:00 AM,0.002688301,0,-100.8341,90,0,0,0,0,3.505263,0,1.121937,0,0,0,0,0,0,0,0,3.505263,3.33,8.475861,2.997,3.33,0,3.33,9.118237,65.13013,0.2207816,0,0,5,2.997
8/25/2007 7:00:00 AM,0.008575377,14.55157,-98.79317,77.00256,0.008531052,0.03828736,2.37582,2.37582,5,0,1.53,2.37582,1.611543,0,0,0,0.03828736,0,0,2.62418,2.492971,5.14586,5.994,2.531258,0,2.531258,11.5196,82.28268,0.2208624,2.613402,0.03062989,5,6.032287
8/25/2007 8:00:00 AM,0.08567233,29.22192,-97.26505,62.30178,0.0852042,0.3823965,3.834338,3.834338,5,0,1.53,3.834338,9.972945,0,0,0,0.3823965,0,0,1.165662,1.107379,2.614602,8.272132,1.489775,0,1.489775,12.93292,92.37784,0.2209062,4.217772,0.3059172,5,8.654529
8/25/2007 9:00:00 AM,0.07868908,43.93547,-96.19675,47.69773,0.07828662,0.3513503,3.784952,3.33,0,-1,0,3.33,10.55106,0,0.4549517,0.8334469,0.3513503,3.505263,3.33,0,0,1.124827,9.612929,0,3.153913,-3.153913,9.608407,68.63134,0.2209062,4.163447,0.2810803,0,9.96428
8/25/2007 10:00:00 AM,0.2446422,58.67132,-95.77156,33.3426,0.2433547,1.092176,2.215335,2.215335,0,0,0,2.215335,49.30072,0,0,0,1.092176,2.331931,2.215335,0,0,4.629175,6.459017,0,1.239755,-1.239755,8.301591,59.29696,0.2209062,2.436868,0.8737407,0,7.551193
8/25/2007 11:00:00 AM,0.2048788,73.39922,-97.19135,19.80999,0.2038333,0.9148037,4.696529,4.696529,5,0,1.53,4.696529,19.47829,0,0,0,0.9148037,0,0,0.3034709,0.2882974,6.00668,5.219262,1.203101,0,1.203101,9.442952,67.44952,0.2209354,5.166182,0.7318429,5,6.134065
8/25/2007 12:00:00 PM,0.06123765,87.58543,-134.0495,10.84933,0.06093298,0.2734672,0,0,3.505263,0,1.121937,0,0,0,0,0,0.2734672,0,0,3.505263,3.33,4.803579,6.302052,3.603467,0,3.603467,12.8615,91.86768,0.220899,0,0.2187738,5,6.57552
8/25/2007 1:00:00 PM,0.1891775,76.85538,98.42239,16.96251,0.1882169,0.8447174,0.9994603,0.9994603,0,0,0,0.9994603,84.51735,0,0,0,0.8447174,1.052063,0.9994603,0,0,1.200112,9.545173,0,0.2073462,-0.2073462,12.64294,90.30653,0.220899,1.099406,0.6757739,0,10.38989
8/25/2007 2:00:00 PM,0.2235084,62.14154,95.83932,30.03966,0.2223476,0.9978962,1.744352,1.744352,0,-1,0,1.744352,57.20728,0,2.220446E-16,0,0.9978962,1.83616,1.744352,0,0,1.430497,9.337827,0,0.8382636,-0.8382636,11.75933,83.99506,0.220899,1.918787,0.798317,0,10.33572
8/25/2007 3:00:00 PM,0.112596,47.40374,96.02324,44.28591,0.1120155,0.5027256,3.174513,3.174513,0,-1,0,3.174513,15.83631,0,4.440892E-16,0.1619639,0.5027256,3.341592,3.174513,0,0,2.361901,8.499563,0,2.838867,-2.838867,8.766904,62.62062,0.220899,3.491964,0.4021805,0,9.002289
8/25/2007 4:00:00 PM,0.1914701,32.68312,96.97067,58.85127,0.1902582,0.853879,2.414972,2.414972,0,-1,0,2.414972,35.35772,0,4.440892E-16,0,0.853879,2.542076,2.414972,0,0,5.516197,5.660697,0,1.688197,-1.688197,6.987388,49.90981,0.220899,2.656469,0.6831032,0,6.514575
8/25/2007 5:00:00 PM,0.141697,18.00049,98.39171,73.53651,0.1397497,0.6271968,2.730293,2.730293,0,-1,0,2.730293,22.97178,0,0,0,0.6271968,2.873993,2.730293,0,0,7.391972,3.9725,0,2.246796,-2.246796,4.619057,32.9932,0.220899,3.003322,0.5017574,0,4.599697
8/25/2007 6:00:00 PM,0.05116541,3.381258,100.299,88.26765,0.03576938,0.160533,0,0,0,-1,0,0,0,0,0,0,0.160533,0,0,0,0,9.888412,1.725704,0.160533,0,0.160533,4.771352,34.08102,0.2208875,0,0.1284264,0,1.886237
8/25/2007 7:00:00 PM,0,0,102.8657,90,0,0,1.344118,1.344118,0,-1,0,1.344118,0,0,0,0,0,1.414861,1.344118,0,0,9.727879,1.870183,0,1.414861,-1.414861,3.279958,23.42822,0.2208875,1.478529,0,0,1.870183
8/25/2007 8:00:00 PM,0,0,106.4777,90,0,0,3.699953,0.4325567,0,-1,0,0.4325567,0,0,3.267396,3.637391,0,0.4553228,0.4325567,0,0,11.29995,0.4553228,0,0.4553228,-0.4553228,2.800006,20,0.2208875,4.069948,0,0,0.4553228
8/25/2007 9:00:00 PM,0,0,111.9628,90,0,0,6.198114,0,0,-1,0,0,0,0,6.198114,6.817926,0,0,0,0,0,11.80586,0,0,0,0,2.800006,20,0.2208875,6.817926,0,0,0
8/25/2007 10:00:00 PM,0,0,121.2695,90,0,0,1.347091,0,0,-1,0,0,0,0,1.347091,1.4818,0,0,0,0,0,11.80586,0,0,0,0,2.800006,20,0.2208875,1.4818,0,0,0
8/25/2007 11:00:00 PM,0,0,139.3969,90,0,0,0.7486212,0,0,-1,0,0,0,0,0.7486212,0.8234833,0,0,0,0,0,11.80586,0,0,0,0,2.800006,20,0.2208875,0.8234833,0,0,0
8/26/2007 12:00:00 AM,0,0,174.9736,90,0,0,0,0,0,-1,0,0,0,0,0,0,0,0,0,0,0,11.80586,0,0,0,0,2.800006,20,0.2208875,0,0,0,0
8/26/2007 1:00:00 AM,0,0,-145.3184,90,0,0,0.3086872,0,0,-1,0,0,0,0,0.3086872,0.3395559,0,0,0,0,0,11.80586,0,0,0,0,2.800006,20,0.2208875,0.3395559,0,0,0
8/26/2007 2:00:00 AM,0,0,-123.8502,90,0,0,0.2476365,0,0,-1,0,0,0,0,0.2476365,0.2724001,0,0,0,0,0,11.80586,0,0,0,0,2.800006,20,0.2208875,0.2724001,0,0,0
8/26/2007 3:00:00 AM,0,0,-113.2081,90,0,0,0.952348,0,0,-1,0,0,0,0,0.952348,1.047583,0,0,0,0,0,11.80586,0,0,0,0,2.800006,20,0.2208875,1.047583,0,0,0
8/26/2007 4:00:00 AM,0,0,-107.1378,90,0,0,0.480515,0,0,-1,0,0,0,0,0.480515,0.5285665,0,0,0,0,0,11.80586,0,0,0,0,2.800006,20,0.2208875,0.5285665,0,0,0
8/26/2007 5:00:00 AM,0,0,-103.2222,90,0,0,0.05019879,0.05019879,3.555462,0,1.135641,0.05019879,0,0,0,0,0,0,0,3.505263,3.33,11.80586,0,3.33,0,3.33,5.959121,42.56506,0.2208758,0.05521867,0,5,0
8/26/2007 6:00:00 AM,0.02795985,0,-100.467,90,0,0,0.7493881,0.7493881,4.254651,0,1.32652,0.7493881,0,0,0,0,0,0,0,3.505263,3.33,8.475861,2.997,3.33,0,3.33,9.118237,65.13013,0.2209327,0.8243269,0,5,2.997
8/26/2007 7:00:00 AM,0.2026727,14.5769,-98.41472,76.91919,0.1880146,0.8438097,0,0,3.505263,0,1.121937,0,0,0,0,0,0.8438097,0,0,3.505263,3.33,5.14586,5.994,4.17381,0,4.17381,13.07786,93.4131,0.2208557,0,0.6750478,5,6.83781
8/26/2007 8:00:00 AM,0.3094179,29.2611,-96.84666,62.19894,0.3032232,1.360866,0,0,0,0,0,0,0,0.3888154,0,0,1.360866,0,0,0,0,0.9720505,9.750429,0.9720505,0,0.9720505,14.00003,100,0.2207863,0,1.088693,0,11.11129
8/26/2007 9:00:00 AM,0.5270792,43.98789,-95.69188,47.56969,0.5171093,2.320786,0.8910795,0.8910795,0,-1,0,0.8910795,260.4466,1.382808,0,0,2.320786,0.9379784,0.8910795,0,0,0,10.62527,0,0,0,14.00003,100,0.2207863,0.9801874,1.856629,0,12.94606
8/26/2007 10:00:00 AM,0.7160107,58.73855,-95.07666,33.1753,0.7044957,3.161777,3.09345,3.09345,1.25,0,0.50625,3.09345,102.2088,1.221303,0,0,3.161777,1.940473,1.84345,0,0,0,10.62527,0,0,0,14.00003,100,0.2207863,3.402795,2.529421,5,13.78705
8/26/2007 11:00:00 AM,0.763105,73.49025,-95.94299,19.56463,0.7535363,3.381871,5.723426,5.723426,2.510649,0,0.8504071,5.723426,59.08823,0,0,0,3.381871,3.381871,3.212777,0,0,0,10.62527,0,0,0,14.00003,100,0.2207863,6.295769,2.705497,5,14.00714
8/26/2007 12:00:00 PM,0.8719919,87.87321,-128.2803,10.48225,0.8607507,3.863049,0,0,0,0,0,0,0,3.863049,0,0,3.863049,0,0,0,0,0,10.62527,0,0,0,14.00003,100,0.2207863,0,3.090439,0,14.48832
8/26/2007 1:00:00 PM,1.060537,76.82155,96.81667,16.79515,1.044691,4.688572,0,0,0,0,0,0,0,4.688572,0,0,4.688572,0,0,0,0,0,10.62527,0,0,0,14.00003,100,0.2207863,0,3.750858,0,15.31385
8/26/2007 2:00:00 PM,1.010778,62.07726,95.06654,29.98779,0.9927377,4.455407,0.4146635,0.4146635,0,-1,0,0.4146635,1074.463,4.018919,0,0,4.455407,0.4364879,0.4146635,0,0,0,10.62527,0,0,0,14.00003,100,0.2207863,0.4561298,3.564326,0,15.08068
8/26/2007 3:00:00 PM,0.8171363,47.32375,95.49419,44.28371,0.7975385,3.579353,1.940081,1.940081,0,-1,0,1.940081,184.4951,1.537163,0,0,3.579353,2.04219,1.940081,0,0,0,10.62527,0,0,0,14.00003,100,0.2207863,2.134089,2.863482,0,14.20463
8/26/2007 4:00:00 PM,0.5898101,32.59003,96.54891,58.87811,0.5677748,2.548173,4.624988,3.33,0,-1,0,3.33,76.52172,4.440892E-16,1.294988,1.757487,2.548173,3.505263,3.33,0,0,0,10.62527,0,0.9570898,-0.9570898,12.99117,92.79386,0.2207863,5.087487,2.038539,0,13.17345
8/26/2007 5:00:00 PM,0.2546669,17.89429,98.02226,73.58437,0.2392394,1.073706,0.4658652,0.4658652,0,-1,0,0.4658652,230.4758,0,0,0,1.073706,0.4903844,0.4658652,0,0,1.063433,9.668184,0.583322,0,0.583322,13.54455,96.74663,0.2207447,0.5124517,0.8589652,0,10.74189
8/26/2007 6:00:00 PM,0.05987829,3.260458,99.95173,88.3334,0.03511438,0.1575933,7.302384,3.33,0,-1,0,3.33,4.732533,0,3.972384,4.702622,0.1575933,3.505263,3.33,0,0,0.4801111,10.19317,0,3.34767,-3.34767,10.0158,71.54129,0.2207447,8.032622,0.1260747,0,10.35077
8/26/2007 7:00:00 PM,0,0,102.519,90,0,0,0.6107855,0.6107855,0,-1,0,0.6107855,0,0,0,0,0,0.6429321,0.6107855,0,0,4.199744,6.845504,0,0.6429321,-0.6429321,9.338091,66.70052,0.2207447,0.671864,0,0,6.845504
8/26/2007 8:00:00 PM,0,0,106.112,90,0,0,1.031961,1.031961,0,-1,0,1.031961,0,0,0,0,0,1.086274,1.031961,0,0,4.914113,6.202572,0,1.086274,-1.086274,8.193057,58.52172,0.2207447,1.135157,0,0,6.202572
8/26/2007 9:00:00 PM,0,0,111.5578,90,0,0,0.875478,0.875478,0,-1,0,0.875478,0,0,1.110223E-16,0,0,0.9215558,0.875478,0,0,6.121085,5.116298,0,0.9215558,-0.9215558,7.221652,51.58313,0.2207447,0.9630257,0,0,5.116298
8/26/2007 10:00:00 PM,0,0,120.8122,90,0,0,1.211177,1.211177,0,-1,0,1.211177,0,0,0,0,0,1.274924,1.211177,0,0,7.145036,4.194742,0,1.274924,-1.274924,5.877765,41.98395,0.2207447,1.332295,0,0,4.194742
8/26/2007 11:00:00 PM,0,0,138.9679,90,0,0,0.6375052,0.6375052,0,-1,0,0.6375052,0,0,1.110223E-16,0,0,0.6710581,0.6375052,0,0,8.561617,2.919819,0,0.6710581,-0.6710581,5.170407,36.93141,0.2207447,0.7012557,0,0,2.919819
8/27/2007 12:00:00 AM,0,0,175.0889,90,0,0,0.4520718,0.4520718,0,-1,0,0.4520718,0,0,5.551115E-17,0,0,0.4758651,0.4520718,0,0,9.307238,2.24876,0,0.4758651,-0.4758651,4.668801,33.34851,0.2207447,0.497279,0,0,2.24876
8/27/2007 1:00:00 AM,0,0,-144.6446,90,0,0,0.3778434,0.3778434,0,-1,0,0.3778434,0,0,5.551115E-17,0,0,0.3977298,0.3778434,0,0,9.835977,1.772895,0,0.3977298,-0.3977298,4.249557,30.35392,0.2207447,0.4156277,0,0,1.772895
8/27/2007 2:00:00 AM,0,0,-123.239,90,0,0,0.5869892,0.5869892,0,-1,0,0.5869892,0,0,0,0,0,0.6178834,0.5869892,0,0,10.2779,1.375166,0,0.6178834,-0.6178834,3.598251,25.70174,0.2207447,0.6456882,0,0,1.375166
8/27/2007 3:00:00 AM,0,0,-112.7135,90,0,0,1.491685,0.719418,0,-1,0,0.719418,0,0,0.7722672,0.9214357,0,0.7572822,0.719418,0,0,10.96444,0.7572822,0,0.7572822,-0.7572822,2.800006,20,0.2207447,1.640854,0,0,0.7572822
8/27/2007 4:00:00 AM,0,0,-106.7166,90,0,0,1.012978,0,0,-1,0,0,0,0,1.012978,1.114276,0,0,0,0,0,11.80586,0,0,0,0,2.800006,20,0.2207447,1.114276,0,0,0
8/27/2007 5:00:00 AM,0,0,-102.8394,90,0,0,0.01425987,0.01425987,3.519523,0,1.12583,0.01425987,0,4.440892E-16,0,0,0,0,0,3.505263,3.33,11.80586,0,3.33,0,3.33,5.959121,42.56506,0.2207296,0.01568586,0,5,0
8/27/2007 6:00:00 AM,0.01417904,0,-100.0966,90,0,0,0.8696863,0.8696863,4.374949,0,1.359361,0.8696863,0,0,0,0,0,0,0,3.505263,3.33,8.475861,2.997,3.33,0,3.33,9.118237,65.13013,0.2207983,0.956655,0,5,2.997
8/27/2007 7:00:00 AM,0.1748215,14.60337,-98.0328,76.83409,0.166048,0.7452235,2.096493,2.096493,4.928342,0,1.510437,2.096493,35.5462,0,0,0,0.7452235,0,0,2.831849,2.690257,5.14586,5.994,3.43548,0,3.43548,12.37742,88.40996,0.2208999,2.306142,0.5961788,5,6.739223
8/27/2007 8:00:00 AM,0.3009295,29.30083,-96.42428,62.09486,0.2955406,1.326386,0,0,0,0,0,0,0,0,0,0,1.326386,0,0,0,0,1.71038,9.085932,1.326386,0,1.326386,13.63574,97.39794,0.2208055,0,1.061109,0,10.41232
8/27/2007 9:00:00 AM,0.3405837,44.04005,-95.18176,47.44097,0.3378635,1.516332,1.149194,1.149194,0,-1,0,1.149194,131.9474,0,0,0,1.516332,1.209677,1.149194,0,0,0.3839939,10.27968,0.3066542,0,0.3066542,13.92666,99.47592,0.2207837,1.264113,1.213065,0,11.79601
8/27/2007 10:00:00 AM,0.5029395,58.80409,-94.3732,33.00799,0.4984915,2.23723,0.06176629,0.06176629,0,0,0,0.06176629,3622.089,2.094873,0,0,2.23723,0.06501715,0.06176629,0,0,0.07733973,10.55567,0.07733973,0,0.07733973,14.00003,100,0.2207782,0.06794292,1.789784,0,12.7929
8/27/2007 11:00:00 AM,0.6595253,73.57602,-94.67121,19.31962,0.6531277,2.931237,1.091152,1.091152,0,0,0,1.091152,268.6369,1.782656,0,0,2.931237,1.148581,1.091152,0,0,0,10.62527,0,0,0,14.00003,100,0.2207782,1.200267,2.34499,0,13.55651
8/27/2007 12:00:00 PM,0.7898061,88.13632,-120.7641,10.11183,0.7811941,3.505999,0,0,0,0,0,0,0,3.505999,0,0,3.505999,0,0,0,0,0,10.62527,0,0,0,14.00003,100,0.2207782,0,2.804799,0,14.13127
8/27/2007 1:00:00 PM,0.3704465,76.77583,95.20644,16.63393,0.3684563,1.653632,4.369884,4.369884,2.798934,0,0.9291091,4.369884,37.84155,2.220446E-16,0,0,1.653632,1.653632,1.57095,0,0,0,10.62527,0,0,0,14.00003,100,0.2207782,4.806873,1.322905,5,12.27891
8/27/2007 2:00:00 PM,0.6805898,62.00653,94.29068,29.94101,0.6717744,3.014924,7.14175,3.33,0,-1,0,3.33,90.53825,0,3.81175,4.525926,3.014924,3.505263,3.33,0,0,0,10.62527,0,0.4903393,-0.4903393,13.48316,96.30813,0.2207782,7.855926,2.411939,0,13.6402
8/27/2007 3:00:00 PM,0.4656439,47.23907,94.96242,44.28547,0.4600364,2.064643,3.178393,3.178393,0,-1,0,3.178393,64.95872,0,4.440892E-16,0.1662321,2.064643,3.345677,3.178393,0,0,0.5448214,10.13493,0,1.281033,-1.281033,12.13284,86.66295,0.2207782,3.496232,1.651715,0,12.19958
8/27/2007 4:00:00 PM,0.2831446,32.49319,96.12462,58.90815,0.2799234,1.256296,0,0,0,-1,0,0,0,0,0,0,1.256296,0,0,0,0,1.968192,8.853902,1.256296,0,1.256296,13.32466,95.17599,0.2206889,0,1.005037,0,10.1102
8/27/2007 5:00:00 PM,0.1449376,17.78494,97.65032,73.63488,0.14286,0.6411557,0,0,0,-1,0,0,0,0,0,0,0.6411557,0,0,0,0,0.7118956,9.984569,0.6411557,0,0.6411557,13.93292,99.52065,0.2206433,0,0.5129245,0,10.62572
8/27/2007 6:00:00 PM,0.04190614,3.136985,99.60181,88.40131,0.03352419,0.1504566,4.300161,3.33,0,-1,0,3.33,4.518215,4.440892E-16,0.9701608,1.400177,0.1504566,3.505263,3.33,0,0,0.07073998,10.56161,0,3.354807,-3.354807,10.39664,74.26157,0.2206433,4.730177,0.1203653,0,10.71206
8/27/2007 7:00:00 PM,0,0,102.1693,90,0,0,4.867706,3.33,0,-1,0,3.33,0,0,1.537706,2.024477,0,3.505263,3.33,0,0,3.798303,7.206801,0,3.505263,-3.505263,6.70177,47.86969,0.2206433,5.354476,0,0,7.206801
8/27/2007 8:00:00 PM,0,0,105.7427,90,0,0,2.22871,2.22871,0,-1,0,2.22871,0,0,0,0,0,2.34601,2.22871,0,0,7.69304,3.701539,0,2.34601,-2.34601,4.228858,30.20607,0.2206433,2.451581,0,0,3.701539
8/27/2007 9:00:00 PM,0,0,111.1478,90,0,0,6.570521,1.287752,0,-1,0,1.287752,0,0,5.282769,5.939821,0,1.355528,1.287752,0,0,10.29972,1.355528,0,1.355528,-1.355528,2.800006,20,0.2206433,7.227573,0,0,1.355528
8/27/2007 10:00:00 PM,0,0,120.347,90,0,0,1.160747,0,0,-1,0,0,0,0,1.160747,1.276822,0,0,0,0,0,11.80586,0,0,0,0,2.800006,20,0.2206433,1.276822,0,0,0
8/27/2007 11:00:00 PM,0,0,138.5278,90,0,0,1.345873,0,0,-1,0,0,0,0,1.345873,1.480461,0,0,0,0,0,11.80586,0,0,0,0,2.800006,20,0.2206433,1.480461,0,0,0
8/28/2007 12:00:00 AM,0,0,175.2142,90,0,0,0.2646604,0,0,-1,0,0,0,0,0.2646604,0.2911264,0,0,0,0,0,11.80586,0,0,0,0,2.800006,20,0.2206433,0.2911264,0,0,0
8/28/2007 1:00:00 AM,0,0,-143.948,90,0,0,0.2064555,0,0,-1,0,0,0,0,0.2064555,0.2271011,0,0,0,0,0,11.80586,0,0,0,0,2.800006,20,0.2206433,0.2271011,0,0,0
8/28/2007 2:00:00 AM,0,0,-122.617,90,0,0,0,0,0,-1,0,0,0,0,0,0,0,0,0,0,0,11.80586,0,0,0,0,2.800006,20,0.2206433,0,0,0,0
8/28/2007 3:00:00 AM,0,0,-112.2128,90,0,0,0.9579269,0,0,-1,0,0,0,0,0.9579269,1.05372,0,0,0,0,0,11.80586,0,0,0,0,2.800006,20,0.2206433,1.05372,0,0,0
8/28/2007 4:00:00 AM,0,0,-106.2913,90,0,0,1.06548,0,0,-1,0,0,0,0,1.06548,1.172028,0,0,0,0,0,11.80586,0,0,0,0,2.800006,20,0.2206433,1.172028,0,0,0
8/28/2007 5:00:00 AM,0,0,-102.4533,90,0,0,0.905399,0.905399,4.410662,0,1.369111,0.905399,0,4.440892E-16,0,0,0,0,0,3.505263,3.33,11.80586,0,3.33,0,3.33,5.959121,42.56506,0.2207154,0.995939,0,5,0
8/28/2007 6:00:00 AM,0.01479879,0,-99.72303,90,0,0,0.4529368,0.4529368,3.9582,0,1.245589,0.4529368,0,0,0,0,0,0,0,3.505263,3.33,8.475861,2.997,3.33,0,3.33,9.118237,65.13013,0.2207431,0.4982304,0,5,2.997
8/28/2007 7:00:00 AM,0.1280032,14.6309,-97.64751,76.74735,0.1254759,0.5631358,6.563769,6.563769,5,0,1.53,6.563769,8.579457,0,0,0,0.5631358,1.646073,1.563769,0,0,5.14586,5.994,0,1.082937,-1.082937,7.976721,56.97646,0.2207431,7.220146,0.4505086,5,6.557136
8/28/2007 8:00:00 AM,0.3522719,29.34103,-95.99801,61.98963,0.3436945,1.542501,1.365934,1.365934,4.612098,0,1.424103,1.365934,112.9264,0,0,0,1.542501,0,0,3.246164,3.083856,6.349123,4.911063,4.626357,0,4.626357,12.36567,88.32602,0.2207427,1.502528,1.234001,5,6.453564
8/28/2007 9:00:00 AM,0.4088924,44.09182,-94.6665,47.31168,0.4045545,1.815641,0.6485693,0.6485693,0,-1,0,0.6485693,279.9455,0,0,0,1.815641,0.6827045,0.6485693,0,0,1.722767,9.074784,1.132936,0,1.132936,13.44047,96.00314,0.2206625,0.7134262,1.452513,0,10.89042
8/28/2007 10:00:00 AM,0.4626313,58.86777,-93.66137,32.84088,0.4591503,2.060667,0,0,0,0,0,0,0,1.470836,0,0,2.060667,0,0,0,0,0.5898305,10.09443,0.5898305,0,0.5898305,14.00003,100,0.2206208,0,1.648533,0,12.15509
8/28/2007 11:00:00 AM,0.8305563,73.65615,-93.37669,19.07526,0.82054,3.682584,4.917718,4.917718,1.587718,0,0.5984471,4.917718,74.884,0.1773205,0,0,3.682584,3.505263,3.33,0,0,0,10.62527,0,0,0,14.00003,100,0.2206208,5.40949,2.946067,5,14.30786
8/28/2007 12:00:00 PM,0.9530534,88.36043,-110.9433,9.738187,0.9416791,4.226256,0,0,0,0,0,0,0,4.226256,0,0,4.226256,0,0,0,0,0,10.62527,0,0,0,14.00003,100,0.2206208,0,3.381005,0,14.85153
8/28/2007 1:00:00 PM,0.827631,76.71811,93.59528,16.47929,0.8180647,3.671474,5.278834,5.278834,1.948834,0,0.6970317,5.278834,69.55086,0.1662113,0,0,3.671474,3.505263,3.33,0,0,0,10.62527,0,0,0,14.00003,100,0.2206208,5.806717,2.93718,5,14.29675
8/28/2007 2:00:00 PM,0.5492054,61.92935,93.51237,29.89943,0.5443104,2.442865,0.9655217,0.9655217,0,-1,0,0.9655217,253.0099,1.426526,0,0,2.442865,1.016339,0.9655217,0,0,0,10.62527,0,0,0,14.00003,100,0.2206208,1.062074,1.954292,0,13.06814
8/28/2007 3:00:00 PM,0.2099233,47.14975,94.42821,44.29119,0.2088107,0.9371424,1.723822,1.723822,0,-1,0,1.723822,54.36423,0,2.220446E-16,0,0.9371424,1.814549,1.723822,0,0,0,10.62527,0,0.8774068,-0.8774068,13.07516,93.39381,0.2206208,1.896204,0.7497139,0,11.56242
8/28/2007 4:00:00 PM,0.05481017,32.39265,95.69798,58.94137,0.05452804,0.2447218,2.319258,2.319258,0,-1,0,2.319258,10.55173,0,0,0,0.2447218,2.441324,2.319258,0,0,0.9748964,9.747868,0,2.196603,-2.196603,10.75974,76.85512,0.2206208,2.551184,0.1957775,0,9.992589
8/28/2007 5:00:00 PM,0.07518292,17.67251,97.27602,73.68799,0.07471312,0.3353125,0.3584324,0.3584324,0,-1,0,0.3584324,93.54971,0,0,0,0.3353125,0.3772973,0.3584324,0,0,3.415566,7.551265,0,0.04198481,-0.04198481,10.71548,76.539,0.2206208,0.3942757,0.26825,0,7.886577
8/28/2007 6:00:00 PM,0.01042596,3.010919,99.24937,88.47133,0.01031217,0.046281,8.357417,3.33,0,-1,0,3.33,1.38982,0,5.027417,5.863159,0.046281,3.505263,3.33,0,0,3.462216,7.50928,0,3.458982,-3.458982,7.069395,50.49557,0.2206208,9.193159,0.0370248,0,7.555561
8/28/2007 7:00:00 PM,0,0,101.8168,90,0,0,3.274987,3.274987,0,-1,0,3.274987,0,0,4.440892E-16,0.2724862,0,3.447355,3.274987,0,0,7.305529,4.050298,0,3.447355,-3.447355,3.435563,24.53969,0.2206208,3.602486,0,0,4.050298
8/28/2007 8:00:00 PM,0,0,105.3699,90,0,0,8.657688,0.5727956,0,-1,0,0.5727956,0,0,8.084892,8.950661,0,0.6029427,0.5727956,0,0,11.13592,0.6029427,0,0.6029427,-0.6029427,2.800006,20,0.2206208,9.523457,0,0,0.6029427
8/28/2007 9:00:00 PM,0,0,110.7328,90,0,0,2.451451,0,0,-1,0,0,0,0,2.451451,2.696596,0,0,0,0,0,11.80586,0,0,0,0,2.800006,20,0.2206208,2.696596,0,0,0
8/28/2007 10:00:00 PM,0,0,119.8741,90,0,0,1.469859,0,0,-1,0,0,0,0,1.469859,1.616845,0,0,0,0,0,11.80586,0,0,0,0,2.800006,20,0.2206208,1.616845,0,0,0
8/28/2007 11:00:00 PM,0,0,138.0762,90,0,0,0.9072653,0,0,-1,0,0,0,0,0.9072653,0.9979919,0,0,0,0,0,11.80586,0,0,0,0,2.800006,20,0.2206208,0.9979919,0,0,0
8/29/2007 12:00:00 AM,0,0,175.3499,90,0,0,1.109402,0,0,-1,0,0,0,0,1.109402,1.220342,0,0,0,0,0,11.80586,0,0,0,0,2.800006,20,0.2206208,1.220342,0,0,0
8/29/2007 1:00:00 AM,0,0,-143.228,90,0,0,0.3414363,0,0,-1,0,0,0,0,0.3414363,0.3755799,0,0,0,0,0,11.80586,0,0,0,0,2.800006,20,0.2206208,0.3755799,0,0,0
8/29/2007 2:00:00 AM,0,0,-121.9844,90,0,0,0,0,0,-1,0,0,0,0,0,0,0,0,0,0,0,11.80586,0,0,0,0,2.800006,20,0.2206208,0,0,0,0
8/29/2007 3:00:00 AM,0,0,-111.7065,90,0,0,0.04423148,0,0,-1,0,0,0,0,0.04423148,0.04865463,0,0,0,0,0,11.80586,0,0,0,0,2.800006,20,0.2206208,0.04865463,0,0,0
8/29/2007 4:00:00 AM,0,0,-105.8619,90,0,0,0.723758,0,0,-1,0,0,0,0,0.723758,0.7961339,0,0,0,0,0,11.80586,0,0,0,0,2.800006,20,0.2206208,0.7961339,0,0,0
8/29/2007 5:00:00 AM,0,0,-102.0638,90,0,0,0.7226838,0.7226838,4.227947,0,1.319229,0.7226838,0,0,0,0,0,0,0,3.505263,3.33,11.80586,0,3.33,0,3.33,5.959121,42.56506,0.2206748,0.7949522,0,5,0
8/29/2007 6:00:00 AM,0.02135407,0,-99.34631,90,0,0,0.02709771,0.02709771,3.532361,0,1.129335,0.02709771,0,0,0,0,0,0,0,3.505263,3.33,8.475861,2.997,3.33,0,3.33,9.118237,65.13013,0.2206612,0.02980748,0,5,2.997
8/29/2007 7:00:00 AM,0.2244871,14.65944,-97.25898,76.65906,0.2080608,0.933777,1.776936,1.776936,4.93855,0,1.513224,1.776936,52.54985,4.440892E-16,0,0,0.933777,0,0,3.161615,3.003534,5.14586,5.994,3.937311,0,3.937311,12.8535,91.81052,0.2207411,1.954629,0.7470216,5,6.927777
8/29/2007 8:00:00 AM,0.4200847,29.3816,-95.56796,61.88336,0.4069752,1.826505,1.604229,1.604229,0,0,0,1.604229,113.8556,0,0,0,1.826505,1.688662,1.604229,0,0,1.208549,9.53758,0.1378427,0,0.1378427,12.98427,92.74458,0.2207313,1.764652,1.461204,0,11.36408
8/29/2007 9:00:00 AM,0.4446417,44.14308,-94.14626,47.18199,0.4393801,1.971938,2.064559,2.064559,0,-1,0,2.064559,95.51377,0,0,0,1.971938,2.17322,2.064559,0,0,1.070706,9.661638,0,0.2012819,-0.2012819,12.7721,91.22908,0.2207313,2.271015,1.57755,0,11.63358
8/29/2007 10:00:00 AM,0.3776559,58.92941,-92.94136,32.67416,0.3754195,1.684883,0,0,0,0,0,0,0,0.3905298,0,0,1.684883,0,0,0,0,1.294353,9.460357,1.294353,0,1.294353,14.00003,100,0.2206401,0,1.347906,0,11.14524
8/29/2007 11:00:00 AM,0.6457131,73.73028,-92.0602,18.83189,0.6402803,2.873578,1.153842,1.153842,0,0,0,1.153842,249.0444,1.659008,0,0,2.873578,1.21457,1.153842,0,0,0,10.62527,0,0,0,14.00003,100,0.2206401,1.269226,2.298862,0,13.49885
8/29/2007 12:00:00 PM,0.5138276,88.52502,-98.42092,9.36145,0.5107169,2.292097,1.59071,1.59071,0,0,0,1.59071,144.0927,0.6176655,0,0,2.292097,1.674432,1.59071,0,0,0,10.62527,0,0,0,14.00003,100,0.2206401,1.749781,1.833678,0,12.91737
8/29/2007 1:00:00 PM,0.5780668,76.64835,91.98677,16.33162,0.5739473,2.575876,0.7500054,0.7500054,0,0,0,0.7500054,343.4476,1.786396,0,0,2.575876,0.7894793,0.7500054,0,0,0,10.62527,0,0,0,14.00003,100,0.2206401,0.8250059,2.0607,0,13.20115
8/29/2007 2:00:00 PM,0.484557,61.84572,92.73224,29.86315,0.4810642,2.159016,2.692786,2.692786,0,-1,0,2.692786,80.17778,0,0,0,2.159016,2.834512,2.692786,0,0,0,10.62527,0,0.6754956,-0.6754956,13.28799,94.91405,0.2206401,2.962065,1.727213,0,12.78429
8/29/2007 3:00:00 PM,0.676339,47.05579,93.89185,44.3009,0.663504,2.977806,1.411732,1.411732,0,-1,0,1.411732,210.9328,0.7412218,0,0,2.977806,1.486034,1.411732,0,0,0.7505506,9.949779,0.7505506,0,0.7505506,14.00003,100,0.2205873,1.552905,2.382245,0,12.92758
8/29/2007 4:00:00 PM,0.3150738,32.28844,95.26916,58.97775,0.3107913,1.394832,1.041622,1.041622,0,-1,0,1.041622,133.9095,0.298387,0,0,1.394832,1.096445,1.041622,0,0,0,10.62527,0,0,0,14.00003,100,0.2205873,1.145785,1.115865,0,12.02011
8/29/2007 5:00:00 PM,0.1908518,17.55707,96.89949,73.74365,0.1851399,0.8309081,0,0,0,-1,0,0,0,0.8309081,0,0,0.8309081,0,0,0,0,0,10.62527,0,0,0,14.00003,100,0.2205873,0,0.6647264,0,11.45618
8/29/2007 6:00:00 PM,0.02900152,2.882344,98.89451,88.54339,0.02709698,0.1216112,0,0,0,-1,0,0,0,0.1216112,0,0,0.1216112,0,0,0,0,0,10.62527,0,0,0,14.00003,100,0.2205873,0,0.09728898,0,10.74689
8/29/2007 7:00:00 PM,0,0,101.4615,90,0,0,5.476677,3.33,0,-1,0,3.33,0,0,2.146677,2.694345,0,3.505263,3.33,0,0,0,10.62527,0,3.505263,-3.505263,10.30516,73.60811,0.2205873,6.024345,0,0,10.62527
8/29/2007 8:00:00 PM,0,0,104.9934,90,0,0,4.824535,3.33,0,-1,0,3.33,0,0,1.494535,1.976989,0,3.505263,3.33,0,0,3.894737,7.120011,0,3.505263,-3.505263,6.610284,47.21622,0.2205873,5.306989,0,0,7.120011
8/29/2007 9:00:00 PM,0,0,110.3128,90,0,0,1.540546,1.540546,0,-1,0,1.540546,0,0,2.220446E-16,0,0,1.621628,1.540546,0,0,7.789474,3.614748,0,1.621628,-1.621628,4.900939,35.00663,0.2205873,1.694601,0,0,3.614748
8/29/2007 10:00:00 PM,0,0,119.3931,90,0,0,0.7852162,0.7852162,0,-1,0,0.7852162,0,0,1.110223E-16,0,0,0.8265433,0.7852162,0,0,9.591282,1.99312,0,0.8265433,-0.8265433,4.029685,28.78341,0.2205873,0.8637378,0,0,1.99312
8/29/2007 11:00:00 PM,0,0,137.6125,90,0,0,0.6218969,0.6218969,0,-1,0,0.6218969,0,0,0,0,0,0.6546283,0.6218969,0,0,10.50966,1.166577,0,0.6546283,-0.6546283,3.339647,23.85457,0.2205873,0.6840866,0,0,1.166577
8/30/2007 12:00:00 AM,0,0,175.4967,90,0,0,0.8423024,0.4863512,0,-1,0,0.4863512,0,0,0.3559513,0.4401815,0,0.5119486,0.4863512,0,0,11.23703,0.5119486,0,0.5119486,-0.5119486,2.800006,20,0.2205873,0.9265327,0,0,0.5119486
8/30/2007 1:00:00 AM,0,0,-142.4844,90,0,0,0.5311117,0,0,-1,0,0,0,0,0.5311117,0.5842229,0,0,0,0,0,11.80586,0,0,0,0,2.800006,20,0.2205873,0.5842229,0,0,0
8/30/2007 2:00:00 AM,0,0,-121.3413,90,0,0,0.7016622,0,0,-1,0,0,0,0,0.7016622,0.7718285,0,0,0,0,0,11.80586,0,0,0,0,2.800006,20,0.2205873,0.7718285,0,0,0
8/30/2007 3:00:00 AM,0,0,-111.1946,90,0,0,0.1385659,0,0,-1,0,0,0,0,0.1385659,0.1524225,0,0,0,0,0,11.80586,0,0,0,0,2.800006,20,0.2205873,0.1524225,0,0,0
8/30/2007 4:00:00 AM,0,0,-105.4287,90,0,0,1.281233,0,0,-1,0,0,0,0,1.281233,1.409357,0,0,0,0,0,11.80586,0,0,0,0,2.800006,20,0.2205873,1.409357,0,0,0
8/30/2007 5:00:00 AM,0,0,-101.6712,90,0,0,0.05213118,0.05213118,3.557394,0,1.136169,0.05213118,0,0,0,0,0,0,0,3.505263,3.33,11.80586,0,3.33,0,3.33,5.959121,42.56506,0.2205762,0.0573443,0,5,0
8/30/2007 6:00:00 AM,0.01118963,0.01491471,-98.96658,91.3873,0.01071668,0.04809647,0,0,3.505263,0,1.121937,0,0,0,0,0,0.04809647,0,0,3.505263,3.33,8.475861,2.997,3.378097,0,3.378097,9.163865,65.45605,0.2205568,0,0.03847718,5,3.045096
8/30/2007 7:00:00 AM,0.08393915,14.6889,-96.86731,76.5693,0.08332124,0.3739457,0.7815384,0.7815384,4.286802,0,1.335297,0.7815384,47.84739,0,0,0,0.3739457,0,0,3.505263,3.33,5.097764,6.037287,3.703946,0,3.703946,12.67774,90.55508,0.2205899,0.8596923,0.2991566,5,6.411232
8/30/2007 8:00:00 AM,0.08070555,29.42244,-95.13427,61.77617,0.08027826,0.3602889,3.18314,3.18314,4.164993,0,1.302043,3.18314,11.31866,0,0,0,0.3602889,0,0,0.9818527,0.9327601,1.393818,9.370838,1.293049,0,1.293049,13.90443,99.31716,0.220627,3.501454,0.2882311,5,9.731127
8/30/2007 9:00:00 AM,0.08312497,44.1937,-93.62116,47.05203,0.0827044,0.3711773,6.875023,3.33,0,-1,0,3.33,11.14647,0,3.545023,4.232525,0.3711773,3.505263,3.33,0,0,0.1007691,10.53458,0,3.134086,-3.134086,10.60081,75.71995,0.220627,7.562525,0.2969419,0,10.90576
8/30/2007 10:00:00 AM,0.2289536,58.98882,-92.21342,32.50803,0.2277843,1.022296,3.130996,3.130996,5,0,1.53,3.130996,32.65082,0,0,0,1.022296,0,0,1.869004,1.775554,3.583087,7.400496,2.79785,0,2.79785,13.25509,94.679,0.2207046,3.444095,0.8178367,5,8.422792
8/30/2007 11:00:00 AM,0.3095071,73.79803,-90.72269,18.58985,0.3079327,1.382002,0.9937009,0.9937009,0,0,0,0.9937009,139.0763,0,0,0,1.382002,1.046001,0.9937009,0,0,0.7852367,9.918561,0.3360012,0,0.3360012,13.57385,96.95585,0.220681,1.093071,1.105602,0,11.30056
8/30/2007 12:00:00 PM,0.3303589,88.60622,-83.54171,8.981749,0.3286848,1.475138,0.5830127,0.5830127,0,0,0,0.5830127,253.0198,0.4122045,0,0,1.475138,0.6136976,0.5830127,0,0,0.4492355,10.22096,0.4492355,0,0.4492355,14.00003,100,0.2206495,0.641314,1.18011,0,11.6961
8/30/2007 1:00:00 PM,0.1468314,76.56656,90.3844,16.19134,0.1460996,0.655695,2.366964,2.366964,0,0,0,2.366964,27.70194,0,0,0,0.655695,2.491541,2.366964,0,0,0,10.62527,0,1.835846,-1.835846,12.06488,86.17751,0.2206495,2.603661,0.524556,0,11.28097
8/30/2007 2:00:00 PM,0.2824141,61.75565,91.9509,29.83227,0.2809594,1.260946,0.05431816,0.05431816,0,-1,0,0.05431816,2321.407,0,0,0,1.260946,0.05717701,0.05431816,0,0,2.039829,8.789428,1.203769,0,1.203769,13.20687,94.33461,0.2205652,0.05974998,1.008757,0,10.05037
8/30/2007 3:00:00 PM,0.2436889,46.95723,93.3536,44.31462,0.2423816,1.087809,1.781853,1.781853,0,-1,0,1.781853,61.0493,0,2.220446E-16,0,1.087809,1.875634,1.781853,0,0,0.8360605,9.87282,0,0.7878258,-0.7878258,12.37643,88.40289,0.2205652,1.960038,0.8702469,0,10.96063
8/30/2007 4:00:00 PM,0.1337687,32.18063,94.83833,59.01727,0.1330407,0.5970866,0.7513999,0.7513999,0,-1,0,0.7513999,79.46323,0,0,0,0.5970866,0.7909472,0.7513999,0,0,1.711422,9.084994,0,0.1938606,-0.1938606,12.17208,86.94328,0.2205652,0.8265398,0.4776693,0,9.68208
8/30/2007 5:00:00 PM,0.1246786,17.43869,96.52084,73.80182,0.1234739,0.5541509,0.5068225,0.5068225,0,-1,0,0.5068225,109.3383,0,0,0,0.5541509,0.5334973,0.5068225,0,0,1.926823,8.891133,0.02065359,0,0.02065359,12.19168,87.08323,0.2205637,0.5575047,0.4433208,0,9.445284
8/30/2007 6:00:00 PM,0.04233967,2.751346,98.53733,88.61743,0.03147893,0.1412774,4.241875,3.33,0,-1,0,3.33,4.242565,0,0.9118752,1.336063,0.1412774,3.505263,3.33,0,0,1.90617,8.909721,0,3.363986,-3.363986,8.645724,61.75505,0.2205637,4.666063,0.1130219,0,9.050999
8/30/2007 7:00:00 PM,0,0,101.1035,90,0,0,0.387541,0.387541,0,-1,0,0.387541,0,0,5.551115E-17,0,0,0.4079379,0.387541,0,0,5.643931,5.545736,0,0.4079379,-0.4079379,8.21572,58.6836,0.2205637,0.4262951,0,0,5.545736
8/30/2007 8:00:00 PM,0,0,104.6136,90,0,0,3.005429,3.005429,0,-1,0,3.005429,0,0,0,0,0,3.163609,3.005429,0,0,6.097196,5.137798,0,3.163609,-3.163609,4.880983,34.86409,0.2205637,3.305972,0,0,5.137798
8/30/2007 9:00:00 PM,0,0,109.8879,90,0,0,3.919243,1.875479,0,-1,0,1.875479,0,0,2.043764,2.435688,0,1.974189,1.875479,0,0,9.612317,1.974189,0,1.974189,-1.974189,2.800006,20,0.2205637,4.311168,0,0,1.974189
8/30/2007 10:00:00 PM,0,0,118.904,90,0,0,0.7132727,0,0,-1,0,0,0,0,0.7132727,0.7846,0,0,0,0,0,11.80586,0,0,0,0,2.800006,20,0.2205637,0.7846,0,0,0
8/30/2007 11:00:00 PM,0,0,137.1361,90,0,0,1.36548,0,0,-1,0,0,0,0,1.36548,1.502028,0,0,0,0,0,11.80586,0,0,0,0,2.800006,20,0.2205637,1.502028,0,0,0
8/31/2007 12:00:00 AM,0,0,175.6551,90,0,0,0,0,0,-1,0,0,0,0,0,0,0,0,0,0,0,11.80586,0,0,0,0,2.800006,20,0.2205637,0,0,0,0
8/31/2007 1:00:00 AM,0,0,-141.7169,90,0,0,1.697159,0,0,-1,0,0,0,0,1.697159,1.866875,0,0,0,0,0,11.80586,0,0,0,0,2.800006,20,0.2205637,1.866875,0,0,0
8/31/2007 2:00:00 AM,0,0,-120.6881,90,0,0,1.244047,0,0,-1,0,0,0,0,1.244047,1.368452,0,0,0,0,0,11.80586,0,0,0,0,2.800006,20,0.2205637,1.368452,0,0,0
8/31/2007 3:00:00 AM,0,0,-110.6773,90,0,0,0.7277648,0,0,-1,0,0,0,0,0.7277648,0.8005413,0,0,0,0,0,11.80586,0,0,0,0,2.800006,20,0.2205637,0.8005413,0,0,0
8/31/2007 4:00:00 AM,0,0,-104.9919,90,0,0,1.231961,0,0,-1,0,0,0,0,1.231961,1.355157,0,0,0,0,0,11.80586,0,0,0,0,2.800006,20,0.2205637,1.355157,0,0,0
8/31/2007 5:00:00 AM,0,0,-101.2755,90,0,0,1.002078,1.002078,4.507341,0,1.395504,1.002078,0,4.440892E-16,0,0,0,0,0,3.505263,3.33,11.80586,0,3.33,0,3.33,5.959121,42.56506,0.2206442,1.102286,0,5,0
8/31/2007 6:00:00 AM,0.0101698,0.03187978,-98.584,91.31116,0.009839868,0.04416133,0.5084137,0.5084137,4.013677,0,1.260734,0.5084137,8.686101,4.440892E-16,0,0,0.04416133,0,0,3.505263,3.33,8.475861,2.997,3.374161,0,3.374161,9.160131,65.42938,0.2206739,0.5592551,0.03532906,5,3.041161
8/31/2007 7:00:00 AM,0.06501762,14.71922,-96.47263,76.47816,0.06460159,0.2899319,2.873782,2.873782,5,0,1.53,2.873782,10.08886,0,0,0,0.2899319,0,0,2.126218,2.019907,5.101699,6.033745,2.309839,0,2.309839,11.35144,81.08153,0.2207432,3.16116,0.2319455,5,6.323677
8/31/2007 8:00:00 AM,0.1412729,29.46347,-94.69704,61.66817,0.1404861,0.6305016,6.197245,6.197245,5,0,1.53,6.197245,10.1739,0,0,0,0.6305016,1.260257,1.197245,0,0,2.79186,8.1126,0,0.6297559,-0.6297559,10.68762,76.33997,0.2207432,6.816969,0.5044013,5,8.743102
8/31/2007 9:00:00 AM,0.4721242,44.24356,-93.09135,46.92194,0.4665753,2.09399,3.857883,3.33,0,-1,0,3.33,62.88258,0,0.5278829,0.9136712,2.09399,3.505263,3.33,0,0,3.491589,7.482844,0,1.411273,-1.411273,9.200004,65.71418,0.2207432,4.243671,1.675192,0,9.576835
8/31/2007 10:00:00 AM,0.4004751,59.04583,-91.47776,32.3427,0.3981132,1.786732,7.27982,7.27982,5,0,1.53,7.27982,24.54363,0,8.881784E-16,0,1.786732,2.399811,2.27982,0,0,5.05967,6.071571,0,0.6130788,-0.6130788,8.553761,61.09818,0.2207432,8.007802,1.429386,5,7.858303
8/31/2007 11:00:00 AM,0.09638248,73.85906,-89.3652,18.3495,0.0959043,0.4304185,1.462225,1.462225,4.645607,0,1.433251,1.462225,29.43585,0,0,0,0.4304185,0,0,3.183382,3.024213,5.740869,5.458492,3.454631,0,3.454631,11.83111,84.50778,0.2208277,1.608448,0.3443348,5,5.888911
8/31/2007 12:00:00 PM,0.2174227,88.58704,-67.87531,8.599212,0.2163395,0.9709316,2.184093,2.184093,0,0,0,2.184093,44.45469,0,0,0,0.9709316,2.299045,2.184093,0,0,2.286237,8.56766,0,1.328114,-1.328114,10.43116,74.50813,0.2208277,2.402502,0.7767453,0,9.538592
8/31/2007 1:00:00 PM,0.324919,76.47277,88.79154,16.05885,0.3232749,1.450858,3.053691,3.053691,5,0,1.53,3.053691,47.5116,0,0,0,1.450858,0,0,1.946309,1.848994,3.761919,7.239547,3.299851,0,3.299851,13.56167,96.86889,0.2209161,3.35906,1.160686,5,8.690404
8/31/2007 2:00:00 PM,0.3514015,61.65917,91.16897,29.80686,0.3495156,1.568626,2.708313,2.708313,0,-1,0,2.708313,57.91894,4.440892E-16,0,0,1.568626,2.850856,2.708313,0,0,0.4620681,10.20941,0,1.28223,-1.28223,12.21008,87.21471,0.2209161,2.979145,1.254901,0,11.77804
8/31/2007 3:00:00 PM,0.3393128,46.85414,92.81375,44.33234,0.3371193,1.512991,0.9479774,0.9479774,0,-1,0,0.9479774,159.6021,0,0,0,1.512991,0.997871,0.9479774,0,0,1.886768,8.927183,0.5151204,0,0.5151204,12.69877,90.70531,0.2208802,1.042775,1.210393,0,10.44017
8/31/2007 4:00:00 PM,0.2789081,32.06927,94.40567,59.05989,0.2761609,1.23941,0,0,0,-1,0,0,0,0,0,0,1.23941,0,0,0,0,1.371647,9.390792,1.23941,0,1.23941,13.87458,99.10392,0.2207937,0,0.9915282,0,10.6302
8/31/2007 5:00:00 PM,0.1055946,17.31745,96.1402,73.86243,0.1048253,0.4704558,1.834584,1.834584,0,-1,0,1.834584,25.64373,0,2.220446E-16,0,0.4704558,1.931141,1.834584,0,0,0.1322372,10.50626,0,1.460685,-1.460685,12.33488,88.1061,0.2207937,2.018043,0.3763646,0,10.97672
8/31/2007 6:00:00 PM,0.04608724,2.618016,98.17793,88.69337,0.03061138,0.1373839,4.744164,3.33,0,-1,0,3.33,4.125642,0,1.414165,1.888581,0.1373839,3.505263,3.33,0,0,1.755221,9.045575,0,3.367879,-3.367879,8.784822,62.74861,0.2207937,5.218581,0.1099071,0,9.18296
8/31/2007 7:00:00 PM,0,0,100.7428,90,0,0,7.465902,3.33,0,-1,0,3.33,0,0,4.135902,4.882493,0,3.505263,3.33,0,0,5.497309,5.677696,0,3.505263,-3.505263,5.089951,36.35672,0.2207937,8.212493,0,0,5.677696
8/31/2007 8:00:00 PM,0,0,104.2303,90,0,0,2.729861,2.063811,0,-1,0,2.063811,0,0,0.66605,0.9390362,0,2.172433,2.063811,0,0,9.392046,2.172433,0,2.172433,-2.172433,2.800006,20,0.2207937,3.002847,0,0,2.172433
8/31/2007 9:00:00 PM,0,0,109.4581,90,0,0,0.4490983,0,0,-1,0,0,0,0,0.4490983,0.4940081,0,0,0,0,0,11.80586,0,0,0,0,2.800006,20,0.2207937,0.4940081,0,0,0
8/31/2007 10:00:00 PM,0,0,118.4066,90,0,0,0,0,0,-1,0,0,0,0,0,0,0,0,0,0,0,11.80586,0,0,0,0,2.800006,20,0.2207937,0,0,0,0
8/31/2007 11:00:00 PM,0,0,136.6465,90,0,0,1.011201,0,0,-1,0,0,0,0,1.011201,1.112321,0,0,0,0,0,11.80586,0,0,0,0,2.800006,20,0.2207937,1.112321,0,0,0
9/1/2007 12:00:00 AM,0,0,175.8256,90,0,0,0.2524377,0,0,-1,0,0,0,0,0.2524377,0.2776815,0,0,0,0,0,11.80586,0,0,0,0,2.800006,20,0.2207937,0.2776815,0,0,0
9/1/2007 1:00:00 AM,0,0,-140.925,90,0,0,0,0,0,-1,0,0,0,0,0,0,0,0,0,0,0,11.80586,0,0,0,0,2.800006,20,0.2207937,0,0,0,0
9/1/2007 2:00:00 AM,0,0,-120.025,90,0,0,1.868085,0,0,-1,0,0,0,0,1.868085,2.054893,0,0,0,0,0,11.80586,0,0,0,0,2.800006,20,0.2207937,2.054893,0,0,0
9/1/2007 3:00:00 AM,0,0,-110.155,90,0,0,0,0,0,-1,0,0,0,0,0,0,0,0,0,0,0,11.80586,0,0,0,0,2.800006,20,0.2207937,0,0,0,0
9/1/2007 4:00:00 AM,0,0,-104.5515,90,0,0,0.5274575,0,0,-1,0,0,0,0,0.5274575,0.5802032,0,0,0,0,0,11.80586,0,0,0,0,2.800006,20,0.2207937,0.5802032,0,0,0
9/1/2007 5:00:00 AM,0,0,-100.8769,90,0,0,0.5661708,0.5661708,4.071434,0,1.276501,0.5661708,0,0,0,0,0,0,0,3.505263,3.33,11.80586,0,3.33,0,3.33,5.959121,42.56506,0.2208318,0.6227878,0,5,0
9/1/2007 6:00:00 AM,0.02579723,0.05020021,-98.19866,91.23321,0.007985808,0.03584031,0,0,3.505263,0,1.121937,0,0,0,0,0,0.03584031,0,0,3.505263,3.33,8.475861,2.997,3.36584,0,3.36584,9.152238,65.37299,0.2208131,0,0.02867224,5,3.03284
9/1/2007 7:00:00 AM,0.09831494,14.75032,-96.07504,76.38574,0.09745682,0.4373862,5.286491,5.286491,5,0,1.53,5.286491,8.273658,0,0,0,0.4373862,0.3015698,0.2864914,0,0,5.11002,6.026256,0.1358164,0,0.1358164,9.281084,66.29333,0.220816,5.815141,0.349909,5,6.463643
9/1/2007 8:00:00 AM,0.2782664,29.50458,-94.25639,61.55949,0.2749981,1.234191,5.130092,5.130092,5,0,1.53,5.130092,24.05788,0,0,0,1.234191,0.1369388,0.1300918,0,0,4.974204,6.148491,1.097253,0,1.097253,10.32203,73.72863,0.2208393,5.643101,0.9873531,5,7.382682
9/1/2007 9:00:00 AM,0.4210278,44.29253,-92.55698,46.79189,0.4171773,1.872292,4.986089,3.33,0,-1,0,3.33,56.22498,0,1.656089,2.154697,1.872292,3.505263,3.33,0,0,3.876951,7.136018,0,1.632971,-1.632971,8.600726,61.43364,0.2208393,5.484697,1.497833,0,9.00831
9/1/2007 10:00:00 AM,0.5786529,59.10025,-90.73466,32.17839,0.5738958,2.575644,1.640289,1.640289,0,0,0,1.640289,157.0238,0,0,0,2.575644,1.72662,1.640289,0,0,5.691363,5.503047,0.8490246,0,0.8490246,9.406182,67.18688,0.2207803,1.804318,2.060516,0,8.078691
9/1/2007 11:00:00 AM,0.7256422,73.91302,-87.98891,18.11119,0.7200634,3.231644,0.1649963,0.1649963,0,0,0,0.1649963,1958.616,0,0,0,3.231644,0.1736804,0.1649963,0,0,4.842339,6.267169,3.057964,0,3.057964,12.30722,87.90855,0.2205679,0.181496,2.585315,0,9.498814
9/1/2007 12:00:00 PM,0.2961017,88.46907,-53.52799,8.213976,0.2946262,1.322282,2.214669,2.214669,0,0,0,2.214669,59.70565,0,4.440892E-16,0,1.322282,2.33123,2.214669,0,0,1.784375,9.019337,0,1.008948,-1.008948,11.2437,80.31196,0.2205679,2.436136,1.057826,0,10.34162
9/1/2007 1:00:00 PM,0.418313,76.36707,87.21142,15.93454,0.4161266,1.867576,0.7831605,0.7831605,0,0,0,0.7831605,238.4666,0,0,0,1.867576,0.8243795,0.7831605,0,0,2.905428,8.010389,1.043197,0,1.043197,12.23336,87.38097,0.2204955,0.8614765,1.494061,0,9.877965
9/1/2007 2:00:00 PM,0.3795076,61.55632,90.38705,29.787,0.3774407,1.693954,1.478485,1.478485,0,-1,0,1.478485,114.5736,0,0,0,1.693954,1.5563,1.478485,0,0,1.862231,8.949266,0.1376539,0,0.1376539,12.36395,88.31375,0.2204859,1.626333,1.355163,0,10.64322
9/1/2007 3:00:00 PM,0.3093942,46.74654,92.27257,44.35407,0.3075844,1.380439,0.6774263,0.6774263,0,-1,0,0.6774263,203.7769,0,0,0,1.380439,0.7130803,0.6774263,0,0,1.724577,9.073154,0.6673583,0,0.6673583,12.99706,92.83598,0.2204397,0.745169,1.104351,0,10.45359
9/1/2007 4:00:00 PM,0.238399,31.95444,93.97134,59.10559,0.2366466,1.06207,1.139088,1.139088,0,-1,0,1.139088,93.23861,0,0,0,1.06207,1.19904,1.139088,0,0,1.057219,9.673778,0,0.1369701,-0.1369701,12.85268,91.8047,0.2204397,1.252997,0.8496558,0,10.73585
9/1/2007 5:00:00 PM,0.2678011,17.19343,95.75769,73.92545,0.2534472,1.137471,5.911816,3.33,0,-1,0,3.33,34.15829,0,2.581816,3.172997,1.137471,3.505263,3.33,0,0,1.209408,9.536807,0,2.367792,-2.367792,10.35681,73.97707,0.2204397,6.502997,0.9099767,0,10.67428
9/1/2007 6:00:00 PM,0.05920726,2.48245,97.81641,88.77112,0.03120633,0.140054,2.896818,2.896818,0,-1,0,2.896818,4.834753,0,4.440892E-16,0,0.140054,3.049283,2.896818,0,0,3.840288,7.169015,0,2.909229,-2.909229,7.290215,52.07286,0.2204397,3.1865,0.1120432,0,7.309069
9/1/2007 7:00:00 PM,0,0,100.3796,90,0,0,6.24473,3.33,0,-1,0,3.33,0,0,2.91473,3.539203,0,3.505263,3.33,0,0,7.072764,4.259786,0,3.505263,-3.505263,3.595343,25.68097,0.2204397,6.869203,0,0,4.259786
9/1/2007 8:00:00 PM,0,0,103.8437,90,0,0,2.286809,0.7167971,0,-1,0,0.7167971,0,0,1.570012,1.798693,0,0.7545232,0.7167971,0,0,10.9675,0.7545232,0,0.7545232,-0.7545232,2.800006,20,0.2204397,2.51549,0,0,0.7545232
9/1/2007 9:00:00 PM,0,0,109.0233,90,0,0,2.471028,0,0,-1,0,0,0,0,2.471028,2.71813,0,0,0,0,0,11.80586,0,0,0,0,2.800006,20,0.2204397,2.71813,0,0,0
9/1/2007 10:00:00 PM,0,0,117.901,90,0,0,0.9860914,0,0,-1,0,0,0,0,0.9860914,1.084701,0,0,0,0,0,11.80586,0,0,0,0,2.800006,20,0.2204397,1.084701,0,0,0
9/1/2007 11:00:00 PM,0,0,136.1431,90,0,0,0,0,0,-1,0,0,0,0,0,0,0,0,0,0,0,11.80586,0,0,0,0,2.800006,20,0.2204397,0,0,0,0
9/2/2007 12:00:00 AM,0,0,176.0089,90,0,0,0,0,0,-1,0,0,0,0,0,0,0,0,0,0,0,11.80586,0,0,0,0,2.800006,20,0.2204397,0,0,0,0
9/2/2007 1:00:00 AM,0,0,-140.1085,90,0,0,0,0,0,-1,0,0,0,0,0,0,0,0,0,0,0,11.80586,0,0,0,0,2.800006,20,0.2204397,0,0,0,0
9/2/2007 2:00:00 AM,0,0,-119.3523,90,0,0,0.4726783,0,0,-1,0,0,0,0,0.4726783,0.5199461,0,0,0,0,0,11.80586,0,0,0,0,2.800006,20,0.2204397,0.5199461,0,0,0
9/2/2007 3:00:00 AM,0,0,-109.6278,90,0,0,0,0,0,-1,0,0,0,0,0,0,0,0,0,0,0,11.80586,0,0,0,0,2.800006,20,0.2204397,0,0,0,0
9/2/2007 4:00:00 AM,0,0,-104.1079,90,0,0,0.9522057,0,0,-1,0,0,0,0,0.9522057,1.047426,0,0,0,0,0,11.80586,0,0,0,0,2.800006,20,0.2204397,1.047426,0,0,0
9/2/2007 5:00:00 AM,0,0,-100.4756,90,0,0,0.2743396,0.2743396,3.779603,0,1.196832,0.2743396,0,4.440892E-16,0,0,0,0,0,3.505263,3.33,11.80586,0,3.33,0,3.33,5.959121,42.56506,0.2204501,0.3017735,0,5,0
9/2/2007 6:00:00 AM,0.005948861,0.06981536,-97.8107,91.1535,0.005837845,0.02620025,0,0,3.505263,0,1.121937,0,0,0,0,0,0.02620025,0,0,3.505263,3.33,8.475861,2.997,3.3562,0,3.3562,9.143092,65.30767,0.2204326,0,0.0209602,5,3.0232
9/2/2007 7:00:00 AM,0.01517142,14.78211,-95.67466,76.29215,0.01509253,0.06773525,5.347448,5.347448,5,0,1.53,5.347448,1.266684,3.330669E-16,0,0,0.06773525,0.3657353,0.3474485,0,0,5.11966,6.01758,0,0.298,-0.298,8.828973,63.06396,0.2204326,5.882194,0.0541882,5,6.085316
9/2/2007 8:00:00 AM,0.03886972,29.54566,-93.81247,61.45023,0.03867295,0.1735642,5.195786,5.195786,5,0,1.53,5.195786,3.34048,0,8.881784E-16,0,0.1735642,0.2060905,0.195786,0,0,5.450771,5.71958,0,0.03252635,-0.03252635,8.794686,62.81907,0.2204326,5.715364,0.1388513,5,5.893145
9/2/2007 9:00:00 AM,0.05564133,44.34048,-92.01822,46.66202,0.05536361,0.2484719,3.119489,3.119489,0,-1,0,3.119489,7.965147,0,4.440892E-16,0.1014378,0.2484719,3.283673,3.119489,0,0,5.486911,5.687054,0,3.035201,-3.035201,5.595304,39.96638,0.2204326,3.431438,0.1987775,0,5.935526
9/2/2007 10:00:00 AM,0.1149516,59.1519,-89.98438,32.01529,0.1143797,0.5133361,0,0,0,0,0,0,0,0,0,0,0.5133361,0,0,0,0,8.859357,2.651853,0.5133361,0,0.5133361,6.082298,43.4449,0.2203971,0,0.4106689,0,3.165189
9/2/2007 11:00:00 AM,0.1732113,73.95956,-86.59514,17.87532,0.1723531,0.7735205,1.364055,1.364055,0,0,0,1.364055,56.70743,0,2.220446E-16,0,0.7735205,1.435847,1.364055,0,0,8.346021,3.113856,0,0.6623268,-0.6623268,5.384144,38.4581,0.2203971,1.500461,0.6188164,0,3.887376
9/2/2007 12:00:00 PM,0.1685974,88.27058,-41.7478,7.826181,0.1677641,0.7529253,0.5476344,0.5476344,0,0,0,0.5476344,137.4868,0,0,0,0.7529253,0.5764573,0.5476344,0,0,9.081939,2.451529,0.176468,0,0.176468,5.551556,39.65389,0.2203849,0.6023979,0.6023402,0,3.204454
9/2/2007 1:00:00 PM,0.07561636,76.24959,85.64706,15.81878,0.0752426,0.3376888,5.235922,5.235922,5,0,1.53,5.235922,6.449461,0,0,0,0.3376888,0.2483395,0.2359225,0,0,8.905471,2.61035,0.08934928,0,0.08934928,5.636321,40.25935,0.2203868,5.759515,0.270151,5,2.948039
9/2/2007 2:00:00 PM,0.04068317,61.44714,89.60571,29.77275,0.04048176,0.1816821,1.824174,1.824174,0,-1,0,1.824174,9.959695,0,0,0,0.1816821,1.920183,1.824174,0,0,8.816122,2.690764,0,1.738501,-1.738501,3.80378,27.1698,0.2203868,2.006591,0.1453457,0,2.872447
9/2/2007 3:00:00 PM,0.1277821,46.63451,91.73032,44.37979,0.1271368,0.57059,3.073395,1.446711,0,-1,0,1.446711,39.44049,0,1.626683,2.367671,0.57059,1.522854,1.446711,0,0,10.74779,0.9522638,0,0.9522638,-0.9522638,2.800006,20,0.2203868,3.380734,0.456472,0,1.522854
9/2/2007 4:00:00 PM,0.08976567,31.8362,93.53551,59.1543,0.08929992,0.4007781,1.606898,0.3807392,0,-1,0,0.3807392,105.2632,0,1.226159,1.69144,0.4007781,0.4007781,0.3807392,0,0,11.80586,0,0,0,0,2.800006,20,0.2203868,1.767588,0.3206225,0,0.4007781
9/2/2007 5:00:00 PM,0.0301157,17.06671,95.37344,73.99078,0.02995547,0.1344402,5.761626,0.1277182,0,-1,0,0.1277182,105.2632,0,5.633907,6.312244,0.1344402,0.1344402,0.1277182,0,0,11.80586,0,0,0,0,2.800006,20,0.2203868,6.337788,0.1075521,0,0.1344402
9/2/2007 6:00:00 PM,0.03611029,2.344745,97.45286,88.85062,0.0285393,0.1280844,1.651971,0.1216801,0,-1,0,0.1216801,105.2632,0,1.53029,1.792832,0.1280844,0.1280844,0.1216801,0,0,11.80586,0,0,0,0,2.800006,20,0.2203868,1.817168,0.1024675,0,0.1280844
9/2/2007 7:00:00 PM,0,0,100.0138,90,0,0,5.44577,0,0,-1,0,0,0,0,5.44577,5.990347,0,0,0,0,0,11.80586,0,0,0,0,2.800006,20,0.2203868,5.990347,0,0,0
9/2/2007 8:00:00 PM,0,0,103.4538,90,0,0,4.904914,0,0,-1,0,0,0,0,4.904914,5.395406,0,0,0,0,0,11.80586,0,0,0,0,2.800006,20,0.2203868,5.395406,0,0,0
9/2/2007 9:00:00 PM,0,0,108.5837,90,0,0,6.875406,0,0,-1,0,0,0,0,6.875406,7.562946,0,0,0,0,0,11.80586,0,0,0,0,2.800006,20,0.2203868,7.562946,0,0,0
9/2/2007 10:00:00 PM,0,0,117.3868,90,0,0,0,0,0,-1,0,0,0,0,0,0,0,0,0,0,0,11.80586,0,0,0,0,2.800006,20,0.2203868,0,0,0,0
9/2/2007 11:00:00 PM,0,0,135.6251,90,0,0,0.8325667,0,0,-1,0,0,0,0,0.8325667,0.9158233,0,0,0,0,0,11.80586,0,0,0,0,2.800006,20,0.2203868,0.9158233,0,0,0
9/3/2007 12:00:00 AM,0,0,176.2058,90,0,0,0,0,0,-1,0,0,0,0,0,0,0,0,0,0,0,11.80586,0,0,0,0,2.800006,20,0.2203868,0,0,0,0
9/3/2007 1:00:00 AM,0,0,-139.2673,90,0,0,0.6148351,0,0,-1,0,0,0,0,0.6148351,0.6763186,0,0,0,0,0,11.80586,0,0,0,0,2.800006,20,0.2203868,0.6763186,0,0,0
9/3/2007 2:00:00 AM,0,0,-118.6703,90,0,0,0.1208322,0,0,-1,0,0,0,0,0.1208322,0.1329155,0,0,0,0,0,11.80586,0,0,0,0,2.800006,20,0.2203868,0.1329155,0,0,0
9/3/2007 3:00:00 AM,0,0,-109.096,90,0,0,0.2496151,0,0,-1,0,0,0,0,0.2496151,0.2745766,0,0,0,0,0,11.80586,0,0,0,0,2.800006,20,0.2203868,0.2745766,0,0,0
9/3/2007 4:00:00 AM,0,0,-103.6611,90,0,0,0.5609887,0,0,-1,0,0,0,0,0.5609887,0.6170876,0,0,0,0,0,11.80586,0,0,0,0,2.800006,20,0.2203868,0.6170876,0,0,0
9/3/2007 5:00:00 AM,0,0,-100.0716,90,0,0,0.06176232,0.06176232,3.567025,0,1.138798,0.06176232,0,0,0,0,0,0,0,3.505263,3.33,11.80586,0,3.33,0,3.33,5.959121,42.56506,0.2203771,0.06793855,0,5,0
9/3/2007 6:00:00 AM,0.004370883,0.0906616,-97.42024,91.07214,0.004306924,0.01932948,0.7403439,0.7403439,4.245607,0,1.324051,0.7403439,2.610878,0,0,0,0.01932948,0,0,3.505263,3.33,8.475861,2.997,3.349329,0,3.349329,9.136574,65.26111,0.2204305,0.8143783,0.01546358,5,3.01633
9/3/2007 7:00:00 AM,0.02251027,14.81451,-95.27162,76.19747,0.02239086,0.1004902,0.4801045,0.4801045,3.985368,0,1.253005,0.4801045,20.9309,0,0,0,0.1004902,0,0,3.505263,3.33,5.126531,6.011396,3.43049,0,3.43049,12.39102,88.50713,0.2204535,0.5281149,0.08039215,5,6.111887
9/3/2007 8:00:00 AM,0.06855376,29.58663,-93.36539,61.34052,0.06820115,0.3060868,4.104742,4.104742,5,0,1.53,4.104742,7.456907,0,0,0,0.3060868,0,0,0.8952581,0.8504952,1.696041,9.098838,1.156582,0,1.156582,13.48825,96.34447,0.2204862,4.515216,0.2448694,5,9.404924
9/3/2007 9:00:00 AM,0.1212496,44.38729,-91.4752,46.53247,0.1206381,0.5414237,3.850639,3.33,0,-1,0,3.33,16.25897,0,0.5206392,0.9057031,0.5414237,3.505263,3.33,0,0,0.5394586,10.13976,0,2.96384,-2.96384,10.36409,74.02908,0.2204862,4.235703,0.4331389,0,10.68118
9/3/2007 10:00:00 AM,0.03333962,59.20061,-89.22721,31.85363,0.03317465,0.1488878,0.6321691,0.6321691,0,0,0,0.6321691,23.5519,0,1.110223E-16,0,0.1488878,0.6654412,0.6321691,0,0,3.832613,7.175922,0,0.5165534,-0.5165534,9.819596,70.13983,0.2204862,0.6953861,0.1191103,0,7.32481
9/3/2007 11:00:00 AM,0.06516218,73.99837,-85.18533,17.64227,0.06484038,0.2910036,0.6436111,0.6436111,0,0,0,0.6436111,45.2142,0,0,0,0.2910036,0.6774853,0.6436111,0,0,4.406562,6.659369,0,0.3864817,-0.3864817,9.412209,67.22993,0.2204862,0.7079722,0.2328029,0,6.950372
9/3/2007 12:00:00 PM,0.1896728,88.01406,-32.61272,7.435969,0.1887379,0.8470556,2.849622,2.849622,0,0,0,2.849622,29.7252,0,4.440892E-16,0,0.8470556,2.999602,2.849622,0,0,4.835986,6.272887,0,2.152546,-2.152546,7.143226,51.02294,0.2204862,3.134584,0.6776445,0,7.119943
9/3/2007 1:00:00 PM,0.219446,76.12051,84.1013,15.71194,0.2183619,0.9800084,2.129786,2.129786,0,0,0,2.129786,46.01441,0,0,0,0.9800084,2.24188,2.129786,0,0,7.227704,4.120341,0,1.261871,-1.261871,5.813097,41.52204,0.2204862,2.342764,0.7840067,0,5.100349
9/3/2007 2:00:00 PM,0.2365121,61.3317,88.82554,29.76415,0.2353315,1.056168,5.102821,3.33,0,-1,0,3.33,31.71675,4.440892E-16,1.772821,2.696885,1.056168,3.505263,3.33,0,0,8.629783,2.858469,0,2.449095,-2.449095,3.231524,23.08227,0.2204862,5.613103,0.8449342,0,3.914637
9/3/2007 3:00:00 PM,0.2104786,46.51811,91.18726,44.40949,0.2094026,0.9397989,3.031761,1.281714,0,-1,0,1.281714,73.32359,0,1.750047,2.76747,0.9397989,1.349173,1.281714,0,0,11.351,0.4093741,0,0.4093741,-0.4093741,2.800006,20,0.2204862,3.334938,0.7518391,0,1.349173
9/3/2007 4:00:00 PM,0.08604125,31.71464,93.09835,59.20601,0.08559775,0.3841627,3.104141,0.3649546,0,-1,0,0.3649546,105.2632,0,2.739186,3.341564,0.3841627,0.3841627,0.3649546,0,0,11.80586,0,0,0,0,2.800006,20,0.2204862,3.414555,0.3073302,0,0.3841627
9/3/2007 5:00:00 PM,0.1124143,16.93738,94.98757,74.05838,0.1115499,0.5006357,2.95551,0.475604,0,-1,0,0.475604,105.2632,0,2.479906,3.15594,0.5006357,0.5006357,0.475604,0,0,11.80586,0,0,0,0,2.800006,20,0.2204862,3.251061,0.4005086,0,0.5006357
9/3/2007 6:00:00 PM,0.02629334,2.205003,97.08738,88.93178,0.02424746,0.1088226,0.928464,0.1033815,0,-1,0,0.1033815,105.2632,0,0.8250825,1.000634,0.1088226,0.1088226,0.1033815,0,0,11.80586,0,0,0,0,2.800006,20,0.2204862,1.02131,0.08705808,0,0.1088226
9/3/2007 7:00:00 PM,0,0,99.64575,90,0,0,0,0,0,-1,0,0,0,0,0,0,0,0,0,0,0,11.80586,0,0,0,0,2.800006,20,0.2204862,0,0,0,0
9/3/2007 8:00:00 PM,0,0,103.0607,90,0,0,6.878837,0,0,-1,0,0,0,0,6.878837,7.56672,0,0,0,0,0,11.80586,0,0,0,0,2.800006,20,0.2204862,7.56672,0,0,0
9/3/2007 9:00:00 PM,0,0,108.1392,90,0,0,4.19181,0,0,-1,0,0,0,0,4.19181,4.610991,0,0,0,0,0,11.80586,0,0,0,0,2.800006,20,0.2204862,4.610991,0,0,0
9/3/2007 10:00:00 PM,0,0,116.8642,90,0,0,0,0,0,-1,0,0,0,0,0,0,0,0,0,0,0,11.80586,0,0,0,0,2.800006,20,0.2204862,0,0,0,0
9/3/2007 11:00:00 PM,0,0,135.0919,90,0,0,0.1585745,0,0,-1,0,0,0,0,0.1585745,0.1744319,0,0,0,0,0,11.80586,0,0,0,0,2.800006,20,0.2204862,0.1744319,0,0,0
9/4/2007 12:00:00 AM,0,0,176.4169,90,0,0,1.486123,0,0,-1,0,0,0,0,1.486123,1.634735,0,0,0,0,0,11.80586,0,0,0,0,2.800006,20,0.2204862,1.634735,0,0,0
9/4/2007 1:00:00 AM,0,0,-138.401,90,0,0,1.218786,0,0,-1,0,0,0,0,1.218786,1.340665,0,0,0,0,0,11.80586,0,0,0,0,2.800006,20,0.2204862,1.340665,0,0,0
9/4/2007 2:00:00 AM,0,0,-117.9793,90,0,0,0.4596683,0,0,-1,0,0,0,0,0.4596683,0.5056351,0,0,0,0,0,11.80586,0,0,0,0,2.800006,20,0.2204862,0.5056351,0,0,0
9/4/2007 3:00:00 AM,0,0,-108.5597,90,0,0,0.3058236,0,0,-1,0,0,0,0,0.3058236,0.336406,0,0,0,0,0,11.80586,0,0,0,0,2.800006,20,0.2204862,0.336406,0,0,0
9/4/2007 4:00:00 AM,0,0,-103.2113,90,0,0,0.8048319,0,0,-1,0,0,0,0,0.8048319,0.8853151,0,0,0,0,0,11.80586,0,0,0,0,2.800006,20,0.2204862,0.8853151,0,0,0
9/4/2007 5:00:00 AM,0,0,-99.66522,90,0,0,0.7214441,0.7214441,4.226707,0,1.318891,0.7214441,0,0,0,0,0,0,0,3.505263,3.33,11.80586,0,3.33,0,3.33,5.959121,42.56506,0.2205389,0.7935886,0,5,0
9/4/2007 6:00:00 AM,0.0224844,0.1126724,-97.02741,90.98921,0.01193197,0.05355068,0,0,3.505263,0,1.121937,0,0,0,0,0,0.05355068,0,0,3.505263,3.33,8.475861,2.997,3.383551,0,3.383551,9.169039,65.493,0.2205195,0,0.04284054,5,3.050551
9/4/2007 7:00:00 AM,0.1856617,14.84745,-94.86604,76.10182,0.1789203,0.8029943,1.166106,1.166106,4.671369,0,1.440284,1.166106,68.86118,4.440892E-16,0,0,0.8029943,0,0,3.505263,3.33,5.092309,6.042196,4.132994,0,4.132994,13.08994,93.4994,0.2205589,1.282717,0.6423954,5,6.84519
9/4/2007 8:00:00 AM,0.4402897,29.62738,-92.91529,61.23049,0.4307064,1.93301,4.39235,4.39235,3.467339,0,1.111584,4.39235,44.00858,0,0,0,1.93301,0.9736952,0.9250104,0,0,0.9593152,9.76189,0.9593152,0,0.9593152,14.00003,100,0.2205791,4.831584,1.546408,5,11.6949
9/4/2007 9:00:00 AM,0.574393,44.43282,-90.92812,46.40342,0.5678974,2.548723,1.17928,1.17928,0,-1,0,1.17928,216.1255,1.307377,0,0,2.548723,1.241347,1.17928,0,0,0,10.62527,0,0,0,14.00003,100,0.2205791,1.297207,2.038979,0,13.174
9/4/2007 10:00:00 AM,0.5924518,59.24621,-88.46347,31.69362,0.5885325,2.641334,0.3845085,0.3845085,0,0,0,0.3845085,686.9377,2.236588,0,0,2.641334,0.4047458,0.3845085,0,0,0,10.62527,0,0,0,14.00003,100,0.2205791,0.4229594,2.113067,0,13.26661
9/4/2007 11:00:00 AM,0.5956068,74.02914,-83.76105,17.41245,0.5924715,2.659012,3.001937,3.001937,0,0,0,3.001937,88.57656,0,0,0,2.659012,3.159933,3.001937,0,0,0,10.62527,0,0.5009211,-0.5009211,13.47201,96.22845,0.2205791,3.30213,2.12721,0,13.28429
9/4/2007 12:00:00 PM,0.5959248,87.71776,-25.6402,7.043492,0.5929616,2.661211,0,0,0,0,0,0,0,2.104633,0,0,2.661211,0,0,0,0,0.5565791,10.12435,0.5565791,0,0.5565791,14.00003,100,0.2205409,0,2.128969,0,12.78556
9/4/2007 1:00:00 PM,0.4108531,75.98003,82.57671,15.61436,0.4088235,1.8348,0,0,0,0,0,0,0,1.8348,0,0,1.8348,0,0,0,0,0,10.62527,0,0,0,14.00003,100,0.2205409,0,1.46784,0,12.46007
9/4/2007 2:00:00 PM,0.3828882,61.21008,88.04708,29.76125,0.3809183,1.709561,1.090875,1.090875,0,-1,0,1.090875,156.7146,0.5612715,0,0,1.709561,1.14829,1.090875,0,0,0,10.62527,0,0,0,14.00003,100,0.2205409,1.199963,1.367649,0,12.33484
9/4/2007 3:00:00 PM,0.4263357,46.39741,90.64366,44.44314,0.4232884,1.899718,3.948715,3.33,0,-1,0,3.33,57.0486,0,0.6187156,1.013587,1.899718,3.505263,3.33,0,0,0,10.62527,0,1.605545,-1.605545,12.30764,87.91151,0.2205409,4.343587,1.519775,0,12.52499
9/4/2007 4:00:00 PM,0.2861156,31.58983,92.66002,59.26063,0.2835648,1.272639,3.383464,3.33,0,-1,0,3.33,38.21739,0,0.05346412,0.3918105,1.272639,3.505263,3.33,0,0,1.783939,9.01973,0,2.232624,-2.232624,9.954243,71.10159,0.2205409,3.721811,1.018111,0,10.29237
9/4/2007 5:00:00 PM,0.09853941,16.80553,94.6002,74.12817,0.0978949,0.4393523,2.495609,2.495609,0,-1,0,2.495609,17.60502,4.440892E-16,0,0,0.4393523,2.626956,2.495609,0,0,4.264632,6.787105,0,2.187604,-2.187604,7.648305,54.63064,0.2205409,2.74517,0.3514819,0,7.226458
9/4/2007 6:00:00 PM,0.02005195,2.06333,96.72007,89.0145,0.01941305,0.08712576,0,0,0,-1,0,0,0,0,0,0,0.08712576,0,0,0,0,6.695303,4.599501,0.08712576,0,0.08712576,7.73096,55.22103,0.2205349,0,0.06970061,0,4.686627
9/4/2007 7:00:00 PM,0,0,99.27534,90,0,0,3.707181,3.33,0,-1,0,3.33,0,0,0.3771815,0.7478996,0,3.505263,3.33,0,0,6.608178,4.677914,0,3.505263,-3.505263,4.036088,28.82914,0.2205349,4.077899,0,0,4.677914
9/4/2007 8:00:00 PM,0,0,102.6645,90,0,0,10.77169,1.114018,0,-1,0,1.114018,0,0,9.657676,10.73485,0,1.172651,1.114018,0,0,10.50291,1.172651,0,1.172651,-1.172651,2.800006,20,0.2205349,11.84886,0,0,1.172651
9/4/2007 9:00:00 PM,0,0,107.6898,90,0,0,0,0,0,-1,0,0,0,0,0,0,0,0,0,0,0,11.80586,0,0,0,0,2.800006,20,0.2205349,0,0,0,0
9/4/2007 10:00:00 PM,0,0,116.3328,90,0,0,0.06295837,0,0,-1,0,0,0,0,0.06295837,0.0692542,0,0,0,0,0,11.80586,0,0,0,0,2.800006,20,0.2205349,0.0692542,0,0,0
9/4/2007 11:00:00 PM,0,0,134.5428,90,0,0,0.1166194,0,0,-1,0,0,0,0,0.1166194,0.1282814,0,0,0,0,0,11.80586,0,0,0,0,2.800006,20,0.2205349,0.1282814,0,0,0
9/5/2007 12:00:00 AM,0,0,176.6432,90,0,0,1.359154,0,0,-1,0,0,0,0,1.359154,1.49507,0,0,0,0,0,11.80586,0,0,0,0,2.800006,20,0.2205349,1.49507,0,0,0
9/5/2007 1:00:00 AM,0,0,-137.5095,90,0,0,0.39952,0,0,-1,0,0,0,0,0.39952,0.439472,0,0,0,0,0,11.80586,0,0,0,0,2.800006,20,0.2205349,0.439472,0,0,0
9/5/2007 2:00:00 AM,0,0,-117.2796,90,0,0,0.8252098,0,0,-1,0,0,0,0,0.8252098,0.9077308,0,0,0,0,0,11.80586,0,0,0,0,2.800006,20,0.2205349,0.9077308,0,0,0
9/5/2007 3:00:00 AM,0,0,-108.0193,90,0,0,0.3131593,0,0,-1,0,0,0,0,0.3131593,0.3444752,0,0,0,0,0,11.80586,0,0,0,0,2.800006,20,0.2205349,0.3444752,0,0,0
9/5/2007 4:00:00 AM,0,0,-102.7587,90,0,0,0.9140108,0,0,-1,0,0,0,0,0.9140108,1.005412,0,0,0,0,0,11.80586,0,0,0,0,2.800006,20,0.2205349,1.005412,0,0,0
9/5/2007 5:00:00 AM,0,0,-99.25646,90,0,0,1.005501,1.005501,4.510764,0,1.396439,1.005501,0,0,0,0,0,0,0,3.505263,3.33,11.80586,0,3.33,0,3.33,5.959121,42.56506,0.2206141,1.106051,0,5,0
9/5/2007 6:00:00 AM,0.009783703,0.1357784,-96.63232,90.9048,0.009503944,0.0426537,0.9058491,0.9058491,4.411112,0,1.369234,0.9058491,4.708698,0,0,0,0.0426537,0,0,3.505263,3.33,8.475861,2.997,3.372654,0,3.372654,9.158701,65.41917,0.2206809,0.996434,0.03412296,5,3.039654
9/5/2007 7:00:00 AM,0.1342155,14.88084,-94.45804,76.00529,0.1322247,0.5934244,0,0,3.505263,0,1.121937,0,0,0,0,0,0.5934244,0,0,3.505263,3.33,5.103207,6.032388,3.923424,0,3.923424,12.88079,92.00545,0.2206245,0,0.4747395,5,6.625813
9/5/2007 8:00:00 AM,0.3990386,29.6678,-92.4623,61.12025,0.3920001,1.759297,3.255776,3.255776,2.705237,0,0.9035297,3.255776,54.03617,0,0,0,1.759297,0.5795145,0.5505388,0,0,1.179782,9.56347,1.179782,0,1.179782,14.00003,100,0.2206492,3.581353,1.407437,5,11.32277
9/5/2007 9:00:00 AM,0.3317239,44.47694,-90.37715,46.27501,0.3298105,1.48019,3.030002,3.030002,0,-1,0,3.030002,48.85111,0,0,0.003002132,1.48019,3.189476,3.030002,0,0,0,10.62527,0,1.709286,-1.709286,12.19828,87.13041,0.2206492,3.333002,1.184152,0,12.10546
9/5/2007 10:00:00 AM,0.5377189,59.28852,-87.69347,31.53548,0.5346596,2.399552,7.981365,7.981365,5,0,1.53,7.981365,30.06443,0,8.881784E-16,0.4495015,2.399552,3.138279,2.981365,0,0,1.899207,8.915988,0,0.7387268,-0.7387268,11.4196,81.56837,0.2206492,8.779502,1.919642,5,11.31554
9/5/2007 11:00:00 AM,0.8349631,74.05158,-82.32401,17.18628,0.8307472,3.728393,0,0,0,0,0,0,0,1.008379,0,0,3.728393,0,0,0,0,2.720015,8.177261,2.720015,0,2.720015,14.00003,100,0.2204632,0,2.982715,0,11.90565
9/5/2007 12:00:00 PM,0.9607943,87.39419,-20.28286,6.648903,0.9565046,4.292793,2.423319,2.423319,0,0,0,2.423319,177.1452,1.74193,0,0,4.292793,2.550862,2.423319,0,0,0,10.62527,0,0,0,14.00003,100,0.2204632,2.665651,3.434234,0,14.91807
9/5/2007 1:00:00 PM,0.7522689,75.82841,81.07564,15.52637,0.7486034,3.359732,0,0,0,0,0,0,0,3.359732,0,0,3.359732,0,0,0,0,0,10.62527,0,0,0,14.00003,100,0.2204632,0,2.687786,0,13.98501
9/5/2007 2:00:00 PM,0.7594258,61.08235,87.27087,29.76407,0.7544549,3.385993,3.893899,3.33,0,-1,0,3.33,101.6815,0,0.563899,0.9532889,3.385993,3.505263,3.33,0,0,0,10.62527,0,0.1192699,-0.1192699,13.87431,99.10199,0.2204632,4.283289,2.708795,0,14.01127
9/5/2007 3:00:00 PM,0.5822671,46.27249,90.09977,44.48071,0.5767775,2.588577,1.10354,1.10354,0,-1,0,1.10354,234.5703,1.294434,0,0,2.588577,1.161621,1.10354,0,0,0.1325221,10.506,0.1325221,0,0.1325221,14.00003,100,0.2204541,1.213894,2.070862,0,13.09458
9/5/2007 4:00:00 PM,0.3575991,31.46187,92.22068,59.31813,0.3531104,1.584759,4.189782,3.33,0,-1,0,3.33,47.59037,0,0.8597824,1.278761,1.584759,3.505263,3.33,0,0,0,10.62527,0,1.920504,-1.920504,11.97564,85.54011,0.2204541,4.608761,1.267808,0,12.21003
9/5/2007 5:00:00 PM,0.1067033,16.67127,94.21143,74.20007,0.1059566,0.4755334,3.991808,3.33,0,-1,0,3.33,14.28028,0,0.6618081,1.060989,0.4755334,3.505263,3.33,0,0,2.133893,8.70477,0,3.02973,-3.02973,8.782023,62.72861,0.2204541,4.390989,0.3804267,0,9.180304
9/5/2007 6:00:00 PM,0.01532698,1.919833,96.35102,89.09871,0.01505132,0.06755032,4.6431,3.33,0,-1,0,3.33,2.028538,0,1.3131,1.77741,0.06755032,3.505263,3.33,0,0,5.500259,5.675041,0,3.437713,-3.437713,5.158356,36.84533,0.2204541,5.10741,0.05404025,0,5.742591
9/5/2007 7:00:00 PM,0,0,98.90269,90,0,0,0.8392305,0.8392305,0,-1,0,0.8392305,0,0,1.110223E-16,0,0,0.8834005,0.8392305,0,0,9.319941,2.237328,0,0.8834005,-0.8834005,4.22717,30.19401,0.2204541,0.9231535,0,0,2.237328
9/5/2007 8:00:00 PM,0,0,102.2651,90,0,0,1.6631,1.286231,0,-1,0,1.286231,0,0,0.3768688,0.5431788,0,1.353927,1.286231,0,0,10.3015,1.353927,0,1.353927,-1.353927,2.800006,20,0.2204541,1.82941,0,0,1.353927
9/5/2007 9:00:00 PM,0,0,107.2357,90,0,0,2.466796,0,0,-1,0,0,0,0,2.466796,2.713475,0,0,0,0,0,11.80586,0,0,0,0,2.800006,20,0.2204541,2.713475,0,0,0
9/5/2007 10:00:00 PM,0,0,115.7926,90,0,0,0.9975746,0,0,-1,0,0,0,0,0.9975746,1.097332,0,0,0,0,0,11.80586,0,0,0,0,2.800006,20,0.2204541,1.097332,0,0,0
9/5/2007 11:00:00 PM,0,0,133.9771,90,0,0,0.607077,0,0,-1,0,0,0,0,0.607077,0.6677848,0,0,0,0,0,11.80586,0,0,0,0,2.800006,20,0.2204541,0.6677848,0,0,0
9/6/2007 12:00:00 AM,0,0,176.8855,90,0,0,1.313846,0,0,-1,0,0,0,0,1.313846,1.44523,0,0,0,0,0,11.80586,0,0,0,0,2.800006,20,0.2204541,1.44523,0,0,0
9/6/2007 1:00:00 AM,0,0,-136.5927,90,0,0,0.1630642,0,0,-1,0,0,0,0,0.1630642,0.1793707,0,0,0,0,0,11.80586,0,0,0,0,2.800006,20,0.2204541,0.1793707,0,0,0
9/6/2007 2:00:00 AM,0,0,-116.5716,90,0,0,0.8740486,0,0,-1,0,0,0,0,0.8740486,0.9614535,0,0,0,0,0,11.80586,0,0,0,0,2.800006,20,0.2204541,0.9614535,0,0,0
9/6/2007 3:00:00 AM,0,0,-107.4749,90,0,0,0.3488694,0,0,-1,0,0,0,0,0.3488694,0.3837563,0,0,0,0,0,11.80586,0,0,0,0,2.800006,20,0.2204541,0.3837563,0,0,0
9/6/2007 4:00:00 AM,0,0,-102.3035,90,0,0,0.3055166,0,0,-1,0,0,0,0,0.3055166,0.3360682,0,0,0,0,0,11.80586,0,0,0,0,2.800006,20,0.2204541,0.3360682,0,0,0
9/6/2007 5:00:00 AM,0,0,-98.84551,90,0,0,0,0,0,0,0,0,0,0,0,0,0,0,0,0,0,11.80586,0,0,0,0,2.800006,20,0.2204541,0,0,0,0
9/6/2007 6:00:00 AM,0.01401811,0.1599075,-96.23512,90.81899,0.01288881,0.05784497,0.3398493,0.3398493,3.845112,0,1.214716,0.3398493,17.02077,0,0,0,0.05784497,0,0,3.505263,3.33,11.80586,0,3.387845,0,3.387845,6.013998,42.95704,0.2204666,0.3738342,0.04627597,5,0.05784497
9/6/2007 7:00:00 AM,0.1313967,14.91458,-94.04774,75.90801,0.1296637,0.5819308,0.7774569,0.7774569,4.28272,0,1.334183,0.7774569,74.85055,0,0,0,0.5819308,0,0,3.505263,3.33,8.418015,3.049061,3.911931,0,3.911931,9.725181,69.46544,0.2204844,0.8552026,0.4655446,5,3.630991
9/6/2007 8:00:00 AM,0.1791542,29.70779,-92.00655,61.00994,0.1781603,0.7995833,3.902789,3.902789,5,0,1.53,3.902789,20.48748,0,0,0,0.7995833,0,0,1.097211,1.04235,4.506084,6.569798,1.841933,0,1.841933,11.47259,81.94692,0.2205329,4.293068,0.6396666,5,7.369381
9/6/2007 9:00:00 AM,0.3905589,44.51954,-89.82245,46.14739,0.3881397,1.741971,5.182988,3.33,0,-1,0,3.33,52.31144,0,1.852988,2.371287,1.741971,3.505263,3.33,0,0,2.664151,8.227538,0,1.763292,-1.763292,9.613919,68.67072,0.2205329,5.701287,1.393577,0,9.969509
9/6/2007 10:00:00 AM,0.2734654,59.32737,-86.91757,31.37942,0.2721195,1.221272,3.902435,3.902435,5,0,1.53,3.902435,31.29514,0,0,0,1.221272,0,0,1.097565,1.042687,4.623365,6.464246,2.263959,0,2.263959,11.7617,84.01197,0.2205902,4.292678,0.9770178,5,7.685518
9/6/2007 11:00:00 AM,0.1882869,74.06543,-80.876,16.96418,0.1873659,0.8408983,4.387588,4.387588,5,0,1.53,4.387588,19.16539,0,0,0,0.8408983,0,0,0.6124122,0.5817916,2.359406,8.501809,1.42269,0,1.42269,13.11138,93.65253,0.2206255,4.826346,0.6727186,5,9.342708
9/6/2007 12:00:00 PM,0.2056497,87.05147,-16.10013,6.252367,0.2046464,0.9184532,0,0,0,0,0,0,0,0,0,0,0.9184532,0,0,0,0,0.9367159,9.782229,0.9184532,0,0.9184532,13.9827,99.87624,0.220563,0,0.7347625,0,10.70068
9/6/2007 1:00:00 PM,0.4390659,75.66592,79.60017,15.44826,0.4369924,1.961222,0,0,0,0,0,0,0,1.942959,0,0,1.961222,0,0,0,0,0.01826277,10.60884,0.01826277,0,0.01826277,14.00003,100,0.2205617,0,1.568978,0,12.57006
9/6/2007 2:00:00 PM,0.400249,60.94862,86.49741,29.77263,0.3982752,1.787459,1.145905,1.145905,0,-1,0,1.145905,155.9867,0.5812433,0,0,1.787459,1.206216,1.145905,0,0,0,10.62527,0,0,0,14.00003,100,0.2205617,1.260496,1.429967,0,12.41273
9/6/2007 3:00:00 PM,0.2802968,46.14345,89.55583,44.52217,0.2788537,1.251495,0.8609411,0.8609411,0,-1,0,0.8609411,145.3637,0.3452417,0,0,1.251495,0.9062538,0.8609411,0,0,0,10.62527,0,0,0,14.00003,100,0.2205617,0.9470352,1.001196,0,11.87677
9/6/2007 4:00:00 PM,0.2091105,31.33084,91.78048,59.37844,0.2079007,0.9330584,0.336913,0.336913,0,-1,0,0.336913,276.9435,0.5784132,0,0,0.9330584,0.3546452,0.336913,0,0,0,10.62527,0,0,0,14.00003,100,0.2205617,0.3706043,0.7464467,0,11.55833
9/6/2007 5:00:00 PM,0.09640133,16.53468,93.82141,74.27402,0.09579546,0.42993,5.216775,3.33,0,-1,0,3.33,12.91081,4.440892E-16,1.886775,2.408452,0.42993,3.505263,3.33,0,0,0,10.62527,0,3.075333,-3.075333,10.75834,76.84515,0.2205617,5.738452,0.343944,0,11.0552
9/6/2007 6:00:00 PM,0.03537608,1.774624,95.98033,89.18431,0.02507896,0.1125544,1.849129,1.849129,0,-1,0,1.849129,6.086884,0,2.220446E-16,0,0.1125544,1.946452,1.849129,0,0,3.417037,7.549941,0,1.833897,-1.833897,8.825245,63.03733,0.2205617,2.034042,0.09004349,0,7.662496
9/6/2007 7:00:00 PM,0,0,98.5279,90,0,0,4.745682,3.33,0,-1,0,3.33,0,0,1.415682,1.890251,0,3.505263,3.33,0,0,5.4547,5.716043,0,3.505263,-3.505263,5.130373,36.64545,0.2205617,5.220251,0,0,5.716043
9/6/2007 8:00:00 PM,0,0,101.8627,90,0,0,3.789094,2.100241,0,-1,0,2.100241,0,0,1.688853,2.067762,0,2.21078,2.100241,0,0,9.349438,2.21078,0,2.21078,-2.21078,2.800006,20,0.2205617,4.168004,0,0,2.21078
9/6/2007 9:00:00 PM,0,0,106.7768,90,0,0,2.505243,0,0,-1,0,0,0,0,2.505243,2.755768,0,0,0,0,0,11.80586,0,0,0,0,2.800006,20,0.2205617,2.755768,0,0,0
9/6/2007 10:00:00 PM,0,0,115.2436,90,0,0,0.1384738,0,0,-1,0,0,0,0,0.1384738,0.1523211,0,0,0,0,0,11.80586,0,0,0,0,2.800006,20,0.2205617,0.1523211,0,0,0
9/6/2007 11:00:00 PM,0,0,133.3939,90,0,0,0.8853649,0,0,-1,0,0,0,0,0.8853649,0.9739014,0,0,0,0,0,11.80586,0,0,0,0,2.800006,20,0.2205617,0.9739014,0,0,0
9/7/2007 12:00:00 AM,0,0,177.1449,90,0,0,0,0,0,-1,0,0,0,0,0,0,0,0,0,0,0,11.80586,0,0,0,0,2.800006,20,0.2205617,0,0,0,0
9/7/2007 1:00:00 AM,0,0,-135.6505,90,0,0,0,0,0,-1,0,0,0,0,0,0,0,0,0,0,0,11.80586,0,0,0,0,2.800006,20,0.2205617,0,0,0,0
9/7/2007 2:00:00 AM,0,0,-115.8556,90,0,0,0.8244635,0,0,-1,0,0,0,0,0.8244635,0.9069099,0,0,0,0,0,11.80586,0,0,0,0,2.800006,20,0.2205617,0.9069099,0,0,0
9/7/2007 3:00:00 AM,0,0,-106.9269,90,0,0,0.2099859,0,0,-1,0,0,0,0,0.2099859,0.2309845,0,0,0,0,0,11.80586,0,0,0,0,2.800006,20,0.2205617,0.2309845,0,0,0
9/7/2007 4:00:00 AM,0,0,-101.8458,90,0,0,0,0,0,-1,0,0,0,0,0,0,0,0,0,0,0,11.80586,0,0,0,0,2.800006,20,0.2205617,0,0,0,0
9/7/2007 5:00:00 AM,0,0,-98.43251,90,0,0,0.3915161,0.3915161,3.896779,0,1.228821,0.3915161,0,0,0,0,0,0,0,3.505263,3.33,11.80586,0,3.33,0,3.33,5.959121,42.56506,0.2205828,0.4306677,0,5,0
9/7/2007 6:00:00 AM,0.01822421,0.1849852,-95.83592,90.7319,0.01425186,0.06396235,0.3437363,0.3437363,3.849,0,1.215777,0.3437363,18.60797,0,0,0,0.06396235,0,0,3.505263,3.33,8.475861,2.997,3.393962,0,3.393962,9.178916,65.56356,0.2205951,0.3781099,0.05116988,5,3.060962
9/7/2007 7:00:00 AM,0.0773,14.94859,-93.63528,75.81007,0.07683817,0.3448497,1.525904,1.525904,4.836748,0,1.485432,1.525904,22.5997,0,0,0,0.3448497,0,0,3.310844,3.145302,5.081898,6.051566,3.490152,0,3.490152,12.48996,89.21386,0.2206929,1.678494,0.2758798,5,6.396416
9/7/2007 8:00:00 AM,0.2066421,29.74724,-91.5482,60.8997,0.2054271,0.9219569,0.8109468,0.8109468,0,0,0,0.8109468,113.689,0,0,0,0.9219569,0.8536282,0.8109468,0,0,1.591746,9.192702,0.06832875,0,0.06832875,12.55479,89.67687,0.2206883,0.8920414,0.7375655,0,10.11466
9/7/2007 9:00:00 AM,0.3267119,44.56047,-89.26422,46.02074,0.3249702,1.458466,3.48474,3.33,0,-1,0,3.33,43.79778,4.440892E-16,0.1547401,0.5032141,1.458466,3.505263,3.33,0,0,1.523418,9.254198,0,2.046797,-2.046797,10.39727,74.26609,0.2206883,3.833214,1.166773,0,10.71266
9/7/2007 10:00:00 AM,0.4409113,59.36259,-86.13613,31.22567,0.4387942,1.969308,1.983347,1.983347,0,0,0,1.983347,99.29218,0,0,0,1.969308,2.087734,1.983347,0,0,3.797637,7.207401,0,0.1184252,-0.1184252,10.27244,73.37444,0.2206883,2.181681,1.575447,0,9.176709
9/7/2007 11:00:00 AM,0.2115079,74.07043,-79.41893,16.7466,0.2104785,0.9446273,0.6336564,0.6336564,0,0,0,0.6336564,149.0756,0,0,0,0.9446273,0.6670067,0.6336564,0,0,3.92922,7.088976,0.2776206,0,0.2776206,10.53582,75.25568,0.2206694,0.697022,0.7557019,0,8.033604
9/7/2007 12:00:00 PM,0.1320309,86.69486,-12.77312,5.854059,0.1313855,0.589658,0,0,0,0,0,0,0,0,0,0,0.589658,0,0,0,0,3.651599,7.338835,0.589658,0,0.589658,11.09521,79.25138,0.2206294,0,0.4717264,0,7.928493
9/7/2007 1:00:00 PM,0.2858903,75.49287,78.15209,15.38031,0.2845061,1.276864,3.296571,3.296571,4.992395,0,1.527924,3.296571,38.73308,0,0,0,1.276864,0,0,1.695824,1.611033,3.061941,7.869527,2.887896,0,2.887896,13.83491,98.82062,0.2207047,3.626228,1.021491,5,9.14639
9/7/2007 2:00:00 PM,0.1383108,60.80899,85.72721,29.78694,0.1376322,0.6176932,0.3420991,0.3420991,0,-1,0,0.3420991,180.5598,0.08354388,0,0,0.6176932,0.3601043,0.3420991,0,0,0.1740451,10.46863,0.1740451,0,0.1740451,14.00003,100,0.2206929,0.376309,0.4941546,0,11.08633
9/7/2007 3:00:00 PM,0.1816948,46.01036,89.01208,44.56747,0.1807919,0.8113939,0,0,0,-1,0,0,0,0.8113939,0,0,0.8113939,0,0,0,0,0,10.62527,0,0,0,14.00003,100,0.2206929,0,0.6491151,0,11.43667
9/7/2007 4:00:00 PM,0.1766001,31.19683,91.33959,59.44149,0.1756633,0.7883767,0.01205378,0.01205378,0,-1,0,0.01205378,6540.496,0.7756886,0,0,0.7883767,0.01268819,0.01205378,0,0,0,10.62527,0,0,0,14.00003,100,0.2206929,0.01325915,0.6307014,0,11.41365
9/7/2007 5:00:00 PM,0.04769103,16.39589,93.43024,74.34991,0.04743382,0.212883,3.7742,3.33,0,-1,0,3.33,6.392883,0,0.4441999,0.8216199,0.212883,3.505263,3.33,0,0,0,10.62527,0,3.29238,-3.29238,10.52955,75.21095,0.2206929,4.15162,0.1703064,0,10.83816
9/7/2007 6:00:00 PM,0.03043273,1.627817,95.6081,89.27119,0.02398397,0.1076401,8.605374,3.33,0,-1,0,3.33,3.232434,0,5.275374,6.135912,0.1076401,3.505263,3.33,0,0,3.6582,7.332894,0,3.397623,-3.397623,6.948145,49.62951,0.2206929,9.465912,0.08611204,0,7.440534
9/7/2007 7:00:00 PM,0,0,98.15104,90,0,0,3.025522,3.025522,0,-1,0,3.025522,0,0,4.440892E-16,0,0,3.18476,3.025522,0,0,7.433337,3.935271,0,3.18476,-3.18476,3.591113,25.65076,0.2206929,3.328074,0,0,3.935271
9/7/2007 8:00:00 PM,0,0,101.4574,90,0,0,6.142156,0.7129852,0,-1,0,0.7129852,0,0,5.429171,6.043386,0,0.7505107,0.7129852,0,0,10.97196,0.7505107,0,0.7505107,-0.7505107,2.800006,20,0.2206929,6.756371,0,0,0.7505107
9/7/2007 9:00:00 PM,0,0,106.3132,90,0,0,9.646264,0,0,-1,0,0,0,0,9.646264,10.61089,0,0,0,0,0,11.80586,0,0,0,0,2.800006,20,0.2206929,10.61089,0,0,0
9/7/2007 10:00:00 PM,0,0,114.6856,90,0,0,0.9452437,0,0,-1,0,0,0,0,0.9452437,1.039768,0,0,0,0,0,11.80586,0,0,0,0,2.800006,20,0.2206929,1.039768,0,0,0
9/7/2007 11:00:00 PM,0,0,132.7924,90,0,0,0.2703455,0,0,-1,0,0,0,0,0.2703455,0.2973801,0,0,0,0,0,11.80586,0,0,0,0,2.800006,20,0.2206929,0.2973801,0,0,0
9/8/2007 12:00:00 AM,0,0,177.4225,90,0,0,1.268224,0,0,-1,0,0,0,0,1.268224,1.395046,0,0,0,0,0,11.80586,0,0,0,0,2.800006,20,0.2206929,1.395046,0,0,0
9/8/2007 1:00:00 AM,0,0,-134.683,90,0,0,0.1659341,0,0,-1,0,0,0,0,0.1659341,0.1825275,0,0,0,0,0,11.80586,0,0,0,0,2.800006,20,0.2206929,0.1825275,0,0,0
9/8/2007 2:00:00 AM,0,0,-115.1321,90,0,0,0.5448989,0,0,-1,0,0,0,0,0.5448989,0.5993888,0,0,0,0,0,11.80586,0,0,0,0,2.800006,20,0.2206929,0.5993888,0,0,0
9/8/2007 3:00:00 AM,0,0,-106.3754,90,0,0,0.1292176,0,0,-1,0,0,0,0,0.1292176,0.1421394,0,0,0,0,0,11.80586,0,0,0,0,2.800006,20,0.2206929,0.1421394,0,0,0
9/8/2007 4:00:00 AM,0,0,-101.3859,90,0,0,0.2330908,0,0,-1,0,0,0,0,0.2330908,0.2563999,0,0,0,0,0,11.80586,0,0,0,0,2.800006,20,0.2206929,0.2563999,0,0,0
9/8/2007 5:00:00 AM,0,0,-98.0176,90,0,0,1.261408,1.261408,4.766672,0,1.466301,1.261408,0,0,0,0,0,0,0,3.505263,3.33,11.80586,0,3.33,0,3.33,5.959121,42.56506,0.2207937,1.387549,0,5,0
9/8/2007 6:00:00 AM,0.01824475,0.2109344,-95.43486,90.64361,0.01436727,0.0644803,0.4816392,0.4816392,3.986902,0,1.253424,0.4816392,13.38768,0,0,0,0.0644803,0,0,3.505263,3.33,8.475861,2.997,3.39448,0,3.39448,9.179408,65.56707,0.2208185,0.5298031,0.05158424,5,3.06148
9/8/2007 7:00:00 AM,0.1817432,14.98277,-93.22078,75.7116,0.1772193,0.7953604,4.682395,4.682395,5,0,1.53,4.682395,16.98619,0,0,0,0.7953604,0,0,0.3176051,0.3017248,5.08138,6.052032,1.097085,0,1.097085,10.22019,73.00124,0.220844,5.150634,0.6362883,5,6.847393
9/8/2007 8:00:00 AM,0.4056077,29.78605,-91.08737,60.78963,0.4002885,1.796495,3.344114,3.344114,5,0,1.53,3.344114,53.7211,0,0,0,1.796495,0,0,1.655886,1.573092,3.984295,7.039409,3.369586,0,3.369586,13.41686,95.83456,0.2209285,3.678525,1.437196,5,8.835904
9/8/2007 9:00:00 AM,0.6247945,44.59962,-88.70265,45.8952,0.6203918,2.784318,0,0,0,-1,0,0,0,2.16961,0,0,2.784318,0,0,0,0,0.6147082,10.07204,0.6147082,0,0.6147082,14.00003,100,0.2208869,0,2.227455,0,12.85635
9/8/2007 10:00:00 AM,0.7439176,59.39403,-85.34953,31.07445,0.7410758,3.325948,5.596283,5.596283,2.436633,0,0.8302009,5.596283,59.43137,0,0,0,3.325948,3.325948,3.159651,0,0,0,10.62527,0,0,0,14.00003,100,0.2208869,6.155912,2.660758,5,13.95122
9/8/2007 11:00:00 AM,0.8318266,74.06637,-77.9548,16.534,0.8298606,3.724415,1.99526,1.99526,0,0,0,1.99526,186.6631,1.624141,0,0,3.724415,2.100274,1.99526,0,0,0,10.62527,0,0,0,14.00003,100,0.2208869,2.194786,2.979532,0,14.34969
9/8/2007 12:00:00 PM,1.086357,86.32784,-10.07805,5.454166,1.08482,4.868674,6.441449,6.441449,3.111449,0,1.014426,6.441449,75.58352,1.363411,0,0,4.868674,3.505263,3.33,0,0,0,10.62527,0,0,0,14.00003,100,0.2208869,7.085594,3.894939,5,15.49395
9/8/2007 1:00:00 PM,1.125316,75.30958,76.73296,15.32276,1.123243,5.041113,1.524355,1.524355,0,0,0,1.524355,330.7046,3.436528,0,0,5.041113,1.604584,1.524355,0,0,0,10.62527,0,0,0,14.00003,100,0.2208869,1.676791,4.03289,0,15.66639
9/8/2007 2:00:00 PM,1.017474,60.66359,84.96073,29.80697,1.013954,4.550627,1.454841,1.454841,0,-1,0,1.454841,312.7921,3.019216,0,0,4.550627,1.531411,1.454841,0,0,0,10.62527,0,0,0,14.00003,100,0.2208869,1.600325,3.640501,0,15.1759
9/8/2007 3:00:00 PM,0.7965335,45.87334,88.46875,44.61657,0.7909912,3.549969,0.9524248,0.9524248,0,-1,0,0.9524248,372.7296,2.547416,0,0,3.549969,1.002552,0.9524248,0,0,0,10.62527,0,0,0,14.00003,100,0.2208869,1.047667,2.839975,0,14.17524
9/8/2007 4:00:00 PM,0.4344988,31.05997,90.89815,59.50722,0.4289649,1.925195,0.5979927,0.5979927,0,-1,0,0.5979927,321.9428,1.295728,0,0,1.925195,0.6294661,0.5979927,0,0,0,10.62527,0,0,0,14.00003,100,0.2208869,0.657792,1.540156,0,12.55047
9/8/2007 5:00:00 PM,0.2284348,16.25498,93.03803,74.42769,0.2215868,0.9944814,0,0,0,-1,0,0,0,0.9944814,0,0,0.9944814,0,0,0,0,0,10.62527,0,0,0,14.00003,100,0.2208869,0,0.7955852,0,11.61976
9/8/2007 6:00:00 PM,0.0411651,1.479529,95.23442,89.35928,0.02189567,0.09826778,3.683805,3.33,0,-1,0,3.33,2.950984,0,0.3538047,0.7221852,0.09826778,3.505263,3.33,0,0,0,10.62527,0,3.406995,-3.406995,10.40874,74.34799,0.2208869,4.052185,0.07861422,0,10.72354
9/8/2007 7:00:00 PM,0,0,97.77219,90,0,0,0,0,0,-1,0,0,0,0,0,0,0,0,0,0,0,3.78555,7.218279,0,0,0,10.40874,74.34799,0.2208869,0,0,0,7.218279
9/8/2007 8:00:00 PM,0,0,101.0492,90,0,0,0,0,0,-1,0,0,0,0,0,0,0,0,0,0,0,3.78555,7.218279,0,0,0,10.40874,74.34799,0.2208869,0,0,0,7.218279
9/8/2007 9:00:00 PM,0,0,105.8449,90,0,0,6.891951,3.33,0,-1,0,3.33,0,0,3.561951,4.251146,0,3.505263,3.33,0,0,3.78555,7.218279,0,3.505263,-3.505263,6.713868,47.9561,0.2208869,7.581146,0,0,7.218279
9/8/2007 10:00:00 PM,0,0,114.1185,90,0,0,1.032684,1.032684,0,-1,0,1.032684,0,0,0,0,0,1.087036,1.032684,0,0,7.680287,3.713016,0,1.087036,-1.087036,5.568031,39.77157,0.2208869,1.135953,0,0,3.713016
9/8/2007 11:00:00 PM,0,0,132.1719,90,0,0,0.2240633,0.2240633,0,-1,0,0.2240633,0,0,2.775558E-17,0,0,0.2358561,0.2240633,0,0,8.888105,2.62598,0,0.2358561,-0.2358561,5.319417,37.99576,0.2208869,0.2464696,0,0,2.62598
9/9/2007 12:00:00 AM,0,0,177.7196,90,0,0,0.3544389,0.3544389,0,-1,0,0.3544389,0,0,0,0,0,0.3730936,0.3544389,0,0,9.150167,2.390124,0,0.3730936,-0.3730936,4.926142,35.18666,0.2208869,0.3898828,0,0,2.390124
9/9/2007 1:00:00 AM,0,0,-133.6901,90,0,0,0.7806649,0.7806649,0,-1,0,0.7806649,0,0,1.110223E-16,0,0,0.8217525,0.7806649,0,0,9.564715,2.01703,0,0.8217525,-0.8217525,4.059938,28.9995,0.2208869,0.8587314,0,0,2.01703
9/9/2007 2:00:00 AM,0,0,-114.4013,90,0,0,0,0,0,-1,0,0,0,0,0,0,0,0,0,0,0,10.47777,1.195277,0,0,0,4.059938,28.9995,0.2208869,0,0,0,1.195277
9/9/2007 3:00:00 AM,0,0,-105.8208,90,0,0,0,0,0,-1,0,0,0,0,0,0,0,0,0,0,0,10.47777,1.195277,0,0,0,4.059938,28.9995,0.2208869,0,0,0,1.195277
9/9/2007 4:00:00 AM,0,0,-100.9239,90,0,0,1.515037,1.135514,0,-1,0,1.135514,0,0,0.3795239,0.5310277,0,1.195277,1.135514,0,0,10.47777,1.195277,0,1.195277,-1.195277,2.800006,20,0.2208869,1.666541,0,0,1.195277
9/9/2007 5:00:00 AM,0,0,-97.60092,90,0,0,0.7337545,0.7337545,4.239017,0,1.322252,0.7337545,0,0,0,0,0,0,0,3.505263,3.33,11.80586,0,3.33,0,3.33,5.959121,42.56506,0.2209392,0.8071299,0,5,0
9/9/2007 6:00:00 AM,0.02547733,0.2376757,-95.03206,90.55422,0.01048861,0.04707287,0.4117559,0.4117559,3.917019,0,1.234346,0.4117559,11.43223,0,0,0,0.04707287,0,0,3.505263,3.33,8.475861,2.997,3.377073,0,3.377073,9.162893,65.44911,0.2209585,0.4529315,0.0376583,5,3.044073
9/9/2007 7:00:00 AM,0.1711288,15.01704,-92.80436,75.61269,0.1677527,0.752874,0,0,3.505263,0,1.121937,0,0,0,0,0,0.752874,0,0,3.505263,3.33,5.098787,6.036366,4.082874,0,4.082874,13.03625,93.11587,0.2208919,0,0.6022992,5,6.789239
9/9/2007 8:00:00 AM,0.4012103,29.8241,-90.62422,60.67989,0.3966593,1.780207,3.654546,3.654546,2.928467,0,0.9644715,3.654546,48.71212,2.220446E-16,0,0,1.780207,0.7642934,0.7260787,0,0,1.015913,9.710952,1.015913,0,1.015913,14.00003,100,0.2209128,4.02,1.424165,5,11.49116
9/9/2007 9:00:00 AM,0.6576753,44.63685,-88.13793,45.77093,0.6538489,2.934474,1.67754,1.67754,0,-1,0,1.67754,174.9272,1.168642,0,0,2.934474,1.765832,1.67754,0,0,0,10.62527,0,0,0,14.00003,100,0.2209128,1.845294,2.347579,0,13.55975
9/9/2007 10:00:00 AM,0.7287038,59.42152,-84.55815,30.92598,0.7266125,3.261037,3.339221,3.339221,1.25,0,0.50625,3.339221,97.65861,1.061857,0,0,3.261037,2.19918,2.089221,0,0,0,10.62527,0,0,0,14.00003,100,0.2209128,3.673143,2.608829,5,13.88631
9/9/2007 11:00:00 AM,0.7114328,74.05305,-76.48566,16.32682,0.7097815,3.185499,1.535046,1.535046,0,0,0,1.535046,207.5182,1.569662,0,0,3.185499,1.615838,1.535046,0,0,0,10.62527,0,0,0,14.00003,100,0.2209128,1.68855,2.548399,0,13.81077
9/9/2007 12:00:00 PM,0.7763062,85.95276,-7.858023,5.052896,0.7749971,3.478187,3.903423,3.903423,1.25,0,0.50625,3.903423,89.10606,0.6851098,0,0,3.478187,2.793077,2.653423,0,0,0,10.62527,0,0,0,14.00003,100,0.2209128,4.293766,2.78255,5,14.10346
9/9/2007 1:00:00 PM,0.7705335,75.11641,75.34407,15.27581,0.7691156,3.451791,0,0,0,0,0,0,0,3.451791,0,0,3.451791,0,0,0,0,0,10.62527,0,0,0,14.00003,100,0.2209128,0,2.761433,0,14.07707
9/9/2007 2:00:00 PM,0.7874407,60.51253,84.19842,29.83272,0.7854356,3.525035,2.244066,2.244066,0,-1,0,2.244066,157.0825,1.16286,0,0,3.525035,2.362175,2.244066,0,0,0,10.62527,0,0,0,14.00003,100,0.2209128,2.468473,2.820028,0,14.15031
9/9/2007 3:00:00 PM,0.7595341,45.73249,87.92608,44.66939,0.7553116,3.389839,1.015217,1.015217,0,-1,0,1.015217,333.9029,2.321189,0,0,3.389839,1.068649,1.015217,0,0,0,10.62527,0,0,0,14.00003,100,0.2209128,1.116739,2.711871,0,14.01511
9/9/2007 4:00:00 PM,0.5315618,30.92033,90.45631,59.57554,0.5248075,2.355336,3.13947,3.13947,0,-1,0,3.13947,75.02337,0,0,0.1234168,2.355336,3.304705,3.13947,0,0,0,10.62527,0,0.949369,-0.949369,12.99931,92.852,0.2209128,3.453417,1.884269,0,12.98061
9/9/2007 5:00:00 PM,0.2185857,16.11209,92.64491,74.50724,0.2129231,0.955599,3.155519,3.155519,0,-1,0,3.155519,30.28342,0,4.440892E-16,0.1410703,0.955599,3.321598,3.155519,0,0,1.054854,9.675905,0,2.365999,-2.365999,10.50532,75.03787,0.2209128,3.47107,0.7644792,0,10.6315
9/9/2007 6:00:00 PM,0.02868269,1.329879,94.85938,89.44846,0.02212287,0.09928744,1.132001,1.132001,0,-1,0,1.132001,8.77097,0,2.220446E-16,0,0.09928744,1.19158,1.132001,0,0,3.683743,7.309906,0,1.092292,-1.092292,9.353946,66.81377,0.2209128,1.245201,0.07942995,0,7.409194
9/9/2007 7:00:00 PM,0,0,97.39145,90,0,0,4.859964,3.33,0,-1,0,3.33,0,0,1.529964,2.015961,0,3.505263,3.33,0,0,4.8974,6.217614,0,3.505263,-3.505263,5.659074,40.42188,0.2209128,5.345961,0,0,6.217614
9/9/2007 8:00:00 PM,0,0,100.6382,90,0,0,1.296666,1.296666,0,-1,0,1.296666,0,0,2.220446E-16,0,0,1.364912,1.296666,0,0,8.792137,2.712351,0,1.364912,-1.364912,4.220331,30.14516,0.2209128,1.426333,0,0,2.712351
9/9/2007 9:00:00 PM,0,0,105.3719,90,0,0,0,0,0,-1,0,0,0,0,0,0,0,0,0,0,0,10.30871,1.347439,0,0,0,4.220331,30.14516,0.2209128,0,0,0,1.347439
9/9/2007 10:00:00 PM,0,0,113.5423,90,0,0,0.08166686,0.08166686,0,-1,0,0.08166686,0,0,0,0,0,0.08596512,0.08166686,0,0,10.30871,1.347439,0,0.08596512,-0.08596512,4.129716,29.49791,0.2209128,0.08983355,0,0,1.347439
9/9/2007 11:00:00 PM,0,0,131.5313,90,0,0,0.01507891,0.01507891,0,-1,0,0.01507891,0,0,0,0,0,0.01587253,0.01507891,0,0,10.40422,1.261474,0,0.01587253,-0.01587253,4.112985,29.3784,0.2209128,0.0165868,0,0,1.261474
9/10/2007 12:00:00 AM,0,0,178.0374,90,0,0,1.108687,1.108687,0,-1,0,1.108687,0,0,2.220446E-16,0.03623416,0,1.167039,1.108687,0,0,10.42186,1.245601,0,1.167039,-1.167039,2.882818,20.59151,0.2209128,1.219555,0,0,1.245601
9/10/2007 1:00:00 AM,0,0,-132.672,90,0,0,0.5099218,0.07463451,0,-1,0,0.07463451,0,0,0.4352874,0.4862795,0,0.07856264,0.07463451,0,0,11.71857,0.07856264,0,0.07856264,-0.07856264,2.800006,20,0.2209128,0.560914,0,0,0.07856264
9/10/2007 2:00:00 AM,0,0,-113.6638,90,0,0,0.2370688,0,0,-1,0,0,0,0,0.2370688,0.2607757,0,0,0,0,0,11.80586,0,0,0,0,2.800006,20,0.2209128,0.2607757,0,0,0
9/10/2007 3:00:00 AM,0,0,-105.2632,90,0,0,0.5214566,0,0,-1,0,0,0,0,0.5214566,0.5736023,0,0,0,0,0,11.80586,0,0,0,0,2.800006,20,0.2209128,0.5736023,0,0,0
9/10/2007 4:00:00 AM,0,0,-100.46,90,0,0,0.4889066,0,0,-1,0,0,0,0,0.4889066,0.5377973,0,0,0,0,0,11.80586,0,0,0,0,2.800006,20,0.2209128,0.5377973,0,0,0
9/10/2007 5:00:00 AM,0,0,-97.18263,90,0,0,1.003364,1.003364,4.508627,0,1.395855,1.003364,0,4.440892E-16,0,0,0,0,0,3.505263,3.33,11.80586,0,3.33,0,3.33,5.959121,42.56506,0.2209898,1.1037,0,5,0
9/10/2007 6:00:00 AM,0.0156674,0.2651277,-94.62765,90.46384,0.01393649,0.06254698,1.176211,1.176211,4.681474,0,1.443042,1.176211,5.317668,0,0,0,0.06254698,0,0,3.505263,3.33,8.475861,2.997,3.392547,0,3.392547,9.177573,65.55396,0.2210785,1.293832,0.05003758,5,3.059547
9/10/2007 7:00:00 AM,0.1747561,15.0513,-92.38616,75.51349,0.1715054,0.7697161,0,0,3.505263,0,1.121937,0,0,0,0,0,0.7697161,0,0,3.505263,3.33,5.083313,6.050292,4.099716,0,4.099716,13.06691,93.33485,0.2210109,0,0.6157729,5,6.820008
9/10/2007 8:00:00 AM,0.4584996,29.86129,-90.15889,60.57059,0.4534938,2.03528,1.424593,1.424593,0,0,0,1.424593,142.8675,0,0,0,2.03528,1.499572,1.424593,0,0,0.9835971,9.740037,0.5357088,0,0.5357088,13.57512,96.96497,0.2209749,1.567052,1.628224,0,11.77532
9/10/2007 9:00:00 AM,0.7699457,44.67204,-87.57028,45.64809,0.7665333,3.440202,6.787612,3.33,0,-1,0,3.33,103.3094,0,3.457612,4.136374,3.440202,3.505263,3.33,0,0,0.4478883,10.22217,0,0.06506167,-0.06506167,13.50654,96.47511,0.2209749,7.466373,2.752161,0,13.66238
9/10/2007 10:00:00 AM,0.9015319,59.44491,-83.76243,30.78047,0.9003676,4.04085,3.583034,3.583034,1.25,0,0.50625,3.583034,112.7773,1.064845,0,0,4.04085,2.455825,2.333034,0,0,0.520179,10.15711,0.520179,0,0.520179,14.00003,100,0.2209399,3.941337,3.23268,5,14.19796
9/10/2007 11:00:00 AM,1.061422,74.03028,-75.01369,16.12555,1.061633,4.764611,4.607435,4.607435,1.277435,0,0.5137399,4.607435,103.4113,1.259348,0,0,4.764611,3.505263,3.33,0,0,0,10.62527,0,0,0,14.00003,100,0.2209399,5.068179,3.811689,5,15.38988
9/10/2007 12:00:00 PM,0.9316467,85.57129,-6.001835,4.650483,0.931892,4.182332,0,0,0,0,0,0,0,4.182332,0,0,4.182332,0,0,0,0,0,10.62527,0,0,0,14.00003,100,0.2209399,0,3.345865,0,14.80761
9/10/2007 1:00:00 PM,0.7321813,74.91373,73.98644,15.23965,0.731124,3.281285,2.137346,2.137346,0,0,0,2.137346,153.5215,1.031447,0,0,3.281285,2.249837,2.137346,0,0,0,10.62527,0,0,0,14.00003,100,0.2209399,2.35108,2.625028,0,13.90656
9/10/2007 2:00:00 PM,0.7336763,60.35596,83.4407,29.86416,0.732356,3.286813,2.209479,2.209479,0,-1,0,2.209479,148.7597,0.9610461,0,0,3.286813,2.325767,2.209479,0,0,0,10.62527,0,0,0,14.00003,100,0.2209399,2.430427,2.629451,0,13.91209
9/10/2007 3:00:00 PM,0.4290805,45.58791,87.38427,44.72588,0.4271328,1.916972,0.7742385,0.7742385,0,-1,0,0.7742385,247.5945,1.101984,0,0,1.916972,0.8149879,0.7742385,0,0,0,10.62527,0,0,0,14.00003,100,0.2209399,0.8516624,1.533577,0,12.54225
9/10/2007 4:00:00 PM,0.376594,30.77805,90.01422,59.64638,0.373419,1.675904,1.547092,1.547092,0,-1,0,1.547092,108.3261,0.04738596,0,0,1.675904,1.628518,1.547092,0,0,0,10.62527,0,0,0,14.00003,100,0.2209399,1.701802,1.340723,0,12.30118
9/10/2007 5:00:00 PM,0.1525046,15.96731,92.25098,74.58849,0.1507656,0.676636,0.0006098667,0.0006098667,0,-1,0,0.0006098667,110948.2,0.6759941,0,0,0.676636,0.000641965,0.0006098667,0,0,0,10.62527,0,0,0,14.00003,100,0.2209399,0.0006708534,0.5413088,0,11.30191
9/10/2007 6:00:00 PM,0.0245503,1.17899,94.48309,89.53862,0.02064189,0.09264079,2.911917,2.911917,0,-1,0,2.911917,3.181437,0,4.440892E-16,0,0.09264079,3.065176,2.911917,0,0,0,10.62527,0,2.972535,-2.972535,10.8667,77.61914,0.2209399,3.203109,0.07411263,0,10.71791
9/10/2007 7:00:00 PM,0,0,97.00889,90,0,0,3.498831,3.33,0,-1,0,3.33,0,0,0.1688313,0.5187144,0,3.505263,3.33,0,0,3.302817,7.652739,0,3.505263,-3.505263,7.171829,51.22725,0.2209399,3.848714,0,0,7.652739
9/10/2007 8:00:00 PM,0,0,100.2245,90,0,0,2.822875,2.822875,0,-1,0,2.822875,0,0,4.440892E-16,0,0,2.971447,2.822875,0,0,7.197554,4.147476,0,2.971447,-2.971447,4.039649,28.85458,0.2209399,3.105162,0,0,4.147476
9/10/2007 9:00:00 PM,0,0,104.8944,90,0,0,0.8261629,0.8261629,0,-1,0,0.8261629,0,0,1.110223E-16,0,0,0.8696452,0.8261629,0,0,10.49916,1.176029,0,0.8696452,-0.8696452,3.122962,22.30683,0.2209399,0.9087793,0,0,1.176029
9/10/2007 10:00:00 PM,0,0,112.9568,90,0,0,0,0,0,-1,0,0,0,0,0,0,0,0,0,0,0,11.46543,0.3063835,0,0,0,3.122962,22.30683,0.2209399,0,0,0,0.3063835
9/10/2007 11:00:00 PM,0,0,130.8697,90,0,0,0.4382311,0.2910643,0,-1,0,0.2910643,0,0,0.1471668,0.1909899,0,0.3063835,0.2910643,0,0,11.46543,0.3063835,0,0.3063835,-0.3063835,2.800006,20,0.2209399,0.4820542,0,0,0.3063835
9/11/2007 12:00:00 AM,0,0,178.3776,90,0,0,0.03992096,0,0,-1,0,0,0,0,0.03992096,0.04391306,0,0,0,0,0,11.80586,0,0,0,0,2.800006,20,0.2209399,0.04391306,0,0,0
9/11/2007 1:00:00 AM,0,0,-131.629,90,0,0,1.460823,0,0,-1,0,0,0,0,1.460823,1.606905,0,0,0,0,0,11.80586,0,0,0,0,2.800006,20,0.2209399,1.606905,0,0,0
9/11/2007 2:00:00 AM,0,0,-112.9199,90,0,0,0.8337755,0,0,-1,0,0,0,0,0.8337755,0.917153,0,0,0,0,0,11.80586,0,0,0,0,2.800006,20,0.2209399,0.917153,0,0,0
9/11/2007 3:00:00 AM,0,0,-104.7029,90,0,0,0.6668977,0,0,-1,0,0,0,0,0.6668977,0.7335874,0,0,0,0,0,11.80586,0,0,0,0,2.800006,20,0.2209399,0.7335874,0,0,0
9/11/2007 4:00:00 AM,0,0,-99.99429,90,0,0,0.3705715,0,0,-1,0,0,0,0,0.3705715,0.4076286,0,0,0,0,0,11.80586,0,0,0,0,2.800006,20,0.2209399,0.4076286,0,0,0
9/11/2007 5:00:00 AM,0,0,-96.76286,90,0,0,0.1037254,0.1037254,3.608989,0,1.150254,0.1037254,0,0,0,0,0,0,0,3.505263,3.33,11.80586,0,3.33,0,3.33,5.959121,42.56506,0.2209338,0.114098,0,5,0
9/11/2007 6:00:00 AM,0.02319021,0.2932068,-94.22177,90.37258,0.01305313,0.05858246,0.2412419,0.2412419,3.746505,0,1.187796,0.2412419,24.2837,0,0,0,0.05858246,0,0,3.505263,3.33,8.475861,2.997,3.388582,0,3.388582,9.173813,65.5271,0.2209364,0.265366,0.04686597,5,3.055583
9/11/2007 7:00:00 AM,0.2066643,15.08545,-91.96632,75.41408,0.2019654,0.9064208,5.062017,5.062017,5,0,1.53,5.062017,17.90631,0,0,0,0.9064208,0.06528151,0.06201744,0,0,5.087278,6.046724,0.8411393,0,0.8411393,9.971787,71.22691,0.2209536,5.568219,0.7251366,5,6.953145
9/11/2007 8:00:00 AM,0.4008602,29.89752,-89.69154,60.46188,0.3975863,1.784367,3.562062,3.562062,5,0,1.53,3.562062,50.09367,0,0,0,1.784367,0,0,1.437938,1.366041,4.246139,6.80375,3.150409,0,3.150409,12.96053,92.57501,0.2210306,3.918268,1.427494,5,8.588117
9/11/2007 9:00:00 AM,0.717476,44.70507,-86.9999,45.52685,0.7153456,3.210471,0,0,0,-1,0,0,0,2.114741,0,0,3.210471,0,0,0,0,1.09573,9.639117,1.09573,0,1.09573,14.00003,100,0.2209573,0,2.568377,0,12.84959
9/11/2007 10:00:00 AM,0.7867625,59.46406,-82.96278,30.63814,0.7863731,3.529243,2.006305,2.006305,0,0,0,2.006305,175.9076,1.417343,0,0,3.529243,2.1119,2.006305,0,0,0,10.62527,0,0,0,14.00003,100,0.2209573,2.206935,2.823394,0,14.15452
9/11/2007 11:00:00 AM,1.043025,73.99795,-73.54102,15.93066,1.044346,4.687023,4.768701,4.768701,1.438701,0,0.5577654,4.768701,98.2872,1.18176,0,0,4.687023,3.505263,3.33,0,0,0,10.62527,0,0,0,14.00003,100,0.2209573,5.245571,3.749619,5,15.3123
9/11/2007 12:00:00 PM,1.143774,85.18464,-4.429368,4.247197,1.145735,5.142057,0.4708224,0.4708224,0,0,0,0.4708224,1092.144,4.646455,0,0,5.142057,0.4956025,0.4708224,0,0,0,10.62527,0,0,0,14.00003,100,0.2209573,0.5179046,4.113646,0,15.76733
9/11/2007 1:00:00 PM,1.025264,74.70191,72.66086,15.21442,1.02659,4.607334,1.064701,1.064701,0,0,0,1.064701,432.7349,3.486596,0,0,4.607334,1.120738,1.064701,0,0,0,10.62527,0,0,0,14.00003,100,0.2209573,1.171171,3.685867,0,15.23261
9/11/2007 2:00:00 PM,0.9278148,60.19402,82.68797,29.90123,0.9278331,4.164115,4.264224,3.33,0,-1,0,3.33,125.0485,0.6588521,0.9342237,1.360646,4.164115,3.505263,3.33,0,0,0,10.62527,0,0,0,14.00003,100,0.2209573,4.690646,3.331292,0,14.78939
9/11/2007 3:00:00 PM,0.4989075,45.43973,86.84354,44.78596,0.4970904,2.230942,3.706534,3.33,0,-1,0,3.33,66.99525,0,0.376534,0.7471874,2.230942,3.505263,3.33,0,0,0,10.62527,0,1.274321,-1.274321,12.65678,90.40536,0.2209573,4.077188,1.784753,0,12.85622
9/11/2007 4:00:00 PM,0.4206646,30.63323,89.57203,59.71964,0.4173119,1.872896,2.354631,2.354631,0,-1,0,2.354631,79.54096,0,0,0,1.872896,2.478559,2.354631,0,0,1.415913,9.350953,0,0.6056626,-0.6056626,12.01835,85.84519,0.2209573,2.590094,1.498317,0,11.22385
9/11/2007 5:00:00 PM,0.2041795,15.82077,91.85635,74.67132,0.2002354,0.8986565,3.733766,3.33,0,-1,0,3.33,26.98668,0,0.4037662,0.7771428,0.8986565,3.505263,3.33,0,0,2.088871,8.745291,0,2.606607,-2.606607,9.270746,66.21948,0.2209573,4.107143,0.7189252,0,9.643947
9/11/2007 6:00:00 PM,0.03259401,1.026987,94.10564,89.62967,0.01891711,0.0849,0.6401983,0.6401983,0,-1,0,0.6401983,13.26152,0,1.110223E-16,0,0.0849,0.673893,0.6401983,0,0,4.985101,6.138684,0,0.588993,-0.588993,8.649893,61.78483,0.2209573,0.7042181,0.06792,0,6.223584
9/11/2007 7:00:00 PM,0,0,96.6246,90,0,0,0.009634997,0.009634997,0,-1,0,0.009634997,0,0,0,0,0,0.0101421,0.009634997,0,0,5.639537,5.549691,0,0.0101421,-0.0101421,8.639202,61.70847,0.2209573,0.0105985,0,0,5.549691
9/11/2007 8:00:00 PM,0,0,99.80814,90,0,0,4.867661,3.33,0,-1,0,3.33,0,0,1.537661,2.024427,0,3.505263,3.33,0,0,5.650806,5.539548,0,3.505263,-3.505263,4.944331,35.31658,0.2209573,5.354427,0,0,5.539548
9/11/2007 9:00:00 PM,0,0,104.4123,90,0,0,2.516689,1.932571,0,-1,0,1.932571,0,0,0.5841175,0.8357863,0,2.034285,1.932571,0,0,9.545543,2.034285,0,2.034285,-2.034285,2.800006,20,0.2209573,2.768358,0,0,2.034285
9/11/2007 10:00:00 PM,0,0,112.3621,90,0,0,0.5341953,0,0,-1,0,0,0,0,0.5341953,0.5876148,0,0,0,0,0,11.80586,0,0,0,0,2.800006,20,0.2209573,0.5876148,0,0,0
9/11/2007 11:00:00 PM,0,0,130.1862,90,0,0,1.039628,0,0,-1,0,0,0,0,1.039628,1.14359,0,0,0,0,0,11.80586,0,0,0,0,2.800006,20,0.2209573,1.14359,0,0,0
9/12/2007 12:00:00 AM,0,0,178.7419,90,0,0,0.6112172,0,0,-1,0,0,0,0,0.6112172,0.6723389,0,0,0,0,0,11.80586,0,0,0,0,2.800006,20,0.2209573,0.6723389,0,0,0
9/12/2007 1:00:00 AM,0,0,-130.5612,90,0,0,1.006637,0,0,-1,0,0,0,0,1.006637,1.107301,0,0,0,0,0,11.80586,0,0,0,0,2.800006,20,0.2209573,1.107301,0,0,0
9/12/2007 2:00:00 AM,0,0,-112.1701,90,0,0,1.050668,0,0,-1,0,0,0,0,1.050668,1.155735,0,0,0,0,0,11.80586,0,0,0,0,2.800006,20,0.2209573,1.155735,0,0,0
9/12/2007 3:00:00 AM,0,0,-104.1402,90,0,0,1.04117,0,0,-1,0,0,0,0,1.04117,1.145286,0,0,0,0,0,11.80586,0,0,0,0,2.800006,20,0.2209573,1.145286,0,0,0
9/12/2007 4:00:00 AM,0,0,-99.52705,90,0,0,0.6225882,0,0,-1,0,0,0,0,0.6225882,0.684847,0,0,0,0,0,11.80586,0,0,0,0,2.800006,20,0.2209573,0.684847,0,0,0
9/12/2007 5:00:00 AM,0,0,-96.34177,90,0,0,0.3969694,0.3969694,3.902233,0,1.230309,0.3969694,0,0,0,0,0,0,0,3.505263,3.33,11.80586,0,3.33,0,3.33,5.959121,42.56506,0.2209781,0.4366664,0,5,0
9/12/2007 6:00:00 AM,0.02389353,0.3218276,-93.81454,90.28054,0.01277824,0.05734874,1.001325,1.001325,4.506588,0,1.395299,1.001325,5.727285,0,0,0,0.05734874,0,0,3.505263,3.33,8.475861,2.997,3.387349,0,3.387349,9.172642,65.51874,0.2210504,1.101457,0.045879,5,3.054349
9/12/2007 7:00:00 AM,0.205347,15.11941,-91.54495,75.31461,0.2013421,0.9036233,0.4990253,0.4990253,4.004289,0,1.258171,0.4990253,181.0776,4.440892E-16,0,0,0.9036233,0,0,3.505263,3.33,5.088511,6.045614,4.233624,0,4.233624,13.18901,94.20702,0.2210201,0.5489278,0.7228986,5,6.949237
9/12/2007 8:00:00 AM,0.3540287,29.93268,-89.22231,60.35388,0.3518621,1.579157,3.715424,3.715424,3.027368,0,0.9914715,3.715424,42.50275,0,0,0,1.579157,0.724269,0.6880556,0,0,0.8548882,9.855875,0.8548882,0,0.8548882,14.00003,100,0.2210374,4.086966,1.263326,5,11.43503
9/12/2007 9:00:00 AM,0.5739771,44.73582,-86.42702,45.40736,0.5727069,2.570309,4.470059,3.33,0,-1,0,3.33,77.18645,0,1.140059,1.587065,2.570309,3.505263,3.33,0,0,0,10.62527,0,0.9349545,-0.9349545,13.0145,92.96053,0.2210374,4.917065,2.056247,0,13.19558
9/12/2007 10:00:00 AM,0.7401416,59.47882,-82.15965,30.49922,0.7402765,3.322361,4.156281,4.156281,1.986935,0,0.7074332,4.156281,79.93591,0,0,0,3.322361,2.283522,2.169346,0,0,1.038838,9.69032,1.038838,0,1.038838,14.00003,100,0.2210356,4.571909,2.657888,5,13.01268
9/12/2007 11:00:00 AM,0.9718683,73.95592,-72.0699,15.74262,0.9740306,4.371449,8.294779,8.294779,4.964779,0,1.520385,8.294779,52.70122,0.8661862,0,0.7942568,4.371449,3.505263,3.33,0,0,0,10.62527,0,0,0,14.00003,100,0.2210356,9.124257,3.497159,5,14.99672
9/12/2007 12:00:00 PM,0.9361199,84.79372,-3.081892,3.843369,0.9381971,4.210629,4.331702,4.331702,1.25,0,0.50625,4.331702,97.20493,0.9667313,0,0,4.210629,3.243897,3.081702,0,0,0,10.62527,0,0,0,14.00003,100,0.2210356,4.764873,3.368503,5,14.8359
9/12/2007 1:00:00 PM,0.6901689,74.48137,71.3679,15.20021,0.6897047,3.095395,2.1708,2.1708,0,0,0,2.1708,142.5923,0.810342,0,0,3.095395,2.285053,2.1708,0,0,0,10.62527,0,0,0,14.00003,100,0.2210356,2.38788,2.476316,0,13.72067
9/12/2007 2:00:00 PM,0.7837461,60.02687,81.9406,29.94389,0.7842138,3.519552,2.386357,2.386357,0,-1,0,2.386357,147.4864,1.007597,0,0,3.519552,2.511955,2.386357,0,0,0,10.62527,0,0,0,14.00003,100,0.2210356,2.624993,2.815641,0,14.14483
9/12/2007 3:00:00 PM,0.7790827,45.28807,86.30411,44.84956,0.7780544,3.491908,0.6958744,0.6958744,0,-1,0,0.6958744,501.8015,2.759409,0,0,3.491908,0.7324994,0.6958744,0,0,0,10.62527,0,0,0,14.00003,100,0.2210356,0.7654619,2.793527,0,14.11718
9/12/2007 4:00:00 PM,0.5105314,30.48598,89.12987,59.79525,0.5069982,2.275408,0.4946105,0.4946105,0,-1,0,0.4946105,460.0404,1.754765,0,0,2.275408,0.5206426,0.4946105,0,0,0,10.62527,0,0,0,14.00003,100,0.2210356,0.5440716,1.820326,0,12.90068
9/12/2007 5:00:00 PM,0.2028114,15.67258,91.46114,74.75565,0.19933,0.8945931,4.171205,3.33,0,-1,0,3.33,26.86466,0,0.8412048,1.258325,0.8945931,3.505263,3.33,0,0,0,10.62527,0,2.61067,-2.61067,11.24814,80.3437,0.2210356,4.588325,0.7156745,0,11.51987
9/12/2007 6:00:00 PM,0.02621319,0.8739946,93.72711,89.7215,0.01892669,0.08494299,5.310497,3.33,0,-1,0,3.33,2.550841,4.440892E-16,1.980497,2.511547,0.08494299,3.505263,3.33,0,0,2.900744,8.014605,0,3.42032,-3.42032,7.642806,54.59136,0.2210356,5.841547,0.06795439,0,8.099547
9/12/2007 7:00:00 PM,0,0,96.23866,90,0,0,7.369931,3.33,0,-1,0,3.33,0,0,4.039931,4.776924,0,3.505263,3.33,0,0,6.7011,4.594284,0,3.505263,-3.505263,3.947934,28.19947,0.2210356,8.106924,0,0,4.594284
9/12/2007 8:00:00 PM,0,0,99.38918,90,0,0,5.760182,1.03457,0,-1,0,1.03457,0,0,4.725613,5.301631,0,1.089021,1.03457,0,0,10.59584,1.089021,0,1.089021,-1.089021,2.800006,20,0.2210356,6.336201,0,0,1.089021
9/12/2007 9:00:00 PM,0,0,103.9257,90,0,0,8.938394,0,0,-1,0,0,0,0,8.938394,9.832233,0,0,0,0,0,11.80586,0,0,0,0,2.800006,20,0.2210356,9.832233,0,0,0
9/12/2007 10:00:00 PM,0,0,111.758,90,0,0,1.019343,0,0,-1,0,0,0,0,1.019343,1.121277,0,0,0,0,0,11.80586,0,0,0,0,2.800006,20,0.2210356,1.121277,0,0,0
9/12/2007 11:00:00 PM,0,0,129.4799,90,0,0,1.534657,0,0,-1,0,0,0,0,1.534657,1.688123,0,0,0,0,0,11.80586,0,0,0,0,2.800006,20,0.2210356,1.688123,0,0,0
9/13/2007 12:00:00 AM,0,0,179.132,90,0,0,0,0,0,-1,0,0,0,0,0,0,0,0,0,0,0,11.80586,0,0,0,0,2.800006,20,0.2210356,0,0,0,0
9/13/2007 1:00:00 AM,0,0,-129.469,90,0,0,0.8993253,0,0,-1,0,0,0,0,0.8993253,0.9892578,0,0,0,0,0,11.80586,0,0,0,0,2.800006,20,0.2210356,0.9892578,0,0,0
9/13/2007 2:00:00 AM,0,0,-111.4148,90,0,0,0.8097582,0,0,-1,0,0,0,0,0.8097582,0.890734,0,0,0,0,0,11.80586,0,0,0,0,2.800006,20,0.2210356,0.890734,0,0,0
9/13/2007 3:00:00 AM,0,0,-103.5753,90,0,0,0.2767836,0,0,-1,0,0,0,0,0.2767836,0.304462,0,0,0,0,0,11.80586,0,0,0,0,2.800006,20,0.2210356,0.304462,0,0,0
9/13/2007 4:00:00 AM,0,0,-99.05844,90,0,0,1.681653,0,0,-1,0,0,0,0,1.681653,1.849818,0,0,0,0,0,11.80586,0,0,0,0,2.800006,20,0.2210356,1.849818,0,0,0
9/13/2007 5:00:00 AM,0,0,-95.91948,90,0,0,0.8370449,0.8370449,4.342308,0,1.35045,0.8370449,0,0,0,0,0,0,0,3.505263,3.33,11.80586,0,3.33,0,3.33,5.959121,42.56506,0.2210965,0.9207494,0,5,0
9/13/2007 6:00:00 AM,0.02915122,0.3509029,-93.40611,90.18784,0.007867984,0.03531151,0,0,3.505263,0,1.121937,0,0,0,0,0,0.03531151,0,0,3.505263,3.33,8.475861,2.997,3.365312,0,3.365312,9.151736,65.36941,0.2210784,0,0.02824921,5,3.032311
9/13/2007 7:00:00 AM,0.2329347,15.15307,-91.12221,75.21517,0.2284055,1.025084,6.176576,6.176576,5,0,1.53,6.176576,16.59631,0,0,0,1.025084,1.238501,1.176576,0,0,5.110548,6.02578,0,0.2134172,-0.2134172,8.926774,63.76255,0.2210784,6.794233,0.8200669,5,7.050864
9/13/2007 8:00:00 AM,0.4784994,29.96665,-88.75137,60.24673,0.4760331,2.136436,0.1604363,0.1604363,3.540692,0,1.131609,0.1604363,1331.641,4.440892E-16,0,0,2.136436,0,0,3.380255,3.211242,5.347679,5.812363,5.347679,0,5.347679,14.00003,100,0.2209319,0.17648,1.709149,5,7.9488
9/13/2007 9:00:00 AM,0.7253326,44.76416,-85.85184,45.28977,0.7253204,3.255238,5.616192,3.33,0,-1,0,3.33,97.75489,0,2.286192,2.847811,3.255238,3.505263,3.33,0,0,0,10.62527,0,0.2500253,-0.2500253,13.73648,98.11751,0.2209319,6.177811,2.60419,0,13.88051
9/13/2007 10:00:00 AM,0.8937053,59.48906,-81.35352,30.36392,0.8957614,4.020177,0,0,0,0,0,0,0,3.742372,0,0,4.020177,0,0,0,0,0.2778059,10.37525,0.2778059,0,0.2778059,14.00003,100,0.2209134,0,3.216142,0,14.39543
9/13/2007 11:00:00 AM,1.082524,73.90413,-70.60252,15.56192,1.086276,4.875206,1.638745,1.638745,0,0,0,1.638745,297.4963,3.150212,0,0,4.875206,1.724995,1.638745,0,0,0,10.62527,0,0,0,14.00003,100,0.2209134,1.802619,3.900165,0,15.50048
9/13/2007 12:00:00 PM,0.9538658,84.39924,-1.915609,3.439423,0.9570362,4.295178,0,0,0,0,0,0,0,4.295178,0,0,4.295178,0,0,0,0,0,10.62527,0,0,0,14.00003,100,0.2209134,0,3.436143,0,14.92045
9/13/2007 1:00:00 PM,0.9089918,74.25248,70.10791,15.19709,0.9116597,4.091529,4.757453,4.757453,1.427454,0,0.5546948,4.757453,86.00249,0.5862657,0,0,4.091529,3.505263,3.33,0,0,0,10.62527,0,0,0,14.00003,100,0.2209134,5.233199,3.273223,5,14.7168
9/13/2007 2:00:00 PM,0.636016,59.85466,81.19893,29.99207,0.6357724,2.853347,0.9527804,0.9527804,0,-1,0,0.9527804,299.4758,1.85042,0,0,2.853347,1.002927,0.9527804,0,0,0,10.62527,0,0,0,14.00003,100,0.2209134,1.048058,2.282677,0,13.47862
9/13/2007 3:00:00 PM,0.5153323,45.13306,85.76616,44.9166,0.5143794,2.308535,2.06714,2.06714,0,-1,0,2.06714,111.6777,0.1325985,0,0,2.308535,2.175936,2.06714,0,0,0,10.62527,0,0,0,14.00003,100,0.2209134,2.273854,1.846828,0,12.93381
9/13/2007 4:00:00 PM,0.3722776,30.33644,88.68787,59.87311,0.3704701,1.66267,1.935451,1.935451,0,-1,0,1.935451,85.90607,0,2.220446E-16,0,1.66267,2.037317,1.935451,0,0,0,10.62527,0,0.374647,-0.374647,13.60511,97.1792,0.2209134,2.128996,1.330136,0,12.28794
9/13/2007 5:00:00 PM,0.193958,15.52288,91.06545,74.84138,0.191235,0.8582627,0,0,0,-1,0,0,0,0.4419883,0,0,0.8582627,0,0,0,0,0.4162745,10.25063,0.4162745,0,0.4162745,14.00003,100,0.2208858,0,0.6866102,0,11.10889
9/13/2007 6:00:00 PM,0.02314488,0.7201426,93.34761,89.814,0.01786143,0.08016211,0,0,0,-1,0,0,0,0.08016211,0,0,0.08016211,0,0,0,0,0,10.62527,0,0,0,14.00003,100,0.2208858,0,0.06412969,0,10.70544
9/13/2007 7:00:00 PM,0,0,95.85117,90,0,0,4.796685,3.33,0,-1,0,3.33,0,0,1.466685,1.946353,0,3.505263,3.33,0,0,0,10.62527,0,3.505263,-3.505263,10.30516,73.60811,0.2208858,5.276353,0,0,10.62527
9/13/2007 8:00:00 PM,0,0,98.96774,90,0,0,6.85691,3.33,0,-1,0,3.33,0,0,3.52691,4.212601,0,3.505263,3.33,0,0,3.894737,7.120011,0,3.505263,-3.505263,6.610284,47.21622,0.2208858,7.542601,0,0,7.120011
9/13/2007 9:00:00 PM,0,0,103.4348,90,0,0,8.737527,3.33,0,-1,0,3.33,0,0,5.407527,6.28128,0,3.505263,3.33,0,0,7.789474,3.614748,0,3.505263,-3.505263,2.915413,20.82434,0.2208858,9.611279,0,0,3.614748
9/13/2007 10:00:00 PM,0,0,111.1445,90,0,0,1.051943,0.1040105,0,-1,0,0.1040105,0,0,0.9479326,1.053127,0,0.1094847,0.1040105,0,0,11.68421,0.1094847,0,0.1094847,-0.1094847,2.800006,20,0.2208858,1.157137,0,0,0.1094847
9/13/2007 11:00:00 PM,0,0,128.7496,90,0,0,0.5210106,0,0,-1,0,0,0,0,0.5210106,0.5731117,0,0,0,0,0,11.80586,0,0,0,0,2.800006,20,0.2208858,0.5731117,0,0,0
9/14/2007 12:00:00 AM,0,0,179.5504,90,0,0,0.07969459,0,0,-1,0,0,0,0,0.07969459,0.08766405,0,0,0,0,0,11.80586,0,0,0,0,2.800006,20,0.2208858,0.08766405,0,0,0
9/14/2007 1:00:00 AM,0,0,-128.353,90,0,0,0.8091847,0,0,-1,0,0,0,0,0.8091847,0.8901032,0,0,0,0,0,11.80586,0,0,0,0,2.800006,20,0.2208858,0.8901032,0,0,0
9/14/2007 2:00:00 AM,0,0,-110.6544,90,0,0,1.174759,0,0,-1,0,0,0,0,1.174759,1.292235,0,0,0,0,0,11.80586,0,0,0,0,2.800006,20,0.2208858,1.292235,0,0,0
9/14/2007 3:00:00 AM,0,0,-103.0085,90,0,0,0.3455228,0,0,-1,0,0,0,0,0.3455228,0.3800751,0,0,0,0,0,11.80586,0,0,0,0,2.800006,20,0.2208858,0.3800751,0,0,0
9/14/2007 4:00:00 AM,0,0,-98.58862,90,0,0,1.435646,0,0,-1,0,0,0,0,1.435646,1.579211,0,0,0,0,0,11.80586,0,0,0,0,2.800006,20,0.2208858,1.579211,0,0,0
9/14/2007 5:00:00 AM,0,0,-95.49615,90,0,0,0.9310166,0.9310166,4.43628,0,1.376104,0.9310166,0,0,0,0,0,0,0,3.505263,3.33,11.80586,0,3.33,0,3.33,5.959121,42.56506,0.2209551,1.024118,0,5,0
9/14/2007 6:00:00 AM,0.02523549,0.3803443,-92.99658,90.09457,0.01220536,0.05477764,1.886654,1.886654,5,0,1.53,1.886654,2.903429,0,0,0,0.05477764,0,0,3.113346,2.957679,8.475861,2.997,3.012456,0,3.012456,8.816988,62.97836,0.2210435,2.075319,0.04382211,5,3.051778
9/14/2007 7:00:00 AM,0.1786319,15.18633,-90.69821,75.1159,0.1766683,0.7928873,5.93219,5.93219,5,0,1.53,5.93219,13.36584,0,0,0,0.7928873,0.981253,0.9321904,0,0,5.463404,5.708211,0,0.1883658,-0.1883658,8.618433,61.56012,0.2210435,6.525409,0.6343098,5,6.501098
9/14/2007 8:00:00 AM,0.4746179,29.99934,-88.27887,60.14056,0.4731164,2.123347,5.037231,5.037231,5,0,1.53,5.037231,42.15305,0,0,0,2.123347,0.03919059,0.03723106,0,0,5.672699,5.519845,2.084156,0,2.084156,10.59564,75.68297,0.2210854,5.540954,1.698677,5,7.643192
9/14/2007 9:00:00 AM,0.7129053,44.78999,-85.2746,45.17425,0.7139138,3.204045,2.566939,2.566939,0,-1,0,2.566939,124.8197,0,0,0,3.204045,2.702041,2.566939,0,0,3.588543,7.395586,0.5020043,0,0.5020043,11.07188,79.0847,0.2210522,2.823633,2.563236,0,10.59963
9/14/2007 10:00:00 AM,0.9059231,59.49465,-80.54485,30.23244,0.9091262,4.080158,5.207717,5.207717,4.263778,0,1.329011,5.207717,78.34832,0,0,0,4.080158,0.9936197,0.9439387,0,0,3.086539,7.847389,3.086539,0,3.086539,14.00003,100,0.2210646,5.728488,3.264127,5,11.92755
9/14/2007 11:00:00 AM,1.08949,73.84251,-69.14109,15.38905,1.094464,4.911954,3.630341,3.630341,1.25,0,0.50625,3.630341,135.3029,2.406333,0,0,4.911954,2.505622,2.380341,0,0,0,10.62527,0,0,0,14.00003,100,0.2210646,3.993375,3.929564,5,15.53723
9/14/2007 12:00:00 PM,1.147067,84.00175,-0.8973144,3.035932,1.152652,5.173101,2.241671,2.241671,0,0,0,2.241671,230.7699,2.813447,0,0,5.173101,2.359653,2.241671,0,0,0,10.62527,0,0,0,14.00003,100,0.2210646,2.465838,4.138481,0,15.79838
9/14/2007 1:00:00 PM,0.9763524,74.01567,68.88106,15.20508,0.9806278,4.401058,4.880958,4.880958,1.550958,0,0.5884114,4.880958,90.16792,0.8957947,0,0,4.401058,3.505263,3.33,0,0,0,10.62527,0,0,0,14.00003,100,0.2210646,5.369053,3.520846,5,15.02633
9/14/2007 2:00:00 PM,0.6925698,59.67757,80.46329,30.0457,0.6935526,3.112664,3.147212,3.147212,0,-1,0,3.147212,98.90228,0,0,0.1319329,3.112664,3.312855,3.147212,0,0,0,10.62527,0,0.2001903,-0.2001903,13.78901,98.49272,0.2210646,3.461933,2.490131,0,13.73794
9/14/2007 3:00:00 PM,0.4470733,44.97482,85.22987,44.98698,0.4460697,2.001961,0.6835801,0.6835801,0,-1,0,0.6835801,292.8641,1.059969,0,0,2.001961,0.719558,0.6835801,0,0,0.2224337,10.42508,0.2224337,0,0.2224337,14.00003,100,0.2210499,0.7519381,1.601569,0,12.42704
9/14/2007 4:00:00 PM,0.33345,30.18472,88.24619,59.95312,0.3321446,1.490665,5.585833,3.33,0,-1,0,3.33,44.76471,0,2.255833,2.814416,1.490665,3.505263,3.33,0,0,0,10.62527,0,2.014598,-2.014598,11.87645,84.83165,0.2210499,6.144416,1.192532,0,12.11594
9/14/2007 5:00:00 PM,0.1566705,15.37178,90.66939,74.92839,0.1553205,0.6970782,5.171057,3.33,0,-1,0,3.33,20.93328,0,1.841057,2.358163,0.6970782,3.505263,3.33,0,0,2.238443,8.610676,0,2.808185,-2.808185,8.916368,63.68821,0.2210499,5.688163,0.5576625,0,9.307754
9/14/2007 6:00:00 PM,0.02257418,0.5655609,92.96723,89.90704,0.01652687,0.0741726,2.265814,2.265814,0,-1,0,2.265814,3.273552,0,0,0,0.0741726,2.385068,2.265814,0,0,5.358648,5.802491,0,2.310895,-2.310895,6.480471,46.28898,0.2210499,2.492396,0.05933808,0,5.876663
9/14/2007 7:00:00 PM,0,0,95.4622,90,0,0,5.101937,3.317016,0,-1,0,3.317016,0,0,1.784921,2.295115,0,3.491596,3.317016,0,0,7.92631,3.491596,0,3.491596,-3.491596,2.800006,20,0.2210499,5.612131,0,0,3.491596
9/14/2007 8:00:00 PM,0,0,98.54388,90,0,0,0.6667694,0,0,-1,0,0,0,0,0.6667694,0.7334464,0,0,0,0,0,11.80586,0,0,0,0,2.800006,20,0.2210499,0.7334464,0,0,0
9/14/2007 9:00:00 PM,0,0,102.9395,90,0,0,0.1904444,0,0,-1,0,0,0,0,0.1904444,0.2094889,0,0,0,0,0,11.80586,0,0,0,0,2.800006,20,0.2210499,0.2094889,0,0,0
9/14/2007 10:00:00 PM,0,0,110.5215,90,0,0,0.8725883,0,0,-1,0,0,0,0,0.8725883,0.9598471,0,0,0,0,0,11.80586,0,0,0,0,2.800006,20,0.2210499,0.9598471,0,0,0
9/14/2007 11:00:00 PM,0,0,127.9942,90,0,0,1.546915,0,0,-1,0,0,0,0,1.546915,1.701607,0,0,0,0,0,11.80586,0,0,0,0,2.800006,20,0.2210499,1.701607,0,0,0
9/15/2007 12:00:00 AM,0,0,179.9992,90,0,0,0.7217847,0,0,-1,0,0,0,0,0.7217847,0.7939631,0,0,0,0,0,11.80586,0,0,0,0,2.800006,20,0.2210499,0.7939631,0,0,0
9/15/2007 1:00:00 AM,0,0,-127.2135,90,0,0,0,0,0,-1,0,0,0,0,0,0,0,0,0,0,0,11.80586,0,0,0,0,2.800006,20,0.2210499,0,0,0,0
9/15/2007 2:00:00 AM,0,0,-109.8894,90,0,0,0.7475964,0,0,-1,0,0,0,0,0.7475964,0.822356,0,0,0,0,0,11.80586,0,0,0,0,2.800006,20,0.2210499,0.822356,0,0,0
9/15/2007 3:00:00 AM,0,0,-102.4401,90,0,0,1.195077,0,0,-1,0,0,0,0,1.195077,1.314584,0,0,0,0,0,11.80586,0,0,0,0,2.800006,20,0.2210499,1.314584,0,0,0
9/15/2007 4:00:00 AM,0,0,-98.11778,90,0,0,0.9107673,0,0,-1,0,0,0,0,0.9107673,1.001844,0,0,0,0,0,11.80586,0,0,0,0,2.800006,20,0.2210499,1.001844,0,0,0
9/15/2007 5:00:00 AM,0,0,-95.07193,90,0,0,0,0,0,0,0,0,0,0,0,0,0,0,0,0,0,11.80586,0,0,0,0,2.800006,20,0.2210499,0,0,0,0
9/15/2007 6:00:00 AM,0.005649,0.4100617,-92.58612,90.00086,0.005555836,0.02493459,1.055022,1.055022,4.560285,0,1.409958,1.055022,2.36342,0,0,0,0.02493459,0,0,3.505263,3.33,11.80586,0,3.354935,0,3.354935,5.982776,42.73403,0.2211284,1.160524,0.01994767,5,0.02493459
9/15/2007 7:00:00 AM,0.07317185,15.2191,-90.27312,75.01691,0.07279906,0.3267221,0,0,3.505263,0,1.121937,0,0,0,0,0,0.3267221,0,0,3.505263,3.33,8.450926,3.019441,3.656722,0,3.656722,9.451847,67.51306,0.2210912,0,0.2613777,5,3.346163
9/15/2007 8:00:00 AM,0.06618311,30.03064,-87.80499,60.0355,0.06586054,0.2955821,1.113504,1.113504,4.618767,0,1.425923,1.113504,26.54523,0,0,0,0.2955821,0,0,3.505263,3.33,4.794203,6.310491,3.625582,0,3.625582,12.89138,92.08108,0.2211569,1.224854,0.2364657,5,6.606073
9/15/2007 9:00:00 AM,0.223772,44.81318,-84.69553,45.06094,0.2227304,0.9996139,2.768711,2.768711,0,-1,0,2.768711,36.10395,4.440892E-16,0,0,0.9996139,2.914432,2.768711,0,0,1.168621,9.573515,0,1.914819,-1.914819,10.87298,77.66399,0.2211569,3.045582,0.7996911,0,10.57313
9/15/2007 10:00:00 AM,0.1132133,59.49547,-79.73412,30.10501,0.1126681,0.5056545,2.935229,2.935229,0,0,0,2.935229,17.22709,0,0,0,0.5056545,3.089714,2.935229,0,0,3.296197,7.658697,0,2.58406,-2.58406,8.149142,58.20804,0.2211569,3.228751,0.4045236,0,8.164351
9/15/2007 11:00:00 AM,0.06119007,73.77105,-67.6878,15.22449,0.06089156,0.2732813,6.207968,6.207968,5,0,1.53,6.207968,4.402106,2.220446E-16,0,0,0.2732813,1.271545,1.207968,0,0,6.167375,5.074636,0,0.9982638,-0.9982638,7.09688,50.6919,0.2211569,6.828764,0.2186251,5,5.347918
9/15/2007 12:00:00 PM,0.07674193,83.60174,-0.001451387,2.63374,0.07636873,0.3427429,5.355799,5.355799,5,0,1.53,5.355799,6.399472,1.110223E-16,0,0,0.3427429,0.3745254,0.3557991,0,0,7.276557,4.076373,0,0.03178249,-0.03178249,7.063378,50.4526,0.2211569,5.891379,0.2741943,5,4.419116
9/15/2007 1:00:00 PM,0.08400279,73.77135,67.68733,15.22417,0.08359508,0.3751747,3.206075,3.206075,5,0,1.53,3.206075,11.702,0,0,0,0.3751747,0,0,1.793925,1.704229,7.311871,4.04459,2.079404,0,2.079404,9.036074,64.54326,0.2212143,3.526682,0.3001398,5,4.419765
9/15/2007 2:00:00 PM,0.08531376,59.49578,79.73398,30.10469,0.08490019,0.381032,5.56875,3.33,0,-1,0,3.33,11.4424,0,2.23875,2.795625,0.381032,3.505263,3.33,0,0,5.232467,5.916054,0,3.124231,-3.124231,5.742845,41.02024,0.2212143,6.125625,0.3048256,0,6.297086
9/15/2007 3:00:00 PM,0.1423397,44.8135,84.69545,45.06062,0.1416601,0.6357705,2.050627,2.050627,0,-1,0,2.050627,31.00371,0,0,0,0.6357705,2.158555,2.050627,0,0,8.703835,2.791823,0,1.522784,-1.522784,4.13769,29.55487,0.2212143,2.25569,0.5086164,0,3.427593
9/15/2007 4:00:00 PM,0.04422548,30.03096,87.80492,60.03518,0.04400895,0.1975121,2.726462,1.393223,0,-1,0,1.393223,14.17664,0,1.333239,1.755994,0.1975121,1.466551,1.393223,0,0,10.39582,1.269038,0,1.269038,-1.269038,2.800006,20,0.2212143,2.999108,0.1580097,0,1.466551
9/15/2007 5:00:00 PM,0.0241603,15.21942,90.27306,75.01659,0.02403997,0.1078914,5.729074,0.1024968,0,-1,0,0.1024968,105.2632,0,5.626577,6.281482,0.1078914,0.1078914,0.1024968,0,0,11.80586,0,0,0,0,2.800006,20,0.2212143,6.301981,0.08631312,0,0.1078914
9/15/2007 6:00:00 PM,0.02628857,0.4103811,92.58607,90.00054,0.01152692,0.05173282,0,0,0,-1,0,0,0,0,0,0,0.05173282,0,0,0,0,11.80586,0,0.05173282,0,0.05173282,2.849084,20.35056,0.2212109,0,0.04138626,0,0.05173282
9/15/2007 7:00:00 PM,0,0,95.07187,90,0,0,3.57787,0.04423156,0,-1,0,0.04423156,0,0,3.533638,3.891425,0,0.04655954,0.04423156,0,0,11.75413,0.04655954,0,0.04655954,-0.04655954,2.800006,20,0.2212109,3.935657,0,0,0.04655954
9/15/2007 8:00:00 PM,0,0,98.11771,90,0,0,4.710363,0,0,-1,0,0,0,0,4.710363,5.181399,0,0,0,0,0,11.80586,0,0,0,0,2.800006,20,0.2212109,5.181399,0,0,0
9/15/2007 9:00:00 PM,0,0,102.44,90,0,0,5.829661,0,0,-1,0,0,0,0,5.829661,6.412627,0,0,0,0,0,11.80586,0,0,0,0,2.800006,20,0.2212109,6.412627,0,0,0
9/15/2007 10:00:00 PM,0,0,109.8891,90,0,0,1.167702,0,0,-1,0,0,0,0,1.167702,1.284472,0,0,0,0,0,11.80586,0,0,0,0,2.800006,20,0.2212109,1.284472,0,0,0
9/15/2007 11:00:00 PM,0,0,127.2129,90,0,0,0,0,0,-1,0,0,0,0,0,0,0,0,0,0,0,11.80586,0,0,0,0,2.800006,20,0.2212109,0,0,0,0
9/16/2007 12:00:00 AM,0,0,-179.5187,90,0,0,0.06976998,0,0,-1,0,0,0,0,0.06976998,0.07674698,0,0,0,0,0,11.80586,0,0,0,0,2.800006,20,0.2212109,0.07674698,0,0,0
9/16/2007 1:00:00 AM,0,0,-126.0512,90,0,0,1.253548,0,0,-1,0,0,0,0,1.253548,1.378903,0,0,0,0,0,11.80586,0,0,0,0,2.800006,20,0.2212109,1.378903,0,0,0
9/16/2007 2:00:00 AM,0,0,-109.1202,90,0,0,0.5731413,0,0,-1,0,0,0,0,0.5731413,0.6304555,0,0,0,0,0,11.80586,0,0,0,0,2.800006,20,0.2212109,0.6304555,0,0,0
9/16/2007 3:00:00 AM,0,0,-101.8702,90,0,0,0.2364196,0,0,-1,0,0,0,0,0.2364196,0.2600615,0,0,0,0,0,11.80586,0,0,0,0,2.800006,20,0.2212109,0.2600615,0,0,0
9/16/2007 4:00:00 AM,0,0,-97.64609,90,0,0,0.5645646,0,0,-1,0,0,0,0,0.5645646,0.6210211,0,0,0,0,0,11.80586,0,0,0,0,2.800006,20,0.2212109,0.6210211,0,0,0
9/16/2007 5:00:00 AM,0,0,-94.64694,90,0,0,1.708453,1.708453,5,0,1.53,1.708453,0,0,0,0,0,0,0,3.291547,3.126969,11.80586,0,3.126969,0,3.126969,5.766509,41.18927,0.2213023,1.879299,0,5,0
9/16/2007 6:00:00 AM,0.008046249,0.4399637,-92.17484,89.90682,0.007898898,0.03545025,0,0,3.505263,0,1.121937,0,0,0,0,0,0.03545025,0,0,3.505263,3.33,8.678891,2.814272,3.36545,0,3.36545,8.959255,63.99455,0.2212843,0,0.0283602,5,2.849723
9/16/2007 7:00:00 AM,0.07000263,15.25128,-89.84705,74.91834,0.06965297,0.3126025,1.848272,1.848272,5,0,1.53,1.848272,16.91323,4.440892E-16,0,0,0.3126025,0,0,3.151728,2.994142,5.313441,5.843177,3.306744,0,3.306744,12.09631,86.40203,0.2213778,2.033099,0.250082,5,6.15578
9/16/2007 8:00:00 AM,0.1841661,30.06044,-87.32986,59.93169,0.1833215,0.822747,0,0,0,0,0,0,0,0,0,0,0.822747,0,0,0,0,2.006697,8.819247,0.822747,0,0.822747,12.87683,91.9772,0.2213236,0,0.6581976,0,9.641994
9/16/2007 9:00:00 AM,0.2544961,44.83363,-84.11487,44.95001,0.253361,1.137084,1.364223,1.364223,0,-1,0,1.364223,83.35027,0,2.220446E-16,0,1.137084,1.436025,1.364223,0,0,1.18395,9.559719,0,0.2989408,-0.2989408,12.56172,89.72642,0.2213236,1.500646,0.9096671,0,10.6968
9/16/2007 10:00:00 AM,0.3254126,59.4914,-78.92185,29.98182,0.3240146,1.454177,1.462566,1.462566,0,0,0,1.462566,99.42644,0,0,0,1.454177,1.539543,1.462566,0,0,1.516106,9.260778,0,0.08536594,-0.08536594,12.47174,89.08368,0.2213236,1.608823,1.163342,0,10.71496
9/16/2007 11:00:00 AM,0.08007208,73.68976,-66.24477,15.0687,0.07968365,0.3576202,1.744985,1.744985,0,0,0,1.744985,20.49417,0,2.220446E-16,0,0.3576202,1.836826,1.744985,0,0,1.610957,9.175413,0,1.479206,-1.479206,10.91252,77.94642,0.2213236,1.919483,0.2860962,0,9.533033
9/16/2007 12:00:00 PM,0.1138242,83.19958,0.7919313,2.234194,0.1132763,0.5083841,1.773462,1.773462,0,0,0,1.773462,28.66619,0,2.220446E-16,0,0.5083841,1.866802,1.773462,0,0,3.254519,7.696207,0,1.358418,-1.358418,9.480621,67.71859,0.2213236,1.950808,0.4067073,0,8.204591
9/16/2007 1:00:00 PM,0.209359,73.51992,66.52656,15.25429,0.2083762,0.9351922,7.509678,7.509678,5,0,1.53,7.509678,12.45316,4.440892E-16,0,0,0.9351922,2.641766,2.509678,0,0,4.763873,6.337789,0,1.706574,-1.706574,7.681735,54.86942,0.2213236,8.260646,0.7481537,5,7.272981
9/16/2007 2:00:00 PM,0.1930246,59.30947,79.01125,30.16894,0.1921174,0.8622229,1.77945,1.77945,0,-1,0,1.77945,48.45446,0,2.220446E-16,0,0.8622229,1.873105,1.77945,0,0,6.660066,4.631215,0,1.010882,-1.010882,6.616171,47.25827,0.2213236,1.957395,0.6897783,0,5.493438
9/16/2007 3:00:00 PM,0.138765,44.64924,84.16305,45.13741,0.1381052,0.619816,1.347969,1.347969,0,-1,0,1.347969,45.98146,0,2.220446E-16,0,0.619816,1.418915,1.347969,0,0,7.783268,3.620333,0,0.7990991,-0.7990991,5.773847,41.24168,0.2213236,1.482766,0.4958528,0,4.240149
9/16/2007 4:00:00 PM,0.136016,29.87528,87.36422,60.11919,0.135369,0.6075363,3.802811,3.257331,0,-1,0,3.257331,18.65135,0,0.5454801,1.387489,0.6075363,3.42877,3.257331,0,0,8.671156,2.821234,0,2.821234,-2.821234,2.800006,20,0.2213236,4.183093,0.486029,0,3.42877
9/16/2007 5:00:00 PM,0.08027351,15.06592,89.87658,75.10587,0.07987057,0.3584591,0.9943969,0.3405362,0,-1,0,0.3405362,105.2632,0,0.6538606,1.025729,0.3584591,0.3584591,0.3405362,0,0,11.80586,0,0,0,0,2.800006,20,0.2213236,1.093837,0.2867673,0,0.3584591
9/16/2007 6:00:00 PM,0.02744498,0.2547366,92.20421,90.09436,0.008830721,0.03963227,3.21456,0.03765066,0,-1,0,0.03765066,105.2632,0,3.176909,3.528486,0.03963227,0.03963227,0.03765066,0,0,11.80586,0,0,0,0,2.800006,20,0.2213236,3.536016,0.03170582,0,0.03963227
9/16/2007 7:00:00 PM,0,0,94.68024,90,0,0,3.195578,0,0,-1,0,0,0,0,3.195578,3.515136,0,0,0,0,0,11.80586,0,0,0,0,2.800006,20,0.2213236,3.515136,0,0,0
9/16/2007 8:00:00 PM,0,0,97.68931,90,0,0,2.766993,0,0,-1,0,0,0,0,2.766993,3.043692,0,0,0,0,0,11.80586,0,0,0,0,2.800006,20,0.2213236,3.043692,0,0,0
9/16/2007 9:00:00 PM,0,0,101.9363,90,0,0,8.177644,0,0,-1,0,0,0,0,8.177644,8.995408,0,0,0,0,0,11.80586,0,0,0,0,2.800006,20,0.2213236,8.995408,0,0,0
9/16/2007 10:00:00 PM,0,0,109.2473,90,0,0,0.3173303,0,0,-1,0,0,0,0,0.3173303,0.3490633,0,0,0,0,0,11.80586,0,0,0,0,2.800006,20,0.2213236,0.3490633,0,0,0
9/16/2007 11:00:00 PM,0,0,126.4043,90,0,0,0.7594919,0,0,-1,0,0,0,0,0.7594919,0.8354411,0,0,0,0,0,11.80586,0,0,0,0,2.800006,20,0.2213236,0.8354411,0,0,0
9/17/2007 12:00:00 AM,0,0,-179.0001,90,0,0,0.84263,0,0,-1,0,0,0,0,0.84263,0.9268929,0,0,0,0,0,11.80586,0,0,0,0,2.800006,20,0.2213236,0.9268929,0,0,0
9/17/2007 1:00:00 AM,0,0,-124.8668,90,0,0,0.6924503,0,0,-1,0,0,0,0,0.6924503,0.7616953,0,0,0,0,0,11.80586,0,0,0,0,2.800006,20,0.2213236,0.7616953,0,0,0
9/17/2007 2:00:00 AM,0,0,-108.3473,90,0,0,1.567474,0,0,-1,0,0,0,0,1.567474,1.724221,0,0,0,0,0,11.80586,0,0,0,0,2.800006,20,0.2213236,1.724221,0,0,0
9/17/2007 3:00:00 AM,0,0,-101.2992,90,0,0,0.153866,0,0,-1,0,0,0,0,0.153866,0.1692526,0,0,0,0,0,11.80586,0,0,0,0,2.800006,20,0.2213236,0.1692526,0,0,0
9/17/2007 4:00:00 AM,0,0,-97.17372,90,0,0,1.522976,0,0,-1,0,0,0,0,1.522976,1.675273,0,0,0,0,0,11.80586,0,0,0,0,2.800006,20,0.2213236,1.675273,0,0,0
9/17/2007 5:00:00 AM,0,0,-94.22135,90,0,0,1.808659,1.808659,5,0,1.53,1.808659,0,0,0,0,0,0,0,3.191341,3.031774,11.80586,0,3.031774,0,3.031774,5.676198,40.54419,0.2214119,1.989525,0,5,0
9/17/2007 6:00:00 AM,0.01964021,0.4699584,-91.76288,89.81257,0.01711596,0.07681641,0.6686633,0.6686633,4.173926,0,1.304482,0.6686633,11.48806,4.440892E-16,0,0,0.07681641,0,0,3.505263,3.33,8.774087,2.728596,3.406816,0,3.406816,8.908189,63.62979,0.2214512,0.7355296,0.06145313,5,2.805413
9/17/2007 7:00:00 AM,0.1113828,15.28277,-89.42014,74.82029,0.1108393,0.4974468,1.614439,1.614439,4.894393,0,1.501169,1.614439,30.81236,0,0,0,0.4974468,0,0,3.279953,3.115956,5.36727,5.794731,3.613403,0,3.613403,12.33616,88.11527,0.2215417,1.775883,0.3979574,5,6.292178
9/17/2007 8:00:00 AM,0.3491897,30.08865,-86.85368,59.82927,0.3490047,1.566333,1.143992,1.143992,0,0,0,1.143992,136.9182,0,0,0,1.566333,1.204202,1.143992,0,0,1.753867,9.046794,0.362131,0,0.362131,12.67971,90.56918,0.2215179,1.258391,1.253067,0,10.61313
9/17/2007 9:00:00 AM,0.4953895,44.85123,-83.53288,44.84159,0.4959026,2.225611,1.751606,1.751606,0,-1,0,1.751606,127.0611,0,0,0,2.225611,1.843796,1.751606,0,0,1.391736,9.372711,0.3818145,0,0.3818145,13.04193,93.15647,0.2214929,1.926767,1.780489,0,11.59832
9/17/2007 10:00:00 AM,0.5967169,59.48235,-78.10855,29.86308,0.5975797,2.681938,0,0,0,0,0,0,0,1.672016,0,0,2.681938,0,0,0,0,1.009922,9.716345,1.009922,0,1.009922,14.00003,100,0.2214266,0,2.14555,0,12.39828
9/17/2007 11:00:00 AM,0.7026013,73.59868,-64.81409,14.92216,0.7045475,3.162009,2.43818,2.43818,0,0,0,2.43818,129.6873,0.595504,0,0,3.162009,2.566505,2.43818,0,0,0,10.62527,0,0,0,14.00003,100,0.2214266,2.681998,2.529607,0,13.78728
9/17/2007 12:00:00 PM,0.8683535,82.79562,1.49861,1.839679,0.8736624,3.920997,0,0,0,0,0,0,0,3.920997,0,0,3.920997,0,0,0,0,0,10.62527,0,0,0,14.00003,100,0.2214266,0,3.136797,0,14.54627
9/17/2007 1:00:00 PM,0.7916136,73.2618,65.39843,15.29536,0.795585,3.570585,0,0,0,0,0,0,0,3.570585,0,0,3.570585,0,0,0,0,0,10.62527,0,0,0,14.00003,100,0.2214266,0,2.856468,0,14.19586
9/17/2007 2:00:00 PM,0.7240999,59.11882,78.29537,30.23834,0.7276534,3.265708,0,0,0,-1,0,0,0,3.265708,0,0,3.265708,0,0,0,0,0,10.62527,0,0,0,14.00003,100,0.2214266,0,2.612567,0,13.89098
9/17/2007 3:00:00 PM,0.3710541,44.48218,83.63284,45.21724,0.3701141,1.661072,2.879529,2.879529,0,-1,0,2.879529,57.68556,0,0,0,1.661072,3.031083,2.879529,0,0,0,10.62527,0,1.370011,-1.370011,12.55591,89.68489,0.2214266,3.167482,1.328858,0,12.28635
9/17/2007 4:00:00 PM,0.2947684,29.71782,86.9242,60.20504,0.2941138,1.319983,2.403646,2.403646,0,-1,0,2.403646,54.91586,0,4.440892E-16,0,1.319983,2.530154,2.403646,0,0,1.522234,9.255263,0,1.210171,-1.210171,11.28028,80.57325,0.2214266,2.64401,1.055986,0,10.57525
9/17/2007 5:00:00 PM,0.2233074,14.91141,89.48003,75.19611,0.2220667,0.9966353,4.774766,3.33,0,-1,0,3.33,29.92899,0,1.444766,1.922242,0.9966353,3.505263,3.33,0,0,2.866868,8.045093,0,2.508628,-2.508628,8.635952,61.68525,0.2214266,5.252243,0.7973082,0,9.041728
9/17/2007 6:00:00 PM,0.02195012,0.09876171,91.82175,90.1884,0.01260541,0.05657307,0,0,0,-1,0,0,0,0,0,0,0.05657307,0,0,0,0,5.654233,5.536465,0.05657307,0,0.05657307,8.689622,62.0686,0.2214229,0,0.04525845,0,5.593038
9/17/2007 7:00:00 PM,0,0,94.28741,90,0,0,0.7864624,0.7864624,0,-1,0,0.7864624,0,0,0,0,0,0.8278552,0.7864624,0,0,5.59766,5.58738,0,0.8278552,-0.8278552,7.816986,55.8355,0.2214229,0.8651087,0,0,5.58738
9/17/2007 8:00:00 PM,0,0,97.25878,90,0,0,4.244123,3.33,0,-1,0,3.33,0,0,0.9141234,1.338536,0,3.505263,3.33,0,0,6.517498,4.759525,0,3.505263,-3.505263,4.122114,29.44361,0.2214229,4.668536,0,0,4.759525
9/17/2007 9:00:00 PM,0,0,101.4285,90,0,0,7.75806,1.191549,0,-1,0,1.191549,0,0,6.566511,7.342317,0,1.254262,1.191549,0,0,10.41224,1.254262,0,1.254262,-1.254262,2.800006,20,0.2214229,8.533866,0,0,1.254262
9/17/2007 10:00:00 PM,0,0,108.5961,90,0,0,0.90164,0,0,-1,0,0,0,0,0.90164,0.991804,0,0,0,0,0,11.80586,0,0,0,0,2.800006,20,0.2214229,0.991804,0,0,0
9/17/2007 11:00:00 PM,0,0,125.5673,90,0,0,0.9884311,0,0,-1,0,0,0,0,0.9884311,1.087274,0,0,0,0,0,11.80586,0,0,0,0,2.800006,20,0.2214229,1.087274,0,0,0
9/18/2007 12:00:00 AM,0,0,-178.4415,90,0,0,0.9807261,0,0,-1,0,0,0,0,0.9807261,1.078799,0,0,0,0,0,11.80586,0,0,0,0,2.800006,20,0.2214229,1.078799,0,0,0
9/18/2007 1:00:00 AM,0,0,-123.6612,90,0,0,1.048195,0,0,-1,0,0,0,0,1.048195,1.153014,0,0,0,0,0,11.80586,0,0,0,0,2.800006,20,0.2214229,1.153014,0,0,0
9/18/2007 2:00:00 AM,0,0,-107.5712,90,0,0,0,0,0,-1,0,0,0,0,0,0,0,0,0,0,0,11.80586,0,0,0,0,2.800006,20,0.2214229,0,0,0,0
9/18/2007 3:00:00 AM,0,0,-100.7273,90,0,0,0,0,0,-1,0,0,0,0,0,0,0,0,0,0,0,11.80586,0,0,0,0,2.800006,20,0.2214229,0,0,0,0
9/18/2007 4:00:00 AM,0,0,-96.70085,90,0,0,0.3094448,0,0,-1,0,0,0,0,0.3094448,0.3403893,0,0,0,0,0,11.80586,0,0,0,0,2.800006,20,0.2214229,0.3403893,0,0,0
9/18/2007 5:00:00 AM,0,0,-93.7953,90,0,0,1.190111,1.190111,4.695374,0,1.446837,1.190111,0,0,0,0,0,0,0,3.505263,3.33,11.80586,0,3.33,0,3.33,5.959121,42.56506,0.221514,1.309122,0,5,0
9/18/2007 6:00:00 AM,0.00833951,0.4999524,-91.35036,89.71822,0.008235757,0.03696208,0.3865971,0.3865971,3.89186,0,1.227478,0.3865971,9.560878,0,0,0,0.03696208,0,0,3.505263,3.33,8.475861,2.997,3.366962,0,3.366962,9.153301,65.38059,0.2215304,0.4252568,0.02956966,5,3.033962
9/18/2007 7:00:00 AM,0.1773844,15.31348,-88.99255,74.72289,0.1768381,0.7936495,1.847191,1.847191,4.833147,0,1.484449,1.847191,42.96521,0,0,0,0.7936495,0,0,2.985955,2.836658,5.108898,6.027266,3.630307,0,3.630307,12.59731,89.98063,0.2216139,2.03191,0.6349196,5,6.820915
9/18/2007 8:00:00 AM,0.2957626,30.11515,-86.37661,59.72835,0.2952843,1.325236,3.376967,3.376967,3.522654,0,1.126685,3.376967,39.24338,0,0,0,1.325236,0,0,0.1456873,0.1384029,1.478591,9.294542,1.463639,0,1.463639,13.98584,99.89868,0.2216439,3.714664,1.060189,5,10.61978
9/18/2007 9:00:00 AM,0.2344138,44.86587,-82.94978,44.73586,0.2333652,1.047343,0,0,0,-1,0,0,0,1.032391,0,0,1.047343,0,0,0,0,0.01495211,10.61182,0.01495211,0,0.01495211,14.00003,100,0.221643,0,0.8378744,0,11.65916
9/18/2007 10:00:00 AM,0.4730398,59.46821,-77.29474,29.74898,0.4722819,2.119601,2.613157,2.613157,0,0,0,2.613157,81.11266,0,0,0,2.119601,2.750691,2.613157,0,0,0,10.62527,0,0.6310902,-0.6310902,13.3348,95.24838,0.221643,2.874472,1.695681,0,12.74487
9/18/2007 11:00:00 AM,0.5384504,73.49786,-63.39774,14.78533,0.5377979,2.413637,0,0,0,0,0,0,0,1.712426,0,0,2.413637,0,0,0,0,0.7012113,9.994184,0.7012113,0,0.7012113,14.00003,100,0.2215971,0,1.93091,0,12.40782
9/18/2007 12:00:00 PM,0.5663426,82.39015,2.131209,1.454972,0.5658081,2.539347,1.293041,1.293041,0,0,0,1.293041,196.3857,1.178252,0,0,2.539347,1.361095,1.293041,0,0,0,10.62527,0,0,0,14.00003,100,0.2215971,1.422345,2.031477,0,13.16462
9/18/2007 1:00:00 PM,0.4671878,72.99739,64.30252,15.34723,0.4659136,2.09102,1.97346,1.97346,0,0,0,1.97346,105.9571,0.01369372,0,0,2.09102,2.077327,1.97346,0,0,0,10.62527,0,0,0,14.00003,100,0.2215971,2.170806,1.672816,0,12.71629
9/18/2007 2:00:00 PM,0.1947857,58.92403,77.58656,30.31278,0.1938797,0.870132,3.083637,3.083637,0,-1,0,3.083637,28.21772,0,8.881784E-16,0.06200018,0.870132,3.245933,3.083637,0,0,0,10.62527,0,2.375801,-2.375801,11.49571,82.11208,0.2215971,3.392,0.6961057,0,11.49541
9/18/2007 3:00:00 PM,0.1796577,44.31247,83.10497,45.30001,0.1788257,0.8025696,1.311395,1.311395,0,-1,0,1.311395,61.1997,0,0,0,0.8025696,1.380416,1.311395,0,0,2.639779,8.249473,0,0.577846,-0.577846,10.88661,77.76134,0.2215971,1.442534,0.6420557,0,9.052043
9/18/2007 4:00:00 PM,0.2225076,29.55871,86.48499,60.29262,0.2216784,0.9948925,4.279269,3.33,0,-1,0,3.33,29.87665,0,0.9492692,1.377196,0.9948925,3.505263,3.33,0,0,3.28183,7.671627,0,2.510371,-2.510371,8.240448,58.86022,0.2215971,4.707196,0.795914,0,8.666519
9/18/2007 5:00:00 PM,0.04945909,14.75604,89.08353,75.28721,0.04921892,0.2208945,4.285384,3.33,0,-1,0,3.33,6.633468,0,0.955384,1.383922,0.2208945,3.505263,3.33,0,0,6.071131,5.161256,0,3.284369,-3.284369,4.778419,34.1315,0.2215971,4.713923,0.1767156,0,5.382151
9/18/2007 6:00:00 PM,0.0155537,0,91.43878,90,0,0,0.88261,0.88261,0,-1,0,0.88261,0,0,1.110223E-16,0,0,0.9290631,0.88261,0,0,9.720429,1.876888,0,0.9290631,-0.9290631,3.7991,27.13638,0.2215971,0.970871,0,0,1.876888
9/18/2007 7:00:00 PM,0,0,93.89349,90,0,0,2.463022,0.9004334,0,-1,0,0.9004334,0,0,1.562588,1.80889,0,0.9478246,0.9004334,0,0,10.75272,0.9478246,0,0.9478246,-0.9478246,2.800006,20,0.2215971,2.709324,0,0,0.9478246
9/18/2007 8:00:00 PM,0,0,96.82621,90,0,0,1.894349,0,0,-1,0,0,0,0,1.894349,2.083784,0,0,0,0,0,11.80586,0,0,0,0,2.800006,20,0.2215971,2.083784,0,0,0
9/18/2007 9:00:00 PM,0,0,100.9167,90,0,0,3.381849,0,0,-1,0,0,0,0,3.381849,3.720034,0,0,0,0,0,11.80586,0,0,0,0,2.800006,20,0.2215971,3.720034,0,0,0
9/18/2007 10:00:00 PM,0,0,107.9354,90,0,0,0.8525696,0,0,-1,0,0,0,0,0.8525696,0.9378266,0,0,0,0,0,11.80586,0,0,0,0,2.800006,20,0.2215971,0.9378266,0,0,0
9/18/2007 11:00:00 PM,0,0,124.7009,90,0,0,1.065449,0,0,-1,0,0,0,0,1.065449,1.171994,0,0,0,0,0,11.80586,0,0,0,0,2.800006,20,0.2215971,1.171994,0,0,0
9/19/2007 12:00:00 AM,0,0,-177.8389,90,0,0,0.8219545,0,0,-1,0,0,0,0,0.8219545,0.90415,0,0,0,0,0,11.80586,0,0,0,0,2.800006,20,0.2215971,0.90415,0,0,0
9/19/2007 1:00:00 AM,0,0,-122.4352,90,0,0,0.2824062,0,0,-1,0,0,0,0,0.2824062,0.3106468,0,0,0,0,0,11.80586,0,0,0,0,2.800006,20,0.2215971,0.3106468,0,0,0
9/19/2007 2:00:00 AM,0,0,-106.7923,90,0,0,0,0,0,-1,0,0,0,0,0,0,0,0,0,0,0,11.80586,0,0,0,0,2.800006,20,0.2215971,0,0,0,0
9/19/2007 3:00:00 AM,0,0,-100.1547,90,0,0,0.8453848,0,0,-1,0,0,0,0,0.8453848,0.9299233,0,0,0,0,0,11.80586,0,0,0,0,2.800006,20,0.2215971,0.9299233,0,0,0
9/19/2007 4:00:00 AM,0,0,-96.22765,90,0,0,0,0,0,-1,0,0,0,0,0,0,0,0,0,0,0,11.80586,0,0,0,0,2.800006,20,0.2215971,0,0,0,0
9/19/2007 5:00:00 AM,0,0,-93.3689,90,0,0,0.7718604,0.7718604,4.277123,0,1.332655,0.7718604,0,4.440892E-16,0,0,0,0,0,3.505263,3.33,11.80586,0,3.33,0,3.33,5.959121,42.56506,0.2216503,0.8490464,0,5,0
9/19/2007 6:00:00 AM,0.02977229,0.5298522,-90.93745,89.62388,0.0237953,0.1067933,0.4046603,0.4046603,3.909924,0,1.232409,0.4046603,26.39085,0,0,0,0.1067933,0,0,3.505263,3.33,8.475861,2.997,3.436793,0,3.436793,9.219549,65.85379,0.2216635,0.4451263,0.08543463,5,3.103793
9/19/2007 7:00:00 AM,0.2530474,15.34331,-88.56441,74.62627,0.2536415,1.138343,1.834742,1.834742,4.758454,0,1.464058,1.834742,62.04375,0,0,0,1.138343,0,0,2.923712,2.777526,5.039067,6.090114,3.915869,0,3.915869,12.93447,92.38888,0.2217213,2.018217,0.9106745,5,7.228457
9/19/2007 8:00:00 AM,0.5518524,30.13986,-85.89882,59.62907,0.5559934,2.495298,0,0,0,0,0,0,0,1.3721,0,0,2.495298,0,0,0,0,1.123198,9.614396,1.123198,0,1.123198,14.00003,100,0.221648,0,1.996239,0,12.10969
9/19/2007 9:00:00 AM,0.6769332,44.87746,-82.36585,44.63293,0.682541,3.063244,2.691838,2.691838,0,-1,0,2.691838,113.7975,0.2297308,0,0,3.063244,2.833513,2.691838,0,0,0,10.62527,0,0,0,14.00003,100,0.221648,2.961021,2.450595,0,13.68852
9/19/2007 10:00:00 AM,0.9016576,59.4489,-76.48095,29.63971,0.910314,4.085489,4.180644,4.180644,1.25,0,0.50625,4.180644,97.72392,1.000601,0,0,4.085489,3.084888,2.930644,0,0,0,10.62527,0,0,0,14.00003,100,0.221648,4.598708,3.268391,5,14.71076
9/19/2007 11:00:00 AM,1.057018,73.38744,-61.99764,14.65862,1.067612,4.791441,3.891347,3.891347,1.25,0,0.50625,3.891347,123.1307,2.011076,0,0,4.791441,2.780365,2.641347,0,0,0,10.62527,0,0,0,14.00003,100,0.221648,4.280481,3.833153,5,15.41672
9/19/2007 12:00:00 PM,1.062514,81.98344,2.699938,1.091194,1.073211,4.816571,2.265408,2.265408,0,0,0,2.265408,212.6138,2.43193,0,0,4.816571,2.38464,2.265408,0,0,0,10.62527,0,0,0,14.00003,100,0.221648,2.491949,3.853256,0,15.44184
9/19/2007 1:00:00 PM,0.9640976,72.72711,63.23831,15.40974,0.9734454,4.368823,0,0,0,0,0,0,0,4.368823,0,0,4.368823,0,0,0,0,0,10.62527,0,0,0,14.00003,100,0.221648,0,3.495058,0,14.9941
9/19/2007 2:00:00 PM,0.7476952,58.72529,76.88499,30.39214,0.7533295,3.380943,2.940002,2.940002,0,-1,0,2.940002,114.998,0.2862041,0,0,3.380943,3.094739,2.940002,0,0,0,10.62527,0,0,0,14.00003,100,0.221648,3.234002,2.704754,0,14.00622
9/19/2007 3:00:00 PM,0.6671818,44.14026,82.57961,45.3856,0.6726673,3.018931,2.564973,2.564973,0,-1,0,2.564973,117.6984,0.3189594,0,0,3.018931,2.699971,2.564973,0,0,0,10.62527,0,0,0,14.00003,100,0.221648,2.82147,2.415145,0,13.64421
9/19/2007 4:00:00 PM,0.4112559,29.39809,86.04668,60.38182,0.4132699,1.854756,0.9344621,0.9344621,0,-1,0,0.9344621,198.4838,0.8711112,0,0,1.854756,0.9836443,0.9344621,0,0,0,10.62527,0,0,0,14.00003,100,0.221648,1.027908,1.483804,0,12.48003
9/19/2007 5:00:00 PM,0.1365914,14.59992,88.68717,75.37905,0.1361579,0.6110768,0.3386959,0.3386959,0,-1,0,0.3386959,180.4205,0.2545547,0,0,0.6110768,0.3565221,0.3386959,0,0,0,10.62527,0,0,0,14.00003,100,0.221648,0.3725655,0.4888614,0,11.23635
9/19/2007 6:00:00 PM,0.01751762,0,91.05541,90,0,0,0,0,0,-1,0,0,0,0,0,0,0,0,0,0,0,0,10.62527,0,0,0,14.00003,100,0.221648,0,0,0,10.62527
9/19/2007 7:00:00 PM,0,0,93.49854,90,0,0,2.715259,2.715259,0,-1,0,2.715259,0,0,4.440892E-16,0,0,2.858167,2.715259,0,0,0,10.62527,0,2.858167,-2.858167,10.98726,78.48024,0.221648,2.986785,0,0,10.62527
9/19/2007 8:00:00 PM,0,0,96.39171,90,0,0,5.204902,3.33,0,-1,0,3.33,0,0,1.874902,2.395392,0,3.505263,3.33,0,0,3.175741,7.767107,0,3.505263,-3.505263,7.292383,52.08835,0.221648,5.725392,0,0,7.767107
9/19/2007 9:00:00 PM,0,0,100.4011,90,0,0,6.951917,3.33,0,-1,0,3.33,0,0,3.621917,4.317109,0,3.505263,3.33,0,0,7.070478,4.261844,0,3.505263,-3.505263,3.597512,25.69646,0.221648,7.647109,0,0,4.261844
9/19/2007 10:00:00 PM,0,0,107.2654,90,0,0,0.000308349,0.000308349,0,-1,0,0.000308349,0,0,5.421011E-20,0,0,0.0003245779,0.000308349,0,0,10.96521,0.7565806,0,0.0003245779,-0.0003245779,3.597169,25.69402,0.221648,0.0003391839,0,0,0.7565806
9/19/2007 11:00:00 PM,0,0,123.8039,90,0,0,0,0,0,-1,0,0,0,0,0,0,0,0,0,0,0,10.96558,0.756256,0,0,0,3.597169,25.69402,0.221648,0,0,0,0.756256
9/20/2007 12:00:00 AM,0,0,-177.1874,90,0,0,0.3654197,0.3654197,0,-1,0,0.3654197,0,0,5.551115E-17,0,0,0.3846523,0.3654197,0,0,10.96558,0.756256,0,0.3846523,-0.3846523,3.19171,22.79789,0.221648,0.4019617,0,0,0.756256
9/20/2007 1:00:00 AM,0,0,-121.1898,90,0,0,0.7453642,0.3530235,0,-1,0,0.3530235,0,0,0.3923407,0.4668772,0,0.3716037,0.3530235,0,0,11.39297,0.3716037,0,0.3716037,-0.3716037,2.800006,20,0.221648,0.8199006,0,0,0.3716037
9/20/2007 2:00:00 AM,0,0,-106.0111,90,0,0,0,0,0,-1,0,0,0,0,0,0,0,0,0,0,0,11.80586,0,0,0,0,2.800006,20,0.221648,0,0,0,0
9/20/2007 3:00:00 AM,0,0,-99.5817,90,0,0,0.5595011,0,0,-1,0,0,0,0,0.5595011,0.6154512,0,0,0,0,0,11.80586,0,0,0,0,2.800006,20,0.221648,0.6154512,0,0,0
9/20/2007 4:00:00 AM,0,0,-95.75429,90,0,0,1.633571,0,0,-1,0,0,0,0,1.633571,1.796928,0,0,0,0,0,11.80586,0,0,0,0,2.800006,20,0.221648,1.796928,0,0,0
9/20/2007 5:00:00 AM,0,0,-92.94234,90,0,0,0.5358669,0.5358669,4.04113,0,1.268229,0.5358669,0,0,0,0,0,0,0,3.505263,3.33,11.80586,0,3.33,0,3.33,5.959121,42.56506,0.2216799,0.5894536,0,5,0
9/20/2007 6:00:00 AM,0.03478931,0.5595634,-90.52425,89.52967,0.02999097,0.1345995,1.210498,1.210498,4.715761,0,1.452403,1.210498,11.11935,4.440892E-16,0,0,0.1345995,0,0,3.505263,3.33,8.475861,2.997,3.4646,0,3.4646,9.245929,66.04221,0.2217631,1.331548,0.1076796,5,3.131599
9/20/2007 7:00:00 AM,0.2206344,15.37216,-88.13586,74.53054,0.2215848,0.9944724,0.5237966,0.5237966,4.02906,0,1.264933,0.5237966,189.8585,0,0,0,0.9944724,0,0,3.505263,3.33,5.011261,6.115139,4.324472,0,4.324472,13.34848,95.34612,0.2217291,0.5761763,0.7955779,5,7.109612
9/20/2007 8:00:00 AM,0.3878399,30.16267,-85.42048,59.53156,0.3897574,1.749231,2.563546,2.563546,0,0,0,2.563546,68.23483,0,0,0,1.749231,2.698469,2.563546,0,0,0.6867883,10.00716,0,0.9492381,-0.9492381,12.3479,88.1991,0.2217291,2.8199,1.399385,0,11.7564
9/20/2007 9:00:00 AM,0.5338416,44.88589,-81.78135,44.53297,0.53656,2.408081,4.460579,3.33,0,-1,0,3.33,72.31475,0,1.130579,1.576637,2.408081,3.505263,3.33,0,0,1.741497,9.057927,0,1.097182,-1.097182,11.19137,79.93818,0.2217291,4.906637,1.926465,0,11.46601
9/20/2007 10:00:00 AM,0.6727213,59.42434,-75.66772,29.53546,0.6768362,3.037641,2.318063,2.318063,0,0,0,2.318063,131.0422,0,0,0,3.037641,2.440067,2.318063,0,0,2.960588,7.960745,0.5975743,0,0.5975743,11.75828,83.98752,0.2216902,2.54987,2.430113,0,10.99839
9/20/2007 11:00:00 AM,0.7231799,73.2675,-60.61557,14.54247,0.7271073,3.263258,2.438757,2.438757,0,0,0,2.438757,133.8082,0,0,0,3.263258,2.567112,2.438757,0,0,2.363014,8.498562,0.6961452,0,0.6961452,12.4187,88.7048,0.221645,2.682632,2.610606,0,11.76182
9/20/2007 12:00:00 PM,0.8522072,81.57574,3.213141,0.7789373,0.859437,3.857153,0.9074682,0.9074682,0,0,0,0.9074682,425.0456,1.235055,0,0,3.857153,0.9552297,0.9074682,0,0,1.666869,9.125093,1.666869,0,1.666869,14.00003,100,0.2215367,0.998215,3.085723,0,12.98225
9/20/2007 1:00:00 PM,0.8123986,72.45135,62.20517,15.48268,0.8190636,3.675957,1.245951,1.245951,0,0,0,1.245951,295.0322,2.36443,0,0,3.675957,1.311527,1.245951,0,0,0,10.62527,0,0,0,14.00003,100,0.2215367,1.370546,2.940766,0,14.30123
9/20/2007 2:00:00 PM,0.8310037,58.52282,76.19087,30.47627,0.8395194,3.767763,3.334753,3.33,0,-1,0,3.33,113.146,0.2624999,0.004753082,0.3382284,3.767763,3.505263,3.33,0,0,0,10.62527,0,0,0,14.00003,100,0.2215367,3.668228,3.01421,0,14.39304
9/20/2007 3:00:00 PM,0.6726873,43.96571,82.05688,45.47389,0.6792651,3.048542,5.308572,3.33,0,-1,0,3.33,91.5478,0,1.978572,2.509429,3.048542,3.505263,3.33,0,0,0,10.62527,0,0.4567214,-0.4567214,13.5186,96.56125,0.2215367,5.839429,2.438833,0,13.67382
9/20/2007 4:00:00 PM,0.3746322,29.23611,85.60941,60.47252,0.3764108,1.689332,0,0,0,-1,0,0,0,1.181864,0,0,1.689332,0,0,0,0,0.5074682,10.16855,0.5074682,0,0.5074682,14.00003,100,0.2215038,0,1.351465,0,11.85788
9/20/2007 5:00:00 PM,0.1928909,14.44321,88.29106,75.47151,0.1934344,0.8681335,3.10504,3.10504,0,-1,0,3.10504,27.95885,0,4.440892E-16,0.08554379,0.8681335,3.268463,3.10504,0,0,0,10.62527,0,2.400329,-2.400329,11.46986,81.9274,0.2215038,3.415544,0.6945068,0,11.49341
9/20/2007 6:00:00 PM,0.02440774,0,90.67171,90,0,0,4.726127,3.33,0,-1,0,3.33,0,0,1.396127,1.868739,0,3.505263,3.33,0,0,2.667033,8.224945,0,3.505263,-3.505263,7.774987,55.53551,0.2215038,5.198739,0,0,8.224945
9/20/2007 7:00:00 PM,0,0,93.10268,90,0,0,2.196891,2.196891,0,-1,0,2.196891,0,0,4.440892E-16,0,0,2.312516,2.196891,0,0,6.561769,4.719682,0,2.312516,-2.312516,5.33738,38.12407,0.2215038,2.41658,0,0,4.719682
9/20/2007 8:00:00 PM,0,0,95.95537,90,0,0,2.970649,2.286807,0,-1,0,2.286807,0,0,0.6838422,0.9809071,0,2.407165,2.286807,0,0,9.131232,2.407165,0,2.407165,-2.407165,2.800006,20,0.2215038,3.267714,0,0,2.407165
9/20/2007 9:00:00 PM,0,0,99.88174,90,0,0,0,0,0,-1,0,0,0,0,0,0,0,0,0,0,0,11.80586,0,0,0,0,2.800006,20,0.2215038,0,0,0,0
9/20/2007 10:00:00 PM,0,0,106.5861,90,0,0,0.3517696,0,0,-1,0,0,0,0,0.3517696,0.3869465,0,0,0,0,0,11.80586,0,0,0,0,2.800006,20,0.2215038,0.3869465,0,0,0
9/20/2007 11:00:00 PM,0,0,122.8752,90,0,0,0.6955675,0,0,-1,0,0,0,0,0.6955675,0.7651243,0,0,0,0,0,11.80586,0,0,0,0,2.800006,20,0.2215038,0.7651243,0,0,0
9/21/2007 12:00:00 AM,0,0,-176.4816,90,0,0,0,0,0,-1,0,0,0,0,0,0,0,0,0,0,0,11.80586,0,0,0,0,2.800006,20,0.2215038,0,0,0,0
9/21/2007 1:00:00 AM,0,0,-119.9261,90,0,0,0.6076466,0,0,-1,0,0,0,0,0.6076466,0.6684113,0,0,0,0,0,11.80586,0,0,0,0,2.800006,20,0.2215038,0.6684113,0,0,0
9/21/2007 2:00:00 AM,0,0,-105.2281,90,0,0,0.2447022,0,0,-1,0,0,0,0,0.2447022,0.2691724,0,0,0,0,0,11.80586,0,0,0,0,2.800006,20,0.2215038,0.2691724,0,0,0
9/21/2007 3:00:00 AM,0,0,-99.00852,90,0,0,0.2054666,0,0,-1,0,0,0,0,0.2054666,0.2260133,0,0,0,0,0,11.80586,0,0,0,0,2.800006,20,0.2215038,0.2260133,0,0,0
9/21/2007 4:00:00 AM,0,0,-95.28094,90,0,0,0.6366156,0,0,-1,0,0,0,0,0.6366156,0.7002771,0,0,0,0,0,11.80586,0,0,0,0,2.800006,20,0.2215038,0.7002771,0,0,0
9/21/2007 5:00:00 AM,0,0,-92.51572,90,0,0,0.5327587,0.5327587,4.038022,0,1.26738,0.5327587,0,0,0,0,0,0,0,3.505263,3.33,11.80586,0,3.33,0,3.33,5.959121,42.56506,0.2215354,0.5860346,0,5,0
9/21/2007 6:00:00 AM,0.02167104,0.5889916,-90.1109,89.43572,0.02136151,0.09587047,0.5295436,0.5295436,4.034807,0,1.266502,0.5295436,18.10436,0,0,0,0.09587047,0,0,3.505263,3.33,8.475861,2.997,3.42587,0,3.42587,9.209188,65.77978,0.2215605,0.582498,0.07669637,5,3.09287
9/21/2007 7:00:00 AM,0.05873358,15.39993,-87.70706,74.43582,0.05846232,0.2623789,3.358505,3.358505,5,0,1.53,3.358505,7.812373,0,0,0,0.2623789,0,0,1.641496,1.559421,5.04999,6.080284,1.8218,0,1.8218,10.9375,78.12483,0.2216102,3.694355,0.2099031,5,6.342662
9/21/2007 8:00:00 AM,0.1626284,30.18349,-84.94177,59.43594,0.1619162,0.7266799,1.19444,1.19444,3.827609,0,1.209937,1.19444,60.83853,0,0,0,0.7266799,0,0,2.633169,2.50151,3.22819,7.719903,3.22819,0,3.22819,14.00003,100,0.2216296,1.313884,0.5813439,5,8.446583
9/21/2007 9:00:00 AM,0.1073131,44.89108,-81.19653,44.43611,0.1068076,0.4793527,2.972198,2.972198,0,-1,0,2.972198,16.12789,0,4.440892E-16,0,0.4793527,3.128629,2.972198,0,0,0,10.62527,0,2.649276,-2.649276,11.20745,80.05302,0.2216296,3.269417,0.3834821,0,11.10463
9/21/2007 10:00:00 AM,0.2414235,59.39446,-74.85559,29.43641,0.2403396,1.078644,5.360228,5.360228,5,0,1.53,5.360228,20.1231,0,0,0,1.078644,0.3791874,0.360228,0,0,2.94364,7.975998,0.6994566,0,0.6994566,11.87101,84.79275,0.2216431,5.896251,0.8629152,5,9.054642
9/21/2007 11:00:00 AM,0.2899137,73.13821,-59.25323,14.43727,0.2886271,1.295358,3.463621,3.463621,4.365005,0,1.356646,3.463621,37.39897,0,0,0,1.295358,0,0,0.9013841,0.8563149,2.244184,8.605509,2.151673,0,2.151673,13.91226,99.37312,0.2216927,3.809983,1.036287,5,9.900867
9/21/2007 12:00:00 PM,0.7834009,81.16727,3.677694,0.6046788,0.7891789,3.541835,1.170547,1.170547,0,0,0,1.170547,302.5794,2.21717,0,0,3.541835,1.232155,1.170547,0,0,0.09251048,10.54202,0.09251048,0,0.09251048,14.00003,100,0.2216867,1.287602,2.833468,0,14.08385
9/21/2007 1:00:00 PM,0.6546718,72.1705,61.20242,15.56582,0.6571404,2.949246,6.067278,6.067278,3.265494,0,1.05648,6.067278,48.60904,0,0,0,2.949246,2.949246,2.801784,0,0,0,10.62527,0,0,0,14.00003,100,0.2216867,6.674006,2.359397,5,13.57452
9/21/2007 2:00:00 PM,0.3996657,58.31681,75.50433,30.56505,0.3986096,1.78896,3.334427,3.33,0,-1,0,3.33,53.72252,0,0.00442664,0.3378693,1.78896,3.505263,3.33,0,0,0,10.62527,0,1.716303,-1.716303,12.19089,87.07758,0.2216867,3.667869,1.431168,0,12.41423
9/21/2007 3:00:00 PM,0.2441278,43.78898,81.53694,45.56476,0.2431021,1.091042,1.434763,1.434763,0,-1,0,1.434763,76.04336,0,2.220446E-16,0,1.091042,1.510277,1.434763,0,0,1.907004,8.908971,0,0.4192349,-0.4192349,11.74897,83.92107,0.2216867,1.578239,0.8728336,0,10.00001
9/21/2007 4:00:00 PM,0.2813819,29.0729,85.17329,60.5646,0.2813775,1.262822,4.506039,3.33,0,-1,0,3.33,37.92259,0,1.176039,1.626643,1.262822,3.505263,3.33,0,0,2.37282,8.489736,0,2.242441,-2.242441,9.385233,67.03724,0.2216867,4.956643,1.010258,0,9.752558
9/21/2007 5:00:00 PM,0.1758504,14.28603,87.89529,75.56448,0.1765135,0.7921926,3.391807,3.33,0,-1,0,3.33,23.78957,0,0.06180705,0.4009877,0.7921926,3.505263,3.33,0,0,4.864421,6.247295,0,2.713071,-2.713071,6.525405,46.60994,0.2216867,3.730988,0.6337541,0,7.039488
9/21/2007 6:00:00 PM,0.02927105,0,90.2878,90,0,0,4.697709,3.33,0,-1,0,3.33,0,0,1.367709,1.83748,0,3.505263,3.33,0,0,7.878944,3.534225,0,3.505263,-3.505263,2.830534,20.21806,0.2216867,5.16748,0,0,3.534225
9/21/2007 7:00:00 PM,0,0,92.70601,90,0,0,3.251974,0.02751323,0,-1,0,0.02751323,0,0,3.224461,3.549658,0,0.0289613,0.02751323,0,0,11.77368,0.0289613,0,0.0289613,-0.0289613,2.800006,20,0.2216867,3.577171,0,0,0.0289613
9/21/2007 8:00:00 PM,0,0,95.5173,90,0,0,2.03245,0,0,-1,0,0,0,0,2.03245,2.235695,0,0,0,0,0,11.80586,0,0,0,0,2.800006,20,0.2216867,2.235695,0,0,0
9/21/2007 9:00:00 PM,0,0,99.35874,90,0,0,0.9949802,0,0,-1,0,0,0,0,0.9949802,1.094478,0,0,0,0,0,11.80586,0,0,0,0,2.800006,20,0.2216867,1.094478,0,0,0
9/21/2007 10:00:00 PM,0,0,105.8976,90,0,0,0.3132643,0,0,-1,0,0,0,0,0.3132643,0.3445907,0,0,0,0,0,11.80586,0,0,0,0,2.800006,20,0.2216867,0.3445907,0,0,0
9/21/2007 11:00:00 PM,0,0,121.9136,90,0,0,1.857619,0,0,-1,0,0,0,0,1.857619,2.043381,0,0,0,0,0,11.80586,0,0,0,0,2.800006,20,0.2216867,2.043381,0,0,0
9/22/2007 12:00:00 AM,0,0,-175.7152,90,0,0,1.185313,0,0,-1,0,0,0,0,1.185313,1.303844,0,0,0,0,0,11.80586,0,0,0,0,2.800006,20,0.2216867,1.303844,0,0,0
9/22/2007 1:00:00 AM,0,0,-118.6453,90,0,0,1.053593,0,0,-1,0,0,0,0,1.053593,1.158952,0,0,0,0,0,11.80586,0,0,0,0,2.800006,20,0.2216867,1.158952,0,0,0
9/22/2007 2:00:00 AM,0,0,-104.4437,90,0,0,0.4790477,0,0,-1,0,0,0,0,0.4790477,0.5269524,0,0,0,0,0,11.80586,0,0,0,0,2.800006,20,0.2216867,0.5269524,0,0,0
9/22/2007 3:00:00 AM,0,0,-98.43543,90,0,0,0.852244,0,0,-1,0,0,0,0,0.852244,0.9374685,0,0,0,0,0,11.80586,0,0,0,0,2.800006,20,0.2216867,0.9374685,0,0,0
9/22/2007 4:00:00 AM,0,0,-94.80776,90,0,0,0.6553541,0,0,-1,0,0,0,0,0.6553541,0.7208896,0,0,0,0,0,11.80586,0,0,0,0,2.800006,20,0.2216867,0.7208896,0,0,0
9/22/2007 5:00:00 AM,0,0,-92.08921,90,0,0,0.3693054,0.3693054,3.874569,0,1.222757,0.3693054,0,0,0,0,0,0,0,3.505263,3.33,11.80586,0,3.33,0,3.33,5.959121,42.56506,0.2217036,0.406236,0,5,0
9/22/2007 6:00:00 AM,0.03476958,0.6180421,-89.69755,89.34214,0.03669188,0.1646732,0.7415644,0.7415644,4.246828,0,1.324384,0.7415644,22.20618,4.440892E-16,0,0,0.1646732,0,0,3.505263,3.33,8.475861,2.997,3.494673,0,3.494673,9.274459,66.246,0.2217427,0.8157209,0.1317385,5,3.161673
9/22/2007 7:00:00 AM,0.234918,15.42654,-87.27814,74.34223,0.2377486,1.067016,4.872943,4.872943,5,0,1.53,4.872943,21.89674,0,0,0,1.067016,0,0,0.1270565,0.1207036,4.981187,6.142206,1.187719,0,1.187719,10.40123,74.29434,0.2217667,5.360238,0.8536125,5,7.209221
9/22/2007 8:00:00 AM,0.5131753,30.20222,-84.46288,59.34234,0.5201126,2.334265,1.16331,1.16331,2.699312,0,0.9019123,1.16331,200.6572,0,0,0,2.334265,0,0,1.536002,1.459202,3.793468,7.211153,3.793468,0,3.793468,14.00003,100,0.22165,1.279641,1.867412,5,9.545419
9/22/2007 9:00:00 AM,0.7454258,44.89293,-80.61165,44.34248,0.7554388,3.390409,0.3443601,0.3443601,0,-1,0,0.3443601,984.5534,3.027925,0,0,3.390409,0.3624843,0.3443601,0,0,0,10.62527,0,0,0,14.00003,100,0.22165,0.3787961,2.712327,0,14.01568
9/22/2007 10:00:00 AM,0.8000548,59.35921,-74.04511,29.34272,0.8095675,3.633339,2.550115,2.550115,0,0,0,2.550115,142.4774,0.9490072,0,0,3.633339,2.684332,2.550115,0,0,0,10.62527,0,0,0,14.00003,100,0.22165,2.805127,2.906671,0,14.25861
9/22/2007 11:00:00 AM,0.9820655,72.99976,-57.91218,14.34337,0.9949092,4.465152,0.1874895,0.1874895,0,0,0,0.1874895,2381.548,4.267795,0,0,4.465152,0.1973574,0.1874895,0,0,0,10.62527,0,0,0,14.00003,100,0.22165,0.2062385,3.572122,0,15.09043
9/22/2007 12:00:00 PM,0.9532799,80.75826,4.099316,0.6837338,0.9651129,4.331427,0.3742637,0.3742637,0,0,0,0.3742637,1157.319,3.937465,0,0,4.331427,0.3939618,0.3742637,0,0,0,10.62527,0,0,0,14.00003,100,0.22165,0.4116901,3.465142,0,14.9567
9/22/2007 1:00:00 PM,0.9337108,71.88496,60.22931,15.65888,0.9455251,4.243517,1.597046,1.597046,0,0,0,1.597046,265.7103,2.562415,0,0,4.243517,1.681101,1.597046,0,0,0,10.62527,0,0,0,14.00003,100,0.22165,1.756751,3.394813,0,14.86879
9/22/2007 2:00:00 PM,0.7916496,58.10748,74.82552,30.65831,0.8011057,3.595363,2.297573,2.297573,0,-1,0,2.297573,156.4852,1.176865,0,0,3.595363,2.418498,2.297573,0,0,0,10.62527,0,0,0,14.00003,100,0.22165,2.52733,2.87629,0,14.22064
9/22/2007 3:00:00 PM,0.6935759,43.61023,81.0199,45.65808,0.7026691,3.153579,0,0,0,-1,0,0,0,3.153579,0,0,3.153579,0,0,0,0,0,10.62527,0,0,0,14.00003,100,0.22165,0,2.522863,0,13.77885
9/22/2007 4:00:00 PM,0.4851903,28.90862,84.73841,60.65795,0.4916978,2.20674,2.914231,2.914231,0,-1,0,2.914231,75.72288,0,0,0,2.20674,3.067611,2.914231,0,0,0,10.62527,0,0.860872,-0.860872,13.09259,93.51831,0.22165,3.205654,1.765392,0,12.83201
9/22/2007 5:00:00 PM,0.1993829,14.12853,87.49995,75.65784,0.2014059,0.9039097,0,0,0,-1,0,0,0,0,0,0,0.9039097,0,0,0,0,0.9565245,9.764402,0.9039097,0,0.9039097,13.95011,99.64347,0.2215917,0,0.7231278,0,10.66831
9/22/2007 6:00:00 PM,0.01834075,0,89.90374,90,0,0,0,0,0,-1,0,0,0,0,0,0,0,0,0,0,0,0.05261471,10.57792,0,0,0,13.95011,99.64347,0.2215917,0,0,0,10.57792
9/22/2007 7:00:00 PM,0,0,92.30862,90,0,0,0.1220571,0.1220571,0,-1,0,0.1220571,0,0,1.387779E-17,0,0,0.1284812,0.1220571,0,0,0.05261471,10.57792,0,0.1284812,-0.1284812,13.81468,98.6761,0.2215917,0.1342629,0,0,10.57792
9/22/2007 8:00:00 PM,0,0,95.07763,90,0,0,5.720829,3.33,0,-1,0,3.33,0,0,2.390829,2.962912,0,3.505263,3.33,0,0,0.1953716,10.44944,0,3.505263,-3.505263,10.11981,72.28422,0.2215917,6.292912,0,0,10.44944
9/22/2007 9:00:00 PM,0,0,98.83224,90,0,0,0,0,0,-1,0,0,0,0,0,0,0,0,0,0,0,4.090108,6.944177,0,0,0,10.11981,72.28422,0.2215917,0,0,0,6.944177
9/22/2007 10:00:00 PM,0,0,105.2,90,0,0,0.4428113,0.4428113,0,-1,0,0.4428113,0,0,5.551115E-17,0,0,0.4661172,0.4428113,0,0,4.090108,6.944177,0,0.4661172,-0.4661172,9.62848,68.77472,0.2215917,0.4870924,0,0,6.944177
9/22/2007 11:00:00 PM,0,0,120.9179,90,0,0,0.7529274,0.7529274,0,-1,0,0.7529274,0,0,1.110223E-16,0,0,0.7925552,0.7529274,0,0,4.608016,6.478059,0,0.7925552,-0.7925552,8.793054,62.8074,0.2215917,0.8282202,0,0,6.478059
9/23/2007 12:00:00 AM,0,0,-174.8807,90,0,0,0,0,0,-1,0,0,0,0,0,0,0,0,0,0,0,5.488633,5.685504,0,0,0,8.793054,62.8074,0.2215917,0,0,0,5.685504
9/23/2007 1:00:00 AM,0,0,-117.3487,90,0,0,1.099541,1.099541,0,-1,0,1.099541,0,0,0,0,0,1.157412,1.099541,0,0,5.488633,5.685504,0,1.157412,-1.157412,7.573034,54.09299,0.2215917,1.209495,0,0,5.685504
9/23/2007 2:00:00 AM,0,0,-103.6584,90,0,0,0,0,0,-1,0,0,0,0,0,0,0,0,0,0,0,6.774646,4.528092,0,0,0,7.573034,54.09299,0.2215917,0,0,0,4.528092
9/23/2007 3:00:00 AM,0,0,-97.86264,90,0,0,0.7041377,0.7041377,0,-1,0,0.7041377,0,0,1.110223E-16,0,0,0.7411975,0.7041377,0,0,6.774646,4.528092,0,0.7411975,-0.7411975,6.791743,48.51236,0.2215917,0.7745515,0,0,4.528092
9/23/2007 4:00:00 AM,0,0,-94.33493,90,0,0,1.23767,1.23767,0,-1,0,1.23767,0,0,2.220446E-16,0,0,1.302811,1.23767,0,0,7.598199,3.786895,0,1.302811,-1.302811,5.41846,38.70321,0.2215917,1.361437,0,0,3.786895
9/23/2007 5:00:00 AM,0,0,-91.66293,90,0,0,0.7782889,0.7782889,0,0,0,0.7782889,0,0,1.110223E-16,0,0,0.8192515,0.7782889,0,0,9.045767,2.484084,0,0.8192515,-0.8192515,4.554893,32.53489,0.2215917,0.8561178,0,0,2.484084
9/23/2007 6:00:00 AM,0.02678486,0.6466204,-89.28432,89.24905,0.02888333,0.1296284,0.4331665,0.4331665,0,0,0,0.4331665,29.92576,0,0,0,0.1296284,0.4559647,0.4331665,0,0,9.956046,1.664833,0,0.3263364,-0.3263364,4.210905,30.07783,0.2215917,0.4764832,0.1037027,0,1.794461
9/23/2007 7:00:00 AM,0.1770682,15.45188,-86.84925,74.2499,0.1781089,0.7993526,7.060861,7.030956,5,0,1.53,7.030956,11.36905,0,0.02990467,1.343499,0.7993526,2.137849,2.030957,0,0,10.31864,1.338496,0,1.338496,-1.338496,2.800006,20,0.2215917,7.766947,0.6394821,5,2.137849
9/23/2007 8:00:00 AM,0.4009916,30.21877,-83.98398,59.25089,0.4050502,1.817865,3.909657,3.909657,5,0,1.53,3.909657,46.49679,0,0,0,1.817865,0,0,1.090342,1.035825,11.80586,0,2.853691,0,2.853691,5.507254,39.33745,0.2216563,4.300623,1.454292,5,1.817865
9/23/2007 9:00:00 AM,0.7119405,44.89137,-80.027,44.25222,0.722325,3.241795,0.9382203,0.9382203,0,-1,0,0.9382203,345.5259,0,0,0,3.241795,0.9876004,0.9382203,0,0,8.952169,2.568321,2.254194,0,2.254194,7.645771,54.61254,0.2215113,1.032042,2.593436,0,5.810116
9/23/2007 10:00:00 AM,0.9218799,59.31852,-73.23683,29.25455,0.9353151,4.197694,3.808397,3.808397,5,0,1.53,3.808397,110.2221,0,0,0,4.197694,0,0,1.191603,1.132023,6.697976,4.597096,5.329717,0,5.329717,12.70198,90.72827,0.2214988,4.189237,3.358155,5,8.79479
9/23/2007 11:00:00 AM,0.818614,72.85232,-56.59385,14.26111,0.8276308,3.714407,2.057162,2.057162,0,0,0,2.057162,180.5598,0.1807149,0,0,3.714407,2.165433,2.057162,0,0,1.368259,9.393842,1.368259,0,1.368259,14.00003,100,0.221411,2.262878,2.971525,0,13.10825
9/23/2007 12:00:00 PM,0.7999324,80.34887,4.482799,0.9549617,0.8075522,3.624294,1.240846,1.240846,0,0,0,1.240846,292.0825,2.318141,0,0,3.624294,1.306154,1.240846,0,0,0,10.62527,0,0,0,14.00003,100,0.221411,1.364931,2.899436,0,14.24957
9/23/2007 1:00:00 PM,0.9496688,71.59509,59.28503,15.76158,0.9629084,4.321533,3.561737,3.561737,1.25,0,0.50625,3.561737,121.3322,1.888126,0,0,4.321533,2.433407,2.311737,0,0,0,10.62527,0,0,0,14.00003,100,0.221411,3.91791,3.457226,5,14.94681
9/23/2007 2:00:00 PM,0.9425494,57.89503,74.15453,30.75589,0.956388,4.292269,6.468508,3.33,0,-1,0,3.33,128.897,0.7870062,3.138508,3.785359,4.292269,3.505263,3.33,0,0,0,10.62527,0,0,0,14.00003,100,0.221411,7.115359,3.433815,0,14.91754
9/23/2007 3:00:00 PM,0.7183015,43.42961,80.50587,45.75372,0.7290241,3.27186,3.792552,3.33,0,-1,0,3.33,98.25405,0,0.4625514,0.8418066,3.27186,3.505263,3.33,0,0,0,10.62527,0,0.2334033,-0.2334033,13.754,98.24265,0.221411,4.171807,2.617488,0,13.89713
9/23/2007 4:00:00 PM,0.4279513,28.7434,84.30488,60.75244,0.4336665,1.946295,3.989341,3.33,0,-1,0,3.33,58.4473,0,0.6593406,1.058275,1.946295,3.505263,3.33,0,0,0.2593369,10.39187,0,1.558968,-1.558968,12.1107,86.50484,0.221411,4.388275,1.557036,0,12.33817
9/23/2007 5:00:00 PM,0.2367199,13.97084,87.10514,75.75148,0.2410781,1.081959,1.061424,1.061424,0,-1,0,1.061424,101.9347,0,0,0,1.081959,1.117288,1.061424,0,0,1.991524,8.832903,0,0.03532953,-0.03532953,12.07346,86.23885,0.221411,1.167566,0.8655668,0,9.914862
9/23/2007 6:00:00 PM,0.02131121,0,89.51965,90,0,0,6.42409,3.33,0,-1,0,3.33,0,0,3.09409,3.736499,0,3.505263,3.33,0,0,2.030779,8.797573,0,3.505263,-3.505263,8.378591,59.84695,0.221411,7.066499,0,0,8.797573
9/23/2007 7:00:00 PM,0,0,91.9106,90,0,0,1.850112,1.850112,0,-1,0,1.850112,0,0,2.220446E-16,0,0,1.947486,1.850112,0,0,5.925516,5.29231,0,1.947486,-1.947486,6.325759,45.18391,0.221411,2.035123,0,0,5.29231
9/23/2007 8:00:00 PM,0,0,94.63645,90,0,0,0.816401,0.816401,0,-1,0,0.816401,0,0,1.110223E-16,0,0,0.8593695,0.816401,0,0,8.089389,3.344824,0,0.8593695,-0.8593695,5.419905,38.71353,0.221411,0.8980411,0,0,3.344824
9/23/2007 9:00:00 PM,0,0,98.30239,90,0,0,2.122883,2.122883,0,-1,0,2.122883,0,0,0,0,0,2.234613,2.122883,0,0,9.044244,2.485454,0,2.234613,-2.234613,3.064415,21.88864,0.221411,2.335171,0,0,2.485454
9/23/2007 10:00:00 PM,0,0,104.4935,90,0,0,1.278383,0.238299,0,-1,0,0.238299,0,0,1.040084,1.167922,0,0.2508411,0.238299,0,0,11.52715,0.2508411,0,0.2508411,-0.2508411,2.800006,20,0.221411,1.406221,0,0,0.2508411
9/23/2007 11:00:00 PM,0,0,119.8872,90,0,0,1.035528,0,0,-1,0,0,0,0,1.035528,1.13908,0,0,0,0,0,11.80586,0,0,0,0,2.800006,20,0.221411,1.13908,0,0,0
9/24/2007 12:00:00 AM,0,0,-173.9693,90,0,0,0.3309574,0,0,-1,0,0,0,0,0.3309574,0.3640531,0,0,0,0,0,11.80586,0,0,0,0,2.800006,20,0.221411,0.3640531,0,0,0
9/24/2007 1:00:00 AM,0,0,-116.0375,90,0,0,0.6063686,0,0,-1,0,0,0,0,0.6063686,0.6670055,0,0,0,0,0,11.80586,0,0,0,0,2.800006,20,0.221411,0.6670055,0,0,0
9/24/2007 2:00:00 AM,0,0,-102.8727,90,0,0,0.5770688,0,0,-1,0,0,0,0,0.5770688,0.6347757,0,0,0,0,0,11.80586,0,0,0,0,2.800006,20,0.221411,0.6347757,0,0,0
9/24/2007 3:00:00 AM,0,0,-97.2904,90,0,0,0.2686076,0,0,-1,0,0,0,0,0.2686076,0.2954683,0,0,0,0,0,11.80586,0,0,0,0,2.800006,20,0.221411,0.2954683,0,0,0
9/24/2007 4:00:00 AM,0,0,-93.86261,90,0,0,1.1294,0,0,-1,0,0,0,0,1.1294,1.24234,0,0,0,0,0,11.80586,0,0,0,0,2.800006,20,0.221411,1.24234,0,0,0
9/24/2007 5:00:00 AM,0,0,-91.23703,90,0,0,0.5043211,0.5043211,4.009584,0,1.259616,0.5043211,0,0,0,0,0,0,0,3.505263,3.33,11.80586,0,3.33,0,3.33,5.959121,42.56506,0.2214399,0.5547532,0,5,0
9/24/2007 6:00:00 AM,0.02707504,0.6746321,-88.87136,89.15656,0.03042295,0.1365382,0.8311662,0.8311662,4.33643,0,1.348845,0.8311662,16.4273,0,0,0,0.1365382,0,0,3.505263,3.33,8.475861,2.997,3.466538,0,3.466538,9.247767,66.05535,0.2214886,0.9142829,0.1092305,5,3.133538
9/24/2007 7:00:00 AM,0.1412869,15.47587,-86.42053,74.15894,0.1414096,0.6346462,4.444322,4.444322,5,0,1.53,4.444322,14.27993,0,0,0,0.6346462,0,0,0.5556778,0.5278939,5.009322,6.116884,1.16254,0,1.16254,10.35065,73.93307,0.2215158,4.888754,0.507717,5,6.751531
9/24/2007 8:00:00 AM,0.4307387,30.23306,-83.50525,59.16169,0.4367278,1.960034,0.9498255,0.9498255,2.935875,0,0.966494,0.9498255,206.3573,0,0,0,1.960034,0,0,1.98605,1.886747,3.846782,7.16317,3.846782,0,3.846782,14.00003,100,0.2214174,1.044808,1.568027,5,9.123205
9/24/2007 9:00:00 AM,0.4358666,44.88633,-79.44285,44.16546,0.4371164,1.961779,1.532442,1.532442,0,-1,0,1.532442,128.0165,0.3486817,0,0,1.961779,1.613097,1.532442,0,0,0,10.62527,0,0,0,14.00003,100,0.2214174,1.685686,1.569423,0,12.58705
9/24/2007 10:00:00 AM,0.7536831,59.27237,-72.4313,29.17207,0.763311,3.42574,2.645895,2.645895,0,0,0,2.645895,129.4738,0.6405873,0,0,3.42574,2.785153,2.645895,0,0,0,10.62527,0,0,0,14.00003,100,0.2214174,2.910485,2.740592,0,14.05101
9/24/2007 11:00:00 AM,0.8131087,72.69612,-55.29953,14.19078,0.8226636,3.692114,4.327837,4.327837,1.25,0,0.50625,4.327837,85.31086,0.4522865,0,0,3.692114,3.239828,3.077837,0,0,0,10.62527,0,0,0,14.00003,100,0.2214174,4.76062,2.953691,5,14.31739
9/24/2007 12:00:00 PM,0.9457446,79.93932,4.832188,1.303147,0.9593189,4.305423,3.83758,3.83758,1.25,0,0.50625,3.83758,112.1911,1.581654,0,0,4.305423,2.723769,2.58758,0,0,0,10.62527,0,0,0,14.00003,100,0.2214174,4.221339,3.444338,5,14.9307
9/24/2007 1:00:00 PM,0.7561954,71.30128,58.36876,15.87359,0.7636859,3.427423,1.541863,1.541863,0,0,0,1.541863,222.291,1.804409,0,0,3.427423,1.623013,1.541863,0,0,0,10.62527,0,0,0,14.00003,100,0.2214174,1.696049,2.741938,0,14.0527
9/24/2007 2:00:00 PM,0.482297,57.67968,73.49146,30.85765,0.4827126,2.166414,1.376012,1.376012,0,-1,0,1.376012,157.4415,0.7179808,0,0,2.166414,1.448433,1.376012,0,0,0,10.62527,0,0,0,14.00003,100,0.2214174,1.513613,1.733131,0,12.79169
9/24/2007 3:00:00 PM,0.3836654,43.2473,79.99499,45.85155,0.3839214,1.723039,2.450879,2.450879,0,-1,0,2.450879,70.3029,0,0,0,1.723039,2.579873,2.450879,0,0,0,10.62527,0,0.8568337,-0.8568337,13.09685,93.54871,0.2214174,2.695967,1.378432,0,12.34831
9/24/2007 4:00:00 PM,0.1063532,28.57739,83.8728,60.84795,0.1058766,0.4751743,4.518058,3.33,0,-1,0,3.33,14.2695,0,1.188058,1.639864,0.4751743,3.505263,3.33,0,0,0.9520375,9.76844,0,3.030089,-3.030089,9.902852,70.73451,0.2214174,4.969864,0.3801394,0,10.24362
9/24/2007 5:00:00 PM,0.04777559,13.8131,86.71096,75.84526,0.04756338,0.2134645,3.248544,3.248544,0,-1,0,3.248544,6.571081,0,4.440892E-16,0.2433982,0.2134645,3.41952,3.248544,0,0,4.318803,6.738352,0,3.206055,-3.206055,6.523373,46.59542,0.2214174,3.573398,0.1707716,0,6.951816
9/24/2007 6:00:00 PM,0.0138226,0,89.13562,90,0,0,1.004311,1.004311,0,-1,0,1.004311,0,0,0,0,0,1.05717,1.004311,0,0,7.881087,3.532296,0,1.05717,-1.05717,5.409018,38.63577,0.2214174,1.104743,0,0,3.532296
9/24/2007 7:00:00 PM,0,0,91.51206,90,0,0,6.058693,2.35137,0,-1,0,2.35137,0,0,3.707323,4.313192,0,2.475126,2.35137,0,0,9.05572,2.475126,0,2.475126,-2.475126,2.800006,20,0.2214174,6.664563,0,0,2.475126
9/24/2007 8:00:00 PM,0,0,94.19389,90,0,0,7.488385,0,0,-1,0,0,0,0,7.488385,8.237224,0,0,0,0,0,11.80586,0,0,0,0,2.800006,20,0.2214174,8.237224,0,0,0
9/24/2007 9:00:00 PM,0,0,97.76933,90,0,0,10.52182,0,0,-1,0,0,0,0,10.52182,11.574,0,0,0,0,0,11.80586,0,0,0,0,2.800006,20,0.2214174,11.574,0,0,0
9/24/2007 10:00:00 PM,0,0,103.7782,90,0,0,1.450769,0,0,-1,0,0,0,0,1.450769,1.595846,0,0,0,0,0,11.80586,0,0,0,0,2.800006,20,0.2214174,1.595846,0,0,0
9/24/2007 11:00:00 PM,0,0,118.8205,90,0,0,1.135346,0,0,-1,0,0,0,0,1.135346,1.248881,0,0,0,0,0,11.80586,0,0,0,0,2.800006,20,0.2214174,1.248881,0,0,0
9/25/2007 12:00:00 AM,0,0,-172.9707,90,0,0,1.031696,0,0,-1,0,0,0,0,1.031696,1.134865,0,0,0,0,0,11.80586,0,0,0,0,2.800006,20,0.2214174,1.134865,0,0,0
9/25/2007 1:00:00 AM,0,0,-114.7132,90,0,0,0.5875328,0,0,-1,0,0,0,0,0.5875328,0.646286,0,0,0,0,0,11.80586,0,0,0,0,2.800006,20,0.2214174,0.646286,0,0,0
9/25/2007 2:00:00 AM,0,0,-102.0869,90,0,0,0.9987385,0,0,-1,0,0,0,0,0.9987385,1.098612,0,0,0,0,0,11.80586,0,0,0,0,2.800006,20,0.2214174,1.098612,0,0,0
9/25/2007 3:00:00 AM,0,0,-96.71893,90,0,0,0.2818715,0,0,-1,0,0,0,0,0.2818715,0.3100586,0,0,0,0,0,11.80586,0,0,0,0,2.800006,20,0.2214174,0.3100586,0,0,0
9/25/2007 4:00:00 AM,0,0,-93.39096,90,0,0,0.1002866,0,0,-1,0,0,0,0,0.1002866,0.1103152,0,0,0,0,0,11.80586,0,0,0,0,2.800006,20,0.2214174,0.1103152,0,0,0
9/25/2007 5:00:00 AM,0,0,-90.81165,90,0,0,1.094905,1.094905,4.600168,0,1.420846,1.094905,0,0,0,0,0,0,0,3.505263,3.33,11.80586,0,3.33,0,3.33,5.959121,42.56506,0.2214978,1.204396,0,5,0
9/25/2007 6:00:00 AM,0.02492888,0.7019835,-88.45879,89.0648,0.02805243,0.1258993,0,0,3.505263,0,1.121937,0,0,0,0,0,0.1258993,0,0,3.505263,3.33,8.475861,2.997,3.455899,0,3.455899,9.237675,65.98326,0.2214744,0,0.1007194,5,3.122899
9/25/2007 7:00:00 AM,0.1433036,15.49841,-85.99215,74.06947,0.1435889,0.6444269,0,0,3.505263,0,1.121937,0,0,0,0,0,0.6444269,0,0,3.505263,3.33,5.019961,6.107309,3.974427,0,3.974427,13.00815,92.91515,0.2214179,0,0.5155415,5,6.751736
9/25/2007 8:00:00 AM,0.3230548,30.245,-83.02689,59.07487,0.3247665,1.457552,0,0,0,0,0,0,0,0.412018,0,0,1.457552,0,0,0,0,1.045534,9.684294,1.045534,0,1.045534,14.00003,100,0.2213514,0,1.166042,0,11.14185
9/25/2007 9:00:00 AM,0.5506478,44.87771,-78.85947,44.08232,0.5566406,2.498203,1.114993,1.114993,0,-1,0,1.114993,224.0556,1.324527,0,0,2.498203,1.173676,1.114993,0,0,0,10.62527,0,0,0,14.00003,100,0.2213514,1.226492,1.998562,0,13.12348
9/25/2007 10:00:00 AM,0.7026049,59.22072,-71.62909,29.0954,0.7108593,3.190337,0.7067616,0.7067616,0,0,0,0.7067616,451.4021,2.446377,0,0,3.190337,0.7439596,0.7067616,0,0,0,10.62527,0,0,0,14.00003,100,0.2213514,0.7774377,2.552269,0,13.81561
9/25/2007 11:00:00 AM,0.9316434,72.5314,-54.03041,14.13263,0.9463117,4.247046,4.775706,4.775706,1.445706,0,0.5596777,4.775706,88.93024,0.7417835,0,0,4.247046,3.505263,3.33,0,0,0,10.62527,0,0,0,14.00003,100,0.2213514,5.253276,3.397637,5,14.87232
9/25/2007 12:00:00 PM,0.737517,79.52979,5.150918,1.680752,0.7438534,3.338414,4.95171,4.95171,1.780217,0,0.6509992,4.95171,67.41942,0,0,0,3.338414,3.338414,3.171494,0,0,0,10.62527,0,0,0,14.00003,100,0.2213514,5.446881,2.670732,5,13.96369
9/25/2007 1:00:00 PM,0.3190924,71.00388,57.47964,15.99457,0.3177702,1.426153,6.384037,6.384037,5,0,1.53,6.384037,22.33936,0,0,0,1.426153,1.456882,1.384037,0,0,0,10.62527,0,0.03072877,-0.03072877,13.96764,99.76864,0.2213514,7.022441,1.140922,5,12.05143
9/25/2007 2:00:00 PM,0.514631,57.46164,72.8364,30.9634,0.5160622,2.316087,2.487956,2.487956,0,-1,0,2.487956,93.09198,0,0,0,2.316087,2.618901,2.487956,0,0,0.03414308,10.59455,0,0.3028136,-0.3028136,13.64844,97.48869,0.2213514,2.736751,1.85287,0,12.91063
9/25/2007 3:00:00 PM,0.5567726,43.06347,79.48734,45.95142,0.5637277,2.53001,1.246666,1.246666,0,-1,0,1.246666,202.9421,0.8471276,0,0,2.53001,1.31228,1.246666,0,0,0.3706026,10.29173,0.3706026,0,0.3706026,14.00003,100,0.2213278,1.371332,2.024008,0,12.82174
9/25/2007 4:00:00 PM,0.4993989,28.41074,83.44228,60.94435,0.5095804,2.286997,1.969536,1.969536,0,-1,0,1.969536,116.1186,0.2138015,0,0,2.286997,2.073195,1.969536,0,0,0,10.62527,0,0,0,14.00003,100,0.2213278,2.166489,1.829597,0,12.91227
9/25/2007 5:00:00 PM,0.1971901,13.65546,86.31749,75.93908,0.2013965,0.9038677,3.157058,3.157058,0,-1,0,3.157058,28.63007,0,0,0.1427633,0.9038677,3.323219,3.157058,0,0,0,10.62527,0,2.419351,-2.419351,11.44981,81.78418,0.2213278,3.472763,0.7230942,0,11.52914
9/25/2007 6:00:00 PM,0.01814029,0,88.75174,90,0,0,1.029687,1.029687,0,-1,0,1.029687,0,0,0,0,0,1.083881,1.029687,0,0,2.688168,8.205923,0,1.083881,-1.083881,10.3073,73.62341,0.2213278,1.132656,0,0,8.205923
9/25/2007 7:00:00 PM,0,0,91.11311,90,0,0,3.591594,3.33,0,-1,0,3.33,0,0,0.2615938,0.6207532,0,3.505263,3.33,0,0,3.89248,7.122042,0,3.505263,-3.505263,6.612425,47.23151,0.2213278,3.950753,0,0,7.122042
9/25/2007 8:00:00 PM,0,0,93.75007,90,0,0,0.3897707,0.3897707,0,-1,0,0.3897707,0,0,5.551115E-17,0,0,0.4102849,0.3897707,0,0,7.787217,3.616779,0,0.4102849,-0.4102849,6.179947,44.14239,0.2213278,0.4287477,0,0,3.616779
9/25/2007 9:00:00 PM,0,0,97.23322,90,0,0,0,0,0,-1,0,0,0,0,0,0,0,0,0,0,0,8.243089,3.206494,0,0,0,6.179947,44.14239,0.2213278,0,0,0,3.206494
9/25/2007 10:00:00 PM,0,0,103.0544,90,0,0,0.2782929,0.2782929,0,-1,0,0.2782929,0,0,0,0,0,0.2929399,0.2782929,0,0,8.243089,3.206494,0,0.2929399,-0.2929399,5.871161,41.93678,0.2213278,0.3061222,0,0,3.206494
9/25/2007 11:00:00 PM,0,0,117.7167,90,0,0,0.6878295,0.6878295,0,-1,0,0.6878295,0,0,0,0,0,0.724031,0.6878295,0,0,8.568578,2.913554,0,0.724031,-0.724031,5.107966,36.4854,0.2213278,0.7566124,0,0,2.913554
9/26/2007 12:00:00 AM,0,0,-171.8726,90,0,0,0,0,0,-1,0,0,0,0,0,0,0,0,0,0,0,9.373056,2.189523,0,0,0,5.107966,36.4854,0.2213278,0,0,0,2.189523
9/26/2007 1:00:00 AM,0,0,-113.3773,90,0,0,1.330612,1.330612,0,-1,0,1.330612,0,0,2.220446E-16,0,0,1.400644,1.330612,0,0,9.373056,2.189523,0,1.400644,-1.400644,3.631557,25.93964,0.2213278,1.463673,0,0,2.189523
9/26/2007 2:00:00 AM,0,0,-101.3016,90,0,0,1.013022,0.7494351,0,-1,0,0.7494351,0,0,0.2635871,0.3648893,0,0.788879,0.7494351,0,0,10.92933,0.788879,0,0.788879,-0.788879,2.800006,20,0.2213278,1.114324,0,0,0.788879
9/26/2007 3:00:00 AM,0,0,-96.14845,90,0,0,1.772087,0,0,-1,0,0,0,0,1.772087,1.949295,0,0,0,0,0,11.80586,0,0,0,0,2.800006,20,0.2213278,1.949295,0,0,0
9/26/2007 4:00:00 AM,0,0,-92.92014,90,0,0,0.6653693,0,0,-1,0,0,0,0,0.6653693,0.7319062,0,0,0,0,0,11.80586,0,0,0,0,2.800006,20,0.2213278,0.7319062,0,0,0
9/26/2007 5:00:00 AM,0,0,-90.38692,90,0,0,1.276246,1.276246,4.781509,0,1.470352,1.276246,0,4.440892E-16,0,0,0,0,0,3.505263,3.33,11.80586,0,3.33,0,3.33,5.959121,42.56506,0.2214215,1.40387,0,5,0
9/26/2007 6:00:00 AM,0.02879219,0.7285813,-88.04675,88.97387,0.03542748,0.1589985,1.229607,1.229607,4.73487,0,1.45762,1.229607,12.93084,0,0,0,0.1589985,0,0,3.505263,3.33,8.475861,2.997,3.488999,0,3.488999,9.269075,66.20755,0.2215032,1.352568,0.1271988,5,3.155998
9/26/2007 7:00:00 AM,0.2247239,15.51942,-85.56423,73.98159,0.229943,1.031984,0,0,3.505263,0,1.121937,0,0,0,0,0,1.031984,0,0,3.505263,3.33,4.986862,6.137099,4.361984,0,4.361984,13.40722,95.76565,0.2214223,0,0.8255873,5,7.169083
9/26/2007 8:00:00 AM,0.4426639,30.2545,-82.54906,58.99055,0.4507289,2.022871,4.037607,4.037607,2.709513,0,0.904697,4.037607,50.10075,2.220446E-16,0,0,2.022871,1.397994,1.328094,0,0,0.6248775,10.06288,0.6248775,0,0.6248775,14.00003,100,0.2214343,4.441368,1.618297,5,12.08576
9/26/2007 9:00:00 AM,0.4600875,44.86547,-78.27715,44.00292,0.4626476,2.076363,3.213414,3.213414,0,-1,0,3.213414,64.61546,0,4.440892E-16,0.2047558,2.076363,3.382541,3.213414,0,0,0,10.62527,0,1.306179,-1.306179,12.62319,90.1655,0.2214343,3.534756,1.66109,0,12.70164
9/26/2007 10:00:00 AM,0.7430044,59.16356,-70.83071,29.0247,0.7537426,3.382797,0,0,0,0,0,0,0,1.931487,0,0,3.382797,0,0,0,0,1.45131,9.319096,1.45131,0,1.45131,14.00003,100,0.2213422,0,2.706237,0,12.70189
9/26/2007 11:00:00 AM,0.6236826,72.35841,-52.78749,14.08687,0.6267539,2.812871,2.865097,2.865097,0,0,0,2.865097,98.17718,0,0,0,2.812871,3.015892,2.865097,0,0,0,10.62527,0,0.2030203,-0.2030203,13.78603,98.47141,0.2213422,3.151607,2.250297,0,13.43815
9/26/2007 12:00:00 PM,0.9823866,79.12046,5.441931,2.07133,0.9990916,4.483923,1.455007,1.455007,0,0,0,1.455007,308.1719,2.726759,0,0,4.483923,1.531586,1.455007,0,0,0.2255781,10.42225,0.2255781,0,0.2255781,14.00003,100,0.2213279,1.600507,3.587138,0,14.90618
9/26/2007 1:00:00 PM,0.970474,70.70325,56.6168,16.12416,0.9874572,4.431708,0,0,0,0,0,0,0,4.431708,0,0,4.431708,0,0,0,0,0,10.62527,0,0,0,14.00003,100,0.2213279,0,3.545366,0,15.05698
9/26/2007 2:00:00 PM,0.900723,57.24113,72.18938,31.07297,0.9172716,4.116715,0,0,0,-1,0,0,0,4.116715,0,0,4.116715,0,0,0,0,0,10.62527,0,0,0,14.00003,100,0.2213279,0,3.293372,0,14.74199
9/26/2007 3:00:00 PM,0.6332411,42.87827,78.98303,46.05321,0.6444542,2.89231,2.944092,2.944092,0,-1,0,2.944092,98.24116,0,0,0,2.89231,3.099045,2.944092,0,0,0,10.62527,0,0.2067343,-0.2067343,13.78211,98.44345,0.2213279,3.238502,2.313848,0,13.51758
9/26/2007 4:00:00 PM,0.3092434,28.2436,83.01339,61.04152,0.3114208,1.397656,2.741612,2.741612,0,-1,0,2.741612,50.97936,0,0,0,1.397656,2.885908,2.741612,0,0,0.2297047,10.41854,0,1.488251,-1.488251,12.21336,87.23808,0.2213279,3.015773,1.118125,0,11.8162
9/26/2007 5:00:00 PM,0.149738,13.49805,85.92484,76.03281,0.1513164,0.679108,0,0,0,-1,0,0,0,0,0,0,0.679108,0,0,0,0,1.883317,8.930288,0.679108,0,0.679108,12.85761,91.83992,0.2212848,0,0.5432864,0,9.609397
9/26/2007 6:00:00 PM,0.01099833,0,88.3681,90,0,0,0,0,0,-1,0,0,0,0,0,0,0,0,0,0,0,1.204209,9.541486,0,0,0,12.85761,91.83992,0.2212848,0,0,0,9.541486
9/26/2007 7:00:00 PM,0,0,90.71384,90,0,0,0,0,0,-1,0,0,0,0,0,0,0,0,0,0,0,1.204209,9.541486,0,0,0,12.85761,91.83992,0.2212848,0,0,0,9.541486
9/26/2007 8:00:00 PM,0,0,93.30511,90,0,0,5.989795,3.33,0,-1,0,3.33,0,0,2.659795,3.258774,0,3.505263,3.33,0,0,1.204209,9.541486,0,3.505263,-3.505263,9.162744,65.44804,0.2212848,6.588774,0,0,9.541486
9/26/2007 9:00:00 PM,0,0,96.69423,90,0,0,1.26495,1.26495,0,-1,0,1.26495,0,0,0,0,0,1.331526,1.26495,0,0,5.098946,6.036223,0,1.331526,-1.331526,7.759191,55.42268,0.2212848,1.391445,0,0,6.036223
9/26/2007 10:00:00 PM,0,0,102.3222,90,0,0,0.453951,0.453951,0,-1,0,0.453951,0,0,5.551115E-17,0,0,0.4778432,0.453951,0,0,6.57842,4.704697,0,0.4778432,-0.4778432,7.2555,51.8249,0.2212848,0.4993461,0,0,4.704697
9/26/2007 11:00:00 PM,0,0,116.575,90,0,0,0.1907871,0.1907871,0,-1,0,0.1907871,0,0,0,0,0,0.2008285,0.1907871,0,0,7.109356,4.226853,0,0.2008285,-0.2008285,7.043808,50.31282,0.2212848,0.2098658,0,0,4.226853
9/27/2007 12:00:00 AM,0,0,-170.6603,90,0,0,0,0,0,-1,0,0,0,0,0,0,0,0,0,0,0,7.332499,4.026025,0,0,0,7.043808,50.31282,0.2212848,0,0,0,4.026025
9/27/2007 1:00:00 AM,0,0,-112.0313,90,0,0,1.099604,1.099604,0,-1,0,1.099604,0,0,2.220446E-16,0,0,1.157478,1.099604,0,0,7.332499,4.026025,0,1.157478,-1.157478,5.82372,41.59792,0.2212848,1.209564,0,0,4.026025
9/27/2007 2:00:00 AM,0,0,-100.5172,90,0,0,0.423565,0.423565,0,-1,0,0.423565,0,0,5.551115E-17,0,0,0.4458579,0.423565,0,0,8.618586,2.868547,0,0.4458579,-0.4458579,5.353745,38.24096,0.2212848,0.4659215,0,0,2.868547
9/27/2007 3:00:00 AM,0,0,-95.57921,90,0,0,0.3291862,0.3291862,0,-1,0,0.3291862,0,0,5.551115E-17,0,0,0.3465118,0.3291862,0,0,9.113983,2.422689,0,0.3465118,-0.3465118,4.988489,35.63199,0.2212848,0.3621048,0,0,2.422689
9/27/2007 4:00:00 AM,0,0,-92.4503,90,0,0,0.5898332,0.5898332,0,-1,0,0.5898332,0,0,0,0,0,0.620877,0.5898332,0,0,9.498997,2.076178,0,0.620877,-0.620877,4.334027,30.95727,0.2212848,0.6488165,0,0,2.076178
9/27/2007 5:00:00 AM,0,0,-89.96297,90,0,0,0.8878713,0.8878713,0,0,0,0.8878713,0,0,1.110223E-16,0,0,0.9346013,0.8878713,0,0,10.18886,1.4553,0,0.9346013,-0.9346013,3.348871,23.92046,0.2212848,0.9766584,0,0,1.4553
9/27/2007 6:00:00 AM,0.002748297,0.754333,-87.63536,88.8839,0.002741263,0.01230279,0.9458684,0.9458684,4.451131,0,1.380159,0.9458684,1.300687,4.440892E-16,0,0,0.01230279,0,0,3.505263,3.33,11.22731,0.5206991,3.342303,0,3.342303,6.519658,46.56889,0.2213511,1.040455,0.009842232,5,0.5330019
9/27/2007 7:00:00 AM,0.02328194,15.53881,-85.13694,73.89542,0.02317326,0.1040016,5.461229,5.461229,5,0,1.53,5.461229,1.904362,5.551115E-16,0,0,0.1040016,0.4855044,0.4612291,0,0,7.885003,3.528772,0,0.3815028,-0.3815028,6.117518,43.69647,0.2213511,6.007352,0.08320125,5,3.632773
9/27/2007 8:00:00 AM,0.005223378,30.2615,-82.07198,58.90884,0.00519765,0.02332705,4.906425,4.906425,5,0,1.53,4.906425,0.4754389,-1.387779E-17,0,0,0.02332705,0,0,0.09357468,0.08889595,8.308895,3.147269,0.112223,0,0.112223,6.223982,44.45693,0.221354,5.397068,0.01866164,5,3.170596
9/27/2007 9:00:00 AM,0.042838,44.84953,-77.69615,43.92737,0.04263179,0.1913315,4.201276,3.267621,0,-1,0,3.267621,5.855376,0,0.9336554,1.499195,0.1913315,3.439601,3.267621,0,0,8.196671,3.24827,0,3.24827,-3.24827,2.800006,20,0.221354,4.621404,0.1530652,0,3.439601
9/27/2007 10:00:00 AM,0.1617344,59.10088,-70.03674,28.96007,0.1610003,0.7225695,0,0,0,0,0,0,0,0,0,0,0.7225695,0,0,0,0,11.80586,0,0.7225695,0,0.7225695,3.485495,24.89635,0.2213082,0,0.5780556,0,0.7225695
9/27/2007 11:00:00 AM,0.1171706,72.17742,-51.57168,14.05366,0.1166208,0.523394,1.738773,1.738773,4.671409,0,1.440295,1.738773,30.10135,0,0,0,0.523394,0,0,2.932636,2.786005,11.08329,0.6503126,3.309399,0,3.309399,6.625066,47.32181,0.2213955,1.91265,0.4187152,5,1.173707
9/27/2007 12:00:00 PM,0.1841665,78.71149,5.707752,2.468285,0.1833279,0.8227758,2.739408,2.739408,5,0,1.53,2.739408,30.0348,0,0,0,0.8227758,0,0,2.260592,2.147562,7.773892,3.628771,2.970338,0,2.970338,9.442977,67.4497,0.2214713,3.013349,0.6582206,5,4.451547
9/27/2007 1:00:00 PM,0.09801488,70.39974,55.77934,16.26199,0.09755103,0.437809,1.935609,1.935609,5,0,1.53,1.935609,22.61867,0,0,0,0.437809,0,0,3.064391,2.911171,4.803554,6.302076,3.34898,0,3.34898,12.6201,90.14338,0.2215609,2.12917,0.3502472,5,6.739885
9/27/2007 2:00:00 PM,0.04169438,57.01838,71.55046,31.18617,0.04149245,0.1862181,0.1789012,0.1789012,0,-1,0,0.1789012,104.0899,2.775558E-17,0,0,0.1862181,0.1883171,0.1789012,0,0,1.454574,9.316158,0,0.002098942,-0.002098942,12.61789,90.12758,0.2215609,0.1967913,0.1489745,0,9.502376
9/27/2007 3:00:00 PM,0.1599661,42.69188,78.48215,46.15676,0.1592636,0.7147748,2.770451,2.770451,0,-1,0,2.770451,25.79995,0,0,0,0.7147748,2.916264,2.770451,0,0,1.456906,9.314059,0,2.201489,-2.201489,10.29731,73.55209,0.2215609,3.047496,0.5718199,0,10.02883
9/27/2007 4:00:00 PM,0.08618106,28.07612,82.58625,61.13933,0.0857958,0.3850515,2.713033,2.713033,0,-1,0,2.713033,14.19266,0,0,0,0.3850515,2.855824,2.713033,0,0,3.903005,7.11257,0,2.470773,-2.470773,7.692889,54.9491,0.2215609,2.984336,0.3080412,0,7.497622
9/27/2007 5:00:00 PM,0.05427433,13.34101,85.53308,76.12634,0.05405325,0.242591,0,0,0,-1,0,0,0,0,0,0,0.242591,0,0,0,0,6.648308,4.641797,0.242591,0,0.242591,7.923031,56.59297,0.2215455,0,0.1940728,0,4.884388
9/27/2007 6:00:00 PM,0.01541749,0,87.98481,90,0,0,6.579707,3.33,0,-1,0,3.33,0,0,3.249707,3.907677,0,3.505263,3.33,0,0,6.405717,4.860129,0,3.505263,-3.505263,4.228159,30.20108,0.2215455,7.237678,0,0,4.860129
9/27/2007 7:00:00 PM,0,0,90.31437,90,0,0,9.390145,1.287122,0,-1,0,1.287122,0,0,8.103023,9.042037,0,1.354866,1.287122,0,0,10.30045,1.354866,0,1.354866,-1.354866,2.800006,20,0.2215455,10.32916,0,0,1.354866
9/27/2007 8:00:00 PM,0,0,92.85916,90,0,0,3.397586,0,0,-1,0,0,0,0,3.397586,3.737344,0,0,0,0,0,11.80586,0,0,0,0,2.800006,20,0.2215455,3.737344,0,0,0
9/27/2007 9:00:00 PM,0,0,96.15253,90,0,0,0,0,0,-1,0,0,0,0,0,0,0,0,0,0,0,11.80586,0,0,0,0,2.800006,20,0.2215455,0,0,0,0
9/27/2007 10:00:00 PM,0,0,101.5819,90,0,0,0.8374854,0,0,-1,0,0,0,0,0.8374854,0.921234,0,0,0,0,0,11.80586,0,0,0,0,2.800006,20,0.2215455,0.921234,0,0,0
9/27/2007 11:00:00 PM,0,0,115.3947,90,0,0,0.9996827,0,0,-1,0,0,0,0,0.9996827,1.099651,0,0,0,0,0,11.80586,0,0,0,0,2.800006,20,0.2215455,1.099651,0,0,0
9/28/2007 12:00:00 AM,0,0,-169.3161,90,0,0,0.1568209,0,0,-1,0,0,0,0,0.1568209,0.172503,0,0,0,0,0,11.80586,0,0,0,0,2.800006,20,0.2215455,0.172503,0,0,0
9/28/2007 1:00:00 AM,0,0,-110.6768,90,0,0,0.1668903,0,0,-1,0,0,0,0,0.1668903,0.1835793,0,0,0,0,0,11.80586,0,0,0,0,2.800006,20,0.2215455,0.1835793,0,0,0
9/28/2007 2:00:00 AM,0,0,-99.73412,90,0,0,0,0,0,-1,0,0,0,0,0,0,0,0,0,0,0,11.80586,0,0,0,0,2.800006,20,0.2215455,0,0,0,0
9/28/2007 3:00:00 AM,0,0,-95.01139,90,0,0,0,0,0,-1,0,0,0,0,0,0,0,0,0,0,0,11.80586,0,0,0,0,2.800006,20,0.2215455,0,0,0,0
9/28/2007 4:00:00 AM,0,0,-91.98161,90,0,0,0.3863179,0,0,-1,0,0,0,0,0.3863179,0.4249497,0,0,0,0,0,11.80586,0,0,0,0,2.800006,20,0.2215455,0.4249497,0,0,0
9/28/2007 5:00:00 AM,0,0,-89.53996,90,0,0,0.2553419,0.2553419,3.760605,0,1.191645,0.2553419,0,0,0,0,0,0,0,3.505263,3.33,11.80586,0,3.33,0,3.33,5.959121,42.56506,0.2215523,0.2808761,0,5,0
9/28/2007 6:00:00 AM,0.01131033,0.7791474,-87.22478,88.79499,0.01139799,0.05115417,1.525547,1.525547,4.830107,0,1.483619,1.525547,3.353169,0,0,0,0.05115417,0,0,3.304559,3.139332,8.475861,2.997,3.190486,0,3.190486,8.985882,64.18474,0.2216407,1.678102,0.04092334,5,3.048154
9/28/2007 7:00:00 AM,0.1136153,15.55649,-84.71042,73.81109,0.1134666,0.5092381,3.32376,3.32376,5,0,1.53,3.32376,15.32115,0,0,0,0.5092381,0,0,1.67624,1.592428,5.285375,5.868437,2.101666,0,2.101666,10.9797,78.42625,0.2216946,3.656136,0.4073905,5,6.377675
9/28/2007 8:00:00 AM,0.2824101,30.26591,-81.59582,58.82984,0.2832848,1.271382,0,0,2.012975,0,0.7145422,0,0,0,0,0,1.271382,0,0,2.012975,1.912326,3.183708,7.759937,3.183708,0,3.183708,14.00003,100,0.2215597,0,1.017106,5,9.031319
9/28/2007 9:00:00 AM,0.3481432,44.82985,-77.11678,43.85578,0.3479429,1.561568,2.662271,2.662271,0,-1,0,2.662271,58.65548,0,0,0,1.561568,2.80239,2.662271,0,0,0,10.62527,0,1.240823,-1.240823,12.69209,90.65758,0.2215597,2.928498,1.249254,0,12.18684
9/28/2007 10:00:00 AM,0.5788667,59.03268,-69.24769,28.90163,0.5830643,2.616793,2.413841,2.413841,0,0,0,2.413841,108.4078,0,0,0,2.616793,2.540885,2.413841,0,0,1.378692,9.384452,0.07590716,0,0.07590716,12.7641,91.17194,0.2215549,2.655225,2.093434,0,12.00124
9/28/2007 11:00:00 AM,0.3432394,71.98871,-50.38374,14.03312,0.3419318,1.53459,4.068342,4.068342,3.848127,0,1.215539,4.068342,37.72028,0,0,0,1.53459,0.2318051,0.2202149,0,0,1.302785,9.452768,1.302785,0,1.302785,14.00003,100,0.2215796,4.475176,1.227672,5,10.98736
9/28/2007 12:00:00 PM,0.6581322,78.30305,5.950569,2.868508,0.6624976,2.973289,5.784205,5.784205,2.95958,0,0.9729655,5.784205,51.40359,0,0,0,2.973289,2.973289,2.824625,0,0,0,10.62527,0,0,0,14.00003,100,0.2215796,6.362626,2.378632,5,13.59856
9/28/2007 1:00:00 PM,0.5737448,70.09367,54.96639,16.40767,0.5758785,2.584543,4.786972,4.786972,2.331656,0,0.8015422,4.786972,53.99118,0,0,0,2.584543,2.584543,2.455316,0,0,0,10.62527,0,0,0,14.00003,100,0.2215796,5.265669,2.067634,5,13.20982
9/28/2007 2:00:00 PM,0.4135211,56.79359,70.91965,31.30284,0.4131906,1.854399,0.4251971,0.4251971,0,-1,0,0.4251971,436.127,1.406823,0,0,1.854399,0.4475759,0.4251971,0,0,0,10.62527,0,0,0,14.00003,100,0.2215796,0.4677168,1.483519,0,12.47967
9/28/2007 3:00:00 PM,0.2145482,42.50446,77.98479,46.26193,0.213672,0.95896,2.018447,2.018447,0,-1,0,2.018447,47.5098,0,0,0,0.95896,2.124681,2.018447,0,0,0,10.62527,0,1.165721,-1.165721,12.77125,91.22304,0.2215796,2.220291,0.767168,0,11.58423
9/28/2007 4:00:00 PM,0.1948404,27.90845,82.16093,61.23764,0.1943736,0.8723489,2.701822,2.701822,0,-1,0,2.701822,32.28743,0,0,0,0.8723489,2.844023,2.701822,0,0,1.295245,9.459554,0,1.971674,-1.971674,10.69292,76.37787,0.2215796,2.972004,0.6978791,0,10.3319
9/28/2007 5:00:00 PM,0.09584539,13.18448,85.14232,76.21954,0.09574248,0.4296922,1.961471,1.961471,0,-1,0,1.961471,21.90663,0,0,0,0.4296922,2.064707,1.961471,0,0,3.485995,7.487879,0,1.635015,-1.635015,8.969466,64.06749,0.2215796,2.157619,0.3437538,0,7.917571
9/28/2007 6:00:00 PM,0.01400007,0,87.60194,90,0,0,4.12156,3.33,0,-1,0,3.33,0,0,0.7915598,1.203716,0,3.505263,3.33,0,0,5.302678,5.852864,0,3.505263,-3.505263,5.274595,37.6756,0.2215796,4.533716,0,0,5.852864
9/28/2007 7:00:00 PM,0,0,89.9148,90,0,0,6.610731,2.230221,0,-1,0,2.230221,0,0,4.38051,5.041583,0,2.347601,2.230221,0,0,9.197414,2.347601,0,2.347601,-2.347601,2.800006,20,0.2215796,7.271804,0,0,2.347601
9/28/2007 8:00:00 PM,0,0,92.41233,90,0,0,4.439264,0,0,-1,0,0,0,0,4.439264,4.88319,0,0,0,0,0,11.80586,0,0,0,0,2.800006,20,0.2215796,4.88319,0,0,0
9/28/2007 9:00:00 PM,0,0,95.6083,90,0,0,3.199389,0,0,-1,0,0,0,0,3.199389,3.519327,0,0,0,0,0,11.80586,0,0,0,0,2.800006,20,0.2215796,3.519327,0,0,0
9/28/2007 10:00:00 PM,0,0,100.8337,90,0,0,1.778262,0,0,-1,0,0,0,0,1.778262,1.956088,0,0,0,0,0,11.80586,0,0,0,0,2.800006,20,0.2215796,1.956088,0,0,0
9/28/2007 11:00:00 PM,0,0,114.1752,90,0,0,0.7105784,0,0,-1,0,0,0,0,0.7105784,0.7816363,0,0,0,0,0,11.80586,0,0,0,0,2.800006,20,0.2215796,0.7816363,0,0,0
9/29/2007 12:00:00 AM,0,0,-167.8186,90,0,0,0.7413595,0,0,-1,0,0,0,0,0.7413595,0.8154955,0,0,0,0,0,11.80586,0,0,0,0,2.800006,20,0.2215796,0.8154955,0,0,0
9/29/2007 1:00:00 AM,0,0,-109.3154,90,0,0,0.1182805,0,0,-1,0,0,0,0,0.1182805,0.1301085,0,0,0,0,0,11.80586,0,0,0,0,2.800006,20,0.2215796,0.1301085,0,0,0
9/29/2007 2:00:00 AM,0,0,-98.95277,90,0,0,0.4109434,0,0,-1,0,0,0,0,0.4109434,0.4520378,0,0,0,0,0,11.80586,0,0,0,0,2.800006,20,0.2215796,0.4520378,0,0,0
9/29/2007 3:00:00 AM,0,0,-94.44524,90,0,0,0.3782288,0,0,-1,0,0,0,0,0.3782288,0.4160517,0,0,0,0,0,11.80586,0,0,0,0,2.800006,20,0.2215796,0.4160517,0,0,0
9/29/2007 4:00:00 AM,0,0,-91.51423,90,0,0,0.8138439,0,0,-1,0,0,0,0,0.8138439,0.8952283,0,0,0,0,0,11.80586,0,0,0,0,2.800006,20,0.2215796,0.8952283,0,0,0
9/29/2007 5:00:00 AM,0,0,-89.118,90,0,0,1.072811,1.072811,4.578074,0,1.414814,1.072811,0,0,0,0,0,0,0,3.505263,3.33,11.80586,0,3.33,0,3.33,5.959121,42.56506,0.2216567,1.180092,0,5,0
9/29/2007 6:00:00 AM,0.002024579,0.8029341,-86.81513,88.70727,0.00201896,0.009061093,0.3554949,0.3554949,3.860758,0,1.218987,0.3554949,2.548867,0,0,0,0.009061093,0,0,3.505263,3.33,8.475861,2.997,3.339061,0,3.339061,9.126832,65.19153,0.2216714,0.3910444,0.007248874,5,3.006061
9/29/2007 7:00:00 AM,0.02102244,15.57238,-84.28482,73.72868,0.02092465,0.09390981,0.2073619,0.2073619,3.712625,0,1.178547,0.2073619,45.28788,4.440892E-16,0,0,0.09390981,0,0,3.505263,3.33,5.136799,6.002155,3.42391,0,3.42391,12.37504,88.39295,0.221668,0.2280981,0.07512785,5,6.096065
9/29/2007 8:00:00 AM,0.04421144,30.26767,-81.12077,58.75366,0.04400343,0.1974874,0,0,0,0,0,0,0,0,0,0,0.1974874,0,0,0,0,1.712889,9.083673,0.1974874,0,0.1974874,12.56239,89.73119,0.2216556,0,0.1579899,0,9.281161
9/29/2007 9:00:00 AM,0.09493407,44.80637,-76.53931,43.78825,0.09449596,0.4240979,4.480883,3.33,0,-1,0,3.33,12.73567,0,1.150883,1.598971,0.4240979,3.505263,3.33,0,0,1.515402,9.261413,0,3.081165,-3.081165,9.314558,66.53242,0.2216556,4.928971,0.3392783,0,9.685511
9/29/2007 10:00:00 AM,0.07470719,58.95897,-68.4641,28.84949,0.07435246,0.3336938,2.262944,2.262944,0,0,0,2.262944,14.74601,0,0,0,0.3336938,2.382046,2.262944,0,0,4.938919,6.180247,0,2.048352,-2.048352,7.155405,51.10994,0.2216556,2.489238,0.2669551,0,6.513941
9/29/2007 11:00:00 AM,0.121413,71.79257,-49.22429,14.02531,0.1208471,0.5423619,0,0,0,0,0,0,0,0,0,0,0.5423619,0,0,0,0,7.214866,4.131895,0.5423619,0,0.5423619,7.669935,54.78514,0.2216215,0,0.4338895,0,4.674257
9/29/2007 12:00:00 PM,0.05977108,77.8953,6.172283,3.270325,0.05948336,0.2669613,3.843008,3.843008,5,0,1.53,3.843008,6.946677,0,0,0,0.2669613,0,0,1.156992,1.099143,6.672504,4.62002,1.366104,0,1.366104,8.965935,64.04227,0.221657,4.227308,0.2135691,5,4.886982
9/29/2007 1:00:00 PM,0.115114,69.78538,54.17706,16.56079,0.1145762,0.514218,3.474801,3.474801,5,0,1.53,3.474801,14.79849,0,0,0,0.514218,0,0,1.525199,1.448939,5.3064,5.849514,1.963157,0,1.963157,10.82835,77.3452,0.2217067,3.822281,0.4113744,5,6.363732
9/29/2007 2:00:00 PM,0.2217155,56.56697,70.29697,31.42276,0.2207633,0.9907857,1.211512,1.211512,0,-1,0,1.211512,81.78092,0,0,0,0.9907857,1.275276,1.211512,0,0,3.343243,7.616356,0,0.2844902,-0.2844902,10.52847,75.20321,0.2217067,1.332663,0.7926286,0,8.607141
9/29/2007 3:00:00 PM,0.1249066,42.3162,77.49104,46.36858,0.1243479,0.5580735,0,0,0,-1,0,0,0,0,0,0,0.5580735,0,0,0,0,3.659343,7.331866,0.5580735,0,0.5580735,11.05791,78.98488,0.2216717,0,0.4464588,0,7.889939
9/29/2007 4:00:00 PM,0.07906409,27.74072,81.73752,61.33635,0.0787126,0.3532622,0,0,0,-1,0,0,0,0,0,0,0.3532622,0,0,0,0,3.101269,7.834132,0.3532622,0,0.3532622,11.39304,81.37869,0.2216495,0,0.2826097,0,8.187394
9/29/2007 5:00:00 PM,0.03466448,13.02859,84.75263,76.31229,0.03451613,0.1549084,3.964991,3.33,0,-1,0,3.33,4.651903,0,0.6349915,1.031491,0.1549084,3.505263,3.33,0,0,2.748007,8.152068,0,3.350355,-3.350355,7.861455,56.15314,0.2216495,4.361491,0.1239267,0,8.306976
9/29/2007 6:00:00 PM,0.01381962,0,87.21961,90,0,0,7.584055,3.33,0,-1,0,3.33,0,0,4.254055,5.012461,0,3.505263,3.33,0,0,6.470623,4.801713,0,3.505263,-3.505263,4.166584,29.76125,0.2216495,8.342461,0,0,4.801713
9/29/2007 7:00:00 PM,0,0,89.51524,90,0,0,1.064501,1.064501,0,-1,0,1.064501,0,0,2.220446E-16,0,0,1.120527,1.064501,0,0,10.36536,1.29645,0,1.120527,-1.120527,2.985445,21.32456,0.2216495,1.170951,0,0,1.29645
9/29/2007 8:00:00 PM,0,0,91.96476,90,0,0,0.06443843,0.06443843,0,-1,0,0.06443843,0,0,0,0,0,0.06782993,0.06443843,0,0,11.61039,0.1759229,0,0.06782993,-0.06782993,2.913946,20.81386,0.2216495,0.07088228,0,0,0.1759229
9/29/2007 9:00:00 PM,0,0,95.06174,90,0,0,1.214247,0.1026883,0,-1,0,0.1026883,0,0,1.111559,1.232984,0,0.108093,0.1026883,0,0,11.68576,0.108093,0,0.108093,-0.108093,2.800006,20,0.2216495,1.335672,0,0,0.108093
9/29/2007 10:00:00 PM,0,0,100.0781,90,0,0,1.206268,0,0,-1,0,0,0,0,1.206268,1.326894,0,0,0,0,0,11.80586,0,0,0,0,2.800006,20,0.2216495,1.326894,0,0,0
9/29/2007 11:00:00 PM,0,0,112.9161,90,0,0,0,0,0,-1,0,0,0,0,0,0,0,0,0,0,0,11.80586,0,0,0,0,2.800006,20,0.2216495,0,0,0,0
9/30/2007 12:00:00 AM,0,0,-166.1418,90,0,0,0.489205,0,0,-1,0,0,0,0,0.489205,0.5381256,0,0,0,0,0,11.80586,0,0,0,0,2.800006,20,0.2216495,0.5381256,0,0,0
9/30/2007 1:00:00 AM,0,0,-107.9488,90,0,0,0,0,0,-1,0,0,0,0,0,0,0,0,0,0,0,11.80586,0,0,0,0,2.800006,20,0.2216495,0,0,0,0
9/30/2007 2:00:00 AM,0,0,-98.17358,90,0,0,1.606109,0,0,-1,0,0,0,0,1.606109,1.76672,0,0,0,0,0,11.80586,0,0,0,0,2.800006,20,0.2216495,1.76672,0,0,0
9/30/2007 3:00:00 AM,0,0,-93.88094,90,0,0,0.2370871,0,0,-1,0,0,0,0,0.2370871,0.2607958,0,0,0,0,0,11.80586,0,0,0,0,2.800006,20,0.2216495,0.2607958,0,0,0
9/30/2007 4:00:00 AM,0,0,-91.04829,90,0,0,1.030331,0,0,-1,0,0,0,0,1.030331,1.133364,0,0,0,0,0,11.80586,0,0,0,0,2.800006,20,0.2216495,1.133364,0,0,0
9/30/2007 5:00:00 AM,0,0,-88.69723,90,0,0,0.9956645,0.9956645,4.500927,0,1.393753,0.9956645,0,4.440892E-16,0,0,0,0,0,3.505263,3.33,11.80586,0,3.33,0,3.33,5.959121,42.56506,0.2217197,1.095231,0,5,0
9/30/2007 6:00:00 AM,0.0303239,0.8256041,-86.40656,88.62083,0.04261598,0.1912605,1.177525,1.177525,4.682788,0,1.443401,1.177525,16.24259,0,0,0,0.1912605,0,0,3.505263,3.33,8.475861,2.997,3.52126,0,3.52126,9.299682,66.42617,0.2217932,1.295277,0.1530084,5,3.188261
9/30/2007 7:00:00 AM,0.2507554,15.5864,-83.8603,73.64832,0.2612583,1.172527,4.932399,4.932399,5,0,1.53,4.932399,23.77195,0,0,0,1.172527,0,0,0.06760077,0.06422073,4.9546,6.166134,1.236748,0,1.236748,10.47296,74.80674,0.221817,5.425639,0.9380219,5,7.338662
9/30/2007 8:00:00 AM,0.4791226,30.2667,-80.64702,58.6804,0.4926407,2.210972,3.467868,3.467868,4.899404,0,1.502537,3.467868,63.75593,0,0,0,2.210972,0,0,1.431536,1.359959,3.717852,7.279208,3.570931,0,3.570931,13.86065,99.00442,0.2218958,3.814655,1.768777,5,9.490179
9/30/2007 9:00:00 AM,0.5797816,44.77905,-75.96403,43.72488,0.590367,2.649567,4.872899,3.33,0,-1,0,3.33,79.56657,0,1.542899,2.030189,2.649567,3.505263,3.33,0,0,0.1469208,10.49305,0,0.8556963,-0.8556963,12.95866,92.5617,0.2218958,5.360189,2.119653,0,13.14261
9/30/2007 10:00:00 AM,0.6603711,58.87978,-67.68649,28.80374,0.6695189,3.004801,3.911672,3.911672,2.099921,0,0.7382784,3.911672,76.81628,0,0,0,3.004801,1.907106,1.811751,0,0,1.097695,9.637349,1.097695,0,1.097695,14.00003,100,0.2218998,4.302839,2.403841,5,12.64215
9/30/2007 11:00:00 AM,0.8203688,71.58932,-48.09384,14.03025,0.8348004,3.746584,5.197543,5.197543,1.867543,0,0.6748392,5.197543,72.08376,0.2413208,0,0,3.746584,3.505263,3.33,0,0,0,10.62527,0,0,0,14.00003,100,0.2218998,5.717297,2.997267,5,14.37186
9/30/2007 12:00:00 PM,0.8789409,77.48841,6.374555,3.67273,0.8953785,4.018458,4.344578,4.344578,1.25,0,0.50625,4.344578,92.49364,0.7610078,0,0,4.018458,3.257451,3.094578,0,0,0,10.62527,0,0,0,14.00003,100,0.2218998,4.779036,3.214767,5,14.64373
9/30/2007 1:00:00 PM,0.9320548,69.47518,53.41045,16.72097,0.9520763,4.272919,1.350409,1.350409,0,0,0,1.350409,316.4166,2.851435,0,0,4.272919,1.421483,1.350409,0,0,0,10.62527,0,0,0,14.00003,100,0.2218998,1.48545,3.418335,0,14.89819
9/30/2007 2:00:00 PM,0.8095659,56.33876,69.68241,31.54576,0.8275346,3.713975,4.301707,3.33,0,-1,0,3.33,111.5308,0.2087118,0.9717075,1.401878,3.713975,3.505263,3.33,0,0,0,10.62527,0,0,0,14.00003,100,0.2218998,4.731878,2.97118,0,14.33925
9/30/2007 3:00:00 PM,0.6145129,42.12725,77.00096,46.47655,0.6286279,2.821282,1.157693,1.157693,0,-1,0,1.157693,243.6987,1.602658,0,0,2.821282,1.218624,1.157693,0,0,0,10.62527,0,0,0,14.00003,100,0.2218998,1.273462,2.257025,0,13.44656
9/30/2007 4:00:00 PM,0.3628828,27.57311,81.31611,61.4353,0.3703777,1.662255,3.35151,3.33,0,-1,0,3.33,49.91756,0,0.02150988,0.3566609,1.662255,3.505263,3.33,0,0,0,10.62527,0,1.843008,-1.843008,12.05733,86.12359,0.2218998,3.686661,1.329804,0,12.28753
9/30/2007 5:00:00 PM,0.1681553,12.8735,84.36411,76.40447,0.1734861,0.7786055,4.786,3.33,0,-1,0,3.33,23.38155,0,1.456,1.9346,0.7786055,3.505263,3.33,0,0,2.047787,8.782266,0,2.726658,-2.726658,9.183177,65.59399,0.2218998,5.2646,0.6228844,0,9.560871
9/30/2007 6:00:00 PM,0.01066049,0,86.83791,90,0,0,11.02209,3.33,0,-1,0,3.33,0,0,7.692091,8.7943,0,3.505263,3.33,0,0,5.077406,6.055608,0,3.505263,-3.505263,5.488306,39.2021,0.2218998,12.1243,0,0,6.055608
9/30/2007 7:00:00 PM,0,0,89.11581,90,0,0,2.67657,2.422828,0,-1,0,2.422828,0,0,0.253742,0.521399,0,2.550345,2.422828,0,0,8.972143,2.550345,0,2.550345,-2.550345,2.800006,20,0.2218998,2.944227,0,0,2.550345
9/30/2007 8:00:00 PM,0,0,91.5166,90,0,0,0.6747028,0,0,-1,0,0,0,0,0.6747028,0.7421731,0,0,0,0,0,11.80586,0,0,0,0,2.800006,20,0.2218998,0.7421731,0,0,0
9/30/2007 9:00:00 PM,0,0,94.51307,90,0,0,0,0,0,-1,0,0,0,0,0,0,0,0,0,0,0,11.80586,0,0,0,0,2.800006,20,0.2218998,0,0,0,0
9/30/2007 10:00:00 PM,0,0,99.31528,90,0,0,0.1894631,0,0,-1,0,0,0,0,0.1894631,0.2084094,0,0,0,0,0,11.80586,0,0,0,0,2.800006,20,0.2218998,0.2084094,0,0,0
9/30/2007 11:00:00 PM,0,0,111.617,90,0,0,1.279837,0,0,-1,0,0,0,0,1.279837,1.40782,0,0,0,0,0,11.80586,0,0,0,0,2.800006,20,0.2218998,1.40782,0,0,0
10/1/2007 12:00:00 AM,0,0,-164.2538,90,0,0,0.04003626,0,0,-1,0,0,0,0,0.04003626,0.04403989,0,0,0,0,0,11.80586,0,0,0,0,2.800006,20,0.2218998,0.04403989,0,0,0
10/1/2007 1:00:00 AM,0,0,-106.5787,90,0,0,0.6171079,0,0,-1,0,0,0,0,0.6171079,0.6788187,0,0,0,0,0,11.80586,0,0,0,0,2.800006,20,0.2218998,0.6788187,0,0,0
10/1/2007 2:00:00 AM,0,0,-97.39693,90,0,0,0.5859215,0,0,-1,0,0,0,0,0.5859215,0.6445137,0,0,0,0,0,11.80586,0,0,0,0,2.800006,20,0.2218998,0.6445137,0,0,0
10/1/2007 3:00:00 AM,0,0,-93.3187,90,0,0,0.3967997,0,0,-1,0,0,0,0,0.3967997,0.4364796,0,0,0,0,0,11.80586,0,0,0,0,2.800006,20,0.2218998,0.4364796,0,0,0
10/1/2007 4:00:00 AM,0,0,-90.58394,90,0,0,0.1830254,0,0,-1,0,0,0,0,0.1830254,0.2013279,0,0,0,0,0,11.80586,0,0,0,0,2.800006,20,0.2218998,0.2013279,0,0,0
10/1/2007 5:00:00 AM,0,0,-88.27779,90,0,0,0.2435599,0.2435599,3.748823,0,1.188429,0.2435599,0,0,0,0,0,0,0,3.505263,3.33,11.80586,0,3.33,0,3.33,5.959121,42.56506,0.2219052,0.2679159,0,5,0
10/1/2007 6:00:00 AM,0.02196967,0.8470703,-85.99917,88.5358,0.02538748,0.113939,0.2304725,0.2304725,3.735736,0,1.184856,0.2304725,49.43714,0,0,0,0.113939,0,0,3.505263,3.33,8.475861,2.997,3.443939,0,3.443939,9.226329,65.90221,0.2219023,0.2535198,0.09115122,5,3.110939
10/1/2007 7:00:00 AM,0.2391306,15.59848,-83.43699,73.57009,0.2492907,1.118816,3.894136,3.894136,5,0,1.53,3.894136,28.7308,0,0,0,1.118816,0,0,1.105864,1.050571,5.031921,6.096545,2.169387,0,2.169387,11.28439,80.60262,0.2219519,4.283549,0.8950531,5,7.215362
10/1/2007 8:00:00 AM,0.473957,30.26294,-80.17477,58.61016,0.4880645,2.190433,2.182457,2.182457,0,0,0,2.182457,100.3655,0,0,0,2.190433,2.297323,2.182457,0,0,2.862534,8.048994,0,0.1068896,-0.1068896,11.17172,79.79783,0.2219519,2.400702,1.752347,0,10.23943
10/1/2007 9:00:00 AM,0.7083398,44.74785,-75.39121,43.66576,0.7268794,3.262234,1.907216,1.907216,0,-1,0,1.907216,171.0469,0,0,0,3.262234,2.007596,1.907216,0,0,2.9813,7.942104,1.254639,0,1.254639,12.36197,88.29963,0.2218736,2.097938,2.609787,0,11.20434
10/1/2007 10:00:00 AM,0.6737967,58.79514,-66.91537,28.76444,0.684286,3.071075,0.7694777,0.7694777,0,0,0,0.7694777,399.1117,0.5344377,0,0,3.071075,0.8099765,0.7694777,0,0,1.726661,9.071279,1.726661,0,1.726661,14.00003,100,0.2217659,0.8464255,2.45686,0,12.14235
10/1/2007 11:00:00 AM,0.7974145,71.37923,-46.99278,14.04789,0.8113406,3.641297,2.617528,2.617528,0,0,0,2.617528,139.1121,0.8860044,0,0,3.641297,2.755292,2.617528,0,0,0,10.62527,0,0,0,14.00003,100,0.2217659,2.87928,2.913037,0,14.26657
10/1/2007 12:00:00 PM,1.037644,77.08253,6.558842,4.075061,1.061435,4.763719,0.9043317,0.9043317,0,0,0,0.9043317,526.7667,3.81179,0,0,4.763719,0.9519281,0.9043317,0,0,0,10.62527,0,0,0,14.00003,100,0.2217659,0.9947648,3.810975,0,15.38899
10/1/2007 1:00:00 PM,0.7218081,69.16338,52.66573,16.88777,0.7319404,3.284949,4.085755,4.085755,1.25,0,0.50625,4.085755,80.40003,0.2999429,0,0,3.284949,2.985006,2.835756,0,0,0,10.62527,0,0,0,14.00003,100,0.2217659,4.494331,2.627959,5,13.91022
10/1/2007 2:00:00 PM,0.8129566,56.10917,69.07596,31.67164,0.8321083,3.734502,6.277927,3.33,0,-1,0,3.33,112.1472,0.2292388,2.947927,3.57572,3.734502,3.505263,3.33,0,0,0,10.62527,0,0,0,14.00003,100,0.2217659,6.90572,2.987602,0,14.35978
10/1/2007 3:00:00 PM,0.6051947,41.93779,76.51462,46.5857,0.6197075,2.781247,1.839009,1.839009,0,-1,0,1.839009,151.2362,0.8454487,0,0,2.781247,1.935799,1.839009,0,0,0,10.62527,0,0,0,14.00003,100,0.2217659,2.022909,2.224998,0,13.40652
10/1/2007 4:00:00 PM,0.3916541,27.40574,80.89677,61.53437,0.4021909,1.805033,2.081799,2.081799,0,-1,0,2.081799,86.70541,0,0,0,1.805033,2.191368,2.081799,0,0,0,10.62527,0,0.386335,-0.386335,13.5928,97.0912,0.2217659,2.289979,1.444026,0,12.43031
10/1/2007 5:00:00 PM,0.1444121,12.71933,83.97684,76.49598,0.1476212,0.662524,2.045105,2.045105,0,-1,0,2.045105,32.39559,0,0,0,0.662524,2.152743,2.045105,0,0,0.4292611,10.23894,0,1.490219,-1.490219,12.02197,85.87102,0.2217659,2.249616,0.5300192,0,10.90146
10/1/2007 6:00:00 PM,0.01179487,0,86.45692,90,0,0,0,0,0,-1,0,0,0,0,0,0,0,0,0,0,0,2.08506,8.74872,0,0,0,12.02197,85.87102,0.2217659,0,0,0,8.74872
10/1/2007 7:00:00 PM,0,0,88.7166,90,0,0,1.517395,1.517395,0,-1,0,1.517395,0,0,2.220446E-16,0,0,1.597257,1.517395,0,0,2.08506,8.74872,0,1.597257,-1.597257,10.33831,73.84492,0.2217659,1.669134,0,0,8.74872
10/1/2007 8:00:00 PM,0,0,91.06799,90,0,0,8.240266,3.33,0,-1,0,3.33,0,0,4.910266,5.734293,0,3.505263,3.33,0,0,3.85979,7.151463,0,3.505263,-3.505263,6.643438,47.45303,0.2217659,9.064293,0,0,7.151463
10/1/2007 9:00:00 PM,0,0,93.96248,90,0,0,3.589876,3.33,0,-1,0,3.33,0,0,0.2598756,0.6188632,0,3.505263,3.33,0,0,7.754527,3.6462,0,3.505263,-3.505263,2.948566,21.06114,0.2217659,3.948863,0,0,3.6462
10/1/2007 10:00:00 PM,0,0,98.54567,90,0,0,0,0,0,-1,0,0,0,0,0,0,0,0,0,0,0,11.64926,0.1409368,0,0,0,2.948566,21.06114,0.2217659,0,0,0,0.1409368
10/1/2007 11:00:00 PM,0,0,110.2779,90,0,0,0,0,0,-1,0,0,0,0,0,0,0,0,0,0,0,11.64926,0.1409368,0,0,0,2.948566,21.06114,0.2217659,0,0,0,0.1409368
10/2/2007 12:00:00 AM,0,0,-162.1158,90,0,0,1.273432,0.13389,0,-1,0,0.13389,0,0,1.139542,1.266885,0,0.1409368,0.13389,0,0,11.64926,0.1409368,0,0.1409368,-0.1409368,2.800006,20,0.2217659,1.400775,0,0,0.1409368
10/2/2007 1:00:00 AM,0,0,-105.2066,90,0,0,0.3680771,0,0,-1,0,0,0,0,0.3680771,0.4048848,0,0,0,0,0,11.80586,0,0,0,0,2.800006,20,0.2217659,0.4048848,0,0,0
10/2/2007 2:00:00 AM,0,0,-96.62323,90,0,0,0.4574325,0,0,-1,0,0,0,0,0.4574325,0.5031757,0,0,0,0,0,11.80586,0,0,0,0,2.800006,20,0.2217659,0.5031757,0,0,0
10/2/2007 3:00:00 AM,0,0,-92.75872,90,0,0,1.055224,0,0,-1,0,0,0,0,1.055224,1.160747,0,0,0,0,0,11.80586,0,0,0,0,2.800006,20,0.2217659,1.160747,0,0,0
10/2/2007 4:00:00 AM,0,0,-90.12134,90,0,0,0.1138517,0,0,-1,0,0,0,0,0.1138517,0.1252368,0,0,0,0,0,11.80586,0,0,0,0,2.800006,20,0.2217659,0.1252368,0,0,0
10/2/2007 5:00:00 AM,0,0,-87.85979,90,0,0,0.8134401,0.8134401,4.318703,0,1.344006,0.8134401,0,4.440892E-16,0,0,0,0,0,3.505263,3.33,11.80586,0,3.33,0,3.33,5.959121,42.56506,0.22182,0.8947841,0,5,0
10/2/2007 6:00:00 AM,0.03293149,0.8672468,-85.59312,88.45229,0.05121091,0.2298346,1.712042,1.712042,4.987185,0,1.526502,1.712042,13.42459,0,0,0,0.2298346,0,0,3.275143,3.111386,8.475861,2.997,3.34122,0,3.34122,9.128881,65.20616,0.2219093,1.883246,0.1838677,5,3.226835
10/2/2007 7:00:00 AM,0.2431037,15.60853,-83.01506,73.49411,0.2544948,1.142173,3.89797,3.89797,5,0,1.53,3.89797,29.30173,0,0,0,1.142173,0,0,1.10203,1.046929,5.13464,6.004098,2.189101,0,2.189101,11.20564,80.04016,0.2219591,4.287767,0.913738,5,7.146271
10/2/2007 8:00:00 AM,0.5003961,30.25634,-79.70419,58.54303,0.5170926,2.320712,2.089181,2.089181,0,0,0,2.089181,111.0824,0,0,0,2.320712,2.199138,2.089181,0,0,2.945539,7.974289,0.1215742,0,0.1215742,11.32098,80.86398,0.2219515,2.298099,1.856569,0,10.295
10/2/2007 9:00:00 AM,0.6109243,44.71275,-74.82115,43.61098,0.6249194,2.804638,3.685364,3.33,0,-1,0,3.33,84.22337,0,0.3553636,0.7239,2.804638,3.505263,3.33,0,0,2.823965,8.083706,0,0.7006248,-0.7006248,10.58246,75.58882,0.2219515,4.0539,2.243711,0,10.88834
10/2/2007 10:00:00 AM,0.6277782,58.70509,-66.15124,28.73167,0.6360606,2.85464,0,0,0,0,0,0,0,0,0,0,2.85464,0,0,0,0,3.602437,7.383081,2.85464,0,2.85464,13.29061,94.93271,0.2217741,0,2.283712,0,10.23772
10/2/2007 11:00:00 AM,0.5452984,71.16266,-45.92138,14.07815,0.5471138,2.455447,0,0,0,0,0,0,0,1.70765,0,0,2.455447,0,0,0,0,0.7477967,9.952257,0.7477967,0,0.7477967,14.00003,100,0.2217276,0,1.964357,0,12.4077
10/2/2007 12:00:00 PM,0.7026593,76.67781,6.726432,4.476845,0.7107559,3.189873,1.169611,1.169611,0,0,0,1.169611,272.7293,1.958703,0,0,3.189873,1.23117,1.169611,0,0,0,10.62527,0,0,0,14.00003,100,0.2217276,1.286572,2.551898,0,13.81515
10/2/2007 1:00:00 PM,0.7217886,68.85028,51.94203,17.06079,0.7325147,3.287526,6.778763,6.778763,3.655613,0,1.162982,6.778763,48.49743,0,0,0,3.287526,3.287526,3.12315,0,0,0,10.62527,0,0,0,14.00003,100,0.2217276,7.45664,2.630021,5,13.9128
10/2/2007 2:00:00 PM,0.6989233,55.8784,68.47759,31.80019,0.7127504,3.198824,2.15956,2.15956,0,-1,0,2.15956,148.1239,0.9256026,0,0,3.198824,2.273221,2.15956,0,0,0,10.62527,0,0,0,14.00003,100,0.2217276,2.375516,2.559059,0,13.8241
10/2/2007 3:00:00 PM,0.5330095,41.74798,76.03209,46.69589,0.5435367,2.439392,0.4346371,0.4346371,0,-1,0,0.4346371,561.248,1.98188,0,0,2.439392,0.4575128,0.4346371,0,0,0,10.62527,0,0,0,14.00003,100,0.2217276,0.4781008,1.951514,0,13.06467
10/2/2007 4:00:00 PM,0.3486573,27.23878,80.4796,61.63345,0.3563493,1.599296,3.657945,3.33,0,-1,0,3.33,48.0269,0,0.3279451,0.6937397,1.599296,3.505263,3.33,0,0,0,10.62527,0,1.905967,-1.905967,11.99096,85.64956,0.2217276,4.02374,1.279437,0,12.22457
10/2/2007 5:00:00 PM,0.1150109,12.56621,83.59093,76.58669,0.1160396,0.5207858,2.601138,2.601138,0,-1,0,2.601138,20.02146,0,4.440892E-16,0,0.5207858,2.738039,2.601138,0,0,2.117742,8.719307,0,2.217254,-2.217254,9.653771,68.95538,0.2217276,2.861251,0.4166286,0,9.240092
10/2/2007 6:00:00 PM,0.009009175,0,86.07675,90,0,0,2.036664,2.036664,0,-1,0,2.036664,0,0,4.440892E-16,0,0,2.143857,2.036664,0,0,4.581357,6.502053,0,2.143857,-2.143857,7.393948,52.81381,0.2217276,2.24033,0,0,6.502053
10/2/2007 7:00:00 PM,0,0,88.31774,90,0,0,3.99081,3.33,0,-1,0,3.33,0,0,0.66081,1.059891,0,3.505263,3.33,0,0,6.963419,4.358197,0,3.505263,-3.505263,3.699076,26.42192,0.2217276,4.389891,0,0,4.358197
10/2/2007 8:00:00 PM,0,0,90.61909,90,0,0,0,0,0,-1,0,0,0,0,0,0,0,0,0,0,0,10.85816,0.8529333,0,0,0,3.699076,26.42192,0.2217276,0,0,0,0.8529333
10/2/2007 9:00:00 PM,0,0,93.4102,90,0,0,0,0,0,-1,0,0,0,0,0,0,0,0,0,0,0,10.85816,0.8529333,0,0,0,3.699076,26.42192,0.2217276,0,0,0,0.8529333
10/2/2007 10:00:00 PM,0,0,97.76965,90,0,0,0,0,0,-1,0,0,0,0,0,0,0,0,0,0,0,10.85816,0.8529333,0,0,0,3.699076,26.42192,0.2217276,0,0,0,0.8529333
10/2/2007 11:00:00 PM,0,0,108.899,90,0,0,0.9500715,0.8102867,0,-1,0,0.8102867,0,0,0.1397848,0.234792,0,0.8529333,0.8102867,0,0,10.85816,0.8529333,0,0.8529333,-0.8529333,2.800006,20,0.2217276,1.045079,0,0,0.8529333
10/3/2007 12:00:00 AM,0,0,-159.6798,90,0,0,0.7203092,0,0,-1,0,0,0,0,0.7203092,0.7923401,0,0,0,0,0,11.80586,0,0,0,0,2.800006,20,0.2217276,0.7923401,0,0,0
10/3/2007 1:00:00 AM,0,0,-103.8343,90,0,0,0.6131176,0,0,-1,0,0,0,0,0.6131176,0.6744294,0,0,0,0,0,11.80586,0,0,0,0,2.800006,20,0.2217276,0.6744294,0,0,0
10/3/2007 2:00:00 AM,0,0,-95.85284,90,0,0,0,0,0,-1,0,0,0,0,0,0,0,0,0,0,0,11.80586,0,0,0,0,2.800006,20,0.2217276,0,0,0,0
10/3/2007 3:00:00 AM,0,0,-92.2012,90,0,0,0.947175,0,0,-1,0,0,0,0,0.947175,1.041893,0,0,0,0,0,11.80586,0,0,0,0,2.800006,20,0.2217276,1.041893,0,0,0
10/3/2007 4:00:00 AM,0,0,-89.66063,90,0,0,1.657408,0,0,-1,0,0,0,0,1.657408,1.823149,0,0,0,0,0,11.80586,0,0,0,0,2.800006,20,0.2217276,1.823149,0,0,0
10/3/2007 5:00:00 AM,0,0,-87.44339,90,0,0,0,0,0,0,0,0,0,0,0,0,0,0,0,0,0,11.80586,0,0,0,0,2.800006,20,0.2217276,0,0,0,0
10/3/2007 6:00:00 AM,0.02521374,0.8860499,-85.18854,88.3704,0.03240661,0.1454409,0.1084599,0.1084599,3.613723,0,1.151546,0.1084599,134.0965,0,0,0,0.1454409,0,0,3.505263,3.33,11.80586,0,3.475441,0,3.475441,6.097098,43.55061,0.2217126,0.1193059,0.1163527,5,0.1454409
10/3/2007 7:00:00 AM,0.2088605,15.61649,-82.59465,73.42047,0.2166063,0.972129,1.321035,1.321035,4.58865,0,1.417701,1.321035,73.58843,0,0,0,0.972129,0,0,3.267615,3.104234,8.33042,3.127897,4.076363,0,4.076363,9.964276,71.17326,0.2217431,1.453139,0.7777032,5,4.100026
10/3/2007 8:00:00 AM,0.4296104,30.24683,-79.2355,58.47911,0.4419759,1.983588,0,0,2.389967,0,0.817461,0,0,0,0,0,1.983588,0,0,2.389967,2.270469,4.254056,6.796624,4.254056,0,4.254056,14.00003,100,0.2215763,0,1.58687,5,8.780211
10/3/2007 9:00:00 AM,0.6234356,44.67371,-74.25412,43.56061,0.6390438,2.868029,3.070097,3.070097,0,-1,0,3.070097,93.41817,0,0,0.04710695,2.868029,3.231681,3.070097,0,0,0,10.62527,0,0.3636526,-0.3636526,13.6167,97.26198,0.2215763,3.377107,2.294423,0,13.4933
10/3/2007 10:00:00 AM,0.7248134,58.60969,-65.39458,28.70548,0.7397816,3.32014,0,0,0,0,0,0,0,2.916081,0,0,3.32014,0,0,0,0,0.4040585,10.26162,0.4040585,0,0.4040585,14.00003,100,0.2215513,0,2.656112,0,13.58176
10/3/2007 11:00:00 AM,1.024121,70.9399,-44.87983,14.12089,1.050249,4.71352,0.6543276,0.6543276,0,0,0,0.6543276,720.3608,4.024754,0,0,4.71352,0.6887659,0.6543276,0,0,0,10.62527,0,0,0,14.00003,100,0.2215513,0.7197604,3.770816,0,15.33879
10/3/2007 12:00:00 PM,1.081221,76.2744,6.878463,4.877724,1.108528,4.975076,0,0,0,0,0,0,0,4.975076,0,0,4.975076,0,0,0,0,0,10.62527,0,0,0,14.00003,100,0.2215513,0,3.98006,0,15.60035
10/3/2007 1:00:00 PM,1.055503,68.53618,51.23852,17.23962,1.08281,4.859651,4.824769,4.824769,1.494769,0,0.5730719,4.824769,100.723,1.354387,0,0,4.859651,3.505263,3.33,0,0,0,10.62527,0,0,0,14.00003,100,0.2215513,5.307246,3.887721,5,15.48492
10/3/2007 2:00:00 PM,0.8886762,55.64668,67.88727,31.93122,0.9129716,4.097416,0,0,0,-1,0,0,0,4.097416,0,0,4.097416,0,0,0,0,0,10.62527,0,0,0,14.00003,100,0.2215513,0,3.277933,0,14.72269
10/3/2007 3:00:00 PM,0.7179927,41.558,75.55343,46.80695,0.740204,3.322036,2.672813,2.672813,0,-1,0,2.672813,124.2899,0.5085482,0,0,3.322036,2.813487,2.672813,0,0,0,10.62527,0,0,0,14.00003,100,0.2215513,2.940094,2.657628,0,13.94731
10/3/2007 4:00:00 PM,0.4312265,27.07236,80.06466,61.73238,0.4468406,2.00542,2.855202,2.855202,0,-1,0,2.855202,70.23743,0,0,0,2.00542,3.005476,2.855202,0,0,0,10.62527,0,1.000055,-1.000055,12.94588,92.47037,0.2215513,3.140722,1.604336,0,12.63069
10/3/2007 5:00:00 PM,0.1625207,12.41428,83.20643,76.67648,0.169311,0.7598678,0.4091184,0.4091184,0,-1,0,0.4091184,185.733,0,0,0,0.7598678,0.430651,0.4091184,0,0,1.111173,9.625218,0.3292168,0,0.3292168,13.2582,94.70123,0.2215309,0.4500303,0.6078942,0,10.38509
10/3/2007 6:00:00 PM,0.008696584,0,85.69749,90,0,0,4.992637,3.33,0,-1,0,3.33,0,0,1.662637,2.161901,0,3.505263,3.33,0,0,0.781956,9.921514,0,3.505263,-3.505263,9.563328,68.30935,0.2215309,5.491901,0,0,9.921514
10/3/2007 7:00:00 PM,0,0,87.91935,90,0,0,1.547786,1.547786,0,-1,0,1.547786,0,0,0,0,0,1.629248,1.547786,0,0,4.676693,6.416251,0,1.629248,-1.629248,7.845949,56.04238,0.2215309,1.702565,0,0,6.416251
10/3/2007 8:00:00 PM,0,0,90.17003,90,0,0,1.047269,1.047269,0,-1,0,1.047269,0,0,0,0,0,1.102388,1.047269,0,0,6.486969,4.787002,0,1.102388,-1.102388,6.68393,47.74226,0.2215309,1.151995,0,0,4.787002
10/3/2007 9:00:00 PM,0,0,92.85646,90,0,0,0,0,0,-1,0,0,0,0,0,0,0,0,0,0,0,7.711844,3.684614,0,0,0,6.68393,47.74226,0.2215309,0,0,0,3.684614
10/3/2007 10:00:00 PM,0,0,96.98768,90,0,0,0.9702762,0.9702762,0,-1,0,0.9702762,0,0,1.110223E-16,0,0,1.021343,0.9702762,0,0,7.711844,3.684614,0,1.021343,-1.021343,5.607339,40.05235,0.2215309,1.067304,0,0,3.684614
10/3/2007 11:00:00 PM,0,0,107.4809,90,0,0,0.4364468,0.4364468,0,-1,0,0.4364468,0,0,5.551115E-17,0,0,0.4594177,0.4364468,0,0,8.84667,2.663271,0,0.4594177,-0.4594177,5.123071,36.59329,0.2215309,0.4800915,0,0,2.663271
10/4/2007 12:00:00 AM,0,0,-156.8873,90,0,0,0.3527347,0.3527347,0,-1,0,0.3527347,0,0,5.551115E-17,0,0,0.3712997,0.3527347,0,0,9.357135,2.203853,0,0.3712997,-0.3712997,4.731687,33.7977,0.2215309,0.3880081,0,0,2.203853
10/4/2007 1:00:00 AM,0,0,-102.4635,90,0,0,0,0,0,-1,0,0,0,0,0,0,0,0,0,0,0,9.76969,1.832554,0,0,0,4.731687,33.7977,0.2215309,0,0,0,1.832554
10/4/2007 2:00:00 AM,0,0,-95.08614,90,0,0,1.780051,1.740926,0,-1,0,1.740926,0,0,0.03912569,0.2171308,0,1.832554,1.740926,0,0,9.76969,1.832554,0,1.832554,-1.832554,2.800006,20,0.2215309,1.958057,0,0,1.832554
10/4/2007 3:00:00 AM,0,0,-91.64632,90,0,0,0.6998632,0,0,-1,0,0,0,0,0.6998632,0.7698495,0,0,0,0,0,11.80586,0,0,0,0,2.800006,20,0.2215309,0.7698495,0,0,0
10/4/2007 4:00:00 AM,0,0,-89.20194,90,0,0,0.8214757,0,0,-1,0,0,0,0,0.8214757,0.9036233,0,0,0,0,0,11.80586,0,0,0,0,2.800006,20,0.2215309,0.9036233,0,0,0
10/4/2007 5:00:00 AM,0,0,-87.0287,90,0,0,0.7551761,0.7551761,4.260439,0,1.3281,0.7551761,0,4.440892E-16,0,0,0,0,0,3.505263,3.33,11.80586,0,3.33,0,3.33,5.959121,42.56506,0.2215798,0.8306938,0,5,0
10/4/2007 6:00:00 AM,0.01136117,0.9033976,-84.78555,88.29022,0.01153201,0.05175565,1.084168,1.084168,4.589431,0,1.417915,1.084168,4.773766,0,0,0,0.05175565,0,0,3.505263,3.33,8.475861,2.997,3.381756,0,3.381756,9.167336,65.48084,0.2216533,1.192585,0.04140452,5,3.048756
10/4/2007 7:00:00 AM,0.184146,15.62229,-82.17592,73.34927,0.1891591,0.8489462,3.493457,3.493457,5,0,1.53,3.493457,24.30103,0,0,0,0.8489462,0,0,1.506543,1.431216,5.094105,6.04058,2.280162,0,2.280162,11.33049,80.93189,0.2217079,3.842803,0.679157,5,6.889526
10/4/2007 8:00:00 AM,0.4053691,30.23437,-78.76889,58.41846,0.4162453,1.868109,0,0,0,0,0,0,0,0,0,0,1.868109,0,0,0,0,2.813942,8.092726,1.868109,0,1.868109,13.10273,93.59075,0.2215927,0,1.494487,0,9.960835
10/4/2007 9:00:00 AM,0.7199816,44.63071,-73.69041,43.51472,0.7421738,3.330876,0,0,0,-1,0,0,0,2.385042,0,0,3.330876,0,0,0,0,0.9458336,9.774024,0.9458336,0,0.9458336,14.00003,100,0.2215344,0,2.664701,0,13.1049
10/4/2007 10:00:00 AM,0.7103704,58.509,-64.64587,28.68591,0.7250998,3.254248,2.315267,2.315267,0,0,0,2.315267,140.5561,0.8171252,0,0,3.254248,2.437123,2.315267,0,0,0,10.62527,0,0,0,14.00003,100,0.2215344,2.546793,2.603398,0,13.87952
10/4/2007 11:00:00 AM,0.9816095,70.71128,-43.8682,14.17591,1.007445,4.521412,3.214635,3.214635,1.25,0,0.50625,3.214635,140.6508,2.453375,0,0,4.521412,2.068037,1.964635,0,0,0,10.62527,0,0,0,14.00003,100,0.2215344,3.536099,3.61713,5,15.14669
10/4/2007 12:00:00 PM,1.0097,75.87244,7.015947,5.277407,1.035917,4.649194,3.753406,3.753406,1.25,0,0.50625,3.753406,123.866,2.01403,0,0,4.649194,2.635164,2.503406,0,0,0,10.62527,0,0,0,14.00003,100,0.2215344,4.128746,3.719355,5,15.27447
10/4/2007 1:00:00 PM,0.833603,68.22134,50.55439,17.42384,0.8526518,3.826701,2.152628,2.152628,0,0,0,2.152628,177.7688,1.560777,0,0,3.826701,2.265925,2.152628,0,0,0,10.62527,0,0,0,14.00003,100,0.2215344,2.367891,3.061361,0,14.45198
10/4/2007 2:00:00 PM,0.6001607,55.41421,67.30495,32.06453,0.6088726,2.73262,0,0,0,-1,0,0,0,2.73262,0,0,2.73262,0,0,0,0,0,10.62527,0,0,0,14.00003,100,0.2215344,0,2.186096,0,13.35789
10/4/2007 3:00:00 PM,0.4624594,41.36802,75.07869,46.91874,0.4691753,2.105659,4.711888,3.33,0,-1,0,3.33,63.233,0,1.381888,1.853077,2.105659,3.505263,3.33,0,0,0,10.62527,0,1.399604,-1.399604,12.52472,89.46207,0.2215344,5.183077,1.684527,0,12.73093
10/4/2007 4:00:00 PM,0.1915176,26.90664,79.65203,61.83106,0.1913062,0.8585823,0,0,0,-1,0,0,0,0,0,0,0.8585823,0,0,0,0,1.555116,9.22567,0.8585823,0,0.8585823,13.33924,95.28008,0.2214815,0,0.6868659,0,10.08425
10/4/2007 5:00:00 PM,0.1315875,12.26368,82.82344,76.76523,0.1346627,0.6043661,2.337784,2.337784,0,-1,0,2.337784,25.8521,0,0,0,0.6043661,2.460825,2.337784,0,0,0.6965336,9.998394,0,1.856459,-1.856459,11.38236,81.3024,0.2214815,2.571562,0.4834929,0,10.60276
10/4/2007 6:00:00 PM,0.003643698,0,85.31925,90,0,0,7.669797,3.33,0,-1,0,3.33,0,0,4.339797,5.106777,0,3.505263,3.33,0,0,2.759265,8.141935,0,3.505263,-3.505263,7.687487,54.91051,0.2214815,8.436776,0,0,8.141935
10/4/2007 7:00:00 PM,0,0,87.52155,90,0,0,6.349252,3.33,0,-1,0,3.33,0,0,3.019252,3.654178,0,3.505263,3.33,0,0,6.654002,4.636672,0,3.505263,-3.505263,3.992615,28.51862,0.2214815,6.984178,0,0,4.636672
10/4/2007 8:00:00 PM,0,0,89.72099,90,0,0,7.184529,1.074839,0,-1,0,1.074839,0,0,6.109691,6.828144,0,1.131409,1.074839,0,0,10.54874,1.131409,0,1.131409,-1.131409,2.800006,20,0.2214815,7.902982,0,0,1.131409
10/4/2007 9:00:00 PM,0,0,92.3015,90,0,0,5.985669,0,0,-1,0,0,0,0,5.985669,6.584236,0,0,0,0,0,11.80586,0,0,0,0,2.800006,20,0.2214815,6.584236,0,0,0
10/4/2007 10:00:00 PM,0,0,96.2002,90,0,0,0.498114,0,0,-1,0,0,0,0,0.498114,0.5479254,0,0,0,0,0,11.80586,0,0,0,0,2.800006,20,0.2214815,0.5479254,0,0,0
10/4/2007 11:00:00 PM,0,0,106.0241,90,0,0,0.2909216,0,0,-1,0,0,0,0,0.2909216,0.3200137,0,0,0,0,0,11.80586,0,0,0,0,2.800006,20,0.2214815,0.3200137,0,0,0
10/5/2007 12:00:00 AM,0,0,-153.6667,90,0,0,0.6607232,0,0,-1,0,0,0,0,0.6607232,0.7267956,0,0,0,0,0,11.80586,0,0,0,0,2.800006,20,0.2214815,0.7267956,0,0,0
10/5/2007 1:00:00 AM,0,0,-101.0957,90,0,0,0.3695807,0,0,-1,0,0,0,0,0.3695807,0.4065387,0,0,0,0,0,11.80586,0,0,0,0,2.800006,20,0.2214815,0.4065387,0,0,0
10/5/2007 2:00:00 AM,0,0,-94.32346,90,0,0,0.7834448,0,0,-1,0,0,0,0,0.7834448,0.8617893,0,0,0,0,0,11.80586,0,0,0,0,2.800006,20,0.2214815,0.8617893,0,0,0
10/5/2007 3:00:00 AM,0,0,-91.09427,90,0,0,0.6022755,0,0,-1,0,0,0,0,0.6022755,0.6625031,0,0,0,0,0,11.80586,0,0,0,0,2.800006,20,0.2214815,0.6625031,0,0,0
10/5/2007 4:00:00 AM,0,0,-88.74543,90,0,0,0.8057482,0,0,-1,0,0,0,0,0.8057482,0.886323,0,0,0,0,0,11.80586,0,0,0,0,2.800006,20,0.2214815,0.886323,0,0,0
10/5/2007 5:00:00 AM,0,0,-86.61586,90,0,0,0.2925923,0.2925923,3.797855,0,1.201815,0.2925923,0,0,0,0,0,0,0,3.505263,3.33,11.80586,0,3.33,0,3.33,5.959121,42.56506,0.2214913,0.3218516,0,5,0
10/5/2007 6:00:00 AM,0.01579871,0.9192102,-84.38429,88.21187,0.01651551,0.07412159,0.8072354,0.8072354,4.312499,0,1.342312,0.8072354,9.182153,0,0,0,0.07412159,0,0,3.505263,3.33,8.475861,2.997,3.404122,0,3.404122,9.188554,65.6324,0.2215399,0.8879589,0.05929727,5,3.071122
10/5/2007 7:00:00 AM,0.1086374,15.62586,-81.75901,73.28059,0.1086089,0.4874366,2.860776,2.860776,5,0,1.53,2.860776,17.03861,0,0,0,0.4874366,0,0,2.139224,2.032263,5.071739,6.060709,2.519699,0,2.519699,11.57895,82.70663,0.221604,3.146854,0.3899492,5,6.548146
10/5/2007 8:00:00 AM,0.3207498,30.21891,-78.30453,58.36118,0.3249111,1.458201,2.664216,2.664216,0,0,0,2.664216,54.73285,0,0,0,1.458201,2.804437,2.664216,0,0,2.552039,8.328439,0,1.346236,-1.346236,10.15989,72.57052,0.221604,2.930637,1.166561,0,9.78664
10/5/2007 9:00:00 AM,0.7263424,44.58376,-73.1303,43.47337,0.7498943,3.365525,2.101446,2.101446,0,-1,0,2.101446,160.1528,0,0,0,3.365525,2.212048,2.101446,0,0,4.047857,6.982203,1.153477,0,1.153477,11.25418,80.38683,0.2215331,2.31159,2.69242,0,10.34773
10/5/2007 10:00:00 AM,0.677786,58.40308,-63.90554,28.67299,0.6909175,3.100838,2.925378,2.925378,0,0,0,2.925378,105.9978,0,0,0,3.100838,3.079346,2.925378,0,0,2.89438,8.020332,0.0214921,0,0.0214921,11.27457,80.53246,0.2215318,3.217916,2.48067,0,11.12117
10/5/2007 11:00:00 AM,0.7738828,70.47713,-42.88647,14.243,0.7891626,3.541762,2.587599,2.587599,0,0,0,2.587599,136.8745,0,0,0,3.541762,2.723788,2.587599,0,0,2.872888,8.039675,0.8179735,0,0.8179735,12.05056,86.07529,0.2214815,2.846359,2.83341,0,11.58144
10/5/2007 12:00:00 PM,0.8212205,75.4721,7.139789,5.67565,0.8384072,3.762771,2.30506,2.30506,0,0,0,2.30506,163.2396,0,0,0,3.762771,2.426379,2.30506,0,0,2.054914,8.775851,1.336393,0,1.336393,13.31838,95.13108,0.2213995,2.535566,3.010217,0,12.53862
10/5/2007 1:00:00 PM,0.9601081,67.90606,49.88884,17.61304,0.9866275,4.427984,1.403473,1.403473,0,0,0,1.403473,315.502,2.232122,0,0,4.427984,1.47734,1.403473,0,0,0.718522,9.978604,0.718522,0,0.718522,14.00003,100,0.2213554,1.54382,3.542387,0,14.40659
10/5/2007 2:00:00 PM,0.4702499,55.18121,66.73057,32.19991,0.4724172,2.120208,2.660252,2.660252,0,-1,0,2.660252,79.69953,0,0,0,2.120208,2.800265,2.660252,0,0,0,10.62527,0,0.6800568,-0.6800568,13.28319,94.87971,0.2213554,2.926277,1.696167,0,12.74548
10/5/2007 3:00:00 PM,0.4717092,41.17819,74.60792,47.03111,0.479574,2.152328,1.05215,1.05215,0,-1,0,1.05215,204.5647,0.2891827,0,0,2.152328,1.107527,1.05215,0,0,0.7556186,9.945217,0.7556186,0,0.7556186,14.00003,100,0.2213091,1.157365,1.721862,0,12.09755
10/5/2007 4:00:00 PM,0.1993143,26.74174,79.24178,61.92934,0.1992999,0.8944578,1.454737,1.454737,0,-1,0,1.454737,61.48587,0,0,0,0.8944578,1.531302,1.454737,0,0,0,10.62527,0,0.6368445,-0.6368445,13.32874,95.20506,0.2213091,1.600211,0.7155662,0,11.51973
10/5/2007 5:00:00 PM,0.09504269,12.11454,82.44205,76.85284,0.09544512,0.4283577,0,0,0,-1,0,0,0,0,0,0,0.4283577,0,0,0,0,0.707605,9.98843,0.4283577,0,0.4283577,13.73511,98.10773,0.2212828,0,0.3426861,0,10.41679
10/5/2007 6:00:00 PM,0.007477558,0,84.94212,90,0,0,0.8857252,0.8857252,0,-1,0,0.8857252,0,0,1.110223E-16,0,0,0.9323424,0.8857252,0,0,0.2792473,10.37395,0,0.9323424,-0.9323424,12.75234,91.08793,0.2212828,0.9742978,0,0,10.37395
10/5/2007 7:00:00 PM,0,0,87.12444,90,0,0,3.339731,3.33,0,-1,0,3.33,0,0,0.009731274,0.3437044,0,3.505263,3.33,0,0,1.315183,9.441609,0,3.505263,-3.505263,9.057464,64.69604,0.2212828,3.673704,0,0,9.441609
10/5/2007 8:00:00 PM,0,0,89.27211,90,0,0,0,0,0,-1,0,0,0,0,0,0,0,0,0,0,0,5.20992,5.936346,0,0,0,9.057464,64.69604,0.2212828,0,0,0,5.936346
10/5/2007 9:00:00 PM,0,0,91.74557,90,0,0,5.179936,3.33,0,-1,0,3.33,0,0,1.849937,2.36793,0,3.505263,3.33,0,0,5.20992,5.936346,0,3.505263,-3.505263,5.362592,38.30415,0.2212828,5.69793,0,0,5.936346
10/5/2007 10:00:00 PM,0,0,95.40771,90,0,0,0,0,0,-1,0,0,0,0,0,0,0,0,0,0,0,9.104657,2.431083,0,0,0,5.362592,38.30415,0.2212828,0,0,0,2.431083
10/5/2007 11:00:00 PM,0,0,104.5299,90,0,0,0.5696294,0.5696294,0,-1,0,0.5696294,0,0,1.110223E-16,0,0,0.5996099,0.5696294,0,0,9.104657,2.431083,0,0.5996099,-0.5996099,4.730548,33.78956,0.2212828,0.6265923,0,0,2.431083
10/6/2007 12:00:00 AM,0,0,-149.9327,90,0,0,0.2969075,0.2969075,0,-1,0,0.2969075,0,0,0,0,0,0.3125342,0.2969075,0,0,9.77089,1.831473,0,0.3125342,-0.3125342,4.401108,31.43642,0.2212828,0.3265983,0,0,1.831473
10/6/2007 1:00:00 AM,0,0,-99.73251,90,0,0,0.6351224,0.6351224,0,-1,0,0.6351224,0,0,1.110223E-16,0,0,0.6685498,0.6351224,0,0,10.11815,1.518939,0,0.6685498,-0.6685498,3.696394,26.40276,0.2212828,0.6986346,0,0,1.518939
10/6/2007 2:00:00 AM,0,0,-93.56515,90,0,0,1.286464,0.8078696,0,-1,0,0.8078696,0,0,0.4785945,0.6072409,0,0.850389,0.8078696,0,0,10.86098,0.850389,0,0.850389,-0.850389,2.800006,20,0.2212828,1.41511,0,0,0.850389
10/6/2007 3:00:00 AM,0,0,-90.54521,90,0,0,0.6711454,0,0,-1,0,0,0,0,0.6711454,0.73826,0,0,0,0,0,11.80586,0,0,0,0,2.800006,20,0.2212828,0.73826,0,0,0
10/6/2007 4:00:00 AM,0,0,-88.29122,90,0,0,0.01707093,0,0,-1,0,0,0,0,0.01707093,0.01877802,0,0,0,0,0,11.80586,0,0,0,0,2.800006,20,0.2212828,0.01877802,0,0,0
10/6/2007 5:00:00 AM,0,0,-86.20498,90,0,0,1.591859,1.591859,5,0,1.53,1.591859,0,0,0,0,0,0,0,3.408141,3.237734,11.80586,0,3.237734,0,3.237734,5.87159,41.93984,0.2213707,1.751045,0,5,0
10/6/2007 6:00:00 AM,0.02119532,0.9334105,-83.98489,88.13544,0.0248247,0.1114133,0,0,3.505263,0,1.121937,0,0,0,0,0,0.1114133,0,0,3.505263,3.33,8.568127,2.91396,3.441413,0,3.441413,9.136401,65.25988,0.2213492,0,0.08913062,5,3.025374
10/6/2007 7:00:00 AM,0.1560706,15.62714,-81.34408,73.21453,0.1585587,0.7116114,2.991523,2.991523,5,0,1.53,2.991523,23.7876,0,0,0,0.7116114,0,0,2.008477,1.908053,5.126713,6.011232,2.619664,0,2.619664,11.62163,83.0115,0.2214139,3.290675,0.5692891,5,6.722844
10/6/2007 8:00:00 AM,0.2623418,30.20041,-77.84264,58.30735,0.2634503,1.182365,0,0,0,0,0,0,0,0,0,0,1.182365,0,0,0,0,2.507049,8.368931,1.182365,0,1.182365,12.74332,91.02355,0.2213416,0,0.9458919,0,9.551295
10/6/2007 9:00:00 AM,0.5887155,44.53283,-72.57406,43.43663,0.6039796,2.710661,5.608902,3.33,0,-1,0,3.33,81.40122,0,2.278902,2.839792,2.710661,3.505263,3.33,0,0,1.324684,9.433059,0,0.7946025,-0.7946025,11.90574,85.04082,0.2213416,6.169792,2.168529,0,12.14372
10/6/2007 10:00:00 AM,0.6901832,58.29203,-63.17405,28.66672,0.7048281,3.163269,1.454293,1.454293,0,0,0,1.454293,217.5125,0,0,0,3.163269,1.530834,1.454293,0,0,2.207575,8.638456,1.632434,0,1.632434,13.4544,96.10268,0.2212419,1.599722,2.530615,0,11.80173
10/6/2007 11:00:00 AM,0.3129157,70.23776,-41.93457,14.32186,0.3117273,1.399032,5.032205,5.032205,4.249508,0,1.325116,5.032205,27.80157,2.220446E-16,0,0,1.399032,0.8238912,0.7826966,0,0,0.5751411,10.10765,0.5751411,0,0.5751411,14.00003,100,0.2212525,5.535426,1.119226,5,11.50668
10/6/2007 12:00:00 PM,0.6147273,75.07349,7.250798,6.072242,0.6196839,2.781142,7.339339,7.339339,4.697255,0,1.447351,7.339339,37.89362,4.440892E-16,0,0,2.781142,2.781142,2.642084,0,0,0,10.62527,0,0,0,14.00003,100,0.2212525,8.073274,2.224913,5,13.40642
10/6/2007 1:00:00 PM,0.6787236,67.59059,49.24112,17.80681,0.6889657,3.092078,3.597687,3.597687,1.25,0,0.50625,3.597687,85.94627,0.6208282,0,0,3.092078,2.47125,2.347687,0,0,0,10.62527,0,0,0,14.00003,100,0.2212525,3.957456,2.473662,5,13.71735
10/6/2007 2:00:00 PM,0.4260118,54.94788,66.16408,32.33716,0.4268511,1.915708,4.301297,3.33,0,-1,0,3.33,57.52876,0,0.9712971,1.401427,1.915708,3.505263,3.33,0,0,0,10.62527,0,1.589555,-1.589555,12.32449,88.03189,0.2212525,4.731427,1.532566,0,12.54098
10/6/2007 3:00:00 PM,0.3444176,40.98869,74.14117,47.1439,0.3454874,1.550547,2.486818,2.486818,0,-1,0,2.486818,62.35065,0,4.440892E-16,0,1.550547,2.617703,2.486818,0,0,1.766173,9.035719,0,1.067156,-1.067156,11.19961,79.99704,0.2212525,2.7355,1.240438,0,10.58627
10/6/2007 4:00:00 PM,0.3353897,26.57784,78.834,62.02711,0.3444177,1.545747,3.740693,3.33,0,-1,0,3.33,46.41882,0,0.4106934,0.7847627,1.545747,3.505263,3.33,0,0,2.951902,7.968563,0,1.959516,-1.959516,9.134097,65.24342,0.2212525,4.114763,1.236597,0,9.51431
10/6/2007 5:00:00 PM,0.1687215,11.96697,82.06235,76.93921,0.179223,0.8043527,0,0,0,-1,0,0,0,0,0,0,0.8043527,0,0,0,0,5.129142,6.009047,0.8043527,0,0.8043527,9.897173,70.69395,0.2212034,0,0.6434822,0,6.813399
10/6/2007 6:00:00 PM,0.008399436,0,84.5662,90,0,0,4.388729,3.33,0,-1,0,3.33,0,0,1.058729,1.497602,0,3.505263,3.33,0,0,4.324789,6.732964,0,3.505263,-3.505263,6.202301,44.30206,0.2212034,4.827602,0,0,6.732964
10/6/2007 7:00:00 PM,0,0,86.72815,90,0,0,4.001256,3.066316,0,-1,0,3.066316,0,0,0.9349403,1.335066,0,3.227701,3.066316,0,0,8.219526,3.227701,0,3.227701,-3.227701,2.800006,20,0.2212034,4.401381,0,0,3.227701
10/6/2007 8:00:00 PM,0,0,88.82355,90,0,0,3.820513,0,0,-1,0,0,0,0,3.820513,4.202564,0,0,0,0,0,11.80586,0,0,0,0,2.800006,20,0.2212034,4.202564,0,0,0
10/6/2007 9:00:00 PM,0,0,91.18892,90,0,0,6.429622,0,0,-1,0,0,0,0,6.429622,7.072584,0,0,0,0,0,11.80586,0,0,0,0,2.800006,20,0.2212034,7.072584,0,0,0
10/6/2007 10:00:00 PM,0,0,94.61074,90,0,0,0.452717,0,0,-1,0,0,0,0,0.452717,0.4979887,0,0,0,0,0,11.80586,0,0,0,0,2.800006,20,0.2212034,0.4979887,0,0,0
10/6/2007 11:00:00 PM,0,0,102.9996,90,0,0,0.4301691,0,0,-1,0,0,0,0,0.4301691,0.473186,0,0,0,0,0,11.80586,0,0,0,0,2.800006,20,0.2212034,0.473186,0,0,0
10/7/2007 12:00:00 AM,0,0,-145.5864,90,0,0,1.961536,0,0,-1,0,0,0,0,1.961536,2.157689,0,0,0,0,0,11.80586,0,0,0,0,2.800006,20,0.2212034,2.157689,0,0,0
10/7/2007 1:00:00 AM,0,0,-98.37548,90,0,0,0,0,0,-1,0,0,0,0,0,0,0,0,0,0,0,11.80586,0,0,0,0,2.800006,20,0.2212034,0,0,0,0
10/7/2007 2:00:00 AM,0,0,-92.81152,90,0,0,0,0,0,-1,0,0,0,0,0,0,0,0,0,0,0,11.80586,0,0,0,0,2.800006,20,0.2212034,0,0,0,0
10/7/2007 3:00:00 AM,0,0,-89.99934,90,0,0,0.1251544,0,0,-1,0,0,0,0,0.1251544,0.1376699,0,0,0,0,0,11.80586,0,0,0,0,2.800006,20,0.2212034,0.1376699,0,0,0
10/7/2007 4:00:00 AM,0,0,-87.83945,90,0,0,1.138062,0,0,-1,0,0,0,0,1.138062,1.251868,0,0,0,0,0,11.80586,0,0,0,0,2.800006,20,0.2212034,1.251868,0,0,0
10/7/2007 5:00:00 AM,0,0,-85.7962,90,0,0,0,0,0,0,0,0,0,0,0,0,0,0,0,0,0,11.80586,0,0,0,0,2.800006,20,0.2212034,0,0,0,0
10/7/2007 6:00:00 AM,0.03378054,0.9459233,-83.58748,88.06104,0.05918527,0.2656235,0,0,0,0,0,0,0,0,0,0,0.2656235,0,0,0,0,11.80586,0,0.2656235,0,0.2656235,3.051998,21.79994,0.2211872,0,0.2124988,0,0.2656235
10/7/2007 7:00:00 AM,0.2447786,15.62606,-80.93127,73.15117,0.2604168,1.168751,0,0,0,0,0,0,0,0,0,0,1.168751,0,0,0,0,11.54024,0.2390611,1.168751,0,1.168751,4.160772,29.71974,0.2211159,0,0.9350005,0,1.407812
10/7/2007 8:00:00 AM,0.4022722,30.17883,-77.38338,58.25702,0.4146291,1.860855,3.121872,3.121872,4.889685,0,1.499884,3.121872,59.60704,0,0,0,1.860855,0,0,1.767813,1.679422,10.37149,1.290937,3.540277,0,3.540277,7.519374,53.70971,0.2211957,3.434059,1.488684,5,3.151792
10/7/2007 9:00:00 AM,0.6795915,44.47794,-72.02197,43.40454,0.7025176,3.152899,3.631247,3.33,0,-1,0,3.33,94.68166,0,0.3012472,0.664372,3.152899,3.505263,3.33,0,0,6.831209,4.477187,0,0.3523639,-0.3523639,7.14795,51.05669,0.2211957,3.994372,2.522319,0,7.630085
10/7/2007 10:00:00 AM,0.5374748,58.17593,-62.45182,28.66711,0.5423499,2.434066,5.064137,5.064137,5,0,1.53,5.064137,48.06479,0,0,0,2.434066,0.06751242,0.0641368,0,0,7.222724,4.124823,2.366554,0,2.366554,9.393061,67.09315,0.2212393,5.57055,1.947253,5,6.558889
10/7/2007 11:00:00 AM,0.6546115,69.99352,-41.01231,14.4122,0.6630337,2.975695,4.942534,4.942534,5,0,1.53,4.942534,60.20586,0,0,0,2.975695,0,0,0.05746563,0.05459235,4.85617,6.254721,3.030288,0,3.030288,12.26784,87.62728,0.2212956,5.436788,2.380556,5,9.230416
10/7/2007 12:00:00 PM,0.8620248,74.67678,7.349704,6.466991,0.8835098,3.965192,3.010239,3.010239,0,0,0,3.010239,131.7235,0,0,0,3.965192,3.168672,3.010239,0,0,1.825882,8.98198,0.7965196,0,0.7965196,13.02349,93.02473,0.2212471,3.311262,3.172153,0,12.94717
10/7/2007 1:00:00 PM,0.8082882,67.27519,48.61049,18.00475,0.8282763,3.717304,3.319655,3.319655,1.25,0,0.50625,3.319655,111.9786,0.5093575,0,0,3.717304,2.178584,2.069655,0,0,1.029363,9.698848,1.029363,0,1.029363,14.00003,100,0.2211845,3.65162,2.973843,5,13.41615
10/7/2007 2:00:00 PM,0.8804634,54.71442,65.6054,32.47608,0.9090968,4.080027,1.463217,1.463217,0,-1,0,1.463217,278.8394,2.539798,0,0,4.080027,1.540229,1.463217,0,0,0,10.62527,0,0,0,14.00003,100,0.2211845,1.609539,3.264021,0,14.7053
10/7/2007 3:00:00 PM,0.6948398,40.79969,73.6785,47.25697,0.7207857,3.234886,0,0,0,-1,0,0,0,3.234886,0,0,3.234886,0,0,0,0,0,10.62527,0,0,0,14.00003,100,0.2211845,0,2.587909,0,13.86016
10/7/2007 4:00:00 PM,0.4428761,26.41505,78.42873,62.12423,0.463837,2.0817,4.233611,3.33,0,-1,0,3.33,62.51352,0,0.9036112,1.326972,2.0817,3.505263,3.33,0,0,0,10.62527,0,1.423563,-1.423563,12.49946,89.28168,0.2211845,4.656972,1.66536,0,12.70697
10/7/2007 5:00:00 PM,0.1758685,11.82112,81.6844,77.0242,0.1888462,0.8475419,2.321832,2.321832,0,-1,0,2.321832,36.50315,0,0,0,0.8475419,2.444034,2.321832,0,0,1.581736,9.201712,0,1.596492,-1.596492,10.81661,77.26135,0.2211845,2.554016,0.6780335,0,10.04925
10/7/2007 6:00:00 PM,0.006102995,0,84.19158,90,0,0,0,0,0,-1,0,0,0,0,0,0,0,0,0,0,0,3.355617,7.605219,0,0,0,10.81661,77.26135,0.2211845,0,0,0,7.605219
10/7/2007 7:00:00 PM,0,0,86.3328,90,0,0,1.108423,1.108423,0,-1,0,1.108423,0,0,0,0,0,1.166761,1.108423,0,0,3.355617,7.605219,0,1.166761,-1.166761,9.586736,68.47655,0.2211845,1.219266,0,0,7.605219
10/7/2007 8:00:00 PM,0,0,88.37551,90,0,0,1.459443,1.459443,0,-1,0,1.459443,0,0,2.220446E-16,0,0,1.536256,1.459443,0,0,4.652018,6.438458,0,1.536256,-1.536256,7.96738,56.90974,0.2211845,1.605387,0,0,6.438458
10/7/2007 9:00:00 PM,0,0,90.63181,90,0,0,5.462425,3.33,0,-1,0,3.33,0,0,2.132425,2.678668,0,3.505263,3.33,0,0,6.358969,4.902202,0,3.505263,-3.505263,4.272508,30.51785,0.2211845,6.008668,0,0,4.902202
10/7/2007 10:00:00 PM,0,0,93.80984,90,0,0,1.283001,1.283001,0,-1,0,1.283001,0,0,2.220446E-16,0.08420936,0,1.350527,1.283001,0,0,10.25371,1.396939,0,1.350527,-1.350527,2.848927,20.34944,0.2211845,1.411301,0,0,1.396939
10/7/2007 11:00:00 PM,0,0,101.4351,90,0,0,0.6527492,0.04409074,0,-1,0,0.04409074,0,0,0.6086584,0.6739333,0,0.04641131,0.04409074,0,0,11.75429,0.04641131,0,0.04641131,-0.04641131,2.800006,20,0.2211845,0.7180241,0,0,0.04641131
10/8/2007 12:00:00 AM,0,0,-140.5201,90,0,0,0.845255,0,0,-1,0,0,0,0,0.845255,0.9297805,0,0,0,0,0,11.80586,0,0,0,0,2.800006,20,0.2211845,0.9297805,0,0,0
10/8/2007 1:00:00 AM,0,0,-97.02608,90,0,0,0.6287735,0,0,-1,0,0,0,0,0.6287735,0.6916507,0,0,0,0,0,11.80586,0,0,0,0,2.800006,20,0.2211845,0.6916507,0,0,0
10/8/2007 2:00:00 AM,0,0,-92.06289,90,0,0,0.1658742,0,0,-1,0,0,0,0,0.1658742,0.1824616,0,0,0,0,0,11.80586,0,0,0,0,2.800006,20,0.2211845,0.1824616,0,0,0
10/8/2007 3:00:00 AM,0,0,-89.4568,90,0,0,0.4468271,0,0,-1,0,0,0,0,0.4468271,0.4915098,0,0,0,0,0,11.80586,0,0,0,0,2.800006,20,0.2211845,0.4915098,0,0,0
10/8/2007 4:00:00 AM,0,0,-87.39025,90,0,0,0.4753066,0,0,-1,0,0,0,0,0.4753066,0.5228373,0,0,0,0,0,11.80586,0,0,0,0,2.800006,20,0.2211845,0.5228373,0,0,0
10/8/2007 5:00:00 AM,0,0,-85.38963,90,0,0,0.4538273,0.4538273,3.95909,0,1.245832,0.4538273,0,4.440892E-16,0,0,0,0,0,3.505263,3.33,11.80586,0,3.33,0,3.33,5.959121,42.56506,0.2212079,0.49921,0,5,0
10/8/2007 6:00:00 AM,0.01601893,0.9566763,-83.19219,87.98875,0.01689771,0.07583693,0.3065652,0.3065652,3.811828,0,1.205629,0.3065652,24.73762,0,0,0,0.07583693,0,0,3.505263,3.33,8.475861,2.997,3.405837,0,3.405837,9.190182,65.64402,0.2212144,0.3372217,0.06066954,5,3.072837
10/8/2007 7:00:00 AM,0.1486291,15.62258,-80.52074,73.09059,0.1507477,0.6765559,0.5876113,0.5876113,4.092875,0,1.282355,0.5876113,115.1366,0,0,0,0.6765559,0,0,3.505263,3.33,5.070023,6.062253,4.006556,0,4.006556,12.99113,92.79363,0.2212078,0.6463724,0.5412447,5,6.738809
10/8/2007 8:00:00 AM,0.3943784,30.15413,-76.92696,58.21027,0.4064666,1.824222,4.464934,4.464934,3.742217,0,1.186625,4.464934,40.85664,2.220446E-16,0,0,1.824222,0.7607546,0.7227169,0,0,1.063467,9.668154,1.063467,0,1.063467,14.00003,100,0.2212274,4.911427,1.459378,5,11.49238
10/8/2007 9:00:00 AM,0.6438943,44.41908,-71.47429,43.37714,0.6651543,2.985212,2.889837,2.889837,0,-1,0,2.889837,103.3004,0,0,0,2.985212,3.041933,2.889837,0,0,0,10.62527,0,0.05672093,-0.05672093,13.94024,99.57294,0.2212274,3.17882,2.38817,0,13.61049
10/8/2007 10:00:00 AM,0.7811299,58.05488,-61.73923,28.67416,0.8039234,3.608008,3.673944,3.673944,1.25,0,0.50625,3.673944,98.20531,0.9934647,0,0,3.608008,2.55152,2.423944,0,0,0.06302326,10.56855,0.06302326,0,0.06302326,14.00003,100,0.2212235,4.041339,2.886407,5,14.17656
10/8/2007 11:00:00 AM,0.9311823,69.74471,-40.11948,14.51367,0.9589338,4.303695,1.341414,1.341414,0,0,0,1.341414,320.8328,2.89168,0,0,4.303695,1.412014,1.341414,0,0,0,10.62527,0,0,0,14.00003,100,0.2212235,1.475555,3.442956,0,14.92897
10/8/2007 12:00:00 PM,0.8975675,74.2821,7.437165,6.859722,0.9222472,4.139046,1.361731,1.361731,0,0,0,1.361731,303.9547,2.705644,0,0,4.139046,1.433401,1.361731,0,0,0,10.62527,0,0,0,14.00003,100,0.2212235,1.497904,3.311236,0,14.76432
10/8/2007 1:00:00 PM,0.72965,66.96011,47.99621,18.20646,0.7446511,3.341994,0,0,0,0,0,0,0,3.341994,0,0,3.341994,0,0,0,0,0,10.62527,0,0,0,14.00003,100,0.2212235,0,2.673595,0,13.96727
10/8/2007 2:00:00 PM,0.7204989,54.48105,65.05447,32.61647,0.7408192,3.324796,0.4722057,0.4722057,0,-1,0,0.4722057,704.0991,2.827738,0,0,3.324796,0.4970587,0.4722057,0,0,0,10.62527,0,0,0,14.00003,100,0.2212235,0.5194263,2.659837,0,13.95007
10/8/2007 3:00:00 PM,0.4853068,40.61134,73.21992,47.37017,0.4959259,2.225716,3.299732,3.299732,0,-1,0,3.299732,67.4514,0,0,0.2997055,2.225716,3.473402,3.299732,0,0,0,10.62527,0,1.247687,-1.247687,12.68485,90.6059,0.2212235,3.629705,1.780573,0,12.85099
10/8/2007 4:00:00 PM,0.2017451,26.25352,78.02607,62.22058,0.2020133,0.9066358,1.536009,1.536009,0,-1,0,1.536009,59.02544,0,0,0,0.9066358,1.616851,1.536009,0,0,1.386319,9.377587,0,0.7102154,-0.7102154,11.93622,85.25853,0.2212235,1.68961,0.7253087,0,10.28422
10/8/2007 5:00:00 PM,0.1346526,11.6771,81.3083,77.10773,0.1401135,0.6288293,1.692492,1.692492,0,-1,0,1.692492,37.15406,0,2.220446E-16,0,0.6288293,1.78157,1.692492,0,0,2.175447,8.667372,0,1.152741,-1.152741,10.72112,76.57929,0.2212235,1.861741,0.5030634,0,9.296202
10/8/2007 6:00:00 PM,0.01123775,0,83.81837,90,0,0,1.289585,1.289585,0,-1,0,1.289585,0,0,2.220446E-16,0,0,1.357458,1.289585,0,0,3.45627,7.514631,0,1.357458,-1.357458,9.290236,66.3587,0.2212235,1.418544,0,0,7.514631
10/8/2007 7:00:00 PM,0,0,85.93853,90,0,0,0.7024543,0.7024543,0,-1,0,0.7024543,0,0,0,0,0,0.7394256,0.7024543,0,0,4.964557,6.157173,0,0.7394256,-0.7394256,8.510813,60.7914,0.2212235,0.7726997,0,0,6.157173
10/8/2007 8:00:00 PM,0,0,87.92812,90,0,0,0,0,0,-1,0,0,0,0,0,0,0,0,0,0,0,5.786141,5.417747,0,0,0,8.510813,60.7914,0.2212235,0,0,0,5.417747
10/8/2007 9:00:00 PM,0,0,90.07453,90,0,0,1.084284,1.084284,0,-1,0,1.084284,0,0,2.220446E-16,0,0,1.141352,1.084284,0,0,5.786141,5.417747,0,1.141352,-1.141352,7.307722,52.19791,0.2212235,1.192713,0,0,5.417747
10/8/2007 10:00:00 PM,0,0,93.0056,90,0,0,0.5585185,0.5585185,0,-1,0,0.5585185,0,0,1.110223E-16,0,0,0.5879142,0.5585185,0,0,7.05431,4.276395,0,0.5879142,-0.5879142,6.688006,47.77137,0.2212235,0.6143703,0,0,4.276395
10/8/2007 11:00:00 PM,0,0,99.83849,90,0,0,0.3181494,0.3181494,0,-1,0,0.3181494,0,0,5.551115E-17,0,0,0.3348941,0.3181494,0,0,7.707548,3.688481,0,0.3348941,-0.3348941,6.334997,45.24989,0.2212235,0.3499643,0,0,3.688481
10/9/2007 12:00:00 AM,0,0,-134.6301,90,0,0,0.9441713,0.9441713,0,-1,0,0.9441713,0,0,1.110223E-16,0,0,0.9938646,0.9441713,0,0,8.079653,3.353587,0,0.9938646,-0.9938646,5.287371,37.76686,0.2212235,1.038589,0,0,3.353587
10/9/2007 1:00:00 AM,0,0,-95.68571,90,0,0,0.3423058,0.3423058,0,-1,0,0.3423058,0,0,5.551115E-17,0,0,0.3603219,0.3423058,0,0,9.183947,2.359722,0,0.3603219,-0.3603219,4.907559,35.05392,0.2212235,0.3765364,0,0,2.359722
10/9/2007 2:00:00 AM,0,0,-91.31955,90,0,0,0.5457311,0.5457311,0,-1,0,0.5457311,0,0,0,0,0,0.5744538,0.5457311,0,0,9.584304,1.9994,0,0.5744538,-0.5744538,4.302031,30.72873,0.2212235,0.6003042,0,0,1.9994
10/9/2007 3:00:00 AM,0,0,-88.91778,90,0,0,0.1394884,0.1394884,0,-1,0,0.1394884,0,0,0,0,0,0.1468299,0.1394884,0,0,10.22259,1.424947,0,0.1468299,-0.1468299,4.147259,29.62322,0.2212235,0.1534373,0,0,1.424947
10/9/2007 4:00:00 AM,0,0,-86.94376,90,0,0,1.275169,1.214211,0,-1,0,1.214211,0,0,0.0609583,0.1884752,0,1.278117,1.214211,0,0,10.38573,1.278117,0,1.278117,-1.278117,2.800006,20,0.2212235,1.402686,0,0,1.278117
10/9/2007 5:00:00 AM,0,0,-84.98539,90,0,0,0.5403525,0.5403525,4.045616,0,1.269453,0.5403525,0,0,0,0,0,0,0,3.505263,3.33,11.80586,0,3.33,0,3.33,5.959121,42.56506,0.221254,0.5943878,0,5,0
10/9/2007 6:00:00 AM,0.02141985,0.9655999,-82.79916,87.91866,0.02573346,0.1154918,0.4109246,0.4109246,3.916188,0,1.234119,0.4109246,28.10534,0,0,0,0.1154918,0,0,3.505263,3.33,8.475861,2.997,3.445492,0,3.445492,9.227801,65.91273,0.2212667,0.4520171,0.09239341,5,3.112492
10/9/2007 7:00:00 AM,0.197965,15.61664,-80.11262,73.03287,0.2068756,0.9284578,1.834533,1.834533,4.757199,0,1.463715,1.834533,50.61003,0,0,0,0.9284578,0,0,2.922666,2.776533,5.030368,6.097943,3.704991,0,3.704991,12.74266,91.01885,0.2213334,2.017987,0.7427663,5,7.026401
10/9/2007 8:00:00 AM,0.457831,30.1263,-76.47356,58.16716,0.4775088,2.143059,3.572775,3.572775,2.795977,0,0.9283018,3.572775,59.98305,2.220446E-16,0,0,2.143059,0.8176817,0.7767977,0,0,1.325378,9.432434,1.325378,0,1.325378,14.00003,100,0.2213576,3.930052,1.714447,5,11.57549
10/9/2007 9:00:00 AM,0.6408592,44.35628,-70.9313,43.35447,0.6627368,2.974363,3.493697,3.33,0,-1,0,3.33,89.3202,0,0.1636967,0.5130664,2.974363,3.505263,3.33,0,0,0,10.62527,0,0.5309007,-0.5309007,13.44041,96.00273,0.2213576,3.843066,2.37949,0,13.59964
10/9/2007 10:00:00 AM,0.7085853,57.92898,-61.03667,28.68782,0.7266612,3.261256,2.985026,2.985026,0,0,0,2.985026,109.2538,0,0,0,3.261256,3.142133,2.985026,0,0,0.5898896,10.09437,0.1191225,0,0.1191225,13.55342,96.80994,0.2213504,3.283529,2.609004,0,13.35563
10/9/2007 11:00:00 AM,0.7327685,69.49165,-39.25578,14.62589,0.7476493,3.35545,6.745251,6.745251,4.004802,0,1.258311,6.745251,49.74537,0,0,0,3.35545,2.884683,2.740449,0,0,0.4707671,10.20158,0.4707671,0,0.4707671,14.00003,100,0.221359,7.419776,2.68436,5,13.55703
10/9/2007 12:00:00 PM,0.6820081,73.88957,7.513776,7.250271,0.6920139,3.105758,2.632577,2.632577,0,0,0,2.632577,117.9741,0.3346243,0,0,3.105758,2.771134,2.632577,0,0,0,10.62527,0,0,0,14.00003,100,0.221359,2.895835,2.484607,0,13.73103
10/9/2007 1:00:00 PM,0.5741013,66.64558,47.39761,18.41157,0.5791489,2.599221,0,0,0,0,0,0,0,2.599221,0,0,2.599221,0,0,0,0,0,10.62527,0,0,0,14.00003,100,0.221359,0,2.079376,0,13.22449
10/9/2007 2:00:00 PM,0.4938684,54.24796,64.5112,32.75811,0.4980509,2.235252,0,0,0,-1,0,0,0,2.235252,0,0,2.235252,0,0,0,0,0,10.62527,0,0,0,14.00003,100,0.221359,0,1.788202,0,12.86053
10/9/2007 3:00:00 PM,0.446867,40.4238,72.76548,47.48334,0.4547253,2.040807,0,0,0,-1,0,0,0,2.040807,0,0,2.040807,0,0,0,0,0,10.62527,0,0,0,14.00003,100,0.221359,0,1.632646,0,12.66608
10/9/2007 4:00:00 PM,0.2918261,26.09339,77.62606,62.31605,0.2979636,1.337261,5.136561,3.33,0,-1,0,3.33,40.15798,0,1.806561,2.320217,1.337261,3.505263,3.33,0,0,0,10.62527,0,2.168002,-2.168002,11.71475,83.67664,0.221359,5.650217,1.069809,0,11.96253
10/9/2007 5:00:00 PM,0.1547665,11.53503,80.93414,77.18967,0.1651461,0.7411759,3.426231,3.33,0,-1,0,3.33,22.25753,0,0.0962307,0.4388538,0.7411759,3.505263,3.33,0,0,2.408891,8.457272,0,2.764087,-2.764087,8.801149,62.86522,0.221359,3.768854,0.5929407,0,9.198448
10/9/2007 6:00:00 PM,0.005199437,0,83.44666,90,0,0,0,0,0,-1,0,0,0,0,0,0,0,0,0,0,0,5.4801,5.693184,0,0,0,8.801149,62.86522,0.221359,0,0,0,5.693184
10/9/2007 7:00:00 PM,0,0,85.54545,90,0,0,1.210851,1.210851,0,-1,0,1.210851,0,0,2.220446E-16,0,0,1.27458,1.210851,0,0,5.4801,5.693184,0,1.27458,-1.27458,7.457624,53.26863,0.221359,1.331936,0,0,5.693184
10/9/2007 8:00:00 PM,0,0,87.48158,90,0,0,5.138191,3.33,0,-1,0,3.33,0,0,1.808191,2.32201,0,3.505263,3.33,0,0,6.896299,4.418605,0,3.505263,-3.505263,3.762752,26.87675,0.221359,5.652009,0,0,4.418605
10/9/2007 9:00:00 PM,0,0,89.51734,90,0,0,3.372117,0.8676745,0,-1,0,0.8676745,0,0,2.504443,2.841655,0,0.9133416,0.8676745,0,0,10.79104,0.9133416,0,0.9133416,-0.9133416,2.800006,20,0.221359,3.709329,0,0,0.9133416
10/9/2007 10:00:00 PM,0,0,92.19862,90,0,0,0.2309392,0,0,-1,0,0,0,0,0.2309392,0.2540331,0,0,0,0,0,11.80586,0,0,0,0,2.800006,20,0.221359,0.2540331,0,0,0
10/9/2007 11:00:00 PM,0,0,98.21228,90,0,0,0.03857566,0,0,-1,0,0,0,0,0.03857566,0.04243322,0,0,0,0,0,11.80586,0,0,0,0,2.800006,20,0.221359,0.04243322,0,0,0
10/10/2007 12:00:00 AM,0,0,-127.843,90,0,0,0.3447967,0,0,-1,0,0,0,0,0.3447967,0.3792763,0,0,0,0,0,11.80586,0,0,0,0,2.800006,20,0.221359,0.3792763,0,0,0
10/10/2007 1:00:00 AM,0,0,-94.35571,90,0,0,0.7107525,0,0,-1,0,0,0,0,0.7107525,0.7818278,0,0,0,0,0,11.80586,0,0,0,0,2.800006,20,0.221359,0.7818278,0,0,0
10/10/2007 2:00:00 AM,0,0,-90.58178,90,0,0,0.8248336,0,0,-1,0,0,0,0,0.8248336,0.907317,0,0,0,0,0,11.80586,0,0,0,0,2.800006,20,0.221359,0.907317,0,0,0
10/10/2007 3:00:00 AM,0,0,-88.38241,90,0,0,1.368788,0,0,-1,0,0,0,0,1.368788,1.505667,0,0,0,0,0,11.80586,0,0,0,0,2.800006,20,0.221359,1.505667,0,0,0
10/10/2007 4:00:00 AM,0,0,-86.50009,90,0,0,0.5156541,0,0,-1,0,0,0,0,0.5156541,0.5672196,0,0,0,0,0,11.80586,0,0,0,0,2.800006,20,0.221359,0.5672196,0,0,0
10/10/2007 5:00:00 AM,0,0,-84.58362,90,0,0,1.624558,1.624558,5,0,1.53,1.624558,0,0,0,0,0,0,0,3.375442,3.20667,11.80586,0,3.20667,0,3.20667,5.84212,41.72935,0.2214448,1.787013,0,5,0
10/10/2007 6:00:00 AM,0.02093547,0.9726272,-82.40849,87.85087,0.02493771,0.1119205,0.4999163,0.4999163,4.005179,0,1.258414,0.4999163,22.38784,0,0,0,0.1119205,0,0,3.505263,3.33,8.59919,2.886003,3.441921,0,3.441921,9.107412,65.05282,0.2214648,0.5499079,0.08953637,5,2.997924
10/10/2007 7:00:00 AM,0.2328379,15.6082,-79.70708,72.97808,0.248748,1.116381,1.013733,1.013733,4.518996,0,1.398686,1.013733,110.1258,4.440892E-16,0,0,1.116381,0,0,3.505263,3.33,5.157269,5.983732,4.446381,0,4.446381,13.32562,95.18281,0.2214667,1.115106,0.8931049,5,7.100112
10/10/2007 8:00:00 AM,0.4217834,30.0953,-76.02337,58.12774,0.4382209,1.966735,2.873607,2.873607,0,0,0,2.873607,68.44135,0,0,0,1.966735,3.024849,2.873607,0,0,0.7108885,9.985475,0,1.058114,-1.058114,12.21027,87.21604,0.2214667,3.160967,1.573388,0,11.95221
10/10/2007 9:00:00 AM,0.4344164,44.28955,-70.39324,43.33656,0.4393107,1.971627,0,0,0,-1,0,0,0,0.08505599,0,0,1.971627,0,0,0,0,1.886571,8.927361,1.886571,0,1.886571,14.00003,100,0.2213529,0,1.577301,0,10.89899
10/10/2007 10:00:00 AM,0.4258746,57.79835,-60.34451,28.70807,0.4266192,1.914667,0,0,0,0,0,0,0,1.914667,0,0,1.914667,0,0,0,0,0,10.62527,0,0,0,14.00003,100,0.2213529,0,1.531734,0,12.53994
10/10/2007 11:00:00 AM,0.6579772,69.23466,-38.42087,14.74844,0.6678481,2.997302,2.500343,2.500343,0,0,0,2.500343,119.8756,0.3653622,0,0,2.997302,2.63194,2.500343,0,0,0,10.62527,0,0,0,14.00003,100,0.2213529,2.750377,2.397842,0,13.62258
10/10/2007 12:00:00 PM,1.024385,73.49934,7.58008,7.638485,1.057827,4.747529,2.336885,2.336885,0,0,0,2.336885,203.1562,2.287649,0,0,4.747529,2.459879,2.336885,0,0,0,10.62527,0,0,0,14.00003,100,0.2213529,2.570574,3.798023,0,15.3728
10/10/2007 1:00:00 PM,0.9102817,66.33186,46.81401,18.61968,0.9397293,4.217505,2.695299,2.695299,0,0,0,2.695299,156.4763,1.380349,0,0,4.217505,2.837157,2.695299,0,0,0,10.62527,0,0,0,14.00003,100,0.2213529,2.964829,3.374004,0,14.84278
10/10/2007 2:00:00 PM,0.8939646,54.01534,63.97551,32.90082,0.9266126,4.158637,2.700818,2.700818,0,-1,0,2.700818,153.977,1.315671,0,0,4.158637,2.842966,2.700818,0,0,0,10.62527,0,0,0,14.00003,100,0.2213529,2.9709,3.32691,0,14.78391
10/10/2007 3:00:00 PM,0.6781578,40.23724,72.31522,47.59634,0.7066991,3.171666,0,0,0,-1,0,0,0,3.171666,0,0,3.171666,0,0,0,0,0,10.62527,0,0,0,14.00003,100,0.2213529,0,2.537333,0,13.79694
10/10/2007 4:00:00 PM,0.3253292,25.93479,77.22878,62.41051,0.335792,1.507034,3.765739,3.33,0,-1,0,3.33,45.25629,0,0.4357395,0.8123134,1.507034,3.505263,3.33,0,0,0,10.62527,0,1.998229,-1.998229,11.89371,84.9549,0.2213529,4.142313,1.205628,0,12.13231
10/10/2007 5:00:00 PM,0.1355317,11.39504,80.56198,77.26994,0.1423909,0.6390505,0.2902316,0.2902316,0,-1,0,0.2902316,220.1864,0,0,0,0.6390505,0.3055069,0.2902316,0,0,2.220254,8.627046,0.3335435,0,0.3335435,12.21014,87.21509,0.2213328,0.3192548,0.5112404,0,9.266096
10/10/2007 6:00:00 PM,0.007277489,0,83.07655,90,0,0,9.223363,3.33,0,-1,0,3.33,0,0,5.893363,6.815699,0,3.505263,3.33,0,0,1.886711,8.927235,0,3.505263,-3.505263,8.515265,60.8232,0.2213328,10.1457,0,0,8.927235
10/10/2007 7:00:00 PM,0,0,85.15369,90,0,0,4.643431,3.33,0,-1,0,3.33,0,0,1.313431,1.777774,0,3.505263,3.33,0,0,5.781447,5.421971,0,3.505263,-3.505263,4.820394,34.43131,0.2213328,5.107774,0,0,5.421971
10/10/2007 8:00:00 PM,0,0,87.03605,90,0,0,8.680939,1.820873,0,-1,0,1.820873,0,0,6.860066,7.72816,0,1.916708,1.820873,0,0,9.676185,1.916708,0,1.916708,-1.916708,2.800006,20,0.2213328,9.549033,0,0,1.916708
10/10/2007 9:00:00 PM,0,0,88.96053,90,0,0,1.368469,0,0,-1,0,0,0,0,1.368469,1.505316,0,0,0,0,0,11.80586,0,0,0,0,2.800006,20,0.2213328,1.505316,0,0,0
10/10/2007 10:00:00 PM,0,0,91.38953,90,0,0,0,0,0,-1,0,0,0,0,0,0,0,0,0,0,0,11.80586,0,0,0,0,2.800006,20,0.2213328,0,0,0,0
10/10/2007 11:00:00 PM,0,0,96.5594,90,0,0,1.253585,0,0,-1,0,0,0,0,1.253585,1.378944,0,0,0,0,0,11.80586,0,0,0,0,2.800006,20,0.2213328,1.378944,0,0,0
10/11/2007 12:00:00 AM,0,0,-120.1573,90,0,0,0.3006029,0,0,-1,0,0,0,0,0.3006029,0.3306632,0,0,0,0,0,11.80586,0,0,0,0,2.800006,20,0.2213328,0.3306632,0,0,0
10/11/2007 1:00:00 AM,0,0,-93.03731,90,0,0,0.5264214,0,0,-1,0,0,0,0,0.5264214,0.5790635,0,0,0,0,0,11.80586,0,0,0,0,2.800006,20,0.2213328,0.5790635,0,0,0
10/11/2007 2:00:00 AM,0,0,-89.84985,90,0,0,0.05963358,0,0,-1,0,0,0,0,0.05963358,0.06559693,0,0,0,0,0,11.80586,0,0,0,0,2.800006,20,0.2213328,0.06559693,0,0,0
10/11/2007 3:00:00 AM,0,0,-87.85085,90,0,0,0.7141976,0,0,-1,0,0,0,0,0.7141976,0.7856174,0,0,0,0,0,11.80586,0,0,0,0,2.800006,20,0.2213328,0.7856174,0,0,0
10/11/2007 4:00:00 AM,0,0,-86.05937,90,0,0,0.6170484,0,0,-1,0,0,0,0,0.6170484,0.6787533,0,0,0,0,0,11.80586,0,0,0,0,2.800006,20,0.2213328,0.6787533,0,0,0
10/11/2007 5:00:00 AM,0,0,-84.18443,90,0,0,0.429033,0.429033,3.934296,0,1.239063,0.429033,0,4.440892E-16,0,0,0,0,0,3.505263,3.33,11.80586,0,3.33,0,3.33,5.959121,42.56506,0.2213538,0.4719363,0,5,0
10/11/2007 6:00:00 AM,0.01018325,0.9776941,-82.02033,87.78545,0.01038129,0.04659121,0.9540067,0.9540067,4.45927,0,1.382381,0.9540067,4.88374,0,0,0,0.04659121,0,0,3.505263,3.33,8.475861,2.997,3.376591,0,3.376591,9.162436,65.44585,0.2214153,1.049407,0.03727297,5,3.043591
10/11/2007 7:00:00 AM,0.08683741,15.5972,-79.30425,72.92629,0.08665138,0.3888914,0.02556321,0.02556321,3.530826,0,1.128916,0.02556321,1521.293,0,0,0,0.3888914,0,0,3.505263,3.33,5.099269,6.035932,3.718891,0,3.718891,12.69049,90.64616,0.2213795,0.02811953,0.3111131,5,6.424823
10/11/2007 8:00:00 AM,0.06533189,30.06112,-75.57657,58.09206,0.06504837,0.2919371,5.738447,5.738447,5,0,1.53,5.738447,5.087389,0,8.881784E-16,0,0.2919371,0.7773121,0.7384465,0,0,1.380378,9.382935,0,0.485375,-0.485375,12.17886,86.99166,0.2213795,6.312291,0.2335497,5,9.674871
10/11/2007 9:00:00 AM,0.231124,44.21892,-69.86039,43.32342,0.2303359,1.033747,0.507821,0.507821,0,-1,0,0.507821,203.5653,0,0,0,1.033747,0.5345485,0.507821,0,0,1.919683,8.897559,0.4991989,0,0.4991989,12.65244,90.37438,0.2213496,0.5586031,0.8269979,0,9.931307
10/11/2007 10:00:00 AM,0.1537352,57.66311,-59.66308,28.73486,0.1530723,0.6869884,0,0,0,0,0,0,0,0,0,0,0.6869884,0,0,0,0,1.420484,9.346838,0.6869884,0,0.6869884,13.30417,95.02962,0.2213083,0,0.5495907,0,10.03383
10/11/2007 11:00:00 AM,0.2651013,68.97406,-37.61438,14.88092,0.2640513,1.185062,3.079093,3.079093,2.650105,0,0.8884788,3.079093,38.48737,3.330669E-16,0,0,1.185062,0.4515662,0.4289879,0,0,0.733496,9.965128,0.733496,0,0.733496,14.00003,100,0.2213216,3.387003,0.9480497,5,11.15019
10/11/2007 12:00:00 PM,0.1170895,73.11154,7.63657,8.024219,0.1165559,0.5231028,0,0,0,0,0,0,0,0.5231028,0,0,0.5231028,0,0,0,0,0,10.62527,0,0,0,14.00003,100,0.2213216,0,0.4184822,0,11.14838
10/11/2007 1:00:00 PM,0.2220058,66.01915,46.24479,18.83043,0.2210933,0.9922668,0.6614084,0.6614084,0,0,0,0.6614084,150.0233,0.2960474,0,0,0.9922668,0.6962194,0.6614084,0,0,0,10.62527,0,0,0,14.00003,100,0.2213216,0.7275493,0.7938134,0,11.61754
10/11/2007 2:00:00 PM,0.2152895,53.7834,63.44733,33.04439,0.2144385,0.9624,0,0,0,-1,0,0,0,0.9624,0,0,0.9624,0,0,0,0,0,10.62527,0,0,0,14.00003,100,0.2213216,0,0.76992,0,11.58767
10/11/2007 3:00:00 PM,0.1450447,40.05181,71.86916,47.70903,0.1444633,0.6483514,0.3642651,0.3642651,0,-1,0,0.3642651,177.9889,0.2649144,0,0,0.6483514,0.383437,0.3642651,0,0,0,10.62527,0,0,0,14.00003,100,0.2213216,0.4006916,0.5186811,0,11.27363
10/11/2007 4:00:00 PM,0.1721196,25.77786,76.83429,62.50384,0.1719419,0.7716751,4.098748,3.33,0,-1,0,3.33,23.17343,0,0.7687484,1.178623,0.7716751,3.505263,3.33,0,0,0,10.62527,0,2.733588,-2.733588,11.11857,79.41822,0.2213216,4.508623,0.6173401,0,11.39695
10/11/2007 5:00:00 PM,0.100455,11.25724,80.19193,77.34843,0.1021307,0.4583624,2.981614,2.981614,0,-1,0,2.981614,15.37296,0,0,0,0.4583624,3.138541,2.981614,0,0,3.03732,7.891686,0,2.680178,-2.680178,8.293417,59.23857,0.2213216,3.279775,0.3666899,0,8.350049
10/11/2007 6:00:00 PM,0.006089542,0,82.70815,90,0,0,0,0,0,-1,0,0,0,0,0,0,0,0,0,0,0,6.015296,5.211508,0,0,0,8.293417,59.23857,0.2213216,0,0,0,5.211508
10/11/2007 7:00:00 PM,0,0,84.76337,90,0,0,1.716885,1.716885,0,-1,0,1.716885,0,0,2.220446E-16,0,0,1.807248,1.716885,0,0,6.015296,5.211508,0,1.807248,-1.807248,6.388411,45.63141,0.2213216,1.888574,0,0,5.211508
10/11/2007 8:00:00 PM,0,0,86.59171,90,0,0,8.604984,3.234047,0,-1,0,3.234047,0,0,5.370937,6.231435,0,3.40426,3.234047,0,0,8.023349,3.40426,0,3.40426,-3.40426,2.800006,20,0.2213216,9.465483,0,0,3.40426
10/11/2007 9:00:00 PM,0,0,88.4044,90,0,0,5.408096,0,0,-1,0,0,0,0,5.408096,5.948906,0,0,0,0,0,11.80586,0,0,0,0,2.800006,20,0.2213216,5.948906,0,0,0
10/11/2007 10:00:00 PM,0,0,90.57898,90,0,0,0.6016239,0,0,-1,0,0,0,0,0.6016239,0.6617863,0,0,0,0,0,11.80586,0,0,0,0,2.800006,20,0.2213216,0.6617863,0,0,0
10/11/2007 11:00:00 PM,0,0,94.88312,90,0,0,0.7675787,0,0,-1,0,0,0,0,0.7675787,0.8443366,0,0,0,0,0,11.80586,0,0,0,0,2.800006,20,0.2213216,0.8443366,0,0,0
10/12/2007 12:00:00 AM,0,0,-111.6921,90,0,0,1.604628,0,0,-1,0,0,0,0,1.604628,1.765091,0,0,0,0,0,11.80586,0,0,0,0,2.800006,20,0.2213216,1.765091,0,0,0
10/12/2007 1:00:00 AM,0,0,-91.7317,90,0,0,0.896737,0,0,-1,0,0,0,0,0.896737,0.9864107,0,0,0,0,0,11.80586,0,0,0,0,2.800006,20,0.2213216,0.9864107,0,0,0
10/12/2007 2:00:00 AM,0,0,-89.12399,90,0,0,1.088042,0,0,-1,0,0,0,0,1.088042,1.196846,0,0,0,0,0,11.80586,0,0,0,0,2.800006,20,0.2213216,1.196846,0,0,0
10/12/2007 3:00:00 AM,0,0,-87.32327,90,0,0,1.261847,0,0,-1,0,0,0,0,1.261847,1.388032,0,0,0,0,0,11.80586,0,0,0,0,2.800006,20,0.2213216,1.388032,0,0,0
10/12/2007 4:00:00 AM,0,0,-85.62173,90,0,0,1.004577,0,0,-1,0,0,0,0,1.004577,1.105035,0,0,0,0,0,11.80586,0,0,0,0,2.800006,20,0.2213216,1.105035,0,0,0
10/12/2007 5:00:00 AM,0,0,-83.78793,90,0,0,1.210562,1.210562,4.715825,0,1.45242,1.210562,0,0,0,0,0,0,0,3.505263,3.33,11.80586,0,3.33,0,3.33,5.959121,42.56506,0.2214068,1.331618,0,5,0
10/12/2007 6:00:00 AM,0.01361951,0.9807398,-81.6348,87.7225,0.01409216,0.06324563,0.7511379,0.7511379,4.256401,0,1.326998,0.7511379,8.419976,0,0,0,0.06324563,0,0,3.505263,3.33,8.475861,2.997,3.393246,0,3.393246,9.178236,65.5587,0.2214503,0.8262517,0.0505965,5,3.060246
10/12/2007 7:00:00 AM,0.1110114,15.58361,-78.90429,72.87757,0.1112366,0.4992297,2.651343,2.651343,5,0,1.53,2.651343,18.82931,0,0,0,0.4992297,0,0,2.348657,2.231224,5.082614,6.050921,2.730454,0,2.730454,11.76857,84.06107,0.2215184,2.916477,0.3993838,5,6.550151
10/12/2007 8:00:00 AM,0.1808003,30.02376,-75.13335,58.06017,0.180372,0.8095096,0.02109928,0.02109928,0,0,0,0.02109928,3836.67,0,0,0,0.8095096,0.02220977,0.02109928,0,0,2.352161,8.508329,0.7872999,0,0.7872999,12.51547,89.39604,0.2214712,0.0232092,0.6476077,0,9.31784
10/12/2007 9:00:00 AM,0.3987588,44.14442,-69.33298,43.31507,0.4019332,1.803876,3.033642,3.033642,0,-1,0,3.033642,59.46241,0,0,0.00700572,1.803876,3.193307,3.033642,0,0,1.564861,9.2169,0,1.389431,-1.389431,11.05088,78.93472,0.2214712,3.337006,1.443101,0,11.02078
10/12/2007 10:00:00 AM,0.52745,57.52338,-58.9927,28.76811,0.5330479,2.392319,3.987261,3.987261,4.667797,0,1.439309,3.987261,59.99906,0,0,0,2.392319,0,0,0.680536,0.6465092,3.108673,7.827469,3.038828,0,3.038828,13.93377,99.52671,0.2215314,4.385987,1.913855,5,10.21979
10/12/2007 11:00:00 AM,0.5761085,68.71016,-36.83587,15.02286,0.5814248,2.609435,0,0,0,0,0,0,0,2.53959,0,0,2.609435,0,0,0,0,0.06984448,10.56241,0.06984448,0,0.06984448,14.00003,100,0.2215273,0,2.087548,0,13.17185
10/12/2007 12:00:00 PM,0.887736,72.72631,7.6837,8.407329,0.9154534,4.108555,0,0,0,0,0,0,0,4.108555,0,0,4.108555,0,0,0,0,0,10.62527,0,0,0,14.00003,100,0.2215273,0,3.286844,0,14.73383
10/12/2007 1:00:00 PM,0.6890754,65.70769,45.68932,19.04346,0.7033224,3.156511,5.294968,5.294968,2.296283,0,0.7918853,5.294968,59.6134,0,0,0,3.156511,3.156511,2.998685,0,0,0,10.62527,0,0,0,14.00003,100,0.2215273,5.824465,2.525208,5,13.78179
10/12/2007 2:00:00 PM,0.3092401,53.55231,62.92654,33.18863,0.3084557,1.384349,1.812062,1.812062,0,-1,0,1.812062,76.39632,0,0,0,1.384349,1.907434,1.812062,0,0,0,10.62527,0,0.5230851,-0.5230851,13.44865,96.06158,0.2215273,1.993269,1.107479,0,12.00962
10/12/2007 3:00:00 PM,0.363576,39.86766,71.42733,47.82126,0.3665591,1.645117,0,0,0,-1,0,0,0,1.063912,0,0,1.645117,0,0,0,0,0.5812056,10.10219,0.5812056,0,0.5812056,14.00003,100,0.2214925,0,1.316094,0,11.74731
10/12/2007 4:00:00 PM,0.2388083,25.62273,76.44265,62.59592,0.2413588,1.083218,0,0,0,-1,0,0,0,1.083218,0,0,1.083218,0,0,0,0,0,10.62527,0,0,0,14.00003,100,0.2214925,0,0.8665745,0,11.70849
10/12/2007 5:00:00 PM,0.1607584,11.12175,79.82404,77.42503,0.1757318,0.7886843,1.573836,1.573836,0,-1,0,1.573836,50.11222,0,0,0,0.7886843,1.65667,1.573836,0,0,0,10.62527,0,0.8679854,-0.8679854,13.08509,93.46475,0.2214925,1.73122,0.6309474,0,11.41396
10/12/2007 6:00:00 PM,0.007839244,0,82.34156,90,0,0,2.483213,2.483213,0,-1,0,2.483213,0,0,4.440892E-16,0,0,2.613909,2.483213,0,0,0.9644282,9.757289,0,2.613909,-2.613909,10.32979,73.78406,0.2214925,2.731535,0,0,9.757289
10/12/2007 7:00:00 PM,0,0,84.37463,90,0,0,7.468165,3.33,0,-1,0,3.33,0,0,4.138165,4.884982,0,3.505263,3.33,0,0,3.868771,7.14338,0,3.505263,-3.505263,6.634917,47.39217,0.2214925,8.214982,0,0,7.14338
10/12/2007 8:00:00 PM,0,0,86.14875,90,0,0,1.436671,1.436671,0,-1,0,1.436671,0,0,2.220446E-16,0,0,1.512285,1.436671,0,0,7.763508,3.638117,0,1.512285,-1.512285,5.040829,36.00585,0.2214925,1.580338,0,0,3.638117
10/12/2007 9:00:00 PM,0,0,87.84924,90,0,0,0,0,0,-1,0,0,0,0,0,0,0,0,0,0,0,9.443825,2.125832,0,0,0,5.040829,36.00585,0.2214925,0,0,0,2.125832
10/12/2007 10:00:00 PM,0,0,89.76765,90,0,0,1.063209,1.063209,0,-1,0,1.063209,0,0,0,0,0,1.119167,1.063209,0,0,9.443825,2.125832,0,1.119167,-1.119167,3.861124,27.5794,0.2214925,1.169529,0,0,2.125832
10/12/2007 11:00:00 PM,0,0,93.18703,90,0,0,0.5493883,0.5493883,0,-1,0,0.5493883,0,0,1.110223E-16,0,0,0.5783036,0.5493883,0,0,10.68734,1.006665,0,0.5783036,-0.5783036,3.251538,23.22523,0.2214925,0.6043272,0,0,1.006665
10/13/2007 12:00:00 AM,0,0,-102.7166,90,0,0,0.4854847,0.4069433,0,-1,0,0.4069433,0,0,0.07854147,0.1270899,0,0.4283613,0.4069433,0,0,11.3299,0.4283613,0,0.4283613,-0.4283613,2.800006,20,0.2214925,0.5340332,0,0,0.4283613
10/13/2007 1:00:00 AM,0,0,-90.43995,90,0,0,0.7907858,0,0,-1,0,0,0,0,0.7907858,0.8698644,0,0,0,0,0,11.80586,0,0,0,0,2.800006,20,0.2214925,0.8698644,0,0,0
10/13/2007 2:00:00 AM,0,0,-88.40446,90,0,0,0.6436881,0,0,-1,0,0,0,0,0.6436881,0.708057,0,0,0,0,0,11.80586,0,0,0,0,2.800006,20,0.2214925,0.708057,0,0,0
10/13/2007 3:00:00 AM,0,0,-86.79977,90,0,0,0.3564734,0,0,-1,0,0,0,0,0.3564734,0.3921208,0,0,0,0,0,11.80586,0,0,0,0,2.800006,20,0.2214925,0.3921208,0,0,0
10/13/2007 4:00:00 AM,0,0,-85.18729,90,0,0,0,0,0,-1,0,0,0,0,0,0,0,0,0,0,0,11.80586,0,0,0,0,2.800006,20,0.2214925,0,0,0,0
10/13/2007 5:00:00 AM,0,0,-83.39425,90,0,0,0.7876658,0.7876658,4.292929,0,1.33697,0.7876658,0,0,0,0,0,0,0,3.505263,3.33,11.80586,0,3.33,0,3.33,5.959121,42.56506,0.2215425,0.8664323,0,5,0
10/13/2007 6:00:00 AM,0.03380242,0.9817064,-81.25202,87.66209,0.06681074,0.2998466,0.1702438,0.1702438,3.675507,0,1.168413,0.1702438,176.1278,0,0,0,0.2998466,0,0,3.505263,3.33,8.475861,2.997,3.629847,0,3.629847,9.402696,67.16198,0.2215241,0.1872681,0.2398773,5,3.296847
10/13/2007 7:00:00 AM,0.2698752,15.5674,-78.50733,72.83197,0.2948154,1.323131,2.082637,2.082637,4.580547,0,1.415489,2.082637,63.53154,0,0,0,1.323131,0,0,2.497911,2.373015,4.846014,6.263862,3.696146,0,3.696146,12.90917,92.20816,0.2215757,2.2909,1.058505,5,7.586993
10/13/2007 8:00:00 AM,0.5119936,29.98318,-74.6939,58.03211,0.5406262,2.426331,2.623981,2.623981,0,0,0,2.623981,92.46755,0,0,0,2.426331,2.762085,2.623981,0,0,1.149867,9.590394,0,0.3357542,-0.3357542,12.55525,89.68019,0.2215757,2.886379,1.941064,0,12.01672
10/13/2007 9:00:00 AM,0.7888402,44.06609,-68.81127,43.31152,0.8241866,3.698949,3.577821,3.33,0,-1,0,3.33,111.0796,0,0.2478205,0.6056025,3.698949,3.505263,3.33,0,0,1.522927,9.25464,0.1936863,0,0.1936863,12.739,90.99267,0.2215641,3.935602,2.95916,0,12.95359
10/13/2007 10:00:00 AM,0.8150221,57.37931,-58.33366,28.80776,0.8448353,3.791621,0,0,0,0,0,0,0,2.46238,0,0,3.791621,0,0,0,0,1.329241,9.428957,1.329241,0,1.329241,14.00003,100,0.2214848,0,3.033297,0,13.22058
10/13/2007 11:00:00 AM,0.9983994,68.44325,-36.08489,15.17382,1.034803,4.644197,5.83477,5.83477,2.50477,0,0.8488023,5.83477,79.5952,1.138934,0,0,4.644197,3.505263,3.33,0,0,0,10.62527,0,0,0,14.00003,100,0.2214848,6.418247,3.715358,5,15.26947
10/13/2007 12:00:00 PM,1.03632,72.34376,7.721882,8.787682,1.073601,4.818321,1.055008,1.055008,0,0,0,1.055008,456.7093,3.707786,0,0,4.818321,1.110535,1.055008,0,0,0,10.62527,0,0,0,14.00003,100,0.2214848,1.160509,3.854657,0,15.44359
10/13/2007 1:00:00 PM,0.9654332,65.39767,45.14703,19.25841,1.001058,4.492749,3.682242,3.682242,1.25,0,0.50625,3.682242,122.0112,1.932495,0,0,4.492749,2.560255,2.432242,0,0,0,10.62527,0,0,0,14.00003,100,0.2214848,4.050466,3.594199,5,15.11802
10/13/2007 2:00:00 PM,0.7306281,53.32227,62.41308,33.33333,0.7563033,3.394289,4.782632,3.33,0,-1,0,3.33,101.9306,0,1.452632,1.930896,3.394289,3.505263,3.33,0,0,0,10.62527,0,0.1109743,-0.1109743,13.88305,99.16445,0.2214848,5.260896,2.715431,0,14.01956
10/13/2007 3:00:00 PM,0.6152142,39.68495,70.98976,47.93288,0.6424705,2.883408,2.344862,2.344862,0,-1,0,2.344862,122.9671,0.2918273,0,0,2.883408,2.468276,2.344862,0,0,0.1233048,10.5143,0.1233048,0,0.1233048,14.00003,100,0.2214774,2.579348,2.306726,0,13.39771
10/13/2007 4:00:00 PM,0.4210621,25.46952,76.05393,62.68664,0.4467539,2.005032,2.221108,2.221108,0,-1,0,2.221108,90.27169,0,0,0,2.005032,2.338008,2.221108,0,0,0,10.62527,0,0.3329767,-0.3329767,13.64904,97.49294,0.2214774,2.443219,1.604025,0,12.63031
10/13/2007 5:00:00 PM,0.1502102,10.98867,79.45842,77.49967,0.1632731,0.7327698,7.697703,3.33,0,-1,0,3.33,22.0051,0,4.367703,5.137474,0.7327698,3.505263,3.33,0,0,0.3699741,10.2923,0,2.772493,-2.772493,10.72657,76.61824,0.2214774,8.467474,0.5862158,0,11.02507
10/13/2007 6:00:00 PM,0.004911312,0,81.97688,90,0,0,4.068557,3.33,0,-1,0,3.33,0,0,0.7385567,1.145412,0,3.505263,3.33,0,0,3.450522,7.519804,0,3.505263,-3.505263,7.031703,50.22635,0.2214774,4.475412,0,0,7.519804
10/13/2007 7:00:00 PM,0,0,83.9876,90,0,0,2.036187,2.036187,0,-1,0,2.036187,0,0,0,0,0,2.143354,2.036187,0,0,7.345259,4.014541,0,2.143354,-2.143354,4.772409,34.08857,0.2214774,2.239805,0,0,4.014541
10/13/2007 8:00:00 PM,0,0,85.70734,90,0,0,9.053708,1.777627,0,-1,0,1.777627,0,0,7.276081,8.181452,0,1.871186,1.777627,0,0,9.726764,1.871186,0,1.871186,-1.871186,2.800006,20,0.2214774,9.959079,0,0,1.871186
10/13/2007 9:00:00 PM,0,0,87.29533,90,0,0,0,0,0,-1,0,0,0,0,0,0,0,0,0,0,0,11.80586,0,0,0,0,2.800006,20,0.2214774,0,0,0,0
10/13/2007 10:00:00 PM,0,0,88.95622,90,0,0,0.3926866,0,0,-1,0,0,0,0,0.3926866,0.4319552,0,0,0,0,0,11.80586,0,0,0,0,2.800006,20,0.2214774,0.4319552,0,0,0
10/13/2007 11:00:00 PM,0,0,91.47503,90,0,0,1.002748,0,0,-1,0,0,0,0,1.002748,1.103023,0,0,0,0,0,11.80586,0,0,0,0,2.800006,20,0.2214774,1.103023,0,0,0
10/14/2007 12:00:00 AM,0,0,-93.62267,90,0,0,0.630679,0,0,-1,0,0,0,0,0.630679,0.6937469,0,0,0,0,0,11.80586,0,0,0,0,2.800006,20,0.2214774,0.6937469,0,0,0
10/14/2007 1:00:00 AM,0,0,-89.16306,90,0,0,0.325444,0,0,-1,0,0,0,0,0.325444,0.3579884,0,0,0,0,0,11.80586,0,0,0,0,2.800006,20,0.2214774,0.3579884,0,0,0
10/14/2007 2:00:00 AM,0,0,-87.69149,90,0,0,0.7953884,0,0,-1,0,0,0,0,0.7953884,0.8749273,0,0,0,0,0,11.80586,0,0,0,0,2.800006,20,0.2214774,0.8749273,0,0,0
10/14/2007 3:00:00 AM,0,0,-86.28053,90,0,0,1.04201,0,0,-1,0,0,0,0,1.04201,1.146211,0,0,0,0,0,11.80586,0,0,0,0,2.800006,20,0.2214774,1.146211,0,0,0
10/14/2007 4:00:00 AM,0,0,-84.75615,90,0,0,0.6809058,0,0,-1,0,0,0,0,0.6809058,0.7489963,0,0,0,0,0,11.80586,0,0,0,0,2.800006,20,0.2214774,0.7489963,0,0,0
10/14/2007 5:00:00 AM,0,0,-83.00349,90,0,0,0.8702552,0.8702552,4.375518,0,1.359517,0.8702552,0,8.881784E-16,0,0,0,0,0,3.505263,3.33,11.80586,0,3.33,0,3.33,5.959121,42.56506,0.2215341,0.9572807,0,5,0
10/14/2007 6:00:00 AM,0.02945886,0.9805395,-80.87212,87.60428,0.051247,0.2299965,0.8373702,0.8373702,4.342633,0,1.350539,0.8373702,27.46653,0,0,0,0.2299965,0,0,3.505263,3.33,8.475861,2.997,3.559997,0,3.559997,9.336431,66.68865,0.2215743,0.9211072,0.1839972,5,3.226996
10/14/2007 7:00:00 AM,0.2019635,15.54852,-78.11353,72.78956,0.2139383,0.9601549,0,0,3.505263,0,1.121937,0,0,0,0,0,0.9601549,0,0,3.505263,3.33,4.915864,6.200997,4.290155,0,4.290155,13.40643,95.76001,0.2215027,0,0.7681239,5,7.161152
10/14/2007 8:00:00 AM,0.2680967,29.9394,-74.25839,58.0079,0.2703834,1.21348,0.6415989,0.6415989,0,0,0,0.6415989,189.1338,0,0,0,1.21348,0.6753672,0.6415989,0,0,0.6257088,10.06214,0.5381132,0,0.5381132,13.91693,99.40643,0.2214707,0.7057588,0.9707844,0,11.27562
10/14/2007 9:00:00 AM,0.3333993,43.98397,-68.29549,43.31275,0.3340522,1.499226,0,0,0,-1,0,0,0,1.411631,0,0,1.499226,0,0,0,0,0.08759557,10.54644,0.08759557,0,0.08759557,14.00003,100,0.2214655,0,1.199381,0,12.04566
10/14/2007 10:00:00 AM,0.4857352,57.23103,-57.68625,28.85373,0.4893948,2.196404,2.943553,2.943553,0,0,0,2.943553,74.61742,0,0,0,2.196404,3.098477,2.943553,0,0,0,10.62527,0,0.9020736,-0.9020736,13.04916,93.20809,0.2214655,3.237909,1.757123,0,12.82168
10/14/2007 11:00:00 AM,0.3378711,68.17364,-35.36096,15.33332,0.3368386,1.511732,3.944744,3.944744,3.460787,0,1.109795,3.944744,38.32269,2.220446E-16,0,0,1.511732,0.5094279,0.4839565,0,0,1.002304,9.723201,1.002304,0,1.002304,14.00003,100,0.2214834,4.339218,1.209386,5,11.23493
10/14/2007 12:00:00 PM,0.3399516,71.96402,7.751501,9.165146,0.3388654,1.520828,0,0,0,0,0,0,0,1.520828,0,0,1.520828,0,0,0,0,0,10.62527,0,0,0,14.00003,100,0.2214834,0,1.216662,0,12.1461
10/14/2007 1:00:00 PM,0.3555754,65.08932,44.61733,19.47495,0.3547219,1.591992,1.809955,1.809955,0,0,0,1.809955,87.95755,0,2.220446E-16,0,1.591992,1.905216,1.809955,0,0,0,10.62527,0,0.3132236,-0.3132236,13.66986,97.64167,0.2214834,1.99095,1.273594,0,12.21727
10/14/2007 2:00:00 PM,0.4560456,53.09346,61.90684,33.4783,0.4593951,2.061765,3.01342,3.01342,0,-1,0,3.01342,68.41945,0,4.440892E-16,0,2.061765,3.172021,3.01342,0,0,0.3480263,10.31205,0,1.110256,-1.110256,12.49955,89.28231,0.2214834,3.314762,1.649412,0,12.37382
10/14/2007 3:00:00 PM,0.4164104,39.50382,70.55647,48.04376,0.4237732,1.901894,1.10322,1.10322,0,-1,0,1.10322,172.3948,0,0,0,1.901894,1.161284,1.10322,0,0,1.581644,9.201795,0.7406095,0,0.7406095,13.20215,94.3009,0.2214394,1.213542,1.521515,0,11.10369
10/14/2007 4:00:00 PM,0.1678692,25.31836,75.66819,62.77588,0.1677439,0.7528344,0,0,0,-1,0,0,0,0,0,0,0.7528344,0,0,0,0,0.8410344,9.868343,0.7528344,0,0.7528344,13.91635,99.40233,0.2213947,0,0.6022676,0,10.62118
10/14/2007 5:00:00 PM,0.04948426,10.85811,79.09513,77.57224,0.04939252,0.2216736,0,0,0,-1,0,0,0,0.1334736,0,0,0.2216736,0,0,0,0,0.08819996,10.54589,0.08819996,0,0.08819996,14.00003,100,0.2213894,0,0.1773389,0,10.76757
10/14/2007 6:00:00 PM,0.005413962,0,81.6142,90,0,0,5.709751,3.33,0,-1,0,3.33,0,0,2.379751,2.950726,0,3.505263,3.33,0,0,0,10.62527,0,3.505263,-3.505263,10.30516,73.60811,0.2213894,6.280726,0,0,10.62527
10/14/2007 7:00:00 PM,0,0,83.60241,90,0,0,6.099223,3.33,0,-1,0,3.33,0,0,2.769223,3.379145,0,3.505263,3.33,0,0,3.894737,7.120011,0,3.505263,-3.505263,6.610284,47.21622,0.2213894,6.709145,0,0,7.120011
10/14/2007 8:00:00 PM,0,0,85.26767,90,0,0,0,0,0,-1,0,0,0,0,0,0,0,0,0,0,0,7.789474,3.614748,0,0,0,6.610284,47.21622,0.2213894,0,0,0,3.614748
10/14/2007 9:00:00 PM,0,0,86.74302,90,0,0,0,0,0,-1,0,0,0,0,0,0,0,0,0,0,0,7.789474,3.614748,0,0,0,6.610284,47.21622,0.2213894,0,0,0,3.614748
10/14/2007 10:00:00 PM,0,0,88.14542,90,0,0,1.21147,1.21147,0,-1,0,1.21147,0,0,2.220446E-16,0,0,1.275231,1.21147,0,0,7.789474,3.614748,0,1.275231,-1.275231,5.266073,37.61473,0.2213894,1.332617,0,0,3.614748
10/14/2007 11:00:00 PM,0,0,89.7513,90,0,0,1.14142,1.14142,0,-1,0,1.14142,0,0,0,0,0,1.201494,1.14142,0,0,9.206397,2.339517,0,1.201494,-1.201494,3.999586,28.56842,0.2213894,1.255562,0,0,2.339517
10/15/2007 12:00:00 AM,0,0,-84.83295,90,0,0,0.3450405,0.3450405,0,-1,0,0.3450405,0,0,5.551115E-17,0,0,0.3632005,0.3450405,0,0,10.54139,1.138022,0,0.3632005,-0.3632005,3.616739,25.8338,0.2213894,0.3795445,0,0,1.138022
10/15/2007 1:00:00 AM,0,0,-87.90193,90,0,0,0.2097062,0.2097062,0,-1,0,0.2097062,0,0,0,0,0,0.2207433,0.2097062,0,0,10.94495,0.7748217,0,0.2207433,-0.2207433,3.384055,24.17178,0.2213894,0.2306768,0,0,0.7748217
10/15/2007 2:00:00 AM,0,0,-86.98527,90,0,0,1.381724,0.5263745,0,-1,0,0.5263745,0,0,0.8553492,0.9935216,0,0.5540784,0.5263745,0,0,11.19022,0.5540784,0,0.5540784,-0.5540784,2.800006,20,0.2213894,1.519896,0,0,0.5540784
10/15/2007 3:00:00 AM,0,0,-85.76566,90,0,0,0.007928655,0,0,-1,0,0,0,0,0.007928655,0.00872152,0,0,0,0,0,11.80586,0,0,0,0,2.800006,20,0.2213894,0.00872152,0,0,0
10/15/2007 4:00:00 AM,0,0,-84.32844,90,0,0,0.1645462,0,0,-1,0,0,0,0,0.1645462,0.1810008,0,0,0,0,0,11.80586,0,0,0,0,2.800006,20,0.2213894,0.1810008,0,0,0
10/15/2007 5:00:00 AM,0,0,-82.61578,90,0,0,0.5292984,0.5292984,4.034562,0,1.266435,0.5292984,0,0,0,0,0,0,0,3.505263,3.33,11.80586,0,3.33,0,3.33,5.959121,42.56506,0.2214182,0.5822282,0,5,0
10/15/2007 6:00:00 AM,0.01988419,0.9771876,-80.49522,87.54916,0.02373198,0.1065091,0.8344142,0.8344142,4.339677,0,1.349732,0.8344142,12.76454,4.440892E-16,0,0,0.1065091,0,0,3.505263,3.33,8.475861,2.997,3.436509,0,3.436509,9.21928,65.85187,0.2214655,0.9178557,0.08520731,5,3.103509
10/15/2007 7:00:00 AM,0.1208939,15.52695,-77.72302,72.75037,0.1216499,0.5459649,0.9662153,0.9662153,4.471478,0,1.385714,0.9662153,56.50551,0,0,0,0.5459649,0,0,3.505263,3.33,5.039351,6.089858,3.875965,0,3.875965,12.89634,92.11655,0.2214972,1.062837,0.4367719,5,6.635823
10/15/2007 8:00:00 AM,0.2364962,29.89242,-73.82699,57.98758,0.2373307,1.06514,3.202376,3.202376,3.29571,0,1.064729,3.202376,33.26093,0,0,0,1.06514,0,0,0.09333387,0.08866718,1.163386,9.578227,1.153807,0,1.153807,13.99094,99.93509,0.2215185,3.522614,0.852112,5,10.64337
10/15/2007 9:00:00 AM,0.4181678,43.89812,-67.78588,43.31877,0.4231145,1.898938,0.9761371,0.9761371,0,-1,0,0.9761371,194.536,0.8618461,0,0,1.898938,1.027513,0.9761371,0,0,0.009579002,10.61665,0.009579002,0,0.009579002,14.00003,100,0.221518,1.073751,1.51915,0,12.51559
10/15/2007 10:00:00 AM,0.4856285,57.07868,-57.05072,28.9059,0.4894669,2.196727,3.848908,3.848908,1.762017,0,0.6460308,3.848908,57.07404,0,0,0,2.196727,2.196727,2.086891,0,0,0,10.62527,0,0,0,14.00003,100,0.221518,4.233799,1.757382,5,12.822
10/15/2007 11:00:00 AM,0.6156989,67.90161,-34.66357,15.50088,0.6244432,2.802501,3.610992,3.610992,1.25,0,0.50625,3.610992,77.61028,0.3172461,0,0,2.802501,2.485255,2.360992,0,0,0,10.62527,0,0,0,14.00003,100,0.221518,3.972091,2.242001,5,13.42778
10/15/2007 12:00:00 PM,0.4700395,71.58723,7.772908,9.539595,0.4708292,2.113081,0,0,0,0,0,0,0,2.113081,0,0,2.113081,0,0,0,0,0,10.62527,0,0,0,14.00003,100,0.221518,0,1.690465,0,12.73836
10/15/2007 1:00:00 PM,0.6016732,64.78283,44.09971,19.69274,0.6104114,2.739526,4.31357,4.31357,1.711019,0,0.6321083,4.31357,63.5095,0,0,0,2.739526,2.739526,2.60255,0,0,0,10.62527,0,0,0,14.00003,100,0.221518,4.744926,2.191621,5,13.3648
10/15/2007 2:00:00 PM,0.5176086,52.86605,61.40773,33.62336,0.5251598,2.356917,3.549938,3.33,0,-1,0,3.33,70.77829,0,0.2199377,0.5749314,2.356917,3.505263,3.33,0,0,0,10.62527,0,1.148346,-1.148346,12.78957,91.35385,0.221518,3.904932,1.885534,0,12.98219
10/15/2007 3:00:00 PM,0.5811585,39.32442,70.12749,48.15376,0.6071191,2.724751,3.235937,3.235937,0,-1,0,3.235937,84.20283,0,0,0.2295308,2.724751,3.40625,3.235937,0,0,1.27594,9.476928,0,0.681499,-0.681499,12.0712,86.2227,0.221518,3.559531,2.179801,0,12.20168
10/15/2007 4:00:00 PM,0.428738,25.16937,75.28548,62.86355,0.4575974,2.053697,0,0,0,-1,0,0,0,0.02053619,0,0,2.053697,0,0,0,0,2.033161,8.795429,2.033161,0,2.033161,14.00003,100,0.2213976,0,1.642958,0,10.84913
10/15/2007 5:00:00 PM,0.09928314,10.73018,78.73427,77.64265,0.1017598,0.456698,0,0,0,-1,0,0,0,0.456698,0,0,0.456698,0,0,0,0,0,10.62527,0,0,0,14.00003,100,0.2213976,0,0.3653584,0,11.08197
10/15/2007 6:00:00 PM,0.002867044,0,81.25363,90,0,0,0,0,0,-1,0,0,0,0,0,0,0,0,0,0,0,0,10.62527,0,0,0,14.00003,100,0.2213976,0,0,0,10.62527
10/15/2007 7:00:00 PM,0,0,83.21918,90,0,0,2.93006,2.93006,0,-1,0,2.93006,0,0,4.440892E-16,0,0,3.084274,2.93006,0,0,0,10.62527,0,3.084274,-3.084274,10.74892,76.77783,0.2213976,3.223066,0,0,10.62527
10/15/2007 8:00:00 PM,0,0,84.82993,90,0,0,2.118237,2.118237,0,-1,0,2.118237,0,0,0,0,0,2.229723,2.118237,0,0,3.426971,7.541,0,2.229723,-2.229723,8.398582,59.98976,0.2213976,2.330061,0,0,7.541
10/15/2007 9:00:00 PM,0,0,86.19258,90,0,0,2.950381,2.950381,0,-1,0,2.950381,0,0,4.440892E-16,0,0,3.105664,2.950381,0,0,5.904442,5.311276,0,3.105664,-3.105664,5.124926,36.60654,0.2213976,3.245419,0,0,5.311276
10/15/2007 10:00:00 PM,0,0,87.33594,90,0,0,0.8657227,0.8657227,0,-1,0,0.8657227,0,0,1.110223E-16,0,0,0.9112871,0.8657227,0,0,9.355179,2.205613,0,0.9112871,-0.9112871,4.164345,29.74526,0.2213976,0.952295,0,0,2.205613
10/15/2007 11:00:00 PM,0,0,88.02021,90,0,0,0.7903599,0.7903599,0,-1,0,0.7903599,0,0,0,0,0,0.8319578,0.7903599,0,0,10.36772,1.294326,0,0.8319578,-0.8319578,3.287384,23.48127,0.2213976,0.8693959,0,0,1.294326
10/16/2007 12:00:00 AM,0,0,-76.69011,90,0,0,1.398654,0.4392495,0,-1,0,0.4392495,0,0,0.9594048,1.09927,0,0.462368,0.4392495,0,0,11.29212,0.462368,0,0.462368,-0.462368,2.800006,20,0.2213976,1.53852,0,0,0.462368
10/16/2007 1:00:00 AM,0,0,-86.65737,90,0,0,0.1071128,0,0,-1,0,0,0,0,0.1071128,0.1178241,0,0,0,0,0,11.80586,0,0,0,0,2.800006,20,0.2213976,0.1178241,0,0,0
10/16/2007 2:00:00 AM,0,0,-86.286,90,0,0,0.7116694,0,0,-1,0,0,0,0,0.7116694,0.7828363,0,0,0,0,0,11.80586,0,0,0,0,2.800006,20,0.2213976,0.7828363,0,0,0
10/16/2007 3:00:00 AM,0,0,-85.25529,90,0,0,1.587092,0,0,-1,0,0,0,0,1.587092,1.745801,0,0,0,0,0,11.80586,0,0,0,0,2.800006,20,0.2213976,1.745801,0,0,0
10/16/2007 4:00:00 AM,0,0,-83.90427,90,0,0,0.6160373,0,0,-1,0,0,0,0,0.6160373,0.677641,0,0,0,0,0,11.80586,0,0,0,0,2.800006,20,0.2213976,0.677641,0,0,0
10/16/2007 5:00:00 AM,0,0,-82.23123,90,0,0,0.5030041,0.5030041,4.008267,0,1.259257,0.5030041,0,0,0,0,0,0,0,3.505263,3.33,11.80586,0,3.33,0,3.33,5.959121,42.56506,0.2214241,0.5533044,0,5,0
10/16/2007 6:00:00 AM,0.03158069,0.9716029,-80.12145,87.4968,0.06221492,0.2792206,0.6655225,0.6655225,4.170786,0,1.303625,0.6655225,41.95509,4.440892E-16,0,0,0.2792206,0,0,3.505263,3.33,8.475861,2.997,3.609221,0,3.609221,9.383128,67.02221,0.2214473,0.7320747,0.2233764,5,3.276221
10/16/2007 7:00:00 AM,0.2474775,15.50266,-77.33595,72.71448,0.2710738,1.216579,2.052884,2.052884,5,0,1.53,2.052884,59.26196,0,0,0,1.216579,0,0,2.947116,2.79976,4.86664,6.245298,4.016339,0,4.016339,13.19336,94.23811,0.2215134,2.258172,0.9732633,5,7.461878
10/16/2007 8:00:00 AM,0.4907938,29.84224,-73.39989,57.97117,0.5203258,2.335222,3.310501,3.310501,1.899825,0,0.6836522,3.310501,70.53984,1.110223E-16,0,0,2.335222,1.484922,1.410676,0,0,0.8503001,9.860004,0.8503001,0,0.8503001,14.00003,100,0.2215158,3.641551,1.868178,5,12.19523
10/16/2007 9:00:00 AM,0.7301174,43.80859,-67.28266,43.32955,0.7655452,3.435767,3.580491,3.33,0,-1,0,3.33,103.1762,0,0.2504913,0.6085404,3.435767,3.505263,3.33,0,0,0,10.62527,0,0.06949621,-0.06949621,13.92677,99.47675,0.2215158,3.93854,2.748614,0,14.06104
10/16/2007 10:00:00 AM,0.835454,56.92242,-56.42731,28.96418,0.8696771,3.903111,3.752096,3.752096,1.25,0,0.50625,3.752096,104.0248,1.192107,0,0,3.903111,2.633785,2.502096,0,0,0.07721801,10.55578,0.07721801,0,0.07721801,14.00003,100,0.2215112,4.127306,3.122488,5,14.45889
10/16/2007 11:00:00 AM,1.003994,67.62746,-33.9922,15.67603,1.043943,4.685215,1.457209,1.457209,0,0,0,1.457209,321.5197,3.151311,0,0,4.685215,1.533905,1.457209,0,0,0,10.62527,0,0,0,14.00003,100,0.2215112,1.60293,3.748172,0,15.31049
10/16/2007 12:00:00 PM,0.9986726,71.21349,7.786431,9.910905,1.037494,4.656275,2.506915,2.506915,0,0,0,2.506915,185.7372,2.017417,0,0,4.656275,2.638858,2.506915,0,0,0,10.62527,0,0,0,14.00003,100,0.2215112,2.757607,3.72502,0,15.28155
10/16/2007 1:00:00 PM,0.7896987,64.47839,43.59364,19.91147,0.8157163,3.660934,0,0,0,0,0,0,0,3.660934,0,0,3.660934,0,0,0,0,0,10.62527,0,0,0,14.00003,100,0.2215112,0,2.928748,0,14.28621
10/16/2007 2:00:00 PM,0.633558,52.64022,60.91565,33.76831,0.6523034,2.927538,4.554216,3.33,0,-1,0,3.33,87.91405,4.440892E-16,1.224216,1.679637,2.927538,3.505263,3.33,0,0,0,10.62527,0,0.5777254,-0.5777254,13.39105,95.65018,0.2215112,5.009637,2.34203,0,13.55281
10/16/2007 3:00:00 PM,0.5992888,39.1469,69.70285,48.26273,0.6281392,2.819089,0.7341864,0.7341864,0,-1,0,0.7341864,383.9746,1.404344,0,0,2.819089,0.7728277,0.7341864,0,0,0.6419172,10.04755,0.6419172,0,0.6419172,14.00003,100,0.2214733,0.807605,2.255271,0,12.86664
10/16/2007 4:00:00 PM,0.3986905,25.02267,74.90588,62.94952,0.4248836,1.906878,2.376237,2.376237,0,-1,0,2.376237,80.2478,0,0,0,1.906878,2.501302,2.376237,0,0,0,10.62527,0,0.5944241,-0.5944241,13.37345,95.52445,0.2214733,2.61386,1.525502,0,12.53215
10/16/2007 5:00:00 PM,0.1591453,10.60498,78.37591,77.71083,0.1783683,0.8005171,4.777515,3.33,0,-1,0,3.33,24.03955,0,1.447515,1.925267,0.8005171,3.505263,3.33,0,0,0.6604711,10.03085,0,2.704746,-2.704746,10.5224,75.15983,0.2214733,5.255267,0.6404136,0,10.83137
10/16/2007 6:00:00 PM,0.005094482,0,80.89528,90,0,0,5.865168,3.33,0,-1,0,3.33,0,0,2.535167,3.121684,0,3.505263,3.33,0,0,3.665745,7.326104,0,3.505263,-3.505263,6.827526,48.76794,0.2214733,6.451684,0,0,7.326104
10/16/2007 7:00:00 PM,0,0,82.83806,90,0,0,7.16066,3.33,0,-1,0,3.33,0,0,3.83066,4.546726,0,3.505263,3.33,0,0,7.560482,3.820841,0,3.505263,-3.505263,3.132654,22.37605,0.2214733,7.876726,0,0,3.820841
10/16/2007 8:00:00 PM,0,0,84.3943,90,0,0,2.366655,0.2997988,0,-1,0,0.2997988,0,0,2.066856,2.303522,0,0.3155777,0.2997988,0,0,11.45522,0.3155777,0,0.3155777,-0.3155777,2.800006,20,0.2214733,2.603321,0,0,0.3155777
10/16/2007 9:00:00 PM,0,0,85.64435,90,0,0,0,0,0,-1,0,0,0,0,0,0,0,0,0,0,0,11.80586,0,0,0,0,2.800006,20,0.2214733,0,0,0,0
10/16/2007 10:00:00 PM,0,0,86.52852,90,0,0,0,0,0,-1,0,0,0,0,0,0,0,0,0,0,0,11.80586,0,0,0,0,2.800006,20,0.2214733,0,0,0,0
10/16/2007 11:00:00 PM,0,0,86.28632,90,0,0,0.6412188,0,0,-1,0,0,0,0,0.6412188,0.7053406,0,0,0,0,0,11.80586,0,0,0,0,2.800006,20,0.2214733,0.7053406,0,0,0
10/17/2007 12:00:00 AM,0,0,-69.39261,90,0,0,0.5068198,0,0,-1,0,0,0,0,0.5068198,0.5575019,0,0,0,0,0,11.80586,0,0,0,0,2.800006,20,0.2214733,0.5575019,0,0,0
10/17/2007 1:00:00 AM,0,0,-85.43011,90,0,0,0.591942,0,0,-1,0,0,0,0,0.591942,0.6511362,0,0,0,0,0,11.80586,0,0,0,0,2.800006,20,0.2214733,0.6511362,0,0,0
10/17/2007 2:00:00 AM,0,0,-85.59386,90,0,0,0.4539859,0,0,-1,0,0,0,0,0.4539859,0.4993845,0,0,0,0,0,11.80586,0,0,0,0,2.800006,20,0.2214733,0.4993845,0,0,0
10/17/2007 3:00:00 AM,0,0,-84.74954,90,0,0,0.5181057,0,0,-1,0,0,0,0,0.5181057,0.5699163,0,0,0,0,0,11.80586,0,0,0,0,2.800006,20,0.2214733,0.5699163,0,0,0
10/17/2007 4:00:00 AM,0,0,-83.48376,90,0,0,1.263926,0,0,-1,0,0,0,0,1.263926,1.390319,0,0,0,0,0,11.80586,0,0,0,0,2.800006,20,0.2214733,1.390319,0,0,0
10/17/2007 5:00:00 AM,0,0,-81.84995,90,0,0,0.5356361,0.5356361,4.040899,0,1.268165,0.5356361,0,4.440892E-16,0,0,0,0,0,3.505263,3.33,11.80586,0,3.33,0,3.33,5.959121,42.56506,0.2215023,0.5891998,0,5,0
10/17/2007 6:00:00 AM,0.01732456,0.9637409,-79.75092,87.44724,0.01938516,0.08700061,0.8201549,0.8201549,4.325418,0,1.345839,0.8201549,10.60783,0,0,0,0.08700061,0,0,3.505263,3.33,8.475861,2.997,3.417001,0,3.417001,9.200772,65.71967,0.2215492,0.9021704,0.06960049,5,3.084001
10/17/2007 7:00:00 AM,0.08541238,15.47564,-76.95244,72.6819,0.08527754,0.3827256,3.280307,3.280307,5,0,1.53,3.280307,11.66737,0,0,0,0.3827256,0,0,1.719694,1.633709,5.05886,6.0723,2.016434,0,2.016434,11.11373,79.38363,0.2215984,3.608337,0.3061804,5,6.455026
10/17/2007 8:00:00 AM,0.0651082,29.78887,-72.97724,57.95869,0.0648335,0.2909727,2.727351,2.727351,5,0,1.53,2.727351,10.66869,0,0,0,0.2909727,0,0,2.272649,2.159017,3.042425,7.887092,2.44999,0,2.44999,13.43799,95.98548,0.2216596,3.000086,0.2327782,5,8.178064
10/17/2007 9:00:00 AM,0.2750083,43.71544,-66.78604,43.34507,0.2745875,1.232349,4.270514,3.33,0,-1,0,3.33,37.00747,0,0.9405141,1.367566,1.232349,3.505263,3.33,0,0,0.5924358,10.09208,0,2.272915,-2.272915,11.04213,78.87222,0.2216596,4.697566,0.9858789,0,11.32443
10/17/2007 10:00:00 AM,0.1939221,56.7624,-55.81621,29.02844,0.1931488,0.8668519,1.224887,1.224887,0,0,0,1.224887,70.76995,0,0,0,0.8668519,1.289355,1.224887,0,0,3.117896,7.819168,0,0.4225028,-0.4225028,10.59678,75.69109,0.2216596,1.347376,0.6934815,0,8.686019
10/17/2007 11:00:00 AM,0.1471919,67.35147,-33.34632,15.85828,0.1465522,0.6577263,0,0,0,0,0,0,0,0,0,0,0.6577263,0,0,0,0,3.587344,7.396665,0.6577263,0,0.6577263,11.22075,80.14804,0.2216209,0,0.526181,0,8.054391
10/17/2007 12:00:00 PM,0.5389785,70.84293,7.792374,10.27896,0.5427117,2.43569,4.408264,4.408264,4.877495,0,1.496556,4.408264,55.25282,0,0,0,2.43569,0,0,0.469231,0.4457695,2.929618,7.988618,2.88146,0,2.88146,13.95434,99.67367,0.2216754,4.849091,1.948552,5,10.42431
10/17/2007 1:00:00 PM,0.7165347,64.17618,43.09863,20.13082,0.7363207,3.304608,0.9514924,0.9514924,0,0,0,0.9514924,347.3078,2.254879,0,0,3.304608,1.001571,0.9514924,0,0,0.04815792,10.58193,0.04815792,0,0.04815792,14.00003,100,0.2216726,1.046642,2.643686,0,13.88654
10/17/2007 2:00:00 PM,0.4572264,52.41615,60.43051,33.91298,0.4612685,2.070173,4.223242,3.33,0,-1,0,3.33,62.16735,0,0.8932422,1.315567,2.070173,3.505263,3.33,0,0,0,10.62527,0,1.43509,-1.43509,12.48731,89.19489,0.2216726,4.645566,1.656138,0,12.69545
10/17/2007 3:00:00 PM,0.4576252,38.97138,69.28255,48.37056,0.470595,2.112031,8.291436,3.33,0,-1,0,3.33,63.42434,4.440892E-16,4.961437,5.79058,2.112031,3.505263,3.33,0,0,1.594545,9.190184,0,1.393233,-1.393233,11.01871,78.70494,0.2216726,9.120581,1.689624,0,11.30221
10/17/2007 4:00:00 PM,0.3197031,24.87838,74.52943,63.0337,0.334094,1.499414,3.60998,3.33,0,-1,0,3.33,45.02744,0,0.2799803,0.6409784,1.499414,3.505263,3.33,0,0,3.142581,7.796951,0,2.005849,-2.005849,8.904363,63.60247,0.2216726,3.970978,1.199531,0,9.296365
10/17/2007 5:00:00 PM,0.1396219,10.4826,78.02013,77.77668,0.1533467,0.6882198,4.737302,3.33,0,-1,0,3.33,20.66726,4.440892E-16,1.407302,1.881032,0.6882198,3.505263,3.33,0,0,5.371303,5.791102,0,2.817043,-2.817043,5.934938,42.39233,0.2216726,5.211032,0.5505759,0,6.479321
10/17/2007 6:00:00 PM,0.005597969,0,80.53924,90,0,0,0,0,0,-1,0,0,0,0,0,0,0,0,0,0,0,8.50135,2.974058,0,0,0,5.934938,42.39233,0.2216726,0,0,0,2.974058
10/17/2007 7:00:00 PM,0,0,82.45917,90,0,0,2.566438,2.566438,0,-1,0,2.566438,0,0,0,0,0,2.701513,2.566438,0,0,8.50135,2.974058,0,2.701513,-2.701513,3.087293,22.05205,0.2216726,2.823081,0,0,2.974058
10/17/2007 8:00:00 PM,0,0,83.96098,90,0,0,5.902872,0.2589179,0,-1,0,0.2589179,0,0,5.643953,6.234241,0,0.2725452,0.2589179,0,0,11.50303,0.2725452,0,0.2725452,-0.2725452,2.800006,20,0.2216726,6.493158,0,0,0.2725452
10/17/2007 9:00:00 PM,0,0,85.09863,90,0,0,0.3227382,0,0,-1,0,0,0,0,0.3227382,0.355012,0,0,0,0,0,11.80586,0,0,0,0,2.800006,20,0.2216726,0.355012,0,0,0
10/17/2007 10:00:00 PM,0,0,85.7239,90,0,0,0.892182,0,0,-1,0,0,0,0,0.892182,0.9814002,0,0,0,0,0,11.80586,0,0,0,0,2.800006,20,0.2216726,0.9814002,0,0,0
10/17/2007 11:00:00 PM,0,0,84.55425,90,0,0,0.2536089,0,0,-1,0,0,0,0,0.2536089,0.2789698,0,0,0,0,0,11.80586,0,0,0,0,2.800006,20,0.2216726,0.2789698,0,0,0
10/18/2007 12:00:00 AM,0,0,-62.99765,90,0,0,0,0,0,-1,0,0,0,0,0,0,0,0,0,0,0,11.80586,0,0,0,0,2.800006,20,0.2216726,0,0,0,0
10/18/2007 1:00:00 AM,0,0,-84.22077,90,0,0,1.002516,0,0,-1,0,0,0,0,1.002516,1.102768,0,0,0,0,0,11.80586,0,0,0,0,2.800006,20,0.2216726,1.102768,0,0,0
10/18/2007 2:00:00 AM,0,0,-84.90905,90,0,0,0.3007323,0,0,-1,0,0,0,0,0.3007323,0.3308056,0,0,0,0,0,11.80586,0,0,0,0,2.800006,20,0.2216726,0.3308056,0,0,0
10/18/2007 3:00:00 AM,0,0,-84.24854,90,0,0,0.1408876,0,0,-1,0,0,0,0,0.1408876,0.1549764,0,0,0,0,0,11.80586,0,0,0,0,2.800006,20,0.2216726,0.1549764,0,0,0
10/18/2007 4:00:00 AM,0,0,-83.06699,90,0,0,1.502721,0,0,-1,0,0,0,0,1.502721,1.652993,0,0,0,0,0,11.80586,0,0,0,0,2.800006,20,0.2216726,1.652993,0,0,0
10/18/2007 5:00:00 AM,0,0,-81.47204,90,0,0,0.3991308,0.3991308,3.904394,0,1.2309,0.3991308,0,0,0,0,0,0,0,3.505263,3.33,11.80586,0,3.33,0,3.33,5.959121,42.56506,0.2216904,0.4390438,0,5,0
10/18/2007 6:00:00 AM,0.0326558,0.9535605,-79.38375,87.40056,0.07044864,0.3161735,0.3675123,0.3675123,3.872776,0,1.222268,0.3675123,86.03072,4.440892E-16,0,0,0.3161735,0,0,3.505263,3.33,8.475861,2.997,3.646173,0,3.646173,9.418185,67.27261,0.221687,0.4042636,0.2529388,5,3.313174
10/18/2007 7:00:00 AM,0.1742615,15.44587,-76.57265,72.65269,0.1819736,0.8166976,2.45054,2.45054,5,0,1.53,2.45054,33.32725,0,0,0,0.8166976,0,0,2.54946,2.421987,4.829687,6.278556,3.238685,0,3.238685,12.49067,89.2189,0.2217639,2.695594,0.6533581,5,7.095254
10/18/2007 8:00:00 AM,0.1958656,29.73233,-72.55923,57.95015,0.195735,0.8784587,3.908496,3.908496,4.585413,0,1.416818,3.908496,22.47562,0,0,0,0.8784587,0,0,0.6769162,0.6430703,1.591002,9.193373,1.521529,0,1.521529,13.93412,99.52923,0.221796,4.299346,0.702767,5,10.07183
10/18/2007 9:00:00 AM,0.40715,43.61874,-66.29625,43.3653,0.4119503,1.848833,3.445195,3.33,0,-1,0,3.33,55.52051,0,0.1151953,0.4597149,1.848833,3.505263,3.33,0,0,0.06947298,10.56275,0,1.65643,-1.65643,12.18809,87.05761,0.221796,3.789715,1.479066,0,12.41158
10/18/2007 10:00:00 AM,0.6156972,56.59879,-55.21764,29.09856,0.6305994,2.83013,1.271775,1.271775,0,0,0,1.271775,222.5339,0,0,0,2.83013,1.33871,1.271775,0,0,1.909951,8.906319,1.49142,0,1.49142,13.60297,97.16391,0.2217085,1.398952,2.264104,0,11.73645
10/18/2007 11:00:00 AM,0.826765,67.07391,-32.72537,16.04715,0.8562111,3.842675,2.277705,2.277705,0,0,0,2.277705,168.7082,1.026561,0,0,3.842675,2.397584,2.277705,0,0,0.4185311,10.2486,0.4185311,0,0.4185311,14.00003,100,0.2216839,2.505475,3.07414,0,14.09127
10/18/2007 12:00:00 PM,0.8236779,70.47567,7.79102,10.64363,0.8512592,3.820451,0.4233147,0.4233147,0,0,0,0.4233147,902.5085,3.374857,0,0,3.820451,0.4455944,0.4233147,0,0,0,10.62527,0,0,0,14.00003,100,0.2216839,0.4656462,3.056361,0,14.44573
10/18/2007 1:00:00 PM,0.6386603,63.87639,42.61422,20.35049,0.6516589,2.924645,1.147164,1.147164,0,0,0,1.147164,254.9456,1.717104,0,0,2.924645,1.207541,1.147164,0,0,0,10.62527,0,0,0,14.00003,100,0.2216839,1.261881,2.339716,0,13.54992
10/18/2007 2:00:00 PM,0.6837394,52.194,59.95222,34.05716,0.7093032,3.183353,0.5491344,0.5491344,0,-1,0,0.5491344,579.7037,2.605316,0,0,3.183353,0.5780362,0.5491344,0,0,0,10.62527,0,0,0,14.00003,100,0.2216839,0.6040479,2.546682,0,13.80863
10/18/2007 3:00:00 PM,0.4468324,38.79802,68.86661,48.47709,0.4590908,2.0604,1.398003,1.398003,0,-1,0,1.398003,147.3817,0.5888178,0,0,2.0604,1.471582,1.398003,0,0,0,10.62527,0,0,0,14.00003,100,0.2216839,1.537803,1.64832,0,12.68567
10/18/2007 4:00:00 PM,0.3408907,24.73661,74.1562,63.11597,0.3596785,1.614237,0.5072063,0.5072063,0,-1,0,0.5072063,318.2605,1.080336,0,0,1.614237,0.5339013,0.5072063,0,0,0,10.62527,0,0,0,14.00003,100,0.2216839,0.5579269,1.29139,0,12.23951
10/18/2007 5:00:00 PM,0.1141835,10.36315,77.66701,77.84013,0.1208024,0.542161,1.777389,1.777389,0,-1,0,1.777389,30.50322,0,2.220446E-16,0,0.542161,1.870936,1.777389,0,0,0,10.62527,0,1.328775,-1.328775,12.59938,89.99536,0.2216839,1.955128,0.4337288,0,11.16744
10/18/2007 6:00:00 PM,0.004672654,0,80.18562,90,0,0,0,0,0,-1,0,0,0,0,0,0,0,0,0,0,0,1.476417,9.296499,0,0,0,12.59938,89.99536,0.2216839,0,0,0,9.296499
10/18/2007 7:00:00 PM,0,0,82.08264,90,0,0,4.036925,3.33,0,-1,0,3.33,0,0,0.7069249,1.110617,0,3.505263,3.33,0,0,1.476417,9.296499,0,3.505263,-3.505263,8.904505,63.60347,0.2216839,4.440618,0,0,9.296499
10/18/2007 8:00:00 PM,0,0,83.53014,90,0,0,0,0,0,-1,0,0,0,0,0,0,0,0,0,0,0,5.371153,5.791236,0,0,0,8.904505,63.60347,0.2216839,0,0,0,5.791236
10/18/2007 9:00:00 PM,0,0,84.55573,90,0,0,10.05742,3.33,0,-1,0,3.33,0,0,6.727424,7.733167,0,3.505263,3.33,0,0,5.371153,5.791236,0,3.505263,-3.505263,5.209632,37.21159,0.2216839,11.06317,0,0,5.791236
10/18/2007 10:00:00 PM,0,0,84.92281,90,0,0,0.1714425,0.1714425,0,-1,0,0.1714425,0,0,2.775558E-17,0,0,0.1804657,0.1714425,0,0,9.26589,2.285973,0,0.1804657,-0.1804657,5.019405,35.85282,0.2216839,0.1885867,0,0,2.285973
10/18/2007 11:00:00 PM,0,0,82.8287,90,0,0,1.009418,1.009418,0,-1,0,1.009418,0,0,2.220446E-16,0,0,1.062545,1.009418,0,0,9.466408,2.105507,0,1.062545,-1.062545,3.899384,27.85269,0.2216839,1.11036,0,0,2.105507
10/19/2007 12:00:00 AM,0,0,-57.46412,90,0,0,1.259583,0.9908139,0,-1,0,0.9908139,0,0,0.2687686,0.3947269,0,1.042962,0.9908139,0,0,10.64701,1.042962,0,1.042962,-1.042962,2.800006,20,0.2216839,1.385541,0,0,1.042962
10/19/2007 1:00:00 AM,0,0,-83.02991,90,0,0,0.6575184,0,0,-1,0,0,0,0,0.6575184,0.7232703,0,0,0,0,0,11.80586,0,0,0,0,2.800006,20,0.2216839,0.7232703,0,0,0
10/19/2007 2:00:00 AM,0,0,-84.2317,90,0,0,1.672706,0,0,-1,0,0,0,0,1.672706,1.839977,0,0,0,0,0,11.80586,0,0,0,0,2.800006,20,0.2216839,1.839977,0,0,0
10/19/2007 3:00:00 AM,0,0,-83.7524,90,0,0,0.8683127,0,0,-1,0,0,0,0,0.8683127,0.9551439,0,0,0,0,0,11.80586,0,0,0,0,2.800006,20,0.2216839,0.9551439,0,0,0
10/19/2007 4:00:00 AM,0,0,-82.65411,90,0,0,1.50827,0,0,-1,0,0,0,0,1.50827,1.659097,0,0,0,0,0,11.80586,0,0,0,0,2.800006,20,0.2216839,1.659097,0,0,0
10/19/2007 5:00:00 AM,0,0,-81.09761,90,0,0,0.03539973,0.03539973,3.540663,0,1.131601,0.03539973,0,0,0,0,0,0,0,3.505263,3.33,11.80586,0,3.33,0,3.33,5.959121,42.56506,0.2216725,0.0389397,0,5,0
10/19/2007 6:00:00 AM,0.02787113,0.9410242,-79.02006,87.35681,0.05070096,0.2275459,0.8289634,0.8289634,4.334227,0,1.348244,0.8289634,27.44945,0,0,0,0.2275459,0,0,3.505263,3.33,8.475861,2.997,3.557546,0,3.557546,9.334105,66.67205,0.2217113,0.9118598,0.1820367,5,3.224546
10/19/2007 7:00:00 AM,0.2698109,15.41333,-76.19669,72.62688,0.300705,1.349564,0,0,3.505263,0,1.121937,0,0,0,0,0,1.349564,0,0,3.505263,3.33,4.918314,6.198792,4.679564,0,4.679564,13.77353,98.38216,0.2216181,0,1.079651,5,7.548356
10/19/2007 8:00:00 AM,0.5003322,29.67264,-72.146,57.94555,0.5338445,2.395894,3.670889,3.670889,1.621602,0,0.6076972,3.670889,65.26742,0,0,0,2.395894,2.157144,2.049287,0,0,0.2387501,10.4104,0.2387501,0,0.2387501,14.00003,100,0.2216223,4.037978,1.916716,5,12.80629
10/19/2007 9:00:00 AM,0.6933538,43.51856,-65.81347,43.39019,0.7290396,3.27193,3.598425,3.33,0,-1,0,3.33,98.25615,0,0.2684246,0.628267,3.27193,3.505263,3.33,0,0,0,10.62527,0,0.2333333,-0.2333333,13.75407,98.24318,0.2216223,3.958267,2.617544,0,13.8972
10/19/2007 10:00:00 AM,0.7763732,56.43173,-54.63174,29.1744,0.808477,3.628445,5.933017,5.933017,2.732291,0,0.9109154,5.933017,61.15682,5.551115E-17,0,0,3.628445,3.369185,3.200726,0,0,0.2592593,10.39194,0.2592593,0,0.2592593,14.00003,100,0.2216175,6.526319,2.902756,5,14.02039
10/19/2007 11:00:00 AM,0.906939,66.79504,-32.1288,16.24217,0.9440988,4.237115,5.385239,5.385239,2.055238,0,0.7260801,5.385239,78.68018,0.7318521,0,0,4.237115,3.505263,3.33,0,0,0,10.62527,0,0,0,14.00003,100,0.2216175,5.923762,3.389692,5,14.86239
10/19/2007 12:00:00 PM,0.8129426,70.11182,7.782633,11.00482,0.8402972,3.771254,0,0,0,0,0,0,0,3.771254,0,0,3.771254,0,0,0,0,0,10.62527,0,0,0,14.00003,100,0.2216175,0,3.017003,0,14.39653
10/19/2007 1:00:00 PM,0.712673,63.57919,42.13995,20.5702,0.7333916,3.291461,1.074669,1.074669,0,0,0,1.074669,306.2767,2.160231,0,0,3.291461,1.131231,1.074669,0,0,0,10.62527,0,0,0,14.00003,100,0.2216175,1.182136,2.633169,0,13.91674
10/19/2007 2:00:00 PM,0.6240777,51.97393,59.48069,34.2007,0.6438472,2.889586,5.501177,3.33,0,-1,0,3.33,86.77436,4.440892E-16,2.171177,2.721295,2.889586,3.505263,3.33,0,0,0,10.62527,0,0.6156768,-0.6156768,13.35105,95.36443,0.2216175,6.051295,2.311669,0,13.51486
10/19/2007 3:00:00 PM,0.5149616,38.62694,68.45506,48.58222,0.5364771,2.407709,0.07489852,0.07489852,0,-1,0,0.07489852,3214.629,1.644783,0,0,2.407709,0.07884055,0.07489852,0,0,0.6840854,10.0096,0.6840854,0,0.6840854,14.00003,100,0.2215775,0.08238837,1.926167,0,12.41731
10/19/2007 4:00:00 PM,0.2646492,24.59747,73.78623,63.19626,0.2717998,1.219838,0,0,0,-1,0,0,0,1.219838,0,0,1.219838,0,0,0,0,0,10.62527,0,0,0,14.00003,100,0.2215775,0,0.9758701,0,11.84511
10/19/2007 5:00:00 PM,0.09292924,10.2467,77.31664,77.9011,0.09548294,0.4285274,4.536737,3.33,0,-1,0,3.33,12.86869,0,1.206737,1.660411,0.4285274,3.505263,3.33,0,0,0,10.62527,0,3.076736,-3.076736,10.75686,76.83459,0.2215775,4.990411,0.342822,0,11.0538
10/19/2007 6:00:00 PM,0.002332125,0,79.83451,90,0,0,5.13626,3.33,0,-1,0,3.33,0,0,1.80626,2.319886,0,3.505263,3.33,0,0,3.418595,7.548539,0,3.505263,-3.505263,7.061992,50.4427,0.2215775,5.649886,0,0,7.548539
10/19/2007 7:00:00 PM,0,0,81.70863,90,0,0,4.928581,3.33,0,-1,0,3.33,0,0,1.598581,2.091439,0,3.505263,3.33,0,0,7.313332,4.043275,0,3.505263,-3.505263,3.36712,24.05081,0.2215775,5.421439,0,0,4.043275
10/19/2007 8:00:00 PM,0,0,83.102,90,0,0,1.803166,0.5111116,0,-1,0,0.5111116,0,0,1.292054,1.472371,0,0.5380121,0.5111116,0,0,11.20807,0.5380121,0,0.5380121,-0.5380121,2.800006,20,0.2215775,1.983482,0,0,0.5380121
10/19/2007 9:00:00 PM,0,0,84.01598,90,0,0,2.755076,0,0,-1,0,0,0,0,2.755076,3.030584,0,0,0,0,0,11.80586,0,0,0,0,2.800006,20,0.2215775,3.030584,0,0,0
10/19/2007 10:00:00 PM,0,0,84.12599,90,0,0,0,0,0,-1,0,0,0,0,0,0,0,0,0,0,0,11.80586,0,0,0,0,2.800006,20,0.2215775,0,0,0,0
10/19/2007 11:00:00 PM,0,0,81.11428,90,0,0,0,0,0,-1,0,0,0,0,0,0,0,0,0,0,0,11.80586,0,0,0,0,2.800006,20,0.2215775,0,0,0,0
10/20/2007 12:00:00 AM,0,0,-52.70031,90,0,0,0.7690918,0,0,-1,0,0,0,0,0.7690918,0.846001,0,0,0,0,0,11.80586,0,0,0,0,2.800006,20,0.2215775,0.846001,0,0,0
10/20/2007 1:00:00 AM,0,0,-81.85799,90,0,0,0.5521013,0,0,-1,0,0,0,0,0.5521013,0.6073114,0,0,0,0,0,11.80586,0,0,0,0,2.800006,20,0.2215775,0.6073114,0,0,0
10/20/2007 2:00:00 AM,0,0,-83.56197,90,0,0,0.4222078,0,0,-1,0,0,0,0,0.4222078,0.4644285,0,0,0,0,0,11.80586,0,0,0,0,2.800006,20,0.2215775,0.4644285,0,0,0
10/20/2007 3:00:00 AM,0,0,-83.26125,90,0,0,0.3219568,0,0,-1,0,0,0,0,0.3219568,0.3541525,0,0,0,0,0,11.80586,0,0,0,0,2.800006,20,0.2215775,0.3541525,0,0,0
10/20/2007 4:00:00 AM,0,0,-82.24518,90,0,0,0.3081874,0,0,-1,0,0,0,0,0.3081874,0.3390062,0,0,0,0,0,11.80586,0,0,0,0,2.800006,20,0.2215775,0.3390062,0,0,0
10/20/2007 5:00:00 AM,0,0,-80.72678,90,0,0,0.1588672,0.1588672,3.66413,0,1.165308,0.1588672,0,0,0,0,0,0,0,3.505263,3.33,11.80586,0,3.33,0,3.33,5.959121,42.56506,0.221576,0.1747539,0,5,0
10/20/2007 6:00:00 AM,0.02645086,0.9260981,-78.65996,87.31605,0.04609495,0.2068742,0.276608,0.276608,3.781871,0,1.197451,0.276608,74.78965,4.440892E-16,0,0,0.2068742,0,0,3.505263,3.33,8.475861,2.997,3.536874,0,3.536874,9.314494,66.53197,0.2215719,0.3042688,0.1654993,5,3.203874
10/20/2007 7:00:00 AM,0.2314297,15.37802,-75.82472,72.60449,0.2544411,1.141932,4.321606,4.321606,5,0,1.53,4.321606,26.42379,0,0,0,1.141932,0,0,0.6783943,0.6444746,4.938986,6.180187,1.786407,0,1.786407,11.00923,78.63719,0.2216085,4.753766,0.9135455,5,7.322119
10/20/2007 8:00:00 AM,0.479436,29.60983,-71.73773,57.94489,0.5113966,2.295148,0,0,1.25,0,0.50625,0,0,0.3474403,0,0,2.295148,0,0,0.9025597,0.8574317,3.15258,7.787952,3.15258,0,3.15258,14.00003,100,0.2214249,0,1.836118,5,10.0831
10/20/2007 9:00:00 AM,0.7368528,43.41498,-65.33791,43.41972,0.7769478,3.486942,1.192896,1.192896,0,-1,0,1.192896,292.3091,2.231262,0,0,3.486942,1.25568,1.192896,0,0,0,10.62527,0,0,0,14.00003,100,0.2214249,1.312185,2.789553,0,14.11222
10/20/2007 10:00:00 AM,0.8665538,56.26141,-54.05869,29.25581,0.907019,4.070702,4.581933,4.581933,1.251934,0,0.5067779,4.581933,88.84244,0.5654383,0,0,4.070702,3.505263,3.33,0,0,0,10.62527,0,0,0,14.00003,100,0.2214249,5.040127,3.256561,5,14.69598
10/20/2007 11:00:00 AM,0.8926934,66.51514,-31.55605,16.44287,0.9296988,4.172488,3.664759,3.664759,1.25,0,0.50625,3.664759,113.8544,1.630637,0,0,4.172488,2.541852,2.414759,0,0,0,10.62527,0,0,0,14.00003,100,0.2214249,4.031235,3.337991,5,14.79776
10/20/2007 12:00:00 PM,0.9062111,69.7515,7.767463,11.3624,0.9428947,4.231711,1.027457,1.027457,0,0,0,1.027457,411.8625,3.150177,0,0,4.231711,1.081534,1.027457,0,0,0,10.62527,0,0,0,14.00003,100,0.2214249,1.130203,3.385369,0,14.85699
10/20/2007 1:00:00 PM,0.8386008,63.28476,41.67542,20.78967,0.8726544,3.916473,7.700789,7.700789,4.37079,0,1.358226,7.700789,50.85807,0.4112101,0,0.1408686,3.916473,3.505263,3.33,0,0,0,10.62527,0,0,0,14.00003,100,0.2214249,8.470869,3.133178,5,14.54175
10/20/2007 2:00:00 PM,0.7566732,51.7561,59.01581,34.34341,0.7914535,3.552043,3.234519,3.234519,0,-1,0,3.234519,109.8167,0.1472858,0,0.2279715,3.552043,3.404757,3.234519,0,0,0,10.62527,0,0,0,14.00003,100,0.2214249,3.557971,2.841635,0,14.17732
10/20/2007 3:00:00 PM,0.6483474,38.45827,68.04791,48.6858,0.6860979,3.079207,2.804276,2.804276,0,-1,0,2.804276,109.804,0.1273379,0,0,3.079207,2.951869,2.804276,0,0,0,10.62527,0,0,0,14.00003,100,0.2214249,3.084703,2.463366,0,13.70448
10/20/2007 4:00:00 PM,0.4293192,24.46106,73.4196,63.27445,0.4640807,2.082794,5.107143,3.33,0,-1,0,3.33,62.54636,0,1.777143,2.287858,2.082794,3.505263,3.33,0,0,0,10.62527,0,1.422469,-1.422469,12.50061,89.28992,0.2214249,5.617858,1.666235,0,12.70807
10/20/2007 5:00:00 PM,0.1799298,10.13335,76.96909,77.95951,0.2109642,0.9468073,0,0,0,-1,0,0,0,0,0,0,0.9468073,0,0,0,0,1.580521,9.202805,0.9468073,0,0.9468073,13.39883,95.70576,0.2213698,0,0.7574459,0,10.14961
10/20/2007 6:00:00 PM,0.002956555,0,79.48603,90,0,0,0,0,0,-1,0,0,0,0,0,0,0,0,0,0,0,0.633714,10.05493,0,0,0,13.39883,95.70576,0.2213698,0,0,0,10.05493
10/20/2007 7:00:00 PM,0,0,81.33724,90,0,0,1.509609,1.509609,0,-1,0,1.509609,0,0,2.220446E-16,0,0,1.589062,1.509609,0,0,0.633714,10.05493,0,1.589062,-1.589062,11.72381,83.74137,0.2213698,1.66057,0,0,10.05493
10/20/2007 8:00:00 PM,0,0,82.67672,90,0,0,1.600384,1.600384,0,-1,0,1.600384,0,0,2.220446E-16,0,0,1.684615,1.600384,0,0,2.399339,8.465869,0,1.684615,-1.684615,9.948075,71.05753,0.2213698,1.760423,0,0,8.465869
10/20/2007 9:00:00 PM,0,0,83.4797,90,0,0,2.555864,2.555864,0,-1,0,2.555864,0,0,4.440892E-16,0,0,2.690383,2.555864,0,0,4.271133,6.781254,0,2.690383,-2.690383,7.112163,50.80106,0.2213698,2.81145,0,0,6.781254
10/20/2007 10:00:00 PM,0,0,83.33418,90,0,0,0.3501787,0.3501787,0,-1,0,0.3501787,0,0,5.551115E-17,0,0,0.3686091,0.3501787,0,0,7.260448,4.090871,0,0.3686091,-0.3686091,6.723614,48.02572,0.2213698,0.3851965,0,0,4.090871
10/20/2007 11:00:00 PM,0,0,79.41554,90,0,0,0,0,0,-1,0,0,0,0,0,0,0,0,0,0,0,7.670013,3.722262,0,0,0,6.723614,48.02572,0.2213698,0,0,0,3.722262
10/21/2007 12:00:00 AM,0,0,-48.5984,90,0,0,0.02711473,0.02711473,0,-1,0,0.02711473,0,0,3.469447E-18,0,0,0.02854182,0.02711473,0,0,7.670013,3.722262,0,0.02854182,-0.02854182,6.693529,47.81083,0.2213698,0.0298262,0,0,3.722262
10/21/2007 1:00:00 AM,0,0,-80.7054,90,0,0,0.6153969,0.6153969,0,-1,0,0.6153969,0,0,1.110223E-16,0,0,0.6477861,0.6153969,0,0,7.701726,3.69372,0,0.6477861,-0.6477861,6.010702,42.9335,0.2213698,0.6769365,0,0,3.69372
10/21/2007 2:00:00 AM,0,0,-82.89999,90,0,0,0.4397407,0.4397407,0,-1,0,0.4397407,0,0,5.551115E-17,0,0,0.4628849,0.4397407,0,0,8.421489,3.045934,0,0.4628849,-0.4628849,5.522779,39.44834,0.2213698,0.4837148,0,0,3.045934
10/21/2007 3:00:00 AM,0,0,-82.77516,90,0,0,1.173904,1.173904,0,-1,0,1.173904,0,0,2.220446E-16,0,0,1.235689,1.173904,0,0,8.935805,2.583049,0,1.235689,-1.235689,4.220248,30.14457,0.2213698,1.291295,0,0,2.583049
10/21/2007 4:00:00 AM,0,0,-81.84033,90,0,0,0.04352493,0.04352493,0,-1,0,0.04352493,0,0,6.938894E-18,0,0,0.04581571,0.04352493,0,0,10.30879,1.347361,0,0.04581571,-0.04581571,4.171955,29.79961,0.2213698,0.04787742,0,0,1.347361
10/21/2007 5:00:00 AM,0,0,-80.35964,90,0,0,0.020657,0.020657,0,0,0,0.020657,0,0,3.469447E-18,0,0,0.02174422,0.020657,0,0,10.3597,1.301545,0,0.02174422,-0.02174422,4.149034,29.6359,0.2213698,0.0227227,0,0,1.301545
10/21/2007 6:00:00 AM,0.02766806,0.9087518,-78.30357,87.27831,0.05277908,0.2368725,0.9874129,0.9874129,0,0,0,0.9874129,23.9892,0,0,0,0.2368725,1.039382,0.9874129,0,0,10.38386,1.279801,0,0.8025095,-0.8025095,3.303115,23.59363,0.2213698,1.086154,0.189498,0,1.516673
10/21/2007 7:00:00 AM,0.2336129,15.33993,-75.45686,72.58556,0.258001,1.157909,3.040367,3.040367,5,0,1.53,3.040367,38.0845,0,0,0,1.157909,0,0,1.959633,1.861652,11.27554,0.4772912,3.01956,0,3.01956,6.167721,44.05506,0.221438,3.344403,0.9263268,5,1.6352
10/21/2007 8:00:00 AM,0.4006929,29.54392,-71.33458,57.94818,0.4213738,1.891126,0,0,3.505263,0,1.121937,0,0,0,0,0,1.891126,0,0,3.505263,3.33,8.255977,3.194896,5.221126,0,5.221126,11.12092,79.43495,0.2213143,0,1.512901,5,5.086021
10/21/2007 9:00:00 AM,0.5698248,43.30807,-64.86974,43.45381,0.5933588,2.662994,2.556335,2.556335,0,-1,0,2.556335,104.1723,0,0,0,2.662994,2.690879,2.556335,0,0,3.034851,7.893909,0,0.02788471,-0.02788471,11.09152,79.22501,0.2213143,2.811968,2.130395,0,10.5569
10/21/2007 10:00:00 AM,0.7204884,56.08798,-53.49861,29.34264,0.7485039,3.359286,3.087469,3.087469,2.80869,0,0.9317724,3.087469,108.8039,0,0,0,3.359286,0.2934519,0.2787793,0,0,3.065834,7.866024,3.065834,0,3.065834,14.00003,100,0.2212604,3.396216,2.687428,5,11.22531
10/21/2007 11:00:00 AM,0.8396687,66.23444,-31.00656,16.64879,0.8728841,3.917504,1.402691,1.402691,0,0,0,1.402691,279.2849,2.440987,0,0,3.917504,1.476516,1.402691,0,0,0,10.62527,0,0,0,14.00003,100,0.2212604,1.54296,3.134003,0,14.54278
10/21/2007 12:00:00 PM,0.645639,69.39482,7.74574,11.71627,0.6578977,2.952645,2.256593,2.256593,0,0,0,2.256593,130.8453,0.5772841,0,0,2.952645,2.375361,2.256593,0,0,0,10.62527,0,0,0,14.00003,100,0.2212604,2.482252,2.362116,0,13.57792
10/21/2007 1:00:00 PM,0.5751414,62.99325,41.2202,21.00862,0.5839224,2.620644,0.007294336,0.007294336,0,0,0,0.007294336,35927.11,2.612965,0,0,2.620644,0.007678248,0.007294336,0,0,0,10.62527,0,0,0,14.00003,100,0.2212604,0.00802377,2.096515,0,13.24592
10/21/2007 2:00:00 PM,0.6178156,51.54066,58.5575,34.48513,0.6382043,2.864261,4.881044,3.33,0,-1,0,3.33,86.01383,0,1.551044,2.039149,2.864261,3.505263,3.33,0,0,0,10.62527,0,0.6410024,-0.6410024,13.32435,95.17375,0.2212604,5.369149,2.291409,0,13.48954
10/21/2007 3:00:00 PM,0.5019991,38.29213,67.64519,48.78773,0.5232808,2.348484,1.171077,1.171077,0,-1,0,1.171077,200.5405,0.4035465,0,0,2.348484,1.232713,1.171077,0,0,0.712225,9.984272,0.712225,0,0.712225,14.00003,100,0.2212191,1.288185,1.878787,0,12.33276
10/21/2007 4:00:00 PM,0.2805316,24.3275,73.05635,63.35046,0.2908674,1.305413,3.176989,3.176989,0,-1,0,3.176989,41.08963,0,0,0.1646875,1.305413,3.344198,3.176989,0,0,0,10.62527,0,2.038786,-2.038786,11.85096,84.64954,0.2212191,3.494688,1.04433,0,11.93069
10/21/2007 5:00:00 PM,0.1032818,10.02318,76.62444,78.0153,0.1085594,0.4872144,2.385679,2.385679,0,-1,0,2.385679,20.42246,0,0,0,0.4872144,2.511241,2.385679,0,0,2.265318,8.586489,0,2.024027,-2.024027,9.717447,69.4102,0.2212191,2.624247,0.3897715,0,9.073703
10/21/2007 6:00:00 PM,0.002196692,0,79.14028,90,0,0,0,0,0,-1,0,0,0,0,0,0,0,0,0,0,0,4.514236,6.562461,0,0,0,9.717447,69.4102,0.2212191,0,0,0,6.562461
10/21/2007 7:00:00 PM,0,0,80.96864,90,0,0,1.910529,1.910529,0,-1,0,1.910529,0,0,0,0,0,2.011083,1.910529,0,0,4.514236,6.562461,0,2.011083,-2.011083,7.59758,54.26832,0.2212191,2.101582,0,0,6.562461
10/21/2007 8:00:00 PM,0,0,82.25451,90,0,0,5.135083,3.33,0,-1,0,3.33,0,0,1.805083,2.318591,0,3.505263,3.33,0,0,6.748773,4.551379,0,3.505263,-3.505263,3.902708,27.87643,0.2212191,5.648591,0,0,4.551379
10/21/2007 9:00:00 PM,0,0,82.9472,90,0,0,2.41912,0.9938097,0,-1,0,0.9938097,0,0,1.42531,1.667222,0,1.046115,0.9938097,0,0,10.64351,1.046115,0,1.046115,-1.046115,2.800006,20,0.2212191,2.661031,0,0,1.046115
10/21/2007 10:00:00 PM,0,0,82.5481,90,0,0,1.059768,0,0,-1,0,0,0,0,1.059768,1.165745,0,0,0,0,0,11.80586,0,0,0,0,2.800006,20,0.2212191,1.165745,0,0,0
10/21/2007 11:00:00 PM,0,0,77.73686,90,0,0,1.210855,0,0,-1,0,0,0,0,1.210855,1.33194,0,0,0,0,0,11.80586,0,0,0,0,2.800006,20,0.2212191,1.33194,0,0,0
10/22/2007 12:00:00 AM,0,0,-45.05377,90,0,0,0.2522329,0,0,-1,0,0,0,0,0.2522329,0.2774562,0,0,0,0,0,11.80586,0,0,0,0,2.800006,20,0.2212191,0.2774562,0,0,0
10/22/2007 1:00:00 AM,0,0,-79.57245,90,0,0,0.8734382,0,0,-1,0,0,0,0,0.8734382,0.9607821,0,0,0,0,0,11.80586,0,0,0,0,2.800006,20,0.2212191,0.9607821,0,0,0
10/22/2007 2:00:00 AM,0,0,-82.2459,90,0,0,1.638614,0,0,-1,0,0,0,0,1.638614,1.802475,0,0,0,0,0,11.80586,0,0,0,0,2.800006,20,0.2212191,1.802475,0,0,0
10/22/2007 3:00:00 AM,0,0,-82.29426,90,0,0,0.8953673,0,0,-1,0,0,0,0,0.8953673,0.9849041,0,0,0,0,0,11.80586,0,0,0,0,2.800006,20,0.2212191,0.9849041,0,0,0
10/22/2007 4:00:00 AM,0,0,-81.43965,90,0,0,1.334632,0,0,-1,0,0,0,0,1.334632,1.468095,0,0,0,0,0,11.80586,0,0,0,0,2.800006,20,0.2212191,1.468095,0,0,0
10/22/2007 5:00:00 AM,0,0,-79.99631,90,0,0,0.7488862,0.7488862,4.254149,0,1.326383,0.7488862,0,0,0,0,0,0,0,3.505263,3.33,11.80586,0,3.33,0,3.33,5.959121,42.56506,0.2212648,0.8237749,0,5,0
10/22/2007 6:00:00 AM,0.02977608,0.8889587,-77.95101,87.24365,0.06504846,0.2919375,0.2367679,0.2367679,3.742031,0,1.186574,0.2367679,123.3012,0,0,0,0.2919375,0,0,3.505263,3.33,8.475861,2.997,3.621938,0,3.621938,9.395192,67.10838,0.2212529,0.2604446,0.23355,5,3.288938
10/22/2007 7:00:00 AM,0.1803119,15.29907,-75.09323,72.5701,0.1907285,0.8559893,0,0,3.505263,0,1.121937,0,0,0,0,0,0.8559893,0,0,3.505263,3.33,4.853923,6.256744,4.185989,0,4.185989,13.36637,95.47388,0.2211897,0,0.6847914,5,7.112733
10/22/2007 8:00:00 AM,0.3341566,29.47495,-70.93668,57.95539,0.3448126,1.547519,5.869581,5.869581,5,0,1.53,5.869581,26.36507,0,0,0,1.547519,0.9153479,0.8695806,0,0,0.6679334,10.02413,0.6321709,0,0.6321709,13.9661,99.75766,0.2212007,6.456539,1.238015,5,11.57165
10/22/2007 9:00:00 AM,0.5913152,43.19794,-64.40916,43.49241,0.6183513,2.775161,5.258406,3.33,0,-1,0,3.33,83.33816,0,1.928406,2.454247,2.775161,3.505263,3.33,0,0,0.03576253,10.59309,0,0.7301024,-0.7301024,13.19651,94.26056,0.2212007,5.784247,2.220129,0,13.36825
10/22/2007 10:00:00 AM,0.8212209,55.91163,-52.95161,29.43473,0.8601809,3.860492,4.503776,4.503776,1.640947,0,0.6129785,4.503776,85.71678,0,0,0,3.860492,3.013505,2.862829,0,0,0.8469874,9.862986,0.8469874,0,0.8469874,14.00003,100,0.2211828,4.954154,3.088393,5,13.72348
10/22/2007 11:00:00 AM,0.868257,65.9532,-30.47976,16.85947,0.9050317,4.061782,3.056874,3.056874,1.25,0,0.50625,3.056874,132.8737,2.15981,0,0,4.061782,1.901973,1.806874,0,0,0,10.62527,0,0,0,14.00003,100,0.2211828,3.362561,3.249426,5,14.68706
10/22/2007 12:00:00 PM,0.6256874,69.04188,7.717686,12.06633,0.6366035,2.857076,0.4442503,0.4442503,0,0,0,0.4442503,643.1232,2.389444,0,0,2.857076,0.4676318,0.4442503,0,0,0,10.62527,0,0,0,14.00003,100,0.2211828,0.4886753,2.285661,0,13.48235
10/22/2007 1:00:00 PM,0.881483,62.70482,40.77393,21.2268,0.9211878,4.134291,0.5180691,0.5180691,0,0,0,0.5180691,798.0192,3.588955,0,0,4.134291,0.5453359,0.5180691,0,0,0,10.62527,0,0,0,14.00003,100,0.2211828,0.569876,3.307433,0,14.75957
10/22/2007 2:00:00 PM,0.7626922,51.32777,58.10567,34.62568,0.8000268,3.59052,0,0,0,-1,0,0,0,3.59052,0,0,3.59052,0,0,0,0,0,10.62527,0,0,0,14.00003,100,0.2211828,0,2.872416,0,14.21579
10/22/2007 3:00:00 PM,0.6595723,38.12866,67.24689,48.88787,0.7004548,3.143641,4.683611,3.33,0,-1,0,3.33,94.40364,0,1.353611,1.821972,3.143641,3.505263,3.33,0,0,0,10.62527,0,0.3616219,-0.3616219,13.61884,97.27727,0.2211828,5.151972,2.514913,0,13.76892
10/22/2007 4:00:00 PM,0.4003413,24.19686,72.69655,63.42419,0.433383,1.945023,6.48252,3.33,0,-1,0,3.33,58.40909,0,3.15252,3.800772,1.945023,3.505263,3.33,0,0,0.4018021,10.26365,0,1.56024,-1.56024,11.97421,85.52988,0.2211828,7.130772,1.556018,0,12.20868
10/22/2007 5:00:00 PM,0.1387392,9.916271,76.28278,78.06841,0.1573558,0.7062129,0,0,0,-1,0,0,0,0,0,0,0.7062129,0,0,0,0,2.135402,8.703412,0.7062129,0,0.7062129,12.64418,90.31539,0.221142,0,0.5649703,0,9.409625
10/22/2007 6:00:00 PM,0.002668392,0,78.79736,90,0,0,5.508433,3.33,0,-1,0,3.33,0,0,2.178433,2.729277,0,3.505263,3.33,0,0,1.42919,9.339004,0,3.505263,-3.505263,8.949307,63.9235,0.221142,6.059277,0,0,9.339004
10/22/2007 7:00:00 PM,0,0,80.60293,90,0,0,0.4651394,0.4651394,0,-1,0,0.4651394,0,0,5.551115E-17,0,0,0.4896204,0.4651394,0,0,5.323926,5.83374,0,0.4896204,-0.4896204,8.433203,60.23704,0.221142,0.5116534,0,0,5.83374
10/22/2007 8:00:00 PM,0,0,81.83556,90,0,0,3.09849,3.09849,0,-1,0,3.09849,0,0,4.440892E-16,0.07833837,0,3.261568,3.09849,0,0,5.867949,5.34412,0,3.261568,-3.261568,4.995208,35.67999,0.221142,3.408338,0,0,5.34412
10/22/2007 9:00:00 PM,0,0,82.41879,90,0,0,3.427677,1.978424,0,-1,0,1.978424,0,0,1.449253,1.79202,0,2.082552,1.978424,0,0,9.491914,2.082552,0,2.082552,-2.082552,2.800006,20,0.221142,3.770445,0,0,2.082552
10/22/2007 10:00:00 PM,0,0,81.76849,90,0,0,0.1257281,0,0,-1,0,0,0,0,0.1257281,0.1383009,0,0,0,0,0,11.80586,0,0,0,0,2.800006,20,0.221142,0.1383009,0,0,0
10/22/2007 11:00:00 PM,0,0,76.08241,90,0,0,0.5703849,0,0,-1,0,0,0,0,0.5703849,0.6274234,0,0,0,0,0,11.80586,0,0,0,0,2.800006,20,0.221142,0.6274234,0,0,0
10/23/2007 12:00:00 AM,0,0,-41.97355,90,0,0,0.4341528,0,0,-1,0,0,0,0,0.4341528,0.4775681,0,0,0,0,0,11.80586,0,0,0,0,2.800006,20,0.221142,0.4775681,0,0,0
10/23/2007 1:00:00 AM,0,0,-78.45937,90,0,0,0,0,0,-1,0,0,0,0,0,0,0,0,0,0,0,11.80586,0,0,0,0,2.800006,20,0.221142,0,0,0,0
10/23/2007 2:00:00 AM,0,0,-81.5998,90,0,0,0.6536841,0,0,-1,0,0,0,0,0.6536841,0.7190525,0,0,0,0,0,11.80586,0,0,0,0,2.800006,20,0.221142,0.7190525,0,0,0
10/23/2007 3:00:00 AM,0,0,-81.81865,90,0,0,0.0278611,0,0,-1,0,0,0,0,0.0278611,0.03064721,0,0,0,0,0,11.80586,0,0,0,0,2.800006,20,0.221142,0.03064721,0,0,0
10/23/2007 4:00:00 AM,0,0,-81.04325,90,0,0,0.8192096,0,0,-1,0,0,0,0,0.8192096,0.9011306,0,0,0,0,0,11.80586,0,0,0,0,2.800006,20,0.221142,0.9011306,0,0,0
10/23/2007 5:00:00 AM,0,0,-79.63688,90,0,0,0,0,0,0,0,0,0,0,0,0,0,0,0,0,0,11.80586,0,0,0,0,2.800006,20,0.221142,0,0,0,0
10/23/2007 6:00:00 AM,0.02567684,0.8666956,-77.60238,87.2121,0.04701807,0.2110171,0.8131604,0.8131604,4.318424,0,1.34393,0.8131604,25.95024,0,0,0,0.2110171,0,0,3.505263,3.33,11.80586,0,3.541017,0,3.541017,6.159309,43.99498,0.2211805,0.8944765,0.1688137,5,0.2110171
10/23/2007 7:00:00 AM,0.2012245,15.25543,-74.73397,72.55812,0.2177237,0.9771439,2.28733,2.28733,5,0,1.53,2.28733,42.71985,0,0,0,0.9771439,0,0,2.71267,2.577037,8.264843,3.186915,3.554181,0,3.554181,9.531101,68.07915,0.2212635,2.516063,0.7817151,5,4.164059
10/23/2007 8:00:00 AM,0.4459523,29.40295,-70.5442,57.96652,0.4756682,2.134799,3.492469,3.492469,5,0,1.53,3.492469,61.12577,0,0,0,2.134799,0,0,1.507531,1.432154,4.710662,6.385678,3.566953,0,3.566953,12.91501,92.24989,0.2213372,3.841716,1.707839,5,8.520476
10/23/2007 9:00:00 AM,0.7408603,43.08465,-63.95632,43.53547,0.7843784,3.52029,0,0,0,-1,0,0,0,2.376581,0,0,3.52029,0,0,0,0,1.14371,9.595936,1.14371,0,1.14371,14.00003,100,0.2212713,0,2.816232,0,13.11623
10/23/2007 10:00:00 AM,0.8195326,55.73252,-52.41778,29.5319,0.8593065,3.856568,0,0,0,0,0,0,0,3.856568,0,0,3.856568,0,0,0,0,0,10.62527,0,0,0,14.00003,100,0.2212713,0,3.085254,0,14.48184
10/23/2007 11:00:00 AM,0.9948014,65.67167,-29.97511,17.07449,1.041822,4.675698,0,0,0,0,0,0,0,4.675698,0,0,4.675698,0,0,0,0,0,10.62527,0,0,0,14.00003,100,0.2212713,0,3.740558,0,15.30097
10/23/2007 12:00:00 PM,0.9110078,68.69279,7.683508,12.41247,0.9509667,4.267939,4.23535,4.23535,1.25,0,0.50625,4.23535,100.7694,1.125465,0,0,4.267939,3.142474,2.98535,0,0,0,10.62527,0,0,0,14.00003,100,0.2212713,4.658885,3.414351,5,14.89321
10/23/2007 1:00:00 PM,0.9022235,62.41962,40.33624,21.44396,0.9445831,4.239289,4.554191,4.554191,1.25,0,0.50625,4.554191,93.08545,0.7611933,0,0,4.239289,3.478096,3.304191,0,0,0,10.62527,0,0,0,14.00003,100,0.2212713,5.00961,3.391431,5,14.86456
10/23/2007 2:00:00 PM,0.6333032,51.11757,57.66024,34.7649,0.6569172,2.948244,3.064567,3.064567,0,-1,0,3.064567,96.20428,0,0,0.04102322,2.948244,3.22586,3.064567,0,0,0,10.62527,0,0.2776152,-0.2776152,13.7074,97.90977,0.2212713,3.371023,2.358595,0,13.57352
10/23/2007 3:00:00 PM,0.4780894,37.96797,66.85306,48.98612,0.4973777,2.232231,2.988679,2.988679,0,-1,0,2.988679,74.68954,0,4.440892E-16,0,2.232231,3.145978,2.988679,0,0,0.3084614,10.34766,0,0.9137473,-0.9137473,12.74422,91.02997,0.2212713,3.287547,1.785785,0,12.57989
10/23/2007 4:00:00 PM,0.2599346,24.06927,72.34025,63.49557,0.2679708,1.202653,0,0,0,-1,0,0,0,0,0,0,1.202653,0,0,0,0,1.323736,9.433911,1.202653,0,1.202653,13.88516,99.1795,0.2212021,0,0.9621223,0,10.63656
10/23/2007 5:00:00 PM,0.1272059,9.812695,75.94418,78.11877,0.1419339,0.6369992,1.635349,1.635349,0,-1,0,1.635349,38.9519,0,0,0,0.6369992,1.72142,1.635349,0,0,0.1210833,10.5163,0,1.08442,-1.08442,12.74208,91.01466,0.2212021,1.798883,0.5095994,0,11.1533
10/23/2007 6:00:00 PM,0.002303088,0,78.45736,90,0,0,4.419335,3.33,0,-1,0,3.33,0,0,1.089335,1.531268,0,3.505263,3.33,0,0,1.325995,9.431879,0,3.505263,-3.505263,9.047207,64.62278,0.2212021,4.861269,0,0,9.431879
10/23/2007 7:00:00 PM,0,0,80.24027,90,0,0,0.5046569,0.5046569,0,-1,0,0.5046569,0,0,1.110223E-16,0,0,0.5312178,0.5046569,0,0,5.220732,5.926616,0,0.5312178,-0.5312178,8.487254,60.62312,0.2212021,0.5551226,0,0,5.926616
10/23/2007 8:00:00 PM,0,0,81.42004,90,0,0,0,0,0,-1,0,0,0,0,0,0,0,0,0,0,0,5.810974,5.395398,0,0,0,8.487254,60.62312,0.2212021,0,0,0,5.395398
10/23/2007 9:00:00 PM,0,0,81.89478,90,0,0,2.382689,2.382689,0,-1,0,2.382689,0,0,0,0,0,2.508094,2.382689,0,0,5.810974,5.395398,0,2.508094,-2.508094,5.843492,41.73914,0.2212021,2.620958,0,0,5.395398
10/23/2007 10:00:00 PM,0,0,80.99605,90,0,0,1.108906,1.108906,0,-1,0,1.108906,0,0,2.220446E-16,0,0,1.16727,1.108906,0,0,8.597744,2.887304,0,1.16727,-1.16727,4.613081,32.95052,0.2212021,1.219797,0,0,2.887304
10/23/2007 11:00:00 PM,0,0,74.45605,90,0,0,0,0,0,-1,0,0,0,0,0,0,0,0,0,0,0,9.894711,1.720035,0,0,0,4.613081,32.95052,0.2212021,0,0,0,1.720035
10/24/2007 12:00:00 AM,0,0,-39.27897,90,0,0,1.516122,1.516122,0,-1,0,1.516122,0,0,2.220446E-16,0.03370119,0,1.595918,1.516122,0,0,9.894711,1.720035,0,1.595918,-1.595918,2.930836,20.9345,0.2212021,1.667734,0,0,1.720035
10/24/2007 1:00:00 AM,0,0,-77.36635,90,0,0,0.5220943,0.117911,0,-1,0,0.117911,0,0,0.4041833,0.4563927,0,0.1241168,0.117911,0,0,11.66795,0.1241168,0,0.1241168,-0.1241168,2.800006,20,0.2212021,0.5743037,0,0,0.1241168
10/24/2007 2:00:00 AM,0,0,-80.96181,90,0,0,0.8150581,0,0,-1,0,0,0,0,0.8150581,0.8965639,0,0,0,0,0,11.80586,0,0,0,0,2.800006,20,0.2212021,0.8965639,0,0,0
10/24/2007 3:00:00 AM,0,0,-81.34841,90,0,0,0.6054757,0,0,-1,0,0,0,0,0.6054757,0.6660233,0,0,0,0,0,11.80586,0,0,0,0,2.800006,20,0.2212021,0.6660233,0,0,0
10/24/2007 4:00:00 AM,0,0,-80.65121,90,0,0,0,0,0,-1,0,0,0,0,0,0,0,0,0,0,0,11.80586,0,0,0,0,2.800006,20,0.2212021,0,0,0,0
10/24/2007 5:00:00 AM,0,0,-79.28145,90,0,0,1.046293,1.046293,4.551556,0,1.407575,1.046293,0,0,0,0,0,0,0,3.505263,3.33,11.80586,0,3.33,0,3.33,5.959121,42.56506,0.2212709,1.150922,0,5,0
10/24/2007 6:00:00 AM,0.02961683,0.841943,-77.25779,87.18371,0.06951327,0.3119755,0.943256,0.943256,4.448519,0,1.379446,0.943256,33.07433,0,0,0,0.3119755,0,0,3.505263,3.33,8.475861,2.997,3.641976,0,3.641976,9.414203,67.24417,0.2213136,1.037582,0.2495804,5,3.308975
10/24/2007 7:00:00 AM,0.2224735,15.20902,-74.3792,72.54965,0.2460104,1.104095,1.458814,1.458814,4.591028,0,1.418351,1.458814,75.68439,0,0,0,1.104095,0,0,3.132213,2.975603,4.833885,6.274778,4.079698,0,4.079698,13.28454,94.8894,0.2213423,1.604696,0.8832758,5,7.378873
10/24/2007 8:00:00 AM,0.5250153,29.32797,-70.15729,57.98155,0.5662215,2.541202,2.335202,2.335202,0,0,0,2.335202,108.8215,0,0,0,2.541202,2.458107,2.335202,0,0,0.7541872,9.946506,0.08309463,0,0.08309463,13.36337,95.45248,0.2213375,2.568722,2.032962,0,12.48771
10/24/2007 9:00:00 AM,0.7535542,42.96832,-63.51139,43.5829,0.7989699,3.585777,2.784707,2.784707,0,-1,0,2.784707,128.7667,0,0,0,3.585777,2.931271,2.784707,0,0,0.6710926,10.02129,0.6545059,0,0.6545059,13.98429,99.8876,0.2212999,3.063178,2.868622,0,13.60707
10/24/2007 10:00:00 AM,0.7423196,55.55083,-51.89719,29.63399,0.7751533,3.478888,1.166,1.166,0,0,0,1.166,298.3609,2.234933,0,0,3.478888,1.227368,1.166,0,0,0.01658664,10.61035,0.01658664,0,0.01658664,14.00003,100,0.221299,1.2826,2.78311,0,14.08923
10/24/2007 11:00:00 AM,0.6631474,65.39008,-29.49206,17.29339,0.6797401,3.050673,1.384634,1.384634,0,0,0,1.384634,220.3234,1.593164,0,0,3.050673,1.45751,1.384634,0,0,0,10.62527,0,0,0,14.00003,100,0.221299,1.523098,2.440539,0,13.67595
10/24/2007 12:00:00 PM,0.6500394,68.34767,7.643402,12.75459,0.6639428,2.979775,4.779933,4.779933,1.949147,0,0.6971171,4.779933,62.33926,0,8.881784E-16,0,2.979775,2.979775,2.830786,0,0,0,10.62527,0,0,0,14.00003,100,0.221299,5.257926,2.38382,5,13.60505
10/24/2007 1:00:00 PM,0.7390428,62.13781,39.90677,21.65986,0.7660968,3.438242,2.127371,2.127371,0,0,0,2.127371,161.6193,1.198904,0,0,3.438242,2.239338,2.127371,0,0,0,10.62527,0,0,0,14.00003,100,0.221299,2.340108,2.750594,0,14.06352
10/24/2007 2:00:00 PM,0.7250417,50.9102,57.2211,34.90263,0.7604404,3.412857,4.390763,3.33,0,-1,0,3.33,102.4882,0,1.060763,1.499839,3.412857,3.505263,3.33,0,0,0,10.62527,0,0.0924065,-0.0924065,13.90262,99.30425,0.221299,4.829839,2.730285,0,14.03813
10/24/2007 3:00:00 PM,0.581719,37.81017,66.46368,49.08236,0.6166055,2.767325,4.4066,3.33,0,-1,0,3.33,83.10287,0,1.0766,1.51726,2.767325,3.505263,3.33,0,0,0.1026739,10.53287,0,0.7379378,-0.7379378,13.12477,93.74815,0.221299,4.84726,2.21386,0,13.30019
10/24/2007 4:00:00 PM,0.3239014,23.94479,71.9875,63.56451,0.3442844,1.545149,2.012226,2.012226,0,-1,0,2.012226,76.78804,0,0,0,1.545149,2.118132,2.012226,0,0,0.9226048,9.79493,0,0.5729836,-0.5729836,12.52079,89.43404,0.221299,2.213448,1.236119,0,11.34008
10/24/2007 5:00:00 PM,0.1112991,9.712523,75.60873,78.16632,0.1205559,0.5410548,0,0,0,-1,0,0,0,0,0,0,0.5410548,0,0,0,0,1.559253,9.221947,0.5410548,0,0.5410548,13.03408,93.10039,0.2212679,0,0.4328439,0,9.763001
10/24/2007 6:00:00 PM,0.00297653,0,78.12039,90,0,0,2.49781,2.49781,0,-1,0,2.49781,0,0,0,0,0,2.629274,2.49781,0,0,1.018198,9.708896,0,2.629274,-2.629274,10.26258,73.30402,0.2212679,2.747591,0,0,9.708896
10/24/2007 7:00:00 PM,0,0,79.88078,90,0,0,5.561786,3.33,0,-1,0,3.33,0,0,2.231786,2.787964,0,3.505263,3.33,0,0,3.939613,7.079622,0,3.505263,-3.505263,6.567711,46.91212,0.2212679,6.117964,0,0,7.079622
10/24/2007 8:00:00 PM,0,0,81.00817,90,0,0,1.661036,1.661036,0,-1,0,1.661036,0,0,0,0,0,1.748459,1.661036,0,0,7.83435,3.574359,0,1.748459,-1.748459,4.724674,33.7476,0.2212679,1.827139,0,0,3.574359
10/24/2007 9:00:00 PM,0,0,81.3755,90,0,0,1.356718,1.356718,0,-1,0,1.356718,0,0,2.220446E-16,0,0,1.428125,1.356718,0,0,9.777081,1.8259,0,1.428125,-1.428125,3.219298,22.99494,0.2212679,1.49239,0,0,1.8259
10/24/2007 10:00:00 PM,0,0,80.23146,90,0,0,0,0,0,-1,0,0,0,0,0,0,0,0,0,0,0,11.36389,0.3977759,0,0,0,3.219298,22.99494,0.2212679,0,0,0,0.3977759
10/24/2007 11:00:00 PM,0,0,72.8614,90,0,0,0,0,0,-1,0,0,0,0,0,0,0,0,0,0,0,11.36389,0.3977759,0,0,0,3.219298,22.99494,0.2212679,0,0,0,0.3977759
10/25/2007 12:00:00 AM,0,0,-36.90483,90,0,0,0,0,0,-1,0,0,0,0,0,0,0,0,0,0,0,11.36389,0.3977759,0,0,0,3.219298,22.99494,0.2212679,0,0,0,0.3977759
10/25/2007 1:00:00 AM,0,0,-76.29349,90,0,0,0,0,0,-1,0,0,0,0,0,0,0,0,0,0,0,11.36389,0.3977759,0,0,0,3.219298,22.99494,0.2212679,0,0,0,0.3977759
10/25/2007 2:00:00 AM,0,0,-80.33203,90,0,0,0.1474537,0.1474537,0,-1,0,0.1474537,0,0,2.775558E-17,0,0,0.1552145,0.1474537,0,0,11.36389,0.3977759,0,0.1552145,-0.1552145,3.055688,21.8263,0.2212679,0.1621991,0,0,0.3977759
10/25/2007 3:00:00 AM,0,0,-80.88366,90,0,0,0.1160279,0.1160279,0,-1,0,0.1160279,0,0,1.387779E-17,0,0,0.1221347,0.1160279,0,0,11.53635,0.2425615,0,0.1221347,-0.1221347,2.926947,20.90672,0.2212679,0.1276307,0,0,0.2425615
10/25/2007 4:00:00 AM,0,0,-80.26363,90,0,0,0.7969117,0.1144055,0,-1,0,0.1144055,0,0,0.6825063,0.7621974,0,0.1204268,0.1144055,0,0,11.67205,0.1204268,0,0.1204268,-0.1204268,2.800006,20,0.2212679,0.8766029,0,0,0.1204268
10/25/2007 5:00:00 AM,0,0,-78.93012,90,0,0,0.2414198,0.2414198,3.746683,0,1.187844,0.2414198,0,0,0,0,0,0,0,3.505263,3.33,11.80586,0,3.33,0,3.33,5.959121,42.56506,0.2212732,0.2655618,0,5,0
10/25/2007 6:00:00 AM,0.02219124,0.8146852,-76.91735,87.15849,0.03531951,0.158514,0,0,3.505263,0,1.121937,0,0,0,0,0,0.158514,0,0,3.505263,3.33,8.475861,2.997,3.488514,0,3.488514,9.268616,66.20427,0.2212505,0,0.1268112,5,3.155514
10/25/2007 7:00:00 AM,0.1840144,15.15986,-74.02905,72.54468,0.1966429,0.8825333,0,0,3.505263,0,1.121937,0,0,0,0,0,0.8825333,0,0,3.505263,3.33,4.987346,6.136662,4.212533,0,4.212533,13.26498,94.74964,0.2211864,0,0.7060266,5,7.019196
10/25/2007 8:00:00 AM,0.3695087,29.25006,-69.77607,58.00044,0.3871512,1.737535,2.189784,2.189784,0,0,0,2.189784,79.34731,0,0,0,1.737535,2.305036,2.189784,0,0,0.7748129,9.927942,0,0.5675012,-0.5675012,12.66678,90.4768,0.2211864,2.408762,1.390028,0,11.66548
10/25/2007 9:00:00 AM,0.7191453,42.84903,-63.07452,43.63463,0.7630684,3.424651,2.320006,2.320006,0,-1,0,2.320006,147.6139,0,0,0,3.424651,2.442112,2.320006,0,0,1.40537,9.360441,0.9825391,0,0.9825391,13.5989,97.13477,0.2211303,2.552007,2.739721,0,12.78509
10/25/2007 10:00:00 AM,0.8944163,55.36673,-51.38992,29.74082,0.9418746,4.227133,0,0,0,0,0,0,0,3.804303,0,0,4.227133,0,0,0,0,0.4228307,10.24473,0.4228307,0,0.4228307,14.00003,100,0.2211061,0,3.381707,0,14.47186
10/25/2007 11:00:00 AM,0.6767606,65.10865,-29.03004,17.51578,0.6952946,3.120482,3.524137,3.524137,1.25,0,0.50625,3.524137,88.54601,0.7266541,0,0,3.120482,2.393828,2.274137,0,0,0,10.62527,0,0,0,14.00003,100,0.2211061,3.87655,2.496386,5,13.74576
10/25/2007 12:00:00 PM,0.6817909,68.00661,7.597554,13.09259,0.6993507,3.138686,3.195433,3.195433,1.25,0,0.50625,3.195433,98.22413,1.090862,0,0,3.138686,2.047824,1.945433,0,0,0,10.62527,0,0,0,14.00003,100,0.2211061,3.514976,2.510949,5,13.76396
10/25/2007 1:00:00 PM,0.7618404,61.85952,39.48521,21.87427,0.7922646,3.555683,1.299028,1.299028,0,0,0,1.299028,273.7187,2.188285,0,0,3.555683,1.367398,1.299028,0,0,0,10.62527,0,0,0,14.00003,100,0.2211061,1.428931,2.844547,0,14.18096
10/25/2007 2:00:00 PM,0.5830093,50.7058,56.78819,35.03872,0.6016709,2.700299,1.424264,1.424264,0,-1,0,1.424264,189.5926,1.201074,0,0,2.700299,1.499225,1.424264,0,0,0,10.62527,0,0,0,14.00003,100,0.2211061,1.56669,2.160239,0,13.32557
10/25/2007 3:00:00 PM,0.5633174,37.65538,66.0788,49.17648,0.5967078,2.678024,0.6378893,0.6378893,0,-1,0,0.6378893,419.8259,2.006562,0,0,2.678024,0.6714624,0.6378893,0,0,0,10.62527,0,0,0,14.00003,100,0.2211061,0.7016782,2.14242,0,13.3033
10/25/2007 4:00:00 PM,0.3648883,23.82353,71.63837,63.63092,0.3947137,1.771475,0,0,0,-1,0,0,0,1.771475,0,0,1.771475,0,0,0,0,0,10.62527,0,0,0,14.00003,100,0.2211061,0,1.41718,0,12.39675
10/25/2007 5:00:00 PM,0.128688,9.615824,75.2765,78.21101,0.1459678,0.6551036,3.377467,3.33,0,-1,0,3.33,19.67278,0,0.0474666,0.3852133,0.6551036,3.505263,3.33,0,0,0,10.62527,0,2.85016,-2.85016,10.9957,78.54053,0.2211061,3.715213,0.5240829,0,11.28038
10/25/2007 6:00:00 PM,0.002454832,0,77.78657,90,0,0,1.991223,1.991223,0,-1,0,1.991223,0,0,4.440892E-16,0,0,2.096025,1.991223,0,0,3.166844,7.775115,0,2.096025,-2.096025,8.786292,62.7591,0.2211061,2.190346,0,0,7.775115
10/25/2007 7:00:00 PM,0,0,79.5246,90,0,0,4.748686,3.33,0,-1,0,3.33,0,0,1.418686,1.893555,0,3.505263,3.33,0,0,5.49576,5.67909,0,3.505263,-3.505263,5.09142,36.36721,0.2211061,5.223555,0,0,5.67909
10/25/2007 8:00:00 PM,0,0,80.60012,90,0,0,3.447597,2.065135,0,-1,0,2.065135,0,0,1.382462,1.727221,0,2.173827,2.065135,0,0,9.390497,2.173827,0,2.173827,-2.173827,2.800006,20,0.2211061,3.792357,0,0,2.173827
10/25/2007 9:00:00 PM,0,0,80.86125,90,0,0,1.010855,0,0,-1,0,0,0,0,1.010855,1.111941,0,0,0,0,0,11.80586,0,0,0,0,2.800006,20,0.2211061,1.111941,0,0,0
10/25/2007 10:00:00 PM,0,0,79.47542,90,0,0,0.09397975,0,0,-1,0,0,0,0,0.09397975,0.1033777,0,0,0,0,0,11.80586,0,0,0,0,2.800006,20,0.2211061,0.1033777,0,0,0
10/25/2007 11:00:00 PM,0,0,71.3017,90,0,0,0.3139091,0,0,-1,0,0,0,0,0.3139091,0.3453,0,0,0,0,0,11.80586,0,0,0,0,2.800006,20,0.2211061,0.3453,0,0,0
10/26/2007 12:00:00 AM,0,0,-34.79775,90,0,0,0.7359627,0,0,-1,0,0,0,0,0.7359627,0.8095589,0,0,0,0,0,11.80586,0,0,0,0,2.800006,20,0.2211061,0.8095589,0,0,0
10/26/2007 1:00:00 AM,0,0,-75.24085,90,0,0,0.4400179,0,0,-1,0,0,0,0,0.4400179,0.4840197,0,0,0,0,0,11.80586,0,0,0,0,2.800006,20,0.2211061,0.4840197,0,0,0
10/26/2007 2:00:00 AM,0,0,-79.71053,90,0,0,0.104733,0,0,-1,0,0,0,0,0.104733,0.1152063,0,0,0,0,0,11.80586,0,0,0,0,2.800006,20,0.2211061,0.1152063,0,0,0
10/26/2007 3:00:00 AM,0,0,-80.42448,90,0,0,0,0,0,-1,0,0,0,0,0,0,0,0,0,0,0,11.80586,0,0,0,0,2.800006,20,0.2211061,0,0,0,0
10/26/2007 4:00:00 AM,0,0,-79.88062,90,0,0,0.9750798,0,0,-1,0,0,0,0,0.9750798,1.072588,0,0,0,0,0,11.80586,0,0,0,0,2.800006,20,0.2211061,1.072588,0,0,0
10/26/2007 5:00:00 AM,0,0,-78.583,90,0,0,0.8105548,0.8105548,4.315818,0,1.343218,0.8105548,0,4.440892E-16,0,0,0,0,0,3.505263,3.33,11.80586,0,3.33,0,3.33,5.959121,42.56506,0.2211561,0.8916103,0,5,0
10/26/2007 6:00:00 AM,0.030522,0.7849098,-76.58117,87.13648,0.08222487,0.3690252,0,0,3.505263,0,1.121937,0,0,0,0,0,0.3690252,0,0,3.505263,3.33,8.475861,2.997,3.699025,0,3.699025,9.468325,67.63075,0.2211215,0,0.2952202,5,3.366025
10/26/2007 7:00:00 AM,0.2745181,15.10796,-73.68361,72.54322,0.3135363,1.407151,2.863809,2.863809,5,0,1.53,2.863809,49.13564,0,0,0,1.407151,0,0,2.136191,2.029382,4.776835,6.326123,3.436532,0,3.436532,12.72851,90.91772,0.2211972,3.150189,1.125721,5,7.733274
10/26/2007 8:00:00 AM,0.5206743,29.16927,-69.40068,58.02317,0.5634986,2.528982,3.577963,3.577963,2.448718,0,0.8335001,3.577963,70.68215,0,0,0,2.528982,1.188679,1.129245,0,0,1.340302,9.419002,1.340302,0,1.340302,14.00003,100,0.2212145,3.93576,2.023185,5,11.94798
10/26/2007 9:00:00 AM,0.6716067,42.7269,-62.64585,43.69059,0.7119116,3.19506,2.656478,2.656478,0,-1,0,2.656478,120.2743,0.3987667,0,0,3.19506,2.796293,2.656478,0,0,0,10.62527,0,0,0,14.00003,100,0.2212145,2.922126,2.556048,0,13.82033
10/26/2007 10:00:00 AM,0.8621037,55.18042,-50.89599,29.85219,0.9083453,4.076653,0.5218654,0.5218654,0,0,0,0.5218654,781.1696,3.527322,0,0,4.076653,0.549332,0.5218654,0,0,0,10.62527,0,0,0,14.00003,100,0.2212145,0.5740519,3.261323,0,14.70193
10/26/2007 11:00:00 AM,0.9982084,64.82761,-28.58852,17.74125,1.048546,4.705873,5.718882,5.718882,2.388882,0,0.8171648,5.718882,82.2866,1.20061,0,0,4.705873,3.505263,3.33,0,0,0,10.62527,0,0,0,14.00003,100,0.2212145,6.29077,3.764699,5,15.33115
10/26/2007 12:00:00 PM,0.98725,67.66969,7.546142,13.42637,1.035929,4.64925,1.877203,1.877203,0,0,0,1.877203,247.669,2.673247,0,0,4.64925,1.976003,1.877203,0,0,0,10.62527,0,0,0,14.00003,100,0.2212145,2.064923,3.7194,0,15.27452
10/26/2007 1:00:00 PM,0.9092863,61.58489,39.07124,22.08696,0.9552271,4.287059,1.826213,1.826213,0,0,0,1.826213,234.7513,2.36473,0,0,4.287059,1.922329,1.826213,0,0,0,10.62527,0,0,0,14.00003,100,0.2212145,2.008834,3.429647,0,14.91233
10/26/2007 2:00:00 PM,0.7138664,50.50449,56.36142,35.17302,0.7498164,3.365176,3.014813,3.014813,0,-1,0,3.014813,111.6214,0.1916886,0,0,3.365176,3.173487,3.014813,0,0,0,10.62527,0,0,0,14.00003,100,0.2212145,3.316294,2.692141,0,13.99045
10/26/2007 3:00:00 PM,0.6042259,37.50371,65.69842,49.26837,0.643896,2.889805,2.320623,2.320623,0,-1,0,2.320623,124.5271,0.4470441,0,0,2.889805,2.442761,2.320623,0,0,0,10.62527,0,0,0,14.00003,100,0.2212145,2.552685,2.311844,0,13.51508
10/26/2007 4:00:00 PM,0.3859327,23.70556,71.2929,63.69473,0.4208451,1.888753,3.87143,3.33,0,-1,0,3.33,56.7193,0,0.5414296,0.9285726,1.888753,3.505263,3.33,0,0,0,10.62527,0,1.616511,-1.616511,12.29608,87.82894,0.2212145,4.258573,1.511002,0,12.51403
10/26/2007 5:00:00 PM,0.1528042,9.522661,74.94757,78.25278,0.1825565,0.8193136,0.3671011,0.3671011,0,-1,0,0.3671011,223.1847,0,0,0,0.8193136,0.3864222,0.3671011,0,0,1.796123,9.008763,0.4328914,0,0.4328914,12.70675,90.76234,0.2211898,0.4038112,0.6554508,0,9.828077
10/26/2007 6:00:00 PM,0.002093689,0,77.45598,90,0,0,7.232052,3.33,0,-1,0,3.33,0,0,3.902052,4.625257,0,3.505263,3.33,0,0,1.363231,9.398366,0,3.505263,-3.505263,9.011882,64.37045,0.2211898,7.955257,0,0,9.398366
10/26/2007 7:00:00 PM,0,0,79.17186,90,0,0,3.731017,3.33,0,-1,0,3.33,0,0,0.401017,0.7741187,0,3.505263,3.33,0,0,5.257968,5.893103,0,3.505263,-3.505263,5.317009,37.97857,0.2211898,4.104119,0,0,5.893103
10/26/2007 8:00:00 PM,0,0,80.19608,90,0,0,3.249263,2.268448,0,-1,0,2.268448,0,0,0.9808151,1.305741,0,2.38784,2.268448,0,0,9.152705,2.38784,0,2.38784,-2.38784,2.800006,20,0.2211898,3.574189,0,0,2.38784
10/26/2007 9:00:00 PM,0,0,80.35233,90,0,0,3.420658,0,0,-1,0,0,0,0,3.420658,3.762724,0,0,0,0,0,11.80586,0,0,0,0,2.800006,20,0.2211898,3.762724,0,0,0
10/26/2007 10:00:00 PM,0,0,78.72858,90,0,0,0.6791362,0,0,-1,0,0,0,0,0.6791362,0.7470498,0,0,0,0,0,11.80586,0,0,0,0,2.800006,20,0.2211898,0.7470498,0,0,0
10/26/2007 11:00:00 PM,0,0,69.77982,90,0,0,0,0,0,-1,0,0,0,0,0,0,0,0,0,0,0,11.80586,0,0,0,0,2.800006,20,0.2211898,0,0,0,0
10/27/2007 12:00:00 AM,0,0,-32.91428,90,0,0,0.8109515,0,0,-1,0,0,0,0,0.8109515,0.8920466,0,0,0,0,0,11.80586,0,0,0,0,2.800006,20,0.2211898,0.8920466,0,0,0
10/27/2007 1:00:00 AM,0,0,-74.20844,90,0,0,0.2571761,0,0,-1,0,0,0,0,0.2571761,0.2828937,0,0,0,0,0,11.80586,0,0,0,0,2.800006,20,0.2211898,0.2828937,0,0,0
10/27/2007 2:00:00 AM,0,0,-79.09742,90,0,0,1.212819,0,0,-1,0,0,0,0,1.212819,1.334101,0,0,0,0,0,11.80586,0,0,0,0,2.800006,20,0.2211898,1.334101,0,0,0
10/27/2007 3:00:00 AM,0,0,-79.97094,90,0,0,0.6308829,0,0,-1,0,0,0,0,0.6308829,0.6939712,0,0,0,0,0,11.80586,0,0,0,0,2.800006,20,0.2211898,0.6939712,0,0,0
10/27/2007 4:00:00 AM,0,0,-79.50224,90,0,0,0.7783472,0,0,-1,0,0,0,0,0.7783472,0.8561819,0,0,0,0,0,11.80586,0,0,0,0,2.800006,20,0.2211898,0.8561819,0,0,0
10/27/2007 5:00:00 AM,0,0,-78.24017,90,0,0,0.9149603,0.9149603,4.420224,0,1.371721,0.9149603,0,4.440892E-16,0,0,0,0,0,3.505263,3.33,11.80586,0,3.33,0,3.33,5.959121,42.56506,0.2212478,1.006456,0,5,0
10/27/2007 6:00:00 AM,0.01010955,0.7526084,-76.24934,87.11771,0.01064511,0.04777527,1.072092,1.072092,4.577355,0,1.414618,1.072092,4.456268,4.440892E-16,0,0,0.04777527,0,0,3.505263,3.33,8.475861,2.997,3.377775,0,3.377775,9.16356,65.45387,0.2213151,1.179301,0.03822022,5,3.044775
10/27/2007 7:00:00 AM,0.1248825,15.05334,-73.34303,72.54526,0.1267581,0.5688905,0,0,3.505263,0,1.121937,0,0,0,0,0,0.5688905,0,0,3.505263,3.33,5.098085,6.036998,3.89889,0,3.89889,12.86237,91.8739,0.2212692,0,0.4551123,5,6.605888
10/27/2007 8:00:00 AM,0.3064663,29.08565,-69.03126,58.0497,0.314898,1.413262,4.795933,4.795933,4.592569,0,1.418771,4.795933,29.46793,0,0,0,1.413262,0.2140676,0.2033642,0,0,1.199195,9.546,1.199195,0,1.199195,14.00003,100,0.2212898,5.275527,1.13061,5,10.95926
10/27/2007 9:00:00 AM,0.5431038,42.60202,-62.22551,43.75067,0.566865,2.54409,4.025751,3.33,0,-1,0,3.33,76.3991,0,0.695751,1.098326,2.54409,3.505263,3.33,0,0,0,10.62527,0,0.961173,-0.961173,12.98686,92.76312,0.2212898,4.428326,2.035272,0,13.16936
10/27/2007 10:00:00 AM,0.8126408,54.99205,-50.41544,29.96793,0.85558,3.839843,0,0,0,0,0,0,0,2.771873,0,0,3.839843,0,0,0,0,1.06797,9.664102,1.06797,0,1.06797,14.00003,100,0.2212291,0,3.071874,0,13.50394
10/27/2007 11:00:00 AM,0.9093332,64.54716,-28.16698,17.96939,0.9544539,4.283589,0.1377153,0.1377153,0,0,0,0.1377153,3110.468,4.138626,0,0,4.283589,0.1449634,0.1377153,0,0,0,10.62527,0,0,0,14.00003,100,0.2212291,0.1514868,3.426871,0,14.90886
10/27/2007 12:00:00 PM,0.7075686,67.33704,7.489335,13.75585,0.7290189,3.271837,4.6824,4.6824,1.574155,0,0.5947443,4.6824,69.87521,4.440892E-16,0,0,3.271837,3.271837,3.108245,0,0,0,10.62527,0,0,0,14.00003,100,0.2212291,5.15064,2.617469,5,13.89711
10/27/2007 1:00:00 PM,0.9793115,61.31405,38.66457,22.29774,1.030888,4.626625,0.6378332,0.6378332,0,0,0,0.6378332,725.366,3.955221,0,0,4.626625,0.6714033,0.6378332,0,0,0,10.62527,0,0,0,14.00003,100,0.2212291,0.7016165,3.7013,0,15.2519
10/27/2007 2:00:00 PM,0.6919904,50.30642,55.94072,35.30538,0.7261459,3.258943,0.644982,0.644982,0,-1,0,0.644982,505.2766,2.580014,0,0,3.258943,0.6789284,0.644982,0,0,0,10.62527,0,0,0,14.00003,100,0.2212291,0.7094802,2.607154,0,13.88422
10/27/2007 3:00:00 PM,0.3373598,37.35525,65.32255,49.35794,0.3416134,1.533161,3.551472,3.33,0,-1,0,3.33,46.04087,0,0.2214718,0.576619,1.533161,3.505263,3.33,0,0,0,10.62527,0,1.972102,-1.972102,11.92125,85.15161,0.2212291,3.906619,1.226529,0,12.15843
10/27/2007 4:00:00 PM,0.1148368,23.59097,70.95115,63.75588,0.1145618,0.5141534,3.889601,3.33,0,-1,0,3.33,15.44004,4.440892E-16,0.5596008,0.9485609,0.5141534,3.505263,3.33,0,0,2.191225,8.653172,0,2.99111,-2.99111,8.768343,62.6309,0.2212291,4.278561,0.4113227,0,9.167325
10/27/2007 5:00:00 PM,0.07395242,9.433095,74.62202,78.29159,0.07530355,0.3379624,0,0,0,-1,0,0,0,0,0,0,0.3379624,0,0,0,0,5.51468,5.662062,0.3379624,0,0.3379624,9.088963,64.92103,0.2212099,0,0.2703699,0,6.000024
10/27/2007 6:00:00 PM,0.001082739,0,77.12872,90,0,0,2.921008,2.921008,0,-1,0,2.921008,0,0,4.440892E-16,0,0,3.074745,2.921008,0,0,5.176718,5.966228,0,3.074745,-3.074745,5.847897,41.77061,0.2212099,3.213109,0,0,5.966228
10/27/2007 7:00:00 PM,0,0,78.82269,90,0,0,0.1538726,0.1538726,0,-1,0,0.1538726,0,0,2.775558E-17,0,0,0.1619711,0.1538726,0,0,8.593102,2.891483,0,0.1619711,-0.1619711,5.677164,40.55109,0.2212099,0.1692598,0,0,2.891483
10/27/2007 8:00:00 PM,0,0,79.79623,90,0,0,2.465423,2.465423,0,-1,0,2.465423,0,0,0,0.1189288,0,2.595182,2.465423,0,0,8.773069,2.729512,0,2.595182,-2.595182,2.941602,21.0114,0.2212099,2.711965,0,0,2.729512
10/27/2007 9:00:00 PM,0,0,79.84903,90,0,0,2.781934,0.1276135,0,-1,0,0.1276135,0,0,2.654321,2.932514,0,0.13433,0.1276135,0,0,11.6566,0.13433,0,0.13433,-0.13433,2.800006,20,0.2212099,3.060128,0,0,0.13433
10/27/2007 10:00:00 PM,0,0,77.99157,90,0,0,1.02071,0,0,-1,0,0,0,0,1.02071,1.122782,0,0,0,0,0,11.80586,0,0,0,0,2.800006,20,0.2212099,1.122782,0,0,0
10/27/2007 11:00:00 PM,0,0,68.29829,90,0,0,1.049633,0,0,-1,0,0,0,0,1.049633,1.154596,0,0,0,0,0,11.80586,0,0,0,0,2.800006,20,0.2212099,1.154596,0,0,0
10/28/2007 12:00:00 AM,0,0,-31.21899,90,0,0,0.6653072,0,0,-1,0,0,0,0,0.6653072,0.731838,0,0,0,0,0,11.80586,0,0,0,0,2.800006,20,0.2212099,0.731838,0,0,0
10/28/2007 1:00:00 AM,0,0,-73.19622,90,0,0,0,0,0,-1,0,0,0,0,0,0,0,0,0,0,0,11.80586,0,0,0,0,2.800006,20,0.2212099,0,0,0,0
10/28/2007 2:00:00 AM,0,0,-78.49275,90,0,0,0.01507232,0,0,-1,0,0,0,0,0.01507232,0.01657955,0,0,0,0,0,11.80586,0,0,0,0,2.800006,20,0.2212099,0.01657955,0,0,0
10/28/2007 3:00:00 AM,0,0,-79.52315,90,0,0,0.5151204,0,0,-1,0,0,0,0,0.5151204,0.5666324,0,0,0,0,0,11.80586,0,0,0,0,2.800006,20,0.2212099,0.5666324,0,0,0
10/28/2007 4:00:00 AM,0,0,-79.12861,90,0,0,0,0,0,-1,0,0,0,0,0,0,0,0,0,0,0,11.80586,0,0,0,0,2.800006,20,0.2212099,0,0,0,0
10/28/2007 5:00:00 AM,0,0,-77.90173,90,0,0,0,0,0,0,0,0,0,0,0,0,0,0,0,0,0,11.80586,0,0,0,0,2.800006,20,0.2212099,0,0,0,0
10/28/2007 6:00:00 AM,0.03135671,0.7177759,-75.92199,87.1022,0.0983457,0.4413755,0.1773534,0.1773534,3.682616,0,1.170354,0.1773534,248.8678,4.440892E-16,0,0,0.4413755,0,0,3.505263,3.33,11.80586,0,3.771375,0,3.771375,6.377847,45.55595,0.2211852,0.1950888,0.3531004,5,0.4413755
10/28/2007 7:00:00 AM,0.2011909,14.99602,-73.0074,72.5508,0.2207234,0.9906068,0,0,3.505263,0,1.121937,0,0,0,0,0,0.9906068,0,0,3.505263,3.33,8.034485,3.394238,4.320607,0,4.320607,10.47673,74.83366,0.2211156,0,0.7924854,5,4.384845
10/28/2007 8:00:00 AM,0.3644486,28.99927,-68.66794,58.07999,0.3827696,1.71787,1.938241,1.938241,3.834449,0,1.211805,1.938241,88.63035,0,0,0,1.71787,0,0,1.896207,1.801397,3.713878,7.282784,3.519267,0,3.519267,13.8154,98.68126,0.2211171,2.132066,1.374296,5,9.000654
10/28/2007 9:00:00 AM,0.5503667,42.47451,-61.81364,43.81479,0.5758511,2.584419,0.6367424,0.6367424,0,-1,0,0.6367424,405.8815,1.719554,0,0,2.584419,0.6702551,0.6367424,0,0,0.1946108,10.45012,0.1946108,0,0.1946108,14.00003,100,0.2211061,0.7004166,2.067536,0,13.03454
10/28/2007 10:00:00 AM,0.678824,54.80181,-49.94827,30.08783,0.7068951,3.172545,0.649883,0.649883,0,0,0,0.649883,488.1718,2.488458,0,0,3.172545,0.6840873,0.649883,0,0,0,10.62527,0,0,0,14.00003,100,0.2211061,0.7148713,2.538036,0,13.79782
10/28/2007 11:00:00 AM,0.7915944,64.26754,-27.76488,18.19985,0.8254366,3.704559,0.6820461,0.6820461,0,0,0,0.6820461,543.1538,2.986616,0,0,3.704559,0.7179433,0.6820461,0,0,0,10.62527,0,0,0,14.00003,100,0.2211061,0.7502507,2.963647,0,14.32983
10/28/2007 12:00:00 PM,0.7242426,67.00874,7.427294,14.08093,0.7482129,3.357979,2.237421,2.237421,0,0,0,2.237421,150.0826,1.0028,0,0,3.357979,2.35518,2.237421,0,0,0,10.62527,0,0,0,14.00003,100,0.2211061,2.461163,2.686383,0,13.98325
10/28/2007 1:00:00 PM,0.612561,61.04713,38.26493,22.50638,0.6274628,2.816053,0,0,0,0,0,0,0,2.816053,0,0,2.816053,0,0,0,0,0,10.62527,0,0,0,14.00003,100,0.2211061,0,2.252842,0,13.44133
10/28/2007 2:00:00 PM,0.5317563,50.11171,55.526,35.43566,0.5457256,2.449216,3.89798,3.33,0,-1,0,3.33,73.55004,0,0.5679803,0.9577783,2.449216,3.505263,3.33,0,0,0,10.62527,0,1.056047,-1.056047,12.88686,92.0488,0.2211061,4.287778,1.959373,0,13.07449
10/28/2007 3:00:00 PM,0.4408503,37.21011,64.95121,49.44508,0.457572,2.053583,0,0,0,-1,0,0,0,0.8801978,0,0,2.053583,0,0,0,0,1.173385,9.569227,1.173385,0,1.173385,14.00003,100,0.2210397,0,1.642866,0,11.62281
10/28/2007 4:00:00 PM,0.2334145,23.47984,70.61319,63.81429,0.2393137,1.07404,2.42479,2.42479,0,-1,0,2.42479,44.29414,0,4.440892E-16,0,1.07404,2.55241,2.42479,0,0,0,10.62527,0,1.47837,-1.47837,12.44169,88.86903,0.2210397,2.667269,0.8592318,0,11.69931
10/28/2007 5:00:00 PM,0.117246,9.347179,74.29994,78.32739,0.1318194,0.5916055,2.192468,2.192468,0,-1,0,2.192468,26.98354,0,4.440892E-16,0,0.5916055,2.307861,2.192468,0,0,1.642634,9.146904,0,1.716256,-1.716256,10.6326,75.94697,0.2210397,2.411715,0.4732844,0,9.738509
10/28/2007 6:00:00 PM,0.001743368,0,76.80492,90,0,0,1.836375,1.836375,0,-1,0,1.836375,0,0,2.220446E-16,0,0,1.933026,1.836375,0,0,3.549585,7.430648,0,1.933026,-1.933026,8.595008,61.39279,0.2210397,2.020012,0,0,7.430648
10/28/2007 7:00:00 PM,0,0,78.47723,90,0,0,0,0,0,-1,0,0,0,0,0,0,0,0,0,0,0,5.697392,5.497622,0,0,0,8.595008,61.39279,0.2210397,0,0,0,5.497622
10/28/2007 8:00:00 PM,0,0,79.40076,90,0,0,0,0,0,-1,0,0,0,0,0,0,0,0,0,0,0,5.697392,5.497622,0,0,0,8.595008,61.39279,0.2210397,0,0,0,5.497622
10/28/2007 9:00:00 PM,0,0,79.35165,90,0,0,0,0,0,-1,0,0,0,0,0,0,0,0,0,0,0,5.697392,5.497622,0,0,0,8.595008,61.39279,0.2210397,0,0,0,5.497622
10/28/2007 10:00:00 PM,0,0,77.26501,90,0,0,0.2396439,0.2396439,0,-1,0,0.2396439,0,0,2.775558E-17,0,0,0.2522568,0.2396439,0,0,5.697392,5.497622,0,0.2522568,-0.2522568,8.329105,59.49349,0.2210397,0.2636083,0,0,5.497622
10/28/2007 11:00:00 PM,0,0,66.85925,90,0,0,0.7915614,0.7915614,0,-1,0,0.7915614,0,0,1.110223E-16,0,0,0.8332225,0.7915614,0,0,5.977677,5.245365,0,0.8332225,-0.8332225,7.450812,53.21998,0.2210397,0.8707175,0,0,5.245365
10/29/2007 12:00:00 AM,0,0,-29.68298,90,0,0,1.325678,1.325678,0,-1,0,1.325678,0,0,0,0,0,1.39545,1.325678,0,0,6.90348,4.412142,0,1.39545,-1.39545,5.979878,42.71333,0.2210397,1.458246,0,0,4.412142
10/29/2007 1:00:00 AM,0,0,-72.2041,90,0,0,0.2109245,0.2109245,0,-1,0,0.2109245,0,0,2.775558E-17,0,0,0.2220258,0.2109245,0,0,8.453979,3.016692,0,0.2220258,-0.2220258,5.745842,41.04165,0.2210397,0.232017,0,0,3.016692
10/29/2007 2:00:00 AM,0,0,-77.8966,90,0,0,1.940631,1.940631,0,-1,0,1.940631,0,0,4.440892E-16,0,0,2.04277,1.940631,0,0,8.700675,2.794667,0,2.04277,-2.04277,3.592574,25.66119,0.2210397,2.134695,0,0,2.794667
10/29/2007 3:00:00 AM,0,0,-79.08118,90,0,0,0.7633074,0.7143017,0,-1,0,0.7143017,0,0,0.04900572,0.1253365,0,0.7518965,0.7143017,0,0,10.97042,0.7518965,0,0.7518965,-0.7518965,2.800006,20,0.2210397,0.8396381,0,0,0.7518965
10/29/2007 4:00:00 AM,0,0,-78.75979,90,0,0,0.899779,0,0,-1,0,0,0,0,0.899779,0.9897569,0,0,0,0,0,11.80586,0,0,0,0,2.800006,20,0.2210397,0.9897569,0,0,0
10/29/2007 5:00:00 AM,0,0,-77.56777,90,0,0,0.9487516,0.9487516,4.454015,0,1.380946,0.9487516,0,4.440892E-16,0,0,0,0,0,3.505263,3.33,11.80586,0,3.33,0,3.33,5.959121,42.56506,0.2211,1.043627,0,5,0
10/29/2007 6:00:00 AM,0.0001101872,0.6804107,-75.59919,87.08995,0.0001097107,0.0004923816,1.351007,1.351007,4.680541,0,1.442788,1.351007,0.03644551,0,0,0,0.0004923816,0,0,3.329533,3.163057,8.475861,2.997,3.163549,0,3.163549,8.960327,64.00221,0.2211794,1.486108,0.0003939052,5,2.997492
10/29/2007 7:00:00 AM,0.03526973,14.93603,-72.67685,72.55984,0.03515471,0.1577743,2.697937,2.697937,5,0,1.53,2.697937,5.847962,0,0,0,0.1577743,0,0,2.302063,2.18696,5.312311,5.844194,2.344734,0,2.344734,11.18474,79.89082,0.2212369,2.96773,0.1262195,5,6.001968
10/29/2007 8:00:00 AM,0.07122898,28.91017,-68.31082,58.114,0.07095369,0.3184402,1.113494,1.113494,3.902059,0,1.230262,1.113494,28.59828,0,0,0,0.3184402,0,0,2.788565,2.649137,2.967577,7.954455,2.967577,0,2.967577,14.00003,100,0.2212746,1.224843,0.2547521,5,8.272896
10/29/2007 9:00:00 AM,0.2807172,42.34447,-61.41035,43.88286,0.2807928,1.260198,1.483738,1.483738,0,-1,0,1.483738,84.93401,0,2.220446E-16,0,1.260198,1.561829,1.483738,0,0,0,10.62527,0,0.3016314,-0.3016314,13.68208,97.72895,0.2212746,1.632112,1.008158,0,11.88547
10/29/2007 10:00:00 AM,0.5081742,54.60989,-49.49448,30.2117,0.5167459,2.319155,2.534075,2.534075,0,0,0,2.534075,91.5188,4.440892E-16,0,0,2.319155,2.667448,2.534075,0,0,0.335146,10.32364,0,0.3482925,-0.3482925,13.31495,95.10658,0.2212746,2.787483,1.855324,0,12.6428
10/29/2007 11:00:00 AM,0.4140409,63.98893,-27.38172,18.43225,0.4146632,1.861008,0,0,0,0,0,0,0,1.138871,0,0,1.861008,0,0,0,0,0.7221376,9.97535,0.7221376,0,0.7221376,14.00003,100,0.2212338,0,1.488807,0,11.83636
10/29/2007 12:00:00 PM,0.3933979,66.68489,7.360175,14.40152,0.3932978,1.76512,1.051813,1.051813,0,0,0,1.051813,167.817,0.6579492,0,0,1.76512,1.107171,1.051813,0,0,0,10.62527,0,0,0,14.00003,100,0.2212338,1.156994,1.412096,0,12.39039
10/29/2007 1:00:00 PM,0.2619679,60.78425,37.87204,22.71271,0.2610776,1.171716,2.918406,2.918406,0,0,0,2.918406,40.14918,0,0,0,1.171716,3.072006,2.918406,0,0,0,10.62527,0,1.90029,-1.90029,11.99695,85.6923,0.2212338,3.210247,0.9373728,0,11.79699
10/29/2007 2:00:00 PM,0.3977561,49.92046,55.1172,35.56372,0.4004748,1.797331,1.376267,1.376267,0,-1,0,1.376267,130.5947,0,0,0,1.797331,1.448702,1.376267,0,0,2.111434,8.724984,0.348629,0,0.348629,12.32768,88.05472,0.2212142,1.513893,1.437865,0,10.52232
10/29/2007 3:00:00 PM,0.2127416,37.06838,64.58443,49.5297,0.2123257,0.9529179,3.544441,3.33,0,-1,0,3.33,28.61615,0,0.2144407,0.5688847,0.9529179,3.505263,3.33,0,0,1.762805,9.03875,0,2.552345,-2.552345,9.637277,68.83755,0.2212142,3.898885,0.7623343,0,9.991668
10/29/2007 4:00:00 PM,0.03712062,23.37223,70.27905,63.8699,0.03696599,0.1659034,0.2247192,0.2247192,0,-1,0,0.2247192,73.82695,0,0,0,0.1659034,0.2365466,0.2247192,0,0,4.598744,6.486405,0,0.07064321,-0.07064321,9.562812,68.30566,0.2212142,0.2471912,0.1327227,0,6.652308
10/29/2007 5:00:00 PM,0.03636179,9.264967,73.98139,78.36015,0.03634454,0.1631143,1.996202,1.996202,0,-1,0,1.996202,8.171229,0,0,0,0.1631143,2.101266,1.996202,0,0,4.677236,6.415761,0,1.938151,-1.938151,7.519821,53.7129,0.2212142,2.195823,0.1304914,0,6.578876
10/29/2007 6:00:00 PM,0.001081017,0,76.48465,90,0,0,2.887685,2.887685,0,-1,0,2.887685,0,0,0,0,0,3.039668,2.887685,0,0,6.830738,4.47761,0,3.039668,-3.039668,4.31573,30.82658,0.2212142,3.176453,0,0,4.47761
10/29/2007 7:00:00 PM,0,0,78.1356,90,0,0,1.689219,1.366045,0,-1,0,1.366045,0,0,0.3231739,0.4920958,0,1.437942,1.366045,0,0,10.20815,1.437942,0,1.437942,-1.437942,2.800006,20,0.2212142,1.858141,0,0,1.437942
10/29/2007 8:00:00 PM,0,0,79.00984,90,0,0,4.568684,0,0,-1,0,0,0,0,4.568684,5.025552,0,0,0,0,0,11.80586,0,0,0,0,2.800006,20,0.2212142,5.025552,0,0,0
10/29/2007 9:00:00 PM,0,0,78.86047,90,0,0,8.048447,0,0,-1,0,0,0,0,8.048447,8.853292,0,0,0,0,0,11.80586,0,0,0,0,2.800006,20,0.2212142,8.853292,0,0,0
10/29/2007 10:00:00 PM,0,0,76.54949,90,0,0,1.711473,0,0,-1,0,0,0,0,1.711473,1.88262,0,0,0,0,0,11.80586,0,0,0,0,2.800006,20,0.2212142,1.88262,0,0,0
10/29/2007 11:00:00 PM,0,0,65.46445,90,0,0,0.08472963,0,0,-1,0,0,0,0,0.08472963,0.09320259,0,0,0,0,0,11.80586,0,0,0,0,2.800006,20,0.2212142,0.09320259,0,0,0
10/30/2007 12:00:00 AM,0,0,-28.28253,90,0,0,1.906309,0,0,-1,0,0,0,0,1.906309,2.096939,0,0,0,0,0,11.80586,0,0,0,0,2.800006,20,0.2212142,2.096939,0,0,0
10/30/2007 1:00:00 AM,0,0,-71.23195,90,0,0,0.2614384,0,0,-1,0,0,0,0,0.2614384,0.2875823,0,0,0,0,0,11.80586,0,0,0,0,2.800006,20,0.2212142,0.2875823,0,0,0
10/30/2007 2:00:00 AM,0,0,-77.30903,90,0,0,1.92334,0,0,-1,0,0,0,0,1.92334,2.115674,0,0,0,0,0,11.80586,0,0,0,0,2.800006,20,0.2212142,2.115674,0,0,0
10/30/2007 3:00:00 AM,0,0,-78.64512,90,0,0,0.2113423,0,0,-1,0,0,0,0,0.2113423,0.2324766,0,0,0,0,0,11.80586,0,0,0,0,2.800006,20,0.2212142,0.2324766,0,0,0
10/30/2007 4:00:00 AM,0,0,-78.39589,90,0,0,0.3617826,0,0,-1,0,0,0,0,0.3617826,0.3979609,0,0,0,0,0,11.80586,0,0,0,0,2.800006,20,0.2212142,0.3979609,0,0,0
10/30/2007 5:00:00 AM,0,0,-77.23839,90,0,0,0,0,0,0,0,0,0,0,0,0,0,0,0,0,0,11.80586,0,0,0,0,2.800006,20,0.2212142,0,0,0,0
10/30/2007 6:00:00 AM,0.01069686,0.6405149,-75.28106,87.08099,0.01150512,0.05163498,1.224925,1.224925,4.730188,0,1.456342,1.224925,4.215357,0,0,0,0.05163498,0,0,3.505263,3.33,11.80586,0,3.381635,0,3.381635,6.008106,42.91496,0.2212925,1.347418,0.04130799,5,0.05163498
10/30/2007 7:00:00 AM,0.1046231,14.8734,-72.35147,72.57234,0.1052228,0.47224,4.620024,4.620024,5,0,1.53,4.620024,10.22159,5.551115E-17,0,0,0.47224,0,0,0.3799763,0.3609775,8.424225,3.043472,0.8332174,0,0.8332174,6.798566,48.56108,0.2213096,5.082026,0.377792,5,3.515712
10/30/2007 8:00:00 AM,0.3002374,28.81844,-67.96004,58.15167,0.3086635,1.385282,1.931682,1.931682,4.658412,0,1.436747,1.931682,71.71374,0,0,0,1.385282,0,0,2.72673,2.590394,7.591008,3.793367,3.975675,0,3.975675,10.57022,75.50143,0.2213488,2.124851,1.108225,5,5.178649
10/30/2007 9:00:00 AM,0.5728083,42.21202,-61.01574,43.95477,0.6031173,2.706791,0.2286856,0.2286856,0,-1,0,0.2286856,1183.63,0,0,0,2.706791,0.2407217,0.2286856,0,0,3.615333,7.371475,2.466069,0,2.466069,12.90974,92.21225,0.22121,0.2515542,2.165433,0,10.07827
10/30/2007 10:00:00 AM,0.5625391,54.41645,-49.05406,30.33934,0.5770028,2.589588,3.91082,3.91082,2.542511,0,0.8591056,3.91082,66.216,0,0,0,2.589588,1.440325,1.368309,0,0,1.149264,9.590937,1.149264,0,1.149264,14.00003,100,0.2212295,4.301902,2.071671,5,12.18053
10/30/2007 11:00:00 AM,0.673315,63.71154,-27.01699,18.66623,0.694033,3.11482,1.804441,1.804441,0,0,0,1.804441,172.6196,1.215408,0,0,3.11482,1.899412,1.804441,0,0,0,10.62527,0,0,0,14.00003,100,0.2212295,1.984885,2.491856,0,13.74009
10/30/2007 12:00:00 PM,0.6818238,66.36558,7.288126,14.71754,0.7019019,3.150136,1.789708,1.789708,0,0,0,1.789708,176.0139,1.266232,0,0,3.150136,1.883904,1.789708,0,0,0,10.62527,0,0,0,14.00003,100,0.2212295,1.968679,2.520108,0,13.77541
10/30/2007 1:00:00 PM,0.4738625,60.52553,37.48568,22.91652,0.4776839,2.143845,3.918094,3.918094,1.881441,0,0.6786334,3.918094,54.71654,0,0,0,2.143845,2.143845,2.036653,0,0,0,10.62527,0,0,0,14.00003,100,0.2212295,4.309904,1.715076,5,12.76912
10/30/2007 2:00:00 PM,0.3087278,49.73281,54.71424,35.68943,0.3085201,1.384638,2.949301,2.949301,0,-1,0,2.949301,46.94801,0,4.440892E-16,0,1.384638,3.104528,2.949301,0,0,0,10.62527,0,1.719889,-1.719889,12.18711,87.05058,0.2212295,3.244231,1.107711,0,12.00991
10/30/2007 3:00:00 PM,0.3790864,36.93016,64.22221,49.61171,0.3881753,1.742131,2.682137,2.682137,0,-1,0,2.682137,64.95309,0,4.440892E-16,0,1.742131,2.823302,2.682137,0,0,1.910988,8.905385,0,1.081171,-1.081171,11.04745,78.91021,0.2212295,2.95035,1.393705,0,10.64752
10/30/2007 4:00:00 PM,0.1325572,23.26822,69.94881,63.92264,0.1323847,0.5941423,1.132974,1.132974,0,-1,0,1.132974,52.44096,0,0,0,0.5941423,1.192604,1.132974,0,0,3.112289,7.824214,0,0.5984618,-0.5984618,10.41662,74.40426,0.2212295,1.246271,0.4753139,0,8.418356
10/30/2007 5:00:00 PM,0.03627937,9.186504,73.66647,78.38982,0.03626784,0.16277,0.5660436,0.5660436,0,-1,0,0.5660436,28.75574,0,0,0,0.16277,0.5958353,0.5660436,0,0,3.777247,7.225752,0,0.4330653,-0.4330653,9.960126,71.14362,0.2212295,0.6226479,0.130216,0,7.388522
10/30/2007 6:00:00 PM,0.001257702,0,76.16801,90,0,0,0,0,0,-1,0,0,0,0,0,0,0,0,0,0,0,4.25843,6.792687,0,0,0,9.960126,71.14362,0.2212295,0,0,0,6.792687
10/30/2007 7:00:00 PM,0,0,77.79794,90,0,0,0,0,0,-1,0,0,0,0,0,0,0,0,0,0,0,4.25843,6.792687,0,0,0,9.960126,71.14362,0.2212295,0,0,0,6.792687
10/30/2007 8:00:00 PM,0,0,78.62366,90,0,0,1.741775,1.741775,0,-1,0,1.741775,0,0,2.220446E-16,0,0,1.833448,1.741775,0,0,4.25843,6.792687,0,1.833448,-1.833448,8.027502,57.33919,0.2212295,1.915953,0,0,6.792687
10/30/2007 9:00:00 PM,0,0,78.37579,90,0,0,5.441291,3.33,0,-1,0,3.33,0,0,2.111292,2.655421,0,3.505263,3.33,0,0,6.295595,4.959239,0,3.505263,-3.505263,4.332631,30.9473,0.2212295,5.985421,0,0,4.959239
10/30/2007 10:00:00 PM,0,0,75.84556,90,0,0,1.138101,1.138101,0,-1,0,1.138101,0,0,0,0,0,1.198001,1.138101,0,0,10.19033,1.453976,0,1.198001,-1.198001,3.069827,21.92729,0.2212295,1.251911,0,0,1.453976
10/30/2007 11:00:00 PM,0,0,64.11533,90,0,0,0,0,0,-1,0,0,0,0,0,0,0,0,0,0,0,11.52144,0.2559753,0,0,0,3.069827,21.92729,0.2212295,0,0,0,0.2559753
10/31/2007 12:00:00 AM,0,0,-26.99811,90,0,0,1.053103,0.2431765,0,-1,0,0.2431765,0,0,0.8099269,0.9152372,0,0.2559753,0.2431765,0,0,11.52144,0.2559753,0,0.2559753,-0.2559753,2.800006,20,0.2212295,1.158414,0,0,0.2559753
10/31/2007 1:00:00 AM,0,0,-70.27963,90,0,0,0.7500021,0,0,-1,0,0,0,0,0.7500021,0.8250023,0,0,0,0,0,11.80586,0,0,0,0,2.800006,20,0.2212295,0.8250023,0,0,0
10/31/2007 2:00:00 AM,0,0,-76.73009,90,0,0,0.4549712,0,0,-1,0,0,0,0,0.4549712,0.5004683,0,0,0,0,0,11.80586,0,0,0,0,2.800006,20,0.2212295,0.5004683,0,0,0
10/31/2007 3:00:00 AM,0,0,-78.21503,90,0,0,0.1520787,0,0,-1,0,0,0,0,0.1520787,0.1672866,0,0,0,0,0,11.80586,0,0,0,0,2.800006,20,0.2212295,0.1672866,0,0,0
10/31/2007 4:00:00 AM,0,0,-78.03698,90,0,0,0.4786254,0,0,-1,0,0,0,0,0.4786254,0.526488,0,0,0,0,0,11.80586,0,0,0,0,2.800006,20,0.2212295,0.526488,0,0,0
10/31/2007 5:00:00 AM,0,0,-76.91367,90,0,0,0.4241249,0.4241249,3.929388,0,1.237723,0.4241249,0,4.440892E-16,0,0,0,0,0,3.505263,3.33,11.80586,0,3.33,0,3.33,5.959121,42.56506,0.2212489,0.4665374,0,5,0
10/31/2007 6:00:00 AM,0.008593685,0.5980941,-74.96768,87.0753,0.009146804,0.04105086,0.5777707,0.5777707,4.083034,0,1.279668,0.5777707,7.105044,4.440892E-16,0,0,0.04105086,0,0,3.505263,3.33,8.475861,2.997,3.371051,0,3.371051,9.157181,65.4083,0.2212777,0.6355477,0.03284069,5,3.038051
10/31/2007 7:00:00 AM,0.03533903,14.80817,-72.03138,72.58829,0.03522718,0.1580996,3.375185,3.375185,5,0,1.53,3.375185,4.684175,0,0,0,0.1580996,0,0,1.624815,1.543575,5.104809,6.030946,1.701674,0,1.701674,10.77153,76.93935,0.2213187,3.712703,0.1264796,5,6.189045
10/31/2007 8:00:00 AM,0.2814239,28.72413,-67.61571,58.19296,0.2876734,1.291078,0,0,2.223217,0,0.7719384,0,0,0,0,0,1.291078,0,0,2.223217,2.112057,3.403135,7.562453,3.403135,0,3.403135,14.00003,100,0.2212026,0,1.032863,5,8.853531
10/31/2007 9:00:00 AM,0.2478445,42.07727,-60.62991,44.0304,0.2474492,1.110552,1.92826,1.92826,0,-1,0,1.92826,57.59348,0,4.440892E-16,0,1.110552,2.029747,1.92826,0,0,0,10.62527,0,0.9191951,-0.9191951,13.03111,93.07918,0.2212026,2.121086,0.8884414,0,11.73583
10/31/2007 10:00:00 AM,0.2771746,54.22167,-48.62696,30.47055,0.276423,1.240587,3.312851,3.312851,3.104556,0,1.012544,3.312851,37.4477,0,0,0,1.240587,0.2192586,0.2082957,0,0,1.021328,9.706079,1.021328,0,1.021328,14.00003,100,0.22122,3.644137,0.9924693,5,10.94667
10/31/2007 11:00:00 AM,0.1164439,63.43554,-26.6702,18.90148,0.1159404,0.5203406,0,0,0,0,0,0,0,0.5203406,0,0,0.5203406,0,0,0,0,0,10.62527,0,0,0,14.00003,100,0.22122,0,0.4162724,0,11.14561
10/31/2007 12:00:00 PM,0.3103224,66.05088,7.211288,15.0289,0.3094144,1.388652,2.031548,2.031548,0,0,0,2.031548,68.3544,0,0,0,1.388652,2.138471,2.031548,0,0,0,10.62527,0,0.749819,-0.749819,13.20965,94.35445,0.22122,2.234702,1.110922,0,12.01393
10/31/2007 1:00:00 PM,0.3548543,60.27109,37.10559,23.11765,0.3545589,1.59126,6.992424,6.992424,5,0,1.53,6.992424,22.75692,0,0,0,1.59126,2.097289,1.992425,0,0,0.8331322,9.875455,0,0.5060288,-0.5060288,12.67625,90.54445,0.22122,7.691667,1.273008,5,11.46672
10/31/2007 2:00:00 PM,0.1650141,49.54885,54.31706,35.81265,0.164398,0.7378183,3.920019,3.33,0,-1,0,3.33,22.15671,0,0.590019,0.982021,0.7378183,3.505263,3.33,0,0,1.395386,9.369427,0,2.767445,-2.767445,9.759106,69.70776,0.22122,4.312021,0.5902547,0,10.10724
10/31/2007 3:00:00 PM,0.1060581,36.79553,63.86459,49.69101,0.1056562,0.4741849,3.808416,3.33,0,-1,0,3.33,14.23979,0,0.4784157,0.8592573,0.4741849,3.505263,3.33,0,0,4.470325,6.601982,0,3.031078,-3.031078,6.564068,46.88611,0.22122,4.189257,0.3793479,0,7.076167
10/31/2007 4:00:00 PM,0.1437788,23.16787,69.62251,63.97246,0.1437715,0.6452465,4.415953,3.33,0,-1,0,3.33,19.37677,0,1.085953,1.527549,0.6452465,3.505263,3.33,0,0,7.83819,3.570903,0,2.860017,-2.860017,3.549346,25.35242,0.22122,4.857549,0.5161972,0,4.21615
10/31/2007 5:00:00 PM,0.03936086,9.111835,73.35523,78.41639,0.0393733,0.1767074,3.048846,0.8432144,0,-1,0,0.8432144,20.9564,0,2.205632,2.644814,0.1767074,0.887594,0.8432144,0,0,11.01599,0.7108867,0,0.7108867,-0.7108867,2.800006,20,0.22122,3.353731,0.1413659,0,0.887594
10/31/2007 6:00:00 PM,0.001403713,0,75.85513,90,0,0,0.3311651,0,0,-1,0,0,0,0,0.3311651,0.3642816,0,0,0,0,0,11.80586,0,0,0,0,2.800006,20,0.22122,0.3642816,0,0,0
10/31/2007 7:00:00 PM,0,0,77.46436,90,0,0,3.436483,0,0,-1,0,0,0,0,3.436483,3.780131,0,0,0,0,0,11.80586,0,0,0,0,2.800006,20,0.22122,3.780131,0,0,0
10/31/2007 8:00:00 PM,0,0,78.24239,90,0,0,0,0,0,-1,0,0,0,0,0,0,0,0,0,0,0,11.80586,0,0,0,0,2.800006,20,0.22122,0,0,0,0
10/31/2007 9:00:00 PM,0,0,77.89785,90,0,0,2.825998,0,0,-1,0,0,0,0,2.825998,3.108598,0,0,0,0,0,11.80586,0,0,0,0,2.800006,20,0.22122,3.108598,0,0,0
10/31/2007 10:00:00 PM,0,0,75.15376,90,0,0,0.5491935,0,0,-1,0,0,0,0,0.5491935,0.6041129,0,0,0,0,0,11.80586,0,0,0,0,2.800006,20,0.22122,0.6041129,0,0,0
10/31/2007 11:00:00 PM,0,0,62.81292,90,0,0,0.6387471,0,0,-1,0,0,0,0,0.6387471,0.7026218,0,0,0,0,0,11.80586,0,0,0,0,2.800006,20,0.22122,0.7026218,0,0,0
11/1/2007 12:00:00 AM,0,0,-25.81352,90,0,0,0.7586375,0,0,-1,0,0,0,0,0.7586375,0.8345012,0,0,0,0,0,11.80586,0,0,0,0,2.800006,20,0.22122,0.8345012,0,0,0
11/1/2007 1:00:00 AM,0,0,-69.34695,90,0,0,0.971333,0,0,-1,0,0,0,0,0.971333,1.068466,0,0,0,0,0,11.80586,0,0,0,0,2.800006,20,0.22122,1.068466,0,0,0
11/1/2007 2:00:00 AM,0,0,-76.15983,90,0,0,0.2998003,0,0,-1,0,0,0,0,0.2998003,0.3297803,0,0,0,0,0,11.80586,0,0,0,0,2.800006,20,0.22122,0.3297803,0,0,0
11/1/2007 3:00:00 AM,0,0,-77.79101,90,0,0,1.005111,0,0,-1,0,0,0,0,1.005111,1.105622,0,0,0,0,0,11.80586,0,0,0,0,2.800006,20,0.22122,1.105622,0,0,0
11/1/2007 4:00:00 AM,0,0,-77.68315,90,0,0,1.40186,0,0,-1,0,0,0,0,1.40186,1.542046,0,0,0,0,0,11.80586,0,0,0,0,2.800006,20,0.22122,1.542046,0,0,0
11/1/2007 5:00:00 AM,0,0,-76.5937,90,0,0,0,0,0,0,0,0,0,0,0,0,0,0,0,0,0,11.80586,0,0,0,0,2.800006,20,0.22122,0,0,0,0
11/1/2007 6:00:00 AM,0.03387811,0.5531572,-74.65916,87.07292,0.1495375,0.6711242,0.1833571,0.1833571,3.68862,0,1.171993,0.1833571,366.0202,0,0,0,0.6711242,0,0,3.505263,3.33,11.80586,0,4.001124,0,4.001124,6.595805,47.1128,0.2211832,0.2016928,0.5368993,5,0.6711242
11/1/2007 7:00:00 AM,0.2672584,14.74037,-71.71667,72.60769,0.3111042,1.396236,6.293114,6.293114,5,0,1.53,6.293114,22.18673,0,0,0,1.396236,1.361172,1.293113,0,0,7.804736,3.601012,0.03506374,0,0.03506374,6.62907,47.3504,0.2211837,6.922425,1.116989,5,4.997248
11/1/2007 8:00:00 AM,0.4953239,28.62732,-67.27793,58.2378,0.5410397,2.428186,3.313386,3.313386,5,0,1.53,3.313386,73.28412,0,0,0,2.428186,0,0,1.686613,1.602283,7.769672,3.632569,4.030469,0,4.030469,10.45271,74.66205,0.221246,3.644725,1.942549,5,6.060755
11/1/2007 9:00:00 AM,0.8120738,41.94036,-60.25296,44.10967,0.8705396,3.906982,3.743511,3.33,0,-1,0,3.33,117.3268,0,0.4135111,0.7878622,3.906982,3.505263,3.33,0,0,3.739203,7.259991,0.4017185,0,0.4017185,10.83381,77.38422,0.2212235,4.117862,3.125585,0,11.16697
11/1/2007 10:00:00 AM,0.9299091,54.02574,-48.21317,30.60513,0.9868734,4.429088,5.181137,5.181137,4.144114,0,1.296343,5.181137,85.48487,4.440892E-16,0,0,4.429088,1.091603,1.037023,0,0,3.337485,7.621538,3.337485,0,3.337485,14.00003,100,0.2212127,5.69925,3.54327,5,12.05063
11/1/2007 11:00:00 AM,0.76458,63.16114,-26.34086,19.13765,0.7980917,3.581836,0,0,0,0,0,0,0,3.581836,0,0,3.581836,0,0,0,0,0,10.62527,0,0,0,14.00003,100,0.2212127,0,2.865468,0,14.20711
11/1/2007 12:00:00 PM,0.8486449,65.7409,7.129801,15.33552,0.8905042,3.996583,2.420605,2.420605,0,0,0,2.420605,165.1068,1.448577,0,0,3.996583,2.548005,2.420605,0,0,0,10.62527,0,0,0,14.00003,100,0.2212127,2.662665,3.197266,0,14.62186
11/1/2007 1:00:00 PM,0.7882296,60.02102,36.73156,23.31591,0.8274319,3.713515,0.1647858,0.1647858,0,0,0,0.1647858,2253.541,3.540056,0,0,3.713515,0.1734587,0.1647858,0,0,0,10.62527,0,0,0,14.00003,100,0.2212127,0.1812643,2.970812,0,14.33879
11/1/2007 2:00:00 PM,0.743233,49.36871,53.9256,35.93327,0.7881123,3.537048,1.599993,1.599993,0,-1,0,1.599993,221.0664,1.852845,0,0,3.537048,1.684204,1.599993,0,0,0,10.62527,0,0,0,14.00003,100,0.2212127,1.759993,2.829638,0,14.16232
11/1/2007 3:00:00 PM,0.5760478,36.66458,63.51157,49.76753,0.6178,2.772686,0,0,0,-1,0,0,0,2.772686,0,0,2.772686,0,0,0,0,0,10.62527,0,0,0,14.00003,100,0.2212127,0,2.218149,0,13.39796
11/1/2007 4:00:00 PM,0.3448763,23.07124,69.30022,64.01931,0.3767267,1.69075,0.5682535,0.5682535,0,-1,0,0.5682535,297.5344,1.092588,0,0,1.69075,0.5981616,0.5682535,0,0,0,10.62527,0,0,0,14.00003,100,0.2212127,0.6250789,1.3526,0,12.31602
11/1/2007 5:00:00 PM,0.1489217,9.040999,73.04777,78.43981,0.184467,0.8278879,2.395881,2.395881,0,-1,0,2.395881,34.55463,0,0,0,0.8278879,2.521981,2.395881,0,0,0,10.62527,0,1.694093,-1.694093,12.2143,87.24481,0.2212127,2.63547,0.6623103,0,11.45316
11/1/2007 6:00:00 PM,0.001631135,0,75.54607,90,0,0,7.650665,3.33,0,-1,0,3.33,0,0,4.320665,5.085731,0,3.505263,3.33,0,0,1.882325,8.931182,0,3.505263,-3.505263,8.519425,60.85292,0.2212127,8.415731,0,0,8.931182
11/1/2007 7:00:00 PM,0,0,77.135,90,0,0,8.133112,3.33,0,-1,0,3.33,0,0,4.803112,5.616423,0,3.505263,3.33,0,0,5.777062,5.425919,0,3.505263,-3.505263,4.824554,34.46103,0.2212127,8.946423,0,0,5.425919
11/1/2007 8:00:00 PM,0,0,77.8662,90,0,0,3.871601,1.824623,0,-1,0,1.824623,0,0,2.046979,2.434139,0,1.920655,1.824623,0,0,9.671799,1.920655,0,1.920655,-1.920655,2.800006,20,0.2212127,4.258761,0,0,1.920655
11/1/2007 9:00:00 PM,0,0,77.42693,90,0,0,5.887555,0,0,-1,0,0,0,0,5.887555,6.476311,0,0,0,0,0,11.80586,0,0,0,0,2.800006,20,0.2212127,6.476311,0,0,0
11/1/2007 10:00:00 PM,0,0,74.47457,90,0,0,0.4701552,0,0,-1,0,0,0,0,0.4701552,0.5171707,0,0,0,0,0,11.80586,0,0,0,0,2.800006,20,0.2212127,0.5171707,0,0,0
11/1/2007 11:00:00 PM,0,0,61.55798,90,0,0,1.3327,0,0,-1,0,0,0,0,1.3327,1.46597,0,0,0,0,0,11.80586,0,0,0,0,2.800006,20,0.2212127,1.46597,0,0,0
11/2/2007 12:00:00 AM,0,0,-24.71528,90,0,0,0.2496232,0,0,-1,0,0,0,0,0.2496232,0.2745855,0,0,0,0,0,11.80586,0,0,0,0,2.800006,20,0.2212127,0.2745855,0,0,0
11/2/2007 1:00:00 AM,0,0,-68.43369,90,0,0,0.9587159,0,0,-1,0,0,0,0,0.9587159,1.054587,0,0,0,0,0,11.80586,0,0,0,0,2.800006,20,0.2212127,1.054587,0,0,0
11/2/2007 2:00:00 AM,0,0,-75.5983,90,0,0,0.3518055,0,0,-1,0,0,0,0,0.3518055,0.386986,0,0,0,0,0,11.80586,0,0,0,0,2.800006,20,0.2212127,0.386986,0,0,0
11/2/2007 3:00:00 AM,0,0,-77.37311,90,0,0,1.652823,0,0,-1,0,0,0,0,1.652823,1.818106,0,0,0,0,0,11.80586,0,0,0,0,2.800006,20,0.2212127,1.818106,0,0,0
11/2/2007 4:00:00 AM,0,0,-77.33447,90,0,0,0.9091153,0,0,-1,0,0,0,0,0.9091153,1.000027,0,0,0,0,0,11.80586,0,0,0,0,2.800006,20,0.2212127,1.000027,0,0,0
11/2/2007 5:00:00 AM,0,0,-76.27858,90,0,0,0.8106525,0.8106525,4.315916,0,1.343245,0.8106525,0,0,0,0,0,0,0,3.505263,3.33,11.80586,0,3.33,0,3.33,5.959121,42.56506,0.2212615,0.8917177,0,5,0
11/2/2007 6:00:00 AM,0.0207923,0.5057163,-74.35558,87.07383,0.04209331,0.1889148,0.4612556,0.4612556,3.966519,0,1.24786,0.4612556,40.95663,0,0,0,0.1889148,0,0,3.505263,3.33,8.475861,2.997,3.518915,0,3.518915,9.297457,66.41027,0.221273,0.5073812,0.1511318,5,3.185915
11/2/2007 7:00:00 AM,0.2126334,14.67004,-71.40746,72.63048,0.2399985,1.077114,2.455225,2.455225,5,0,1.53,2.455225,43.87025,0,0,0,1.077114,0,0,2.544775,2.417536,4.956945,6.164023,3.49465,0,3.49465,12.61277,90.09105,0.2213508,2.700748,0.8616908,5,7.241137
11/2/2007 8:00:00 AM,0.4692145,28.52809,-66.9468,58.28614,0.5118057,2.296984,0,0,0,0,0,0,0,0.834688,0,0,2.296984,0,0,0,0,1.462296,9.309208,1.462296,0,1.462296,14.00003,100,0.2212693,0,1.837587,0,11.60619
11/2/2007 9:00:00 AM,0.6878482,41.80138,-59.88497,44.19244,0.7366052,3.305884,0.6968325,0.6968325,0,-1,0,0.6968325,474.4159,2.572376,0,0,3.305884,0.7335079,0.6968325,0,0,0,10.62527,0,0,0,14.00003,100,0.2212693,0.7665158,2.644707,0,13.93116
11/2/2007 10:00:00 AM,0.9224611,53.82883,-47.8126,30.74288,0.9799289,4.397921,2.506519,2.506519,0,0,0,2.506519,175.4593,1.75948,0,0,4.397921,2.638441,2.506519,0,0,0,10.62527,0,0,0,14.00003,100,0.2212693,2.757171,3.518337,0,15.0232
11/2/2007 11:00:00 AM,0.8178175,62.8885,-26.02852,19.37444,0.8587917,3.854257,0.315626,0.315626,0,0,0,0.315626,1221.147,3.522019,0,0,3.854257,0.3322379,0.315626,0,0,0,10.62527,0,0,0,14.00003,100,0.2212693,0.3471886,3.083406,0,14.47953
11/2/2007 12:00:00 PM,0.7252026,65.43571,7.043797,15.63733,0.7523131,3.376381,0.2786393,0.2786393,0,0,0,0.2786393,1211.739,3.083076,0,0,3.376381,0.2933045,0.2786393,0,0,0,10.62527,0,0,0,14.00003,100,0.2212693,0.3065032,2.701105,0,14.00166
11/2/2007 1:00:00 PM,0.8168647,59.77545,36.36338,23.51115,0.8603581,3.861287,2.686133,2.686133,0,0,0,2.686133,143.7489,1.033779,0,0,3.861287,2.827508,2.686133,0,0,0,10.62527,0,0,0,14.00003,100,0.2212693,2.954746,3.08903,0,14.48656
11/2/2007 2:00:00 PM,0.9201825,49.19247,53.5398,36.05117,0.9810309,4.402866,5.178323,3.33,0,-1,0,3.33,132.2182,0.8976034,1.848323,2.366156,4.402866,3.505263,3.33,0,0,0,10.62527,0,0,0,14.00003,100,0.2212693,5.696156,3.522293,0,15.02814
11/2/2007 3:00:00 PM,0.7186487,36.5374,63.16319,49.84118,0.7764874,3.484875,3.967364,3.33,0,-1,0,3.33,104.6509,0,0.6373642,1.034101,3.484875,3.505263,3.33,0,0,0,10.62527,0,0.02038763,-0.02038763,13.97854,99.8465,0.2212693,4.3641,2.7879,0,14.11015
11/2/2007 4:00:00 PM,0.3953635,22.97839,68.98198,64.06313,0.439247,1.97134,3.200989,3.200989,0,-1,0,3.200989,61.58535,0,0,0.1910884,1.97134,3.369462,3.200989,0,0,0.02265292,10.60489,0,1.398122,-1.398122,12.50479,89.31973,0.2212693,3.521088,1.577072,0,12.57623
11/2/2007 5:00:00 PM,0.1519088,8.974033,72.74416,78.46007,0.1901369,0.8533343,3.249858,3.249858,0,-1,0,3.249858,26.25759,0,0,0.244844,0.8533343,3.420903,3.249858,0,0,1.576122,9.206764,0,2.567569,-2.567569,9.798332,69.98795,0.2212693,3.574844,0.6826674,0,10.0601
11/2/2007 6:00:00 PM,0.001668156,0,75.24096,90,0,0,1.60103,1.60103,0,-1,0,1.60103,0,0,2.220446E-16,0,0,1.685295,1.60103,0,0,4.428977,6.639195,0,1.685295,-1.685295,8.021875,57.299,0.2212693,1.761133,0,0,6.639195
11/2/2007 7:00:00 PM,0,0,76.80999,90,0,0,4.59832,3.33,0,-1,0,3.33,0,0,1.26832,1.728152,0,3.505263,3.33,0,0,6.301526,4.953901,0,3.505263,-3.505263,4.327003,30.90711,0.2212693,5.058152,0,0,4.953901
11/2/2007 8:00:00 PM,0,0,77.49527,90,0,0,4.430473,1.376206,0,-1,0,1.376206,0,0,3.054267,3.497314,0,1.448637,1.376206,0,0,10.19626,1.448637,0,1.448637,-1.448637,2.800006,20,0.2212693,4.87352,0,0,1.448637
11/2/2007 9:00:00 PM,0,0,76.96329,90,0,0,8.004721,0,0,-1,0,0,0,0,8.004721,8.805193,0,0,0,0,0,11.80586,0,0,0,0,2.800006,20,0.2212693,8.805193,0,0,0
11/2/2007 10:00:00 PM,0,0,73.80848,90,0,0,0.2733617,0,0,-1,0,0,0,0,0.2733617,0.3006979,0,0,0,0,0,11.80586,0,0,0,0,2.800006,20,0.2212693,0.3006979,0,0,0
11/2/2007 11:00:00 PM,0,0,60.35094,90,0,0,0.3244587,0,0,-1,0,0,0,0,0.3244587,0.3569046,0,0,0,0,0,11.80586,0,0,0,0,2.800006,20,0.2212693,0.3569046,0,0,0
11/3/2007 12:00:00 AM,0,0,-23.69209,90,0,0,0.2982948,0,0,-1,0,0,0,0,0.2982948,0.3281243,0,0,0,0,0,11.80586,0,0,0,0,2.800006,20,0.2212693,0.3281243,0,0,0
11/3/2007 1:00:00 AM,0,0,-67.53963,90,0,0,1.661625,0,0,-1,0,0,0,0,1.661625,1.827787,0,0,0,0,0,11.80586,0,0,0,0,2.800006,20,0.2212693,1.827787,0,0,0
11/3/2007 2:00:00 AM,0,0,-75.04554,90,0,0,0.3779823,0,0,-1,0,0,0,0,0.3779823,0.4157805,0,0,0,0,0,11.80586,0,0,0,0,2.800006,20,0.2212693,0.4157805,0,0,0
11/3/2007 3:00:00 AM,0,0,-76.96142,90,0,0,0.1333321,0,0,-1,0,0,0,0,0.1333321,0.1466653,0,0,0,0,0,11.80586,0,0,0,0,2.800006,20,0.2212693,0.1466653,0,0,0
11/3/2007 4:00:00 AM,0,0,-76.99104,90,0,0,0,0,0,-1,0,0,0,0,0,0,0,0,0,0,0,11.80586,0,0,0,0,2.800006,20,0.2212693,0,0,0,0
11/3/2007 5:00:00 AM,0,0,-75.96838,90,0,0,0.256904,0.256904,3.762167,0,1.192072,0.256904,0,0,0,0,0,0,0,3.505263,3.33,11.80586,0,3.33,0,3.33,5.959121,42.56506,0.2212756,0.2825944,0,5,0
11/3/2007 6:00:00 AM,0.03412806,0.4557872,-74.05704,87.07803,0.1549493,0.6954125,0.3992057,0.3992057,3.904469,0,1.23092,0.3992057,174.199,0,0,0,0.6954125,0,0,3.505263,3.33,8.475861,2.997,4.025413,0,4.025413,9.777963,69.84245,0.2212541,0.4391263,0.55633,5,3.692412
11/3/2007 7:00:00 AM,0.2461424,14.59723,-71.10381,72.65665,0.2863607,1.285187,0,0,3.331854,0,1.074596,0,0,0,0,0,1.285187,0,0,3.331854,3.165261,4.450448,6.619871,4.450448,0,4.450448,14.00003,100,0.2211654,0,1.028149,5,7.905058
11/3/2007 8:00:00 AM,0.5527025,28.42651,-66.62243,58.33791,0.6071637,2.724951,0,0,0,0,0,0,0,2.724951,0,0,2.724951,0,0,0,0,0,10.62527,0,0,0,14.00003,100,0.2211654,0,2.179961,0,13.35023
11/3/2007 9:00:00 AM,0.7752127,41.66048,-59.52601,44.27861,0.8327754,3.737496,0.7299013,0.7299013,0,-1,0,0.7299013,512.055,2.969179,0,0,3.737496,0.7683172,0.7299013,0,0,0,10.62527,0,0,0,14.00003,100,0.2211654,0.8028914,2.989997,0,14.36277
11/3/2007 10:00:00 AM,0.9979496,53.6311,-47.42521,30.88359,1.061879,4.765711,1.028338,1.028338,0,0,0,1.028338,463.4383,3.68325,0,0,4.765711,1.082461,1.028338,0,0,0,10.62527,0,0,0,14.00003,100,0.2211654,1.131172,3.812569,0,15.39099
11/3/2007 11:00:00 AM,1.033059,62.61781,-25.73271,19.61156,1.093801,4.908979,6.055858,6.055858,2.725857,0,0.9091591,6.055858,81.06166,1.403716,0,0,4.908979,3.505263,3.33,0,0,0,10.62527,0,0,0,14.00003,100,0.2211654,6.661443,3.927183,5,15.53425
11/3/2007 12:00:00 PM,1.074319,65.1354,6.953402,15.93424,1.136579,5.100968,0,0,0,0,0,0,0,5.100968,0,0,5.100968,0,0,0,0,0,10.62527,0,0,0,14.00003,100,0.2211654,0,4.080774,0,15.72624
11/3/2007 1:00:00 PM,1.076719,59.53447,36.00085,23.70321,1.142147,5.125956,0.2712296,0.2712296,0,0,0,0.2712296,1889.895,4.840451,0,0,5.125956,0.2855048,0.2712296,0,0,0,10.62527,0,0,0,14.00003,100,0.2211654,0.2983526,4.100765,0,15.75123
11/3/2007 2:00:00 PM,0.8655226,49.02024,53.1596,36.16622,0.9233121,4.143825,5.666875,3.33,0,-1,0,3.33,124.4392,0.6385615,2.336875,2.903563,4.143825,3.505263,3.33,0,0,0,10.62527,0,0,0,14.00003,100,0.2211654,6.233563,3.31506,0,14.7691
11/3/2007 3:00:00 PM,0.7026411,36.41404,62.81944,49.9119,0.7600927,3.411296,0.3068576,0.3068576,0,-1,0,0.3068576,1111.687,3.088288,0,0,3.411296,0.323008,0.3068576,0,0,0,10.62527,0,0,0,14.00003,100,0.2211654,0.3375433,2.729037,0,14.03657
11/3/2007 4:00:00 PM,0.4556607,22.88937,68.66785,64.10387,0.5093626,2.286019,3.216552,3.216552,0,-1,0,3.216552,71.07049,0,0,0.2082072,2.286019,3.385844,3.216552,0,0,0,10.62527,0,1.099825,-1.099825,12.84071,91.71918,0.2211654,3.538207,1.828815,0,12.91129
11/3/2007 5:00:00 PM,0.1594842,8.910967,72.44448,78.47713,0.2023218,0.9080203,0.8717657,0.8717657,0,-1,0,0.8717657,104.1588,0,0,0,0.9080203,0.9176481,0.8717657,0,0,1.222028,9.525449,0,0.009627787,-0.009627787,12.83056,91.64669,0.2211654,0.9589423,0.7264163,0,10.43347
11/3/2007 6:00:00 PM,0.001392817,0,74.93987,90,0,0,0,0,0,-1,0,0,0,0,0,0,0,0,0,0,0,1.232725,9.515821,0,0,0,12.83056,91.64669,0.2211654,0,0,0,9.515821
11/3/2007 7:00:00 PM,0,0,76.48943,90,0,0,0,0,0,-1,0,0,0,0,0,0,0,0,0,0,0,1.232725,9.515821,0,0,0,12.83056,91.64669,0.2211654,0,0,0,9.515821
11/3/2007 8:00:00 PM,0,0,77.12975,90,0,0,3.004824,3.004824,0,-1,0,3.004824,0,0,4.440892E-16,0,0,3.162973,3.004824,0,0,1.232725,9.515821,0,3.162973,-3.162973,9.496496,67.83198,0.2211654,3.305307,0,0,9.515821
11/3/2007 9:00:00 PM,0,0,76.50716,90,0,0,5.351634,3.33,0,-1,0,3.33,0,0,2.021634,2.556797,0,3.505263,3.33,0,0,4.747139,6.352849,0,3.505263,-3.505263,5.801624,41.44009,0.2211654,5.886797,0,0,6.352849
11/3/2007 10:00:00 PM,0,0,73.15591,90,0,0,0.2590852,0.2590852,0,-1,0,0.2590852,0,0,5.551115E-17,0,0,0.2727213,0.2590852,0,0,8.641876,2.847585,0,0.2727213,-0.2727213,5.514151,39.38671,0.2211654,0.2849937,0,0,2.847585
11/3/2007 11:00:00 PM,0,0,59.19199,90,0,0,0.7346426,0.7346426,0,-1,0,0.7346426,0,0,1.110223E-16,0,0,0.7733079,0.7346426,0,0,8.944901,2.574864,0,0.7733079,-0.7733079,4.699012,33.56431,0.2211654,0.8081068,0,0,2.574864
11/4/2007 12:00:00 AM,0,0,-22.7344,90,0,0,0,0,0,-1,0,0,0,0,0,0,0,0,0,0,0,9.804132,1.801556,0,0,0,4.699012,33.56431,0.2211654,0,0,0,1.801556
11/4/2007 1:00:00 AM,0,0,-66.66451,90,0,0,0.7502016,0.7502016,0,-1,0,0.7502016,0,0,1.110223E-16,0,0,0.7896859,0.7502016,0,0,9.804132,1.801556,0,0.7896859,-0.7896859,3.866611,27.61859,0.2211654,0.8252217,0,0,1.801556
11/4/2007 2:00:00 AM,0,0,-74.50158,90,0,0,0.4911946,0.4911946,0,-1,0,0.4911946,0,0,5.551115E-17,0,0,0.5170469,0.4911946,0,0,10.68156,1.01187,0,0.5170469,-0.5170469,3.321595,23.72563,0.2211654,0.5403141,0,0,1.01187
11/4/2007 3:00:00 AM,0,0,-76.556,90,0,0,2.194293,0.4700821,0,-1,0,0.4700821,0,0,1.724211,1.94364,0,0.4948233,0.4700821,0,0,11.25606,0.4948233,0,0.4948233,-0.4948233,2.800006,20,0.2211654,2.413722,0,0,0.4948233
11/4/2007 4:00:00 AM,0,0,-76.65293,90,0,0,2.321949,0,0,-1,0,0,0,0,2.321949,2.554144,0,0,0,0,0,11.80586,0,0,0,0,2.800006,20,0.2211654,2.554144,0,0,0
11/4/2007 5:00:00 AM,0,0,-75.66318,90,0,0,0.3547698,0.3547698,3.860033,0,1.218789,0.3547698,0,4.440892E-16,0,0,0,0,0,3.505263,3.33,11.80586,0,3.33,0,3.33,5.959121,42.56506,0.2211793,0.3902467,0,5,0
11/4/2007 6:00:00 AM,0.03144638,0.4033886,-73.76361,87.08551,0.1344267,0.6033069,0.8792648,0.8792648,4.384528,0,1.361976,0.8792648,68.61493,0,0,0,0.6033069,0,0,3.505263,3.33,8.475861,2.997,3.933307,0,3.933307,9.690583,69.21832,0.2211995,0.9671912,0.4826455,5,3.600307
11/4/2007 7:00:00 AM,0.2129575,14.52198,-70.80584,72.68615,0.242185,1.086926,3.222719,3.222719,5,0,1.53,3.222719,33.72699,0,0,0,1.086926,0,0,1.777281,1.688417,4.542553,6.536976,2.775343,0,2.775343,12.32351,88.02486,0.2212593,3.544991,0.8695408,5,7.623902
11/4/2007 8:00:00 AM,0.3886037,28.32267,-66.30489,58.39302,0.4162803,1.868266,0,0,0,0,0,0,0,0.1010558,0,0,1.868266,0,0,0,0,1.76721,9.034785,1.76721,0,1.76721,14.00003,100,0.2211614,0,1.494613,0,10.90305
11/4/2007 9:00:00 AM,0.6730763,41.51776,-59.17615,44.36806,0.7219981,3.240328,2.572103,2.572103,0,-1,0,2.572103,125.9797,0.5328504,0,0,3.240328,2.707477,2.572103,0,0,0,10.62527,0,0,0,14.00003,100,0.2211614,2.829314,2.592262,0,13.8656
11/4/2007 10:00:00 AM,0.8596129,53.43275,-47.05092,31.02705,0.9144268,4.103948,0.2636955,0.2636955,0,0,0,0.2636955,1556.32,3.826373,0,0,4.103948,0.2775742,0.2636955,0,0,0,10.62527,0,0,0,14.00003,100,0.2211614,0.2900651,3.283158,0,14.72922
11/4/2007 11:00:00 AM,0.7020153,62.34922,-25.45299,19.84871,0.729173,3.272528,0.1309351,0.1309351,0,0,0,0.1309351,2499.351,3.134702,0,0,3.272528,0.1378265,0.1309351,0,0,0,10.62527,0,0,0,14.00003,100,0.2211614,0.1440286,2.618023,0,13.8978
11/4/2007 12:00:00 PM,1.05062,64.84004,6.858742,16.22618,1.112334,4.992157,0.1429006,0.1429006,0,0,0,0.1429006,3493.448,4.841735,0,0,4.992157,0.1504216,0.1429006,0,0,0,10.62527,0,0,0,14.00003,100,0.2211614,0.1571906,3.993726,0,15.61743
11/4/2007 1:00:00 PM,0.8548689,59.29817,35.64381,23.89193,0.9043633,4.058783,0,0,0,0,0,0,0,4.058783,0,0,4.058783,0,0,0,0,0,10.62527,0,0,0,14.00003,100,0.2211614,0,3.247026,0,14.68406
11/4/2007 2:00:00 PM,0.8689659,48.85211,52.78493,36.27833,0.9280224,4.164965,4.261213,3.33,0,-1,0,3.33,125.074,0.6597014,0.9312127,1.357334,4.164965,3.505263,3.33,0,0,0,10.62527,0,0,0,14.00003,100,0.2211614,4.687334,3.331972,0,14.79024
11/4/2007 3:00:00 PM,0.6516964,36.2946,62.48037,49.9796,0.7054589,3.1661,4.600186,3.33,0,-1,0,3.33,95.07807,4.440892E-16,1.270186,1.730204,3.1661,3.505263,3.33,0,0,0,10.62527,0,0.3391634,-0.3391634,13.64252,97.44637,0.2211614,5.060205,2.53288,0,13.79137
11/4/2007 4:00:00 PM,0.4021524,22.80424,68.3579,64.14149,0.4492443,2.016208,1.110534,1.110534,0,-1,0,1.110534,181.5531,0.4703775,0,0,2.016208,1.168983,1.110534,0,0,0.3768482,10.28611,0.3768482,0,0.3768482,14.00003,100,0.2211405,1.221587,1.612967,0,12.30232
11/4/2007 5:00:00 PM,0.09328847,8.851829,72.1488,78.49099,0.1011805,0.4540982,4.360914,3.33,0,-1,0,3.33,13.63658,0,1.030914,1.467005,0.4540982,3.505263,3.33,0,0,0,10.62527,0,3.051165,-3.051165,10.78382,77.02711,0.2211405,4.797005,0.3632786,0,11.07937
11/4/2007 6:00:00 PM,0.0009522479,0,74.64292,90,0,0,4.020196,3.33,0,-1,0,3.33,0,0,0.690196,1.092216,0,3.505263,3.33,0,0,3.390183,7.574109,0,3.505263,-3.505263,7.088946,50.63523,0.2211405,4.422215,0,0,7.574109
11/4/2007 7:00:00 PM,0,0,76.17347,90,0,0,5.204338,3.33,0,-1,0,3.33,0,0,1.874338,2.394772,0,3.505263,3.33,0,0,7.28492,4.068846,0,3.505263,-3.505263,3.394074,24.24334,0.2211405,5.724772,0,0,4.068846
11/4/2007 8:00:00 PM,0,0,76.76981,90,0,0,3.712218,0.5354038,0,-1,0,0.5354038,0,0,3.176814,3.548036,0,0.5635829,0.5354038,0,0,11.17966,0.5635829,0,0.5635829,-0.5635829,2.800006,20,0.2211405,4.083439,0,0,0.5635829
11/4/2007 9:00:00 PM,0,0,76.05879,90,0,0,8.06345,0,0,-1,0,0,0,0,8.06345,8.869795,0,0,0,0,0,11.80586,0,0,0,0,2.800006,20,0.2211405,8.869795,0,0,0
11/4/2007 10:00:00 PM,0,0,72.51727,90,0,0,0.4341926,0,0,-1,0,0,0,0,0.4341926,0.4776119,0,0,0,0,0,11.80586,0,0,0,0,2.800006,20,0.2211405,0.4776119,0,0,0
11/4/2007 11:00:00 PM,0,0,58.08105,90,0,0,0.04495957,0,0,-1,0,0,0,0,0.04495957,0.04945553,0,0,0,0,0,11.80586,0,0,0,0,2.800006,20,0.2211405,0.04945553,0,0,0
11/5/2007 12:00:00 AM,0,0,-21.83416,90,0,0,1.047713,0,0,-1,0,0,0,0,1.047713,1.152484,0,0,0,0,0,11.80586,0,0,0,0,2.800006,20,0.2211405,1.152484,0,0,0
11/5/2007 1:00:00 AM,0,0,-65.80807,90,0,0,0.6648619,0,0,-1,0,0,0,0,0.6648619,0.7313482,0,0,0,0,0,11.80586,0,0,0,0,2.800006,20,0.2211405,0.7313482,0,0,0
11/5/2007 2:00:00 AM,0,0,-73.96646,90,0,0,0.723225,0,0,-1,0,0,0,0,0.723225,0.7955475,0,0,0,0,0,11.80586,0,0,0,0,2.800006,20,0.2211405,0.7955475,0,0,0
11/5/2007 3:00:00 AM,0,0,-76.15692,90,0,0,0.8467155,0,0,-1,0,0,0,0,0.8467155,0.931387,0,0,0,0,0,11.80586,0,0,0,0,2.800006,20,0.2211405,0.931387,0,0,0
11/5/2007 4:00:00 AM,0,0,-76.32021,90,0,0,1.177909,0,0,-1,0,0,0,0,1.177909,1.2957,0,0,0,0,0,11.80586,0,0,0,0,2.800006,20,0.2211405,1.2957,0,0,0
11/5/2007 5:00:00 AM,0,0,-75.36307,90,0,0,0,0,0,0,0,0,0,0,0,0,0,0,0,0,0,11.80586,0,0,0,0,2.800006,20,0.2211405,0,0,0,0
11/5/2007 6:00:00 AM,0.03281613,0.3485427,-73.4754,87.09627,0.1480015,0.6642308,0.1521252,0.1521252,3.657388,0,1.163467,0.1521252,436.6342,4.440892E-16,0,0,0.6642308,0,0,3.505263,3.33,11.80586,0,3.994231,0,3.994231,6.589266,47.06609,0.2211022,0.1673378,0.5313846,5,0.6642308
11/5/2007 7:00:00 AM,0.2016795,14.44434,-70.51363,72.71895,0.2272433,1.019868,2.077193,2.077193,5,0,1.53,2.077193,49.09839,-4.440892E-16,0,0,1.019868,0,0,2.922807,2.776667,7.811629,3.594808,3.796535,0,3.796535,10.19098,72.79253,0.2211767,2.284912,0.8158945,5,4.614676
11/5/2007 8:00:00 AM,0.2235888,28.21664,-65.9943,58.45143,0.225355,1.011393,3.820318,3.820318,5,0,1.53,3.820318,26.47405,0,0,0,1.011393,0,0,1.179681,1.120697,4.015094,7.011689,2.132091,0,2.132091,12.21365,87.24021,0.2212211,4.202351,0.8091145,5,8.023083
11/5/2007 9:00:00 AM,0.3875557,41.37337,-58.83545,44.46065,0.3944129,1.770125,0.6921765,0.6921765,0,-1,0,0.6921765,255.7332,0,0,0,1.770125,0.7286068,0.6921765,0,0,1.883004,8.930571,1.041518,0,1.041518,13.20172,94.29784,0.2211636,0.7613941,1.4161,0,10.7007
11/5/2007 10:00:00 AM,0.6333153,53.23392,-46.68964,31.17307,0.6601285,2.962656,0.145887,0.145887,0,0,0,0.145887,2030.788,1.967605,0,0,2.962656,0.1535653,0.145887,0,0,0.8414858,9.867937,0.8414858,0,0.8414858,14.00003,100,0.2211171,0.1604757,2.370125,0,12.83059
11/5/2007 11:00:00 AM,0.4374532,62.08291,-25.18892,20.08562,0.4394588,1.972291,2.129895,2.129895,0,0,0,2.129895,92.60038,0,0,0,1.972291,2.241995,2.129895,0,0,0,10.62527,0,0.269704,-0.269704,13.71574,97.96934,0.2211171,2.342885,1.577833,0,12.59757
11/5/2007 12:00:00 PM,0.6927012,64.54972,6.759935,16.51308,0.7172512,3.219024,1.556442,1.556442,0,0,0,1.556442,206.8194,1.280993,0,0,3.219024,1.63836,1.556442,0,0,0.2996711,10.35557,0.2996711,0,0.2996711,14.00003,100,0.2211005,1.712086,2.575219,0,13.57459
11/5/2007 1:00:00 PM,0.6774956,59.06665,35.29206,24.07718,0.7045357,3.161956,4.006878,4.006878,1.25,0,0.50625,4.006878,78.91321,0.2599792,0,0,3.161956,2.901977,2.756878,0,0,0,10.62527,0,0,0,14.00003,100,0.2211005,4.407566,2.529565,5,13.78723
11/5/2007 2:00:00 PM,0.8348077,48.68818,52.41578,36.38737,0.8922064,4.004222,0.2786604,0.2786604,0,-1,0,0.2786604,1436.954,3.710895,0,0,4.004222,0.2933268,0.2786604,0,0,0,10.62527,0,0,0,14.00003,100,0.2211005,0.3065265,3.203378,0,14.6295
11/5/2007 3:00:00 PM,0.4613725,36.17914,62.14599,50.04421,0.4860142,2.181232,2.877886,2.877886,0,-1,0,2.877886,75.79285,0,0,0,2.181232,3.029354,2.877886,0,0,0,10.62527,0,0.8481216,-0.8481216,13.10603,93.61431,0.2211005,3.165674,1.744985,0,12.80651
11/5/2007 4:00:00 PM,0.2801034,22.72304,68.05216,64.17597,0.2979966,1.337409,0.5269521,0.5269521,0,-1,0,0.5269521,253.8008,0,0,0,1.337409,0.5546864,0.5269521,0,0,0.9423574,9.777152,0.7827223,0,0.7827223,13.84859,98.91827,0.2210574,0.5796474,1.069927,0,11.11456
11/5/2007 5:00:00 PM,0.1577399,8.796643,71.85721,78.50163,0.2021565,0.9072781,0,0,0,-1,0,0,0,0.747643,0,0,0.9072781,0,0,0,0,0.1596351,10.4816,0.1596351,0,0.1596351,14.00003,100,0.2210485,0,0.7258225,0,11.38888
11/5/2007 6:00:00 PM,0.001156847,0,74.35019,90,0,0,7.205944,3.33,0,-1,0,3.33,0,0,3.875944,4.596539,0,3.505263,3.33,0,0,0,10.62527,0,3.505263,-3.505263,10.30516,73.60811,0.2210485,7.926538,0,0,10.62527
11/5/2007 7:00:00 PM,0,0,75.86221,90,0,0,6.651708,3.33,0,-1,0,3.33,0,0,3.321708,3.986878,0,3.505263,3.33,0,0,3.894737,7.120011,0,3.505263,-3.505263,6.610284,47.21622,0.2210485,7.316878,0,0,7.120011
11/5/2007 8:00:00 PM,0,0,76.4156,90,0,0,5.702102,3.33,0,-1,0,3.33,0,0,2.372102,2.942312,0,3.505263,3.33,0,0,7.789474,3.614748,0,3.505263,-3.505263,2.915413,20.82434,0.2210485,6.272313,0,0,3.614748
11/5/2007 9:00:00 PM,0,0,75.61842,90,0,0,0.693256,0.1040105,0,-1,0,0.1040105,0,0,0.5892455,0.6585711,0,0.1094847,0.1040105,0,0,11.68421,0.1094847,0,0.1094847,-0.1094847,2.800006,20,0.2210485,0.7625815,0,0,0.1094847
11/5/2007 10:00:00 PM,0,0,71.89294,90,0,0,0.4829835,0,0,-1,0,0,0,0,0.4829835,0.5312818,0,0,0,0,0,11.80586,0,0,0,0,2.800006,20,0.2210485,0.5312818,0,0,0
11/5/2007 11:00:00 PM,0,0,57.01785,90,0,0,0,0,0,-1,0,0,0,0,0,0,0,0,0,0,0,11.80586,0,0,0,0,2.800006,20,0.2210485,0,0,0,0
11/6/2007 12:00:00 AM,0,0,-20.98449,90,0,0,0.4423153,0,0,-1,0,0,0,0,0.4423153,0.4865468,0,0,0,0,0,11.80586,0,0,0,0,2.800006,20,0.2210485,0.4865468,0,0,0
11/6/2007 1:00:00 AM,0,0,-64.97005,90,0,0,0.7862949,0,0,-1,0,0,0,0,0.7862949,0.8649244,0,0,0,0,0,11.80586,0,0,0,0,2.800006,20,0.2210485,0.8649244,0,0,0
11/6/2007 2:00:00 AM,0,0,-73.44021,90,0,0,0,0,0,-1,0,0,0,0,0,0,0,0,0,0,0,11.80586,0,0,0,0,2.800006,20,0.2210485,0,0,0,0
11/6/2007 3:00:00 AM,0,0,-75.76425,90,0,0,0,0,0,-1,0,0,0,0,0,0,0,0,0,0,0,11.80586,0,0,0,0,2.800006,20,0.2210485,0,0,0,0
11/6/2007 4:00:00 AM,0,0,-75.99297,90,0,0,0.4101036,0,0,-1,0,0,0,0,0.4101036,0.451114,0,0,0,0,0,11.80586,0,0,0,0,2.800006,20,0.2210485,0.451114,0,0,0
11/6/2007 5:00:00 AM,0,0,-75.06813,90,0,0,1.566268,1.566268,5,0,1.53,1.566268,0,0,0,0,0,0,0,3.433732,3.262046,11.80586,0,3.262046,0,3.262046,5.894654,42.10458,0.2211285,1.722895,0,5,0
11/6/2007 6:00:00 AM,0.02990926,0.2912744,-73.19247,87.11028,0.1253112,0.5623966,0.9726315,0.9726315,4.477895,0,1.387465,0.9726315,57.82216,0,0,0,0.5623966,0,0,3.505263,3.33,8.543815,2.935841,3.892397,0,3.892397,9.587305,68.48061,0.221158,1.069895,0.4499173,5,3.498238
11/6/2007 7:00:00 AM,0.1774604,14.36437,-70.22727,72.75501,0.1942366,0.8717338,2.421582,2.421582,5,0,1.53,2.421582,35.99852,0,0,0,0.8717338,0,0,2.578418,2.449497,4.651418,6.438998,3.321231,0,3.321231,12.7381,90.98626,0.2212324,2.66374,0.697387,5,7.310732
11/6/2007 8:00:00 AM,0.3315896,28.10852,-65.69071,58.51305,0.3479422,1.561565,3.260694,3.260694,3.040885,0,0.9951616,3.260694,47.89057,0,0,0,1.561565,0.2313773,0.2198084,0,0,1.330187,9.428105,1.330187,0,1.330187,14.00003,100,0.2212545,3.586763,1.249252,5,10.98967
11/6/2007 9:00:00 AM,0.4421126,41.22741,-58.50395,44.55627,0.4557948,2.045607,2.764878,2.764878,0,-1,0,2.764878,73.98544,0,4.440892E-16,0,2.045607,2.910398,2.764878,0,0,0,10.62527,0,0.8647907,-0.8647907,13.08846,93.4888,0.2212545,3.041365,1.636485,0,12.67088
11/6/2007 10:00:00 AM,0.8317636,53.03481,-46.3413,31.32144,0.8858949,3.975896,6.593801,6.593801,3.729535,0,1.183163,6.593801,60.29748,0,0,0,3.975896,3.015018,2.864267,0,0,0.9608786,9.760484,0.9608786,0,0.9608786,14.00003,100,0.2212368,7.253181,3.180717,5,13.73638
11/6/2007 11:00:00 AM,0.9671091,61.81903,-24.94009,20.32203,1.026305,4.606059,5.337749,5.337749,2.00775,0,0.7131156,5.337749,86.29215,1.100796,0,0,4.606059,3.505263,3.33,0,0,0,10.62527,0,0,0,14.00003,100,0.2212368,5.871524,3.684847,5,15.23133
11/6/2007 12:00:00 PM,1.054435,64.2645,6.6571,16.79488,1.118392,5.019342,5.156496,5.156496,1.826496,0,0.6636334,5.156496,97.34018,1.514079,0,0,5.019342,3.505263,3.33,0,0,0,10.62527,0,0,0,14.00003,100,0.2212368,5.672145,4.015474,5,15.64462
11/6/2007 1:00:00 PM,1.016956,58.84,34.94545,24.25881,1.081329,4.853005,2.190337,2.190337,0,0,0,2.190337,221.5643,2.547387,0,0,4.853005,2.305618,2.190337,0,0,0,10.62527,0,0,0,14.00003,100,0.2212368,2.409371,3.882404,0,15.47828
11/6/2007 2:00:00 PM,0.5897315,48.52852,52.05206,36.49326,0.6161965,2.76549,0.4771253,0.4771253,0,-1,0,0.4771253,579.6149,2.263252,0,0,2.76549,0.5022372,0.4771253,0,0,0,10.62527,0,0,0,14.00003,100,0.2212368,0.5248379,2.212392,0,13.39076
11/6/2007 3:00:00 PM,0.5318871,36.06772,61.81632,50.10567,0.5705819,2.560771,4.333072,3.33,0,-1,0,3.33,76.90005,0,1.003072,1.436379,2.560771,3.505263,3.33,0,0,0,10.62527,0,0.9444916,-0.9444916,13.00445,92.88872,0.2212368,4.766379,2.048617,0,13.18605
11/6/2007 4:00:00 PM,0.361769,22.64581,67.75071,64.20724,0.4021216,1.804722,1.652204,1.652204,0,-1,0,1.652204,109.2312,0,0,0,1.804722,1.739162,1.652204,0,0,1.049435,9.680782,0.06556007,0,0.06556007,13.06664,93.33297,0.2212332,1.817424,1.443777,0,11.4855
11/6/2007 5:00:00 PM,0.1175993,8.74543,71.56977,78.50903,0.1395177,0.6261554,3.510901,3.33,0,-1,0,3.33,18.80347,0,0.1809013,0.5319915,0.6261554,3.505263,3.33,0,0,0.983875,9.739787,0,2.879108,-2.879108,10.0318,71.65554,0.2212332,3.861991,0.5009243,0,10.36594
11/6/2007 6:00:00 PM,0.001198464,0,74.06178,90,0,0,7.249863,3.33,0,-1,0,3.33,0,0,3.919863,4.64485,0,3.505263,3.33,0,0,4.182884,6.860679,0,3.505263,-3.505263,6.336925,45.26366,0.2212332,7.97485,0,0,6.860679
11/6/2007 7:00:00 PM,0,0,75.55576,90,0,0,1.592832,1.592832,0,-1,0,1.592832,0,0,2.220446E-16,0,0,1.676665,1.592832,0,0,8.077621,3.355416,0,1.676665,-1.676665,4.569564,32.63968,0.2212332,1.752115,0,0,3.355416
11/6/2007 8:00:00 PM,0,0,76.06727,90,0,0,4.908859,1.594813,0,-1,0,1.594813,0,0,3.314045,3.804931,0,1.678751,1.594813,0,0,9.940581,1.678751,0,1.678751,-1.678751,2.800006,20,0.2212332,5.399745,0,0,1.678751
11/6/2007 9:00:00 PM,0,0,75.18624,90,0,0,2.346689,0,0,-1,0,0,0,0,2.346689,2.581358,0,0,0,0,0,11.80586,0,0,0,0,2.800006,20,0.2212332,2.581358,0,0,0
11/6/2007 10:00:00 PM,0,0,71.28325,90,0,0,1.076324,0,0,-1,0,0,0,0,1.076324,1.183957,0,0,0,0,0,11.80586,0,0,0,0,2.800006,20,0.2212332,1.183957,0,0,0
11/6/2007 11:00:00 PM,0,0,56.0019,90,0,0,0.37887,0,0,-1,0,0,0,0,0.37887,0.416757,0,0,0,0,0,11.80586,0,0,0,0,2.800006,20,0.2212332,0.416757,0,0,0
11/7/2007 12:00:00 AM,0,0,-20.17948,90,0,0,0.7449653,0,0,-1,0,0,0,0,0.7449653,0.8194618,0,0,0,0,0,11.80586,0,0,0,0,2.800006,20,0.2212332,0.8194618,0,0,0
11/7/2007 1:00:00 AM,0,0,-64.15014,90,0,0,0.5500021,0,0,-1,0,0,0,0,0.5500021,0.6050023,0,0,0,0,0,11.80586,0,0,0,0,2.800006,20,0.2212332,0.6050023,0,0,0
11/7/2007 2:00:00 AM,0,0,-72.92285,90,0,0,0,0,0,-1,0,0,0,0,0,0,0,0,0,0,0,11.80586,0,0,0,0,2.800006,20,0.2212332,0,0,0,0
11/7/2007 3:00:00 AM,0,0,-75.37806,90,0,0,0.5233641,0,0,-1,0,0,0,0,0.5233641,0.5757005,0,0,0,0,0,11.80586,0,0,0,0,2.800006,20,0.2212332,0.5757005,0,0,0
11/7/2007 4:00:00 AM,0,0,-75.67126,90,0,0,0,0,0,-1,0,0,0,0,0,0,0,0,0,0,0,11.80586,0,0,0,0,2.800006,20,0.2212332,0,0,0,0
11/7/2007 5:00:00 AM,0,0,-74.77844,90,0,0,0.4106158,0.4106158,3.915879,0,1.234035,0.4106158,0,0,0,0,0,0,0,3.505263,3.33,11.80586,0,3.33,0,3.33,5.959121,42.56506,0.221251,0.4516774,0,5,0
11/7/2007 6:00:00 AM,0.01489368,0.231612,-72.91492,87.12753,0.02038199,0.09147438,0.4938581,0.4938581,3.999121,0,1.25676,0.4938581,18.5224,0,0,0,0.09147438,0,0,3.505263,3.33,8.475861,2.997,3.421474,0,3.421474,9.205016,65.74998,0.2212701,0.5432439,0.0731795,5,3.088474
11/7/2007 7:00:00 AM,0.1303384,14.28212,-69.94684,72.79429,0.1344285,0.6033153,1.10052,1.10052,4.605783,0,1.422379,1.10052,54.82093,4.440892E-16,0,0,0.6033153,0,0,3.505263,3.33,5.054386,6.076327,3.933315,0,3.933315,12.93649,92.4033,0.2213068,1.210572,0.4826522,5,6.679642
11/7/2007 8:00:00 AM,0.2529259,27.99839,-65.39423,58.57779,0.2573222,1.154862,3.550011,3.550011,3.517909,0,1.125389,3.550011,32.53123,0,0,0,1.154862,0.03379162,0.03210204,0,0,1.121071,9.616311,1.121071,0,1.121071,14.00003,100,0.2213254,3.905012,0.9238898,5,10.77117
11/7/2007 9:00:00 AM,0.4800611,41.08003,-58.18171,44.65479,0.4999843,2.24393,2.132918,2.132918,0,-1,0,2.132918,105.2047,0,0,0,2.24393,2.245177,2.132918,0,0,0,10.62527,0,0.001247513,-0.001247513,13.99871,99.99061,0.2213254,2.34621,1.795144,0,12.8692
11/7/2007 10:00:00 AM,0.8329698,52.83556,-46.00578,31.47196,0.8881261,3.98591,2.133023,2.133023,0,0,0,2.133023,186.8667,1.739237,0,0,3.98591,2.245287,2.133023,0,0,0.001386126,10.62403,0.001386126,0,0.001386126,14.00003,100,0.2213253,2.346325,3.188728,0,14.60994
11/7/2007 11:00:00 AM,1.028582,61.55774,-24.70607,20.55768,1.093003,4.905396,0.9584951,0.9584951,0,0,0,0.9584951,511.781,3.896454,0,0,4.905396,1.008942,0.9584951,0,0,0,10.62527,0,0,0,14.00003,100,0.2213253,1.054345,3.924317,0,15.53067
11/7/2007 12:00:00 PM,0.713659,63.98446,6.550347,17.07149,0.7421588,3.330809,0.6906856,0.6906856,0,0,0,0.6906856,482.2467,2.603771,0,0,3.330809,0.7270374,0.6906856,0,0,0,10.62527,0,0,0,14.00003,100,0.2213253,0.7597541,2.664647,0,13.95608
11/7/2007 1:00:00 PM,0.5440087,58.61831,34.60384,24.4367,0.5551028,2.491301,1.912834,1.912834,0,0,0,1.912834,130.2414,0.4777915,0,0,2.491301,2.01351,1.912834,0,0,0,10.62527,0,0,0,14.00003,100,0.2213253,2.104118,1.993041,0,13.11658
11/7/2007 2:00:00 PM,0.6288314,48.37323,51.69376,36.59589,0.662175,2.971842,0,0,0,-1,0,0,0,2.971842,0,0,2.971842,0,0,0,0,0,10.62527,0,0,0,14.00003,100,0.2213253,0,2.377473,0,13.59712
11/7/2007 3:00:00 PM,0.5103048,35.9604,61.4914,50.16392,0.5456702,2.448968,3.757866,3.33,0,-1,0,3.33,73.54257,0,0.4278659,0.8036525,2.448968,3.505263,3.33,0,0,0,10.62527,0,1.056295,-1.056295,12.88659,92.04692,0.2213253,4.133653,1.959174,0,13.07424
11/7/2007 4:00:00 PM,0.2906969,22.57258,67.4536,64.2353,0.3123737,1.401933,4.495912,3.33,0,-1,0,3.33,42.1001,0,1.165912,1.615503,1.401933,3.505263,3.33,0,0,1.173662,9.568979,0,2.10333,-2.10333,10.66949,76.21049,0.2213253,4.945503,1.121547,0,10.97091
11/7/2007 5:00:00 PM,0.07695521,8.698206,71.28656,78.51321,0.08036594,0.3606823,1.07053,1.07053,0,-1,0,1.07053,33.69196,0,2.220446E-16,0,0.3606823,1.126873,1.07053,0,0,3.510695,7.465649,0,0.7661909,-0.7661909,9.861855,70.44167,0.2213253,1.177583,0.2885459,0,7.826331
11/7/2007 6:00:00 PM,0.001019312,0,73.77777,90,0,0,3.365538,3.33,0,-1,0,3.33,0,0,0.03553832,0.3720922,0,3.505263,3.33,0,0,4.362018,6.699458,0,3.505263,-3.505263,6.166983,44.04979,0.2213253,3.702092,0,0,6.699458
11/7/2007 7:00:00 PM,0,0,75.25425,90,0,0,4.057992,3.034485,0,-1,0,3.034485,0,0,1.023507,1.429306,0,3.194195,3.034485,0,0,8.256755,3.194195,0,3.194195,-3.194195,2.800006,20,0.2213253,4.463791,0,0,3.194195
11/7/2007 8:00:00 PM,0,0,75.72498,90,0,0,8.331296,0,0,-1,0,0,0,0,8.331296,9.164426,0,0,0,0,0,11.80586,0,0,0,0,2.800006,20,0.2213253,9.164426,0,0,0
11/7/2007 9:00:00 PM,0,0,74.76248,90,0,0,4.644999,0,0,-1,0,0,0,0,4.644999,5.109499,0,0,0,0,0,11.80586,0,0,0,0,2.800006,20,0.2213253,5.109499,0,0,0
11/7/2007 10:00:00 PM,0,0,70.68851,90,0,0,1.15206,0,0,-1,0,0,0,0,1.15206,1.267266,0,0,0,0,0,11.80586,0,0,0,0,2.800006,20,0.2213253,1.267266,0,0,0
11/7/2007 11:00:00 PM,0,0,55.03258,90,0,0,0.2927372,0,0,-1,0,0,0,0,0.2927372,0.322011,0,0,0,0,0,11.80586,0,0,0,0,2.800006,20,0.2213253,0.322011,0,0,0
11/8/2007 12:00:00 AM,0,0,-19.41409,90,0,0,0,0,0,-1,0,0,0,0,0,0,0,0,0,0,0,11.80586,0,0,0,0,2.800006,20,0.2213253,0,0,0,0
11/8/2007 1:00:00 AM,0,0,-63.34806,90,0,0,0,0,0,-1,0,0,0,0,0,0,0,0,0,0,0,11.80586,0,0,0,0,2.800006,20,0.2213253,0,0,0,0
11/8/2007 2:00:00 AM,0,0,-72.41442,90,0,0,0.4876789,0,0,-1,0,0,0,0,0.4876789,0.5364468,0,0,0,0,0,11.80586,0,0,0,0,2.800006,20,0.2213253,0.5364468,0,0,0
11/8/2007 3:00:00 AM,0,0,-74.99841,90,0,0,0.4696697,0,0,-1,0,0,0,0,0.4696697,0.5166367,0,0,0,0,0,11.80586,0,0,0,0,2.800006,20,0.2213253,0.5166367,0,0,0
11/8/2007 4:00:00 AM,0,0,-75.35518,90,0,0,0.483449,0,0,-1,0,0,0,0,0.483449,0.5317939,0,0,0,0,0,11.80586,0,0,0,0,2.800006,20,0.2213253,0.5317939,0,0,0
11/8/2007 5:00:00 AM,0,0,-74.49407,90,0,0,0.7614529,0.7614529,4.266716,0,1.329813,0.7614529,0,4.440892E-16,0,0,0,0,0,3.505263,3.33,11.80586,0,3.33,0,3.33,5.959121,42.56506,0.2213694,0.8375981,0,5,0
11/8/2007 6:00:00 AM,0.01682663,0.1695864,-72.64282,87.148,0.02791468,0.1252811,0,0,3.505263,0,1.121937,0,0,0,0,0,0.1252811,0,0,3.505263,3.33,8.475861,2.997,3.455281,0,3.455281,9.237088,65.97907,0.2213494,0,0.1002249,5,3.122281
11/8/2007 7:00:00 AM,0.1201696,14.19765,-69.67242,72.83672,0.1228615,0.5514023,1.11091,1.11091,4.616173,0,1.425215,1.11091,49.63519,4.440892E-16,0,0,0.5514023,0,0,3.505263,3.33,5.020579,6.106753,3.881402,0,3.881402,12.91931,92.2806,0.2213895,1.222001,0.4411218,5,6.658155
11/8/2007 8:00:00 AM,0.3074033,27.88634,-65.1049,58.64559,0.319895,1.435689,0.9735813,0.9735813,0,0,0,0.9735813,147.4647,0,0,0,1.435689,1.024822,0.9735813,0,0,1.139177,9.600015,0.4108663,0,0.4108663,13.30909,95.06475,0.221367,1.070939,1.148551,0,11.0357
11/8/2007 9:00:00 AM,0.1899331,40.93134,-57.86875,44.75608,0.1893905,0.8499844,2.437749,2.437749,0,-1,0,2.437749,34.86759,0,4.440892E-16,0,0.8499844,2.566052,2.437749,0,0,0.7283105,9.969794,0,1.716067,-1.716067,11.5002,82.14411,0.221367,2.681524,0.6799875,0,10.81978
11/8/2007 10:00:00 AM,0.1430717,52.63635,-45.68298,31.62442,0.1425154,0.639609,0.8209031,0.8209031,0,0,0,0.8209031,77.91528,0,1.110223E-16,0,0.639609,0.8641086,0.8209031,0,0,2.635052,8.253728,0,0.2244996,-0.2244996,11.26355,80.4538,0.221367,0.9029934,0.5116872,0,8.893336
11/8/2007 11:00:00 AM,0.1277043,61.29918,-24.48648,20.79234,0.1271726,0.5707505,6.184939,6.184939,5,0,1.53,6.184939,9.228069,0,8.881784E-16,0,0.5707505,1.247305,1.184939,0,0,2.884496,8.029228,0,0.6765541,-0.6765541,10.5504,75.35988,0.221367,6.803433,0.4566004,5,8.599978
11/8/2007 12:00:00 PM,0.2356185,63.70967,6.439788,17.34286,0.2348016,1.053789,1.145031,1.145031,3.863382,0,1.219703,1.145031,92.03152,0,0,0,1.053789,0,0,2.718351,2.582433,3.636223,7.352674,3.636223,0,3.636223,14.00003,100,0.2213639,1.259534,0.8430316,5,8.406464
11/8/2007 1:00:00 PM,0.4527102,58.40166,34.26707,24.61072,0.4565276,2.048896,2.783039,2.783039,0,0,0,2.783039,73.6208,0,0,0,2.048896,2.929515,2.783039,0,0,0,10.62527,0,0.880619,-0.880619,13.07177,93.36963,0.2213639,3.061343,1.639117,0,12.67417
11/8/2007 2:00:00 PM,0.1762715,48.22238,51.34082,36.69517,0.1756642,0.7883809,0.6017727,0.6017727,0,-1,0,0.6017727,131.0097,0,0,0,0.7883809,0.633445,0.6017727,0,0,0.9784656,9.744656,0.1549359,0,0.1549359,13.21876,94.41952,0.2213555,0.66195,0.6307047,0,10.53304
11/8/2007 3:00:00 PM,0.02838371,35.85725,61.17124,50.21891,0.02825279,0.1267985,0.4651174,0.4651174,0,-1,0,0.4651174,27.26161,0,5.551115E-17,0,0.1267985,0.4895973,0.4651174,0,0,0.8235296,9.884097,0,0.3627988,-0.3627988,12.83634,91.68793,0.2213555,0.5116291,0.1014388,0,10.0109
11/8/2007 4:00:00 PM,0.01149287,22.50341,67.16087,64.2601,0.01143933,0.05133972,3.702901,3.33,0,-1,0,3.33,1.541733,0,0.3729009,0.743191,0.05133972,3.505263,3.33,0,0,1.226639,9.521298,0,3.453923,-3.453923,9.19558,65.68259,0.2213555,4.073191,0.04107178,0,9.572639
11/8/2007 5:00:00 PM,0.03767591,8.654983,71.00766,78.51413,0.03772843,0.1693252,0,0,0,-1,0,0,0,0,0,0,0.1693252,0,0,0,0,5.064332,6.067375,0.1693252,0,0.1693252,9.356216,66.82999,0.2213462,0,0.1354602,0,6.236701
11/8/2007 6:00:00 PM,0.0008377971,0,73.49827,90,0,0,13.43342,3.33,0,-1,0,3.33,0,0,10.10342,11.44676,0,3.505263,3.33,0,0,4.895007,6.219768,0,3.505263,-3.505263,5.661345,40.4381,0.2213462,14.77676,0,0,6.219768
11/8/2007 7:00:00 PM,0,0,74.95779,90,0,0,0.5088811,0.5088811,0,-1,0,0.5088811,0,0,0,0,0,0.5356643,0.5088811,0,0,8.789743,2.714505,0,0.5356643,-0.5356643,5.096705,36.40496,0.2213462,0.5597692,0,0,2.714505
11/8/2007 8:00:00 PM,0,0,75.38886,90,0,0,0.1000685,0.1000685,0,-1,0,0.1000685,0,0,1.387779E-17,0,0,0.1053353,0.1000685,0,0,9.384926,2.178841,0,0.1053353,-0.1053353,4.985672,35.61187,0.2213462,0.1100754,0,0,2.178841
11/8/2007 9:00:00 PM,0,0,74.34733,90,0,0,2.391598,1.96983,0,-1,0,1.96983,0,0,0.4217684,0.6609282,0,2.073505,1.96983,0,0,9.501966,2.073505,0,2.073505,-2.073505,2.800006,20,0.2213462,2.630758,0,0,2.073505
11/8/2007 10:00:00 PM,0,0,70.10899,90,0,0,1.475793,0,0,-1,0,0,0,0,1.475793,1.623373,0,0,0,0,0,11.80586,0,0,0,0,2.800006,20,0.2213462,1.623373,0,0,0
11/8/2007 11:00:00 PM,0,0,54.10912,90,0,0,1.951016,0,0,-1,0,0,0,0,1.951016,2.146118,0,0,0,0,0,11.80586,0,0,0,0,2.800006,20,0.2213462,2.146118,0,0,0
11/9/2007 12:00:00 AM,0,0,-18.68392,90,0,0,0,0,0,-1,0,0,0,0,0,0,0,0,0,0,0,11.80586,0,0,0,0,2.800006,20,0.2213462,0,0,0,0
11/9/2007 1:00:00 AM,0,0,-62.5635,90,0,0,0.8227683,0,0,-1,0,0,0,0,0.8227683,0.9050452,0,0,0,0,0,11.80586,0,0,0,0,2.800006,20,0.2213462,0.9050452,0,0,0
11/9/2007 2:00:00 AM,0,0,-71.91492,90,0,0,0.3469209,0,0,-1,0,0,0,0,0.3469209,0.381613,0,0,0,0,0,11.80586,0,0,0,0,2.800006,20,0.2213462,0.381613,0,0,0
11/9/2007 3:00:00 AM,0,0,-74.62536,90,0,0,0.008580583,0,0,-1,0,0,0,0,0.008580583,0.009438641,0,0,0,0,0,11.80586,0,0,0,0,2.800006,20,0.2213462,0.009438641,0,0,0
11/9/2007 4:00:00 AM,0,0,-75.04479,90,0,0,0.6193107,0,0,-1,0,0,0,0,0.6193107,0.6812418,0,0,0,0,0,11.80586,0,0,0,0,2.800006,20,0.2213462,0.6812418,0,0,0
11/9/2007 5:00:00 AM,0,0,-74.2151,90,0,0,0.3758695,0.3758695,3.881133,0,1.224549,0.3758695,0,0,0,0,0,0,0,3.505263,3.33,11.80586,0,3.33,0,3.33,5.959121,42.56506,0.2213613,0.4134565,0,5,0
11/9/2007 6:00:00 AM,0.0204828,0.1052317,-72.37625,87.17167,0.05005012,0.2246249,1.171596,1.171596,4.676859,0,1.441782,1.171596,19.17256,0,0,0,0.2246249,0,0,3.505263,3.33,8.475861,2.997,3.554625,0,3.554625,9.331334,66.65225,0.2214236,1.288755,0.1797,5,3.221625
11/9/2007 7:00:00 AM,0.1541615,14.11102,-69.40409,72.88227,0.1645334,0.7384258,2.79659,2.79659,5,0,1.53,2.79659,26.4045,0,0,0,0.7384258,0,0,2.20341,2.093239,4.921235,6.196162,2.831665,0,2.831665,12.01769,85.84045,0.2214863,3.076249,0.5907406,5,6.934588
11/9/2007 8:00:00 AM,0.3766412,27.77246,-64.82281,58.71634,0.4050008,1.817643,0,0,0,0,0,0,0,0,0,0,1.817643,0,0,0,0,2.08957,8.744661,1.817643,0,1.817643,13.74206,98.15734,0.2213871,0,1.454115,0,10.5623
11/9/2007 9:00:00 AM,0.4146784,40.78149,-57.56511,44.86,0.4256429,1.910285,4.167282,3.33,0,-1,0,3.33,57.36593,0,0.8372822,1.25401,1.910285,3.505263,3.33,0,0,0.2719268,10.38054,0,1.594978,-1.594978,12.0608,86.14841,0.2213871,4.584011,1.528228,0,12.29083
11/9/2007 10:00:00 AM,0.5822592,52.43734,-45.3728,31.77864,0.6036327,2.709104,0.8915169,0.8915169,0,0,0,0.8915169,303.8757,0,0,0,2.709104,0.9384389,0.8915169,0,0,2.044124,8.785563,1.770665,0,1.770665,13.7406,98.14696,0.2212905,0.9806687,2.167283,0,11.49467
11/9/2007 11:00:00 AM,0.6820951,61.04349,-24.28092,21.02578,0.7092946,3.183314,5.550084,5.550084,2.785722,0,0.9255022,5.550084,57.35614,0,0,0,3.183314,2.909855,2.764362,0,0,0.2734596,10.37916,0.2734596,0,0.2734596,14.00003,100,0.221295,6.105093,2.546651,5,13.56248
11/9/2007 12:00:00 PM,0.5595228,63.4402,6.325529,17.60892,0.5699049,2.557733,4.239549,4.239549,1.809703,0,0.6590489,4.239549,60.33031,0,0,0,2.557733,2.557733,2.429846,0,0,0,10.62527,0,0,0,14.00003,100,0.221295,4.663504,2.046186,5,13.18301
11/9/2007 1:00:00 PM,0.4405827,58.19012,33.93502,24.78075,0.4438126,1.991831,1.243808,1.243808,0,0,0,1.243808,160.1397,0.6825591,0,0,1.991831,1.309272,1.243808,0,0,0,10.62527,0,0,0,14.00003,100,0.221295,1.368189,1.593465,0,12.61711
11/9/2007 2:00:00 PM,0.2089621,48.07604,50.99322,36.791,0.2083149,0.934917,2.095066,2.095066,0,-1,0,2.095066,44.62471,0,4.440892E-16,0,0.934917,2.205333,2.095066,0,0,0,10.62527,0,1.270416,-1.270416,12.66089,90.43476,0.221295,2.304573,0.7479336,0,11.56019
11/9/2007 3:00:00 PM,0.1859894,35.75832,60.85587,50.27057,0.1855666,0.8328227,5.238181,3.33,0,-1,0,3.33,25.00969,0,1.908181,2.431998,0.8328227,3.505263,3.33,0,0,1.411573,9.354858,0,2.672441,-2.672441,9.843893,70.31338,0.221295,5.761999,0.6662582,0,10.18768
11/9/2007 4:00:00 PM,0.2083348,22.43831,66.8726,64.28162,0.2132727,0.9571678,1.496123,1.496123,0,-1,0,1.496123,63.97657,0,0,0,0.9571678,1.574866,1.496123,0,0,4.380951,6.682418,0,0.617698,-0.617698,9.192781,65.6626,0.221295,1.645735,0.7657343,0,7.639586
11/9/2007 5:00:00 PM,0.08591925,8.61577,70.73314,78.51181,0.09243817,0.4148625,4.037146,3.33,0,-1,0,3.33,12.45833,0,0.707146,1.110861,0.4148625,3.505263,3.33,0,0,5.067282,6.06472,0,3.090401,-3.090401,5.935214,42.3943,0.221295,4.440861,0.33189,0,6.479583
11/9/2007 6:00:00 PM,0.0008422097,0,73.22335,90,0,0,2.401681,2.401681,0,-1,0,2.401681,0,0,0,0,0,2.528085,2.401681,0,0,8.50106,2.974319,0,2.528085,-2.528085,3.270378,23.35979,0.221295,2.641849,0,0,2.974319
11/9/2007 7:00:00 PM,0,0,74.66648,90,0,0,5.337111,0.4239223,0,-1,0,0.4239223,0,0,4.913189,5.4469,0,0.446234,0.4239223,0,0,11.31004,0.446234,0,0.446234,-0.446234,2.800006,20,0.221295,5.870822,0,0,0.446234
11/9/2007 8:00:00 PM,0,0,75.05907,90,0,0,0,0,0,-1,0,0,0,0,0,0,0,0,0,0,0,11.80586,0,0,0,0,2.800006,20,0.221295,0,0,0,0
11/9/2007 9:00:00 PM,0,0,73.94098,90,0,0,0,0,0,-1,0,0,0,0,0,0,0,0,0,0,0,11.80586,0,0,0,0,2.800006,20,0.221295,0,0,0,0
11/9/2007 10:00:00 PM,0,0,69.54494,90,0,0,0.06171909,0,0,-1,0,0,0,0,0.06171909,0.06789099,0,0,0,0,0,11.80586,0,0,0,0,2.800006,20,0.221295,0.06789099,0,0,0
11/9/2007 11:00:00 PM,0,0,53.23066,90,0,0,0.73763,0,0,-1,0,0,0,0,0.73763,0.8113929,0,0,0,0,0,11.80586,0,0,0,0,2.800006,20,0.221295,0.8113929,0,0,0
11/10/2007 12:00:00 AM,0,0,-17.98517,90,0,0,0.4298122,0,0,-1,0,0,0,0,0.4298122,0.4727934,0,0,0,0,0,11.80586,0,0,0,0,2.800006,20,0.221295,0.4727934,0,0,0
11/10/2007 1:00:00 AM,0,0,-61.79618,90,0,0,0,0,0,-1,0,0,0,0,0,0,0,0,0,0,0,11.80586,0,0,0,0,2.800006,20,0.221295,0,0,0,0
11/10/2007 2:00:00 AM,0,0,-71.4244,90,0,0,0,0,0,-1,0,0,0,0,0,0,0,0,0,0,0,11.80586,0,0,0,0,2.800006,20,0.221295,0,0,0,0
11/10/2007 3:00:00 AM,0,0,-74.25897,90,0,0,0.973324,0,0,-1,0,0,0,0,0.973324,1.070656,0,0,0,0,0,11.80586,0,0,0,0,2.800006,20,0.221295,1.070656,0,0,0
11/10/2007 4:00:00 AM,0,0,-74.74017,90,0,0,0,0,0,-1,0,0,0,0,0,0,0,0,0,0,0,11.80586,0,0,0,0,2.800006,20,0.221295,0,0,0,0
11/10/2007 5:00:00 AM,0,0,-73.94161,90,0,0,0.1769905,0.1769905,3.682254,0,1.170255,0.1769905,0,0,0,0,0,0,0,3.505263,3.33,11.80586,0,3.33,0,3.33,5.959121,42.56506,0.2212952,0.1946896,0,5,0
11/10/2007 6:00:00 AM,0.02582121,0.03858448,-72.11529,87.1985,0.0983289,0.4413001,0.9838321,0.9838321,4.489095,0,1.390523,0.9838321,44.85522,0,0,0,0.4413001,0,0,3.505263,3.33,8.475861,2.997,3.7713,0,3.7713,9.53689,68.12051,0.2213316,1.082215,0.3530401,5,3.4383
11/10/2007 7:00:00 AM,0.2150285,14.0223,-69.14192,72.93088,0.2509057,1.126065,2.380089,2.380089,5,0,1.53,2.380089,47.31187,0,0,0,1.126065,0,0,2.619911,2.488915,4.70456,6.39117,3.61498,0,3.61498,12.96636,92.61668,0.22141,2.618098,0.9008517,5,7.517235
11/10/2007 8:00:00 AM,0.4700536,27.65684,-64.54802,58.78997,0.5203556,2.335356,0.6936316,0.6936316,0,0,0,0.6936316,336.6854,0.5156375,0,0,2.335356,0.7301385,0.6936316,0,0,1.08958,9.644652,1.08958,0,1.08958,14.00003,100,0.2213507,0.7629948,1.868285,0,11.98001
11/10/2007 9:00:00 AM,0.6599765,40.63058,-57.2708,44.96643,0.7126549,3.198395,3.629074,3.33,0,-1,0,3.33,96.0479,0,0.2990737,0.6619811,3.198395,3.505263,3.33,0,0,0,10.62527,0,0.3068679,-0.3068679,13.67656,97.68952,0.2213507,3.991981,2.558716,0,13.82367
11/10/2007 10:00:00 AM,0.881365,52.23869,-45.07511,31.9344,0.9434034,4.233994,0.8768067,0.8768067,0,0,0,0.8768067,482.888,2.970076,0,0,4.233994,0.9229544,0.8768067,0,0,0.3409643,10.31841,0.3409643,0,0.3409643,14.00003,100,0.2213322,0.9644874,3.387196,0,14.5524
11/10/2007 11:00:00 AM,1.107751,60.79081,-24.08903,21.25777,1.18095,5.300105,2.12944,2.12944,0,0,0,2.12944,248.8967,3.05859,0,0,5.300105,2.241515,2.12944,0,0,0,10.62527,0,0,0,14.00003,100,0.2213322,2.342384,4.240084,0,15.92538
11/10/2007 12:00:00 PM,1.142835,63.17611,6.207674,17.86961,1.217118,5.462424,3.54366,3.54366,1.25,0,0.50625,3.54366,154.1464,3.048045,0,0,5.462424,2.414379,2.29366,0,0,0,10.62527,0,0,0,14.00003,100,0.2213322,3.898026,4.369939,5,16.0877
11/10/2007 1:00:00 PM,1.005138,57.98376,33.60756,24.94668,1.0725,4.813379,3.32577,3.32577,1.25,0,0.50625,3.32577,144.7297,2.628357,0,0,4.813379,2.185021,2.07577,0,0,0,10.62527,0,0,0,14.00003,100,0.2213322,3.658347,3.850703,5,15.43865
11/10/2007 2:00:00 PM,0.8894821,47.93429,50.65091,36.88332,0.9560303,4.290664,0,0,0,-1,0,0,0,4.290664,0,0,4.290664,0,0,0,0,0,10.62527,0,0,0,14.00003,100,0.2213322,0,3.432531,0,14.91594
11/10/2007 3:00:00 PM,0.6802425,35.66365,60.54531,50.31885,0.7424336,3.332042,2.530899,2.530899,0,-1,0,2.530899,131.6545,0.667938,0,0,3.332042,2.664104,2.530899,0,0,0,10.62527,0,0,0,14.00003,100,0.2213322,2.783989,2.665634,0,13.95732
11/10/2007 4:00:00 PM,0.3812635,22.37732,66.58882,64.29984,0.4295998,1.928044,4.385586,3.33,0,-1,0,3.33,57.89922,0,1.055586,1.494145,1.928044,3.505263,3.33,0,0,0,10.62527,0,1.577219,-1.577219,12.33749,88.12477,0.2213322,4.824144,1.542435,0,12.55332
11/10/2007 5:00:00 PM,0.1585481,8.580575,70.46307,78.50626,0.2085053,0.9357716,2.862853,2.862853,0,-1,0,2.862853,32.68668,0,0,0,0.9357716,3.01353,2.862853,0,0,1.752466,9.048055,0,2.077758,-2.077758,10.14734,72.48088,0.2213322,3.149138,0.7486173,0,9.983827
11/10/2007 6:00:00 PM,0.001059311,0,72.95312,90,0,0,14.22816,3.33,0,-1,0,3.33,0,0,10.89816,12.32098,0,3.505263,3.33,0,0,4.061086,6.970297,0,3.505263,-3.505263,6.452472,46.08899,0.2213322,15.65098,0,0,6.970297
11/10/2007 7:00:00 PM,0,0,74.38044,90,0,0,4.521262,3.291782,0,-1,0,3.291782,0,0,1.22948,1.681606,0,3.465034,3.291782,0,0,7.955822,3.465034,0,3.465034,-3.465034,2.800006,20,0.2213322,4.973388,0,0,3.465034
11/10/2007 8:00:00 PM,0,0,74.73573,90,0,0,10.55599,0,0,-1,0,0,0,0,10.55599,11.61159,0,0,0,0,0,11.80586,0,0,0,0,2.800006,20,0.2213322,11.61159,0,0,0
11/10/2007 9:00:00 PM,0,0,73.5436,90,0,0,1.422963,0,0,-1,0,0,0,0,1.422963,1.565259,0,0,0,0,0,11.80586,0,0,0,0,2.800006,20,0.2213322,1.565259,0,0,0
11/10/2007 10:00:00 PM,0,0,68.99658,90,0,0,0.8707929,0,0,-1,0,0,0,0,0.8707929,0.9578722,0,0,0,0,0,11.80586,0,0,0,0,2.800006,20,0.2213322,0.9578722,0,0,0
11/10/2007 11:00:00 PM,0,0,52.39622,90,0,0,0.3568487,0,0,-1,0,0,0,0,0.3568487,0.3925335,0,0,0,0,0,11.80586,0,0,0,0,2.800006,20,0.2213322,0.3925335,0,0,0
11/11/2007 12:00:00 AM,0,0,-17.31454,90,0,0,1.215521,0,0,-1,0,0,0,0,1.215521,1.337073,0,0,0,0,0,11.80586,0,0,0,0,2.800006,20,0.2213322,1.337073,0,0,0
11/11/2007 1:00:00 AM,0,0,-61.04578,90,0,0,0.7080159,0,0,-1,0,0,0,0,0.7080159,0.7788175,0,0,0,0,0,11.80586,0,0,0,0,2.800006,20,0.2213322,0.7788175,0,0,0
11/11/2007 2:00:00 AM,0,0,-70.94286,90,0,0,0.4930481,0,0,-1,0,0,0,0,0.4930481,0.5423529,0,0,0,0,0,11.80586,0,0,0,0,2.800006,20,0.2213322,0.5423529,0,0,0
11/11/2007 3:00:00 AM,0,0,-73.89931,90,0,0,0.1732437,0,0,-1,0,0,0,0,0.1732437,0.1905681,0,0,0,0,0,11.80586,0,0,0,0,2.800006,20,0.2213322,0.1905681,0,0,0
11/11/2007 4:00:00 AM,0,0,-74.44138,90,0,0,1.128813,0,0,-1,0,0,0,0,1.128813,1.241694,0,0,0,0,0,11.80586,0,0,0,0,2.800006,20,0.2213322,1.241694,0,0,0
11/11/2007 5:00:00 AM,0,0,-73.67366,90,0,0,0.2692963,0.2692963,3.774559,0,1.195455,0.2692963,0,0,0,0,0,0,0,3.505263,3.33,11.80586,0,3.33,0,3.33,5.959121,42.56506,0.2213393,0.2962259,0,5,0
11/11/2007 6:00:00 AM,0.02621282,0,-71.85999,90,0,0,0.9742958,0.9742958,4.479559,0,1.38792,0.9742958,0,0,0,0,0,0,0,3.505263,3.33,8.475861,2.997,3.33,0,3.33,9.118237,65.13013,0.2213987,1.071725,0,5,2.997
11/11/2007 7:00:00 AM,0.2501224,13.93154,-68.88598,72.98248,0.3003201,1.347837,0,0,3.505263,0,1.121937,0,0,0,0,0,1.347837,0,0,3.505263,3.33,5.14586,5.994,4.677836,0,4.677836,13.55602,96.82854,0.2213126,0,1.078269,5,7.341836
11/11/2007 8:00:00 AM,0.5537749,27.53959,-64.28058,58.86639,0.6167587,2.768013,3.803069,3.803069,1.618079,0,0.6067355,3.803069,72.78367,1.665335E-16,0,0,2.768013,2.299989,2.18499,0,0,0.4680236,10.20405,0.4680236,0,0.4680236,14.00003,100,0.2213146,4.183375,2.21441,5,12.97207
11/11/2007 9:00:00 AM,0.6980628,40.47877,-56.98585,45.07524,0.7562932,3.394244,4.163899,3.33,0,-1,0,3.33,101.9292,0,0.8338994,1.250289,3.394244,3.505263,3.33,0,0,0,10.62527,0,0.1110194,-0.1110194,13.883,99.16411,0.2213146,4.580289,2.715395,0,14.01952
11/11/2007 10:00:00 AM,0.847623,52.04056,-44.78979,32.09153,0.9077278,4.073883,3.604806,3.604806,1.25,0,0.50625,3.604806,113.0125,1.471784,0,0,4.073883,2.478744,2.354806,0,0,0.1233549,10.51425,0.1233549,0,0.1233549,14.00003,100,0.2213079,3.965287,3.259106,5,14.58814
11/11/2007 11:00:00 AM,1.04324,60.54128,-23.91043,21.48811,1.112562,4.99318,0.67405,0.67405,0,0,0,0.67405,740.7729,4.283654,0,0,4.99318,0.7095263,0.67405,0,0,0,10.62527,0,0,0,14.00003,100,0.2213079,0.741455,3.994544,0,15.61845
11/11/2007 12:00:00 PM,0.8892654,62.91747,6.086325,18.12488,0.9440823,4.237041,2.559692,2.559692,0,0,0,2.559692,165.5294,1.542629,0,0,4.237041,2.694412,2.559692,0,0,0,10.62527,0,0,0,14.00003,100,0.2213079,2.815661,3.389633,0,14.86232
11/11/2007 1:00:00 PM,0.7905276,57.78268,33.28457,25.1084,0.8378454,3.76025,0,0,0,0,0,0,0,3.76025,0,0,3.76025,0,0,0,0,0,10.62527,0,0,0,14.00003,100,0.2213079,0,3.0082,0,14.38552
11/11/2007 2:00:00 PM,0.7828802,47.7972,50.31387,36.97202,0.8409716,3.774281,1.387023,1.387023,0,-1,0,1.387023,272.1138,2.314257,0,0,3.774281,1.460024,1.387023,0,0,0,10.62527,0,0,0,14.00003,100,0.2213079,1.525725,3.019424,0,14.39956
11/11/2007 3:00:00 PM,0.6602486,35.5733,60.23961,50.36371,0.72126,3.237015,2.068985,2.068985,0,-1,0,2.068985,156.4542,1.059136,0,0,3.237015,2.177879,2.068985,0,0,0,10.62527,0,0,0,14.00003,100,0.2213079,2.275884,2.589612,0,13.86229
11/11/2007 4:00:00 PM,0.3536004,22.32046,66.30961,64.31473,0.395817,1.776427,3.071238,3.071238,0,-1,0,3.071238,57.84072,0,0,0.04836217,1.776427,3.232882,3.071238,0,0,0,10.62527,0,1.456456,-1.456456,12.46479,89.03403,0.2213079,3.378362,1.421141,0,12.4017
11/11/2007 5:00:00 PM,0.1255779,8.549397,70.19753,78.49747,0.1566217,0.7029183,2.775939,2.775939,0,-1,0,2.775939,25.32182,0,0,0,0.7029183,2.922041,2.775939,0,0,1.618284,9.168818,0,2.219123,-2.219123,10.12563,72.32577,0.2213079,3.053533,0.5623346,0,9.871737
11/11/2007 6:00:00 PM,0.001236347,0,72.68765,90,0,0,1.588059,1.588059,0,-1,0,1.588059,0,0,0,0,0,1.671641,1.588059,0,0,4.083977,6.949695,0,1.671641,-1.671641,8.363564,59.73962,0.2213079,1.746865,0,0,6.949695
11/11/2007 7:00:00 PM,0,0,74.09976,90,0,0,0.419878,0.419878,0,-1,0,0.419878,0,0,5.551115E-17,0,0,0.4419769,0.419878,0,0,5.941356,5.278054,0,0.4419769,-0.4419769,7.897679,56.41188,0.2213079,0.4618658,0,0,5.278054
11/11/2007 8:00:00 PM,0,0,74.41897,90,0,0,4.850867,3.33,0,-1,0,3.33,0,0,1.520867,2.005954,0,3.505263,3.33,0,0,6.432441,4.836077,0,3.505263,-3.505263,4.202807,30.01999,0.2213079,5.335954,0,0,4.836077
11/11/2007 9:00:00 PM,0,0,73.15536,90,0,0,5.53692,1.264273,0,-1,0,1.264273,0,0,4.272646,4.826339,0,1.330814,1.264273,0,0,10.32718,1.330814,0,1.330814,-1.330814,2.800006,20,0.2213079,6.090612,0,0,1.330814
11/11/2007 10:00:00 PM,0,0,68.46409,90,0,0,0.7760549,0,0,-1,0,0,0,0,0.7760549,0.8536604,0,0,0,0,0,11.80586,0,0,0,0,2.800006,20,0.2213079,0.8536604,0,0,0
11/11/2007 11:00:00 PM,0,0,51.60476,90,0,0,0.5432869,0,0,-1,0,0,0,0,0.5432869,0.5976156,0,0,0,0,0,11.80586,0,0,0,0,2.800006,20,0.2213079,0.5976156,0,0,0
11/12/2007 12:00:00 AM,0,0,-16.66911,90,0,0,0.6001397,0,0,-1,0,0,0,0,0.6001397,0.6601537,0,0,0,0,0,11.80586,0,0,0,0,2.800006,20,0.2213079,0.6601537,0,0,0
11/12/2007 1:00:00 AM,0,0,-60.31201,90,0,0,0.7053505,0,0,-1,0,0,0,0,0.7053505,0.7758856,0,0,0,0,0,11.80586,0,0,0,0,2.800006,20,0.2213079,0.7758856,0,0,0
11/12/2007 2:00:00 AM,0,0,-70.47031,90,0,0,0.31087,0,0,-1,0,0,0,0,0.31087,0.341957,0,0,0,0,0,11.80586,0,0,0,0,2.800006,20,0.2213079,0.341957,0,0,0
11/12/2007 3:00:00 AM,0,0,-73.54644,90,0,0,0,0,0,-1,0,0,0,0,0,0,0,0,0,0,0,11.80586,0,0,0,0,2.800006,20,0.2213079,0,0,0,0
11/12/2007 4:00:00 AM,0,0,-74.14849,90,0,0,0,0,0,-1,0,0,0,0,0,0,0,0,0,0,0,11.80586,0,0,0,0,2.800006,20,0.2213079,0,0,0,0
11/12/2007 5:00:00 AM,0,0,-73.41132,90,0,0,0.5269927,0.5269927,4.032256,0,1.265806,0.5269927,0,0,0,0,0,0,0,3.505263,3.33,11.80586,0,3.33,0,3.33,5.959121,42.56506,0.2213341,0.5796919,0,5,0
11/12/2007 6:00:00 AM,0.0203703,0,-71.61045,90,0,0,0.3905081,0.3905081,3.895771,0,1.228546,0.3905081,0,0,0,0,0,0,0,3.505263,3.33,8.475861,2.997,3.33,0,3.33,9.118237,65.13013,0.2213501,0.4295589,0,5,2.997
11/12/2007 7:00:00 AM,0.1344571,13.83883,-68.63633,73.03703,0.1405492,0.6307847,0,0,3.505263,0,1.121937,0,0,0,0,0,0.6307847,0,0,3.505263,3.33,5.14586,5.994,3.960785,0,3.960785,12.87577,91.96957,0.2213031,0,0.5046277,5,6.624784
11/12/2007 8:00:00 AM,0.2946456,27.42079,-64.02055,58.9455,0.306232,1.374369,1.085539,1.085539,0,0,0,1.085539,126.6071,0,0,0,1.374369,1.142672,1.085539,0,0,1.185076,9.558706,0.2316969,0,0.2316969,13.09557,93.53963,0.2212905,1.194093,1.099495,0,10.93307
11/12/2007 9:00:00 AM,0.2482017,40.32616,-56.71027,45.18628,0.2480969,1.113459,5.19061,3.33,0,-1,0,3.33,33.43721,0,1.86061,2.379671,1.113459,3.505263,3.33,0,0,0.9533786,9.767234,0,2.391804,-2.391804,10.57439,75.53121,0.2212905,5.709671,0.8907672,0,10.88069
11/12/2007 10:00:00 AM,0.2946538,51.8431,-44.51671,32.24982,0.2942457,1.320575,5.836627,5.836627,5,0,1.53,5.836627,22.62565,0,0,0,1.320575,0.8806604,0.8366274,0,0,3.610939,7.375429,0.4399145,0,0.4399145,10.99173,78.5122,0.2212977,6.42029,1.05646,5,8.696004
11/12/2007 11:00:00 AM,0.5857366,60.29502,-23.74477,21.7166,0.6012232,2.69829,0.05602735,0.05602735,1.25,0,0.50625,0.05602735,4816.022,0.6963572,0,0,2.69829,0,0,0.4976155,0.4727347,3.171024,7.771352,3.171024,0,3.171024,14.00003,100,0.2211265,0.06163009,2.158632,5,10.46964
11/12/2007 12:00:00 PM,0.8826093,62.66433,5.96158,18.37466,0.9374646,4.207341,7.318461,7.318461,3.988461,0,1.25385,7.318461,57.48943,0.702078,0,0,4.207341,3.505263,3.33,0,0,0,10.62527,0,0,0,14.00003,100,0.2211265,8.050307,3.365873,5,14.83261
11/12/2007 1:00:00 PM,0.8767217,57.58692,32.96597,25.2658,0.9353036,4.197642,2.732685,2.732685,0,0,0,2.732685,153.6087,1.321132,0,0,4.197642,2.87651,2.732685,0,0,0,10.62527,0,0,0,14.00003,100,0.2211265,3.005953,3.358114,0,14.82292
11/12/2007 2:00:00 PM,0.6388988,47.66482,49.98207,37.05704,0.6771128,3.038882,1.886674,1.886674,0,-1,0,1.886674,161.0708,1.052909,0,0,3.038882,1.985973,1.886674,0,0,0,10.62527,0,0,0,14.00003,100,0.2211265,2.075342,2.431106,0,13.66416
11/12/2007 3:00:00 PM,0.4949063,35.48731,59.93878,50.40511,0.5304226,2.380537,1.475876,1.475876,0,-1,0,1.475876,161.2965,0.8269828,0,0,2.380537,1.553554,1.475876,0,0,0,10.62527,0,0,0,14.00003,100,0.2211265,1.623464,1.904429,0,13.00581
11/12/2007 4:00:00 PM,0.3859857,22.26774,66.03501,64.32628,0.4369801,1.961167,4.226267,3.33,0,-1,0,3.33,58.8939,0,0.8962667,1.318893,1.961167,3.505263,3.33,0,0,0,10.62527,0,1.544096,-1.544096,12.37241,88.37416,0.2211265,4.648893,1.568933,0,12.58644
11/12/2007 5:00:00 PM,0.1015264,8.522237,69.93658,78.48545,0.1165802,0.5232121,0,0,0,-1,0,0,0,0,0,0,0.5232121,0,0,0,0,1.715663,9.081178,0.5232121,0,0.5232121,12.86877,91.9196,0.2210983,0,0.4185697,0,9.60439
11/12/2007 6:00:00 PM,0.0008856776,0,72.42703,90,0,0,1.166699,1.166699,0,-1,0,1.166699,0,0,0,0,0,1.228104,1.166699,0,0,1.192451,9.552069,0,1.228104,-1.228104,11.57423,82.67294,0.2210983,1.283369,0,0,9.552069
11/12/2007 7:00:00 PM,0,0,73.82455,90,0,0,2.718741,2.718741,0,-1,0,2.718741,0,0,4.440892E-16,0,0,2.861832,2.718741,0,0,2.557011,8.323964,0,2.861832,-2.861832,8.557598,61.12558,0.2210983,2.990615,0,0,8.323964
11/12/2007 8:00:00 PM,0,0,74.10891,90,0,0,2.340946,2.340946,0,-1,0,2.340946,0,0,0,0,0,2.464154,2.340946,0,0,5.736825,5.462132,0,2.464154,-2.464154,5.960152,42.57243,0.2210983,2.575041,0,0,5.462132
11/12/2007 9:00:00 PM,0,0,72.77644,90,0,0,4.969154,2.848079,0,-1,0,2.848079,0,0,2.121076,2.617991,0,2.997978,2.848079,0,0,8.474773,2.997978,0,2.997978,-2.997978,2.800006,20,0.2210983,5.46607,0,0,2.997978
11/12/2007 10:00:00 PM,0,0,67.94761,90,0,0,0.5951141,0,0,-1,0,0,0,0,0.5951141,0.6546255,0,0,0,0,0,11.80586,0,0,0,0,2.800006,20,0.2210983,0.6546255,0,0,0
11/12/2007 11:00:00 PM,0,0,50.8552,90,0,0,0.3945566,0,0,-1,0,0,0,0,0.3945566,0.4340123,0,0,0,0,0,11.80586,0,0,0,0,2.800006,20,0.2210983,0.4340123,0,0,0
11/13/2007 12:00:00 AM,0,0,-16.04634,90,0,0,0.01237483,0,0,-1,0,0,0,0,0.01237483,0.01361231,0,0,0,0,0,11.80586,0,0,0,0,2.800006,20,0.2210983,0.01361231,0,0,0
11/13/2007 1:00:00 AM,0,0,-59.59456,90,0,0,0.7470266,0,0,-1,0,0,0,0,0.7470266,0.8217292,0,0,0,0,0,11.80586,0,0,0,0,2.800006,20,0.2210983,0.8217292,0,0,0
11/13/2007 2:00:00 AM,0,0,-70.00681,90,0,0,0.4189251,0,0,-1,0,0,0,0,0.4189251,0.4608176,0,0,0,0,0,11.80586,0,0,0,0,2.800006,20,0.2210983,0.4608176,0,0,0
11/13/2007 3:00:00 AM,0,0,-73.20042,90,0,0,0,0,0,-1,0,0,0,0,0,0,0,0,0,0,0,11.80586,0,0,0,0,2.800006,20,0.2210983,0,0,0,0
11/13/2007 4:00:00 AM,0,0,-73.86158,90,0,0,0,0,0,-1,0,0,0,0,0,0,0,0,0,0,0,11.80586,0,0,0,0,2.800006,20,0.2210983,0,0,0,0
11/13/2007 5:00:00 AM,0,0,-73.15468,90,0,0,0.1636692,0.1636692,3.668932,0,1.166618,0.1636692,0,0,0,0,0,0,0,3.505263,3.33,11.80586,0,3.33,0,3.33,5.959121,42.56506,0.2210977,0.1800361,0,5,0
11/13/2007 6:00:00 AM,0.03154365,0,-71.36671,90,0,0,0.6775922,0.6775922,4.182855,0,1.306919,0.6775922,0,0,0,0,0,0,0,3.505263,3.33,8.475861,2.997,3.33,0,3.33,9.118237,65.13013,0.221135,0.7453514,0,5,2.997
11/13/2007 7:00:00 AM,0.2491722,13.74421,-68.39305,73.09446,0.3013324,1.35238,1.436533,1.436533,4.607594,0,1.422873,1.436533,94.14191,0,0,0,1.35238,0,0,3.171062,3.012508,5.14586,5.994,4.364888,0,4.364888,13.25913,94.7079,0.221148,1.580186,1.081904,5,7.34638
11/13/2007 8:00:00 AM,0.5115107,27.30055,-63.76798,59.0272,0.5709947,2.562624,3.744145,3.744145,2.051575,0,0.7250801,3.744145,68.44351,0,0,0,2.562624,1.781652,1.692569,0,0,0.7809722,9.9224,0.7809722,0,0.7809722,14.00003,100,0.2211607,4.118559,2.050099,5,12.48502
11/13/2007 9:00:00 AM,0.6862286,40.1729,-56.44405,45.29942,0.7448922,3.343076,0,0,0,-1,0,0,0,3.343076,0,0,3.343076,0,0,0,0,0,10.62527,0,0,0,14.00003,100,0.2211607,0,2.674461,0,13.96835
11/13/2007 10:00:00 AM,0.9064289,51.64646,-44.25575,32.4091,0.9731779,4.367622,0,0,0,0,0,0,0,4.367622,0,0,4.367622,0,0,0,0,0,10.62527,0,0,0,14.00003,100,0.2211607,0,3.494098,0,14.9929
11/13/2007 11:00:00 AM,1.07904,60.05217,-23.59171,21.94304,1.152996,5.174646,3.214712,3.214712,1.25,0,0.50625,3.214712,160.9677,3.106529,0,0,5.174646,2.068118,1.964712,0,0,0,10.62527,0,0,0,14.00003,100,0.2211607,3.536183,4.139717,5,15.79992
11/13/2007 12:00:00 PM,1.02607,62.41677,5.833537,18.61891,1.094452,4.9119,0,0,0,0,0,0,0,4.9119,0,0,4.9119,0,0,0,0,0,10.62527,0,0,0,14.00003,100,0.2211607,0,3.92952,0,15.53717
11/13/2007 1:00:00 PM,1.080257,57.39656,32.65163,25.4188,1.156319,5.18956,2.821921,2.821921,0,0,0,2.821921,183.9017,2.219117,0,0,5.18956,2.970443,2.821921,0,0,0,10.62527,0,0,0,14.00003,100,0.2211607,3.104113,4.151649,0,15.81483
11/13/2007 2:00:00 PM,0.9199064,47.53722,49.65549,37.13831,0.9918887,4.451596,4.283349,3.33,0,-1,0,3.33,133.6816,0.9463332,0.9533492,1.381684,4.451596,3.505263,3.33,0,0,0,10.62527,0,0,0,14.00003,100,0.2211607,4.711684,3.561277,0,15.07687
11/13/2007 3:00:00 PM,0.6969868,35.40572,59.64286,50.44299,0.7636401,3.427217,0,0,0,-1,0,0,0,3.427217,0,0,3.427217,0,0,0,0,0,10.62527,0,0,0,14.00003,100,0.2211607,0,2.741773,0,14.05249
11/13/2007 4:00:00 PM,0.4204583,22.2192,65.76509,64.33449,0.4786004,2.147959,4.241884,3.33,0,-1,0,3.33,64.50327,4.440892E-16,0.911884,1.336072,2.147959,3.505263,3.33,0,0,0,10.62527,0,1.357304,-1.357304,12.5693,89.78056,0.2211607,4.666072,1.718367,0,12.77323
11/13/2007 5:00:00 PM,0.1299129,8.499089,69.68031,78.47022,0.165441,0.7424994,0.5331485,0.5331485,0,-1,0,0.5331485,139.2669,0,0,0,0.7424994,0.561209,0.5331485,0,0,1.508116,9.26797,0.1812904,0,0.1812904,12.74129,91.00904,0.221151,0.5864633,0.5939995,0,10.01047
11/13/2007 6:00:00 PM,0.001009069,0,72.17135,90,0,0,6.312088,3.33,0,-1,0,3.33,0,0,2.982088,3.613297,0,3.505263,3.33,0,0,1.326826,9.431131,0,3.505263,-3.505263,9.046419,64.61715,0.221151,6.943296,0,0,9.431131
11/13/2007 7:00:00 PM,0,0,73.55492,90,0,0,7.69258,3.33,0,-1,0,3.33,0,0,4.36258,5.131838,0,3.505263,3.33,0,0,5.221562,5.925868,0,3.505263,-3.505263,5.351547,38.22526,0.221151,8.461838,0,0,5.925868
11/13/2007 8:00:00 PM,0,0,73.80568,90,0,0,5.916801,2.299575,0,-1,0,2.299575,0,0,3.617226,4.208906,0,2.420605,2.299575,0,0,9.1163,2.420605,0,2.420605,-2.420605,2.800006,20,0.221151,6.508481,0,0,2.420605
11/13/2007 9:00:00 PM,0,0,72.40694,90,0,0,0,0,0,-1,0,0,0,0,0,0,0,0,0,0,0,11.80586,4.213E-16,0,0,0,2.800006,20,0.221151,0,0,0,4.213E-16
11/13/2007 10:00:00 PM,0,0,67.44728,90,0,0,1.070433,4.00235E-16,0,-1,0,4.00235E-16,0,0,1.070433,1.177476,0,4.213E-16,4.00235E-16,0,0,11.80586,4.213E-16,0,4.213E-16,0,2.800006,20,0.221151,1.177476,0,0,4.213E-16
11/13/2007 11:00:00 PM,0,0,50.1464,90,0,0,0.2840912,4.00235E-16,0,-1,0,4.00235E-16,0,0,0.2840912,0.3125003,0,4.213E-16,4.00235E-16,0,0,11.80586,4.213E-16,0,4.213E-16,0,2.800006,20,0.221151,0.3125003,0,0,4.213E-16
11/14/2007 12:00:00 AM,0,0,-15.44397,90,0,0,0,0,0,-1,0,0,0,0,0,0,0,0,0,0,0,11.80586,4.213E-16,0,0,0,2.800006,20,0.221151,0,0,0,4.213E-16
11/14/2007 1:00:00 AM,0,0,-58.89315,90,0,0,0.6792967,4.00235E-16,0,-1,0,4.00235E-16,0,0,0.6792967,0.7472264,0,4.213E-16,4.00235E-16,0,0,11.80586,4.213E-16,0,4.213E-16,0,2.800006,20,0.221151,0.7472264,0,0,4.213E-16
11/14/2007 2:00:00 AM,0,0,-69.55233,90,0,0,0.3216603,4.00235E-16,0,-1,0,4.00235E-16,0,0,0.3216603,0.3538263,0,4.213E-16,4.00235E-16,0,0,11.80586,4.213E-16,0,4.213E-16,0,2.800006,20,0.221151,0.3538263,0,0,4.213E-16
11/14/2007 3:00:00 AM,0,0,-72.86131,90,0,0,0.3312612,4.00235E-16,0,-1,0,4.00235E-16,0,0,0.3312612,0.3643873,0,4.213E-16,4.00235E-16,0,0,11.80586,4.213E-16,0,4.213E-16,0,2.800006,20,0.221151,0.3643873,0,0,4.213E-16
11/14/2007 4:00:00 AM,0,0,-73.5807,90,0,0,0.2860897,4.00235E-16,0,-1,0,4.00235E-16,0,0,0.2860897,0.3146987,0,4.213E-16,4.00235E-16,0,0,11.80586,4.213E-16,0,4.213E-16,0,2.800006,20,0.221151,0.3146987,0,0,4.213E-16
11/14/2007 5:00:00 AM,0,0,-72.90378,90,0,0,0,0,0,0,0,0,0,0,0,0,0,0,0,0,0,11.80586,4.213E-16,0,0,0,2.800006,20,0.221151,0,0,0,4.213E-16
11/14/2007 6:00:00 AM,0.02637859,0,-71.12886,90,0,0,1.097144,1.097144,4.602407,0,1.421457,1.097144,0,0,0,0,0,0,0,3.505263,3.33,11.80586,4.213E-16,3.33,0,3.33,5.959121,42.56506,0.2212191,1.206858,0,5,4.213E-16
11/14/2007 7:00:00 AM,0.2426907,13.64778,-68.15619,73.15469,0.2939133,1.319083,0,0,3.505263,0,1.121937,0,0,0,0,0,1.319083,0,0,3.505263,3.33,8.475861,2.997,4.649083,0,4.649083,10.36963,74.06863,0.2211355,0,1.055266,5,4.316083
11/14/2007 8:00:00 AM,0.5270498,27.17897,-63.52291,59.11141,0.5895328,2.645823,4.214555,4.214555,5,0,1.53,4.214555,62.77823,0,0,0,2.645823,0,0,0.7854449,0.7461726,3.826777,7.181175,3.391996,0,3.391996,13.58756,97.05379,0.2211963,4.636011,2.116658,5,9.826998
11/14/2007 9:00:00 AM,0.7681585,40.0191,-56.18719,45.41452,0.8359994,3.751966,3.146173,3.146173,0,-1,0,3.146173,119.2549,0.005422853,0,0.1307904,3.751966,3.311761,3.146173,0,0,0.4347814,10.23397,0.4347814,0,0.4347814,14.00003,100,0.221173,3.46079,3.001572,0,13.98594
11/14/2007 10:00:00 AM,0.8115786,51.45079,-44.00676,32.56916,0.8705289,3.906934,0.447439,0.447439,0,0,0,0.447439,873.1769,3.435946,0,0,3.906934,0.4709884,0.447439,0,0,0,10.62527,0,0,0,14.00003,100,0.221173,0.4921829,3.125547,0,14.53221
11/14/2007 11:00:00 AM,1.097653,59.81283,-23.45092,22.16726,1.174024,5.26902,2.920628,2.920628,0,0,0,2.920628,180.4071,2.194674,0,0,5.26902,3.074345,2.920628,0,0,0,10.62527,0,0,0,14.00003,100,0.221173,3.212691,4.215216,0,15.89429
11/14/2007 12:00:00 PM,1.134177,62.17482,5.702289,18.85756,1.211748,5.438323,2.584981,2.584981,0,0,0,2.584981,210.3815,2.71729,0,0,5.438323,2.721033,2.584981,0,0,0,10.62527,0,0,0,14.00003,100,0.221173,2.843479,4.350658,0,16.0636
11/14/2007 1:00:00 PM,1.0776,57.21165,32.34148,25.56729,1.154396,5.180928,4.392429,4.392429,1.25,0,0.50625,4.392429,117.9513,1.873108,0,0,5.180928,3.30782,3.142429,0,0,0,10.62527,0,0,0,14.00003,100,0.221173,4.831672,4.144742,5,15.8062
11/14/2007 2:00:00 PM,0.9316573,47.41445,49.3341,37.21575,1.005611,4.51318,0.8884588,0.8884588,0,-1,0,0.8884588,507.9785,3.57796,0,0,4.51318,0.9352198,0.8884588,0,0,0,10.62527,0,0,0,14.00003,100,0.221173,0.9773048,3.610544,0,15.13845
11/14/2007 3:00:00 PM,0.6639677,35.32856,59.35188,50.47734,0.7278934,3.266785,2.395593,2.395593,0,-1,0,2.395593,136.3665,0.7451085,0,0,3.266785,2.521677,2.395593,0,0,0,10.62527,0,0,0,14.00003,100,0.221173,2.635152,2.613428,0,13.89206
11/14/2007 4:00:00 PM,0.4082721,22.17483,65.49989,64.33933,0.465233,2.087966,3.015955,3.015955,0,-1,0,3.015955,69.23065,0,0,0,2.087966,3.17469,3.015955,0,0,0,10.62527,0,1.086724,-1.086724,12.85452,91.81782,0.221173,3.317551,1.670373,0,12.71324
11/14/2007 5:00:00 PM,0.1373161,8.479945,69.42877,78.4518,0.1787256,0.8021204,0.7628152,0.7628152,0,-1,0,0.7628152,105.1527,0,0,0,0.8021204,0.8029634,0.7628152,0,0,1.207471,9.53855,0,0.0008429498,-0.0008429498,12.85363,91.81147,0.221173,0.8390967,0.6416963,0,10.34067
11/14/2007 6:00:00 PM,0.001061132,0,71.92068,90,0,0,0,0,0,-1,0,0,0,0,0,0,0,0,0,0,0,1.208408,9.537707,0,0,0,12.85363,91.81147,0.221173,0,0,0,9.537707
11/14/2007 7:00:00 PM,0,0,73.29094,90,0,0,3.570979,3.33,0,-1,0,3.33,0,0,0.2409787,0.5980766,0,3.505263,3.33,0,0,1.208408,9.537707,0,3.505263,-3.505263,9.15876,65.41958,0.221173,3.928077,0,0,9.537707
11/14/2007 8:00:00 PM,0,0,73.50939,90,0,0,2.754814,2.754814,0,-1,0,2.754814,0,0,4.440892E-16,0,0,2.899805,2.754814,0,0,5.103145,6.032444,0,2.899805,-2.899805,6.102098,43.58632,0.221173,3.030296,0,0,6.032444
11/14/2007 9:00:00 PM,0,0,72.04704,90,0,0,0,0,0,-1,0,0,0,0,0,0,0,0,0,0,0,8.32515,3.132639,0,0,0,6.102098,43.58632,0.221173,0,0,0,3.132639
11/14/2007 10:00:00 PM,0,0,66.9632,90,0,0,0.8645154,0.8645154,0,-1,0,0.8645154,0,0,1.110223E-16,0,0,0.9100162,0.8645154,0,0,8.32515,3.132639,0,0.9100162,-0.9100162,5.142856,36.73461,0.221173,0.950967,0,0,3.132639
11/14/2007 11:00:00 PM,0,0,49.47721,90,0,0,0.1731552,0.1731552,0,-1,0,0.1731552,0,0,0,0,0,0.1822686,0.1731552,0,0,9.336279,2.222623,0,0.1822686,-0.1822686,4.950728,35.36227,0.221173,0.1904707,0,0,2.222623
11/15/2007 12:00:00 AM,0,0,-14.86002,90,0,0,0.4953499,0.4953499,0,-1,0,0.4953499,0,0,0,0,0,0.5214209,0.4953499,0,0,9.538799,2.040354,0,0.5214209,-0.5214209,4.401102,31.43638,0.221173,0.5448849,0,0,2.040354
11/15/2007 1:00:00 AM,0,0,-58.20749,90,0,0,0,0,0,-1,0,0,0,0,0,0,0,0,0,0,0,10.11816,1.518934,0,0,0,4.401102,31.43638,0.221173,0,0,0,1.518934
11/15/2007 2:00:00 AM,0,0,-69.10692,90,0,0,2.190322,1.442987,0,-1,0,1.442987,0,0,0.7473349,0.9663671,0,1.518934,1.442987,0,0,10.11816,1.518934,0,1.518934,-1.518934,2.800006,20,0.221173,2.409354,0,0,1.518934
11/15/2007 3:00:00 AM,0,0,-72.52916,90,0,0,1.141623,0,0,-1,0,0,0,0,1.141623,1.255785,0,0,0,0,0,11.80586,0,0,0,0,2.800006,20,0.221173,1.255785,0,0,0
11/15/2007 4:00:00 AM,0,0,-73.30592,90,0,0,0.4931807,0,0,-1,0,0,0,0,0.4931807,0.5424988,0,0,0,0,0,11.80586,0,0,0,0,2.800006,20,0.221173,0.5424988,0,0,0
11/15/2007 5:00:00 AM,0,0,-72.6587,90,0,0,0.8866796,0.8866796,4.391943,0,1.364,0.8866796,0,4.440892E-16,0,0,0,0,0,3.505263,3.33,11.80586,0,3.33,0,3.33,5.959121,42.56506,0.2212255,0.9753475,0,5,0
11/15/2007 6:00:00 AM,0.02607825,0,-70.89695,90,0,0,0.03598851,0.03598851,3.541252,0,1.131762,0.03598851,0,0,0,0,0,0,0,3.505263,3.33,8.475861,2.997,3.33,0,3.33,9.118237,65.13013,0.2212154,0.03958736,0,5,2.997
11/15/2007 7:00:00 AM,0.2566195,13.5496,-67.9258,73.21767,0.313113,1.405251,6.010264,6.010264,5,0,1.53,6.010264,23.38085,0,0,0,1.405251,1.063436,1.010265,0,0,5.14586,5.994,0.3418146,0,0.3418146,9.442511,67.44637,0.2212209,6.611291,1.124201,5,7.399251
11/15/2007 8:00:00 AM,0.5385667,27.05613,-63.28539,59.19802,0.6035746,2.708843,4.283478,4.283478,5,0,1.53,4.283478,63.23933,-1.110223E-16,0,0,2.708843,0,0,0.716522,0.6806958,4.804046,6.301633,3.389539,0,3.389539,12.65811,90.41488,0.2212809,4.711826,2.167074,5,9.010476
11/15/2007 9:00:00 AM,0.6921954,39.86491,-55.9397,45.53146,0.7532753,3.3807,1.281506,1.281506,0,-1,0,1.281506,263.8069,0.6172393,0,0,3.3807,1.348953,1.281506,0,0,1.414507,9.352218,1.414507,0,1.414507,14.00003,100,0.2212052,1.409656,2.70456,0,12.73292
11/15/2007 10:00:00 AM,0.8528639,51.25624,-43.76962,32.72983,0.9168248,4.11471,2.042448,2.042448,0,0,0,2.042448,201.4597,1.964764,0,0,4.11471,2.149946,2.042448,0,0,0,10.62527,0,0,0,14.00003,100,0.2212052,2.246693,3.291768,0,14.73998
11/15/2007 11:00:00 AM,0.9263093,59.57712,-23.32208,22.38907,0.9899759,4.443012,0.2680143,0.2680143,0,0,0,0.2680143,1657.752,4.160892,0,0,4.443012,0.2821203,0.2680143,0,0,0,10.62527,0,0,0,14.00003,100,0.2212052,0.2948157,3.55441,0,15.06829
11/15/2007 12:00:00 PM,0.966293,61.93856,5.567929,19.09057,1.031788,4.630662,1.450302,1.450302,0,0,0,1.450302,319.2896,3.104029,0,0,4.630662,1.526634,1.450302,0,0,0,10.62527,0,0,0,14.00003,100,0.2212052,1.595332,3.70453,0,15.25594
11/15/2007 1:00:00 PM,0.8438275,57.03226,32.03543,25.71119,0.9010425,4.043879,0,0,0,0,0,0,0,4.043879,0,0,4.043879,0,0,0,0,0,10.62527,0,0,0,14.00003,100,0.2212052,0,3.235103,0,14.66915
11/15/2007 2:00:00 PM,0.789517,47.29657,49.01789,37.2893,0.851465,3.821375,1.091776,1.091776,0,-1,0,1.091776,350.0145,2.672137,0,0,3.821375,1.149238,1.091776,0,0,0,10.62527,0,0,0,14.00003,100,0.2212052,1.200954,3.0571,0,14.44665
11/15/2007 3:00:00 PM,0.6086502,35.25586,59.06586,50.50811,0.6669382,2.993219,0,0,0,-1,0,0,0,2.993219,0,0,2.993219,0,0,0,0,0,10.62527,0,0,0,14.00003,100,0.2212052,0,2.394575,0,13.61849
11/15/2007 4:00:00 PM,0.4123472,22.13466,65.23949,64.34082,0.4707641,2.112789,2.487711,2.487711,0,-1,0,2.487711,84.92905,0,0,0,2.112789,2.618643,2.487711,0,0,0,10.62527,0,0.505854,-0.505854,13.46681,96.19131,0.2212052,2.736482,1.690231,0,12.73806
11/15/2007 5:00:00 PM,0.1553573,8.464794,69.18204,78.4302,0.2080524,0.9337393,5.131514,3.33,0,-1,0,3.33,28.04022,0,1.801514,2.314666,0.9337393,3.505263,3.33,0,0,0.5620599,10.11942,0,2.571524,-2.571524,10.75619,76.82975,0.2212052,5.644666,0.7469915,0,11.05316
11/15/2007 6:00:00 PM,0.001248438,0,71.67512,90,0,0,6.298553,3.33,0,-1,0,3.33,0,0,2.968553,3.598408,0,3.505263,3.33,0,0,3.419309,7.547896,0,3.505263,-3.505263,7.061315,50.43787,0.2212052,6.928408,0,0,7.547896
11/15/2007 7:00:00 PM,0,0,73.03272,90,0,0,4.182816,3.33,0,-1,0,3.33,0,0,0.8528159,1.271097,0,3.505263,3.33,0,0,7.314045,4.042633,0,3.505263,-3.505263,3.366443,24.04598,0.2212052,4.601098,0,0,4.042633
11/15/2007 8:00:00 PM,0,0,73.22015,90,0,0,1.479782,0.5105016,0,-1,0,0.5105016,0,0,0.9692807,1.117259,0,0.53737,0.5105016,0,0,11.20878,0.53737,0,0.53737,-0.53737,2.800006,20,0.2212052,1.62776,0,0,0.53737
11/15/2007 9:00:00 PM,0,0,71.69683,90,0,0,3.575939,0,0,-1,0,0,0,0,3.575939,3.933532,0,0,0,0,0,11.80586,0,0,0,0,2.800006,20,0.2212052,3.933532,0,0,0
11/15/2007 10:00:00 PM,0,0,66.49545,90,0,0,0.54127,0,0,-1,0,0,0,0,0.54127,0.595397,0,0,0,0,0,11.80586,0,0,0,0,2.800006,20,0.2212052,0.595397,0,0,0
11/15/2007 11:00:00 PM,0,0,48.84647,90,0,0,0,0,0,-1,0,0,0,0,0,0,0,0,0,0,0,11.80586,0,0,0,0,2.800006,20,0.2212052,0,0,0,0
11/16/2007 12:00:00 AM,0,0,-14.29272,90,0,0,0,0,0,-1,0,0,0,0,0,0,0,0,0,0,0,11.80586,0,0,0,0,2.800006,20,0.2212052,0,0,0,0
11/16/2007 1:00:00 AM,0,0,-57.53728,90,0,0,0.4983728,0,0,-1,0,0,0,0,0.4983728,0.5482101,0,0,0,0,0,11.80586,0,0,0,0,2.800006,20,0.2212052,0.5482101,0,0,0
11/16/2007 2:00:00 AM,0,0,-68.67058,90,0,0,1.136349,0,0,-1,0,0,0,0,1.136349,1.249983,0,0,0,0,0,11.80586,0,0,0,0,2.800006,20,0.2212052,1.249983,0,0,0
11/16/2007 3:00:00 AM,0,0,-72.20404,90,0,0,0.8166695,0,0,-1,0,0,0,0,0.8166695,0.8983365,0,0,0,0,0,11.80586,0,0,0,0,2.800006,20,0.2212052,0.8983365,0,0,0
11/16/2007 4:00:00 AM,0,0,-73.03732,90,0,0,0.8246972,0,0,-1,0,0,0,0,0.8246972,0.907167,0,0,0,0,0,11.80586,0,0,0,0,2.800006,20,0.2212052,0.907167,0,0,0
11/16/2007 5:00:00 AM,0,0,-72.4195,90,0,0,1.151389,1.151389,4.656652,0,1.436266,1.151389,0,0,0,0,0,0,0,3.505263,3.33,11.80586,0,3.33,0,3.33,5.959121,42.56506,0.221277,1.266528,0,5,0
11/16/2007 6:00:00 AM,0.02790311,0,-70.67104,90,0,0,0,0,3.505263,0,1.121937,0,0,0,0,0,0,0,0,3.505263,3.33,8.475861,2.997,3.33,0,3.33,9.118237,65.13013,0.2212642,0,0,5,2.997
11/16/2007 7:00:00 AM,0.213752,13.44974,-67.70195,73.28333,0.2556415,1.147319,5.088999,5.088999,5,0,1.53,5.088999,22.54508,0,0,0,1.147319,0.09368333,0.08899917,0,0,5.14586,5.994,1.053636,0,1.053636,10.1178,72.26987,0.2212812,5.597899,0.9178553,5,7.141319
11/16/2007 8:00:00 AM,0.3891049,26.93215,-63.05545,59.28695,0.4259629,1.911721,2.965228,2.965228,4.680456,0,1.442764,2.965228,64.47131,0,0,0,1.911721,0,0,1.715228,1.629466,4.092225,6.942272,3.541188,0,3.541188,13.47727,96.26601,0.2213432,3.261751,1.529377,5,8.853993
11/16/2007 9:00:00 AM,0.4961711,39.71043,-55.70155,45.65009,0.5237926,2.350781,1.296822,1.296822,0,-1,0,1.296822,181.2725,0.4346688,0,0,2.350781,1.365076,1.296822,0,0,0.5510366,10.12934,0.5510366,0,0.5510366,14.00003,100,0.2213138,1.426504,1.880625,0,12.48012
11/16/2007 10:00:00 AM,0.6248696,51.06295,-43.54418,32.89094,0.6567436,2.947465,0,0,0,0,0,0,0,2.947465,0,0,2.947465,0,0,0,0,0,10.62527,0,0,0,14.00003,100,0.2213138,0,2.357972,0,13.57274
11/16/2007 11:00:00 AM,0.9177728,59.34517,-23.20488,22.60831,0.9814358,4.404684,4.560112,4.560112,1.25,0,0.50625,4.560112,96.59158,0.9203556,0,0,4.404684,3.484328,3.310112,0,0,0,10.62527,0,0,0,14.00003,100,0.2213138,5.016123,3.523747,5,15.02996
11/16/2007 12:00:00 PM,0.9356279,61.70804,5.430548,19.31789,0.9992067,4.48444,1.907855,1.907855,0,0,0,1.907855,235.0514,2.476172,0,0,4.48444,2.008268,1.907855,0,0,0,10.62527,0,0,0,14.00003,100,0.2213138,2.09864,3.587552,0,15.10971
11/16/2007 1:00:00 PM,0.7579277,56.85845,31.7334,25.85041,0.8038986,3.607897,2.334216,2.334216,0,0,0,2.334216,154.5657,1.150828,0,0,3.607897,2.457069,2.334216,0,0,0,10.62527,0,0,0,14.00003,100,0.2213138,2.567637,2.886318,0,14.23317
11/16/2007 2:00:00 PM,0.6442461,47.18362,48.70686,37.35889,0.6858012,3.077876,0.2937588,0.2937588,0,-1,0,0.2937588,1047.756,2.768656,0,0,3.077876,0.3092198,0.2937588,0,0,0,10.62527,0,0,0,14.00003,100,0.2213138,0.3231347,2.462301,0,13.70315
11/16/2007 3:00:00 PM,0.5526174,35.18767,58.78485,50.53527,0.6023882,2.703518,5.025672,3.33,0,-1,0,3.33,81.18674,0,1.695672,2.198239,2.703518,3.505263,3.33,0,0,0,10.62527,0,0.8017449,-0.8017449,13.15491,93.96349,0.2213138,5.528239,2.162815,0,13.32879
11/16/2007 4:00:00 PM,0.3597593,22.09869,64.98392,64.33894,0.4070766,1.82696,0,0,0,-1,0,0,0,0.9361321,0,0,1.82696,0,0,0,0,0.8908276,9.823529,0.8908276,0,0.8908276,14.00003,100,0.2212663,0,1.461568,0,11.65049
11/16/2007 5:00:00 PM,0.1279207,8.453623,68.94019,78.40544,0.1636828,0.7346082,2.21595,2.21595,0,-1,0,2.21595,33.15094,0,0,0,0.7346082,2.332579,2.21595,0,0,0,10.62527,0,1.597971,-1.597971,12.31562,87.96853,0.2212663,2.437545,0.5876866,0,11.35988
11/16/2007 6:00:00 PM,0.0009813929,0,71.43472,90,0,0,0.9792329,0.9792329,0,-1,0,0.9792329,0,0,2.220446E-16,0,0,1.030771,0.9792329,0,0,1.775523,9.027304,0,1.030771,-1.030771,11.22909,80.20763,0.2212663,1.077156,0,0,9.027304
11/16/2007 7:00:00 PM,0,0,72.78035,90,0,0,2.6487,2.6487,0,-1,0,2.6487,0,0,0,0,0,2.788105,2.6487,0,0,2.920825,7.996532,0,2.788105,-2.788105,8.29017,59.21538,0.2212663,2.91357,0,0,7.996532
11/16/2007 8:00:00 PM,0,0,72.93806,90,0,0,0,0,0,-1,0,0,0,0,0,0,0,0,0,0,0,6.018719,5.208427,0,0,0,8.29017,59.21538,0.2212663,0,0,0,5.208427
11/16/2007 9:00:00 PM,0,0,71.35645,90,0,0,0,0,0,-1,0,0,0,0,0,0,0,0,0,0,0,6.018719,5.208427,0,0,0,8.29017,59.21538,0.2212663,0,0,0,5.208427
11/16/2007 10:00:00 PM,0,0,66.04408,90,0,0,0.7383952,0.7383952,0,-1,0,0.7383952,0,0,1.110223E-16,0,0,0.777258,0.7383952,0,0,6.018719,5.208427,0,0.777258,-0.777258,7.470868,53.36324,0.2212663,0.8122346,0,0,5.208427
11/16/2007 11:00:00 PM,0,0,48.253,90,0,0,0,0,0,-1,0,0,0,0,0,0,0,0,0,0,0,6.882339,4.431169,0,0,0,7.470868,53.36324,0.2212663,0,0,0,4.431169
11/17/2007 12:00:00 AM,0,0,-13.74048,90,0,0,0.2201368,0.2201368,0,-1,0,0.2201368,0,0,2.775558E-17,0,0,0.231723,0.2201368,0,0,6.882339,4.431169,0,0.231723,-0.231723,7.22661,51.61854,0.2212663,0.2421505,0,0,4.431169
11/17/2007 1:00:00 AM,0,0,-56.88227,90,0,0,1.15217,1.15217,0,-1,0,1.15217,0,0,0,0,0,1.212811,1.15217,0,0,7.139809,4.199446,0,1.212811,-1.212811,5.948195,42.48703,0.2212663,1.267387,0,0,4.199446
11/17/2007 2:00:00 AM,0,0,-68.24335,90,0,0,1.101193,1.101193,0,-1,0,1.101193,0,0,0,0,0,1.15915,1.101193,0,0,8.487376,2.986635,0,1.15915,-1.15915,4.726344,33.75953,0.2212663,1.211312,0,0,2.986635
11/17/2007 3:00:00 AM,0,0,-71.88601,90,0,0,0.748805,0.748805,0,-1,0,0.748805,0,0,1.110223E-16,0,0,0.7882158,0.748805,0,0,9.775321,1.827485,0,0.7882158,-0.7882158,3.895492,27.82488,0.2212663,0.8236855,0,0,1.827485
11/17/2007 4:00:00 AM,0,0,-72.77495,90,0,0,0.7677991,0.7677991,0,-1,0,0.7677991,0,0,1.110223E-16,0,0,0.8082096,0.7677991,0,0,10.65112,1.039269,0,0.8082096,-0.8082096,3.043564,21.7397,0.2212663,0.844579,0,0,1.039269
11/17/2007 5:00:00 AM,0,0,-72.18625,90,0,0,0,0,0,0,0,0,0,0,0,0,0,0,0,0,0,11.54913,0.2310597,0,0,0,3.043564,21.7397,0.2212663,0,0,0,0.2310597
11/17/2007 6:00:00 AM,0.01854782,0,-70.45119,90,0,0,0.3601035,0.3601035,3.865367,0,1.220245,0.3601035,0,0,0,0,0,0,0,3.505263,3.33,11.54913,0.2310597,3.33,0,3.33,6.202679,44.30476,0.2212799,0.3961139,0,5,0.2310597
11/17/2007 7:00:00 AM,0.2113626,13.34829,-67.48468,73.35159,0.2532896,1.136764,5.653107,5.653107,5,0,1.53,5.653107,20.10865,0,0,0,1.136764,0.687481,0.653107,0,0,8.219128,3.22806,0.4492825,0,0.4492825,6.628906,47.34924,0.2212871,6.218418,0.9094108,5,4.364823
11/17/2007 8:00:00 AM,0.3883465,26.80713,-62.83312,59.37807,0.4257992,1.910987,1.662758,1.662758,4.964826,0,1.520398,1.662758,114.9287,0,0,0,1.910987,0,0,3.302068,3.136964,7.769845,3.632414,5.047951,0,5.047951,11.41781,81.55564,0.2212895,1.829034,1.528789,5,5.543401
11/17/2007 9:00:00 AM,0.6864524,39.55581,-55.47273,45.77028,0.748555,3.359515,3.37398,3.33,0,-1,0,3.33,100.8863,0,0.04398026,0.3813783,3.359515,3.505263,3.33,0,0,2.721894,8.17557,0,0.1457483,-0.1457483,11.26418,80.45827,0.2212895,3.711378,2.687612,0,11.53508
11/17/2007 10:00:00 AM,0.8670411,50.87107,-43.33029,33.0523,0.9338281,4.19102,1.197102,1.197102,0,0,0,1.197102,350.0972,0.04707664,0,0,4.19102,1.260108,1.197102,0,0,2.883836,8.029821,2.883836,0,2.883836,14.00003,100,0.221136,1.316812,3.352816,0,12.22084
11/17/2007 11:00:00 AM,0.9116362,59.11707,-23.09901,22.82482,0.9754798,4.377953,1.638847,1.638847,0,0,0,1.638847,267.1362,2.652851,0,0,4.377953,1.725102,1.638847,0,0,0,10.62527,0,0,0,14.00003,100,0.221136,1.802732,3.502362,0,15.00323
11/17/2007 12:00:00 PM,0.88009,61.4833,5.290233,19.53946,0.938427,4.21166,5.640281,5.640281,2.310282,0,0.7957068,5.640281,74.6711,0.7063973,0,0,4.21166,3.505263,3.33,0,0,0,10.62527,0,0,0,14.00003,100,0.221136,6.204309,3.369328,5,14.83694
11/17/2007 1:00:00 PM,0.6993575,56.69025,31.43533,25.98487,0.7364788,3.305317,0,0,0,0,0,0,0,3.305317,0,0,3.305317,0,0,0,0,0,10.62527,0,0,0,14.00003,100,0.221136,0,2.644253,0,13.93059
11/17/2007 2:00:00 PM,0.6585227,47.07566,48.40097,37.42448,0.7031832,3.155886,3.240133,3.240133,0,-1,0,3.240133,97.3999,0,0,0.2341464,3.155886,3.410666,3.240133,0,0,0,10.62527,0,0.2547799,-0.2547799,13.73147,98.0817,0.221136,3.564146,2.524709,0,13.78116
11/17/2007 3:00:00 PM,0.5459841,35.124,58.50888,50.5588,0.5951076,2.670843,0.4249433,0.4249433,0,-1,0,0.4249433,628.5175,1.940445,0,0,2.670843,0.4473088,0.4249433,0,0,0.2830888,10.37049,0.2830888,0,0.2830888,14.00003,100,0.221121,0.4674377,2.136674,0,13.04134
11/17/2007 4:00:00 PM,0.3234839,22.06692,64.73325,64.33368,0.3603431,1.61722,1.06893,1.06893,0,-1,0,1.06893,151.2933,0.49203,0,0,1.61722,1.12519,1.06893,0,0,0,10.62527,0,0,0,14.00003,100,0.221121,1.175823,1.293776,0,12.24249
11/17/2007 5:00:00 PM,0.1051923,8.446412,68.70329,78.37756,0.1241477,0.557175,0.573106,0.573106,0,-1,0,0.573106,97.22025,0,0,0,0.557175,0.6032695,0.573106,0,0,0,10.62527,0,0.04609439,-0.04609439,13.95144,99.65295,0.221121,0.6304166,0.44574,0,11.18245
11/17/2007 6:00:00 PM,0.0006714027,0,71.19958,90,0,0,4.052856,3.33,0,-1,0,3.33,0,0,0.7228566,1.128142,0,3.505263,3.33,0,0,0.05121599,10.57918,0,3.505263,-3.505263,10.25657,73.26105,0.221121,4.458142,0,0,10.57918
11/17/2007 7:00:00 PM,0,0,72.53391,90,0,0,5.462553,3.33,0,-1,0,3.33,0,0,2.132553,2.678808,0,3.505263,3.33,0,0,3.945953,7.073916,0,3.505263,-3.505263,6.561697,46.86917,0.221121,6.008809,0,0,7.073916
11/17/2007 8:00:00 PM,0,0,72.66322,90,0,0,0.446361,0.446361,0,-1,0,0.446361,0,0,5.551115E-17,0,0,0.4698537,0.446361,0,0,7.84069,3.568654,0,0.4698537,-0.4698537,6.066427,43.33154,0.221121,0.4909971,0,0,3.568654
11/17/2007 9:00:00 PM,0,0,71.02599,90,0,0,0.5792038,0.5792038,0,-1,0,0.5792038,0,0,1.110223E-16,0,0,0.6096882,0.5792038,0,0,8.362749,3.0988,0,0.6096882,-0.6096882,5.423759,38.74106,0.221121,0.6371242,0,0,3.0988
11/17/2007 10:00:00 PM,0,0,65.60911,90,0,0,0.8976576,0.8976576,0,-1,0,0.8976576,0,0,1.110223E-16,0,0,0.9449027,0.8976576,0,0,9.040181,2.489112,0,0.9449027,-0.9449027,4.427745,31.62668,0.221121,0.9874234,0,0,2.489112
11/17/2007 11:00:00 PM,0,0,47.69564,90,0,0,0,0,0,-1,0,0,0,0,0,0,0,0,0,0,0,10.09007,1.544209,0,0,0,4.427745,31.62668,0.221121,0,0,0,1.544209
11/18/2007 12:00:00 AM,0,0,-13.2019,90,0,0,0,0,0,-1,0,0,0,0,0,0,0,0,0,0,0,10.09007,1.544209,0,0,0,4.427745,31.62668,0.221121,0,0,0,1.544209
11/18/2007 1:00:00 AM,0,0,-56.24216,90,0,0,0.6040614,0.6040614,0,-1,0,0.6040614,0,0,1.110223E-16,0,0,0.6358541,0.6040614,0,0,10.09007,1.544209,0,0.6358541,-0.6358541,3.757496,26.8392,0.221121,0.6644675,0,0,1.544209
11/18/2007 2:00:00 AM,0,0,-67.82523,90,0,0,0.1531138,0.1531138,0,-1,0,0.1531138,0,0,2.775558E-17,0,0,0.1611724,0.1531138,0,0,10.79658,0.9083548,0,0.1611724,-0.1611724,3.587605,25.6257,0.221121,0.1684252,0,0,0.9083548
11/18/2007 3:00:00 AM,0,0,-71.57511,90,0,0,0.3960621,0.3960621,0,-1,0,0.3960621,0,0,5.551115E-17,0,0,0.4169075,0.3960621,0,0,10.97566,0.7471824,0,0.4169075,-0.4169075,3.148146,22.48671,0.221121,0.4356683,0,0,0.7471824
11/18/2007 4:00:00 AM,0,0,-72.51887,90,0,0,0.5079163,0.3137611,0,-1,0,0.3137611,0,0,0.1941552,0.2449468,0,0.3302749,0.3137611,0,0,11.43889,0.3302749,0,0.3302749,-0.3302749,2.800006,20,0.221121,0.558708,0,0,0.3302749
11/18/2007 5:00:00 AM,0,0,-71.95901,90,0,0,0,0,0,0,0,0,0,0,0,0,0,0,0,0,0,11.80586,0,0,0,0,2.800006,20,0.221121,0,0,0,0
11/18/2007 6:00:00 AM,0.0132644,0,-70.23747,90,0,0,0.2584062,0.2584062,3.763669,0,1.192482,0.2584062,0,0,0,0,0,0,0,3.505263,3.33,11.80586,0,3.33,0,3.33,5.959121,42.56506,0.2211273,0.2842468,0,5,0
11/18/2007 7:00:00 AM,0.170614,13.24532,-67.27404,73.42237,0.1930813,0.8665489,0,0,3.505263,0,1.121937,0,0,0,0,0,0.8665489,0,0,3.505263,3.33,8.475861,2.997,4.196549,0,4.196549,9.940317,71.00212,0.2210687,0,0.6932392,5,3.863549
11/18/2007 8:00:00 AM,0.1516028,26.68116,-62.61843,59.4713,0.1514861,0.6798696,0.6281645,0.6281645,4.133428,0,1.293426,0.6281645,108.2311,0,0,0,0.6798696,0,0,3.505263,3.33,4.279311,6.773894,4.00987,0,4.00987,13.74441,98.17419,0.2210659,0.6909809,0.5438957,5,7.453763
11/18/2007 9:00:00 AM,0.3767376,39.40116,-55.25322,45.89188,0.3852925,1.729193,2.94902,2.94902,0,-1,0,2.94902,58.63619,0,0,0,1.729193,3.104231,2.94902,0,0,0.2694417,10.38278,0,1.375038,-1.375038,12.295,87.82122,0.2210659,3.243922,1.383354,0,12.11197
11/18/2007 10:00:00 AM,0.4318305,50.68072,-43.12782,33.21374,0.4378446,1.965046,4.148135,4.148135,3.98874,0,1.253926,4.148135,47.3718,2.220446E-16,0,0,1.965046,0.1677843,0.1593951,0,0,1.797262,9.007738,1.797262,0,1.797262,14.00003,100,0.2210948,4.562949,1.572037,5,10.97278
11/18/2007 11:00:00 AM,0.1200515,58.89292,-23.00418,23.03845,0.1195582,0.5365773,5.399686,5.399686,4.889937,0,1.499953,5.399686,9.937196,2.220446E-16,0,0,0.5365773,0.5365773,0.5097485,0,0,0,10.62527,0,0,0,14.00003,100,0.2210948,5.939654,0.4292619,5,11.16185
11/18/2007 12:00:00 PM,0.6243891,61.26439,5.14707,19.75526,0.6452384,2.89583,6.489604,6.489604,3.738566,0,1.185628,6.489604,44.6226,0,0,0,2.89583,2.89583,2.751038,0,0,0,10.62527,0,0,0,14.00003,100,0.2210948,7.138565,2.316664,5,13.5211
11/18/2007 1:00:00 PM,0.3558902,56.52774,31.14114,26.1145,0.3562655,1.598919,3.291291,3.291291,1.772317,0,0.6488426,3.291291,48.58032,0,0,0,1.598919,1.598919,1.518973,0,0,0,10.62527,0,0,0,14.00003,100,0.2210948,3.62042,1.279135,5,12.22419
11/18/2007 2:00:00 PM,0.3149435,46.97273,48.10023,37.486,0.3155658,1.416259,3.27863,3.27863,0,-1,0,3.27863,43.19669,0,4.440892E-16,0.2764924,1.416259,3.451189,3.27863,0,0,0,10.62527,0,2.03493,-2.03493,11.85502,84.67857,0.2210948,3.606493,1.133008,0,12.04153
11/18/2007 3:00:00 PM,0.09146431,35.06487,58.23798,50.57867,0.09113172,0.4089991,5.23008,3.33,0,-1,0,3.33,12.28226,0,1.90008,2.423088,0.4089991,3.505263,3.33,0,0,2.261033,8.590344,0,3.096264,-3.096264,8.591275,61.36613,0.2210948,5.753088,0.3271993,0,8.999344
11/18/2007 4:00:00 PM,0.09050209,22.03936,64.48753,64.32507,0.09032359,0.4053723,0,0,0,-1,0,0,0,0,0,0,0.4053723,0,0,0,0,5.701326,5.494081,0.4053723,0,0.4053723,8.975845,64.11305,0.2210733,0,0.3242978,0,5.899453
11/18/2007 5:00:00 PM,0.01960947,8.443143,68.4714,78.34656,0.01958378,0.08789199,0.9499304,0.9499304,0,-1,0,0.9499304,9.252467,0,1.110223E-16,0,0.08789199,0.9999267,0.9499304,0,0,5.295954,5.858916,0,0.9120347,-0.9120347,8.014476,57.24614,0.2210733,1.044923,0.0703136,0,5.946808
11/18/2007 6:00:00 PM,0.001099386,0,70.96978,90,0,0,2.740089,2.740089,0,-1,0,2.740089,0,0,4.440892E-16,0,0,2.884305,2.740089,0,0,6.309326,4.946881,0,2.884305,-2.884305,4.974152,35.52959,0.2210733,3.014098,0,0,4.946881
11/18/2007 7:00:00 PM,0,0,72.2935,90,0,0,2.16834,1.959448,0,-1,0,1.959448,0,0,0.2088926,0.4257267,0,2.062576,1.959448,0,0,9.514109,2.062576,0,2.062576,-2.062576,2.800006,20,0.2210733,2.385174,0,0,2.062576
11/18/2007 8:00:00 PM,0,0,72.39573,90,0,0,0,0,0,-1,0,0,0,0,0,0,0,0,0,0,0,11.80586,0,0,0,0,2.800006,20,0.2210733,0,0,0,0
11/18/2007 9:00:00 PM,0,0,70.70555,90,0,0,8.849368,0,0,-1,0,0,0,0,8.849368,9.734304,0,0,0,0,0,11.80586,0,0,0,0,2.800006,20,0.2210733,9.734304,0,0,0
11/18/2007 10:00:00 PM,0,0,65.19055,90,0,0,0,0,0,-1,0,0,0,0,0,0,0,0,0,0,0,11.80586,0,0,0,0,2.800006,20,0.2210733,0,0,0,0
11/18/2007 11:00:00 PM,0,0,47.17324,90,0,0,0.5511211,0,0,-1,0,0,0,0,0.5511211,0.6062332,0,0,0,0,0,11.80586,0,0,0,0,2.800006,20,0.2210733,0.6062332,0,0,0
11/19/2007 12:00:00 AM,0,0,-12.67572,90,0,0,1.601619,0,0,-1,0,0,0,0,1.601619,1.761781,0,0,0,0,0,11.80586,0,0,0,0,2.800006,20,0.2210733,1.761781,0,0,0
11/19/2007 1:00:00 AM,0,0,-55.61671,90,0,0,0.2856657,0,0,-1,0,0,0,0,0.2856657,0.3142323,0,0,0,0,0,11.80586,0,0,0,0,2.800006,20,0.2210733,0.3142323,0,0,0
11/19/2007 2:00:00 AM,0,0,-67.41624,90,0,0,0,0,0,-1,0,0,0,0,0,0,0,0,0,0,0,11.80586,0,0,0,0,2.800006,20,0.2210733,0,0,0,0
11/19/2007 3:00:00 AM,0,0,-71.27142,90,0,0,0.08564009,0,0,-1,0,0,0,0,0.08564009,0.0942041,0,0,0,0,0,11.80586,0,0,0,0,2.800006,20,0.2210733,0.0942041,0,0,0
11/19/2007 4:00:00 AM,0,0,-72.26915,90,0,0,0,0,0,-1,0,0,0,0,0,0,0,0,0,0,0,11.80586,0,0,0,0,2.800006,20,0.2210733,0,0,0,0
11/19/2007 5:00:00 AM,0,0,-71.73782,90,0,0,1.738569,1.738569,5,0,1.53,1.738569,0,0,0,0,0,0,0,3.261431,3.09836,11.80586,0,3.09836,0,3.09836,5.739367,40.9954,0.2211462,1.912426,0,5,0
11/19/2007 6:00:00 AM,0.01686006,0,-70.02991,90,0,0,0.6184113,0.6184113,4.123674,0,1.290763,0.6184113,0,0,0,0,0,0,0,3.505263,3.33,8.7075,2.788524,3.33,0,3.33,8.898483,63.56047,0.2211786,0.6802524,0,5,2.788524
11/19/2007 7:00:00 AM,0.1348374,13.14091,-67.07008,73.49561,0.1434038,0.6435962,4.589422,4.589422,5,0,1.53,4.589422,14.02347,0,0,0,0.6435962,0,0,0.4105784,0.3900495,5.377501,5.785524,1.033646,0,1.033646,9.879086,70.56476,0.221198,5.048364,0.514877,5,6.42912
11/19/2007 8:00:00 AM,0.2569849,26.55436,-62.41142,59.56653,0.264279,1.186084,0,0,3.323969,0,1.072444,0,0,0,0,0,1.186084,0,0,3.323969,3.157771,4.343855,6.715805,4.343855,0,4.343855,14.00003,100,0.2211187,0,0.9488673,5,7.901889
11/19/2007 9:00:00 AM,0.4510331,39.24661,-55.04298,46.01478,0.4714291,2.115774,2.752976,2.752976,0,-1,0,2.752976,76.85406,0,0,0,2.115774,2.89787,2.752976,0,0,0,10.62527,0,0.7820957,-0.7820957,13.17563,94.11143,0.2211187,3.028274,1.692619,0,12.74105
11/19/2007 10:00:00 AM,0.6624287,50.49204,-42.93663,33.3751,0.7027259,3.153834,0,0,0,0,0,0,0,2.284839,0,0,3.153834,0,0,0,0,0.8689952,9.843179,0.8689952,0,0.8689952,14.00003,100,0.2210729,0,2.523067,0,12.99701
11/19/2007 11:00:00 AM,0.7102584,58.67284,-22.92012,23.24906,0.7473778,3.354232,0,0,0,0,0,0,0,3.354232,0,0,3.354232,0,0,0,0,0,10.62527,0,0,0,14.00003,100,0.2210729,0,2.683385,0,13.97951
11/19/2007 12:00:00 PM,0.7391509,61.05136,5.001146,19.96523,0.7782859,3.492947,0,0,0,0,0,0,0,3.492947,0,0,3.492947,0,0,0,0,0,10.62527,0,0,0,14.00003,100,0.2210729,0,2.794358,0,14.11822
11/19/2007 1:00:00 PM,0.7517825,56.37094,30.85079,26.23923,0.798611,3.584166,0.5119088,0.5119088,0,0,0,0.5119088,700.1571,3.045315,0,0,3.584166,0.5388514,0.5119088,0,0,0,10.62527,0,0,0,14.00003,100,0.2210729,0.5630997,2.867333,0,14.20944
11/19/2007 2:00:00 PM,0.764415,46.87486,47.80463,37.54342,0.8263925,3.70885,4.480865,3.33,0,-1,0,3.33,111.3769,0.2035866,1.150865,1.598951,3.70885,3.505263,3.33,0,0,0,10.62527,0,0,0,14.00003,100,0.2210729,4.928951,2.96708,0,14.33412
11/19/2007 3:00:00 PM,0.5808451,35.01031,57.97219,50.59487,0.6375999,2.861548,1.988258,1.988258,0,-1,0,1.988258,143.9224,0.7686455,0,0,2.861548,2.092903,1.988258,0,0,0,10.62527,0,0,0,14.00003,100,0.2210729,2.187083,2.289238,0,13.48682
11/19/2007 4:00:00 PM,0.2664686,22.016,64.24683,64.31309,0.285874,1.283002,2.47859,2.47859,0,-1,0,2.47859,51.7634,0,4.440892E-16,0,1.283002,2.609042,2.47859,0,0,0,10.62527,0,1.326039,-1.326039,12.60226,90.01596,0.2210729,2.726449,1.026402,0,11.90828
11/19/2007 5:00:00 PM,0.1094511,8.443791,68.24458,78.31249,0.1319029,0.59198,5.163558,3.33,0,-1,0,3.33,17.77718,0,1.833558,2.349914,0.59198,3.505263,3.33,0,0,1.473377,9.299235,0,2.913283,-2.913283,9.53139,68.08122,0.2210729,5.679914,0.4735841,0,9.891215
11/19/2007 6:00:00 PM,0.001104434,0,70.74538,90,0,0,8.271428,3.33,0,-1,0,3.33,0,0,4.941428,5.768571,0,3.505263,3.33,0,0,4.710358,6.385952,0,3.505263,-3.505263,5.836518,41.68933,0.2210729,9.098571,0,0,6.385952
11/19/2007 7:00:00 PM,0,0,72.05917,90,0,0,1.99861,1.99861,0,-1,0,1.99861,0,0,4.440892E-16,0,0,2.103801,1.99861,0,0,8.605095,2.880689,0,2.103801,-2.103801,3.618917,25.84936,0.2210729,2.198472,0,0,2.880689
11/19/2007 8:00:00 PM,0,0,72.13567,90,0,0,2.445799,0.7380436,0,-1,0,0.7380436,0,0,1.707755,1.952335,0,0.776888,0.7380436,0,0,10.94265,0.776888,0,0.776888,-0.776888,2.800006,20,0.2210729,2.690379,0,0,0.776888
11/19/2007 9:00:00 PM,0,0,70.39522,90,0,0,2.09798,0,0,-1,0,0,0,0,2.09798,2.307779,0,0,0,0,0,11.80586,0,0,0,0,2.800006,20,0.2210729,2.307779,0,0,0
11/19/2007 10:00:00 PM,0,0,64.78841,90,0,0,0.4001563,0,0,-1,0,0,0,0,0.4001563,0.440172,0,0,0,0,0,11.80586,0,0,0,0,2.800006,20,0.2210729,0.440172,0,0,0
11/19/2007 11:00:00 PM,0,0,46.68466,90,0,0,0.9117421,0,0,-1,0,0,0,0,0.9117421,1.002916,0,0,0,0,0,11.80586,0,0,0,0,2.800006,20,0.2210729,1.002916,0,0,0
11/20/2007 12:00:00 AM,0,0,-12.16081,90,0,0,1.563858,0,0,-1,0,0,0,0,1.563858,1.720244,0,0,0,0,0,11.80586,0,0,0,0,2.800006,20,0.2210729,1.720244,0,0,0
11/20/2007 1:00:00 AM,0,0,-55.00566,90,0,0,0.7563124,0,0,-1,0,0,0,0,0.7563124,0.8319437,0,0,0,0,0,11.80586,0,0,0,0,2.800006,20,0.2210729,0.8319437,0,0,0
11/20/2007 2:00:00 AM,0,0,-67.01643,90,0,0,0.6578255,0,0,-1,0,0,0,0,0.6578255,0.723608,0,0,0,0,0,11.80586,0,0,0,0,2.800006,20,0.2210729,0.723608,0,0,0
11/20/2007 3:00:00 AM,0,0,-70.97499,90,0,0,0.402945,0,0,-1,0,0,0,0,0.402945,0.4432395,0,0,0,0,0,11.80586,0,0,0,0,2.800006,20,0.2210729,0.4432395,0,0,0
11/20/2007 4:00:00 AM,0,0,-72.02585,90,0,0,0,0,0,-1,0,0,0,0,0,0,0,0,0,0,0,11.80586,0,0,0,0,2.800006,20,0.2210729,0,0,0,0
11/20/2007 5:00:00 AM,0,0,-71.52277,90,0,0,0.1942796,0.1942796,3.699543,0,1.174975,0.1942796,0,0,0,0,0,0,0,3.505263,3.33,11.80586,0,3.33,0,3.33,5.959121,42.56506,0.2210745,0.2137076,0,5,0
11/20/2007 6:00:00 AM,0.01029413,0,-69.82858,90,0,0,0.2148413,0.2148413,3.720104,0,1.180588,0.2148413,0,0,0,0,0,0,0,3.505263,3.33,8.475861,2.997,3.33,0,3.33,9.118237,65.13013,0.2210776,0.2363254,0,5,2.997
11/20/2007 7:00:00 AM,0.1197352,13.03515,-66.87283,73.57123,0.1246422,0.5593943,0,0,3.505263,0,1.121937,0,0,0,0,0,0.5593943,0,0,3.505263,3.33,5.14586,5.994,3.889394,0,3.889394,12.80804,91.48582,0.2210357,0,0.4475155,5,6.553394
11/20/2007 8:00:00 AM,0.1881805,26.42681,-62.21208,59.66366,0.1890896,0.8486339,2.893171,2.893171,0,0,0,2.893171,29.33231,0,0,0,0.8486339,3.045444,2.893171,0,0,1.256466,9.494455,0,2.19681,-2.19681,10.4924,74.94556,0.2210357,3.182488,0.6789071,0,10.34309
11/20/2007 9:00:00 AM,0.2547241,39.09229,-54.84199,46.13883,0.2550046,1.144461,2.837723,2.837723,0,-1,0,2.837723,40.33024,0,0,0,1.144461,2.987077,2.837723,0,0,3.697365,7.297646,0,1.842617,-1.842617,8.550111,61.0721,0.2210357,3.121496,0.9155685,0,8.442106
11/20/2007 10:00:00 AM,0.1255955,50.30517,-42.75655,33.53621,0.1251106,0.5614965,2.047556,2.047556,0,0,0,2.047556,27.42276,0,4.440892E-16,0,0.5614965,2.155323,2.047556,0,0,5.744717,5.455029,0,1.593826,-1.593826,6.87007,49.07183,0.2210357,2.252312,0.4491972,0,6.016525
11/20/2007 11:00:00 AM,0.5338825,58.45691,-22.84654,23.4565,0.5455225,2.448305,0,0,0,0,0,0,0,0,0,0,2.448305,0,0,0,0,7.515635,3.861203,2.448305,0,2.448305,9.192737,65.66227,0.2209068,0,1.958644,0,6.309507
11/20/2007 12:00:00 PM,0.3641971,60.84427,4.852542,20.16933,0.3643401,1.635158,3.18713,3.18713,5,0,1.53,3.18713,51.30505,0,0,0,1.635158,0,0,1.81287,1.722227,5.06733,6.064677,3.357385,0,3.357385,12.37783,88.4129,0.2209733,3.505843,1.308127,5,7.699835
11/20/2007 1:00:00 PM,0.2800615,56.21992,30.56421,26.35899,0.2793936,1.253918,4.313485,4.313485,4.74671,0,1.460852,4.313485,29.06973,0,0,0,1.253918,0,0,0.4332256,0.4115643,1.709945,9.086324,1.665483,0,1.665483,13.95785,99.69871,0.221003,4.744833,1.003135,5,10.34024
11/20/2007 2:00:00 PM,0.5094159,46.7821,47.51418,37.59667,0.5286059,2.372383,0,0,0,-1,0,0,0,2.32792,0,0,2.372383,0,0,0,0,0.04446263,10.58526,0.04446263,0,0.04446263,14.00003,100,0.2210007,0,1.897907,0,12.95764
11/20/2007 3:00:00 PM,0.4016241,34.96034,57.71156,50.60737,0.4206274,1.887776,5.730719,3.33,0,-1,0,3.33,56.68997,0,2.400719,2.973791,1.887776,3.505263,3.33,0,0,0,10.62527,0,1.617487,-1.617487,12.29505,87.82159,0.2210007,6.303791,1.510221,0,12.51305
11/20/2007 4:00:00 PM,0.2017753,21.99684,64.01118,64.29777,0.2069698,0.9288805,4.709875,3.33,0,-1,0,3.33,27.89431,4.440892E-16,1.379875,1.850862,0.9288805,3.505263,3.33,0,0,1.797208,9.007787,0,2.576383,-2.576383,9.579301,68.42344,0.2210007,5.180862,0.7431044,0,9.936667
11/20/2007 5:00:00 PM,0.04826816,8.448332,68.02292,78.27538,0.04855621,0.2179203,2.621986,2.621986,0,-1,0,2.621986,8.311268,0,4.440892E-16,0,0.2179203,2.759985,2.621986,0,0,4.659855,6.431405,0,2.542065,-2.542065,6.899729,49.28368,0.2210007,2.884184,0.1743362,0,6.649324
11/20/2007 6:00:00 PM,0.0007127302,0,70.52644,90,0,0,4.911612,3.33,0,-1,0,3.33,0,0,1.581612,2.072773,0,3.505263,3.33,0,0,7.484372,3.889339,0,3.505263,-3.505263,3.204858,22.89179,0.2210007,5.402773,0,0,3.889339
11/20/2007 7:00:00 PM,0,0,71.83103,90,0,0,0,0,0,-1,0,0,0,0,0,0,0,0,0,0,0,11.37911,0.3840764,0,0,0,3.204858,22.89179,0.2210007,0,0,0,0.3840764
11/20/2007 8:00:00 PM,0,0,71.88312,90,0,0,2.586882,0.3648726,0,-1,0,0.3648726,0,0,2.222009,2.480697,0,0.3840764,0.3648726,0,0,11.37911,0.3840764,0,0.3840764,-0.3840764,2.800006,20,0.2210007,2.84557,0,0,0.3840764
11/20/2007 9:00:00 PM,0,0,70.09507,90,0,0,3.600695,0,0,-1,0,0,0,0,3.600695,3.960764,0,0,0,0,0,11.80586,0,0,0,0,2.800006,20,0.2210007,3.960764,0,0,0
11/20/2007 10:00:00 PM,0,0,64.40263,90,0,0,0.2930519,0,0,-1,0,0,0,0,0.2930519,0.3223571,0,0,0,0,0,11.80586,0,0,0,0,2.800006,20,0.2210007,0.3223571,0,0,0
11/20/2007 11:00:00 PM,0,0,46.22879,90,0,0,0.999279,0,0,-1,0,0,0,0,0.999279,1.099207,0,0,0,0,0,11.80586,0,0,0,0,2.800006,20,0.2210007,1.099207,0,0,0
11/21/2007 12:00:00 AM,0,0,-11.65613,90,0,0,0,0,0,-1,0,0,0,0,0,0,0,0,0,0,0,11.80586,0,0,0,0,2.800006,20,0.2210007,0,0,0,0
11/21/2007 1:00:00 AM,0,0,-54.40876,90,0,0,0.5799626,0,0,-1,0,0,0,0,0.5799626,0.6379588,0,0,0,0,0,11.80586,0,0,0,0,2.800006,20,0.2210007,0.6379588,0,0,0
11/21/2007 2:00:00 AM,0,0,-66.6258,90,0,0,0.1653098,0,0,-1,0,0,0,0,0.1653098,0.1818408,0,0,0,0,0,11.80586,0,0,0,0,2.800006,20,0.2210007,0.1818408,0,0,0
11/21/2007 3:00:00 AM,0,0,-70.68587,90,0,0,0.7244232,0,0,-1,0,0,0,0,0.7244232,0.7968656,0,0,0,0,0,11.80586,0,0,0,0,2.800006,20,0.2210007,0.7968656,0,0,0
11/21/2007 4:00:00 AM,0,0,-71.78903,90,0,0,0.7038075,0,0,-1,0,0,0,0,0.7038075,0.7741883,0,0,0,0,0,11.80586,0,0,0,0,2.800006,20,0.2210007,0.7741883,0,0,0
11/21/2007 5:00:00 AM,0,0,-71.31389,90,0,0,0.2028716,0.2028716,3.708135,0,1.177321,0.2028716,0,0,0,0,0,0,0,3.505263,3.33,11.80586,0,3.33,0,3.33,5.959121,42.56506,0.221003,0.2231587,0,5,0
11/21/2007 6:00:00 AM,0.006412411,0,-69.63353,90,0,0,0.9569898,0.9569898,4.462253,0,1.383195,0.9569898,0,4.440892E-16,0,0,0,0,0,3.505263,3.33,8.475861,2.997,3.33,0,3.33,9.118237,65.13013,0.2210596,1.052689,0,5,2.997
11/21/2007 7:00:00 AM,0.1165871,12.9281,-66.68234,73.64914,0.1210647,0.5433384,0.04541371,0.04541371,3.550677,0,1.134335,0.04541371,1196.419,0,0,0,0.5433384,0,0,3.505263,3.33,5.14586,5.994,3.873338,0,3.873338,12.79281,91.37701,0.221022,0.04995508,0.4346707,5,6.537338
11/21/2007 8:00:00 AM,0.2506001,26.29863,-62.02044,59.76258,0.2574073,1.155244,1.538397,1.538397,0,0,0,1.538397,75.094,0,0,0,1.155244,1.619366,1.538397,0,0,1.272522,9.480004,0,0.4641215,-0.4641215,12.30358,87.88255,0.221022,1.692237,0.9241952,0,10.63525
11/21/2007 9:00:00 AM,0.2234566,38.93831,-54.65021,46.2639,0.2231955,1.001701,2.547775,2.547775,0,-1,0,2.547775,39.31672,0,4.440892E-16,0,1.001701,2.681868,2.547775,0,0,1.788212,9.015883,0,1.680166,-1.680166,10.53253,75.23221,0.221022,2.802552,0.8013612,0,10.01758
11/21/2007 10:00:00 AM,0.3993843,50.12023,-42.58746,33.6969,0.403317,1.810086,0.1902957,0.1902957,0,0,0,0.1902957,951.1968,0,0,0,1.810086,0.2003112,0.1902957,0,0,3.655064,7.335717,1.609775,0,1.609775,12.0597,86.14052,0.2209376,0.2093253,1.448069,0,9.145803
11/21/2007 11:00:00 AM,0.5956278,58.24523,-22.78319,23.66065,0.615456,2.762167,1.879118,1.879118,0,0,0,1.879118,146.9927,0,0,0,2.762167,1.978019,1.879118,0,0,2.045289,8.784514,0.7841479,0,0.7841479,12.80361,91.45414,0.2208965,2.06703,2.209733,0,11.54668
11/21/2007 12:00:00 PM,0.7684724,60.64314,4.70134,20.36753,0.813457,3.650795,3.931016,3.931016,1.660844,0,0.6184105,3.931016,92.87154,0,0,0,3.650795,2.389654,2.270171,0,0,1.261141,9.490248,1.261141,0,1.261141,14.00003,100,0.22086,4.324117,2.920636,5,13.14104
11/21/2007 1:00:00 PM,0.6514037,56.0747,30.28137,26.47372,0.6823472,3.062374,3.792539,3.792539,1.25,0,0.50625,3.792539,80.74733,0.3860172,0,0,3.062374,2.676357,2.542539,0,0,0,10.62527,0,0,0,14.00003,100,0.22086,4.171793,2.449899,5,13.68765
11/21/2007 2:00:00 PM,0.4795087,46.69447,47.22886,37.64571,0.494364,2.218705,2.846572,2.846572,0,-1,0,2.846572,77.94305,0,4.440892E-16,0,2.218705,2.996392,2.846572,0,0,0,10.62527,0,0.7776866,-0.7776866,13.18027,94.14463,0.22086,3.13123,1.774964,0,12.84398
11/21/2007 3:00:00 PM,0.4810326,34.91497,57.4561,50.61617,0.5180136,2.324845,1.645167,1.645167,0,-1,0,1.645167,141.3136,0,0,0,2.324845,1.731755,1.645167,0,0,0.8640962,9.847588,0.5930899,0,0.5930899,13.74293,98.16358,0.220829,1.809684,1.859876,0,12.17243
11/21/2007 4:00:00 PM,0.1704738,21.98187,63.78067,64.2791,0.1722971,0.7732694,0,0,0,-1,0,0,0,0.5022631,0,0,0.7732694,0,0,0,0,0.2710063,10.38137,0.2710063,0,0.2710063,14.00003,100,0.2208148,0,0.6186156,0,11.15464
11/21/2007 5:00:00 PM,0.08872382,8.456736,67.80646,78.23525,0.09817189,0.4405954,0,0,0,-1,0,0,0,0.4405954,0,0,0.4405954,0,0,0,0,0,10.62527,0,0,0,14.00003,100,0.2208148,0,0.3524764,0,11.06587
11/21/2007 6:00:00 PM,0.001559465,0,70.31306,90,0,0,5.342501,3.33,0,-1,0,3.33,0,0,2.012501,2.546751,0,3.505263,3.33,0,0,0,10.62527,0,3.505263,-3.505263,10.30516,73.60811,0.2208148,5.876751,0,0,10.62527
11/21/2007 7:00:00 PM,0,0,71.60914,90,0,0,2.814993,2.814993,0,-1,0,2.814993,0,0,0,0,0,2.96315,2.814993,0,0,3.894737,7.120011,0,2.96315,-2.96315,7.181722,51.29791,0.2208148,3.096492,0,0,7.120011
11/21/2007 8:00:00 PM,0,0,71.63817,90,0,0,4.588499,3.33,0,-1,0,3.33,0,0,1.258499,1.717348,0,3.505263,3.33,0,0,7.187126,4.156861,0,3.505263,-3.505263,3.48685,24.90602,0.2208148,5.047348,0,0,4.156861
11/21/2007 9:00:00 PM,0,0,69.80516,90,0,0,2.78898,0.6190177,0,-1,0,0.6190177,0,0,2.169962,2.44886,0,0.6515976,0.6190177,0,0,11.08186,0.6515976,0,0.6515976,-0.6515976,2.800006,20,0.2208148,3.067878,0,0,0.6515976
11/21/2007 10:00:00 PM,0,0,64.03318,90,0,0,0.6360138,0,0,-1,0,0,0,0,0.6360138,0.6996152,0,0,0,0,0,11.80586,0,0,0,0,2.800006,20,0.2208148,0.6996152,0,0,0
11/21/2007 11:00:00 PM,0,0,45.80456,90,0,0,0.2442069,0,0,-1,0,0,0,0,0.2442069,0.2686276,0,0,0,0,0,11.80586,0,0,0,0,2.800006,20,0.2208148,0.2686276,0,0,0
11/22/2007 12:00:00 AM,0,0,-11.16076,90,0,0,1.586263,0,0,-1,0,0,0,0,1.586263,1.744889,0,0,0,0,0,11.80586,0,0,0,0,2.800006,20,0.2208148,1.744889,0,0,0
11/22/2007 1:00:00 AM,0,0,-53.82579,90,0,0,0.7002997,0,0,-1,0,0,0,0,0.7002997,0.7703297,0,0,0,0,0,11.80586,0,0,0,0,2.800006,20,0.2208148,0.7703297,0,0,0
11/22/2007 2:00:00 AM,0,0,-66.24438,90,0,0,0.691723,0,0,-1,0,0,0,0,0.691723,0.7608954,0,0,0,0,0,11.80586,0,0,0,0,2.800006,20,0.2208148,0.7608954,0,0,0
11/22/2007 3:00:00 AM,0,0,-70.40414,90,0,0,0.9382787,0,0,-1,0,0,0,0,0.9382787,1.032107,0,0,0,0,0,11.80586,0,0,0,0,2.800006,20,0.2208148,1.032107,0,0,0
11/22/2007 4:00:00 AM,0,0,-71.55875,90,0,0,1.667238,0,0,-1,0,0,0,0,1.667238,1.833962,0,0,0,0,0,11.80586,0,0,0,0,2.800006,20,0.2208148,1.833962,0,0,0
11/22/2007 5:00:00 AM,0,0,-71.11125,90,0,0,0.9666398,0.9666398,4.471903,0,1.38583,0.9666398,0,0,0,0,0,0,0,3.505263,3.33,11.80586,0,3.33,0,3.33,5.959121,42.56506,0.2208721,1.063304,0,5,0
11/22/2007 6:00:00 AM,0.02023149,0,-69.4448,90,0,0,0,0,3.505263,0,1.121937,0,0,0,0,0,0,0,0,3.505263,3.33,8.475861,2.997,3.33,0,3.33,9.118237,65.13013,0.2208599,0,0,5,2.997
11/22/2007 7:00:00 AM,0.2401763,12.81987,-66.49865,73.72927,0.2997247,1.345164,4.741779,4.741779,5,0,1.53,4.741779,28.36835,0,0,0,1.345164,0,0,0.2582211,0.24531,5.14586,5.994,1.590474,0,1.590474,10.62709,75.90765,0.2208871,5.215957,1.076131,5,7.339164
11/22/2007 8:00:00 AM,0.5162926,26.16992,-61.83652,59.86319,0.5846894,2.624086,5.850685,5.850685,5,0,1.53,5.850685,44.85092,0,0,0,2.624086,0.8954582,0.8506852,0,0,3.555386,7.425427,1.728628,0,1.728628,12.26701,87.62135,0.2209146,6.435754,2.099269,5,10.04951
11/22/2007 9:00:00 AM,0.7363008,38.78479,-54.46761,46.38985,0.8078144,3.625471,3.854167,3.33,0,-1,0,3.33,108.873,0,0.5241666,0.9095832,3.625471,3.505263,3.33,0,0,1.826758,8.981192,0.1202077,0,0.1202077,12.38105,88.43591,0.2209083,4.239583,2.900377,0,12.60666
11/22/2007 10:00:00 AM,0.8160681,49.93734,-42.42919,33.85703,0.8817264,3.957188,2.512,2.512,0,0,0,2.512,157.5314,0,0,0,3.957188,2.644211,2.512,0,0,1.70655,9.089379,1.312977,0,1.312977,13.62665,97.33303,0.2208397,2.763201,3.165751,0,13.04657
11/22/2007 11:00:00 AM,0.7148771,58.03789,-22.7298,23.86137,0.7544139,3.38581,3.650326,3.650326,1.25,0,0.50625,3.650326,92.75362,0.4655776,0,0,3.38581,2.526659,2.400326,0,0,0.393573,10.27106,0.393573,0,0.393573,14.00003,100,0.2208192,4.015359,2.708648,5,13.65687
11/22/2007 12:00:00 PM,0.7307795,60.44802,4.547619,20.55978,0.7701,3.456209,4.824281,4.824281,1.540882,0,0.5856609,4.824281,71.64195,0,0,0,3.456209,3.456209,3.283398,0,0,0,10.62527,0,0,0,14.00003,100,0.2208192,5.306709,2.764967,5,14.08148
11/22/2007 1:00:00 PM,0.7711279,55.93533,30.00222,26.58335,0.8227516,3.692509,1.021194,1.021194,0,0,0,1.021194,361.5874,2.617568,0,0,3.692509,1.074941,1.021194,0,0,0,10.62527,0,0,0,14.00003,100,0.2208192,1.123314,2.954007,0,14.31778
11/22/2007 2:00:00 PM,0.5652745,46.61201,46.94869,37.69052,0.594916,2.669983,3.804987,3.33,0,-1,0,3.33,80.17968,0,0.4749871,0.8554858,2.669983,3.505263,3.33,0,0,0,10.62527,0,0.8352798,-0.8352798,13.11957,93.711,0.2208192,4.185486,2.135987,0,13.29526
11/22/2007 3:00:00 PM,0.5153534,34.8742,57.20588,50.62124,0.5606866,2.516361,0,0,0,-1,0,0,0,1.588273,0,0,2.516361,0,0,0,0,0.9280887,9.789994,0.9280887,0,0.9280887,14.00003,100,0.2207708,0,2.013089,0,12.30636
11/22/2007 4:00:00 PM,0.2934556,21.97109,63.55532,64.25712,0.3221619,1.445862,1.420653,1.420653,0,-1,0,1.420653,101.7745,0,2.220446E-16,0,1.445862,1.495424,1.420653,0,0,0,10.62527,0,0.04956163,-0.04956163,13.94779,99.62684,0.2207708,1.562718,1.15669,0,12.07114
11/22/2007 5:00:00 PM,0.1389506,8.468972,67.59527,78.19216,0.185155,0.8309756,3.581312,3.33,0,-1,0,3.33,24.95422,0,0.2513121,0.6094433,0.8309756,3.505263,3.33,0,0,0.05506847,10.57571,0,2.674288,-2.674288,11.12884,79.49155,0.2207708,3.939443,0.6647804,0,11.40669
11/22/2007 6:00:00 PM,0.001262907,0,70.10529,90,0,0,4.302553,3.33,0,-1,0,3.33,0,0,0.9725527,1.402808,0,3.505263,3.33,0,0,3.026499,7.901425,0,3.505263,-3.505263,7.433967,53.09966,0.2207708,4.732808,0,0,7.901425
11/22/2007 7:00:00 PM,0,0,71.39357,90,0,0,4.405274,3.33,0,-1,0,3.33,0,0,1.075275,1.515802,0,3.505263,3.33,0,0,6.921236,4.396162,0,3.505263,-3.505263,3.739095,26.70777,0.2207708,4.845802,0,0,4.396162
11/22/2007 8:00:00 PM,0,0,71.40088,90,0,0,2.874842,0.8463537,0,-1,0,0.8463537,0,0,2.028488,2.315972,0,0.8908986,0.8463537,0,0,10.81597,0.8908986,0,0.8908986,-0.8908986,2.800006,20,0.2207708,3.162326,0,0,0.8908986
11/22/2007 9:00:00 PM,0,0,69.52556,90,0,0,4.388155,0,0,-1,0,0,0,0,4.388155,4.826971,0,0,0,0,0,11.80586,0,0,0,0,2.800006,20,0.2207708,4.826971,0,0,0
11/22/2007 10:00:00 PM,0,0,63.67999,90,0,0,1.381975,0,0,-1,0,0,0,0,1.381975,1.520172,0,0,0,0,0,11.80586,0,0,0,0,2.800006,20,0.2207708,1.520172,0,0,0
11/22/2007 11:00:00 PM,0,0,45.41089,90,0,0,1.032819,0,0,-1,0,0,0,0,1.032819,1.136101,0,0,0,0,0,11.80586,0,0,0,0,2.800006,20,0.2207708,1.136101,0,0,0
11/23/2007 12:00:00 AM,0,0,-10.67387,90,0,0,0,0,0,-1,0,0,0,0,0,0,0,0,0,0,0,11.80586,0,0,0,0,2.800006,20,0.2207708,0,0,0,0
11/23/2007 1:00:00 AM,0,0,-53.25651,90,0,0,1.74573,0,0,-1,0,0,0,0,1.74573,1.920303,0,0,0,0,0,11.80586,0,0,0,0,2.800006,20,0.2207708,1.920303,0,0,0
11/23/2007 2:00:00 AM,0,0,-65.87219,90,0,0,0,0,0,-1,0,0,0,0,0,0,0,0,0,0,0,11.80586,0,0,0,0,2.800006,20,0.2207708,0,0,0,0
11/23/2007 3:00:00 AM,0,0,-70.12983,90,0,0,0.8544654,0,0,-1,0,0,0,0,0.8544654,0.9399119,0,0,0,0,0,11.80586,0,0,0,0,2.800006,20,0.2207708,0.9399119,0,0,0
11/23/2007 4:00:00 AM,0,0,-71.33507,90,0,0,1.155535,0,0,-1,0,0,0,0,1.155535,1.271088,0,0,0,0,0,11.80586,0,0,0,0,2.800006,20,0.2207708,1.271088,0,0,0
11/23/2007 5:00:00 AM,0,0,-70.91489,90,0,0,0.5132617,0.5132617,4.018525,0,1.262057,0.5132617,0,0,0,0,0,0,0,3.505263,3.33,11.80586,0,3.33,0,3.33,5.959121,42.56506,0.2207955,0.5645878,0,5,0
11/23/2007 6:00:00 AM,0.01928141,0,-69.26244,90,0,0,0,0,3.505263,0,1.121937,0,0,0,0,0,0,0,0,3.505263,3.33,8.475861,2.997,3.33,0,3.33,9.118237,65.13013,0.2207834,0,0,5,2.997
11/23/2007 7:00:00 AM,0.2176877,12.71052,-66.32178,73.81153,0.2698227,1.210964,4.517033,4.517033,5,0,1.53,4.517033,26.80884,0,0,0,1.210964,0,0,0.4829672,0.4588188,5.14586,5.994,1.669783,0,1.669783,10.70233,76.44508,0.2208133,4.968736,0.9687714,5,7.204964
11/23/2007 8:00:00 AM,0.5406148,26.04078,-61.66032,59.96539,0.6135936,2.753808,8.101452,8.101452,5,0,1.53,8.101452,33.99154,0,0,0.5815974,2.753808,3.264687,3.101452,0,0,3.476077,7.496805,0,0.5108783,-0.5108783,10.16382,72.59856,0.2208133,8.911597,2.203047,5,10.25061
11/23/2007 9:00:00 AM,0.7354522,38.63186,-54.29414,46.51656,0.8076738,3.62484,1.774099,1.774099,0,-1,0,1.774099,204.32,0,0,0,3.62484,1.867473,1.774099,0,0,4.04372,6.985927,1.757367,0,1.757367,11.831,84.507,0.2207218,1.951509,2.899872,0,10.61077
11/23/2007 10:00:00 AM,0.8139635,49.75664,-42.2816,34.01643,0.8800979,3.949879,2.14792,2.14792,0,0,0,2.14792,183.8932,0,0,0,3.949879,2.260969,2.14792,0,0,2.286353,8.567556,1.68891,0,1.68891,13.43324,95.95155,0.220634,2.362712,3.159903,0,12.51744
11/23/2007 11:00:00 AM,0.9755753,57.83498,-22.68613,24.05856,1.049314,4.709323,1.1338,1.1338,0,0,0,1.1338,415.3573,2.918406,0,0,4.709323,1.193474,1.1338,0,0,0.5974426,10.08758,0.5974426,0,0.5974426,14.00003,100,0.2206029,1.24718,3.767459,0,14.7969
11/23/2007 12:00:00 PM,1.066812,60.25896,4.391459,20.74605,1.146432,5.145187,5.462724,5.462724,2.132724,0,0.7472337,5.462724,94.1872,1.639924,0,0,5.145187,3.505263,3.33,0,0,0,10.62527,0,0,0,14.00003,100,0.2206029,6.008996,4.11615,5,15.77046
11/23/2007 1:00:00 PM,1.033106,55.80185,29.72672,26.68784,1.113562,4.997667,1.445189,1.445189,0,0,0,1.445189,345.8141,3.476415,0,0,4.997667,1.521252,1.445189,0,0,0,10.62527,0,0,0,14.00003,100,0.2206029,1.589708,3.998133,0,15.62294
11/23/2007 2:00:00 PM,0.8732017,46.53474,46.67368,37.73104,0.9487368,4.257931,1.465756,1.465756,0,-1,0,1.465756,290.4939,2.71503,0,0,4.257931,1.542901,1.465756,0,0,0,10.62527,0,0,0,14.00003,100,0.2206029,1.612331,3.406345,0,14.88321
11/23/2007 3:00:00 PM,0.6676687,34.83805,56.96092,50.62259,0.7384553,3.314188,2.730959,2.730959,0,-1,0,2.730959,121.3562,0.4394937,0,0,3.314188,2.874694,2.730959,0,0,0,10.62527,0,0,0,14.00003,100,0.2206029,3.004055,2.65135,0,13.93946
11/23/2007 4:00:00 PM,0.3946402,21.96447,63.33522,64.23183,0.4546524,2.04048,1.634264,1.634264,0,-1,0,1.634264,124.8562,0.3202014,0,0,2.04048,1.720278,1.634264,0,0,0,10.62527,0,0,0,14.00003,100,0.2206029,1.797691,1.632384,0,12.66575
11/23/2007 5:00:00 PM,0.133214,8.485007,67.38941,78.14613,0.1752472,0.7865096,2.612265,2.612265,0,-1,0,2.612265,30.10834,0,4.440892E-16,0,0.7865096,2.749752,2.612265,0,0,0,10.62527,0,1.963243,-1.963243,11.93059,85.21832,0.2206029,2.873491,0.6292077,0,11.41178
11/23/2007 6:00:00 PM,0.001196272,0,69.90319,90,0,0,0.8354103,0.8354103,0,-1,0,0.8354103,0,0,1.110223E-16,0,0,0.8793792,0.8354103,0,0,2.181381,8.662031,0,0.8793792,-0.8793792,11.00364,78.59728,0.2206029,0.9189513,0,0,8.662031
11/23/2007 7:00:00 PM,0,0,71.18439,90,0,0,3.438279,3.33,0,-1,0,3.33,0,0,0.1082787,0.4521066,0,3.505263,3.33,0,0,3.158469,7.782652,0,3.505263,-3.505263,7.30877,52.20539,0.2206029,3.782107,0,0,7.782652
11/23/2007 8:00:00 PM,0,0,71.17133,90,0,0,1.948222,1.948222,0,-1,0,1.948222,0,0,0,0,0,2.05076,1.948222,0,0,7.053205,4.277389,0,2.05076,-2.05076,5.147079,36.76478,0.2206029,2.143044,0,0,4.277389
11/23/2007 9:00:00 PM,0,0,69.25631,90,0,0,6.445489,2.115298,0,-1,0,2.115298,0,0,4.330192,4.974741,0,2.226629,2.115298,0,0,9.331827,2.226629,0,2.226629,-2.226629,2.800006,20,0.2206029,7.090039,0,0,2.226629
11/23/2007 10:00:00 PM,0,0,63.34299,90,0,0,1.344239,0,0,-1,0,0,0,0,1.344239,1.478663,0,0,0,0,0,11.80586,0,0,0,0,2.800006,20,0.2206029,1.478663,0,0,0
11/23/2007 11:00:00 PM,0,0,45.04678,90,0,0,0.7290677,0,0,-1,0,0,0,0,0.7290677,0.8019745,0,0,0,0,0,11.80586,0,0,0,0,2.800006,20,0.2206029,0.8019745,0,0,0
11/24/2007 12:00:00 AM,0,0,-10.19467,90,0,0,1.268401,0,0,-1,0,0,0,0,1.268401,1.395241,0,0,0,0,0,11.80586,0,0,0,0,2.800006,20,0.2206029,1.395241,0,0,0
11/24/2007 1:00:00 AM,0,0,-52.70072,90,0,0,1.402308,0,0,-1,0,0,0,0,1.402308,1.542538,0,0,0,0,0,11.80586,0,0,0,0,2.800006,20,0.2206029,1.542538,0,0,0
11/24/2007 2:00:00 AM,0,0,-65.50928,90,0,0,0,0,0,-1,0,0,0,0,0,0,0,0,0,0,0,11.80586,0,0,0,0,2.800006,20,0.2206029,0,0,0,0
11/24/2007 3:00:00 AM,0,0,-69.86301,90,0,0,1.441206,0,0,-1,0,0,0,0,1.441206,1.585326,0,0,0,0,0,11.80586,0,0,0,0,2.800006,20,0.2206029,1.585326,0,0,0
11/24/2007 4:00:00 AM,0,0,-71.11804,90,0,0,0,0,0,-1,0,0,0,0,0,0,0,0,0,0,0,11.80586,0,0,0,0,2.800006,20,0.2206029,0,0,0,0
11/24/2007 5:00:00 AM,0,0,-70.72488,90,0,0,0.4794308,0.4794308,3.984694,0,1.252821,0.4794308,0,0,0,0,0,0,0,3.505263,3.33,11.80586,0,3.33,0,3.33,5.959121,42.56506,0.2206252,0.5273739,0,5,0
11/24/2007 6:00:00 AM,0.02324525,0,-69.08649,90,0,0,0.4759518,0.4759518,3.981215,0,1.251872,0.4759518,0,0,0,0,0,0,0,3.505263,3.33,8.475861,2.997,3.33,0,3.33,9.118237,65.13013,0.2206473,0.523547,0,5,2.997
11/24/2007 7:00:00 AM,0.2704977,12.60015,-66.15176,73.89584,0.3410791,1.530763,0.199536,0.199536,3.704799,0,1.17641,0.199536,767.1613,0,0,0,1.530763,0,0,3.505263,3.33,5.14586,5.994,4.860763,0,4.860763,13.72956,98.0681,0.2205703,0.2194896,1.22461,5,7.524763
11/24/2007 8:00:00 AM,0.5628357,25.91131,-61.49186,60.06907,0.6401961,2.8732,4.476263,4.476263,2.017565,0,0.7157953,4.476263,64.18747,0,0,0,2.8732,2.588103,2.458698,0,0,0.2850972,10.36869,0.2850972,0,0.2850972,14.00003,100,0.2205748,4.923889,2.29856,5,13.24189
11/24/2007 9:00:00 AM,0.7841517,38.47963,-54.12976,46.6439,0.8626551,3.871596,3.767416,3.33,0,-1,0,3.33,116.2641,0.3663329,0.4374166,0.8141582,3.871596,3.505263,3.33,0,0,0,10.62527,0,0,0,14.00003,100,0.2205748,4.144158,3.097277,0,14.49687
11/24/2007 10:00:00 AM,0.9742526,49.57822,-42.14456,34.17497,1.056459,4.741389,2.932736,2.932736,0,0,0,2.932736,161.6711,1.654298,0,0,4.741389,3.087091,2.932736,0,0,0,10.62527,0,0,0,14.00003,100,0.2205748,3.22601,3.793111,0,15.36666
11/24/2007 11:00:00 AM,1.047538,57.63657,-22.65195,24.25208,1.128204,5.063379,0.7272305,0.7272305,0,0,0,0.7272305,696.2551,4.297873,0,0,5.063379,0.7655058,0.7272305,0,0,0,10.62527,0,0,0,14.00003,100,0.2205748,0.7999536,4.050704,0,15.68865
11/24/2007 12:00:00 PM,0.9996534,60.07598,4.232934,20.92631,1.074292,4.821424,3.254654,3.254654,1.25,0,0.50625,3.254654,148.1394,2.711262,0,0,4.821424,2.110162,2.004654,0,0,0,10.62527,0,0,0,14.00003,100,0.2205748,3.58012,3.857139,5,15.4467
11/24/2007 1:00:00 PM,0.9133044,55.67429,29.45485,26.78712,0.9839342,4.415896,4.717514,4.717514,1.387514,0,0.5437914,4.717514,93.60643,0.9106333,0,0,4.415896,3.505263,3.33,0,0,0,10.62527,0,0,0,14.00003,100,0.2205748,5.189265,3.532717,5,15.04117
11/24/2007 2:00:00 PM,0.7848276,46.46269,46.40382,37.76726,0.8522782,3.825025,0,0,0,-1,0,0,0,3.825025,0,0,3.825025,0,0,0,0,0,10.62527,0,0,0,14.00003,100,0.2205748,0,3.060019,0,14.4503
11/24/2007 3:00:00 PM,0.5750467,34.80653,56.72127,50.6202,0.6335884,2.843544,3.827163,3.33,0,-1,0,3.33,85.39173,4.440892E-16,0.4971628,0.8798791,2.843544,3.505263,3.33,0,0,0,10.62527,0,0.6617186,-0.6617186,13.30252,95.01778,0.2205748,4.209879,2.274836,0,13.46882
11/24/2007 4:00:00 PM,0.2963353,21.96201,63.1204,64.20325,0.3264993,1.465329,3.259627,3.259627,0,-1,0,3.259627,44.95388,0,4.440892E-16,0.2555896,1.465329,3.431186,3.259627,0,0,0.7352429,9.963555,0,1.965857,-1.965857,11.23032,80.21641,0.2205748,3.58559,1.172263,0,11.42888
11/24/2007 5:00:00 PM,0.1167898,8.504804,67.18896,78.09721,0.1454362,0.6527175,3.884262,3.33,0,-1,0,3.33,19.60113,0,0.5542616,0.9426877,0.6527175,3.505263,3.33,0,0,2.919529,7.997698,0,2.852546,-2.852546,8.223473,58.73897,0.2205748,4.272688,0.5221739,0,8.650415
11/24/2007 6:00:00 PM,0.0009120514,0,69.70684,90,0,0,13.79806,3.33,0,-1,0,3.33,0,0,10.46806,11.84787,0,3.505263,3.33,0,0,6.089024,5.145153,0,3.505263,-3.505263,4.528601,32.34708,0.2205748,15.17787,0,0,5.145153
11/24/2007 7:00:00 PM,0,0,70.98167,90,0,0,1.183272,1.183272,0,-1,0,1.183272,0,0,2.220446E-16,0,0,1.24555,1.183272,0,0,9.983761,1.639889,0,1.24555,-1.24555,3.215676,22.96907,0.2205748,1.3016,0,0,1.639889
11/24/2007 8:00:00 PM,0,0,70.94956,90,0,0,3.180873,0.3746226,0,-1,0,0.3746226,0,0,2.806251,3.124338,0,0.3943396,0.3746226,0,0,11.36771,0.3943396,0,0.3943396,-0.3943396,2.800006,20,0.2205748,3.49896,0,0,0.3943396
11/24/2007 9:00:00 PM,0,0,68.99745,90,0,0,2.298019,0,0,-1,0,0,0,0,2.298019,2.527821,0,0,0,0,0,11.80586,0,0,0,0,2.800006,20,0.2205748,2.527821,0,0,0
11/24/2007 10:00:00 PM,0,0,63.02208,90,0,0,0.6904141,0,0,-1,0,0,0,0,0.6904141,0.7594554,0,0,0,0,0,11.80586,0,0,0,0,2.800006,20,0.2205748,0.7594554,0,0,0
11/24/2007 11:00:00 PM,0,0,44.71124,90,0,0,0.5392073,0,0,-1,0,0,0,0,0.5392073,0.593128,0,0,0,0,0,11.80586,0,0,0,0,2.800006,20,0.2205748,0.593128,0,0,0
11/25/2007 12:00:00 AM,0,0,-9.722492,90,0,0,0.5887091,0,0,-1,0,0,0,0,0.5887091,0.64758,0,0,0,0,0,11.80586,0,0,0,0,2.800006,20,0.2205748,0.64758,0,0,0
11/25/2007 1:00:00 AM,0,0,-52.15821,90,0,0,1.255198,0,0,-1,0,0,0,0,1.255198,1.380718,0,0,0,0,0,11.80586,0,0,0,0,2.800006,20,0.2205748,1.380718,0,0,0
11/25/2007 2:00:00 AM,0,0,-65.15565,90,0,0,0.5842486,0,0,-1,0,0,0,0,0.5842486,0.6426734,0,0,0,0,0,11.80586,0,0,0,0,2.800006,20,0.2205748,0.6426734,0,0,0
11/25/2007 3:00:00 AM,0,0,-69.60374,90,0,0,0.3482102,0,0,-1,0,0,0,0,0.3482102,0.3830312,0,0,0,0,0,11.80586,0,0,0,0,2.800006,20,0.2205748,0.3830312,0,0,0
11/25/2007 4:00:00 AM,0,0,-70.90772,90,0,0,0,0,0,-1,0,0,0,0,0,0,0,0,0,0,0,11.80586,0,0,0,0,2.800006,20,0.2205748,0,0,0,0
11/25/2007 5:00:00 AM,0,0,-70.54127,90,0,0,0.838041,0.838041,4.343304,0,1.350722,0.838041,0,0,0,0,0,0,0,3.505263,3.33,11.80586,0,3.33,0,3.33,5.959121,42.56506,0.2206226,0.9218451,0,5,0
11/25/2007 6:00:00 AM,0.01339323,0,-68.917,90,0,0,0.9021482,0.9021482,4.407412,0,1.368223,0.9021482,0,0,0,0,0,0,0,3.505263,3.33,8.475861,2.997,3.33,0,3.33,9.118237,65.13013,0.220675,0.992363,0,5,2.997
11/25/2007 7:00:00 AM,0.2077827,12.48885,-65.98863,73.98213,0.2577223,1.156658,1.771894,1.771894,4.90326,0,1.50359,1.771894,65.27804,0,0,0,1.156658,0,0,3.131366,2.974797,5.14586,5.994,4.131455,0,4.131455,13.03768,93.12609,0.220721,1.949084,0.9253262,5,7.150658
11/25/2007 8:00:00 AM,0.3822861,25.78161,-61.33113,60.17411,0.4244776,1.905056,3.62091,3.62091,2.774792,0,0.9225183,3.62091,52.61261,0,0,0,1.905056,0.8906503,0.8461178,0,0,1.014405,9.71231,1.014405,0,1.014405,14.00003,100,0.220737,3.983001,1.524044,5,11.61736
11/25/2007 9:00:00 AM,0.5816935,38.32821,-53.97442,46.77174,0.6332058,2.841828,0.918075,0.918075,0,-1,0,0.918075,309.542,1.875433,0,0,2.841828,0.9663948,0.918075,0,0,0,10.62527,0,0,0,14.00003,100,0.220737,1.009883,2.273462,0,13.4671
11/25/2007 10:00:00 AM,0.8507769,49.40222,-42.0179,34.33249,0.921985,4.137868,3.596425,3.596425,1.25,0,0.50625,3.596425,115.0551,1.667948,0,0,4.137868,2.469921,2.346425,0,0,0,10.62527,0,0,0,14.00003,100,0.220737,3.956067,3.310295,5,14.76314
11/25/2007 11:00:00 AM,0.8948023,57.44275,-22.62702,24.44185,0.9625202,4.31979,0.8439589,0.8439589,0,0,0,0.8439589,511.8484,3.431413,0,0,4.31979,0.8883778,0.8439589,0,0,0,10.62527,0,0,0,14.00003,100,0.220737,0.9283547,3.455832,0,14.94506
11/25/2007 12:00:00 PM,0.8484308,59.89914,4.07212,21.10052,0.9078611,4.074481,3.803499,3.803499,1.25,0,0.50625,3.803499,107.1245,1.386587,0,0,4.074481,2.687894,2.553499,0,0,0,10.62527,0,0,0,14.00003,100,0.220737,4.183849,3.259584,5,14.69975
11/25/2007 1:00:00 PM,0.9669389,55.55268,29.18657,26.88114,1.042866,4.680384,0,0,0,0,0,0,0,4.680384,0,0,4.680384,0,0,0,0,0,10.62527,0,0,0,14.00003,100,0.220737,0,3.744307,0,15.30566
11/25/2007 2:00:00 PM,0.8487656,46.39589,46.13913,37.79913,0.923149,4.143093,0.975036,0.975036,0,-1,0,0.975036,424.9169,3.116739,0,0,4.143093,1.026354,0.975036,0,0,0,10.62527,0,0,0,14.00003,100,0.220737,1.07254,3.314474,0,14.76837
11/25/2007 3:00:00 PM,0.6327669,34.77963,56.48697,50.61409,0.700525,3.143956,2.666328,2.666328,0,-1,0,2.666328,117.9133,0.3372955,0,0,3.143956,2.806661,2.666328,0,0,0,10.62527,0,0,0,14.00003,100,0.220737,2.932961,2.515165,0,13.76923
11/25/2007 4:00:00 PM,0.3343478,21.96368,62.91092,64.17141,0.3779477,1.696229,0,0,0,-1,0,0,0,1.696229,0,0,1.696229,0,0,0,0,0,10.62527,0,0,0,14.00003,100,0.220737,0,1.356984,0,12.3215
11/25/2007 5:00:00 PM,0.1397906,8.528324,66.99396,78.04545,0.1870367,0.8394208,1.358412,1.358412,0,-1,0,1.358412,61.79428,0,0,0,0.8394208,1.429907,1.358412,0,0,0,10.62527,0,0.5904862,-0.5904862,13.3776,95.5541,0.220737,1.494253,0.6715366,0,11.46469
11/25/2007 6:00:00 PM,0.00117244,0,69.5163,90,0,0,5.524839,3.33,0,-1,0,3.33,0,0,2.194839,2.747323,0,3.505263,3.33,0,0,0.6560959,10.03479,0,3.505263,-3.505263,9.682729,69.16221,0.220737,6.077323,0,0,10.03479
11/25/2007 7:00:00 PM,0,0,70.78547,90,0,0,7.862229,3.33,0,-1,0,3.33,0,0,4.532229,5.318451,0,3.505263,3.33,0,0,4.550833,6.529525,0,3.505263,-3.505263,5.987857,42.77032,0.220737,8.648452,0,0,6.529525
11/25/2007 8:00:00 PM,0,0,70.73566,90,0,0,1.765377,1.765377,0,-1,0,1.765377,0,0,2.220446E-16,0,0,1.858291,1.765377,0,0,8.44557,3.024262,0,1.858291,-1.858291,4.029046,28.77884,0.220737,1.941914,0,0,3.024262
11/25/2007 9:00:00 PM,0,0,68.74902,90,0,0,0,0,0,-1,0,0,0,0,0,0,0,0,0,0,0,10.51034,1.16597,0,0,0,4.029046,28.77884,0.220737,0,0,0,1.16597
11/25/2007 10:00:00 PM,0,0,62.71716,90,0,0,0.8116657,0.8116657,0,-1,0,0.8116657,0,0,1.110223E-16,0,0,0.8543849,0.8116657,0,0,10.51034,1.16597,0,0.8543849,-0.8543849,3.128446,22.34599,0.220737,0.8928322,0,0,1.16597
11/25/2007 11:00:00 PM,0,0,44.40331,90,0,0,0.9943236,0.2960062,0,-1,0,0.2960062,0,0,0.6983175,0.7977498,0,0.3115855,0.2960062,0,0,11.45965,0.3115855,0,0.3115855,-0.3115855,2.800006,20,0.220737,1.093756,0,0,0.3115855
11/26/2007 12:00:00 AM,0,0,-9.25668,90,0,0,0.8724015,0,0,-1,0,0,0,0,0.8724015,0.9596417,0,0,0,0,0,11.80586,0,0,0,0,2.800006,20,0.220737,0.9596417,0,0,0
11/26/2007 1:00:00 AM,0,0,-51.62879,90,0,0,1.463243,0,0,-1,0,0,0,0,1.463243,1.609568,0,0,0,0,0,11.80586,0,0,0,0,2.800006,20,0.220737,1.609568,0,0,0
11/26/2007 2:00:00 AM,0,0,-64.81136,90,0,0,0,0,0,-1,0,0,0,0,0,0,0,0,0,0,0,11.80586,0,0,0,0,2.800006,20,0.220737,0,0,0,0
11/26/2007 3:00:00 AM,0,0,-69.35209,90,0,0,0.8711346,0,0,-1,0,0,0,0,0.8711346,0.958248,0,0,0,0,0,11.80586,0,0,0,0,2.800006,20,0.220737,0.958248,0,0,0
11/26/2007 4:00:00 AM,0,0,-70.70419,90,0,0,0.2483706,0,0,-1,0,0,0,0,0.2483706,0.2732077,0,0,0,0,0,11.80586,0,0,0,0,2.800006,20,0.220737,0.2732077,0,0,0
11/26/2007 5:00:00 AM,0,0,-70.36408,90,0,0,0.204727,0.204727,3.70999,0,1.177827,0.204727,0,0,0,0,0,0,0,3.505263,3.33,11.80586,0,3.33,0,3.33,5.959121,42.56506,0.2207396,0.2251997,0,5,0
11/26/2007 6:00:00 AM,0.0160242,0,-68.754,90,0,0,0.9834418,0.9834418,4.488705,0,1.390417,0.9834418,0,0,0,0,0,0,0,3.505263,3.33,8.475861,2.997,3.33,0,3.33,9.118237,65.13013,0.2207975,1.081786,0,5,2.997
11/26/2007 7:00:00 AM,0.1828731,12.37669,-65.83241,74.0703,0.2203008,0.9887099,3.717043,3.717043,5,0,1.53,3.717043,26.59936,0,0,0,0.9887099,0,0,1.282957,1.218809,5.14586,5.994,2.207519,0,2.207519,11.21247,80.08893,0.2208412,4.088748,0.7909679,5,6.98271
11/26/2007 8:00:00 AM,0.3646702,25.65179,-61.17813,60.28043,0.4022641,1.805361,1.92199,1.92199,0,0,0,1.92199,93.93189,0,0,0,1.805361,2.023147,1.92199,0,0,2.938341,7.980767,0,0.2177857,-0.2177857,10.98291,78.44917,0.2208412,2.114189,1.444289,0,9.786128
11/26/2007 9:00:00 AM,0.6701146,38.17773,-53.82807,46.89994,0.7371553,3.308353,1.694865,1.694865,0,-1,0,1.694865,195.1986,0,0,0,3.308353,1.784069,1.694865,0,0,3.180326,7.762981,1.524285,0,1.524285,12.42897,88.77818,0.2207625,1.864352,2.646683,0,11.07133
11/26/2007 10:00:00 AM,0.5640551,49.22874,-41.90149,34.48885,0.5900623,2.648199,2.206143,2.206143,0,0,0,2.206143,120.0375,0,0,0,2.648199,2.322256,2.206143,0,0,1.656041,9.134837,0.3259435,0,0.3259435,12.73819,90.98686,0.2207457,2.426757,2.118559,0,11.78304
11/26/2007 11:00:00 AM,0.824663,57.25359,-22.61112,24.62775,0.8841724,3.968166,0.526931,0.526931,0,0,0,0.526931,753.0712,2.083404,0,0,3.968166,0.5546643,0.526931,0,0,1.330098,9.428186,1.330098,0,1.330098,14.00003,100,0.220677,0.5796241,3.174533,0,13.39635
11/26/2007 12:00:00 PM,0.8041269,59.72845,3.909091,21.26865,0.8575385,3.848633,3.661125,3.661125,1.25,0,0.50625,3.661125,105.1216,1.310606,0,0,3.848633,2.538027,2.411125,0,0,0,10.62527,0,0,0,14.00003,100,0.220677,4.027238,3.078906,5,14.47391
11/26/2007 1:00:00 PM,0.9060368,55.43706,28.92187,26.96987,0.9771714,4.385545,2.354779,2.354779,0,0,0,2.354779,186.2402,1.90683,0,0,4.385545,2.478715,2.354779,0,0,0,10.62527,0,0,0,14.00003,100,0.220677,2.590257,3.508436,0,15.01082
11/26/2007 2:00:00 PM,0.7848799,46.33435,45.87963,37.82663,0.853435,3.830216,1.900035,1.900035,0,-1,0,1.900035,201.5867,1.83018,0,0,3.830216,2.000036,1.900035,0,0,0,10.62527,0,0,0,14.00003,100,0.220677,2.090038,3.064173,0,14.45549
11/26/2007 3:00:00 PM,0.6687705,34.75735,56.25806,50.60424,0.7414062,3.327431,3.361936,3.33,0,-1,0,3.33,99.92285,0,0.0319355,0.368129,3.327431,3.505263,3.33,0,0,0,10.62527,0,0.1778322,-0.1778322,13.81258,98.66106,0.220677,3.698129,2.661945,0,13.95271
11/26/2007 4:00:00 PM,0.4333902,21.96946,62.70684,64.13633,0.5020977,2.253414,1.889453,1.889453,0,-1,0,1.889453,119.2628,0.06692477,0,0,2.253414,1.988898,1.889453,0,0,0.1975913,10.44744,0.1975913,0,0.1975913,14.00003,100,0.2206669,2.078399,1.802731,0,12.70086
11/26/2007 5:00:00 PM,0.1213119,8.555527,66.80447,77.99088,0.1535647,0.6891983,1.176497,1.176497,0,-1,0,1.176497,58.58053,0,0,0,0.6891983,1.238418,1.176497,0,0,0,10.62527,0,0.5492198,-0.5492198,13.4211,95.86481,0.2206669,1.294147,0.5513586,0,11.31447
11/26/2007 6:00:00 PM,0.001110163,0,69.33161,90,0,0,2.300209,2.300209,0,-1,0,2.300209,0,0,0,0,0,2.421273,2.300209,0,0,0.6102442,10.07605,0,2.421273,-2.421273,10.86885,77.63451,0.2206669,2.53023,0,0,10.07605
11/26/2007 7:00:00 PM,0,0,70.59585,90,0,0,8.54213,3.33,0,-1,0,3.33,0,0,5.212129,6.066342,0,3.505263,3.33,0,0,3.300547,7.654782,0,3.505263,-3.505263,7.173982,51.24263,0.2206669,9.396342,0,0,7.654782
11/26/2007 8:00:00 PM,0,0,70.52966,90,0,0,6.578713,3.33,0,-1,0,3.33,0,0,3.248713,3.906584,0,3.505263,3.33,0,0,7.195284,4.149518,0,3.505263,-3.505263,3.47911,24.85074,0.2206669,7.236584,0,0,4.149518
11/26/2007 9:00:00 PM,0,0,68.51105,90,0,0,1.63646,0.6120427,0,-1,0,0.6120427,0,0,1.024417,1.188063,0,0.6442555,0.6120427,0,0,11.09002,0.6442555,0,0.6442555,-0.6442555,2.800006,20,0.2206669,1.800106,0,0,0.6442555
11/26/2007 10:00:00 PM,0,0,62.42811,90,0,0,0.6423318,0,0,-1,0,0,0,0,0.6423318,0.706565,0,0,0,0,0,11.80586,0,0,0,0,2.800006,20,0.2206669,0.706565,0,0,0
11/26/2007 11:00:00 PM,0,0,44.12208,90,0,0,0.9703981,0,0,-1,0,0,0,0,0.9703981,1.067438,0,0,0,0,0,11.80586,0,0,0,0,2.800006,20,0.2206669,1.067438,0,0,0
11/27/2007 12:00:00 AM,0,0,-8.796655,90,0,0,1.408251,0,0,-1,0,0,0,0,1.408251,1.549076,0,0,0,0,0,11.80586,0,0,0,0,2.800006,20,0.2206669,1.549076,0,0,0
11/27/2007 1:00:00 AM,0,0,-51.11227,90,0,0,0.2900895,0,0,-1,0,0,0,0,0.2900895,0.3190984,0,0,0,0,0,11.80586,0,0,0,0,2.800006,20,0.2206669,0.3190984,0,0,0
11/27/2007 2:00:00 AM,0,0,-64.47644,90,0,0,0,0,0,-1,0,0,0,0,0,0,0,0,0,0,0,11.80586,0,0,0,0,2.800006,20,0.2206669,0,0,0,0
11/27/2007 3:00:00 AM,0,0,-69.1081,90,0,0,1.497293,0,0,-1,0,0,0,0,1.497293,1.647022,0,0,0,0,0,11.80586,0,0,0,0,2.800006,20,0.2206669,1.647022,0,0,0
11/27/2007 4:00:00 AM,0,0,-70.50746,90,0,0,1.004418,0,0,-1,0,0,0,0,1.004418,1.10486,0,0,0,0,0,11.80586,0,0,0,0,2.800006,20,0.2206669,1.10486,0,0,0
11/27/2007 5:00:00 AM,0,0,-70.19339,90,0,0,0.7153013,0.7153013,4.220564,0,1.317214,0.7153013,0,0,0,0,0,0,0,3.505263,3.33,11.80586,0,3.33,0,3.33,5.959121,42.56506,0.2207057,0.7868315,0,5,0
11/27/2007 6:00:00 AM,0.006506353,0,-68.59752,90,0,0,1.438823,1.438823,4.944087,0,1.514736,1.438823,0,0,0,0,0,0,0,3.505263,3.33,8.475861,2.997,3.33,0,3.33,9.118237,65.13013,0.2207823,1.582706,0,5,2.997
11/27/2007 7:00:00 AM,0.04254163,12.26376,-65.68313,74.16026,0.04251511,0.1908078,4.27424,4.27424,5,0,1.53,4.27424,4.464134,0,0,0,0.1908078,0,0,0.7257605,0.6894725,5.14586,5.994,0.8802803,0,0.8802803,9.953343,71.09517,0.2208011,4.701663,0.1526462,5,6.184808
11/27/2007 8:00:00 AM,0.1901612,25.52196,-61.03286,60.38791,0.1916101,0.859946,2.336759,2.336759,5,0,1.53,2.336759,36.8008,0,0,0,0.859946,0,0,2.663241,2.530079,4.26558,6.786252,3.390025,0,3.390025,13.1694,94.06698,0.2208727,2.570435,0.6879568,5,7.646198
11/27/2007 9:00:00 AM,0.3389722,38.02829,-53.69066,47.02839,0.3449827,1.548283,0,0,0,-1,0,0,0,0.6727277,0,0,1.548283,0,0,0,0,0.8755548,9.837275,0.8755548,0,0.8755548,14.00003,100,0.2208276,0,1.238626,0,11.38556
11/27/2007 10:00:00 AM,0.406002,49.0579,-41.79519,34.64393,0.4111211,1.845112,4.405659,4.405659,2.652803,0,0.8892152,4.405659,41.88049,0,0,0,1.845112,1.845112,1.752856,0,0,0,10.62527,0,0,0,14.00003,100,0.2208276,4.846225,1.476089,5,12.47039
11/27/2007 11:00:00 AM,0.5942572,57.06918,-22.60403,24.80968,0.6158051,2.763733,3.027893,3.027893,1.25,0,0.50625,3.027893,91.27579,0.8922668,0,0,2.763733,1.871467,1.777893,0,0,0,10.62527,0,0,0,14.00003,100,0.2208276,3.330683,2.210987,5,13.38901
11/27/2007 12:00:00 PM,0.5035574,59.56396,3.74392,21.43067,0.5119385,2.29758,0,0,0,0,0,0,0,2.29758,0,0,2.29758,0,0,0,0,0,10.62527,0,0,0,14.00003,100,0.2208276,0,1.838064,0,12.92285
11/27/2007 1:00:00 PM,0.5319686,55.32745,28.66072,27.05326,0.5462525,2.451581,2.040585,2.040585,0,0,0,2.040585,120.1411,0.303597,0,0,2.451581,2.147985,2.040585,0,0,0,10.62527,0,0,0,14.00003,100,0.2208276,2.244644,1.961265,0,13.07686
11/27/2007 2:00:00 PM,0.5979025,46.27809,45.62533,37.84973,0.635608,2.852609,3.564561,3.33,0,-1,0,3.33,85.66392,0,0.2345607,0.5910168,2.852609,3.505263,3.33,0,0,0,10.62527,0,0.6526546,-0.6526546,13.31207,95.08602,0.2208276,3.921017,2.282087,0,13.47788
11/27/2007 3:00:00 PM,0.413955,34.7397,56.0346,50.59066,0.4370298,1.96139,3.210215,3.210215,0,-1,0,3.210215,61.09839,0,0,0.201237,1.96139,3.379174,3.210215,0,0,0.7251717,9.97262,0,1.417784,-1.417784,11.81759,84.41122,0.2208276,3.531237,1.569112,0,11.93401
11/27/2007 4:00:00 PM,0.2851885,21.97933,62.50822,64.09805,0.3120272,1.400378,3.845582,3.33,0,-1,0,3.33,42.05339,0,0.5155814,0.9001396,1.400378,3.505263,3.33,0,0,2.300488,8.554835,0,2.104885,-2.104885,9.59885,68.56308,0.2208276,4.23014,1.120302,0,9.955214
11/27/2007 5:00:00 PM,0.1006386,8.586369,66.62055,77.93356,0.1167571,0.5240057,6.396114,3.33,0,-1,0,3.33,15.73591,4.440892E-16,3.066114,3.705726,0.5240057,3.505263,3.33,0,0,4.639249,6.44995,0,2.981257,-2.981257,6.456328,46.11654,0.2208276,7.035726,0.4192045,0,6.973956
11/27/2007 6:00:00 PM,0.001922579,0,69.15285,90,0,0,8.233108,3.295258,0,-1,0,3.295258,0,0,4.93785,5.761161,0,3.468693,3.295258,0,0,7.951757,3.468693,0,3.468693,-3.468693,2.800006,20,0.2208276,9.056418,0,0,3.468693
11/27/2007 7:00:00 PM,0,0,70.41286,90,0,0,11.25964,0,0,-1,0,0,0,0,11.25964,12.3856,0,0,0,0,0,11.80586,0,0,0,0,2.800006,20,0.2208276,12.3856,0,0,0
11/27/2007 8:00:00 PM,0,0,70.33162,90,0,0,2.891422,0,0,-1,0,0,0,0,2.891422,3.180564,0,0,0,0,0,11.80586,0,0,0,0,2.800006,20,0.2208276,3.180564,0,0,0
11/27/2007 9:00:00 PM,0,0,68.28355,90,0,0,3.618671,0,0,-1,0,0,0,0,3.618671,3.980538,0,0,0,0,0,11.80586,0,0,0,0,2.800006,20,0.2208276,3.980538,0,0,0
11/27/2007 10:00:00 PM,0,0,62.15482,90,0,0,1.112165,0,0,-1,0,0,0,0,1.112165,1.223381,0,0,0,0,0,11.80586,0,0,0,0,2.800006,20,0.2208276,1.223381,0,0,0
11/27/2007 11:00:00 PM,0,0,43.86667,90,0,0,0.4025085,0,0,-1,0,0,0,0,0.4025085,0.4427594,0,0,0,0,0,11.80586,0,0,0,0,2.800006,20,0.2208276,0.4427594,0,0,0
11/28/2007 12:00:00 AM,0,0,-8.341878,90,0,0,0.3194108,0,0,-1,0,0,0,0,0.3194108,0.3513519,0,0,0,0,0,11.80586,0,0,0,0,2.800006,20,0.2208276,0.3513519,0,0,0
11/28/2007 1:00:00 AM,0,0,-50.60849,90,0,0,0,0,0,-1,0,0,0,0,0,0,0,0,0,0,0,11.80586,0,0,0,0,2.800006,20,0.2208276,0,0,0,0
11/28/2007 2:00:00 AM,0,0,-64.15092,90,0,0,0.3847693,0,0,-1,0,0,0,0,0.3847693,0.4232462,0,0,0,0,0,11.80586,0,0,0,0,2.800006,20,0.2208276,0.4232462,0,0,0
11/28/2007 3:00:00 AM,0,0,-68.87183,90,0,0,0,0,0,-1,0,0,0,0,0,0,0,0,0,0,0,11.80586,0,0,0,0,2.800006,20,0.2208276,0,0,0,0
11/28/2007 4:00:00 AM,0,0,-70.31763,90,0,0,0.3535153,0,0,-1,0,0,0,0,0.3535153,0.3888668,0,0,0,0,0,11.80586,0,0,0,0,2.800006,20,0.2208276,0.3888668,0,0,0
11/28/2007 5:00:00 AM,0,0,-70.02924,90,0,0,0,0,0,0,0,0,0,0,0,0,0,0,0,0,0,11.80586,0,0,0,0,2.800006,20,0.2208276,0,0,0,0
11/28/2007 6:00:00 AM,0.01474057,0,-68.44762,90,0,0,0.9706753,0.9706753,4.475938,0,1.386931,0.9706753,0,0,0,0,0,0,0,3.505263,3.33,11.80586,0,3.33,0,3.33,5.959121,42.56506,0.2208843,1.067743,0,5,0
11/28/2007 7:00:00 AM,0.1419015,12.15015,-65.54079,74.25194,0.1582314,0.7101426,3.070356,3.070356,5,0,1.53,3.070356,23.129,0,0,0,0.7101426,0,0,1.929644,1.833161,8.475861,2.997,2.543304,0,2.543304,8.371911,59.79924,0.2209374,3.377392,0.5681141,5,3.707143
11/28/2007 8:00:00 AM,0.4236462,25.3922,-60.89532,60.49645,0.4799869,2.154181,2.560823,2.560823,5,0,1.53,2.560823,84.12067,0,0,0,2.154181,0,0,2.439177,2.317219,5.932556,5.285974,4.4714,0,4.4714,12.61385,90.09877,0.2209721,2.816905,1.723345,5,7.440155
11/28/2007 9:00:00 AM,0.6995846,37.88,-53.56212,47.15696,0.7714414,3.462229,1.374035,1.374035,0,-1,0,1.374035,251.9753,0.5547196,0,0,3.462229,1.446353,1.374035,0,0,1.461157,9.310233,1.461157,0,1.461157,14.00003,100,0.2208971,1.511439,2.769783,0,12.77246
11/28/2007 10:00:00 AM,0.7979227,48.88979,-41.69883,34.79757,0.8654917,3.884327,1.74796,1.74796,0,0,0,1.74796,222.2206,2.044369,0,0,3.884327,1.839958,1.74796,0,0,0,10.62527,0,0,0,14.00003,100,0.2208971,1.922756,3.107462,0,14.5096
11/28/2007 11:00:00 AM,0.8153039,56.88956,-22.60554,24.98755,0.874607,3.925236,0,0,0,0,0,0,0,3.925236,0,0,3.925236,0,0,0,0,0,10.62527,0,0,0,14.00003,100,0.2208971,0,3.140189,0,14.55051
11/28/2007 12:00:00 PM,0.7035219,59.40569,3.576677,21.58656,0.7408459,3.324916,3.883795,3.883795,1.25,0,0.50625,3.883795,85.60999,0.5525005,0,0,3.324916,2.772416,2.633795,0,0,0,10.62527,0,0,0,14.00003,100,0.2208971,4.272175,2.659933,5,13.95019
11/28/2007 1:00:00 PM,0.8141615,55.22387,28.40312,27.13126,0.8754421,3.928984,0,0,0,0,0,0,0,3.928984,0,0,3.928984,0,0,0,0,0,10.62527,0,0,0,14.00003,100,0.2208971,0,3.143187,0,14.55426
11/28/2007 2:00:00 PM,0.786327,46.22712,45.37626,37.86842,0.8560518,3.84196,2.743679,2.743679,0,-1,0,2.743679,140.0295,0.9538776,0,0,3.84196,2.888083,2.743679,0,0,0,10.62527,0,0,0,14.00003,100,0.2208971,3.018047,3.073568,0,14.46723
11/28/2007 3:00:00 PM,0.5905966,34.72667,55.81662,50.57335,0.6536717,2.933679,0.01533706,0.01533706,0,-1,0,0.01533706,19128.04,2.917534,0,0,2.933679,0.01614428,0.01533706,0,0,0,10.62527,0,0,0,14.00003,100,0.2208971,0.01687077,2.346943,0,13.55895
11/28/2007 4:00:00 PM,0.2719097,21.99327,62.3151,64.05657,0.2944307,1.321405,1.650303,1.650303,0,-1,0,1.650303,80.07043,0,2.220446E-16,0,1.321405,1.737162,1.650303,0,0,0,10.62527,0,0.4157566,-0.4157566,13.56178,96.86968,0.2208971,1.815334,1.057124,0,11.94668
11/28/2007 5:00:00 PM,0.1115697,8.620805,66.44226,77.87354,0.1355022,0.6081339,0,0,0,-1,0,0,0,0.1461822,0,0,0.6081339,0,0,0,0,0.4619517,10.20952,0.4619517,0,0.4619517,14.00003,100,0.2208734,0,0.4865071,0,10.81765
11/28/2007 6:00:00 PM,0.0009634107,0,68.98007,90,0,0,1.636593,1.636593,0,-1,0,1.636593,0,0,2.220446E-16,0,0,1.72273,1.636593,0,0,0,10.62527,0,1.72273,-1.72273,12.18411,87.02919,0.2208734,1.800253,0,0,10.62527
11/28/2007 7:00:00 PM,0,0,70.23656,90,0,0,0,0,0,-1,0,0,0,0,0,0,0,0,0,0,0,1.914144,8.902544,0,0,0,12.18411,87.02919,0.2208734,0,0,0,8.902544
11/28/2007 8:00:00 PM,0,0,70.14158,90,0,0,2.68203,2.68203,0,-1,0,2.68203,0,0,4.440892E-16,0,0,2.823189,2.68203,0,0,1.914144,8.902544,0,2.823189,-2.823189,9.208209,65.77279,0.2208734,2.950233,0,0,8.902544
11/28/2007 9:00:00 PM,0,0,68.06652,90,0,0,3.992081,3.33,0,-1,0,3.33,0,0,0.662081,1.061289,0,3.505263,3.33,0,0,5.051021,6.079355,0,3.505263,-3.505263,5.513337,39.3809,0.2208734,4.391289,0,0,6.079355
11/28/2007 10:00:00 PM,0,0,61.89714,90,0,0,0.5586342,0.5586342,0,-1,0,0.5586342,0,0,0,0,0,0.5880359,0.5586342,0,0,8.945758,2.574092,0,0.5880359,-0.5880359,4.893493,34.95345,0.2208734,0.6144975,0,0,2.574092
11/28/2007 11:00:00 PM,0,0,43.63622,90,0,0,0.3313544,0.3313544,0,-1,0,0.3313544,0,0,5.551115E-17,0,0,0.3487942,0.3313544,0,0,9.599132,1.986056,0,0.3487942,-0.3487942,4.525831,32.3273,0.2208734,0.3644899,0,0,1.986056
11/29/2007 12:00:00 AM,0,0,-7.891853,90,0,0,0.360837,0.360837,0,-1,0,0.360837,0,0,0,0,0,0.3798284,0.360837,0,0,9.98668,1.637262,0,0.3798284,-0.3798284,4.125457,29.46749,0.2208734,0.3969207,0,0,1.637262
11/29/2007 1:00:00 AM,0,0,-50.11729,90,0,0,0.2738807,0.2738807,0,-1,0,0.2738807,0,0,0,0,0,0.2882955,0.2738807,0,0,10.40871,1.257434,0,0.2882955,-0.2882955,3.821567,27.29685,0.2208734,0.3012688,0,0,1.257434
11/29/2007 2:00:00 AM,0,0,-63.83485,90,0,0,1.389781,0.9206811,0,-1,0,0.9206811,0,0,0.4690998,0.6080779,0,0.969138,0.9206811,0,0,10.72904,0.969138,0,0.969138,-0.969138,2.800006,20,0.2208734,1.528759,0,0,0.969138
11/29/2007 3:00:00 AM,0,0,-68.64336,90,0,0,1.135216,0,0,-1,0,0,0,0,1.135216,1.248738,0,0,0,0,0,11.80586,0,0,0,0,2.800006,20,0.2208734,1.248738,0,0,0
11/29/2007 4:00:00 AM,0,0,-70.13473,90,0,0,0,0,0,-1,0,0,0,0,0,0,0,0,0,0,0,11.80586,0,0,0,0,2.800006,20,0.2208734,0,0,0,0
11/29/2007 5:00:00 AM,0,0,-69.87165,90,0,0,0,0,0,0,0,0,0,0,0,0,0,0,0,0,0,11.80586,0,0,0,0,2.800006,20,0.2208734,0,0,0,0
11/29/2007 6:00:00 AM,0.006125356,0,-68.30431,90,0,0,0.274783,0.274783,3.780046,0,1.196953,0.274783,0,4.440892E-16,0,0,0,0,0,3.505263,3.33,11.80586,0,3.33,0,3.33,5.959121,42.56506,0.2208808,0.3022613,0,5,0
11/29/2007 7:00:00 AM,0.08381456,12.03595,-65.40543,74.34524,0.08479246,0.3805486,8.410911,8.208672,5,0,1.53,8.208672,4.635934,0,0.2022394,1.332547,0.3805486,3.377549,3.208671,0,0,8.475861,2.997,0,2.997,-2.997,2.800006,20,0.2208808,9.252002,0.3044389,5,3.377549
11/29/2007 8:00:00 AM,0.2466194,25.26262,-60.76549,60.60594,0.2546836,1.14302,0,0,3.505263,0,1.121937,0,0,0,0,0,1.14302,0,0,3.505263,3.33,11.80586,0,4.47302,0,4.47302,7.043485,50.3105,0.2208103,0,0.914416,5,1.14302
11/29/2007 9:00:00 AM,0.2508788,37.73298,-53.44241,47.28553,0.2513729,1.128162,0.04518171,0.04518171,0,-1,0,0.04518171,2496.944,0,0,0,1.128162,0.04755969,0.04518171,0,0,7.33284,4.025718,1.080602,0,1.080602,8.068634,57.63298,0.220755,0.04969988,0.9025294,0,5.15388
11/29/2007 10:00:00 AM,0.3246334,48.72452,-41.6123,34.94967,0.3253889,1.460345,3.898272,3.898272,5,0,1.53,3.898272,37.46135,0,0,0,1.460345,0,0,1.101729,1.046642,6.252238,4.99826,2.506987,0,2.506987,10.44697,74.62107,0.2208017,4.288099,1.168276,5,6.458605
11/29/2007 11:00:00 AM,0.6328533,56.71483,-22.61546,25.16128,0.661337,2.96808,0.717405,0.717405,1.535479,0,0.5841858,0.717405,413.7245,2.220446E-16,0,0,2.96808,0,0,0.8180741,0.7771704,3.745251,7.254549,3.745251,0,3.745251,14.00003,100,0.2206303,0.7891455,2.374464,5,10.22263
11/29/2007 12:00:00 PM,0.5960382,59.25367,3.407432,21.73629,0.616012,2.764662,1.664652,1.664652,0,0,0,1.664652,166.0804,1.012396,0,0,2.764662,1.752265,1.664652,0,0,0,10.62527,0,0,0,14.00003,100,0.2206303,1.831117,2.211729,0,13.38994
11/29/2007 1:00:00 PM,0.853056,55.12635,28.14905,27.20385,0.9200224,4.12906,2.152218,2.152218,0,0,0,2.152218,191.8514,1.863568,0,0,4.12906,2.265492,2.152218,0,0,0,10.62527,0,0,0,14.00003,100,0.2206303,2.367439,3.303248,0,14.75433
11/29/2007 2:00:00 PM,0.6611174,46.18145,45.13243,37.88268,0.712019,3.195541,0,0,0,-1,0,0,0,3.195541,0,0,3.195541,0,0,0,0,0,10.62527,0,0,0,14.00003,100,0.2206303,0,2.556433,0,13.82082
11/29/2007 3:00:00 PM,0.6290081,34.71824,55.60417,50.55234,0.6982014,3.133528,0.7822757,0.7822757,0,-1,0,0.7822757,400.5656,2.31008,0,0,3.133528,0.8234481,0.7822757,0,0,0,10.62527,0,0,0,14.00003,100,0.2206303,0.8605033,2.506822,0,13.7588
11/29/2007 4:00:00 PM,0.3967957,22.01124,62.12755,64.01196,0.4597161,2.063206,1.675741,1.675741,0,-1,0,1.675741,123.122,0.2992677,0,0,2.063206,1.763938,1.675741,0,0,0,10.62527,0,0,0,14.00003,100,0.2206303,1.843315,1.650565,0,12.68848
11/29/2007 5:00:00 PM,0.1208853,8.658788,66.26966,77.81087,0.1521915,0.6830353,0,0,0,-1,0,0,0,0.6830353,0,0,0.6830353,0,0,0,0,0,10.62527,0,0,0,14.00003,100,0.2206303,0,0.5464282,0,11.30831
11/29/2007 6:00:00 PM,0.001779596,0,68.81332,90,0,0,1.749604,1.749604,0,-1,0,1.749604,0,0,2.220446E-16,0,0,1.841688,1.749604,0,0,0,10.62527,0,1.841688,-1.841688,12.05872,86.13353,0.2206303,1.924564,0,0,10.62527
11/29/2007 7:00:00 PM,0,0,70.067,90,0,0,6.849589,3.33,0,-1,0,3.33,0,0,3.519589,4.204548,0,3.505263,3.33,0,0,2.04632,8.783586,0,3.505263,-3.505263,8.363846,59.74164,0.2206303,7.534548,0,0,8.783586
11/29/2007 8:00:00 PM,0,0,69.95957,90,0,0,0,0,0,-1,0,0,0,0,0,0,0,0,0,0,0,5.941057,5.278323,0,0,0,8.363846,59.74164,0.2206303,0,0,0,5.278323
11/29/2007 9:00:00 PM,0,0,67.85998,90,0,0,2.862036,2.862036,0,-1,0,2.862036,0,0,4.440892E-16,0,0,3.01267,2.862036,0,0,5.941057,5.278323,0,3.01267,-3.01267,5.188213,37.05859,0.2206303,3.14824,0,0,5.278323
11/29/2007 10:00:00 PM,0,0,61.65495,90,0,0,0.6137012,0.6137012,0,-1,0,0.6137012,0,0,1.110223E-16,0,0,0.6460013,0.6137012,0,0,9.288468,2.265653,0,0.6460013,-0.6460013,4.507268,32.19471,0.2206303,0.6750714,0,0,2.265653
11/29/2007 11:00:00 PM,0,0,43.42994,90,0,0,0,0,0,-1,0,0,0,0,0,0,0,0,0,0,0,10.00625,1.619652,0,0,0,4.507268,32.19471,0.2206303,0,0,0,1.619652
11/30/2007 12:00:00 AM,0,0,-7.446121,90,0,0,1.212943,1.212943,0,-1,0,1.212943,0,0,2.220446E-16,0,0,1.276782,1.212943,0,0,10.00625,1.619652,0,1.276782,-1.276782,3.161422,22.58154,0.2206303,1.334238,0,0,1.619652
11/30/2007 1:00:00 AM,0,0,-49.63852,90,0,0,1.244994,0.3257258,0,-1,0,0.3257258,0,0,0.9192684,1.043768,0,0.3428693,0.3257258,0,0,11.42489,0.3428693,0,0.3428693,-0.3428693,2.800006,20,0.2206303,1.369494,0,0,0.3428693
11/30/2007 2:00:00 AM,0,0,-63.52826,90,0,0,1.173193,0,0,-1,0,0,0,0,1.173193,1.290512,0,0,0,0,0,11.80586,0,0,0,0,2.800006,20,0.2206303,1.290512,0,0,0
11/30/2007 3:00:00 AM,0,0,-68.42274,90,0,0,0,0,0,-1,0,0,0,0,0,0,0,0,0,0,0,11.80586,0,0,0,0,2.800006,20,0.2206303,0,0,0,0
11/30/2007 4:00:00 AM,0,0,-69.95881,90,0,0,0,0,0,-1,0,0,0,0,0,0,0,0,0,0,0,11.80586,0,0,0,0,2.800006,20,0.2206303,0,0,0,0
11/30/2007 5:00:00 AM,0,0,-69.7207,90,0,0,2.026415,2.026415,5,0,1.53,2.026415,0,-4.440892E-16,0,0,0,0,0,2.973585,2.824906,11.80586,0,2.824906,0,2.824906,5.479947,39.1424,0.2206948,2.229056,0,5,0
11/30/2007 6:00:00 AM,0.01487954,0,-68.16763,90,0,0,0.3239173,0.3239173,3.82918,0,1.210366,0.3239173,0,4.440892E-16,0,0,0,0,0,3.505263,3.33,8.980954,2.542415,3.33,0,3.33,8.639062,61.70746,0.2207057,0.356309,0,5,2.542415
11/30/2007 7:00:00 AM,0.220007,11.92125,-65.27704,74.44007,0.2816007,1.263824,0,0,3.505263,0,1.121937,0,0,0,0,0,1.263824,0,0,3.505263,3.33,5.650954,5.539415,4.593824,0,4.593824,12.99715,92.83657,0.2206296,0,1.011059,5,6.803239
11/30/2007 8:00:00 AM,0.4134826,25.13332,-60.64336,60.71627,0.4688238,2.104081,0.325074,0.325074,0,0,0,0.325074,647.2623,0.7047676,0,0,2.104081,0.3421832,0.325074,0,0,1.057131,9.673857,1.057131,0,1.057131,14.00003,100,0.2205757,0.3575814,1.683265,0,11.77794
11/30/2007 9:00:00 AM,0.7767398,37.58733,-53.33147,47.41398,0.8591152,3.855709,0.8004559,0.8004559,0,-1,0,0.8004559,481.6891,3.013124,0,0,3.855709,0.8425852,0.8004559,0,0,0,10.62527,0,0,0,14.00003,100,0.2205757,0.8805016,3.084567,0,14.48098
11/30/2007 10:00:00 AM,0.859028,48.56219,-41.53543,35.10008,0.9341916,4.192652,4.462172,4.462172,1.25,0,0.50625,4.462172,93.9599,0.8114187,0,0,4.192652,3.381233,3.212172,0,0,0,10.62527,0,0,0,14.00003,100,0.2205757,4.908389,3.354121,5,14.81793
11/30/2007 11:00:00 AM,0.7265752,56.54504,-22.63359,25.33078,0.7721968,3.465619,0,0,0,0,0,0,0,3.465619,0,0,3.465619,0,0,0,0,0,10.62527,0,0,0,14.00003,100,0.2205757,0,2.772495,0,14.09089
11/30/2007 12:00:00 PM,0.5477613,59.10794,3.236254,21.87983,0.5614014,2.519569,1.192147,1.192147,0,0,0,1.192147,211.3471,1.264677,0,0,2.519569,1.254892,1.192147,0,0,0,10.62527,0,0,0,14.00003,100,0.2205757,1.311362,2.015656,0,13.14484
11/30/2007 1:00:00 PM,0.5923122,55.03492,27.8985,27.27098,0.6161002,2.765058,2.260806,2.260806,0,0,0,2.260806,122.3041,0.3852616,0,0,2.765058,2.379796,2.260806,0,0,0,10.62527,0,0,0,14.00003,100,0.2205757,2.486887,2.212046,0,13.39033
11/30/2007 2:00:00 PM,0.6180128,46.1411,44.89388,37.89249,0.6607123,2.965277,1.008746,1.008746,0,-1,0,1.008746,293.9567,1.903439,0,0,2.965277,1.061838,1.008746,0,0,0,10.62527,0,0,0,14.00003,100,0.2205757,1.109621,2.372221,0,13.59055
11/30/2007 3:00:00 PM,0.4372063,34.71441,55.3973,50.52762,0.4661496,2.092079,6.331538,3.33,0,-1,0,3.33,62.82521,0,3.001538,3.634691,2.092079,3.505263,3.33,0,0,0,10.62527,0,1.413184,-1.413184,12.5104,89.35983,0.2205757,6.964691,1.673663,0,12.71735
11/30/2007 4:00:00 PM,0.1993214,22.03321,61.94562,63.96422,0.2044817,0.9177139,0.5694926,0.5694926,0,-1,0,0.5694926,161.1459,0,0,0,0.9177139,0.5994658,0.5694926,0,0,1.570204,9.21209,0.3182481,0,0.3182481,12.81232,91.51637,0.2205595,0.6264418,0.7341712,0,10.1298
11/30/2007 5:00:00 PM,0.1259702,8.700269,66.10281,77.74561,0.1612778,0.7238148,2.233286,2.233286,0,-1,0,2.233286,32.41031,0,0,0,0.7238148,2.350827,2.233286,0,0,1.251956,9.498513,0,1.627012,-1.627012,11.0973,79.26624,0.2205595,2.456614,0.5790519,0,10.22233
11/30/2007 6:00:00 PM,0.001150509,0,68.65266,90,0,0,5.529016,3.33,0,-1,0,3.33,0,0,2.199016,2.751918,0,3.505263,3.33,0,0,3.059748,7.871501,0,3.505263,-3.505263,7.402424,52.87436,0.2205595,6.081918,0,0,7.871501
11/30/2007 7:00:00 PM,0,0,69.90422,90,0,0,3.505049,3.33,0,-1,0,3.33,0,0,0.1750493,0.5255543,0,3.505263,3.33,0,0,6.954484,4.366238,0,3.505263,-3.505263,3.707553,26.48247,0.2205595,3.855554,0,0,4.366238
11/30/2007 8:00:00 PM,0,0,69.78564,90,0,0,1.180217,0.817926,0,-1,0,0.817926,0,0,0.3622906,0.4803123,0,0.8609748,0.817926,0,0,10.84922,0.8609748,0,0.8609748,-0.8609748,2.800006,20,0.2205595,1.298238,0,0,0.8609748
11/30/2007 9:00:00 PM,0,0,67.66392,90,0,0,3.318188,0,0,-1,0,0,0,0,3.318188,3.650007,0,0,0,0,0,11.80586,0,0,0,0,2.800006,20,0.2205595,3.650007,0,0,0
11/30/2007 10:00:00 PM,0,0,61.42809,90,0,0,0.8377296,0,0,-1,0,0,0,0,0.8377296,0.9215025,0,0,0,0,0,11.80586,0,0,0,0,2.800006,20,0.2205595,0.9215025,0,0,0
11/30/2007 11:00:00 PM,0,0,43.24706,90,0,0,0.8401284,0,0,-1,0,0,0,0,0.8401284,0.9241412,0,0,0,0,0,11.80586,0,0,0,0,2.800006,20,0.2205595,0.9241412,0,0,0
12/1/2007 12:00:00 AM,0,0,-7.004256,90,0,0,0,0,0,-1,0,0,0,0,0,0,0,0,0,0,0,11.80586,0,0,0,0,2.800006,20,0.2205595,0,0,0,0
12/1/2007 1:00:00 AM,0,0,-49.17203,90,0,0,1.467695,0,0,-1,0,0,0,0,1.467695,1.614464,0,0,0,0,0,11.80586,0,0,0,0,2.800006,20,0.2205595,1.614464,0,0,0
12/1/2007 2:00:00 AM,0,0,-63.23122,90,0,0,0.1480401,0,0,-1,0,0,0,0,0.1480401,0.1628441,0,0,0,0,0,11.80586,0,0,0,0,2.800006,20,0.2205595,0.1628441,0,0,0
12/1/2007 3:00:00 AM,0,0,-68.21002,90,0,0,0.09483417,0,0,-1,0,0,0,0,0.09483417,0.1043176,0,0,0,0,0,11.80586,0,0,0,0,2.800006,20,0.2205595,0.1043176,0,0,0
12/1/2007 4:00:00 AM,0,0,-69.78993,90,0,0,1.392991,0,0,-1,0,0,0,0,1.392991,1.53229,0,0,0,0,0,11.80586,0,0,0,0,2.800006,20,0.2205595,1.53229,0,0,0
12/1/2007 5:00:00 AM,0,0,-69.5764,90,0,0,0.1416582,0.1416582,3.646921,0,1.160609,0.1416582,0,0,0,0,0,0,0,3.505263,3.33,11.80586,0,3.33,0,3.33,5.959121,42.56506,0.2205578,0.155824,0,5,0
12/1/2007 6:00:00 AM,0.01196989,0,-68.03761,90,0,0,0,0,3.505263,0,1.121937,0,0,0,0,0,0,0,0,3.505263,3.33,8.475861,2.997,3.33,0,3.33,9.118237,65.13013,0.2205462,0,0,5,2.997
12/1/2007 7:00:00 AM,0.1281385,11.80613,-65.15565,74.53635,0.1401525,0.6290045,3.328529,3.328529,5,0,1.53,3.328529,18.89738,0,0,0,0.6290045,0,0,1.671471,1.587898,5.14586,5.994,2.216902,0,2.216902,11.22137,80.15252,0.2205921,3.661381,0.5032036,5,6.623004
12/1/2007 8:00:00 AM,0.1429748,25.0044,-60.52893,60.82736,0.142954,0.6415777,3.026199,3.026199,0,0,0,3.026199,21.20078,0,4.440892E-16,0,0.6415777,3.185473,3.026199,0,0,2.928958,7.989212,0,2.543895,-2.543895,8.539873,60.99897,0.2205921,3.328819,0.5132622,0,8.63079
12/1/2007 9:00:00 AM,0.1747435,37.44315,-53.22922,47.5422,0.1743396,0.7824363,0,0,0,-1,0,0,0,0,0,0,0.7824363,0,0,0,0,5.755508,5.445317,0.7824363,0,0.7824363,9.282158,66.30099,0.2205524,0,0.625949,0,6.227753
12/1/2007 10:00:00 AM,0.2249588,48.4029,-41.46811,35.24869,0.2243747,1.006994,2.707834,2.707834,0,0,0,2.707834,37.18816,0,4.440892E-16,0,1.006994,2.850351,2.707834,0,0,4.973072,6.149509,0,1.843357,-1.843357,7.339088,52.42196,0.2205524,2.978617,0.8055948,0,7.156503
12/1/2007 11:00:00 AM,0.5548817,56.38025,-22.65974,25.49596,0.5716784,2.565693,3.802284,3.802284,5,0,1.53,3.802284,67.47767,0,0,0,2.565693,0,0,1.197716,1.13783,7.021247,4.306152,3.703523,0,3.703523,10.85256,77.51812,0.2206182,4.182512,2.052554,5,6.871845
12/1/2007 12:00:00 PM,0.5855306,58.96852,3.063209,22.01716,0.6044131,2.712606,0.6925805,0.6925805,1.329547,0,0.5279663,0.6925805,391.6665,1.110223E-16,0,0,2.712606,0,0,0.6369665,0.6051182,3.317724,7.639323,3.317724,0,3.317724,14.00003,100,0.2204554,0.7618385,2.170085,5,10.35193
12/1/2007 1:00:00 PM,0.4576233,54.94958,27.65149,27.33262,0.4642633,2.083614,5.988576,5.988576,4.009143,0,1.259496,5.988576,34.79314,0,0,0,2.083614,2.083614,1.979433,0,0,0,10.62527,0,0,0,14.00003,100,0.2204554,6.587434,1.666891,5,12.70889
12/1/2007 2:00:00 PM,0.7884977,46.10607,44.66063,37.89785,0.8598042,3.858801,3.70593,3.33,0,-1,0,3.33,115.8799,0.353538,0.37593,0.746523,3.858801,3.505263,3.33,0,0,0,10.62527,0,0,0,14.00003,100,0.2204554,4.076523,3.087041,0,14.48408
12/1/2007 3:00:00 PM,0.3415247,34.71517,55.19606,50.49921,0.3513925,1.57705,2.665525,2.665525,0,-1,0,2.665525,59.16468,0,0,0,1.57705,2.805816,2.665525,0,0,0,10.62527,0,1.228767,-1.228767,12.70479,90.74835,0.2204554,2.932078,1.26164,0,12.20232
12/1/2007 4:00:00 PM,0.2834573,22.05916,61.76935,63.91341,0.3099689,1.391141,1.833402,1.833402,0,-1,0,1.833402,75.87757,0,2.220446E-16,0,1.391141,1.929896,1.833402,0,0,1.365296,9.396507,0,0.5387558,-0.5387558,12.1369,86.69194,0.2204554,2.016742,1.112913,0,10.78765
12/1/2007 5:00:00 PM,0.1030391,8.745195,65.94173,77.67779,0.1199092,0.5381524,2.075796,2.075796,0,-1,0,2.075796,25.92511,0,4.440892E-16,0,0.5381524,2.185049,2.075796,0,0,1.963914,8.857752,0,1.646896,-1.646896,10.40091,74.2921,0.2204554,2.283376,0.4305219,0,9.395905
12/1/2007 6:00:00 PM,0.001402529,0,68.49814,90,0,0,7.093762,3.33,0,-1,0,3.33,0,0,3.763762,4.473138,0,3.505263,3.33,0,0,3.793799,7.210855,0,3.505263,-3.505263,6.706043,47.90021,0.2204554,7.803138,0,0,7.210855
12/1/2007 7:00:00 PM,0,0,69.74828,90,0,0,1.844098,1.844098,0,-1,0,1.844098,0,0,2.220446E-16,0,0,1.941156,1.844098,0,0,7.688535,3.705592,0,1.941156,-1.941156,4.659885,33.28483,0.2204554,2.028507,0,0,3.705592
12/1/2007 8:00:00 PM,0,0,69.6198,90,0,0,6.772096,1.676215,0,-1,0,1.676215,0,0,5.095881,5.77309,0,1.764437,1.676215,0,0,9.845375,1.764437,0,1.764437,-1.764437,2.800006,20,0.2204554,7.449305,0,0,1.764437
12/1/2007 9:00:00 PM,0,0,67.47833,90,0,0,0.3052352,0,0,-1,0,0,0,0,0.3052352,0.3357588,0,0,0,0,0,11.80586,0,0,0,0,2.800006,20,0.2204554,0.3357588,0,0,0
12/1/2007 10:00:00 PM,0,0,61.21642,90,0,0,0.3691826,0,0,-1,0,0,0,0,0.3691826,0.4061008,0,0,0,0,0,11.80586,0,0,0,0,2.800006,20,0.2204554,0.4061008,0,0,0
12/1/2007 11:00:00 PM,0,0,43.08682,90,0,0,0,0,0,-1,0,0,0,0,0,0,0,0,0,0,0,11.80586,0,0,0,0,2.800006,20,0.2204554,0,0,0,0
12/2/2007 12:00:00 AM,0,0,-6.565862,90,0,0,0.07328301,0,0,-1,0,0,0,0,0.07328301,0.08061131,0,0,0,0,0,11.80586,0,0,0,0,2.800006,20,0.2204554,0.08061131,0,0,0
12/2/2007 1:00:00 AM,0,0,-48.71772,90,0,0,0.9819731,0,0,-1,0,0,0,0,0.9819731,1.08017,0,0,0,0,0,11.80586,0,0,0,0,2.800006,20,0.2204554,1.08017,0,0,0
12/2/2007 2:00:00 AM,0,0,-62.94376,90,0,0,0.3732632,0,0,-1,0,0,0,0,0.3732632,0.4105895,0,0,0,0,0,11.80586,0,0,0,0,2.800006,20,0.2204554,0.4105895,0,0,0
12/2/2007 3:00:00 AM,0,0,-68.00527,90,0,0,0.5963611,0,0,-1,0,0,0,0,0.5963611,0.6559972,0,0,0,0,0,11.80586,0,0,0,0,2.800006,20,0.2204554,0.6559972,0,0,0
12/2/2007 4:00:00 AM,0,0,-69.62816,90,0,0,0.8531219,0,0,-1,0,0,0,0,0.8531219,0.9384341,0,0,0,0,0,11.80586,0,0,0,0,2.800006,20,0.2204554,0.9384341,0,0,0
12/2/2007 5:00:00 AM,0,0,-69.43881,90,0,0,0.6092705,0.6092705,4.114533,0,1.288268,0.6092705,0,0,0,0,0,0,0,3.505263,3.33,11.80586,0,3.33,0,3.33,5.959121,42.56506,0.2204863,0.6701975,0,5,0
12/2/2007 6:00:00 AM,0.01305908,0,-67.91428,90,0,0,0,0,3.505263,0,1.121937,0,0,0,0,0,0,0,0,3.505263,3.33,8.475861,2.997,3.33,0,3.33,9.118237,65.13013,0.2204748,0,0,5,2.997
12/2/2007 7:00:00 AM,0.1892044,11.69068,-65.04128,74.634,0.2380951,1.068571,2.736472,2.736472,5,0,1.53,2.736472,39.04922,0,0,0,1.068571,0,0,2.263528,2.150351,5.14586,5.994,3.218922,0,3.218922,12.17197,86.9425,0.2205402,3.01012,0.8548568,5,7.062571
12/2/2007 8:00:00 AM,0.407688,24.87596,-60.42216,60.93908,0.4630663,2.078242,8.96342,8.33,5,0,1.53,8.33,24.94888,4.440892E-16,0.6334195,1.529761,2.078242,3.505263,3.33,0,0,1.926938,8.89103,0,1.427022,-1.427022,10.66776,76.19814,0.2205402,9.859761,1.662593,5,10.96927
12/2/2007 9:00:00 AM,0.7284488,37.30055,-53.13562,47.67006,0.806382,3.619042,3.704397,3.33,0,-1,0,3.33,108.68,0,0.3743967,0.7448363,3.619042,3.505263,3.33,0,0,3.512517,7.464008,0.1137792,0,0.1137792,10.7757,76.96915,0.2205344,4.074836,2.895234,0,11.08305
12/2/2007 10:00:00 AM,0.855513,48.24675,-41.41018,35.39538,0.9314736,4.180453,0.5363643,0.5363643,0,0,0,0.5363643,779.4056,0.217121,0,0,4.180453,0.564594,0.5363643,0,0,3.398738,7.56641,3.398738,0,3.398738,14.00003,100,0.2203626,0.5900007,3.344362,0,11.74686
12/2/2007 11:00:00 AM,0.9057282,56.22052,-22.69373,25.65675,0.9785563,4.391761,1.463702,1.463702,0,0,0,1.463702,300.0448,2.851022,0,0,4.391761,1.540739,1.463702,0,0,0,10.62527,0,0,0,14.00003,100,0.2203626,1.610072,3.513409,0,15.01704
12/2/2007 12:00:00 PM,0.8599028,58.83543,2.888364,22.14826,0.9245053,4.14918,1.668167,1.668167,0,0,0,1.668167,248.7269,2.393214,0,0,4.14918,1.755966,1.668167,0,0,0,10.62527,0,0,0,14.00003,100,0.2203626,1.834984,3.319344,0,14.77445
12/2/2007 1:00:00 PM,0.9149573,54.87036,27.408,27.38874,0.9898601,4.442492,1.77858,1.77858,0,0,0,1.77858,249.7774,2.570302,0,0,4.442492,1.87219,1.77858,0,0,0,10.62527,0,0,0,14.00003,100,0.2203626,1.956438,3.553993,0,15.06777
12/2/2007 2:00:00 PM,0.6832958,46.07637,44.4327,37.89873,0.7393553,3.318227,0,0,0,-1,0,0,0,3.318227,0,0,3.318227,0,0,0,0,0,10.62527,0,0,0,14.00003,100,0.2203626,0,2.654581,0,13.9435
12/2/2007 3:00:00 PM,0.6003693,34.72049,55.0005,50.46713,0.6665147,2.991318,1.908039,1.908039,0,-1,0,1.908039,156.7744,0.9828555,0,0,2.991318,2.008462,1.908039,0,0,0,10.62527,0,0,0,14.00003,100,0.2203626,2.098843,2.393054,0,13.61659
12/2/2007 4:00:00 PM,0.37182,22.08904,61.59882,63.85956,0.428919,1.924988,0,0,0,-1,0,0,0,1.924988,0,0,1.924988,0,0,0,0,0,10.62527,0,0,0,14.00003,100,0.2203626,0,1.539991,0,12.55026
12/2/2007 5:00:00 PM,0.1082215,8.793515,65.78651,77.6075,0.1284453,0.5764627,0.8908281,0.8908281,0,-1,0,0.8908281,64.71088,0,0,0,0.5764627,0.9377137,0.8908281,0,0,0,10.62527,0,0.3612511,-0.3612511,13.61924,97.28006,0.2203626,0.9799109,0.4611701,0,11.20174
12/2/2007 6:00:00 PM,0.0009176783,0,68.3498,90,0,0,2.706456,2.706456,0,-1,0,2.706456,0,0,0,0,0,2.848901,2.706456,0,0,0.4013901,10.26402,0,2.848901,-2.848901,10.61623,75.83006,0.2203626,2.977102,0,0,10.26402
12/2/2007 7:00:00 PM,0,0,69.59919,90,0,0,0,0,0,-1,0,0,0,0,0,0,0,0,0,0,0,3.566836,7.415122,0,0,0,10.61623,75.83006,0.2203626,0,0,0,7.415122
12/2/2007 8:00:00 PM,0,0,69.4621,90,0,0,0,0,0,-1,0,0,0,0,0,0,0,0,0,0,0,3.566836,7.415122,0,0,0,10.61623,75.83006,0.2203626,0,0,0,7.415122
12/2/2007 9:00:00 PM,0,0,67.3032,90,0,0,6.254671,3.33,0,-1,0,3.33,0,0,2.924671,3.550138,0,3.505263,3.33,0,0,3.566836,7.415122,0,3.505263,-3.505263,6.921359,49.43818,0.2203626,6.880138,0,0,7.415122
12/2/2007 10:00:00 PM,0,0,61.01976,90,0,0,0.5757322,0.5757322,0,-1,0,0.5757322,0,0,0,0,0,0.6060339,0.5757322,0,0,7.461573,3.909859,0,0.6060339,-0.6060339,6.282543,44.87522,0.2203626,0.6333054,0,0,3.909859
12/2/2007 11:00:00 PM,0,0,42.94853,90,0,0,0,0,0,-1,0,0,0,0,0,0,0,0,0,0,0,8.134944,3.303825,0,0,0,6.282543,44.87522,0.2203626,0,0,0,3.303825
12/3/2007 12:00:00 AM,0,0,-6.130569,90,0,0,1.209802,1.209802,0,-1,0,1.209802,0,0,2.220446E-16,0,0,1.273475,1.209802,0,0,8.134944,3.303825,0,1.273475,-1.273475,4.940182,35.28695,0.2203626,1.330782,0,0,3.303825
12/3/2007 1:00:00 AM,0,0,-48.27545,90,0,0,1.509429,1.509429,0,-1,0,1.509429,0,0,2.220446E-16,0,0,1.588872,1.509429,0,0,9.549916,2.03035,0,1.588872,-1.588872,3.265363,23.32398,0.2203626,1.660372,0,0,2.03035
12/3/2007 2:00:00 AM,0,0,-62.66594,90,0,0,0.17322,0.17322,0,-1,0,0.17322,0,0,0,0,0,0.1823369,0.17322,0,0,11.31533,0.4414773,0,0.1823369,-0.1823369,3.073164,21.95112,0.2203626,0.190542,0,0,0.4414773
12/3/2007 3:00:00 AM,0,0,-67.80856,90,0,0,0.1307445,0.1307445,0,-1,0,0.1307445,0,0,2.775558E-17,0,0,0.1376258,0.1307445,0,0,11.51793,0.2591405,0,0.1376258,-0.1376258,2.928093,20.91491,0.2203626,0.1438189,0,0,0.2591405
12/3/2007 4:00:00 AM,0,0,-69.47352,90,0,0,0.2948334,0.115439,0,-1,0,0.115439,0,0,0.1793944,0.2088777,0,0.1215147,0.115439,0,0,11.67084,0.1215147,0,0.1215147,-0.1215147,2.800006,20,0.2203626,0.3243167,0,0,0.1215147
12/3/2007 5:00:00 AM,0,0,-69.30797,90,0,0,0.4933325,0.4933325,3.998596,0,1.256617,0.4933325,0,0,0,0,0,0,0,3.505263,3.33,11.80586,0,3.33,0,3.33,5.959121,42.56506,0.2203855,0.5426658,0,5,0
12/3/2007 6:00:00 AM,0.01174628,0,-67.79766,90,0,0,0.2690635,0.2690635,3.774327,0,1.195391,0.2690635,0,0,0,0,0,0,0,3.505263,3.33,8.475861,2.997,3.33,0,3.33,9.118237,65.13013,0.2203927,0.2959698,0,5,2.997
12/3/2007 7:00:00 AM,0.1308691,11.57499,-64.93391,74.73291,0.1454002,0.6525563,4.549303,4.549303,5,0,1.53,4.549303,14.34409,0,0,0,0.6525563,0,0,0.4506973,0.4281624,5.14586,5.994,1.080719,0,1.080719,10.1435,72.4534,0.2204126,5.004233,0.522045,5,6.646556
12/3/2007 8:00:00 AM,0.204007,24.74809,-60.32306,61.05135,0.2070808,0.9293784,3.385916,3.385916,5,0,1.53,3.385916,27.44836,0,0,0,0.9293784,0,0,1.614084,1.53338,4.065142,6.966647,2.462758,0,2.462758,12.47987,89.14178,0.2204617,3.724508,0.7435027,5,7.896025
12/3/2007 9:00:00 AM,0.3498651,37.15963,-53.05058,47.79745,0.3581569,1.607408,2.561443,2.561443,0,-1,0,2.561443,62.75401,0,0,0,1.607408,2.696255,2.561443,0,0,1.602383,9.183129,0,1.088848,-1.088848,11.33213,80.94361,0.2204617,2.817587,1.285926,0,10.79054
12/3/2007 10:00:00 AM,0.6949697,48.09381,-41.36152,35.54004,0.7495284,3.363883,4.36547,4.36547,3.841384,0,1.213698,4.36547,77.0566,0,0,0,3.363883,0.5516697,0.5240862,0,0,2.812214,8.094282,2.812214,0,2.812214,14.00003,100,0.2204996,4.802018,2.691107,5,11.45817
12/3/2007 11:00:00 AM,0.8001179,56.06591,-22.73539,25.81308,0.8596697,3.858198,1.159292,1.159292,0,0,0,1.159292,332.8062,2.63789,0,0,3.858198,1.220308,1.159292,0,0,0,10.62527,0,0,0,14.00003,100,0.2204996,1.275222,3.086558,0,14.48347
12/3/2007 12:00:00 PM,0.761507,58.70869,2.711784,22.27311,0.8109792,3.639675,0.2611573,0.2611573,0,0,0,0.2611573,1393.672,3.364772,0,0,3.639675,0.2749024,0.2611573,0,0,0,10.62527,0,0,0,14.00003,100,0.2204996,0.287273,2.91174,0,14.26495
12/3/2007 1:00:00 PM,0.8856754,54.79727,27.16804,27.43933,0.958156,4.300204,3.162163,3.162163,1.25,0,0.50625,3.162163,135.9893,2.2874,0,0,4.300204,2.012804,1.912163,0,0,0,10.62527,0,0,0,14.00003,100,0.2204996,3.47838,3.440163,5,14.92548
12/3/2007 2:00:00 PM,0.7446114,46.05199,44.21013,37.89514,0.8110688,3.640077,0.2834712,0.2834712,0,-1,0,0.2834712,1284.108,3.341686,0,0,3.640077,0.2983907,0.2834712,0,0,0,10.62527,0,0,0,14.00003,100,0.2204996,0.3118183,2.912061,0,14.26535
12/3/2007 3:00:00 PM,0.4218483,34.73037,54.81066,50.4314,0.4474832,2.008305,1.148513,1.148513,0,-1,0,1.148513,174.8613,0.7993439,0,0,2.008305,1.208961,1.148513,0,0,0,10.62527,0,0,0,14.00003,100,0.2204996,1.263364,1.606644,0,12.63358
12/3/2007 4:00:00 PM,0.2999589,22.12282,61.43406,63.80271,0.3323139,1.491425,0,0,0,-1,0,0,0,1.491425,0,0,1.491425,0,0,0,0,0,10.62527,0,0,0,14.00003,100,0.2204996,0,1.19314,0,12.1167
12/3/2007 5:00:00 PM,0.115811,8.845174,65.63719,77.53477,0.1414918,0.6350152,2.512032,2.512032,0,-1,0,2.512032,25.27894,0,0,0,0.6350152,2.644244,2.512032,0,0,0,10.62527,0,2.009229,-2.009229,11.88211,84.87208,0.2204996,2.763235,0.5080121,0,11.26029
12/3/2007 6:00:00 PM,0.001316886,0,68.20769,90,0,0,0,0,0,-1,0,0,0,0,0,0,0,0,0,0,0,2.232477,8.616045,0,0,0,11.88211,84.87208,0.2204996,0,0,0,8.616045
12/3/2007 7:00:00 PM,0,0,69.45702,90,0,0,7.438531,3.33,0,-1,0,3.33,0,0,4.108531,4.852385,0,3.505263,3.33,0,0,2.232477,8.616045,0,3.505263,-3.505263,8.187243,58.48019,0.2204996,8.182384,0,0,8.616045
12/3/2007 8:00:00 PM,0,0,69.31255,90,0,0,6.256121,3.33,0,-1,0,3.33,0,0,2.926121,3.551733,0,3.505263,3.33,0,0,6.127214,5.110782,0,3.505263,-3.505263,4.492371,32.0883,0.2204996,6.881732,0,0,5.110782
12/3/2007 9:00:00 PM,0,0,67.13852,90,0,0,5.314242,1.525243,0,-1,0,1.525243,0,0,3.789,4.320424,0,1.605519,1.525243,0,0,10.02195,1.605519,0,1.605519,-1.605519,2.800006,20,0.2204996,5.845667,0,0,1.605519
12/3/2007 10:00:00 PM,0,0,60.83797,90,0,0,0.7154852,0,0,-1,0,0,0,0,0.7154852,0.7870337,0,0,0,0,0,11.80586,0,0,0,0,2.800006,20,0.2204996,0.7870337,0,0,0
12/3/2007 11:00:00 PM,0,0,42.83152,90,0,0,0.2708865,0,0,-1,0,0,0,0,0.2708865,0.2979751,0,0,0,0,0,11.80586,0,0,0,0,2.800006,20,0.2204996,0.2979751,0,0,0
12/4/2007 12:00:00 AM,0,0,-5.69803,90,0,0,1.114975,0,0,-1,0,0,0,0,1.114975,1.226472,0,0,0,0,0,11.80586,0,0,0,0,2.800006,20,0.2204996,1.226472,0,0,0
12/4/2007 1:00:00 AM,0,0,-47.84514,90,0,0,0,0,0,-1,0,0,0,0,0,0,0,0,0,0,0,11.80586,0,0,0,0,2.800006,20,0.2204996,0,0,0,0
12/4/2007 2:00:00 AM,0,0,-62.39781,90,0,0,0.7010252,0,0,-1,0,0,0,0,0.7010252,0.7711277,0,0,0,0,0,11.80586,0,0,0,0,2.800006,20,0.2204996,0.7711277,0,0,0
12/4/2007 3:00:00 AM,0,0,-67.61993,90,0,0,1.569466,0,0,-1,0,0,0,0,1.569466,1.726413,0,0,0,0,0,11.80586,0,0,0,0,2.800006,20,0.2204996,1.726413,0,0,0
12/4/2007 4:00:00 AM,0,0,-69.32608,90,0,0,0,0,0,-1,0,0,0,0,0,0,0,0,0,0,0,11.80586,0,0,0,0,2.800006,20,0.2204996,0,0,0,0
12/4/2007 5:00:00 AM,0,0,-69.1839,90,0,0,0.3611613,0.3611613,3.866425,0,1.220534,0.3611613,0,0,0,0,0,0,0,3.505263,3.33,11.80586,0,3.33,0,3.33,5.959121,42.56506,0.2205132,0.3972774,0,5,0
12/4/2007 6:00:00 AM,0.003428265,0,-67.68777,90,0,0,1.005657,1.005657,4.510921,0,1.396481,1.005657,0,4.440892E-16,0,0,0,0,0,3.505263,3.33,8.475861,2.997,3.33,0,3.33,9.118237,65.13013,0.2205714,1.106223,0,5,2.997
12/4/2007 7:00:00 AM,0.04360536,11.45915,-64.83357,74.833,0.04362079,0.1957701,0,0,3.505263,0,1.121937,0,0,0,0,0,0.1957701,0,0,3.505263,3.33,5.14586,5.994,3.52577,0,3.52577,12.46308,89.02179,0.22055,0,0.1566161,5,6.18977
12/4/2007 8:00:00 AM,0.2265555,24.6209,-60.23159,61.16405,0.2325153,1.043529,2.188766,2.188766,0,0,0,2.188766,47.67659,0,4.440892E-16,0,1.043529,2.303964,2.188766,0,0,1.62009,9.167193,0,1.260435,-1.260435,11.13446,79.5317,0.22055,2.407642,0.8348231,0,10.21072
12/4/2007 9:00:00 AM,0.377364,37.02048,-52.97406,47.92427,0.3898493,1.749644,4.006258,3.33,0,-1,0,3.33,52.54185,0,0.6762585,1.076884,1.749644,3.505263,3.33,0,0,3.020574,7.906758,0,1.755619,-1.755619,9.283875,66.31326,0.22055,4.406884,1.399715,0,9.656402
12/4/2007 10:00:00 AM,0.3468582,47.94419,-41.32198,35.68256,0.3487434,1.565161,0,0,0,0,0,0,0,0,0,0,1.565161,0,0,0,0,4.971262,6.151138,1.565161,0,1.565161,10.76872,76.91925,0.2204713,0,1.252128,0,7.716299
12/4/2007 11:00:00 AM,0.475015,55.91648,-22.78454,25.96489,0.4828451,2.167009,0.5949889,0.5949889,0,0,0,0.5949889,364.2099,0,0,0,2.167009,0.6263041,0.5949889,0,0,3.406101,7.559783,1.540705,0,1.540705,12.23036,87.35952,0.2203939,0.6544878,1.733607,0,9.726792
12/4/2007 12:00:00 PM,0.4116175,58.58834,2.533532,22.39169,0.4139479,1.857798,0,0,0,0,0,0,0,0,0,0,1.857798,0,0,0,0,1.865396,8.946417,1.857798,0,1.857798,13.99282,99.94851,0.2203006,0,1.486239,0,10.80422
12/4/2007 1:00:00 PM,0.4099166,54.73033,26.93162,27.48435,0.4131947,1.854418,0,0,0,0,0,0,0,1.84682,0,0,1.854418,0,0,0,0,0.007598374,10.61844,0.007598374,0,0.007598374,14.00003,100,0.2203002,0,1.483534,0,12.47285
12/4/2007 2:00:00 PM,0.2225732,46.03294,43.99297,37.88708,0.2220441,0.9965338,5.143143,3.33,0,-1,0,3.33,29.92594,0,1.813143,2.327457,0.9965338,3.505263,3.33,0,0,0,10.62527,0,2.508729,-2.508729,11.35559,81.11123,0.2203002,5.657457,0.7972271,0,11.62181
12/4/2007 3:00:00 PM,0.3808,34.74478,54.62659,50.39204,0.3975874,1.784372,1.94011,1.94011,0,-1,0,1.94011,91.97272,0,0,0,1.784372,2.042222,1.94011,0,0,2.787477,8.116545,0,0.2578493,-0.2578493,11.0838,79.16983,0.2203002,2.134121,1.427498,0,9.900917
12/4/2007 4:00:00 PM,0.2494701,22.16047,61.27514,63.74291,0.2652196,1.190305,2.02357,2.02357,0,-1,0,2.02357,58.82206,0,0,0,1.190305,2.130074,2.02357,0,0,3.073976,7.858696,0,0.939768,-0.939768,10.0932,72.09411,0.2203002,2.225927,0.9522444,0,9.049001
12/4/2007 5:00:00 PM,0.07191943,8.900114,65.49381,77.45969,0.07454185,0.3345439,3.55478,3.33,0,-1,0,3.33,10.04636,0,0.2247796,0.5802575,0.3345439,3.505263,3.33,0,0,4.118163,6.918928,0,3.170719,-3.170719,6.750964,48.22107,0.2203002,3.910258,0.2676351,0,7.253471
12/4/2007 6:00:00 PM,0.001459438,0,68.07185,90,0,0,1.260879,1.260879,0,-1,0,1.260879,0,0,2.220446E-16,0,0,1.327242,1.260879,0,0,7.641184,3.748208,0,1.327242,-1.327242,5.351929,38.22799,0.2203002,1.386967,0,0,3.748208
12/4/2007 7:00:00 PM,0,0,69.3218,90,0,0,1.112826,1.112826,0,-1,0,1.112826,0,0,2.220446E-16,0,0,1.171396,1.112826,0,0,9.115897,2.420967,0,1.171396,-1.171396,4.117168,29.40829,0.2203002,1.224109,0,0,2.420967
12/4/2007 8:00:00 PM,0,0,69.17117,90,0,0,2.161362,1.187092,0,-1,0,1.187092,0,0,0.9742698,1.190406,0,1.24957,1.187092,0,0,10.41745,1.24957,0,1.24957,-1.24957,2.800006,20,0.2203002,2.377498,0,0,1.24957
12/4/2007 9:00:00 PM,0,0,66.98425,90,0,0,6.32539,0,0,-1,0,0,0,0,6.32539,6.957929,0,0,0,0,0,11.80586,0,0,0,0,2.800006,20,0.2203002,6.957929,0,0,0
12/4/2007 10:00:00 PM,0,0,60.67087,90,0,0,0.8782557,0,0,-1,0,0,0,0,0.8782557,0.9660813,0,0,0,0,0,11.80586,0,0,0,0,2.800006,20,0.2203002,0.9660813,0,0,0
12/4/2007 11:00:00 PM,0,0,42.73515,90,0,0,0.179359,0,0,-1,0,0,0,0,0.179359,0.1972949,0,0,0,0,0,11.80586,0,0,0,0,2.800006,20,0.2203002,0.1972949,0,0,0
12/5/2007 12:00:00 AM,0,0,-5.267919,90,0,0,0,0,0,-1,0,0,0,0,0,0,0,0,0,0,0,11.80586,0,0,0,0,2.800006,20,0.2203002,0,0,0,0
12/5/2007 1:00:00 AM,0,0,-47.42669,90,0,0,0,0,0,-1,0,0,0,0,0,0,0,0,0,0,0,11.80586,0,0,0,0,2.800006,20,0.2203002,0,0,0,0
12/5/2007 2:00:00 AM,0,0,-62.13944,90,0,0,0.001384015,0,0,-1,0,0,0,0,0.001384015,0.001522416,0,0,0,0,0,11.80586,0,0,0,0,2.800006,20,0.2203002,0.001522416,0,0,0
12/5/2007 3:00:00 AM,0,0,-67.43947,90,0,0,0,0,0,-1,0,0,0,0,0,0,0,0,0,0,0,11.80586,0,0,0,0,2.800006,20,0.2203002,0,0,0,0
12/5/2007 4:00:00 AM,0,0,-69.18588,90,0,0,1.28416,0,0,-1,0,0,0,0,1.28416,1.412576,0,0,0,0,0,11.80586,0,0,0,0,2.800006,20,0.2203002,1.412576,0,0,0
12/5/2007 5:00:00 AM,0,0,-69.06665,90,0,0,0.4358214,0.4358214,3.941085,0,1.240916,0.4358214,0,0,0,0,0,0,0,3.505263,3.33,11.80586,0,3.33,0,3.33,5.959121,42.56506,0.220319,0.4794035,0,5,0
12/5/2007 6:00:00 AM,0.00479049,0,-67.58465,90,0,0,0.4122913,0.4122913,3.917554,0,1.234492,0.4122913,0,0,0,0,0,0,0,3.505263,3.33,8.475861,2.997,3.33,0,3.33,9.118237,65.13013,0.2203362,0.4535204,0,5,2.997
12/5/2007 7:00:00 AM,0.02496808,11.34324,-64.74026,74.93419,0.024918,0.111832,2.574428,2.574428,5,0,1.53,2.574428,4.343954,0,0,0,0.111832,0,0,2.425572,2.304293,5.14586,5.994,2.416125,0,2.416125,11.41037,81.50251,0.2203898,2.831871,0.08946557,5,6.105832
12/5/2007 8:00:00 AM,0.147756,24.49447,-60.14773,61.27709,0.1478835,0.6637014,4.225368,4.225368,5,0,1.53,4.225368,15.70754,0,0,0,0.6637014,0,0,0.7746324,0.7359008,2.729735,8.168512,1.399602,0,1.399602,12.73815,90.98663,0.2204166,4.647904,0.5309611,5,8.832214
12/5/2007 9:00:00 AM,0.09189967,36.88322,-52.90599,48.0504,0.09156828,0.4109584,3.150896,3.150896,0,-1,0,3.150896,13.04259,0,0,0.135986,0.4109584,3.316733,3.150896,0,0,1.330133,9.428155,0,2.905775,-2.905775,9.675198,69.10841,0.2204166,3.465986,0.3287667,0,9.839113
12/5/2007 10:00:00 AM,0.4355441,47.79797,-41.29145,35.82284,0.4445961,1.995347,2.427198,2.427198,0,0,0,2.427198,82.20784,0,0,0,1.995347,2.554946,2.427198,0,0,4.558771,6.52238,0,0.5595983,-0.5595983,9.085329,64.89508,0.2204166,2.669918,1.596278,0,8.517728
12/5/2007 11:00:00 AM,0.6383341,55.77227,-22.84103,26.1121,0.6697442,3.005812,0,0,0,0,0,0,0,0,0,0,3.005812,0,0,0,0,5.180547,5.962782,3.005812,0,3.005812,11.93689,85.26335,0.2202661,0,2.404649,0,8.968594
12/5/2007 12:00:00 PM,0.3628502,58.47438,2.353671,22.50398,0.3633499,1.630714,3.072375,3.072375,3.589195,0,1.14485,3.072375,53.07668,0,0,0,1.630714,0,0,0.5168199,0.4909789,2.174735,8.668013,2.121693,0,2.121693,13.94971,99.64057,0.2203023,3.379612,1.304572,5,10.29873
12/5/2007 1:00:00 PM,0.2972006,54.66955,26.69876,27.52378,0.2967875,1.331982,3.295304,3.295304,2.080311,0,0.7329249,3.295304,40.42062,9.714451E-17,0,0,1.331982,1.27894,1.214993,0,0,0.05304204,10.57754,0.05304204,0,0.05304204,14.00003,100,0.2203031,3.624835,1.065586,5,11.90952
12/5/2007 2:00:00 PM,0.1418788,46.01921,43.78123,37.87453,0.1413936,0.6345745,2.191334,2.191334,0,-1,0,2.191334,28.95837,0,4.440892E-16,0,0.6345745,2.306667,2.191334,0,0,0,10.62527,0,1.672092,-1.672092,12.23749,87.41045,0.2203031,2.410467,0.5076596,0,11.25985
12/5/2007 3:00:00 PM,0.2344584,34.76369,54.44836,50.34908,0.2350797,1.055038,3.78762,3.33,0,-1,0,3.33,31.68281,0,0.4576195,0.8363814,1.055038,3.505263,3.33,0,0,1.85788,8.953182,0,2.450225,-2.450225,9.654723,68.96217,0.2203031,4.166381,0.8440301,0,10.00822
12/5/2007 4:00:00 PM,0.295871,22.20193,61.1221,63.68019,0.3266555,1.46603,0,0,0,-1,0,0,0,0,0,0,1.46603,0,0,0,0,4.580353,6.502956,1.46603,0,1.46603,11.04552,78.89642,0.2202298,0,1.172824,0,7.968987
12/5/2007 5:00:00 PM,0.1330978,8.958278,65.35644,77.38229,0.1722109,0.7728823,1.154875,1.154875,0,-1,0,1.154875,66.92346,0,0,0,0.7728823,1.215658,1.154875,0,0,3.114323,7.822383,0,0.4427755,-0.4427755,10.5788,75.56268,0.2202298,1.270362,0.6183059,0,8.595265
12/5/2007 6:00:00 PM,0.001711523,0,67.94233,90,0,0,3.232314,3.232314,0,-1,0,3.232314,0,0,4.440892E-16,0.2255449,0,3.402435,3.232314,0,0,3.606296,7.379608,0,3.402435,-3.402435,6.992313,49.945,0.2202298,3.555545,0,0,7.379608
12/5/2007 7:00:00 PM,0,0,69.19355,90,0,0,4.220952,3.33,0,-1,0,3.33,0,0,0.8909521,1.313047,0,3.505263,3.33,0,0,7.38678,3.977173,0,3.505263,-3.505263,3.297442,23.55311,0.2202298,4.643047,0,0,3.977173
12/5/2007 8:00:00 PM,0,0,69.03798,90,0,0,5.223364,0.4483139,0,-1,0,0.4483139,0,0,4.77505,5.297386,0,0.4719094,0.4483139,0,0,11.28152,0.4719094,0,0.4719094,-0.4719094,2.800006,20,0.2202298,5.7457,0,0,0.4719094
12/5/2007 9:00:00 PM,0,0,66.84036,90,0,0,3.387798,0,0,-1,0,0,0,0,3.387798,3.726578,0,0,0,0,0,11.80586,0,0,0,0,2.800006,20,0.2202298,3.726578,0,0,0
12/5/2007 10:00:00 PM,0,0,60.51831,90,0,0,1.154173,0,0,-1,0,0,0,0,1.154173,1.26959,0,0,0,0,0,11.80586,0,0,0,0,2.800006,20,0.2202298,1.26959,0,0,0
12/5/2007 11:00:00 PM,0,0,42.65881,90,0,0,1.033453,0,0,-1,0,0,0,0,1.033453,1.136798,0,0,0,0,0,11.80586,0,0,0,0,2.800006,20,0.2202298,1.136798,0,0,0
12/6/2007 12:00:00 AM,0,0,-4.839929,90,0,0,0.1612329,0,0,-1,0,0,0,0,0.1612329,0.1773562,0,0,0,0,0,11.80586,0,0,0,0,2.800006,20,0.2202298,0.1773562,0,0,0
12/6/2007 1:00:00 AM,0,0,-47.02002,90,0,0,1.255175,0,0,-1,0,0,0,0,1.255175,1.380692,0,0,0,0,0,11.80586,0,0,0,0,2.800006,20,0.2202298,1.380692,0,0,0
12/6/2007 2:00:00 AM,0,0,-61.8909,90,0,0,0.4677956,0,0,-1,0,0,0,0,0.4677956,0.5145751,0,0,0,0,0,11.80586,0,0,0,0,2.800006,20,0.2202298,0.5145751,0,0,0
12/6/2007 3:00:00 AM,0,0,-67.26723,90,0,0,0.7120323,0,0,-1,0,0,0,0,0.7120323,0.7832355,0,0,0,0,0,11.80586,0,0,0,0,2.800006,20,0.2202298,0.7832355,0,0,0
12/6/2007 4:00:00 AM,0,0,-69.05298,90,0,0,0.2944122,0,0,-1,0,0,0,0,0.2944122,0.3238534,0,0,0,0,0,11.80586,0,0,0,0,2.800006,20,0.2202298,0.3238534,0,0,0
12/6/2007 5:00:00 AM,0,0,-68.95625,90,0,0,0.06771684,0.06771684,3.57298,0,1.140424,0.06771684,0,0,0,0,0,0,0,3.505263,3.33,11.80586,0,3.33,0,3.33,5.959121,42.56506,0.2202233,0.07448852,0,5,0
12/6/2007 6:00:00 AM,0.008379685,0,-67.4883,90,0,0,1.102167,1.102167,4.60743,0,1.422828,1.102167,0,0,0,0,0,0,0,3.505263,3.33,8.475861,2.997,3.33,0,3.33,9.118237,65.13013,0.2202879,1.212384,0,5,2.997
12/6/2007 7:00:00 AM,0.1500917,11.22736,-64.65397,75.03638,0.1785155,0.8011774,2.710052,2.710052,5,0,1.53,2.710052,29.56318,0,0,0,0.8011774,0,0,2.289948,2.17545,5.14586,5.994,2.976628,0,2.976628,11.94211,85.30064,0.220349,2.981057,0.640942,5,6.795177
12/6/2007 8:00:00 AM,0.3816153,24.36891,-60.07146,61.39036,0.4323501,1.940387,4.462565,4.462565,4.679968,0,1.442631,4.462565,43.48143,0,0,0,1.940387,0,0,0.217403,0.2065328,2.169232,8.672965,2.14692,0,2.14692,13.97886,99.84881,0.2203834,4.908822,1.55231,5,10.61335
12/6/2007 9:00:00 AM,0.5210704,36.74792,-52.84628,48.17573,0.5659712,2.540079,6.889478,3.33,0,-1,0,3.33,76.27864,0,3.559478,4.248425,2.540079,3.505263,3.33,0,0,0.02231241,10.60519,0,0.9651844,-0.9651844,12.96147,92.58172,0.2203834,7.578425,2.032063,0,13.14527
12/6/2007 10:00:00 AM,0.8555619,47.65522,-41.26978,35.96077,0.9335836,4.189923,1.326,1.326,0,0,0,1.326,315.9822,1.699394,0,0,4.189923,1.395789,1.326,0,0,1.09474,9.640009,1.09474,0,1.09474,14.00003,100,0.2203288,1.4586,3.351938,0,13.82993
12/6/2007 11:00:00 AM,0.9493055,55.63334,-22.9047,26.25466,1.028029,4.613793,0.7128047,0.7128047,0,0,0,0.7128047,647.2731,3.863472,0,0,4.613793,0.7503207,0.7128047,0,0,0,10.62527,0,0,0,14.00003,100,0.2203288,0.7840852,3.691034,0,15.23907
12/6/2007 12:00:00 PM,0.9553126,58.36685,2.172263,22.60997,1.032245,4.632717,0,0,0,0,0,0,0,4.632717,0,0,4.632717,0,0,0,0,0,10.62527,0,0,0,14.00003,100,0.2203288,0,3.706174,0,15.25799
12/6/2007 1:00:00 PM,0.9357778,54.61493,26.46946,27.5576,1.014178,4.55163,2.468494,2.468494,0,0,0,2.468494,184.3889,1.953215,0,0,4.55163,2.598415,2.468494,0,0,0,10.62527,0,0,0,14.00003,100,0.2203288,2.715343,3.641304,0,15.1769
12/6/2007 2:00:00 PM,0.8812244,46.0108,43.57497,37.85751,0.9640715,4.326753,2.187129,2.187129,0,-1,0,2.187129,197.828,2.024512,0,0,4.326753,2.302241,2.187129,0,0,0,10.62527,0,0,0,14.00003,100,0.2203288,2.405842,3.461402,0,14.95203
12/6/2007 3:00:00 PM,0.5892885,34.7871,54.27601,50.30253,0.6545445,2.937596,2.645182,2.645182,0,-1,0,2.645182,111.0546,0.1531938,0,0,2.937596,2.784402,2.645182,0,0,0,10.62527,0,0,0,14.00003,100,0.2203288,2.9097,2.350076,0,13.56287
12/6/2007 4:00:00 PM,0.3675773,22.24716,60.97499,63.61462,0.4236894,1.901518,1.393422,1.393422,0,-1,0,1.393422,136.4639,0.4347579,0,0,1.901518,1.46676,1.393422,0,0,0,10.62527,0,0,0,14.00003,100,0.2203288,1.532764,1.521214,0,12.52679
12/6/2007 5:00:00 PM,0.1367006,9.019606,65.2251,77.30267,0.1782449,0.799963,5.853882,3.33,0,-1,0,3.33,24.02291,4.440892E-16,2.523882,3.10927,0.799963,3.505263,3.33,0,0,0,10.62527,0,2.7053,-2.7053,11.14839,79.63121,0.2203288,6.43927,0.6399704,0,11.42524
12/6/2007 6:00:00 PM,0.002577886,0,67.81917,90,0,0,6.36234,3.33,0,-1,0,3.33,0,0,3.032341,3.668575,0,3.505263,3.33,0,0,3.005889,7.919974,0,3.505263,-3.505263,7.453519,53.23932,0.2203288,6.998575,0,0,7.919974
12/6/2007 7:00:00 PM,0,0,69.0723,90,0,0,2.468281,2.468281,0,-1,0,2.468281,0,0,4.440892E-16,0,0,2.598191,2.468281,0,0,6.900626,4.414711,0,2.598191,-2.598191,4.714786,33.67698,0.2203288,2.715109,0,0,4.414711
12/6/2007 8:00:00 PM,0,0,68.91298,90,0,0,5.954662,1.725694,0,-1,0,1.725694,0,0,4.228968,4.824434,0,1.81652,1.725694,0,0,9.787504,1.81652,0,1.81652,-1.81652,2.800006,20,0.2203288,6.550128,0,0,1.81652
12/6/2007 9:00:00 PM,0,0,66.70683,90,0,0,8.227739,0,0,-1,0,0,0,0,8.227739,9.050514,0,0,0,0,0,11.80586,0,0,0,0,2.800006,20,0.2203288,9.050514,0,0,0
12/6/2007 10:00:00 PM,0,0,60.38011,90,0,0,1.356387,0,0,-1,0,0,0,0,1.356387,1.492026,0,0,0,0,0,11.80586,0,0,0,0,2.800006,20,0.2203288,1.492026,0,0,0
12/6/2007 11:00:00 PM,0,0,42.60194,90,0,0,0.6104891,0,0,-1,0,0,0,0,0.6104891,0.6715381,0,0,0,0,0,11.80586,0,0,0,0,2.800006,20,0.2203288,0.6715381,0,0,0
12/7/2007 12:00:00 AM,0,0,-4.41377,90,0,0,1.168841,0,0,-1,0,0,0,0,1.168841,1.285725,0,0,0,0,0,11.80586,0,0,0,0,2.800006,20,0.2203288,1.285725,0,0,0
12/7/2007 1:00:00 AM,0,0,-46.62508,90,0,0,1.108178,0,0,-1,0,0,0,0,1.108178,1.218996,0,0,0,0,0,11.80586,0,0,0,0,2.800006,20,0.2203288,1.218996,0,0,0
12/7/2007 2:00:00 AM,0,0,-61.65224,90,0,0,0.9240076,0,0,-1,0,0,0,0,0.9240076,1.016408,0,0,0,0,0,11.80586,0,0,0,0,2.800006,20,0.2203288,1.016408,0,0,0
12/7/2007 3:00:00 AM,0,0,-67.10327,90,0,0,0.7888889,0,0,-1,0,0,0,0,0.7888889,0.8677777,0,0,0,0,0,11.80586,0,0,0,0,2.800006,20,0.2203288,0.8677777,0,0,0
12/7/2007 4:00:00 AM,0,0,-68.92742,90,0,0,1.434544,0,0,-1,0,0,0,0,1.434544,1.577999,0,0,0,0,0,11.80586,0,0,0,0,2.800006,20,0.2203288,1.577999,0,0,0
12/7/2007 5:00:00 AM,0,0,-68.85274,90,0,0,1.400452,1.400452,4.905715,0,1.50426,1.400452,0,0,0,0,0,0,0,3.505263,3.33,11.80586,0,3.33,0,3.33,5.959121,42.56506,0.2204033,1.540497,0,5,0
12/7/2007 6:00:00 AM,0.01330807,0,-67.39874,90,0,0,0.9916127,0.9916127,4.496876,0,1.392647,0.9916127,0,0,0,0,0,0,0,3.505263,3.33,8.475861,2.997,3.33,0,3.33,9.118237,65.13013,0.22046,1.090774,0,5,2.997
12/7/2007 7:00:00 AM,0.2079365,11.11159,-64.5747,75.13947,0.2726617,1.223706,4.065135,4.065135,5,0,1.53,4.065135,30.10246,0,0,0,1.223706,0,0,0.9348647,0.8881215,5.14586,5.994,2.111827,0,2.111827,11.12169,79.4405,0.2204985,4.471649,0.9789647,5,7.217706
12/7/2007 8:00:00 AM,0.4334427,24.2443,-60.00274,61.50377,0.4990839,2.239888,2.021888,2.021888,2.776325,0,0.9229366,2.021888,110.7821,0,0,0,2.239888,0,0,0.7544371,0.7167153,3.034033,7.894645,2.956604,0,2.956604,13.92657,99.47532,0.2204559,2.224076,1.791911,5,10.13453
12/7/2007 9:00:00 AM,0.5948643,36.6147,-52.79489,48.30016,0.6567934,2.947689,7.82978,3.33,0,-1,0,3.33,88.51918,4.440892E-16,4.49978,5.282757,2.947689,3.505263,3.33,0,0,0.07742907,10.55559,0,0.5575745,-0.5575745,13.33884,95.27722,0.2204559,8.612758,2.358151,0,13.50328
12/7/2007 10:00:00 AM,0.7635174,47.51603,-41.25686,36.09625,0.8313934,3.731293,4.97749,4.97749,2.09487,0,0.7368996,4.97749,74.96335,0,0,0,3.731293,3.034337,2.88262,0,0,0.6969563,9.998013,0.6969563,0,0.6969563,14.00003,100,0.2204518,5.47524,2.985035,5,13.72931
12/7/2007 11:00:00 AM,0.9431115,55.49974,-22.9754,26.39251,1.021667,4.58524,4.300165,4.300165,1.25,0,0.50625,4.300165,106.6294,1.374541,0,0,4.58524,3.2107,3.050164,0,0,0,10.62527,0,0,0,14.00003,100,0.2204518,4.730181,3.668192,5,15.21051
12/7/2007 12:00:00 PM,0.7967042,58.26575,1.989368,22.70964,0.8535959,3.830939,2.366672,2.366672,0,0,0,2.366672,161.8703,1.339705,0,0,3.830939,2.491234,2.366672,0,0,0,10.62527,0,0,0,14.00003,100,0.2204518,2.603339,3.064751,0,14.45621
12/7/2007 1:00:00 PM,0.9477467,54.56649,26.24376,27.58579,1.027617,4.611946,0,0,0,0,0,0,0,4.611946,0,0,4.611946,0,0,0,0,0,10.62527,0,0,0,14.00003,100,0.2204518,0,3.689557,0,15.23722
12/7/2007 2:00:00 PM,0.7943933,46.00769,43.37422,37.83602,0.8683903,3.897335,2.291704,2.291704,0,-1,0,2.291704,170.0628,1.485015,0,0,3.897335,2.41232,2.291704,0,0,0,10.62527,0,0,0,14.00003,100,0.2204518,2.520875,3.117868,0,14.52261
12/7/2007 3:00:00 PM,0.5866348,34.81495,54.1096,50.25244,0.6515828,2.924304,5.548669,3.33,0,-1,0,3.33,87.81693,0,2.218669,2.773536,2.924304,3.505263,3.33,0,0,0,10.62527,0,0.5809594,-0.5809594,13.38764,95.62583,0.2204518,6.103536,2.339443,0,13.54958
12/7/2007 4:00:00 PM,0.235684,22.29612,60.83389,63.54623,0.2476426,1.11142,0,0,0,-1,0,0,0,0.4659094,0,0,1.11142,0,0,0,0,0.6455105,10.04431,0.6455105,0,0.6455105,14.00003,100,0.2204197,0,0.8891359,0,11.15574
12/7/2007 5:00:00 PM,0.09895217,9.084036,65.09985,77.22086,0.1112913,0.4994751,2.264525,2.264525,0,-1,0,2.264525,22.05651,0,4.440892E-16,0,0.4994751,2.383711,2.264525,0,0,0,10.62527,0,1.884235,-1.884235,12.01387,85.81318,0.2204197,2.490978,0.3995801,0,11.12475
12/7/2007 6:00:00 PM,0.003179974,0,67.70241,90,0,0,0.09932525,0.09932525,0,-1,0,0.09932525,0,0,1.387779E-17,0,0,0.1045529,0.09932525,0,0,2.093595,8.741038,0,0.1045529,-0.1045529,11.90366,85.02598,0.2204197,0.1092578,0,0,8.741038
12/7/2007 7:00:00 PM,0,0,68.95809,90,0,0,3.512921,3.33,0,-1,0,3.33,0,0,0.1829206,0.5342127,0,3.505263,3.33,0,0,2.209765,8.636486,0,3.505263,-3.505263,8.208789,58.63409,0.2204197,3.864213,0,0,8.636486
12/7/2007 8:00:00 PM,0,0,68.79619,90,0,0,8.70041,3.33,0,-1,0,3.33,0,0,5.37041,6.240451,0,3.505263,3.33,0,0,6.104502,5.131223,0,3.505263,-3.505263,4.513917,32.2422,0.2204197,9.570451,0,0,5.131223
12/7/2007 9:00:00 PM,0,0,66.58361,90,0,0,1.308551,1.308551,0,-1,0,1.308551,0,0,0,0,0,1.377422,1.308551,0,0,9.999238,1.62596,0,1.377422,-1.377422,3.061987,21.87129,0.2204197,1.439406,0,0,1.62596
12/7/2007 10:00:00 PM,0,0,60.2561,90,0,0,0.2546057,0.2361107,0,-1,0,0.2361107,0,0,0.01849499,0.04395556,0,0.2485376,0.2361107,0,0,11.52971,0.2485376,0,0.2485376,-0.2485376,2.800006,20,0.2204197,0.2800663,0,0,0.2485376
12/7/2007 11:00:00 PM,0,0,42.56398,90,0,0,0.8689714,0,0,-1,0,0,0,0,0.8689714,0.9558685,0,0,0,0,0,11.80586,0,0,0,0,2.800006,20,0.2204197,0.9558685,0,0,0
12/8/2007 12:00:00 AM,0,0,-3.989165,90,0,0,0.4168011,0,0,-1,0,0,0,0,0.4168011,0.4584812,0,0,0,0,0,11.80586,0,0,0,0,2.800006,20,0.2204197,0.4584812,0,0,0
12/8/2007 1:00:00 AM,0,0,-46.24179,90,0,0,0.4434432,0,0,-1,0,0,0,0,0.4434432,0.4877875,0,0,0,0,0,11.80586,0,0,0,0,2.800006,20,0.2204197,0.4877875,0,0,0
12/8/2007 2:00:00 AM,0,0,-61.42354,90,0,0,0,0,0,-1,0,0,0,0,0,0,0,0,0,0,0,11.80586,0,0,0,0,2.800006,20,0.2204197,0,0,0,0
12/8/2007 3:00:00 AM,0,0,-66.94766,90,0,0,0,0,0,-1,0,0,0,0,0,0,0,0,0,0,0,11.80586,0,0,0,0,2.800006,20,0.2204197,0,0,0,0
12/8/2007 4:00:00 AM,0,0,-68.80925,90,0,0,0.409106,0,0,-1,0,0,0,0,0.409106,0.4500166,0,0,0,0,0,11.80586,0,0,0,0,2.800006,20,0.2204197,0.4500166,0,0,0
12/8/2007 5:00:00 AM,0,0,-68.75613,90,0,0,0.123373,0.123373,3.628636,0,1.155618,0.123373,0,4.440892E-16,0,0,0,0,0,3.505263,3.33,11.80586,0,3.33,0,3.33,5.959121,42.56506,0.2204169,0.1357103,0,5,0
12/8/2007 6:00:00 AM,0.0115449,0,-67.31599,90,0,0,0,0,3.505263,0,1.121937,0,0,0,0,0,0,0,0,3.505263,3.33,8.475861,2.997,3.33,0,3.33,9.118237,65.13013,0.2204057,0,0,5,2.997
12/8/2007 7:00:00 AM,0.1984874,10.99603,-64.50246,75.2434,0.2601449,1.167531,0,0,3.505263,0,1.121937,0,0,0,0,0,1.167531,0,0,3.505263,3.33,5.14586,5.994,4.49753,0,4.49753,13.38497,95.60673,0.2203365,0,0.9340245,5,7.16153
12/8/2007 8:00:00 AM,0.4402588,24.12074,-59.94156,61.61722,0.5080277,2.280028,1.271741,1.271741,0,0,0,1.271741,179.284,0.2930235,0,0,2.280028,1.338675,1.271741,0,0,0.6483296,10.04178,0.6483296,0,0.6483296,14.00003,100,0.2203044,1.398916,1.824023,0,12.32181
12/8/2007 9:00:00 AM,0.6814342,36.48362,-52.75173,48.42359,0.7570243,3.397525,3.877116,3.33,0,-1,0,3.33,102.0278,0,0.5471165,0.9348281,3.397525,3.505263,3.33,0,0,0,10.62527,0,0.1077379,-0.1077379,13.88646,99.18882,0.2203044,4.264828,2.71802,0,14.0228
12/8/2007 10:00:00 AM,0.7775388,47.38048,-41.25255,36.22918,0.8478017,3.804934,1.479806,1.479806,0,0,0,1.479806,257.1238,2.127535,0,0,3.804934,1.557691,1.479806,0,0,0.1197088,10.51754,0.1197088,0,0.1197088,14.00003,100,0.2202985,1.627787,3.043947,0,14.32247
12/8/2007 11:00:00 AM,0.8609713,55.37149,-23.05298,26.52559,0.9313302,4.17981,0,0,0,0,0,0,0,4.17981,0,0,4.17981,0,0,0,0,0,10.62527,0,0,0,14.00003,100,0.2202985,0,3.343848,0,14.80508
12/8/2007 12:00:00 PM,0.9846554,58.1711,1.805046,22.80297,1.064988,4.779665,0.2786485,0.2786485,0,0,0,0.2786485,1715.303,4.486351,0,0,4.779665,0.2933142,0.2786485,0,0,0,10.62527,0,0,0,14.00003,100,0.2202985,0.3065133,3.823732,0,15.40494
12/8/2007 1:00:00 PM,0.8608786,54.52423,26.02166,27.60835,0.9322251,4.183826,2.503892,2.503892,0,0,0,2.503892,167.0929,1.548151,0,0,4.183826,2.635676,2.503892,0,0,0,10.62527,0,0,0,14.00003,100,0.2202985,2.754281,3.347061,0,14.8091
12/8/2007 2:00:00 PM,0.6238968,46.0099,43.17904,37.81006,0.6695039,3.004733,0,0,0,-1,0,0,0,3.004733,0,0,3.004733,0,0,0,0,0,10.62527,0,0,0,14.00003,100,0.2202985,0,2.403787,0,13.63001
12/8/2007 3:00:00 PM,0.5980074,34.84724,53.94917,50.19883,0.665132,2.985112,3.072809,3.072809,0,-1,0,3.072809,97.14603,0,0,0.05009047,2.985112,3.234536,3.072809,0,0,0,10.62527,0,0.2494239,-0.2494239,13.73711,98.12203,0.2202985,3.38009,2.38809,0,13.61039
12/8/2007 4:00:00 PM,0.402867,22.34877,60.69882,63.47508,0.4687051,2.103549,3.979967,3.33,0,-1,0,3.33,63.16962,0,0.6499667,1.047963,2.103549,3.505263,3.33,0,0,0.2771377,10.37585,0,1.401715,-1.401715,12.25957,87.56821,0.2202985,4.377964,1.682839,0,12.4794
12/8/2007 5:00:00 PM,0.1395704,9.151505,64.98074,77.13695,0.182176,0.817606,1.462539,1.462539,0,-1,0,1.462539,55.90318,0,2.220446E-16,0,0.817606,1.539515,1.462539,0,0,1.834598,8.974135,0,0.7219092,-0.7219092,11.49862,82.1328,0.2202985,1.608793,0.6540848,0,9.791741
12/8/2007 6:00:00 PM,0.002268613,0,67.59208,90,0,0,4.427746,3.33,0,-1,0,3.33,0,0,1.097746,1.540521,0,3.505263,3.33,0,0,2.63672,8.252226,0,3.505263,-3.505263,7.803744,55.74092,0.2202985,4.870521,0,0,8.252226
12/8/2007 7:00:00 PM,0,0,68.85094,90,0,0,4.640953,3.33,0,-1,0,3.33,0,0,1.310953,1.775048,0,3.505263,3.33,0,0,6.531456,4.746963,0,3.505263,-3.505263,4.108872,29.34903,0.2202985,5.105048,0,0,4.746963
12/8/2007 8:00:00 PM,0,0,68.6876,90,0,0,0.6108285,0.6108285,0,-1,0,0.6108285,0,0,1.110223E-16,0,0,0.6429774,0.6108285,0,0,10.42619,1.2417,0,0.6429774,-0.6429774,3.431115,24.50791,0.2202985,0.6719113,0,0,1.2417
12/8/2007 9:00:00 PM,0,0,66.47067,90,0,0,2.02616,0.5687866,0,-1,0,0.5687866,0,0,1.457373,1.659989,0,0.5987227,0.5687866,0,0,11.14061,0.5987227,0,0.5987227,-0.5987227,2.800006,20,0.2202985,2.228776,0,0,0.5987227
12/8/2007 10:00:00 PM,0,0,60.14611,90,0,0,0.6243832,0,0,-1,0,0,0,0,0.6243832,0.6868216,0,0,0,0,0,11.80586,0,0,0,0,2.800006,20,0.2202985,0.6868216,0,0,0
12/8/2007 11:00:00 PM,0,0,42.54441,90,0,0,0.8694732,0,0,-1,0,0,0,0,0.8694732,0.9564206,0,0,0,0,0,11.80586,0,0,0,0,2.800006,20,0.2202985,0.9564206,0,0,0
12/9/2007 12:00:00 AM,0,0,-3.565851,90,0,0,0.6020271,0,0,-1,0,0,0,0,0.6020271,0.6622298,0,0,0,0,0,11.80586,0,0,0,0,2.800006,20,0.2202985,0.6622298,0,0,0
12/9/2007 1:00:00 AM,0,0,-45.87012,90,0,0,0,0,0,-1,0,0,0,0,0,0,0,0,0,0,0,11.80586,0,0,0,0,2.800006,20,0.2202985,0,0,0,0
12/9/2007 2:00:00 AM,0,0,-61.20487,90,0,0,0.6375117,0,0,-1,0,0,0,0,0.6375117,0.7012629,0,0,0,0,0,11.80586,0,0,0,0,2.800006,20,0.2202985,0.7012629,0,0,0
12/9/2007 3:00:00 AM,0,0,-66.80047,90,0,0,0.7721522,0,0,-1,0,0,0,0,0.7721522,0.8493675,0,0,0,0,0,11.80586,0,0,0,0,2.800006,20,0.2202985,0.8493675,0,0,0
12/9/2007 4:00:00 AM,0,0,-68.69852,90,0,0,0.8884735,0,0,-1,0,0,0,0,0.8884735,0.9773208,0,0,0,0,0,11.80586,0,0,0,0,2.800006,20,0.2202985,0.9773208,0,0,0
12/9/2007 5:00:00 AM,0,0,-68.66649,90,0,0,0.6101908,0.6101908,4.115454,0,1.288519,0.6101908,0,4.440892E-16,0,0,0,0,0,3.505263,3.33,11.80586,0,3.33,0,3.33,5.959121,42.56506,0.2203289,0.6712099,0,5,0
12/9/2007 6:00:00 AM,0.01084595,0,-67.24007,90,0,0,0.4532201,0.4532201,3.958483,0,1.245666,0.4532201,0,0,0,0,0,0,0,3.505263,3.33,8.475861,2.997,3.33,0,3.33,9.118237,65.13013,0.2203487,0.4985421,0,5,2.997
12/9/2007 7:00:00 AM,0.1857413,10.88075,-64.43724,75.34806,0.2418368,1.085363,8.601829,8.33,5,0,1.53,8.33,13.02957,0,0.2718289,1.132012,1.085363,3.505263,3.33,0,0,5.14586,5.994,0,2.4199,-2.4199,6.567438,46.91018,0.2203487,9.462011,0.8682907,5,7.079363
12/9/2007 8:00:00 AM,0.3773679,23.99831,-59.88788,61.73062,0.4289651,1.925195,5.402081,5.402081,5,0,1.53,5.402081,35.63803,0,0,0,1.925195,0.4232425,0.4020804,0,0,7.834638,3.5741,1.501953,0,1.501953,7.992316,57.08785,0.2203716,5.942288,1.540156,5,5.499296
12/9/2007 9:00:00 AM,0.5839922,36.35479,-52.71674,48.54592,0.6448368,2.894027,2.564832,2.564832,0,-1,0,2.564832,112.835,0,0,0,2.894027,2.699823,2.564832,0,0,6.332685,4.925858,0.194204,0,0.194204,8.176554,58.40384,0.220362,2.821316,2.315222,0,7.819885
12/9/2007 10:00:00 AM,0.7573042,47.24864,-41.25674,36.35949,0.8251528,3.703286,0,0,0,0,0,0,0,0,0,0,3.703286,0,0,0,0,6.138481,5.100641,3.703286,0,3.703286,11.6898,83.4984,0.2201788,0,2.962629,0,8.803927
12/9/2007 11:00:00 AM,0.8454183,55.24866,-23.1373,26.65385,0.914108,4.102517,6.849374,6.849374,5,0,1.53,6.849374,59.89623,0,0,0,4.102517,1.94671,1.849375,0,0,2.435195,8.433599,2.155807,0,2.155807,13.73498,98.10678,0.2201731,7.534312,3.282014,5,12.53612
12/9/2007 12:00:00 PM,0.955814,58.08292,1.619356,22.88997,1.033823,4.639796,1.734993,1.734993,0,0,0,1.734993,267.4244,2.534099,0,0,4.639796,1.826309,1.734993,0,0,0.2793881,10.37383,0.2793881,0,0.2793881,14.00003,100,0.2201593,1.908493,3.711837,0,15.01362
12/9/2007 1:00:00 PM,0.9446136,54.48816,25.8032,27.62526,1.024791,4.599262,3.427691,3.427691,1.25,0,0.50625,3.427691,134.1796,2.306956,0,0,4.599262,2.292306,2.177691,0,0,0,10.62527,0,0,0,14.00003,100,0.2201593,3.77046,3.679409,5,15.22454
12/9/2007 2:00:00 PM,0.7700117,46.01739,42.98946,37.77965,0.8415725,3.776977,3.767821,3.33,0,-1,0,3.33,113.4227,0.2717141,0.4378213,0.8146034,3.776977,3.505263,3.33,0,0,0,10.62527,0,0,0,14.00003,100,0.2201593,4.144603,3.021582,0,14.40225
12/9/2007 3:00:00 PM,0.61274,34.88392,53.7948,50.14174,0.682429,3.062742,6.126224,3.33,0,-1,0,3.33,91.97422,0,2.796224,3.408847,3.062742,3.505263,3.33,0,0,0,10.62527,0,0.4425216,-0.4425216,13.53357,96.66816,0.2201593,6.738847,2.450193,0,13.68802
12/9/2007 4:00:00 PM,0.3525316,22.40505,60.56985,63.40122,0.4034929,1.810876,2.240303,2.240303,0,-1,0,2.240303,80.83176,0,4.440892E-16,0,1.810876,2.358214,2.240303,0,0,0.4916907,10.18275,0,0.5473375,-0.5473375,12.95662,92.54713,0.2201593,2.464334,1.448701,0,11.99363
12/9/2007 5:00:00 PM,0.1097305,9.22195,64.86782,77.05099,0.1279185,0.5740982,0,0,0,-1,0,0,0,0,0,0,0.5740982,0,0,0,0,1.099844,9.635415,0.5740982,0,0.5740982,13.50126,96.43739,0.220131,0,0.4592786,0,10.20951
12/9/2007 6:00:00 PM,0.002220935,0,67.48821,90,0,0,0,0,0,-1,0,0,0,0,0,0,0,0,0,0,0,0.5257453,10.1521,0,0,0,13.50126,96.43739,0.220131,0,0,0,10.1521
12/9/2007 7:00:00 PM,0,0,68.75088,90,0,0,3.277589,3.277589,0,-1,0,3.277589,0,0,4.440892E-16,0.2753476,0,3.450093,3.277589,0,0,0.5257453,10.1521,0,3.450093,-3.450093,9.864545,70.46089,0.220131,3.605348,0,0,10.1521
12/9/2007 8:00:00 PM,0,0,68.58722,90,0,0,0,0,0,-1,0,0,0,0,0,0,0,0,0,0,0,4.359182,6.70201,0,0,0,9.864545,70.46089,0.220131,0,0,0,6.70201
12/9/2007 9:00:00 PM,0,0,66.36796,90,0,0,0,0,0,-1,0,0,0,0,0,0,0,0,0,0,0,4.359182,6.70201,0,0,0,9.864545,70.46089,0.220131,0,0,0,6.70201
12/9/2007 10:00:00 PM,0,0,60.04998,90,0,0,0.6590582,0.6590582,0,-1,0,0.6590582,0,0,1.110223E-16,0,0,0.6937455,0.6590582,0,0,4.359182,6.70201,0,0.6937455,-0.6937455,9.133272,65.23753,0.220131,0.724964,0,0,6.70201
12/9/2007 11:00:00 PM,0,0,42.54275,90,0,0,0.873628,0.873628,0,-1,0,0.873628,0,0,1.110223E-16,0,0,0.9196084,0.873628,0,0,5.130011,6.008265,0,0.9196084,-0.9196084,8.16392,58.3136,0.220131,0.9609907,0,0,6.008265
12/10/2007 12:00:00 AM,0,0,-3.143576,90,0,0,1.410296,1.410296,0,-1,0,1.410296,0,0,2.220446E-16,0,0,1.484522,1.410296,0,0,6.151798,5.088656,0,1.484522,-1.484522,6.599096,47.13631,0.220131,1.551326,0,0,5.088656
12/10/2007 1:00:00 AM,0,0,-45.51005,90,0,0,0.5272473,0.5272473,0,-1,0,0.5272473,0,0,0,0,0,0.5549971,0.5272473,0,0,7.801267,3.604134,0,0.5549971,-0.5549971,6.014078,42.95761,0.220131,0.579972,0,0,3.604134
12/10/2007 2:00:00 AM,0,0,-60.99632,90,0,0,0,0,0,-1,0,0,0,0,0,0,0,0,0,0,0,8.417931,3.049137,0,0,0,6.014078,42.95761,0.220131,0,0,0,3.049137
12/10/2007 3:00:00 AM,0,0,-66.66176,90,0,0,0.3086527,0.3086527,0,-1,0,0.3086527,0,0,0,0,0,0.3248976,0.3086527,0,0,8.417931,3.049137,0,0.3248976,-0.3248976,5.671606,40.51139,0.220131,0.339518,0,0,3.049137
12/10/2007 4:00:00 AM,0,0,-68.59527,90,0,0,0,0,0,-1,0,0,0,0,0,0,0,0,0,0,0,8.778928,2.724239,0,0,0,5.671606,40.51139,0.220131,0,0,0,2.724239
12/10/2007 5:00:00 AM,0,0,-68.58381,90,0,0,0.7301223,0.7301223,0,0,0,0.7301223,0,0,1.110223E-16,0,0,0.7685497,0.7301223,0,0,8.778928,2.724239,0,0.7685497,-0.7685497,4.861484,34.72481,0.220131,0.8031345,0,0,2.724239
12/10/2007 6:00:00 AM,0.009555029,0,-67.171,90,0,0,0.550562,0.550562,0,0,0,0.550562,0,0,1.110223E-16,0,0,0.5795389,0.550562,0,0,9.632872,1.95569,0,0.5795389,-0.5795389,4.250596,30.36134,0.220131,0.6056182,0,0,1.95569
12/10/2007 7:00:00 AM,0.1665744,10.76584,-64.37904,75.45337,0.2115478,0.9494264,5.044701,5.044701,5,0,1.53,5.044701,18.82027,0,0,0,0.9494264,0.04705385,0.04470116,0,0,10.2768,1.376151,0.9023725,0,0.9023725,5.106661,36.47608,0.2201447,5.549171,0.7595411,5,2.325577
12/10/2007 8:00:00 AM,0.4334881,23.87712,-59.84167,61.84386,0.5010999,2.248936,2.008732,2.008732,5,0,1.53,2.008732,111.958,0,0,0,2.248936,0,0,2.991268,2.841705,9.374432,2.188286,5.090641,0,5.090641,9.936068,70.97177,0.2201485,2.209605,1.799149,5,4.437222
12/10/2007 9:00:00 AM,0.5343255,36.22829,-52.68985,48.66704,0.5845495,2.623458,1.533089,1.533089,0,-1,0,1.533089,171.1224,0,0,0,2.623458,1.613778,1.533089,0,0,4.28379,6.769863,1.009681,0,1.009681,10.89394,77.81367,0.2200987,1.686398,2.098767,0,9.393321
12/10/2007 10:00:00 AM,0.708149,47.12058,-41.2693,36.48708,0.7683694,3.448442,1.452366,1.452366,0,0,0,1.452366,237.4361,0,0,0,3.448442,1.528806,1.452366,0,0,3.27411,7.678576,1.919636,0,1.919636,12.71506,90.82169,0.2200042,1.597603,2.758754,0,11.12702
12/10/2007 11:00:00 AM,0.874748,55.13129,-23.22822,26.77725,0.9474946,4.252356,0.5822555,0.5822555,0,0,0,0.5822555,730.3247,2.284981,0,0,4.252356,0.6129005,0.5822555,0,0,1.354474,9.406248,1.354474,0,1.354474,14.00003,100,0.2199375,0.6404811,3.401885,0,13.6586
12/10/2007 12:00:00 PM,0.9304079,58.00122,1.432355,22.9706,1.006342,4.516462,0,0,0,0,0,0,0,4.516462,0,0,4.516462,0,0,0,0,0,10.62527,0,0,0,14.00003,100,0.2199375,0,3.613169,0,15.14174
12/10/2007 1:00:00 PM,0.9622838,54.45827,25.5884,27.6365,1.044424,4.687377,0.9471837,0.9471837,0,0,0,0.9471837,494.8752,3.690341,0,0,4.687377,0.9970354,0.9471837,0,0,0,10.62527,0,0,0,14.00003,100,0.2199375,1.041902,3.749902,0,15.31265
12/10/2007 2:00:00 PM,0.8008429,46.03016,42.80554,37.74479,0.876229,3.932516,1.824893,1.824893,0,-1,0,1.824893,215.493,2.011576,0,0,3.932516,1.92094,1.824893,0,0,0,10.62527,0,0,0,14.00003,100,0.2199375,2.007382,3.146013,0,14.55779
12/10/2007 3:00:00 PM,0.6005158,34.92496,53.64652,50.0812,0.6683071,2.999362,7.790467,3.33,0,-1,0,3.33,90.07094,0,4.460467,5.239514,2.999362,3.505263,3.33,0,0,0,10.62527,0,0.505901,-0.505901,13.46676,96.19096,0.2199375,8.569514,2.39949,0,13.62464
12/10/2007 4:00:00 PM,0.3924709,22.46491,60.44703,63.32471,0.4556428,2.044925,4.550084,3.33,0,-1,0,3.33,61.40915,0,1.220084,1.675092,2.044925,3.505263,3.33,0,0,0.5621123,10.11937,0,1.460338,-1.460338,11.92743,85.19576,0.2199375,5.005092,1.63594,0,12.1643
12/10/2007 5:00:00 PM,0.146738,9.295304,64.76112,76.96307,0.1936648,0.8691676,0,0,0,-1,0,0,0,0,0,0,0.8691676,0,0,0,0,2.184711,8.659035,0.8691676,0,0.8691676,12.75199,91.08549,0.2198947,0,0.6953341,0,9.528202
12/10/2007 6:00:00 PM,0.002441407,0,67.39085,90,0,0,10.04282,3.33,0,-1,0,3.33,0,0,6.712819,7.717101,0,3.505263,3.33,0,0,1.315543,9.441286,0,3.505263,-3.505263,9.057122,64.6936,0.2198947,11.0471,0,0,9.441286
12/10/2007 7:00:00 PM,0,0,68.65791,90,0,0,3.539516,3.33,0,-1,0,3.33,0,0,0.2095163,0.563468,0,3.505263,3.33,0,0,5.210279,5.936022,0,3.505263,-3.505263,5.362251,38.30172,0.2198947,3.893468,0,0,5.936022
12/10/2007 8:00:00 PM,0,0,68.49505,90,0,0,1.668588,1.668588,0,-1,0,1.668588,0,0,2.220446E-16,0,0,1.756408,1.668588,0,0,9.105017,2.430759,0,1.756408,-1.756408,3.510834,25.07734,0.2198947,1.835447,0,0,2.430759
12/10/2007 9:00:00 PM,0,0,66.27543,90,0,0,8.54408,0.6406334,0,-1,0,0.6406334,0,0,7.903446,8.757854,0,0.674351,0.6406334,0,0,11.05658,0.674351,0,0.674351,-0.674351,2.800006,20,0.2198947,9.398487,0,0,0.674351
12/10/2007 10:00:00 PM,0,0,59.96752,90,0,0,1.335169,0,0,-1,0,0,0,0,1.335169,1.468686,0,0,0,0,0,11.80586,0,0,0,0,2.800006,20,0.2198947,1.468686,0,0,0
12/10/2007 11:00:00 PM,0,0,42.55853,90,0,0,0.3379954,0,0,-1,0,0,0,0,0.3379954,0.3717949,0,0,0,0,0,11.80586,0,0,0,0,2.800006,20,0.2198947,0.3717949,0,0,0
12/11/2007 12:00:00 AM,0,0,-2.722098,90,0,0,0.39879,0,0,-1,0,0,0,0,0.39879,0.438669,0,0,0,0,0,11.80586,0,0,0,0,2.800006,20,0.2198947,0.438669,0,0,0
12/11/2007 1:00:00 AM,0,0,-45.16155,90,0,0,1.811229,0,0,-1,0,0,0,0,1.811229,1.992352,0,0,0,0,0,11.80586,0,0,0,0,2.800006,20,0.2198947,1.992352,0,0,0
12/11/2007 2:00:00 AM,0,0,-60.79795,90,0,0,0.3116584,0,0,-1,0,0,0,0,0.3116584,0.3428242,0,0,0,0,0,11.80586,0,0,0,0,2.800006,20,0.2198947,0.3428242,0,0,0
12/11/2007 3:00:00 AM,0,0,-66.53159,90,0,0,0.4622051,0,0,-1,0,0,0,0,0.4622051,0.5084257,0,0,0,0,0,11.80586,0,0,0,0,2.800006,20,0.2198947,0.5084257,0,0,0
12/11/2007 4:00:00 AM,0,0,-68.49955,90,0,0,0.6116535,0,0,-1,0,0,0,0,0.6116535,0.6728188,0,0,0,0,0,11.80586,0,0,0,0,2.800006,20,0.2198947,0.6728188,0,0,0
12/11/2007 5:00:00 AM,0,0,-68.50814,90,0,0,1.105845,1.105845,4.611108,0,1.423833,1.105845,0,4.440892E-16,0,0,0,0,0,3.505263,3.33,11.80586,0,3.33,0,3.33,5.959121,42.56506,0.2199589,1.216429,0,5,0
12/11/2007 6:00:00 AM,0.008237193,0,-67.10876,90,0,0,0.2347783,0.2347783,3.740041,0,1.186031,0.2347783,0,4.440892E-16,0,0,0,0,0,3.505263,3.33,8.475861,2.997,3.33,0,3.33,9.118237,65.13013,0.2199641,0.2582561,0,5,2.997
12/11/2007 7:00:00 AM,0.1814276,10.65139,-64.32784,75.55923,0.2375514,1.066131,4.545005,4.545005,5,0,1.53,4.545005,23.4572,0,0,0,1.066131,0,0,0.454995,0.4322452,5.14586,5.994,1.498376,0,1.498376,10.53972,75.28357,0.2199899,4.999506,0.8529046,5,7.060131
12/11/2007 8:00:00 AM,0.4407719,23.75724,-59.8029,61.95685,0.5104759,2.291016,2.011929,2.011929,3.300574,0,1.066057,2.011929,113.8716,0,0,0,2.291016,0,0,1.288645,1.224213,3.647484,7.342538,3.515229,0,3.515229,13.87456,99.1038,0.2199561,2.213121,1.832813,5,9.633554
12/11/2007 9:00:00 AM,0.6955611,36.10421,-52.67099,48.78687,0.7743452,3.475261,0,0,0,-1,0,0,0,3.343005,0,0,3.475261,0,0,0,0,0.1322557,10.50624,0.1322557,0,0.1322557,14.00003,100,0.2199496,0,2.780209,0,13.98151
12/11/2007 10:00:00 AM,0.8157891,46.99638,-41.29012,36.61185,0.8917569,4.002205,2.259292,2.259292,0,0,0,2.259292,177.1442,1.624003,0,0,4.002205,2.378202,2.259292,0,0,0,10.62527,0,0,0,14.00003,100,0.2199496,2.485221,3.201764,0,14.62748
12/11/2007 11:00:00 AM,0.9898743,55.0194,-23.32562,26.89574,1.074334,4.82161,0,0,0,0,0,0,0,4.82161,0,0,4.82161,0,0,0,0,0,10.62527,0,0,0,14.00003,100,0.2199496,0,3.857289,0,15.44689
12/11/2007 12:00:00 PM,1.046765,57.92601,1.2441,23.04487,1.133828,5.088621,1.984815,1.984815,0,0,0,1.984815,256.3775,2.999341,0,0,5.088621,2.089279,1.984815,0,0,0,10.62527,0,0,0,14.00003,100,0.2199496,2.183297,4.070897,0,15.71389
12/11/2007 1:00:00 PM,0.8929568,54.43458,25.3773,27.64207,0.9686639,4.347364,2.695282,2.695282,0,0,0,2.695282,161.2953,1.510224,0,0,4.347364,2.837139,2.695282,0,0,0,10.62527,0,0,0,14.00003,100,0.2199496,2.964811,3.477891,0,14.97264
12/11/2007 2:00:00 PM,0.7354092,46.04818,42.62733,37.70551,0.8023678,3.601027,2.713512,2.713512,0,-1,0,2.713512,132.7072,0.7446985,0,0,3.601027,2.856328,2.713512,0,0,0,10.62527,0,0,0,14.00003,100,0.2199496,2.984863,2.880821,0,14.2263
12/11/2007 3:00:00 PM,0.6097214,34.97033,53.5044,50.01725,0.6791355,3.04796,3.530278,3.33,0,-1,0,3.33,91.53033,0,0.2002777,0.5533054,3.04796,3.505263,3.33,0,0,0,10.62527,0,0.4573029,-0.4573029,13.51799,96.55687,0.2199496,3.883306,2.438368,0,13.67323
12/11/2007 4:00:00 PM,0.4141074,22.5283,60.3304,63.2456,0.4824645,2.165301,4.035279,3.33,0,-1,0,3.33,65.02404,0,0.7052795,1.108807,2.165301,3.505263,3.33,0,0,0.5081143,10.16797,0,1.339963,-1.339963,12.10554,86.46799,0.2199496,4.438807,1.73224,0,12.33327
12/11/2007 5:00:00 PM,0.1721626,9.371502,64.66068,76.87325,0.235567,1.057225,4.10409,3.33,0,-1,0,3.33,31.74848,4.440892E-16,0.7740902,1.184499,1.057225,3.505263,3.33,0,0,1.996962,8.828009,0,2.448039,-2.448039,9.525084,68.03618,0.2199496,4.514499,0.8457796,0,9.885233
12/11/2007 6:00:00 PM,0.003377631,0,67.30002,90,0,0,0,0,0,-1,0,0,0,0,0,0,0,0,0,0,0,4.717005,6.37997,0,0,0,9.525084,68.03618,0.2199496,0,0,0,6.37997
12/11/2007 7:00:00 PM,0,0,68.57205,90,0,0,3.563927,3.33,0,-1,0,3.33,0,0,0.2339271,0.5903198,0,3.505263,3.33,0,0,4.717005,6.37997,0,3.505263,-3.505263,5.830213,41.64429,0.2199496,3.92032,0,0,6.37997
12/11/2007 8:00:00 PM,0,0,68.41107,90,0,0,0.6693618,0.6693618,0,-1,0,0.6693618,0,0,1.110223E-16,0,0,0.7045913,0.6693618,0,0,8.611741,2.874707,0,0.7045913,-0.7045913,5.087508,36.33927,0.2199496,0.736298,0,0,2.874707
12/11/2007 9:00:00 PM,0,0,66.19302,90,0,0,11.47014,2.06161,0,-1,0,2.06161,0,0,9.408528,10.55554,0,2.170115,2.06161,0,0,9.394621,2.170115,0,2.170115,-2.170115,2.800006,20,0.2199496,12.61715,0,0,2.170115
12/11/2007 10:00:00 PM,0,0,59.89857,90,0,0,0.05374867,0,0,-1,0,0,0,0,0.05374867,0.05912353,0,0,0,0,0,11.80586,0,0,0,0,2.800006,20,0.2199496,0.05912353,0,0,0
12/11/2007 11:00:00 PM,0,0,42.59131,90,0,0,0.4119268,0,0,-1,0,0,0,0,0.4119268,0.4531195,0,0,0,0,0,11.80586,0,0,0,0,2.800006,20,0.2199496,0.4531195,0,0,0
12/12/2007 12:00:00 AM,0,0,-2.301183,90,0,0,0,0,0,-1,0,0,0,0,0,0,0,0,0,0,0,11.80586,0,0,0,0,2.800006,20,0.2199496,0,0,0,0
12/12/2007 1:00:00 AM,0,0,-44.82463,90,0,0,1.294594,0,0,-1,0,0,0,0,1.294594,1.424053,0,0,0,0,0,11.80586,0,0,0,0,2.800006,20,0.2199496,1.424053,0,0,0
12/12/2007 2:00:00 AM,0,0,-60.60987,90,0,0,1.266205,0,0,-1,0,0,0,0,1.266205,1.392826,0,0,0,0,0,11.80586,0,0,0,0,2.800006,20,0.2199496,1.392826,0,0,0
12/12/2007 3:00:00 AM,0,0,-66.41005,90,0,0,0,0,0,-1,0,0,0,0,0,0,0,0,0,0,0,11.80586,0,0,0,0,2.800006,20,0.2199496,0,0,0,0
12/12/2007 4:00:00 AM,0,0,-68.41141,90,0,0,0.4812979,0,0,-1,0,0,0,0,0.4812979,0.5294276,0,0,0,0,0,11.80586,0,0,0,0,2.800006,20,0.2199496,0.5294276,0,0,0
12/12/2007 5:00:00 AM,0,0,-68.4395,90,0,0,0.06662878,0.06662878,3.571892,0,1.140126,0.06662878,0,0,0,0,0,0,0,3.505263,3.33,11.80586,0,3.33,0,3.33,5.959121,42.56506,0.2199434,0.07329166,0,5,0
12/12/2007 6:00:00 AM,0.008015321,0,-67.05339,90,0,0,1.018647,1.018647,4.523911,0,1.400028,1.018647,0,0,0,0,0,0,0,3.505263,3.33,8.475861,2.997,3.33,0,3.33,9.118237,65.13013,0.2200014,1.120512,0,5,2.997
12/12/2007 7:00:00 AM,0.176558,10.5375,-64.28364,75.66556,0.2309618,1.036556,1.778622,1.778622,4.950354,0,1.516446,1.778622,58.27863,0,0,0,1.036556,0,0,3.171731,3.013145,5.14586,5.994,4.049701,0,4.049701,12.96012,92.57211,0.220053,1.956484,0.8292452,5,7.030556
12/12/2007 8:00:00 AM,0.4058178,23.63877,-59.77153,62.0695,0.4679808,2.100298,0,0,0,0,0,0,0,1.004139,0,0,2.100298,0,0,0,0,1.096159,9.638731,1.096159,0,1.096159,14.00003,100,0.2199993,0,1.680238,0,11.73903
12/12/2007 9:00:00 AM,0.6968319,35.98262,-52.66008,48.90531,0.776214,3.483649,1.604609,1.604609,0,-1,0,1.604609,217.1027,1.794587,0,0,3.483649,1.689062,1.604609,0,0,0,10.62527,0,0,0,14.00003,100,0.2199993,1.76507,2.786919,0,14.10892
12/12/2007 10:00:00 AM,0.8814381,46.87609,-41.31908,36.73375,0.9646728,4.329452,5.438559,5.438559,2.108559,0,0.7406365,5.438559,79.6066,0.8241884,0,0,4.329452,3.505263,3.33,0,0,0,10.62527,0,0,0,14.00003,100,0.2199993,5.982415,3.463561,5,14.95473
12/12/2007 11:00:00 AM,0.9904302,54.91304,-23.42937,27.00928,1.075258,4.825758,2.158592,2.158592,0,0,0,2.158592,223.5604,2.553555,0,0,4.825758,2.272202,2.158592,0,0,0,10.62527,0,0,0,14.00003,100,0.2199993,2.374451,3.860606,0,15.45103
12/12/2007 12:00:00 PM,1.024015,57.85731,1.054648,23.11276,1.109207,4.978122,3.300374,3.300374,1.25,0,0.50625,3.300374,150.8351,2.819834,0,0,4.978122,2.158288,2.050374,0,0,0,10.62527,0,0,0,14.00003,100,0.2199993,3.630411,3.982497,5,15.6034
12/12/2007 1:00:00 PM,0.9758821,54.41707,25.16993,27.64197,1.059806,4.756409,1.485515,1.485515,0,0,0,1.485515,320.1859,3.192709,0,0,4.756409,1.5637,1.485515,0,0,0,10.62527,0,0,0,14.00003,100,0.2199993,1.634066,3.805128,0,15.38168
12/12/2007 2:00:00 PM,0.8833588,46.07145,42.45489,37.66182,0.9679136,4.343997,0,0,0,-1,0,0,0,4.343997,0,0,4.343997,0,0,0,0,0,10.62527,0,0,0,14.00003,100,0.2199993,0,3.475197,0,14.96927
12/12/2007 3:00:00 PM,0.6824991,35.01999,53.3685,49.94994,0.7619205,3.419499,3.414253,3.33,0,-1,0,3.33,102.6877,0,0.08425318,0.4256785,3.419499,3.505263,3.33,0,0,0,10.62527,0,0.08576418,-0.08576418,13.90963,99.35426,0.2199993,3.755678,2.735599,0,14.04477
12/12/2007 4:00:00 PM,0.42676,22.59517,60.22002,63.16395,0.4976443,2.233428,2.23484,2.23484,0,-1,0,2.23484,99.93678,0,0,0,2.233428,2.352463,2.23484,0,0,0.09529354,10.53951,0,0.1190359,-0.1190359,13.78415,98.45802,0.2199993,2.458324,1.786742,0,12.77294
12/12/2007 5:00:00 PM,0.1522644,9.450474,64.56654,76.78159,0.2018657,0.9059734,3.744279,3.33,0,-1,0,3.33,27.20641,0,0.4142787,0.7887065,0.9059734,3.505263,3.33,0,0,0.2275556,10.42047,0,2.59929,-2.59929,11.04426,78.8874,0.2199993,4.118707,0.7247787,0,11.32645
12/12/2007 6:00:00 PM,0.002832196,0,67.21575,90,0,0,0,0,0,-1,0,0,0,0,0,0,0,0,0,0,0,3.115655,7.821184,0,0,0,11.04426,78.8874,0.2199993,0,0,0,7.821184
12/12/2007 7:00:00 PM,0,0,68.49333,90,0,0,3.190105,3.190105,0,-1,0,3.190105,0,0,4.440892E-16,0.1791156,0,3.358005,3.190105,0,0,3.115655,7.821184,0,3.358005,-3.358005,7.504609,53.60424,0.2199993,3.509116,0,0,7.821184
12/12/2007 8:00:00 PM,0,0,68.3353,90,0,0,1.695503,1.695503,0,-1,0,1.695503,0,0,0,0,0,1.784741,1.695503,0,0,6.846773,4.463179,0,1.784741,-1.784741,5.623328,40.16655,0.2199993,1.865054,0,0,4.463179
12/12/2007 9:00:00 PM,0,0,66.1207,90,0,0,2.844051,2.544517,0,-1,0,2.544517,0,0,0.2995346,0.5839397,0,2.678438,2.544517,0,0,8.829818,2.678438,0,2.678438,-2.678438,2.800006,20,0.2199993,3.128456,0,0,2.678438
12/12/2007 10:00:00 PM,0,0,59.84297,90,0,0,1.136462,4.00235E-16,0,-1,0,4.00235E-16,0,0,1.136462,1.250109,0,4.213E-16,4.00235E-16,0,0,11.80586,4.213E-16,0,4.213E-16,0,2.800006,20,0.2199993,1.250109,0,0,4.213E-16
12/12/2007 11:00:00 PM,0,0,42.64069,90,0,0,0.7172,4.00235E-16,0,-1,0,4.00235E-16,0,0,0.7172,0.78892,0,4.213E-16,4.00235E-16,0,0,11.80586,4.213E-16,0,4.213E-16,0,2.800006,20,0.2199993,0.78892,0,0,4.213E-16
12/13/2007 12:00:00 AM,0,0,-1.880605,90,0,0,0.4538015,4.00235E-16,0,-1,0,4.00235E-16,0,0,0.4538015,0.4991817,0,4.213E-16,4.00235E-16,0,0,11.80586,4.213E-16,0,4.213E-16,0,2.800006,20,0.2199993,0.4991817,0,0,4.213E-16
12/13/2007 1:00:00 AM,0,0,-44.49928,90,0,0,0,0,0,-1,0,0,0,0,0,0,0,0,0,0,0,11.80586,4.213E-16,0,0,0,2.800006,20,0.2199993,0,0,0,4.213E-16
12/13/2007 2:00:00 AM,0,0,-60.43217,90,0,0,0,0,0,-1,0,0,0,0,0,0,0,0,0,0,0,11.80586,4.213E-16,0,0,0,2.800006,20,0.2199993,0,0,0,4.213E-16
12/13/2007 3:00:00 AM,0,0,-66.29718,90,0,0,0.6965193,4.00235E-16,0,-1,0,4.00235E-16,0,0,0.6965193,0.7661712,0,4.213E-16,4.00235E-16,0,0,11.80586,4.213E-16,0,4.213E-16,0,2.800006,20,0.2199993,0.7661712,0,0,4.213E-16
12/13/2007 4:00:00 AM,0,0,-68.33088,90,0,0,0.3505591,4.00235E-16,0,-1,0,4.00235E-16,0,0,0.3505591,0.385615,0,4.213E-16,4.00235E-16,0,0,11.80586,4.213E-16,0,4.213E-16,0,2.800006,20,0.2199993,0.385615,0,0,4.213E-16
12/13/2007 5:00:00 AM,0,0,-68.37791,90,0,0,0.8746724,0.8746724,4.379936,0,1.360722,0.8746724,0,0,0,0,0,0,0,3.505263,3.33,11.80586,4.213E-16,3.33,0,3.33,5.959121,42.56506,0.2200475,0.9621397,0,5,4.213E-16
12/13/2007 6:00:00 AM,0.007521047,0,-67.00488,90,0,0,0.9195167,0.9195167,4.42478,0,1.372965,0.9195167,0,4.440892E-16,0,0,0,0,0,3.505263,3.33,8.475861,2.997,3.33,0,3.33,9.118237,65.13013,0.2200986,1.011468,0,5,2.997
12/13/2007 7:00:00 AM,0.1451828,10.42424,-64.24641,75.77226,0.1783364,0.8003737,2.836443,2.836443,5,0,1.53,2.836443,28.21752,0,0,0,0.8003737,0,0,2.163557,2.055379,5.14586,5.994,2.855753,0,2.855753,11.82744,84.48156,0.220156,3.120087,0.6402989,5,6.794374
12/13/2007 8:00:00 AM,0.3663217,23.52179,-59.74752,62.18172,0.4170358,1.871657,1.479635,1.479635,0,0,0,1.479635,126.4945,0,0,0,1.871657,1.557511,1.479635,0,0,2.290107,8.564178,0.3141459,0,0.3141459,12.12547,86.61031,0.2201407,1.627599,1.497325,0,10.43583
12/13/2007 9:00:00 AM,0.547367,35.86362,-52.65706,49.02227,0.6021362,2.702387,3.901419,3.33,0,-1,0,3.33,81.15277,0,0.5714195,0.9615614,2.702387,3.505263,3.33,0,0,1.975961,8.846909,0,0.802876,-0.802876,11.27916,80.56528,0.2201407,4.291562,2.16191,0,11.5493
12/13/2007 10:00:00 AM,0.6066787,46.75978,-41.35607,36.85268,0.6475986,2.906423,1.643477,1.643477,0,0,0,1.643477,176.846,0,0,0,2.906423,1.729976,1.643477,0,0,2.868046,8.044033,1.176447,0,1.176447,12.39524,88.53722,0.2200832,1.807824,2.325138,0,10.95046
12/13/2007 11:00:00 AM,0.6118594,54.81223,-23.53936,27.11782,0.6403844,2.874045,1.350949,1.350949,0,0,0,1.350949,212.7427,0,0,0,2.874045,1.422052,1.350949,0,0,1.691599,9.102836,1.451993,0,1.451993,13.77272,98.37637,0.2200123,1.486044,2.299236,0,11.97688
12/13/2007 12:00:00 PM,0.7225766,57.79512,0.8640527,23.17427,0.7676485,3.445207,0,0,0,0,0,0,0,3.205601,0,0,3.445207,0,0,0,0,0.2396054,10.40963,0.2396054,0,0.2396054,14.00003,100,0.2200006,0,2.756165,0,13.85484
12/13/2007 1:00:00 PM,0.7430106,54.40575,24.96633,27.63618,0.7970418,3.577123,3.04049,3.04049,1.25,0,0.50625,3.04049,117.6496,1.692397,0,0,3.577123,1.884726,1.79049,0,0,0,10.62527,0,0,0,14.00003,100,0.2200006,3.344539,2.861699,5,14.2024
12/13/2007 2:00:00 PM,0.5490765,46.09994,42.28826,37.61373,0.5791703,2.599316,2.055804,2.055804,0,-1,0,2.055804,126.4379,0.4353115,0,0,2.599316,2.164005,2.055804,0,0,0,10.62527,0,0,0,14.00003,100,0.2200006,2.261385,2.079453,0,13.22459
12/13/2007 3:00:00 PM,0.3948598,35.0739,53.23888,49.87931,0.4143409,1.859562,6.202853,3.33,0,-1,0,3.33,55.84271,0,2.872853,3.493138,1.859562,3.505263,3.33,0,0,0,10.62527,0,1.645701,-1.645701,12.26531,87.60916,0.2200006,6.823138,1.48765,0,12.48484
12/13/2007 4:00:00 PM,0.2430049,22.66545,60.11595,63.07983,0.2560385,1.149101,4.71034,3.33,0,-1,0,3.33,34.50754,4.440892E-16,1.380339,1.851373,1.149101,3.505263,3.33,0,0,1.828557,8.979573,0,2.356162,-2.356162,9.781693,69.8691,0.2200006,5.181373,0.9192808,0,10.12867
12/13/2007 5:00:00 PM,0.1409376,9.53215,64.47876,76.68817,0.1806156,0.810603,0,0,0,-1,0,0,0,0,0,0,0.810603,0,0,0,0,4.446515,6.623411,0.810603,0,0.810603,10.5507,75.36199,0.219961,0,0.6484824,0,7.434014
12/13/2007 6:00:00 PM,0.004958434,0,67.13807,90,0,0,1.897715,1.897715,0,-1,0,1.897715,0,0,2.220446E-16,0,0,1.997595,1.897715,0,0,3.635911,7.352954,0,1.997595,-1.997595,8.44505,60.32166,0.219961,2.087486,0,0,7.352954
12/13/2007 7:00:00 PM,0,0,68.42176,90,0,0,1.587035,1.587035,0,-1,0,1.587035,0,0,2.220446E-16,0,0,1.670563,1.587035,0,0,5.855461,5.355359,0,1.670563,-1.670563,6.684122,47.74363,0.219961,1.745739,0,0,5.355359
12/13/2007 8:00:00 PM,0,0,68.2677,90,0,0,5.344544,3.33,0,-1,0,3.33,0,0,2.014544,2.548999,0,3.505263,3.33,0,0,7.711643,3.684796,0,3.505263,-3.505263,2.98925,21.35174,0.219961,5.878999,0,0,3.684796
12/13/2007 9:00:00 PM,0,0,66.0584,90,0,0,1.687062,0.1705561,0,-1,0,0.1705561,0,0,1.516506,1.685212,0,0.1795328,0.1705561,0,0,11.60638,0.1795328,0,0.1795328,-0.1795328,2.800006,20,0.219961,1.855768,0,0,0.1795328
12/13/2007 10:00:00 PM,0,0,59.80053,90,0,0,0.1844883,0,0,-1,0,0,0,0,0.1844883,0.2029371,0,0,0,0,0,11.80586,0,0,0,0,2.800006,20,0.219961,0.2029371,0,0,0
12/13/2007 11:00:00 PM,0,0,42.70628,90,0,0,0.4505491,0,0,-1,0,0,0,0,0.4505491,0.495604,0,0,0,0,0,11.80586,0,0,0,0,2.800006,20,0.219961,0.495604,0,0,0
12/14/2007 12:00:00 AM,0,0,-1.460142,90,0,0,1.433595,0,0,-1,0,0,0,0,1.433595,1.576954,0,0,0,0,0,11.80586,0,0,0,0,2.800006,20,0.219961,1.576954,0,0,0
12/14/2007 1:00:00 AM,0,0,-44.18553,90,0,0,0,0,0,-1,0,0,0,0,0,0,0,0,0,0,0,11.80586,0,0,0,0,2.800006,20,0.219961,0,0,0,0
12/14/2007 2:00:00 AM,0,0,-60.26493,90,0,0,1.326311,0,0,-1,0,0,0,0,1.326311,1.458942,0,0,0,0,0,11.80586,0,0,0,0,2.800006,20,0.219961,1.458942,0,0,0
12/14/2007 3:00:00 AM,0,0,-66.19307,90,0,0,0.6089306,0,0,-1,0,0,0,0,0.6089306,0.6698237,0,0,0,0,0,11.80586,0,0,0,0,2.800006,20,0.219961,0.6698237,0,0,0
12/14/2007 4:00:00 AM,0,0,-68.25801,90,0,0,0,0,0,-1,0,0,0,0,0,0,0,0,0,0,0,11.80586,0,0,0,0,2.800006,20,0.219961,0,0,0,0
12/14/2007 5:00:00 AM,0,0,-68.32339,90,0,0,1.872567,1.872567,5,0,1.53,1.872567,0,0,0,0,0,0,0,3.127433,2.971061,11.80586,0,2.971061,0,2.971061,5.618602,40.13279,0.2200264,2.059824,0,5,0
12/14/2007 6:00:00 AM,0.007080606,0,-66.96325,90,0,0,1.868454,1.868454,5,0,1.53,1.868454,0,0,0,0,0,0,0,3.131546,2.974968,8.834799,2.673955,2.974968,0,2.974968,8.440905,60.29205,0.2200919,2.0553,0,5,2.673955
12/14/2007 7:00:00 AM,0.1669297,10.31169,-64.21617,75.87926,0.2175411,0.9763243,0,0,3.505263,0,1.121937,0,0,0,0,0,0.9763243,0,0,3.505263,3.33,5.85983,5.351427,4.306324,0,4.306324,12.52624,89.47298,0.2200335,0,0.7810594,5,6.327751
12/14/2007 8:00:00 AM,0.416486,23.40639,-59.73085,62.29341,0.4825936,2.16588,5.418692,5.418692,4.836936,0,1.485484,5.418692,39.97054,0,0,0,2.16588,0.6123738,0.5817552,0,0,1.553506,9.227118,1.553506,0,1.553506,14.00003,100,0.2200569,5.960561,1.732704,5,11.393
12/14/2007 9:00:00 AM,0.6208376,35.74728,-52.66185,49.13766,0.6907639,3.100148,1.424919,1.424919,0,-1,0,1.424919,217.5667,1.600234,0,0,3.100148,1.499914,1.424919,0,0,0,10.62527,0,0,0,14.00003,100,0.2200569,1.567411,2.480119,0,13.72542
12/14/2007 10:00:00 AM,0.7324871,46.64752,-41.40098,36.96858,0.7983235,3.582876,1.065561,1.065561,0,0,0,1.065561,336.2432,2.461233,0,0,3.582876,1.121643,1.065561,0,0,0,10.62527,0,0,0,14.00003,100,0.2200569,1.172117,2.866301,0,14.20815
12/14/2007 11:00:00 AM,0.9674458,54.71703,-23.65545,27.22135,1.050593,4.71506,2.23313,2.23313,0,0,0,2.23313,211.1413,2.364397,0,0,4.71506,2.350663,2.23313,0,0,0,10.62527,0,0,0,14.00003,100,0.2200569,2.456443,3.772048,0,15.34033
12/14/2007 12:00:00 PM,0.9680802,57.73945,0.67237,23.22939,1.048475,4.705554,4.72763,4.72763,1.39763,0,0.546553,4.72763,99.53304,1.200291,0,0,4.705554,3.505263,3.33,0,0,0,10.62527,0,0,0,14.00003,100,0.2200569,5.200393,3.764443,5,15.33083
12/14/2007 1:00:00 PM,0.7663594,54.40062,24.76653,27.62471,0.8246809,3.701168,0,0,0,0,0,0,0,3.701168,0,0,3.701168,0,0,0,0,0,10.62527,0,0,0,14.00003,100,0.2200569,0,2.960934,0,14.32644
12/14/2007 2:00:00 PM,0.6896244,46.13363,42.12752,37.56128,0.7489274,3.361186,4.96524,3.33,0,-1,0,3.33,100.9365,0,1.635239,2.131763,3.361186,3.505263,3.33,0,0,0,10.62527,0,0.1440773,-0.1440773,13.84816,98.91521,0.2200569,5.461763,2.688949,0,13.98646
12/14/2007 3:00:00 PM,0.6732337,35.13202,53.11559,49.8054,0.7515605,3.373004,2.019152,2.019152,0,-1,0,2.019152,167.0505,1.087495,0,0,3.373004,2.125423,2.019152,0,0,0.1600859,10.4812,0.1600859,0,0.1600859,14.00003,100,0.2200491,2.221067,2.698403,0,13.8542
12/14/2007 4:00:00 PM,0.338816,22.73909,60.01822,62.99329,0.3837816,1.722412,2.807196,2.807196,0,-1,0,2.807196,61.35703,0,0,0,1.722412,2.954943,2.807196,0,0,0,10.62527,0,1.232531,-1.232531,12.70083,90.72,0.2200491,3.087916,1.37793,0,12.34769
12/14/2007 5:00:00 PM,0.1117435,9.616462,64.39736,76.59308,0.1284438,0.5764557,3.704771,3.33,0,-1,0,3.33,17.31098,4.440892E-16,0.3747712,0.7452483,0.5764557,3.505263,3.33,0,0,1.369479,9.392743,0,2.928807,-2.928807,9.613592,68.66837,0.2200491,4.075248,0.4611645,0,9.969198
12/14/2007 6:00:00 PM,0.005575326,0,67.06701,90,0,0,4.69136,3.33,0,-1,0,3.33,0,0,1.36136,1.830496,0,3.505263,3.33,0,0,4.62371,6.463935,0,3.505263,-3.505263,5.91872,42.27649,0.2200491,5.160496,0,0,6.463935
12/14/2007 7:00:00 PM,0,0,68.35734,90,0,0,0.1574581,0.1574581,0,-1,0,0.1574581,0,0,2.775558E-17,0,0,0.1657453,0.1574581,0,0,8.518447,2.958672,0,0.1657453,-0.1657453,5.744009,41.02855,0.2200491,0.1732039,0,0,2.958672
12/14/2007 8:00:00 PM,0,0,68.20827,90,0,0,6.52557,2.653281,0,-1,0,2.653281,0,0,3.87229,4.524847,0,2.792927,2.653281,0,0,8.702608,2.792927,0,2.792927,-2.792927,2.800006,20,0.2200491,7.178127,0,0,2.792927
12/14/2007 9:00:00 PM,0,0,66.00605,90,0,0,4.61511,0,0,-1,0,0,0,0,4.61511,5.076621,0,0,0,0,0,11.80586,0,0,0,0,2.800006,20,0.2200491,5.076621,0,0,0
12/14/2007 10:00:00 PM,0,0,59.77111,90,0,0,0.4816371,0,0,-1,0,0,0,0,0.4816371,0.5298008,0,0,0,0,0,11.80586,0,0,0,0,2.800006,20,0.2200491,0.5298008,0,0,0
12/14/2007 11:00:00 PM,0,0,42.7877,90,0,0,1.271856,0,0,-1,0,0,0,0,1.271856,1.399042,0,0,0,0,0,11.80586,0,0,0,0,2.800006,20,0.2200491,1.399042,0,0,0
12/15/2007 12:00:00 AM,0,0,-1.03958,90,0,0,1.107773,0,0,-1,0,0,0,0,1.107773,1.21855,0,0,0,0,0,11.80586,0,0,0,0,2.800006,20,0.2200491,1.21855,0,0,0
12/15/2007 1:00:00 AM,0,0,-43.88342,90,0,0,1.00512,0,0,-1,0,0,0,0,1.00512,1.105633,0,0,0,0,0,11.80586,0,0,0,0,2.800006,20,0.2200491,1.105633,0,0,0
12/15/2007 2:00:00 AM,0,0,-60.10826,90,0,0,0.5006279,0,0,-1,0,0,0,0,0.5006279,0.5506907,0,0,0,0,0,11.80586,0,0,0,0,2.800006,20,0.2200491,0.5506907,0,0,0
12/15/2007 3:00:00 AM,0,0,-66.09778,90,0,0,0.8537554,0,0,-1,0,0,0,0,0.8537554,0.9391309,0,0,0,0,0,11.80586,0,0,0,0,2.800006,20,0.2200491,0.9391309,0,0,0
12/15/2007 4:00:00 AM,0,0,-68.19285,90,0,0,0.8499548,0,0,-1,0,0,0,0,0.8499548,0.9349504,0,0,0,0,0,11.80586,0,0,0,0,2.800006,20,0.2200491,0.9349504,0,0,0
12/15/2007 5:00:00 AM,0,0,-68.27598,90,0,0,0.4212501,0.4212501,3.926513,0,1.236938,0.4212501,0,0,0,0,0,0,0,3.505263,3.33,11.80586,0,3.33,0,3.33,5.959121,42.56506,0.2200666,0.4633751,0,5,0
12/15/2007 6:00:00 AM,0.008020322,0,-66.92848,90,0,0,0,0,3.505263,0,1.121937,0,0,0,0,0,0,0,0,3.505263,3.33,8.475861,2.997,3.33,0,3.33,9.118237,65.13013,0.2200559,0,0,5,2.997
12/15/2007 7:00:00 AM,0.1777408,10.19996,-64.19288,75.98647,0.2366992,1.062306,2.900683,2.900683,5,0,1.53,2.900683,36.62261,0,0,0,1.062306,0,0,2.099317,1.994351,5.14586,5.994,3.056657,0,3.056657,12.01804,85.84294,0.2201155,3.190752,0.8498447,5,7.056306
12/15/2007 8:00:00 AM,0.4538399,23.29266,-59.72146,62.40449,0.5279946,2.36964,3.627846,3.627846,3.361432,0,1.082671,3.627846,65.31808,0,0,0,2.36964,0.280436,0.2664142,0,0,2.089204,8.744991,2.089204,0,2.089204,14.00003,100,0.2201469,3.990631,1.895712,5,11.11463
12/15/2007 9:00:00 AM,0.6458008,35.63367,-52.67439,49.25139,0.71977,3.230328,1.964647,1.964647,0,-1,0,1.964647,164.4228,1.162279,0,0,3.230328,2.068049,1.964647,0,0,0,10.62527,0,0,0,14.00003,100,0.2201469,2.161111,2.584262,0,13.8556
12/15/2007 10:00:00 AM,0.8884985,46.53936,-41.4537,37.08136,0.9734565,4.368873,0.1195683,0.1195683,0,0,0,0.1195683,3653.874,4.243011,0,0,4.368873,0.1258613,0.1195683,0,0,0,10.62527,0,0,0,14.00003,100,0.2201469,0.1315251,3.495098,0,14.99415
12/15/2007 11:00:00 AM,0.9113595,54.62744,-23.77755,27.31981,0.9893335,4.440129,3.288718,3.288718,1.25,0,0.50625,3.288718,135.0109,2.29411,0,0,4.440129,2.146019,2.038718,0,0,0,10.62527,0,0,0,14.00003,100,0.2201469,3.61759,3.552103,5,15.0654
12/15/2007 12:00:00 PM,0.9292841,57.69031,0.4796531,23.27812,1.006212,4.515881,0,0,0,0,0,0,0,4.515881,0,0,4.515881,0,0,0,0,0,10.62527,0,0,0,14.00003,100,0.2201469,0,3.612705,0,15.14116
12/15/2007 1:00:00 PM,0.9513642,54.40165,24.57059,27.60756,1.033408,4.637935,1.875477,1.875477,0,0,0,1.875477,247.2936,2.663748,0,0,4.637935,1.974187,1.875477,0,0,0,10.62527,0,0,0,14.00003,100,0.2201469,2.063025,3.710348,0,15.26321
12/15/2007 2:00:00 PM,0.8003145,46.1725,41.97271,37.50449,0.8763098,3.932878,0.993804,0.993804,0,-1,0,0.993804,395.7398,2.886769,0,0,3.932878,1.04611,0.993804,0,0,0,10.62527,0,0,0,14.00003,100,0.2201469,1.093184,3.146303,0,14.55815
12/15/2007 3:00:00 PM,0.6248895,35.1943,52.9987,49.72826,0.6967863,3.127177,0,0,0,-1,0,0,0,3.127177,0,0,3.127177,0,0,0,0,0,10.62527,0,0,0,14.00003,100,0.2201469,0,2.501742,0,13.75245
12/15/2007 4:00:00 PM,0.3927475,22.81603,59.9269,62.9044,0.4552067,2.042968,6.109509,3.33,0,-1,0,3.33,61.35038,4.440892E-16,2.779509,3.39046,2.042968,3.505263,3.33,0,0,0,10.62527,0,1.462296,-1.462296,12.45863,88.99006,0.2201469,6.72046,1.634374,0,12.66824
12/15/2007 5:00:00 PM,0.15771,9.703335,64.32238,76.49638,0.2087035,0.9366615,2.737275,2.737275,0,-1,0,2.737275,34.21876,0,4.440892E-16,0,0.9366615,2.881342,2.737275,0,0,1.624773,9.162978,0,1.944681,-1.944681,10.40876,74.34814,0.2201469,3.011003,0.7493293,0,10.09964
12/15/2007 6:00:00 PM,0.00400923,0,67.00258,90,0,0,1.374446,1.374446,0,-1,0,1.374446,0,0,2.220446E-16,0,0,1.446785,1.374446,0,0,3.785529,7.218298,0,1.446785,-1.446785,8.883715,63.45498,0.2201469,1.51189,0,0,7.218298
12/15/2007 7:00:00 PM,0,0,68.30009,90,0,0,4.257294,3.33,0,-1,0,3.33,0,0,0.9272941,1.353023,0,3.505263,3.33,0,0,5.393068,5.771513,0,3.505263,-3.505263,5.188843,37.06309,0.2201469,4.683023,0,0,5.771513
12/15/2007 8:00:00 PM,0,0,68.15701,90,0,0,4.371151,2.152937,0,-1,0,2.152937,0,0,2.218214,2.655329,0,2.26625,2.152937,0,0,9.287805,2.26625,0,2.26625,-2.26625,2.800006,20,0.2201469,4.808267,0,0,2.26625
12/15/2007 9:00:00 PM,0,0,65.9636,90,0,0,3.730408,0,0,-1,0,0,0,0,3.730408,4.103449,0,0,0,0,0,11.80586,0,0,0,0,2.800006,20,0.2201469,4.103449,0,0,0
12/15/2007 10:00:00 PM,0,0,59.75453,90,0,0,0.6729478,0,0,-1,0,0,0,0,0.6729478,0.7402425,0,0,0,0,0,11.80586,0,0,0,0,2.800006,20,0.2201469,0.7402425,0,0,0
12/15/2007 11:00:00 PM,0,0,42.88461,90,0,0,1.674241,0,0,-1,0,0,0,0,1.674241,1.841666,0,0,0,0,0,11.80586,0,0,0,0,2.800006,20,0.2201469,1.841666,0,0,0
12/16/2007 12:00:00 AM,0,0,-0.6187077,90,0,0,0,0,0,-1,0,0,0,0,0,0,0,0,0,0,0,11.80586,0,0,0,0,2.800006,20,0.2201469,0,0,0,0
12/16/2007 1:00:00 AM,0,0,-43.593,90,0,0,0,0,0,-1,0,0,0,0,0,0,0,0,0,0,0,11.80586,0,0,0,0,2.800006,20,0.2201469,0,0,0,0
12/16/2007 2:00:00 AM,0,0,-59.96227,90,0,0,1.662391,0,0,-1,0,0,0,0,1.662391,1.828631,0,0,0,0,0,11.80586,0,0,0,0,2.800006,20,0.2201469,1.828631,0,0,0
12/16/2007 3:00:00 AM,0,0,-66.01138,90,0,0,0.9683205,0,0,-1,0,0,0,0,0.9683205,1.065153,0,0,0,0,0,11.80586,0,0,0,0,2.800006,20,0.2201469,1.065153,0,0,0
12/16/2007 4:00:00 AM,0,0,-68.13542,90,0,0,0.7948982,0,0,-1,0,0,0,0,0.7948982,0.874388,0,0,0,0,0,11.80586,0,0,0,0,2.800006,20,0.2201469,0.874388,0,0,0
12/16/2007 5:00:00 AM,0,0,-68.23569,90,0,0,0.9785022,0.9785022,4.483765,0,1.389068,0.9785022,0,0,0,0,0,0,0,3.505263,3.33,11.80586,0,3.33,0,3.33,5.959121,42.56506,0.2202016,1.076352,0,5,0
12/16/2007 6:00:00 AM,0.006200122,0,-66.9006,90,0,0,0.2591851,0.2591851,3.764448,0,1.192694,0.2591851,0,0,0,0,0,0,0,3.505263,3.33,8.475861,2.997,3.33,0,3.33,9.118237,65.13013,0.220208,0.2851036,0,5,2.997
12/16/2007 7:00:00 AM,0.1735596,10.08911,-64.17653,76.0938,0.231186,1.037563,1.418097,1.418097,4.611946,0,1.424061,1.418097,73.16583,0,0,0,1.037563,0,0,3.193848,3.034156,5.14586,5.994,4.071719,0,4.071719,12.98101,92.7213,0.2202352,1.559907,0.8300501,5,7.031563
12/16/2007 8:00:00 AM,0.4244758,23.18066,-59.71932,62.51486,0.4934852,2.214761,0.3742212,0.3742212,0,0,0,0.3742212,591.8322,0.7467027,0,0,2.214761,0.393917,0.3742212,0,0,1.074142,9.658546,1.074142,0,1.074142,14.00003,100,0.2201831,0.4116433,1.771809,0,11.87331
12/16/2007 9:00:00 AM,0.6634168,35.52287,-52.6946,49.36338,0.7399678,3.320976,4.054779,3.33,0,-1,0,3.33,99.729,0,0.7247784,1.130256,3.320976,3.505263,3.33,0,0,0,10.62527,0,0.1842876,-0.1842876,13.80577,98.61246,0.2201831,4.460256,2.65678,0,13.94625
12/16/2007 10:00:00 AM,0.8586318,46.43537,-41.51413,37.19097,0.9406337,4.221564,2.073681,2.073681,0,0,0,2.073681,203.5783,1.833978,0,0,4.221564,2.182822,2.073681,0,0,0.204764,10.44099,0.204764,0,0.204764,14.00003,100,0.2201732,2.281049,3.377251,0,14.66255
12/16/2007 11:00:00 AM,1.008106,54.5435,-23.90554,27.41318,1.095679,4.917405,2.623714,2.623714,0,0,0,2.623714,187.4216,2.155601,0,0,4.917405,2.761804,2.623714,0,0,0,10.62527,0,0,0,14.00003,100,0.2201732,2.886085,3.933924,0,15.54268
12/16/2007 12:00:00 PM,1.008705,57.64771,0.2859551,23.32045,1.093264,4.906566,0.3162412,0.3162412,0,0,0,0.3162412,1551.527,4.573681,0,0,4.906566,0.3328854,0.3162412,0,0,0,10.62527,0,0,0,14.00003,100,0.2201732,0.3478653,3.925253,0,15.53184
12/16/2007 1:00:00 PM,0.9799455,54.40887,24.37855,27.58472,1.064894,4.779245,1.092929,1.092929,0,0,0,1.092929,437.2878,3.628794,0,0,4.779245,1.150452,1.092929,0,0,0,10.62527,0,0,0,14.00003,100,0.2201732,1.202222,3.823396,0,15.40452
12/16/2007 2:00:00 PM,0.8891006,46.21651,41.82392,37.44339,0.9747084,4.374491,1.652962,1.652962,0,-1,0,1.652962,264.6456,2.634531,0,0,4.374491,1.73996,1.652962,0,0,0,10.62527,0,0,0,14.00003,100,0.2201732,1.818258,3.499593,0,14.99977
12/16/2007 3:00:00 PM,0.6259273,35.26069,52.88826,49.64795,0.6979479,3.13239,5.565607,3.33,0,-1,0,3.33,94.06577,0,2.235607,2.792168,3.13239,3.505263,3.33,0,0,0,10.62527,0,0.3728728,-0.3728728,13.60699,97.19256,0.2201732,6.122168,2.505912,0,13.75766
12/16/2007 4:00:00 PM,0.3931413,22.89621,59.84202,62.81322,0.4554544,2.04408,1.964285,1.964285,0,-1,0,1.964285,104.0623,0,0,0,2.04408,2.067668,1.964285,0,0,0.4143032,10.2524,0,0.02358849,-0.02358849,13.58212,97.01495,0.2201732,2.160713,1.635264,0,12.29648
12/16/2007 5:00:00 PM,0.1583545,9.792698,64.25386,76.39813,0.2088545,0.9373391,1.972014,1.972014,0,-1,0,1.972014,47.53208,0,0,0,0.9373391,2.075804,1.972014,0,0,0.4405126,10.22881,0,1.138465,-1.138465,12.38207,88.44321,0.2201732,2.169215,0.7498713,0,11.16615
12/16/2007 6:00:00 PM,0.004418363,0,66.94481,90,0,0,0.373093,0.373093,0,-1,0,0.373093,0,0,5.551115E-17,0,0,0.3927295,0.373093,0,0,1.705473,9.090348,0,0.3927295,-0.3927295,11.9681,85.48626,0.2201732,0.4104023,0,0,9.090348
12/16/2007 7:00:00 PM,0,0,68.25,90,0,0,3.068363,3.068363,0,-1,0,3.068363,0,0,4.440892E-16,0.0451989,0,3.229855,3.068363,0,0,2.14184,8.697618,0,3.229855,-3.229855,8.563534,61.16798,0.2201732,3.375199,0,0,8.697618
12/16/2007 8:00:00 PM,0,0,68.11387,90,0,0,3.83822,3.33,0,-1,0,3.33,0,0,0.5082203,0.8920423,0,3.505263,3.33,0,0,5.730568,5.467763,0,3.505263,-3.505263,4.868662,34.77609,0.2201732,4.222043,0,0,5.467763
12/16/2007 9:00:00 PM,0,0,65.93099,90,0,0,0.3772417,0.3772417,0,-1,0,0.3772417,0,0,5.551115E-17,0,0,0.3970965,0.3772417,0,0,9.625304,1.9625,0,0.3970965,-0.3970965,4.450086,31.78626,0.2201732,0.4149658,0,0,1.9625
12/16/2007 10:00:00 PM,0,0,59.75064,90,0,0,1.474036,1.474036,0,-1,0,1.474036,0,0,2.220446E-16,0.134306,0,1.551617,1.474036,0,0,10.06652,1.565404,0,1.551617,-1.551617,2.814538,20.1038,0.2201732,1.621439,0,0,1.565404
12/16/2007 11:00:00 PM,0,0,42.99669,90,0,0,1.093506,0.01309755,0,-1,0,0.01309755,0,0,1.080408,1.189759,0,0.0137869,0.01309755,0,0,11.79054,0.0137869,0,0.0137869,-0.0137869,2.800006,20,0.2201732,1.202857,0,0,0.0137869
12/17/2007 12:00:00 AM,0,0,-0.1973158,90,0,0,1.507262,0,0,-1,0,0,0,0,1.507262,1.657988,0,0,0,0,0,11.80586,0,0,0,0,2.800006,20,0.2201732,1.657988,0,0,0
12/17/2007 1:00:00 AM,0,0,-43.31432,90,0,0,0,0,0,-1,0,0,0,0,0,0,0,0,0,0,0,11.80586,0,0,0,0,2.800006,20,0.2201732,0,0,0,0
12/17/2007 2:00:00 AM,0,0,-59.82706,90,0,0,1.07051,0,0,-1,0,0,0,0,1.07051,1.177562,0,0,0,0,0,11.80586,0,0,0,0,2.800006,20,0.2201732,1.177562,0,0,0
12/17/2007 3:00:00 AM,0,0,-65.93394,90,0,0,0.1051007,0,0,-1,0,0,0,0,0.1051007,0.1156107,0,0,0,0,0,11.80586,0,0,0,0,2.800006,20,0.2201732,0.1156107,0,0,0
12/17/2007 4:00:00 AM,0,0,-68.08578,90,0,0,0.1402263,0,0,-1,0,0,0,0,0.1402263,0.1542489,0,0,0,0,0,11.80586,0,0,0,0,2.800006,20,0.2201732,0.1542489,0,0,0
12/17/2007 5:00:00 AM,0,0,-68.20253,90,0,0,0.348144,0.348144,3.853407,0,1.21698,0.348144,0,0,0,0,0,0,0,3.505263,3.33,11.80586,0,3.33,0,3.33,5.959121,42.56506,0.2201856,0.3829584,0,5,0
12/17/2007 6:00:00 AM,0.00739682,0,-66.87959,90,0,0,0.6280172,0.6280172,4.13328,0,1.293386,0.6280172,0,0,0,0,0,0,0,3.505263,3.33,8.475861,2.997,3.33,0,3.33,9.118237,65.13013,0.2202167,0.690819,0,5,2.997
12/17/2007 7:00:00 AM,0.181817,9.979235,-64.1671,76.20115,0.2454073,1.101388,4.823241,4.823241,5,0,1.53,4.823241,22.83502,-2.775558E-17,0,0,1.101388,0,0,0.1767592,0.1679212,5.14586,5.994,1.269309,0,1.269309,10.32241,73.73135,0.2202368,5.305565,0.8811103,5,7.095388
12/17/2007 8:00:00 AM,0.3660187,23.0705,-59.72439,62.62445,0.4191443,1.881119,2.49373,2.49373,4.38939,0,1.363303,2.49373,75.43398,0,0,0,1.881119,0,0,1.89566,1.800877,3.876551,7.136378,3.681997,0,3.681997,13.81546,98.68164,0.2202678,2.743103,1.504896,5,9.017498
12/17/2007 9:00:00 AM,0.6630536,35.41496,-52.72241,49.47355,0.7398618,3.3205,0,0,0,-1,0,0,0,3.125945,0,0,3.3205,0,0,0,0,0.1945546,10.45018,0.1945546,0,0.1945546,14.00003,100,0.2202584,0,2.6564,0,13.77067
12/17/2007 10:00:00 AM,0.835002,46.33558,-41.58215,37.29734,0.9146974,4.105162,5.23351,5.23351,1.90351,0,0.6846583,5.23351,78.43993,0.5998987,0,0,4.105162,3.505263,3.33,0,0,0,10.62527,0,0,0,14.00003,100,0.2202584,5.756861,3.28413,5,14.73044
12/17/2007 11:00:00 AM,0.8331304,54.46525,-24.03933,27.50142,0.9022333,4.049223,0,0,0,0,0,0,0,4.049223,0,0,4.049223,0,0,0,0,0,10.62527,0,0,0,14.00003,100,0.2202584,0,3.239378,0,14.6745
12/17/2007 12:00:00 PM,0.8457308,57.61164,0.09132835,23.35637,0.9125398,4.095479,4.121269,4.121269,1.25,0,0.50625,4.121269,99.37423,1.073091,0,0,4.095479,3.022388,2.871269,0,0,0,10.62527,0,0,0,14.00003,100,0.2202584,4.533395,3.276383,5,14.72075
12/17/2007 1:00:00 PM,0.6205027,54.42224,24.19046,27.55621,0.6512877,2.922979,0,0,0,0,0,0,0,2.922979,0,0,2.922979,0,0,0,0,0,10.62527,0,0,0,14.00003,100,0.2202584,0,2.338383,0,13.54825
12/17/2007 2:00:00 PM,0.667151,46.26565,41.68119,37.378,0.722036,3.240498,4.410734,3.33,0,-1,0,3.33,97.31224,0,1.080734,1.521807,3.240498,3.505263,3.33,0,0,0,10.62527,0,0.2647657,-0.2647657,13.72094,98.00652,0.2202584,4.851807,2.592398,0,13.86577
12/17/2007 3:00:00 PM,0.4879459,35.33116,52.78435,49.56451,0.529736,2.377455,0.3715087,0.3715087,0,-1,0,0.3715087,639.9459,1.692209,0,0,2.377455,0.3910618,0.3715087,0,0,0.2941841,10.36051,0.2941841,0,0.2941841,14.00003,100,0.2202442,0.4086596,1.901964,0,12.73796
12/17/2007 4:00:00 PM,0.3727516,22.97957,59.76364,62.71983,0.4285514,1.923339,0,0,0,-1,0,0,0,1.923339,0,0,1.923339,0,0,0,0,0,10.62527,0,0,0,14.00003,100,0.2202442,0,1.538671,0,12.54861
12/17/2007 5:00:00 PM,0.1324207,9.884476,64.19183,76.29845,0.1615597,0.7250797,0,0,0,-1,0,0,0,0.7250797,0,0,0.7250797,0,0,0,0,0,10.62527,0,0,0,14.00003,100,0.2202442,0,0.5800638,0,11.35035
12/17/2007 6:00:00 PM,0.004265992,0,66.89373,90,0,0,4.155087,3.33,0,-1,0,3.33,0,0,0.8250865,1.240595,0,3.505263,3.33,0,0,0,10.62527,0,3.505263,-3.505263,10.30516,73.60811,0.2202442,4.570595,0,0,10.62527
12/17/2007 7:00:00 PM,0,0,68.20708,90,0,0,5.854794,3.33,0,-1,0,3.33,0,0,2.524794,3.110273,0,3.505263,3.33,0,0,3.894737,7.120011,0,3.505263,-3.505263,6.610284,47.21622,0.2202442,6.440273,0,0,7.120011
12/17/2007 8:00:00 PM,0,0,68.07885,90,0,0,5.404493,3.33,0,-1,0,3.33,0,0,2.074493,2.614942,0,3.505263,3.33,0,0,7.789474,3.614748,0,3.505263,-3.505263,2.915413,20.82434,0.2202442,5.944942,0,0,3.614748
12/17/2007 9:00:00 PM,0,0,65.90816,90,0,0,2.282445,0.1040105,0,-1,0,0.1040105,0,0,2.178435,2.406679,0,0.1094847,0.1040105,0,0,11.68421,0.1094847,0,0.1094847,-0.1094847,2.800006,20,0.2202442,2.51069,0,0,0.1094847
12/17/2007 10:00:00 PM,0,0,59.75926,90,0,0,0.140036,0,0,-1,0,0,0,0,0.140036,0.1540395,0,0,0,0,0,11.80586,0,0,0,0,2.800006,20,0.2202442,0.1540395,0,0,0
12/17/2007 11:00:00 PM,0,0,43.12365,90,0,0,0.1610378,0,0,-1,0,0,0,0,0.1610378,0.1771416,0,0,0,0,0,11.80586,0,0,0,0,2.800006,20,0.2202442,0.1771416,0,0,0
12/18/2007 12:00:00 AM,0,0,0.2248019,90,0,0,1.565019,0,0,-1,0,0,0,0,1.565019,1.721521,0,0,0,0,0,11.80586,0,0,0,0,2.800006,20,0.2202442,1.721521,0,0,0
12/18/2007 1:00:00 AM,0,0,-43.04747,90,0,0,0.04990842,0,0,-1,0,0,0,0,0.04990842,0.05489926,0,0,0,0,0,11.80586,0,0,0,0,2.800006,20,0.2202442,0.05489926,0,0,0
12/18/2007 2:00:00 AM,0,0,-59.70274,90,0,0,0.06502956,0,0,-1,0,0,0,0,0.06502956,0.07153252,0,0,0,0,0,11.80586,0,0,0,0,2.800006,20,0.2202442,0.07153252,0,0,0
12/18/2007 3:00:00 AM,0,0,-65.86552,90,0,0,0.7250187,0,0,-1,0,0,0,0,0.7250187,0.7975206,0,0,0,0,0,11.80586,0,0,0,0,2.800006,20,0.2202442,0.7975206,0,0,0
12/18/2007 4:00:00 AM,0,0,-68.04397,90,0,0,1.042812,0,0,-1,0,0,0,0,1.042812,1.147093,0,0,0,0,0,11.80586,0,0,0,0,2.800006,20,0.2202442,1.147093,0,0,0
12/18/2007 5:00:00 AM,0,0,-68.17653,90,0,0,0.6067354,0.6067354,4.111999,0,1.287576,0.6067354,0,0,0,0,0,0,0,3.505263,3.33,11.80586,0,3.33,0,3.33,5.959121,42.56506,0.2202737,0.6674089,0,5,0
12/18/2007 6:00:00 AM,0.00284713,0,-66.86547,90,0,0,1.612957,1.612957,5,0,1.53,1.612957,0,0,0,0,0,0,0,3.387043,3.217691,8.475861,2.997,3.217691,0,3.217691,9.01169,64.36909,0.2203436,1.774253,0,5,2.997
12/18/2007 7:00:00 AM,0.1020366,9.87042,-64.16457,76.30844,0.111965,0.502499,2.063727,2.063727,4.927971,0,1.510336,2.063727,24.3491,0,0,0,0.502499,0,0,2.864244,2.721032,5.25817,5.892921,3.223531,0,3.223531,12.0698,86.21268,0.22041,2.2701,0.4019992,5,6.395421
12/18/2007 8:00:00 AM,0.2383311,22.96224,-59.73663,62.73316,0.2496058,1.120231,0,0,0,0,0,0,0,0,0,0,1.120231,0,0,0,0,2.034638,8.7941,1.120231,0,1.120231,13.13254,93.8037,0.2203559,0,0.8961847,0,9.91433
12/18/2007 9:00:00 AM,0.4121401,35.31,-52.75775,49.58182,0.4350325,1.952426,2.370172,2.370172,0,-1,0,2.370172,82.37487,0,0,0,1.952426,2.494918,2.370172,0,0,0.9144076,9.802307,0,0.5424919,-0.5424919,12.56071,89.71916,0.2203559,2.607189,1.561941,0,11.75473
12/18/2007 10:00:00 AM,0.4532219,46.24007,-41.65768,37.4004,0.4662595,2.092573,2.891307,2.891307,0,0,0,2.891307,72.37462,0,4.440892E-16,0,2.092573,3.043481,2.891307,0,0,1.517176,9.259815,0,0.9509087,-0.9509087,11.55836,82.55956,0.2203559,3.180438,1.674058,0,11.35239
12/18/2007 11:00:00 AM,0.5859261,54.3927,-24.17881,27.58453,0.6105484,2.740141,4.41052,4.41052,4.25244,0,1.325916,4.41052,62.12739,0,0,0,2.740141,0.1663996,0.1580796,0,0,2.573741,8.308907,2.573741,0,2.573741,14.00003,100,0.2203941,4.851572,2.192113,5,11.04905
12/18/2007 12:00:00 PM,0.6232269,57.58212,-0.1041753,23.3859,0.650481,2.919359,5.569573,5.569573,2.796182,0,0.9283576,5.569573,52.41621,0,0,0,2.919359,2.919359,2.773391,0,0,0,10.62527,0,0,0,14.00003,100,0.2203941,6.12653,2.335487,5,13.54463
12/18/2007 1:00:00 PM,0.7032158,54.44176,24.00637,27.52203,0.7499711,3.36587,5.267551,5.267551,2.069974,0,0.730103,5.267551,63.8982,8.881784E-16,0,0,3.36587,3.36587,3.197577,0,0,0,10.62527,0,0,0,14.00003,100,0.2203941,5.794306,2.692696,5,13.99114
12/18/2007 2:00:00 PM,0.4919967,46.31987,41.54461,37.30836,0.5110431,2.293561,5.277359,3.33,0,-1,0,3.33,68.87572,0,1.947359,2.475095,2.293561,3.505263,3.33,0,0,0,10.62527,0,1.211702,-1.211702,12.72278,90.87683,0.2203941,5.805095,1.834849,0,12.91884
12/18/2007 3:00:00 PM,0.2880996,35.40564,52.68702,49.478,0.2915441,1.30845,0,0,0,-1,0,0,0,0,0,0,1.30845,0,0,0,0,1.346335,9.413572,1.30845,0,1.30845,13.96409,99.74328,0.220331,0,1.04676,0,10.72202
12/18/2007 4:00:00 PM,0.1503543,23.06603,59.69181,62.62428,0.1508384,0.6769629,3.292511,3.292511,0,-1,0,3.292511,20.56069,0,0,0.2917623,0.6769629,3.465801,3.292511,0,0,0.03788533,10.59118,0,2.788838,-2.788838,11.02439,78.74551,0.220331,3.621762,0.5415703,0,11.26814
12/18/2007 5:00:00 PM,0.1110185,9.978594,64.13633,76.19737,0.1249419,0.5607393,3.77204,3.33,0,-1,0,3.33,16.83902,0,0.4420404,0.8192445,0.5607393,3.505263,3.33,0,0,3.136595,7.802339,0,2.944524,-2.944524,7.920592,56.57555,0.220331,4.149244,0.4485914,0,8.363078
12/18/2007 6:00:00 PM,0.004203094,0,66.84934,90,0,0,5.914224,3.33,0,-1,0,3.33,0,0,2.584224,3.175646,0,3.505263,3.33,0,0,6.408288,4.857815,0,3.505263,-3.505263,4.22572,30.18366,0.220331,6.505646,0,0,4.857815
12/18/2007 7:00:00 PM,0,0,68.17135,90,0,0,4.959569,1.284924,0,-1,0,1.284924,0,0,3.674644,4.170601,0,1.352552,1.284924,0,0,10.30302,1.352552,0,1.352552,-1.352552,2.800006,20,0.220331,5.455525,0,0,1.352552
12/18/2007 8:00:00 PM,0,0,68.05192,90,0,0,5.530143,0,0,-1,0,0,0,0,5.530143,6.083157,0,0,0,0,0,11.80586,0,0,0,0,2.800006,20,0.220331,6.083157,0,0,0
12/18/2007 9:00:00 PM,0,0,65.89503,90,0,0,0.6203986,0,0,-1,0,0,0,0,0.6203986,0.6824385,0,0,0,0,0,11.80586,0,0,0,0,2.800006,20,0.220331,0.6824385,0,0,0
12/18/2007 10:00:00 PM,0,0,59.78026,90,0,0,0,0,0,-1,0,0,0,0,0,0,0,0,0,0,0,11.80586,0,0,0,0,2.800006,20,0.220331,0,0,0,0
12/18/2007 11:00:00 PM,0,0,43.26518,90,0,0,1.582904,0,0,-1,0,0,0,0,1.582904,1.741194,0,0,0,0,0,11.80586,0,0,0,0,2.800006,20,0.220331,1.741194,0,0,0
12/19/2007 12:00:00 AM,0,0,0.6478507,90,0,0,0.6098697,0,0,-1,0,0,0,0,0.6098697,0.6708567,0,0,0,0,0,11.80586,0,0,0,0,2.800006,20,0.220331,0.6708567,0,0,0
12/19/2007 1:00:00 AM,0,0,-42.79254,90,0,0,0.02979943,0,0,-1,0,0,0,0,0.02979943,0.03277937,0,0,0,0,0,11.80586,0,0,0,0,2.800006,20,0.220331,0.03277937,0,0,0
12/19/2007 2:00:00 AM,0,0,-59.58943,90,0,0,1.233926,0,0,-1,0,0,0,0,1.233926,1.357319,0,0,0,0,0,11.80586,0,0,0,0,2.800006,20,0.220331,1.357319,0,0,0
12/19/2007 3:00:00 AM,0,0,-65.80621,90,0,0,0,0,0,-1,0,0,0,0,0,0,0,0,0,0,0,11.80586,0,0,0,0,2.800006,20,0.220331,0,0,0,0
12/19/2007 4:00:00 AM,0,0,-68.01001,90,0,0,1.257723,0,0,-1,0,0,0,0,1.257723,1.383496,0,0,0,0,0,11.80586,0,0,0,0,2.800006,20,0.220331,1.383496,0,0,0
12/19/2007 5:00:00 AM,0,0,-68.15769,90,0,0,0.1339619,0.1339619,3.639225,0,1.158508,0.1339619,0,4.440892E-16,0,0,0,0,0,3.505263,3.33,11.80586,0,3.33,0,3.33,5.959121,42.56506,0.2203291,0.1473581,0,5,0
12/19/2007 6:00:00 AM,0.005120891,0,-66.85822,90,0,0,0.3620934,0.3620934,3.867357,0,1.220788,0.3620934,0,0,0,0,0,0,0,3.505263,3.33,8.475861,2.997,3.33,0,3.33,9.118237,65.13013,0.2203422,0.3983028,0,5,2.997
12/19/2007 7:00:00 AM,0.1487951,9.762744,-64.16893,76.4156,0.1924085,0.8635294,2.578438,2.578438,5,0,1.53,2.578438,33.49041,0,0,0,0.8635294,0,0,2.421562,2.300484,5.14586,5.994,3.164013,0,3.164013,12.11988,86.57042,0.2204047,2.836282,0.6908236,5,6.85753
12/19/2007 8:00:00 AM,0.4259375,22.85596,-59.75599,62.84091,0.4966016,2.228748,3.104661,3.104661,2.870105,0,0.9485385,3.104661,71.78717,4.440892E-16,0,0,2.228748,0.2469012,0.2345562,0,0,1.981847,8.841612,1.981847,0,1.981847,14.00003,100,0.2204167,3.415127,1.782999,5,11.07036
12/19/2007 9:00:00 AM,0.6706781,35.20806,-52.80055,49.68811,0.7490266,3.361631,3.01783,3.01783,0,-1,0,3.01783,111.3923,0.1849682,0,0,3.361631,3.176663,3.01783,0,0,0,10.62527,0,0,0,14.00003,100,0.2204167,3.319613,2.689305,0,13.98691
12/19/2007 10:00:00 AM,0.8439985,46.14887,-41.7406,37.5001,0.9250557,4.15165,1.70742,1.70742,0,0,0,1.70742,243.1534,2.354366,0,0,4.15165,1.797284,1.70742,0,0,0,10.62527,0,0,0,14.00003,100,0.2204167,1.878162,3.32132,0,14.77692
12/19/2007 11:00:00 AM,0.9438372,54.32587,-24.32389,27.66246,1.02559,4.602847,4.140215,4.140215,1.25,0,0.50625,4.140215,111.1741,1.560515,0,0,4.602847,3.042332,2.890216,0,0,0,10.62527,0,0,0,14.00003,100,0.2204167,4.554237,3.682278,5,15.22812
12/19/2007 12:00:00 PM,0.9272419,57.55915,-0.3005047,23.40902,1.004421,4.507842,0,0,0,0,0,0,0,4.507842,0,0,4.507842,0,0,0,0,0,10.62527,0,0,0,14.00003,100,0.2204167,0,3.606273,0,15.13312
12/19/2007 1:00:00 PM,0.7968051,54.46743,23.82634,27.48219,0.8604898,3.861878,0,0,0,0,0,0,0,3.861878,0,0,3.861878,0,0,0,0,0,10.62527,0,0,0,14.00003,100,0.2204167,0,3.089503,0,14.48715
12/19/2007 2:00:00 PM,0.777205,46.37916,41.41424,37.2345,0.8504753,3.816933,0,0,0,-1,0,0,0,3.816933,0,0,3.816933,0,0,0,0,0,10.62527,0,0,0,14.00003,100,0.2204167,0,3.053546,0,14.44221
12/19/2007 3:00:00 PM,0.6560619,35.4841,52.59634,49.38848,0.731971,3.285086,4.641035,3.33,0,-1,0,3.33,98.65122,0,1.311034,1.775138,3.285086,3.505263,3.33,0,0,0,10.62527,0,0.2201774,-0.2201774,13.76794,98.34224,0.2204167,5.105138,2.628069,0,13.91036
12/19/2007 4:00:00 PM,0.3131014,23.15554,59.62657,62.52666,0.3467842,1.556368,0.06341077,0.06341077,0,-1,0,0.06341077,2454.421,1.244978,0,0,1.556368,0.06674819,0.06341077,0,0,0.2446415,10.4051,0.2446415,0,0.2446415,14.00003,100,0.2204049,0.06975185,1.245094,0,11.96146
12/19/2007 5:00:00 PM,0.104531,10.07498,64.08739,76.09501,0.1146465,0.5145335,2.628168,2.628168,0,-1,0,2.628168,19.57765,0,4.440892E-16,0,0.5145335,2.766492,2.628168,0,0,0,10.62527,0,2.251959,-2.251959,11.62626,83.04451,0.2204049,2.890985,0.4116268,0,11.13981
12/19/2007 6:00:00 PM,0.003725071,0,66.81167,90,0,0,4.83253,3.33,0,-1,0,3.33,0,0,1.50253,1.985783,0,3.505263,3.33,0,0,2.502177,8.373315,0,3.505263,-3.505263,7.931383,56.65262,0.2204049,5.315784,0,0,8.373315
12/19/2007 7:00:00 PM,0,0,68.14278,90,0,0,2.599423,2.599423,0,-1,0,2.599423,0,0,4.440892E-16,0,0,2.736235,2.599423,0,0,6.396914,4.868052,0,2.736235,-2.736235,5.047138,36.05091,0.2204049,2.859365,0,0,4.868052
12/19/2007 8:00:00 PM,0,0,68.03306,90,0,0,0.3237294,0.3237294,0,-1,0,0.3237294,0,0,0,0,0,0.3407678,0.3237294,0,0,9.437175,2.131817,0,0.3407678,-0.3407678,4.687937,33.4852,0.2204049,0.3561024,0,0,2.131817
12/19/2007 9:00:00 PM,0,0,65.89153,90,0,0,3.484776,1.701497,0,-1,0,1.701497,0,0,1.783279,2.131757,0,1.791049,1.701497,0,0,9.815805,1.791049,0,1.791049,-1.791049,2.800006,20,0.2204049,3.833253,0,0,1.791049
12/19/2007 10:00:00 PM,0,0,59.81347,90,0,0,0.9151757,0,0,-1,0,0,0,0,0.9151757,1.006693,0,0,0,0,0,11.80586,0,0,0,0,2.800006,20,0.2204049,1.006693,0,0,0
12/19/2007 11:00:00 PM,0,0,43.42104,90,0,0,0.2763896,0,0,-1,0,0,0,0,0.2763896,0.3040286,0,0,0,0,0,11.80586,0,0,0,0,2.800006,20,0.2204049,0.3040286,0,0,0
12/20/2007 12:00:00 AM,0,0,1.072036,90,0,0,0,0,0,-1,0,0,0,0,0,0,0,0,0,0,0,11.80586,0,0,0,0,2.800006,20,0.2204049,0,0,0,0
12/20/2007 1:00:00 AM,0,0,-42.54963,90,0,0,0.5385978,0,0,-1,0,0,0,0,0.5385978,0.5924575,0,0,0,0,0,11.80586,0,0,0,0,2.800006,20,0.2204049,0.5924575,0,0,0
12/20/2007 2:00:00 AM,0,0,-59.48726,90,0,0,0,0,0,-1,0,0,0,0,0,0,0,0,0,0,0,11.80586,0,0,0,0,2.800006,20,0.2204049,0,0,0,0
12/20/2007 3:00:00 AM,0,0,-65.75607,90,0,0,1.791226,0,0,-1,0,0,0,0,1.791226,1.970349,0,0,0,0,0,11.80586,0,0,0,0,2.800006,20,0.2204049,1.970349,0,0,0
12/20/2007 4:00:00 AM,0,0,-67.98395,90,0,0,1.546048,0,0,-1,0,0,0,0,1.546048,1.700653,0,0,0,0,0,11.80586,0,0,0,0,2.800006,20,0.2204049,1.700653,0,0,0
12/20/2007 5:00:00 AM,0,0,-68.14605,90,0,0,0.9053353,0.9053353,4.410598,0,1.369093,0.9053353,0,4.440892E-16,0,0,0,0,0,3.505263,3.33,11.80586,0,3.33,0,3.33,5.959121,42.56506,0.2204539,0.9958689,0,5,0
12/20/2007 6:00:00 AM,0.004938226,0,-66.85783,90,0,0,1.290215,1.290215,4.795478,0,1.474166,1.290215,0,0,0,0,0,0,0,3.505263,3.33,8.475861,2.997,3.33,0,3.33,9.118237,65.13013,0.2205256,1.419237,0,5,2.997
12/20/2007 7:00:00 AM,0.1457736,9.656292,-64.18015,76.52253,0.1882469,0.8448521,2.506275,2.506275,5,0,1.53,2.506275,33.70947,0,0,0,0.8448521,0,0,2.493725,2.369038,5.14586,5.994,3.21389,0,3.21389,12.1672,86.9084,0.220589,2.756903,0.6758817,5,6.838852
12/20/2007 8:00:00 AM,0.3615845,22.75175,-59.78243,62.94762,0.4148875,1.862015,1.442158,1.442158,0,0,0,1.442158,129.1131,0,0,0,1.862015,1.518061,1.442158,0,0,1.93197,8.886501,0.3439541,0,0.3439541,12.4935,89.23914,0.2205725,1.586374,1.489612,0,10.74852
12/20/2007 9:00:00 AM,0.5814711,35.10921,-52.85074,49.79234,0.6463131,2.900653,4.335435,3.33,0,-1,0,3.33,87.1067,0,1.005436,1.438979,2.900653,3.505263,3.33,0,0,1.588016,9.19606,0,0.6046098,-0.6046098,11.85619,84.6869,0.2205725,4.768979,2.320523,0,12.09671
12/20/2007 10:00:00 AM,0.7859493,46.06204,-41.83084,37.59639,0.860822,3.863369,1.231704,1.231704,0,0,0,1.231704,313.6605,0.3070341,0,0,3.863369,1.29653,1.231704,0,0,2.259804,8.591451,2.259804,0,2.259804,14.00003,100,0.220464,1.354874,3.090695,0,12.45482
12/20/2007 11:00:00 AM,0.9291481,54.26479,-24.47447,27.7352,1.009572,4.530961,1.716591,1.716591,0,0,0,1.716591,263.9511,2.724023,0,0,4.530961,1.806938,1.716591,0,0,0,10.62527,0,0,0,14.00003,100,0.220464,1.88825,3.624769,0,15.15624
12/20/2007 12:00:00 PM,0.9280854,57.54273,-0.4976093,23.42573,1.005405,4.512256,4.182216,4.182216,1.25,0,0.50625,4.182216,107.8915,1.425713,0,0,4.512256,3.086543,2.932216,0,0,0,10.62527,0,0,0,14.00003,100,0.220464,4.600437,3.609805,5,15.13753
12/20/2007 1:00:00 PM,0.8246964,54.49922,23.65043,27.43669,0.8926759,4.00633,2.859694,2.859694,0,0,0,2.859694,140.0964,0.9961249,0,0,4.00633,3.010205,2.859694,0,0,0,10.62527,0,0,0,14.00003,100,0.220464,3.145664,3.205064,0,14.6316
12/20/2007 2:00:00 PM,0.7502145,46.44347,41.29016,37.15648,0.8196234,3.67847,4.022472,3.33,0,-1,0,3.33,110.4646,0.1732066,0.692472,1.094719,3.67847,3.505263,3.33,0,0,0,10.62527,0,0,0,14.00003,100,0.220464,4.424719,2.942776,0,14.30374
12/20/2007 3:00:00 PM,0.5019683,35.56646,52.51237,49.29601,0.5467592,2.453855,1.859094,1.859094,0,-1,0,1.859094,131.992,0.496914,0,0,2.453855,1.956941,1.859094,0,0,0,10.62527,0,0,0,14.00003,100,0.220464,2.045004,1.963084,0,13.07913
12/20/2007 4:00:00 PM,0.3639493,23.24803,59.56797,62.42704,0.4156032,1.865227,2.164232,2.164232,0,-1,0,2.164232,86.18426,0,0,0,1.865227,2.278139,2.164232,0,0,0,10.62527,0,0.4129117,-0.4129117,13.56478,96.8911,0.220464,2.380655,1.492182,0,12.4905
12/20/2007 5:00:00 PM,0.1642214,10.17354,64.04503,75.99142,0.2147908,0.9639811,1.028799,1.028799,0,-1,0,1.028799,93.69963,0,0,0,0.9639811,1.082947,1.028799,0,0,0.4587907,10.21236,0,0.1189655,-0.1189655,13.43938,95.99538,0.220464,1.131679,0.7711849,0,11.17634
12/20/2007 6:00:00 PM,0.005977195,0,66.78073,90,0,0,6.811273,3.33,0,-1,0,3.33,0,0,3.481273,4.162401,0,3.505263,3.33,0,0,0.5909746,10.0934,0,3.505263,-3.505263,9.744509,69.60349,0.220464,7.492401,0,0,10.0934
12/20/2007 7:00:00 PM,0,0,68.12138,90,0,0,3.48469,3.33,0,-1,0,3.33,0,0,0.1546905,0.5031595,0,3.505263,3.33,0,0,4.485712,6.588134,0,3.505263,-3.505263,6.049637,43.21161,0.220464,3.833159,0,0,6.588134
12/20/2007 8:00:00 PM,0,0,68.02224,90,0,0,1.869104,1.869104,0,-1,0,1.869104,0,0,0,0,0,1.967478,1.869104,0,0,8.380448,3.082871,0,1.967478,-1.967478,3.975733,28.39804,0.220464,2.056014,0,0,3.082871
12/20/2007 9:00:00 PM,0,0,65.89761,90,0,0,1.127817,1.059623,0,-1,0,1.059623,0,0,0.06819338,0.180975,0,1.115393,1.059623,0,0,10.56653,1.115393,0,1.115393,-1.115393,2.800006,20,0.220464,1.240598,0,0,1.115393
12/20/2007 10:00:00 PM,0,0,59.85875,90,0,0,0,0,0,-1,0,0,0,0,0,0,0,0,0,0,0,11.80586,0,0,0,0,2.800006,20,0.220464,0,0,0,0
12/20/2007 11:00:00 PM,0,0,43.59098,90,0,0,0,0,0,-1,0,0,0,0,0,0,0,0,0,0,0,11.80586,0,0,0,0,2.800006,20,0.220464,0,0,0,0
12/21/2007 12:00:00 AM,0,0,1.497563,90,0,0,1.439813,0,0,-1,0,0,0,0,1.439813,1.583794,0,0,0,0,0,11.80586,0,0,0,0,2.800006,20,0.220464,1.583794,0,0,0
12/21/2007 1:00:00 AM,0,0,-42.31887,90,0,0,0.3727746,0,0,-1,0,0,0,0,0.3727746,0.4100521,0,0,0,0,0,11.80586,0,0,0,0,2.800006,20,0.220464,0.4100521,0,0,0
12/21/2007 2:00:00 AM,0,0,-59.39635,90,0,0,0.45888,0,0,-1,0,0,0,0,0.45888,0.504768,0,0,0,0,0,11.80586,0,0,0,0,2.800006,20,0.220464,0.504768,0,0,0
12/21/2007 3:00:00 AM,0,0,-65.71517,90,0,0,0.7252511,0,0,-1,0,0,0,0,0.7252511,0.7977762,0,0,0,0,0,11.80586,0,0,0,0,2.800006,20,0.220464,0.7977762,0,0,0
12/21/2007 4:00:00 AM,0,0,-67.96582,90,0,0,0.4245872,0,0,-1,0,0,0,0,0.4245872,0.4670459,0,0,0,0,0,11.80586,0,0,0,0,2.800006,20,0.220464,0.4670459,0,0,0
12/21/2007 5:00:00 AM,0,0,-68.14159,90,0,0,1.014508,1.014508,4.519771,0,1.398898,1.014508,0,4.440892E-16,0,0,0,0,0,3.505263,3.33,11.80586,0,3.33,0,3.33,5.959121,42.56506,0.2205201,1.115959,0,5,0
12/21/2007 6:00:00 AM,0.003863768,0,-66.86431,90,0,0,0,0,3.505263,0,1.121937,0,0,0,0,0,0,0,0,3.505263,3.33,8.475861,2.997,3.33,0,3.33,9.118237,65.13013,0.2205092,0,0,5,2.997
12/21/2007 7:00:00 AM,0.1262282,9.551146,-64.19819,76.62914,0.1539925,0.6911183,3.919793,3.919793,5,0,1.53,3.919793,17.6315,0,0,0,0.6911183,0,0,1.080207,1.026196,5.14586,5.994,1.717315,0,1.717315,10.74742,76.76717,0.2205413,4.311772,0.5528947,5,6.685118
12/21/2007 8:00:00 AM,0.3974161,22.64968,-59.8159,63.0532,0.4622031,2.074368,0,0,1.42545,0,0.5541479,0,0,-2.220446E-16,0,0,2.074368,0,0,1.42545,1.354178,3.428545,7.539583,3.428545,0,3.428545,14.00003,100,0.2203888,0,1.659494,5,9.613951
12/21/2007 9:00:00 AM,0.5714009,35.01353,-52.90825,49.89445,0.6344658,2.847482,6.656132,3.33,0,-1,0,3.33,85.50998,0,3.326132,3.991745,2.847482,3.505263,3.33,0,0,0,10.62527,0,0.6577809,-0.6577809,13.30667,95.04742,0.2203888,7.321745,2.277986,0,13.47276
12/21/2007 10:00:00 AM,0.7984896,45.97961,-41.92829,37.6892,0.8749436,3.926747,2.064788,2.064788,0,0,0,2.064788,190.1767,1.022418,0,0,3.926747,2.173461,2.064788,0,0,0.7308677,9.967493,0.7308677,0,0.7308677,14.00003,100,0.2203538,2.271267,3.141397,0,13.89424
12/21/2007 11:00:00 AM,0.912492,54.20948,-24.63048,27.80274,0.9913664,4.449253,0.2873201,0.2873201,0,0,0,0.2873201,1548.535,4.146811,0,0,4.449253,0.3024422,0.2873201,0,0,0,10.62527,0,0,0,14.00003,100,0.2203538,0.3160521,3.559402,0,15.07453
12/21/2007 12:00:00 PM,1.024111,57.53285,-0.6954389,23.43604,1.110563,4.984205,1.871527,1.871527,0,0,0,1.871527,266.3175,3.014177,0,0,4.984205,1.970029,1.871527,0,0,0,10.62527,0,0,0,14.00003,100,0.2203538,2.05868,3.987364,0,15.60948
12/21/2007 1:00:00 PM,0.9135853,54.53712,23.4787,27.38556,0.9922644,4.453283,1.880317,1.880317,0,0,0,1.880317,236.8368,2.474001,0,0,4.453283,1.979281,1.880317,0,0,0,10.62527,0,0,0,14.00003,100,0.2203538,2.068349,3.562626,0,15.07856
12/21/2007 2:00:00 PM,0.7804384,46.51276,41.17245,37.07431,0.8539816,3.832669,4.267975,3.33,0,-1,0,3.33,115.0952,0.327406,0.9379752,1.364773,3.832669,3.505263,3.33,0,0,0,10.62527,0,0,0,14.00003,100,0.2203538,4.694773,3.066135,0,14.45794
12/21/2007 3:00:00 PM,0.5903482,35.65268,52.43518,49.20064,0.6555065,2.941913,1.040327,1.040327,0,-1,0,1.040327,282.7873,1.846832,0,0,2.941913,1.095081,1.040327,0,0,0,10.62527,0,0,0,14.00003,100,0.2203538,1.14436,2.353531,0,13.56719
12/21/2007 4:00:00 PM,0.3486513,23.34342,59.51607,62.32549,0.3944487,1.770286,0,0,0,-1,0,0,0,1.770286,0,0,1.770286,0,0,0,0,0,10.62527,0,0,0,14.00003,100,0.2203538,0,1.416229,0,12.39556
12/21/2007 5:00:00 PM,0.1320398,10.27422,64.00929,75.8867,0.1572159,0.7055851,3.398591,3.33,0,-1,0,3.33,21.18874,0,0.06859113,0.4084502,0.7055851,3.505263,3.33,0,0,0,10.62527,0,2.799678,-2.799678,11.04891,78.92062,0.2203538,3.73845,0.564468,0,11.33086
12/21/2007 6:00:00 PM,0.004019164,0,66.75654,90,0,0,7.518375,3.33,0,-1,0,3.33,0,0,4.188375,4.940213,0,3.505263,3.33,0,0,3.110754,7.825596,0,3.505263,-3.505263,7.354036,52.52872,0.2203538,8.270213,0,0,7.825596
12/21/2007 7:00:00 PM,0,0,68.10715,90,0,0,0.8319835,0.8319835,0,-1,0,0.8319835,0,0,1.110223E-16,0,0,0.8757721,0.8319835,0,0,7.00549,4.320333,0,0.8757721,-0.8757721,6.430892,45.93485,0.2203538,0.9151819,0,0,4.320333
12/21/2007 8:00:00 PM,0,0,68.01943,90,0,0,1.210505,1.210505,0,-1,0,1.210505,0,0,2.220446E-16,0,0,1.274216,1.210505,0,0,7.97857,3.444561,0,1.274216,-1.274216,5.08775,36.341,0.2203538,1.331555,0,0,3.444561
12/21/2007 9:00:00 PM,0,0,65.9132,90,0,0,7.028984,2.061828,0,-1,0,2.061828,0,0,4.967156,5.670054,0,2.170345,2.061828,0,0,9.394365,2.170345,0,2.170345,-2.170345,2.800006,20,0.2203538,7.731882,0,0,2.170345
12/21/2007 10:00:00 PM,0,0,59.91594,90,0,0,0.3537504,0,0,-1,0,0,0,0,0.3537504,0.3891254,0,0,0,0,0,11.80586,0,0,0,0,2.800006,20,0.2203538,0.3891254,0,0,0
12/21/2007 11:00:00 PM,0,0,43.77476,90,0,0,0.8104588,0,0,-1,0,0,0,0,0.8104588,0.8915047,0,0,0,0,0,11.80586,0,0,0,0,2.800006,20,0.2203538,0.8915047,0,0,0
12/22/2007 12:00:00 AM,0,0,1.924639,90,0,0,0.4885231,0,0,-1,0,0,0,0,0.4885231,0.5373754,0,0,0,0,0,11.80586,0,0,0,0,2.800006,20,0.2203538,0.5373754,0,0,0
12/22/2007 1:00:00 AM,0,0,-42.1004,90,0,0,0.9085238,0,0,-1,0,0,0,0,0.9085238,0.9993762,0,0,0,0,0,11.80586,0,0,0,0,2.800006,20,0.2203538,0.9993762,0,0,0
12/22/2007 2:00:00 AM,0,0,-59.31683,90,0,0,0.474691,0,0,-1,0,0,0,0,0.474691,0.5221601,0,0,0,0,0,11.80586,0,0,0,0,2.800006,20,0.2203538,0.5221601,0,0,0
12/22/2007 3:00:00 AM,0,0,-65.68359,90,0,0,0.4331696,0,0,-1,0,0,0,0,0.4331696,0.4764865,0,0,0,0,0,11.80586,0,0,0,0,2.800006,20,0.2203538,0.4764865,0,0,0
12/22/2007 4:00:00 AM,0,0,-67.95567,90,0,0,0.3291623,0,0,-1,0,0,0,0,0.3291623,0.3620785,0,0,0,0,0,11.80586,0,0,0,0,2.800006,20,0.2203538,0.3620785,0,0,0
12/22/2007 5:00:00 AM,0,0,-68.14436,90,0,0,0.3378235,0.3378235,3.843087,0,1.214163,0.3378235,0,0,0,0,0,0,0,3.505263,3.33,11.80586,0,3.33,0,3.33,5.959121,42.56506,0.2203652,0.3716059,0,5,0
12/22/2007 6:00:00 AM,0.001487109,0,-66.87765,90,0,0,0,0,3.505263,0,1.121937,0,0,0,0,0,0,0,0,3.505263,3.33,8.475861,2.997,3.33,0,3.33,9.118237,65.13013,0.2203545,0,0,5,2.997
12/22/2007 7:00:00 AM,0.03489191,9.447386,-64.22305,76.73537,0.03494129,0.1568165,3.600946,3.600946,5,0,1.53,3.600946,4.354869,0,0,0,0.1568165,0,0,1.399054,1.329101,5.14586,5.994,1.485918,0,1.485918,10.5279,75.19915,0.2203853,3.961041,0.1254532,5,6.150816
12/22/2007 8:00:00 AM,0.08617166,22.54982,-59.85637,63.15759,0.08601255,0.3860243,2.631046,2.631046,5,0,1.53,2.631046,14.6719,0,0,0,0.3860243,0,0,2.368954,2.250506,3.659943,7.331326,2.636531,0,2.636531,13.02913,93.06506,0.2204391,2.89415,0.3088195,5,7.71735
12/22/2007 9:00:00 AM,0.1277435,34.92105,-52.97301,49.99436,0.1273897,0.5717248,0.4346017,0.4346017,0,-1,0,0.4346017,131.5514,0,0,0,0.5717248,0.4574755,0.4346017,0,0,1.023412,9.704204,0.1142493,0,0.1142493,13.13752,93.83924,0.2204337,0.4780619,0.4573798,0,10.27593
12/22/2007 10:00:00 AM,0.2145007,45.90165,-42.03286,37.77849,0.2139797,0.9603407,4.010992,4.010992,3.962372,0,1.246728,4.010992,23.94273,2.220446E-16,0,0,0.9603407,0.05117798,0.04861908,0,0,0.9091627,9.807028,0.9091627,0,0.9091627,14.00003,100,0.220447,4.41209,0.7682726,5,10.76737
12/22/2007 11:00:00 AM,0.3127904,54.15995,-24.79183,27.86505,0.3126534,1.403188,1.311527,1.311527,0,0,0,1.311527,106.9889,0.0226339,0,0,1.403188,1.380554,1.311527,0,0,0,10.62527,0,0,0,14.00003,100,0.220447,1.442679,1.122551,0,12.02846
12/22/2007 12:00:00 PM,0.2076927,57.52952,-0.893944,23.43995,0.2070342,0.9291695,0,0,0,0,0,0,0,0.9291695,0,0,0.9291695,0,0,0,0,0,10.62527,0,0,0,14.00003,100,0.220447,0,0.7433356,0,11.55444
12/22/2007 1:00:00 PM,0.06629059,54.58112,23.31122,27.32879,0.06599926,0.2962047,2.749558,2.749558,0,0,0,2.749558,10.77281,0,4.440892E-16,0,0.2962047,2.894271,2.749558,0,0,0,10.62527,0,2.598067,-2.598067,11.26143,80.43859,0.220447,3.024513,0.2369637,0,10.92148
12/22/2007 2:00:00 PM,0.00488658,46.587,41.06118,36.98805,0.004862617,0.02182342,0,0,0,-1,0,0,0,0,0,0,0.02182342,0,0,0,0,2.88674,8.027207,0.02182342,0,0.02182342,11.28213,80.58647,0.220446,0,0.01745874,0,8.049031
12/22/2007 3:00:00 PM,0.06549832,35.7427,52.36483,49.10246,0.06524052,0.2927995,4.601257,3.33,0,-1,0,3.33,8.792777,0,1.271257,1.731383,0.2927995,3.505263,3.33,0,0,2.864917,8.046848,0,3.212464,-3.212464,7.895895,56.39914,0.220446,5.061383,0.2342396,0,8.339648
12/22/2007 4:00:00 PM,0.003536487,23.44165,59.4709,62.22208,0.003519348,0.01579483,2.017139,2.017139,0,-1,0,2.017139,0.7830316,0,0,0,0.01579483,2.123304,2.017139,0,0,6.434321,4.834385,0,2.107509,-2.107509,5.674385,40.53124,0.220446,2.218853,0.01263587,0,4.85018
12/22/2007 5:00:00 PM,0.01201075,10.37693,63.98021,75.78092,0.01197142,0.05372772,0,0,0,-1,0,0,0,0,0,0,0.05372772,0,0,0,0,8.775998,2.726876,0.05372772,0,0.05372772,5.725356,40.89532,0.2204434,0,0.04298218,0,2.780604
12/22/2007 6:00:00 PM,0.005564487,0,66.73911,90,0,0,0,0,0,-1,0,0,0,0,0,0,0,0,0,0,0,8.72227,2.775231,0,0,0,5.725356,40.89532,0.2204434,0,0,0,2.775231
12/22/2007 7:00:00 PM,0,0,68.10009,90,0,0,0.6287386,0.6287386,0,-1,0,0.6287386,0,0,0,0,0,0.6618301,0.6287386,0,0,8.72227,2.775231,0,0.6618301,-0.6618301,5.027726,35.91225,0.2204434,0.6916125,0,0,2.775231
12/22/2007 8:00:00 PM,0,0,68.0246,90,0,0,0,0,0,-1,0,0,0,0,0,0,0,0,0,0,0,9.457637,2.113401,0,0,0,5.027726,35.91225,0.2204434,0,0,0,2.113401
12/22/2007 9:00:00 PM,0,0,65.93822,90,0,0,2.479144,2.007731,0,-1,0,2.007731,0,0,0.4714136,0.719328,0,2.113401,2.007731,0,0,9.457637,2.113401,0,2.113401,-2.113401,2.800006,20,0.2204434,2.727059,0,0,2.113401
12/22/2007 10:00:00 PM,0,0,59.98491,90,0,0,0.1038301,0,0,-1,0,0,0,0,0.1038301,0.1142131,0,0,0,0,0,11.80586,0,0,0,0,2.800006,20,0.2204434,0.1142131,0,0,0
12/22/2007 11:00:00 PM,0,0,43.97218,90,0,0,0.264513,0,0,-1,0,0,0,0,0.264513,0.2909643,0,0,0,0,0,11.80586,0,0,0,0,2.800006,20,0.2204434,0.2909643,0,0,0
12/23/2007 12:00:00 AM,0,0,2.353474,90,0,0,1.193962,0,0,-1,0,0,0,0,1.193962,1.313358,0,0,0,0,0,11.80586,0,0,0,0,2.800006,20,0.2204434,1.313358,0,0,0
12/23/2007 1:00:00 AM,0,0,-41.89436,90,0,0,1.264554,0,0,-1,0,0,0,0,1.264554,1.39101,0,0,0,0,0,11.80586,0,0,0,0,2.800006,20,0.2204434,1.39101,0,0,0
12/23/2007 2:00:00 AM,0,0,-59.24885,90,0,0,1.650863,0,0,-1,0,0,0,0,1.650863,1.815949,0,0,0,0,0,11.80586,0,0,0,0,2.800006,20,0.2204434,1.815949,0,0,0
12/23/2007 3:00:00 AM,0,0,-65.66139,90,0,0,0.4855235,0,0,-1,0,0,0,0,0.4855235,0.5340759,0,0,0,0,0,11.80586,0,0,0,0,2.800006,20,0.2204434,0.5340759,0,0,0
12/23/2007 4:00:00 AM,0,0,-67.95351,90,0,0,0.6286147,0,0,-1,0,0,0,0,0.6286147,0.6914762,0,0,0,0,0,11.80586,0,0,0,0,2.800006,20,0.2204434,0.6914762,0,0,0
12/23/2007 5:00:00 AM,0,0,-68.15433,90,0,0,1.063648,1.063648,4.568912,0,1.412313,1.063648,0,4.440892E-16,0,0,0,0,0,3.505263,3.33,11.80586,0,3.33,0,3.33,5.959121,42.56506,0.2205024,1.170013,0,5,0
12/23/2007 6:00:00 AM,0.004470871,0,-66.89783,90,0,0,0.2688144,0.2688144,3.774078,0,1.195323,0.2688144,0,0,0,0,0,0,0,3.505263,3.33,8.475861,2.997,3.33,0,3.33,9.118237,65.13013,0.2205092,0.2956958,0,5,2.997
12/23/2007 7:00:00 AM,0.1395176,9.345093,-64.25469,76.84111,0.1805942,0.8105066,0,0,3.505263,0,1.121937,0,0,0,0,0,0.8105066,0,0,3.505263,3.33,5.14586,5.994,4.140507,0,4.140507,13.04627,93.18742,0.2204597,0,0.6484053,5,6.804507
12/23/2007 8:00:00 AM,0.2565265,22.45225,-59.90377,63.26068,0.2739353,1.229421,3.462969,3.462969,3.250105,0,1.052279,3.462969,35.50194,0,0,0,1.229421,0.2240679,0.2128645,0,0,1.005354,9.720456,1.005354,0,1.005354,14.00003,100,0.2204744,3.809266,0.9835371,5,10.94988
12/23/2007 9:00:00 AM,0.3866432,34.83186,-53.04495,50.092,0.4049896,1.817593,0,0,0,-1,0,0,0,1.817593,0,0,1.817593,0,0,0,0,0,10.62527,0,0,0,14.00003,100,0.2204744,0,1.454075,0,12.44287
12/23/2007 10:00:00 AM,0.5699889,45.82817,-42.14447,37.86421,0.6051841,2.716066,0.221672,0.221672,0,0,0,0.221672,1225.264,2.482728,0,0,2.716066,0.2333389,0.221672,0,0,0,10.62527,0,0,0,14.00003,100,0.2204744,0.2438392,2.172853,0,13.34134
12/23/2007 11:00:00 AM,0.5589563,54.11622,-24.95843,27.92211,0.5793974,2.600336,3.487897,3.487897,1.25,0,0.50625,3.487897,74.55311,0.2446544,0,0,2.600336,2.355681,2.237897,0,0,0,10.62527,0,0,0,14.00003,100,0.2204744,3.836687,2.080269,5,13.22561
12/23/2007 12:00:00 PM,0.5981628,57.53274,-1.093075,23.43747,0.6212429,2.788138,2.183332,2.183332,0,0,0,2.183332,127.701,0.4898934,0,0,2.788138,2.298245,2.183332,0,0,0,10.62527,0,0,0,14.00003,100,0.2204744,2.401666,2.23051,0,13.41341
12/23/2007 1:00:00 PM,0.6194093,54.6312,23.14806,27.26641,0.6497239,2.915961,3.37308,3.37308,1.25,0,0.50625,3.37308,86.44803,0.6811402,0,0,2.915961,2.234821,2.12308,0,0,0,10.62527,0,0,0,14.00003,100,0.2204744,3.710387,2.332768,5,13.54123
12/23/2007 2:00:00 PM,0.7309753,46.66615,40.95644,36.89774,0.7969359,3.576648,4.29708,3.33,0,-1,0,3.33,107.4069,0.07138503,0.9670796,1.396788,3.576648,3.505263,3.33,0,0,0,10.62527,0,0,0,14.00003,100,0.2204744,4.726788,2.861319,0,14.20192
12/23/2007 3:00:00 PM,0.5940238,35.83646,52.30139,49.00151,0.6593984,2.95938,7.574887,3.33,0,-1,0,3.33,88.87028,0,4.244887,5.002376,2.95938,3.505263,3.33,0,0,0,10.62527,0,0.545883,-0.545883,13.42462,95.88993,0.2204744,8.332376,2.367504,0,13.58465
12/23/2007 4:00:00 PM,0.2794191,23.54264,59.43251,62.11689,0.3001319,1.346992,1.461702,1.461702,0,-1,0,1.461702,92.1523,0,0,0,1.346992,1.538634,1.461702,0,0,0.6065366,10.07939,0,0.1916417,-0.1916417,13.22261,94.44701,0.2204744,1.607872,1.077594,0,11.42638
12/23/2007 5:00:00 PM,0.1478449,10.48158,63.9578,75.67417,0.1826546,0.8197536,0.0793854,0.0793854,0,-1,0,0.0793854,1032.625,0,0,0,0.8197536,0.08356357,0.0793854,0,0,0.8194718,9.88775,0.7361901,0,0.7361901,13.92102,99.43566,0.2204394,0.08732394,0.6558029,0,10.7075
12/23/2007 6:00:00 PM,0.0085829,0,66.72843,90,0,0,1.305699,1.305699,0,-1,0,1.305699,0,0,2.220446E-16,0,0,1.374421,1.305699,0,0,0.08328174,10.55032,0,1.374421,-1.374421,12.47225,89.08735,0.2204394,1.436269,0,0,10.55032
12/23/2007 7:00:00 PM,0,0,68.10017,90,0,0,2.413728,2.413728,0,-1,0,2.413728,0,0,0,0,0,2.540766,2.413728,0,0,1.610416,9.1759,0,2.540766,-2.540766,9.794051,69.95737,0.2204394,2.655101,0,0,9.1759
12/23/2007 8:00:00 PM,0,0,68.03773,90,0,0,3.121656,3.121656,0,-1,0,3.121656,0,0,4.440892E-16,0.103822,0,3.285954,3.121656,0,0,4.433489,6.635134,0,3.285954,-3.285954,6.330351,45.2167,0.2204394,3.433822,0,0,6.635134
12/23/2007 9:00:00 PM,0,0,65.9726,90,0,0,12.22674,3.181721,0,-1,0,3.181721,0,0,9.045014,10.26769,0,3.34918,3.181721,0,0,8.084549,3.34918,0,3.34918,-3.34918,2.800006,20,0.2204394,13.44941,0,0,3.34918
12/23/2007 10:00:00 PM,0,0,60.06551,90,0,0,0.7128457,0,0,-1,0,0,0,0,0.7128457,0.7841303,0,0,0,0,0,11.80586,0,0,0,0,2.800006,20,0.2204394,0.7841303,0,0,0
12/23/2007 11:00:00 PM,0,0,44.18304,90,0,0,1.560295,0,0,-1,0,0,0,0,1.560295,1.716324,0,0,0,0,0,11.80586,0,0,0,0,2.800006,20,0.2204394,1.716324,0,0,0
12/24/2007 12:00:00 AM,0,0,2.784281,90,0,0,0.3183256,0,0,-1,0,0,0,0,0.3183256,0.3501582,0,0,0,0,0,11.80586,0,0,0,0,2.800006,20,0.2204394,0.3501582,0,0,0
12/24/2007 1:00:00 AM,0,0,-41.70094,90,0,0,0.5001652,0,0,-1,0,0,0,0,0.5001652,0.5501817,0,0,0,0,0,11.80586,0,0,0,0,2.800006,20,0.2204394,0.5501817,0,0,0
12/24/2007 2:00:00 AM,0,0,-59.19253,90,0,0,0.6839918,0,0,-1,0,0,0,0,0.6839918,0.752391,0,0,0,0,0,11.80586,0,0,0,0,2.800006,20,0.2204394,0.752391,0,0,0
12/24/2007 3:00:00 AM,0,0,-65.64865,90,0,0,0,0,0,-1,0,0,0,0,0,0,0,0,0,0,0,11.80586,0,0,0,0,2.800006,20,0.2204394,0,0,0,0
12/24/2007 4:00:00 AM,0,0,-67.95938,90,0,0,0.9490208,0,0,-1,0,0,0,0,0.9490208,1.043923,0,0,0,0,0,11.80586,0,0,0,0,2.800006,20,0.2204394,1.043923,0,0,0
12/24/2007 5:00:00 AM,0,0,-68.17152,90,0,0,2.156359,2.156359,5,0,1.53,2.156359,0,0,0,0,0,0,0,2.843641,2.701459,11.80586,0,2.701459,0,2.701459,5.362834,38.30588,0.220497,2.371995,0,5,0
12/24/2007 6:00:00 AM,0.002062679,0,-66.92485,90,0,0,1.570372,1.570372,5,0,1.53,1.570372,0,0,0,0,0,0,0,3.429628,3.258147,9.104402,2.431313,3.258147,0,3.258147,8.453784,60.38405,0.2205664,1.727409,0,5,2.431313
12/24/2007 7:00:00 AM,0.08512964,9.244346,-64.29308,76.94629,0.09068088,0.4069758,1.820748,1.820748,4.913764,0,1.506458,1.820748,22.35212,0,0,0,0.4069758,0,0,3.093016,2.938365,5.846255,5.363645,3.345341,0,3.345341,11.62745,83.05307,0.2206349,2.002823,0.3255806,5,5.77062
12/24/2007 8:00:00 AM,0.1610901,22.35703,-59.95807,63.36242,0.1623021,0.7284117,3.162044,3.162044,4.845921,0,1.487936,3.162044,23.03611,0,0,0,0.7284117,0,0,1.683877,1.599683,2.500914,8.374452,2.328095,0,2.328095,13.83608,98.82893,0.2206794,3.478248,0.5827293,5,9.102863
12/24/2007 9:00:00 AM,0.3697912,34.74601,-53.124,50.18732,0.3849262,1.727549,0.5541995,0.5541995,0,-1,0,0.5541995,311.7197,0.9713619,0,0,1.727549,0.5833678,0.5541995,0,0,0.172819,10.46974,0.172819,0,0.172819,14.00003,100,0.2206712,0.6096194,1.382039,0,12.19729
12/24/2007 10:00:00 AM,0.6261712,45.75924,-42.26302,37.94632,0.6736563,3.023369,1.663018,1.663018,0,0,0,1.663018,181.8001,1.272824,0,0,3.023369,1.750546,1.663018,0,0,0,10.62527,0,0,0,14.00003,100,0.2206712,1.82932,2.418695,0,13.64864
12/24/2007 11:00:00 AM,0.6989651,54.07831,-25.13022,27.97392,0.7454824,3.345725,5.411745,5.411745,2.233306,0,0.7746925,5.411745,61.82341,4.440892E-16,0,0,3.345725,3.345725,3.178439,0,0,0,10.62527,0,0,0,14.00003,100,0.2206712,5.952919,2.67658,5,13.971
12/24/2007 12:00:00 PM,0.6591436,57.5425,-1.292784,23.42859,0.6928795,3.109643,0,0,0,0,0,0,0,3.109643,0,0,3.109643,0,0,0,0,0,10.62527,0,0,0,14.00003,100,0.2206712,0,2.487715,0,13.73492
12/24/2007 1:00:00 PM,0.5881706,54.68733,22.98928,27.19844,0.6127986,2.75024,2.520697,2.520697,0,0,0,2.520697,109.1063,0.09687483,0,0,2.75024,2.653365,2.520697,0,0,0,10.62527,0,0,0,14.00003,100,0.2206712,2.772767,2.200192,0,13.37551
12/24/2007 2:00:00 PM,0.7193455,46.75016,40.85831,36.80344,0.7831383,3.514725,1.543026,1.543026,0,-1,0,1.543026,227.7813,1.890487,0,0,3.514725,1.624238,1.543026,0,0,0,10.62527,0,0,0,14.00003,100,0.2206712,1.697329,2.81178,0,14.14
12/24/2007 3:00:00 PM,0.4800634,35.93389,52.24494,48.89787,0.5180442,2.324982,1.793868,1.793868,0,-1,0,1.793868,129.6072,0.4367005,0,0,2.324982,1.888282,1.793868,0,0,0,10.62527,0,0,0,14.00003,100,0.2206712,1.973254,1.859986,0,12.95026
12/24/2007 4:00:00 PM,0.1473992,23.64632,59.40096,62.01001,0.1476733,0.6627578,4.868918,3.33,0,-1,0,3.33,19.90264,0,1.538918,2.02581,0.6627578,3.505263,3.33,0,0,0,10.62527,0,2.842505,-2.842505,11.00376,78.59816,0.2206712,5.35581,0.5302062,0,11.28803
12/24/2007 5:00:00 PM,0.06345872,10.5881,63.94209,75.56654,0.06386781,0.2866387,1.522653,1.522653,0,-1,0,1.522653,18.82496,0,0,0,0.2866387,1.602792,1.522653,0,0,3.158339,7.782769,0,1.316153,-1.316153,9.616417,68.68855,0.2206712,1.674918,0.229311,0,8.069407
12/24/2007 6:00:00 PM,0.006957609,0,66.72454,90,0,0,4.828147,3.33,0,-1,0,3.33,0,0,1.498147,1.980962,0,3.505263,3.33,0,0,4.620732,6.466615,0,3.505263,-3.505263,5.921545,42.29667,0.2206712,5.310962,0,0,6.466615
12/24/2007 7:00:00 PM,0,0,68.10741,90,0,0,1.747306,1.747306,0,-1,0,1.747306,0,0,2.220446E-16,0,0,1.83927,1.747306,0,0,8.515469,2.961352,0,1.83927,-1.83927,3.982784,28.4484,0.2206712,1.922037,0,0,2.961352
12/24/2007 8:00:00 PM,0,0,68.05877,90,0,0,0,0,0,-1,0,0,0,0,0,0,0,0,0,0,0,10.5591,1.122082,0,0,0,3.982784,28.4484,0.2206712,0,0,0,1.122082
12/24/2007 9:00:00 PM,0,0,66.01626,90,0,0,2.007103,1.065978,0,-1,0,1.065978,0,0,0.9411245,1.141835,0,1.122082,1.065978,0,0,10.5591,1.122082,0,1.122082,-1.122082,2.800006,20,0.2206712,2.207813,0,0,1.122082
12/24/2007 10:00:00 PM,0,0,60.1576,90,0,0,0.1483941,0,0,-1,0,0,0,0,0.1483941,0.1632335,0,0,0,0,0,11.80586,0,0,0,0,2.800006,20,0.2206712,0.1632335,0,0,0
12/24/2007 11:00:00 PM,0,0,44.40715,90,0,0,0.546619,0,0,-1,0,0,0,0,0.546619,0.6012809,0,0,0,0,0,11.80586,0,0,0,0,2.800006,20,0.2206712,0.6012809,0,0,0
12/25/2007 12:00:00 AM,0,0,3.217276,90,0,0,0.3613456,0,0,-1,0,0,0,0,0.3613456,0.3974802,0,0,0,0,0,11.80586,0,0,0,0,2.800006,20,0.2206712,0.3974802,0,0,0
12/25/2007 1:00:00 AM,0,0,-41.52032,90,0,0,0,0,0,-1,0,0,0,0,0,0,0,0,0,0,0,11.80586,0,0,0,0,2.800006,20,0.2206712,0,0,0,0
12/25/2007 2:00:00 AM,0,0,-59.14803,90,0,0,0.0325372,0,0,-1,0,0,0,0,0.0325372,0.03579092,0,0,0,0,0,11.80586,0,0,0,0,2.800006,20,0.2206712,0.03579092,0,0,0
12/25/2007 3:00:00 AM,0,0,-65.64544,90,0,0,1.026703,0,0,-1,0,0,0,0,1.026703,1.129374,0,0,0,0,0,11.80586,0,0,0,0,2.800006,20,0.2206712,1.129374,0,0,0
12/25/2007 4:00:00 AM,0,0,-67.97331,90,0,0,0.5872738,0,0,-1,0,0,0,0,0.5872738,0.6460013,0,0,0,0,0,11.80586,0,0,0,0,2.800006,20,0.2206712,0.6460013,0,0,0
12/25/2007 5:00:00 AM,0,0,-68.19595,90,0,0,1.68784,1.68784,5,0,1.53,1.68784,0,0,0,0,0,0,0,3.31216,3.146552,11.80586,0,3.146552,0,3.146552,5.785087,41.32197,0.220738,1.856624,0,5,0
12/25/2007 6:00:00 AM,0.00239625,0,-66.95869,90,0,0,1.282969,1.282969,4.788232,0,1.472188,1.282969,0,0,0,0,0,0,0,3.505263,3.33,8.659308,2.831897,3.33,0,3.33,8.944202,63.88703,0.2208086,1.411266,0,5,2.831897
12/25/2007 7:00:00 AM,0.101206,9.145226,-64.3382,77.05083,0.11472,0.5148634,4.664215,4.664215,5,0,1.53,4.664215,11.03859,0,0,0,0.5148634,0,0,0.3357854,0.3189961,5.329308,5.828897,0.8338595,0,0.8338595,9.735271,69.53751,0.2208228,5.130636,0.4118907,5,6.34376
12/25/2007 8:00:00 AM,0.2752508,22.26425,-60.01922,63.46272,0.2992597,1.343078,4.290716,4.290716,5,0,1.53,4.290716,31.30195,0,0,0,1.343078,0,0,0.7092838,0.6738196,4.495449,6.57937,2.016897,0,2.016897,11.64867,83.20461,0.2208565,4.719788,1.074462,5,7.922448
12/25/2007 9:00:00 AM,0.6225136,34.66355,-53.21009,50.28024,0.6954749,3.121291,2.271723,2.271723,0,-1,0,2.271723,137.3975,0,0,0,3.121291,2.391287,2.271723,0,0,2.478551,8.394578,0.7300038,0,0.7300038,12.34121,88.15133,0.2208219,2.498895,2.497033,0,11.51587
12/25/2007 10:00:00 AM,0.8178837,45.69487,-42.38844,38.02476,0.8966883,4.024337,4.07726,4.07726,1.91526,0,0.687866,4.07726,98.702,0,0,0,4.024337,2.27579,2.162,0,0,1.748547,9.051581,1.748547,0,1.748547,14.00003,100,0.2207823,4.484986,3.21947,5,13.07592
12/25/2007 11:00:00 AM,0.7072007,54.04623,-25.30712,28.02047,0.7553351,3.389944,3.978994,3.978994,1.25,0,0.50625,3.978994,85.19601,0.5173185,0,0,3.389944,2.872625,2.728994,0,0,0,10.62527,0,0,0,14.00003,100,0.2207823,4.376894,2.711955,5,14.01522
12/25/2007 12:00:00 PM,0.7145925,57.5588,-1.493022,23.41333,0.7587206,3.405138,3.105092,3.105092,1.25,0,0.50625,3.105092,109.663,1.45241,0,0,3.405138,1.952728,1.855092,0,0,0,10.62527,0,0,0,14.00003,100,0.2207823,3.415601,2.724111,5,14.03041
12/25/2007 1:00:00 PM,0.5922593,54.7495,22.83498,27.1249,0.6174958,2.771321,3.372402,3.372402,1.25,0,0.50625,3.372402,82.17649,0.5372142,0,0,2.771321,2.234107,2.122402,0,0,0,10.62527,0,0,0,14.00003,100,0.2207823,3.709642,2.217057,5,13.3966
12/25/2007 2:00:00 PM,0.5196439,46.83899,40.76689,36.70519,0.542837,2.436252,2.608066,2.608066,0,-1,0,2.608066,93.41223,0,0,0,2.436252,2.745332,2.608066,0,0,0,10.62527,0,0.3090799,-0.3090799,13.67423,97.67287,0.2207823,2.868872,1.949002,0,13.06153
12/25/2007 3:00:00 PM,0.531919,36.03493,52.19553,48.79162,0.5827834,2.615532,3.316492,3.316492,0,-1,0,3.316492,78.86442,0,0,0.3181408,2.615532,3.491044,3.316492,0,0,0.3434222,10.31619,0,0.875512,-0.875512,12.75136,91.08095,0.2207823,3.648141,2.092426,0,12.93173
12/25/2007 4:00:00 PM,0.2824497,23.75261,59.37627,61.90151,0.3033432,1.361404,4.732882,3.33,0,-1,0,3.33,40.88301,4.440892E-16,1.402881,1.876169,1.361404,3.505263,3.33,0,0,1.316213,9.440682,0,2.143859,-2.143859,10.49153,74.93937,0.2207823,5.20617,1.089123,0,10.80209
12/25/2007 5:00:00 PM,0.1397944,10.69641,63.9331,75.4581,0.1665885,0.7476492,0,0,0,-1,0,0,0,0,0,0,0.7476492,0,0,0,0,3.698279,7.296824,0.7476492,0,0.7476492,11.20082,80.00566,0.2207468,0,0.5981194,0,8.044473
12/25/2007 6:00:00 PM,0.005316317,0,66.72743,90,0,0,0,0,0,-1,0,0,0,0,0,0,0,0,0,0,0,2.950629,7.969707,0,0,0,11.20082,80.00566,0.2207468,0,0,0,7.969707
12/25/2007 7:00:00 PM,0,0,68.12177,90,0,0,3.522648,3.33,0,-1,0,3.33,0,0,0.1926485,0.5449133,0,3.505263,3.33,0,0,2.950629,7.969707,0,3.505263,-3.505263,7.505943,53.61377,0.2207468,3.874913,0,0,7.969707
12/25/2007 8:00:00 PM,0,0,68.08768,90,0,0,8.206859,3.33,0,-1,0,3.33,0,0,4.876859,5.697545,0,3.505263,3.33,0,0,6.845366,4.464445,0,3.505263,-3.505263,3.811071,27.22189,0.2207468,9.027545,0,0,4.464445
12/25/2007 9:00:00 PM,0,0,66.06915,90,0,0,0.7238495,0.7238495,0,-1,0,0.7238495,0,0,1.110223E-16,0,0,0.7619469,0.7238495,0,0,10.7401,0.9591813,0,0.7619469,-0.7619469,3.007909,21.48502,0.2207468,0.7962344,0,0,0.9591813
12/25/2007 10:00:00 PM,0,0,60.26106,90,0,0,0.7978263,0.1873728,0,-1,0,0.1873728,0,0,0.6104536,0.6902363,0,0.1972345,0.1873728,0,0,11.58671,0.1972345,0,0.1972345,-0.1972345,2.800006,20,0.2207468,0.877609,0,0,0.1972345
12/25/2007 11:00:00 PM,0,0,44.64437,90,0,0,1.366452,0,0,-1,0,0,0,0,1.366452,1.503098,0,0,0,0,0,11.80586,0,0,0,0,2.800006,20,0.2207468,1.503098,0,0,0
12/26/2007 12:00:00 AM,0,0,3.652682,90,0,0,1.248714,0,0,-1,0,0,0,0,1.248714,1.373585,0,0,0,0,0,11.80586,0,0,0,0,2.800006,20,0.2207468,1.373585,0,0,0
12/26/2007 1:00:00 AM,0,0,-41.35271,90,0,0,0.623267,0,0,-1,0,0,0,0,0.623267,0.6855937,0,0,0,0,0,11.80586,0,0,0,0,2.800006,20,0.2207468,0.6855937,0,0,0
12/26/2007 2:00:00 AM,0,0,-59.1155,90,0,0,0.5498591,0,0,-1,0,0,0,0,0.5498591,0.604845,0,0,0,0,0,11.80586,0,0,0,0,2.800006,20,0.2207468,0.604845,0,0,0
12/26/2007 3:00:00 AM,0,0,-65.65182,90,0,0,0,0,0,-1,0,0,0,0,0,0,0,0,0,0,0,11.80586,0,0,0,0,2.800006,20,0.2207468,0,0,0,0
12/26/2007 4:00:00 AM,0,0,-67.99534,90,0,0,0.1613673,0,0,-1,0,0,0,0,0.1613673,0.1775041,0,0,0,0,0,11.80586,0,0,0,0,2.800006,20,0.2207468,0.1775041,0,0,0
12/26/2007 5:00:00 AM,0,0,-68.22761,90,0,0,0.19286,0.19286,3.698123,0,1.174588,0.19286,0,0,0,0,0,0,0,3.505263,3.33,11.80586,0,3.33,0,3.33,5.959121,42.56506,0.2207484,0.212146,0,5,0
12/26/2007 6:00:00 AM,0.003200007,0,-66.99934,90,0,0,0.7588946,0.7588946,4.264158,0,1.329115,0.7588946,0,0,0,0,0,0,0,3.505263,3.33,8.475861,2.997,3.33,0,3.33,9.118237,65.13013,0.2207869,0.834784,0,5,2.997
12/26/2007 7:00:00 AM,0.1481771,9.04781,-64.39001,77.15464,0.1999869,0.8975414,1.728479,1.728479,4.599353,0,1.420623,1.728479,51.92666,0,0,0,0.8975414,0,0,2.870874,2.727331,5.14586,5.994,3.624872,0,3.624872,12.55709,89.69334,0.2208331,1.901327,0.7180331,5,6.891541
12/26/2007 8:00:00 AM,0.4281355,22.17397,-60.08717,63.56152,0.5013136,2.249896,5.810758,5.810758,5,0,1.53,5.810758,38.71949,0,0,0,2.249896,0.8534291,0.8107577,0,0,1.520988,9.256385,1.396466,0,1.396466,13.8819,99.1562,0.2208532,6.391833,1.799917,5,11.50628
12/26/2007 9:00:00 AM,0.6484511,34.58454,-53.30316,50.3707,0.7249854,3.253735,5.577581,3.33,0,-1,0,3.33,97.70975,0,2.247581,2.80534,3.253735,3.505263,3.33,0,0,0.1245218,10.5132,0,0.2515286,-0.2515286,13.61676,97.26239,0.2208532,6.13534,2.602988,0,13.76694
12/26/2007 10:00:00 AM,0.8747766,45.63511,-42.52065,38.09951,0.9597966,4.307567,1.194825,1.194825,0,0,0,1.194825,360.5188,2.645859,0,0,4.307567,1.25771,1.194825,0,0,0.403998,10.26168,0.403998,0,0.403998,14.00003,100,0.2208341,1.314307,3.446054,0,14.56924
12/26/2007 11:00:00 AM,0.9954559,54.01998,-25.48906,28.06175,1.082488,4.858208,4.822348,4.822348,1.492348,0,0.5724111,4.822348,100.7436,1.352945,0,0,4.858208,3.505263,3.33,0,0,0,10.62527,0,0,0,14.00003,100,0.2208341,5.304583,3.886566,5,15.48348
12/26/2007 12:00:00 PM,0.9892201,57.58162,-1.693742,23.39168,1.072133,4.811732,2.596295,2.596295,0,0,0,2.596295,185.3307,2.07879,0,0,4.811732,2.732942,2.596295,0,0,0,10.62527,0,0,0,14.00003,100,0.2208341,2.855924,3.849385,0,15.43701
12/26/2007 1:00:00 PM,0.9133065,54.81769,22.68522,27.0458,0.9915365,4.450016,0.3475112,0.3475112,0,0,0,0.3475112,1280.539,4.084215,0,0,4.450016,0.3658013,0.3475112,0,0,0,10.62527,0,0,0,14.00003,100,0.2208341,0.3822623,3.560013,0,15.07529
12/26/2007 2:00:00 PM,0.8156462,46.93259,40.68225,36.60305,0.8925682,4.005846,0,0,0,-1,0,0,0,4.005846,0,0,4.005846,0,0,0,0,0,10.62527,0,0,0,14.00003,100,0.2208341,0,3.204677,0,14.63112
12/26/2007 3:00:00 PM,0.6903843,36.13953,52.15324,48.68282,0.7693799,3.452977,0,0,0,-1,0,0,0,3.452977,0,0,3.452977,0,0,0,0,0,10.62527,0,0,0,14.00003,100,0.2208341,0,2.762382,0,14.07825
12/26/2007 4:00:00 PM,0.419903,23.86144,59.35851,61.79148,0.4853857,2.178411,0,0,0,-1,0,0,0,2.178411,0,0,2.178411,0,0,0,0,0,10.62527,0,0,0,14.00003,100,0.2208341,0,1.742729,0,12.80369
12/26/2007 5:00:00 PM,0.1619504,10.80642,63.93087,75.34895,0.203725,0.914318,1.718221,1.718221,0,-1,0,1.718221,53.21305,0,0,0,0.914318,1.808654,1.718221,0,0,0,10.62527,0,0.8943362,-0.8943362,13.05731,93.26635,0.2208341,1.890044,0.7314544,0,11.53959
12/26/2007 6:00:00 PM,0.007395486,0,66.73711,90,0,0,1.259015,1.259015,0,-1,0,1.259015,0,0,0,0,0,1.325279,1.259015,0,0,0.9937069,9.730938,0,1.325279,-1.325279,11.66035,83.28804,0.2208341,1.384916,0,0,9.730938
12/26/2007 7:00:00 PM,0,0,68.14324,90,0,0,6.129464,3.33,0,-1,0,3.33,0,0,2.799464,3.41241,0,3.505263,3.33,0,0,2.466239,8.40566,0,3.505263,-3.505263,7.965477,56.89615,0.2208341,6.74241,0,0,8.40566
12/26/2007 8:00:00 PM,0,0,68.12445,90,0,0,0,0,0,-1,0,0,0,0,0,0,0,0,0,0,0,6.360976,4.900396,0,0,0,7.965477,56.89615,0.2208341,0,0,0,4.900396
12/26/2007 9:00:00 PM,0,0,66.13117,90,0,0,1.781854,1.781854,0,-1,0,1.781854,0,0,0,0,0,1.875635,1.781854,0,0,6.360976,4.900396,0,1.875635,-1.875635,5.988383,42.77408,0.2208341,1.960039,0,0,4.900396
12/26/2007 10:00:00 PM,0,0,60.37576,90,0,0,0.2172706,0.2172706,0,-1,0,0.2172706,0,0,2.775558E-17,0,0,0.2287059,0.2172706,0,0,8.445015,3.024761,0,0.2287059,-0.2287059,5.747306,41.0521,0.2208341,0.2389976,0,0,3.024761
12/26/2007 11:00:00 PM,0,0,44.89454,90,0,0,0.08641722,0.08641722,0,-1,0,0.08641722,0,0,0,0,0,0.09096549,0.08641722,0,0,8.699132,2.796055,0,0.09096549,-0.09096549,5.65142,40.36721,0.2208341,0.09505894,0,0,2.796055
12/27/2007 12:00:00 AM,0,0,4.090728,90,0,0,0,0,0,-1,0,0,0,0,0,0,0,0,0,0,0,8.800205,2.70509,0,0,0,5.65142,40.36721,0.2208341,0,0,0,2.70509
12/27/2007 1:00:00 AM,0,0,-41.19834,90,0,0,0.3987459,0.3987459,0,-1,0,0.3987459,0,0,0,0,0,0.4197325,0.3987459,0,0,8.800205,2.70509,0,0.4197325,-0.4197325,5.208983,37.20695,0.2208341,0.4386205,0,0,2.70509
12/27/2007 2:00:00 AM,0,0,-59.09509,90,0,0,0,0,0,-1,0,0,0,0,0,0,0,0,0,0,0,9.266575,2.285357,0,0,0,5.208983,37.20695,0.2208341,0,0,0,2.285357
12/27/2007 3:00:00 AM,0,0,-65.66788,90,0,0,0,0,0,-1,0,0,0,0,0,0,0,0,0,0,0,9.266575,2.285357,0,0,0,5.208983,37.20695,0.2208341,0,0,0,2.285357
12/27/2007 4:00:00 AM,0,0,-68.02549,90,0,0,0.6583984,0.6583984,0,-1,0,0.6583984,0,0,1.110223E-16,0,0,0.6930509,0.6583984,0,0,9.266575,2.285357,0,0.6930509,-0.6930509,4.478444,31.98882,0.2208341,0.7242382,0,0,2.285357
12/27/2007 5:00:00 AM,0,0,-68.2665,90,0,0,0.7543367,0.7543367,0,0,0,0.7543367,0,0,1.110223E-16,0,0,0.7940386,0.7543367,0,0,10.03663,1.592306,0,0.7940386,-0.7940386,3.641454,26.01033,0.2208341,0.8297703,0,0,1.592306
12/27/2007 6:00:00 AM,0.003024195,0,-67.04678,90,0,0,0.7639736,0.7639736,4.269237,0,1.330502,0.7639736,0,0,0,0,0,0,0,3.505263,3.33,10.9189,0.7982675,3.33,0,3.33,6.800569,48.57539,0.2208727,0.840371,0,5,0.7982675
12/27/2007 7:00:00 AM,0.1758346,8.952175,-64.44849,77.25764,0.2454121,1.101409,1.563333,1.563333,4.696666,0,1.44719,1.563333,70.45262,0,0,0,1.101409,0,0,3.133332,2.976666,7.588896,3.795268,4.078075,0,4.078075,10.66937,76.20964,0.2209037,1.719667,0.8811274,5,4.896677
12/27/2007 8:00:00 AM,0.4160774,22.08626,-60.16186,63.65873,0.4871453,2.186308,0,0,1.394224,0,0.5456232,0,0,0,0,0,2.186308,0,0,1.394224,1.324513,3.510821,7.465535,3.510821,0,3.510821,14.00003,100,0.2207473,0,1.749046,5,9.651843
12/27/2007 9:00:00 AM,0.5886901,34.50904,-53.40313,50.45864,0.6562689,2.945335,0.3419618,0.3419618,0,-1,0,0.3419618,861.3051,2.585375,0,0,2.945335,0.3599598,0.3419618,0,0,0,10.62527,0,0,0,14.00003,100,0.2207473,0.376158,2.356268,0,13.57061
12/27/2007 10:00:00 AM,0.6858648,45.57998,-42.65955,38.17054,0.7457411,3.346886,2.028523,2.028523,0,0,0,2.028523,164.9912,1.211598,0,0,3.346886,2.135288,2.028523,0,0,0,10.62527,0,0,0,14.00003,100,0.2207473,2.231376,2.677509,0,13.97216
12/27/2007 11:00:00 AM,0.6435896,53.99958,-25.67598,28.09776,0.6792741,3.048583,1.966244,1.966244,0,0,0,1.966244,155.046,0.9788517,0,0,3.048583,2.069731,1.966244,0,0,0,10.62527,0,0,0,14.00003,100,0.2207473,2.162868,2.438866,0,13.67386
12/27/2007 12:00:00 PM,0.5569426,57.61098,-1.894895,23.36366,0.573586,2.574254,0,0,0,0,0,0,0,2.574254,0,0,2.574254,0,0,0,0,0,10.62527,0,0,0,14.00003,100,0.2207473,0,2.059403,0,13.19953
12/27/2007 1:00:00 PM,0.6784089,54.89186,22.54009,26.96118,0.7194777,3.229016,3.409877,3.409877,1.25,0,0.50625,3.409877,94.69596,0.9554611,0,0,3.229016,2.273555,2.159877,0,0,0,10.62527,0,0,0,14.00003,100,0.2207473,3.750865,2.583213,5,13.85429
12/27/2007 2:00:00 PM,0.8682422,47.03092,40.60451,36.49708,0.9505208,4.265937,0.3238405,0.3238405,0,-1,0,0.3238405,1317.296,3.925053,0,0,4.265937,0.3408847,0.3238405,0,0,0,10.62527,0,0,0,14.00003,100,0.2207473,0.3562245,3.41275,0,14.89121
12/27/2007 3:00:00 PM,0.6226799,36.2476,52.11813,48.57156,0.6920048,3.105718,2.456356,2.456356,0,-1,0,2.456356,126.436,0.5200797,0,0,3.105718,2.585638,2.456356,0,0,0,10.62527,0,0,0,14.00003,100,0.2207473,2.701992,2.484574,0,13.73099
12/27/2007 4:00:00 PM,0.4399624,23.97272,59.34771,61.68,0.5095512,2.286866,4.613667,3.33,0,-1,0,3.33,68.67465,4.440892E-16,1.283667,1.745034,2.286866,3.505263,3.33,0,0,0,10.62527,0,1.218397,-1.218397,12.71572,90.82642,0.2207473,5.075034,1.829493,0,12.91214
12/27/2007 5:00:00 PM,0.1748678,10.91805,63.93541,75.23915,0.2245237,1.007662,0,0,0,-1,0,0,0,0,0,0,1.007662,0,0,0,0,1.353775,9.406877,1.007662,0,1.007662,13.67168,97.65464,0.2206998,0,0.8061298,0,10.41454
12/27/2007 6:00:00 PM,0.007350898,0,66.75359,90,0,0,0,0,0,-1,0,0,0,0,0,0,0,0,0,0,0,0.3461125,10.31377,0,0,0,13.67168,97.65464,0.2206998,0,0,0,10.31377
12/27/2007 7:00:00 PM,0,0,68.17183,90,0,0,8.297647,3.33,0,-1,0,3.33,0,0,4.967647,5.797412,0,3.505263,3.33,0,0,0.3461125,10.31377,0,3.505263,-3.505263,9.976805,71.26275,0.2206998,9.127412,0,0,10.31377
12/27/2007 8:00:00 PM,0,0,68.16902,90,0,0,7.367323,3.33,0,-1,0,3.33,0,0,4.037323,4.774055,0,3.505263,3.33,0,0,4.240849,6.80851,0,3.505263,-3.505263,6.281933,44.87086,0.2206998,8.104055,0,0,6.80851
12/27/2007 9:00:00 PM,0,0,66.20228,90,0,0,8.399239,3.138084,0,-1,0,3.138084,0,0,5.261154,6.101078,0,3.303247,3.138084,0,0,8.135586,3.303247,0,3.303247,-3.303247,2.800006,20,0.2206998,9.239162,0,0,3.303247
12/27/2007 10:00:00 PM,0,0,60.50155,90,0,0,0,0,0,-1,0,0,0,0,0,0,0,0,0,0,0,11.80586,0,0,0,0,2.800006,20,0.2206998,0,0,0,0
12/27/2007 11:00:00 PM,0,0,45.15751,90,0,0,0.3310166,0,0,-1,0,0,0,0,0.3310166,0.3641182,0,0,0,0,0,11.80586,0,0,0,0,2.800006,20,0.2206998,0.3641182,0,0,0
12/28/2007 12:00:00 AM,0,0,4.531647,90,0,0,0.5472198,0,0,-1,0,0,0,0,0.5472198,0.6019418,0,0,0,0,0,11.80586,0,0,0,0,2.800006,20,0.2206998,0.6019418,0,0,0
12/28/2007 1:00:00 AM,0,0,-41.05746,90,0,0,0.6738973,0,0,-1,0,0,0,0,0.6738973,0.7412871,0,0,0,0,0,11.80586,0,0,0,0,2.800006,20,0.2206998,0.7412871,0,0,0
12/28/2007 2:00:00 AM,0,0,-59.08696,90,0,0,0.7725774,0,0,-1,0,0,0,0,0.7725774,0.8498352,0,0,0,0,0,11.80586,0,0,0,0,2.800006,20,0.2206998,0.8498352,0,0,0
12/28/2007 3:00:00 AM,0,0,-65.69367,90,0,0,0.6084069,0,0,-1,0,0,0,0,0.6084069,0.6692476,0,0,0,0,0,11.80586,0,0,0,0,2.800006,20,0.2206998,0.6692476,0,0,0
12/28/2007 4:00:00 AM,0,0,-68.06377,90,0,0,0.8786957,0,0,-1,0,0,0,0,0.8786957,0.9665653,0,0,0,0,0,11.80586,0,0,0,0,2.800006,20,0.2206998,0.9665653,0,0,0
12/28/2007 5:00:00 AM,0,0,-68.31264,90,0,0,0.6784173,0.6784173,4.183681,0,1.307145,0.6784173,0,0,0,0,0,0,0,3.505263,3.33,11.80586,0,3.33,0,3.33,5.959121,42.56506,0.2207329,0.746259,0,5,0
12/28/2007 6:00:00 AM,0.002786543,0,-67.10101,90,0,0,0.9044698,0.9044698,4.409733,0,1.368857,0.9044698,0,0,0,0,0,0,0,3.505263,3.33,8.475861,2.997,3.33,0,3.33,9.118237,65.13013,0.2207805,0.9949169,0,5,2.997
12/28/2007 7:00:00 AM,0.1411651,8.8584,-64.51359,77.35976,0.1895756,0.8508152,1.57144,1.57144,4.785844,0,1.471535,1.57144,54.14238,0,0,0,0.8508152,0,0,3.214403,3.053683,5.14586,5.994,3.904498,0,3.904498,12.82237,91.58817,0.2208254,1.728584,0.6806522,5,6.844815
12/28/2007 8:00:00 AM,0.37696,22.00118,-60.24325,63.75428,0.4385272,1.96811,1.915438,1.915438,0,0,0,1.915438,102.7498,0,0,0,1.96811,2.016251,1.915438,0,0,1.241362,9.508049,0,0.04814096,-0.04814096,12.77162,91.2257,0.2208254,2.106982,1.574488,0,11.47616
12/28/2007 9:00:00 AM,0.5254771,34.4371,-53.50995,50.54401,0.5794814,2.600712,0.2058007,0.2058007,0,-1,0,0.2058007,1263.704,1.089228,0,0,2.600712,0.2166323,0.2058007,0,0,1.294852,9.459908,1.294852,0,1.294852,14.00003,100,0.2207645,0.2263807,2.08057,0,12.06062
12/28/2007 10:00:00 AM,0.7719703,45.52953,-42.80508,38.23779,0.845556,3.794855,1.910501,1.910501,0,0,0,1.910501,198.6314,1.783801,0,0,3.794855,2.011054,1.910501,0,0,0,10.62527,0,0,0,14.00003,100,0.2207645,2.101551,3.035884,0,14.42013
12/28/2007 11:00:00 AM,0.8639956,53.98505,-25.86782,28.12848,0.9375849,4.207881,6.29508,6.29508,2.96508,0,0.9744669,6.29508,66.84396,0.7026178,0,0,4.207881,3.505263,3.33,0,0,0,10.62527,0,0,0,14.00003,100,0.2207645,6.924588,3.366305,5,14.83316
12/28/2007 12:00:00 PM,0.9812511,57.64685,-2.096434,23.32928,1.063148,4.77141,0.8672932,0.8672932,0,0,0,0.8672932,550.1496,3.858469,0,0,4.77141,0.9129401,0.8672932,0,0,0,10.62527,0,0,0,14.00003,100,0.2207645,0.9540225,3.817128,0,15.39668
12/28/2007 1:00:00 PM,0.863161,54.972,22.39969,26.87106,0.9354638,4.198361,3.953624,3.953624,1.25,0,0.50625,3.953624,106.1902,1.352441,0,0,4.198361,2.84592,2.703624,0,0,0,10.62527,0,0,0,14.00003,100,0.2207645,4.348987,3.358689,5,14.82364
12/28/2007 2:00:00 PM,0.8720338,47.13392,40.53374,36.38733,0.9544654,4.28364,4.229978,3.33,0,-1,0,3.33,128.6379,0.7783775,0.8999779,1.322976,4.28364,3.505263,3.33,0,0,0,10.62527,0,0,0,14.00003,100,0.2207645,4.652976,3.426913,0,14.90891
12/28/2007 3:00:00 PM,0.6992879,36.35907,52.09029,48.45791,0.7787991,3.49525,6.506311,3.33,0,-1,0,3.33,104.9625,0,3.176311,3.826942,3.49525,3.505263,3.33,0,0,0,10.62527,0,0.01001282,-0.01001282,13.98947,99.92461,0.2207645,7.156942,2.7962,0,14.12052
12/28/2007 4:00:00 PM,0.4464095,24.08638,59.34391,61.56715,0.5168267,2.319518,0,0,0,-1,0,0,0,2.308393,0,0,2.319518,0,0,0,0,0.01112535,10.61526,0.01112535,0,0.01112535,14.00003,100,0.2207639,0,1.855615,0,12.93478
12/28/2007 5:00:00 PM,0.1981514,11.03122,63.94674,75.12882,0.2605136,1.169185,0,0,0,-1,0,0,0,1.169185,0,0,1.169185,0,0,0,0,0,10.62527,0,0,0,14.00003,100,0.2207639,0,0.935348,0,11.79446
12/28/2007 6:00:00 PM,0.008773934,0,66.77685,90,0,0,0.6419802,0.6419802,0,-1,0,0.6419802,0,0,1.110223E-16,0,0,0.6757686,0.6419802,0,0,0,10.62527,0,0.6757686,-0.6757686,13.28771,94.91199,0.2207639,0.7061782,0,0,10.62527
12/28/2007 7:00:00 PM,0,0,68.2075,90,0,0,3.646919,3.33,0,-1,0,3.33,0,0,0.3169186,0.6816104,0,3.505263,3.33,0,0,0.750854,9.949506,0,3.505263,-3.505263,9.592834,68.5201,0.2207639,4.011611,0,0,9.949506
12/28/2007 8:00:00 PM,0,0,68.22136,90,0,0,2.84915,2.84915,0,-1,0,2.84915,0,0,4.440892E-16,0,0,2.999105,2.84915,0,0,4.645591,6.444242,0,2.999105,-2.999105,6.431499,45.93919,0.2207639,3.134065,0,0,6.444242
12/28/2007 9:00:00 PM,0,0,66.28238,90,0,0,0.2747162,0.2747162,0,-1,0,0.2747162,0,0,0,0,0,0.289175,0.2747162,0,0,7.97793,3.445137,0,0.289175,-0.289175,6.126682,43.76192,0.2207639,0.3021879,0,0,3.445137
12/28/2007 10:00:00 PM,0,0,60.63833,90,0,0,0.8654125,0.8654125,0,-1,0,0.8654125,0,0,1.110223E-16,0,0,0.9109605,0.8654125,0,0,8.299235,3.155962,0,0.9109605,-0.9109605,5.166445,36.90311,0.2207639,0.9519538,0,0,3.155962
12/28/2007 11:00:00 PM,0,0,45.43318,90,0,0,0.2228465,0.2228465,0,-1,0,0.2228465,0,0,2.775558E-17,0,0,0.2345753,0.2228465,0,0,9.311414,2.245002,0,0.2345753,-0.2345753,4.919181,35.13694,0.2207639,0.2451312,0,0,2.245002
12/29/2007 12:00:00 AM,0,0,4.975684,90,0,0,0.8384609,0.8384609,0,-1,0,0.8384609,0,0,0,0,0,0.8825905,0.8384609,0,0,9.572053,2.010426,0,0.8825905,-0.8825905,3.988849,28.49172,0.2207639,0.922307,0,0,2.010426
12/29/2007 1:00:00 AM,0,0,-40.93033,90,0,0,1.350929,1.071444,0,-1,0,1.071444,0,0,0.2794855,0.4145784,0,1.127836,1.071444,0,0,10.55271,1.127836,0,1.127836,-1.127836,2.800006,20,0.2207639,1.486022,0,0,1.127836
12/29/2007 2:00:00 AM,0,0,-59.09127,90,0,0,1.061509,0,0,-1,0,0,0,0,1.061509,1.16766,0,0,0,0,0,11.80586,0,0,0,0,2.800006,20,0.2207639,1.16766,0,0,0
12/29/2007 3:00:00 AM,0,0,-65.72928,90,0,0,0.501959,0,0,-1,0,0,0,0,0.501959,0.552155,0,0,0,0,0,11.80586,0,0,0,0,2.800006,20,0.2207639,0.552155,0,0,0
12/29/2007 4:00:00 AM,0,0,-68.11024,90,0,0,0.9181716,0,0,-1,0,0,0,0,0.9181716,1.009989,0,0,0,0,0,11.80586,0,0,0,0,2.800006,20,0.2207639,1.009989,0,0,0
12/29/2007 5:00:00 AM,0,0,-68.366,90,0,0,0.5209906,0.5209906,4.026254,0,1.264167,0.5209906,0,4.440892E-16,0,0,0,0,0,3.505263,3.33,11.80586,0,3.33,0,3.33,5.959121,42.56506,0.2207867,0.5730896,0,5,0
12/29/2007 6:00:00 AM,0.002294209,0,-67.16198,90,0,0,0.6857725,0.6857725,4.191036,0,1.309153,0.6857725,0,4.440892E-16,0,0,0,0,0,3.505263,3.33,8.475861,2.997,3.33,0,3.33,9.118237,65.13013,0.2208201,0.7543498,0,5,2.997
12/29/2007 7:00:00 AM,0.1426275,8.76656,-64.58528,77.46092,0.1933452,0.8677331,3.461373,3.461373,5,0,1.53,3.461373,25.06905,0,0,0,0.8677331,0,0,1.538627,1.461696,5.14586,5.994,2.329429,0,2.329429,11.32813,80.91503,0.2208632,3.80751,0.6941865,5,6.861733
12/29/2007 8:00:00 AM,0.4386976,21.91879,-60.33129,63.84812,0.5144352,2.308785,3.48785,3.48785,3.970113,0,1.248841,3.48785,66.19509,0,0,0,2.308785,0,0,0.4822634,0.4581502,2.816431,8.090487,2.766936,0,2.766936,13.95307,99.6646,0.2209058,3.836635,1.847028,5,10.39927
12/29/2007 9:00:00 AM,0.6924578,34.36876,-53.62354,50.62676,0.7749709,3.478069,2.544638,2.544638,0,-1,0,2.544638,136.6823,0.7500072,0,0,3.478069,2.678567,2.544638,0,0,0.04949545,10.58073,0.04949545,0,0.04949545,14.00003,100,0.2209035,2.799102,2.782455,0,14.0588
12/29/2007 10:00:00 AM,0.8156512,45.48377,-42.95716,38.30124,0.8940919,4.012684,2.040337,2.040337,0,0,0,2.040337,196.6677,1.864961,0,0,4.012684,2.147723,2.040337,0,0,0,10.62527,0,0,0,14.00003,100,0.2209035,2.244371,3.210148,0,14.63796
12/29/2007 11:00:00 AM,0.8592198,53.97637,-26.0645,28.15392,0.9321154,4.183334,0.1980737,0.1980737,0,0,0,0.1980737,2112.009,3.974835,0,0,4.183334,0.2084986,0.1980737,0,0,0,10.62527,0,0,0,14.00003,100,0.2209035,0.217881,3.346667,0,14.80861
12/29/2007 12:00:00 PM,0.953791,57.68924,-2.298313,23.28855,1.032951,4.635886,3.983315,3.983315,1.25,0,0.50625,3.983315,116.3826,1.758712,0,0,4.635886,2.877174,2.733315,0,0,0,10.62527,0,0,0,14.00003,100,0.2209035,4.381647,3.708709,5,15.26116
12/29/2007 1:00:00 PM,0.9312469,55.05808,22.26409,26.77546,1.01063,4.535709,6.020918,6.020918,2.690918,0,0.8996208,6.020918,75.3325,1.030446,0,0,4.535709,3.505263,3.33,0,0,0,10.62527,0,0,0,14.00003,100,0.2209035,6.623011,3.628567,5,15.16098
12/29/2007 2:00:00 PM,0.8123842,47.24153,40.47006,36.27388,0.8882481,3.986457,3.949612,3.33,0,-1,0,3.33,119.7134,0.4811943,0.6196119,1.014573,3.986457,3.505263,3.33,0,0,0,10.62527,0,0,0,14.00003,100,0.2209035,4.344573,3.189166,0,14.61173
12/29/2007 3:00:00 PM,0.7136673,36.47388,52.06977,48.34195,0.7946635,3.56645,5.02894,3.33,0,-1,0,3.33,107.1006,0.06118651,1.69894,2.201834,3.56645,3.505263,3.33,0,0,0,10.62527,0,0,0,14.00003,100,0.2209035,5.531834,2.85316,0,14.19172
12/29/2007 4:00:00 PM,0.4540267,24.20233,59.34716,61.45303,0.5254088,2.358035,0,0,0,-1,0,0,0,2.358035,0,0,2.358035,0,0,0,0,0,10.62527,0,0,0,14.00003,100,0.2209035,0,1.886428,0,12.98331
12/29/2007 5:00:00 PM,0.1857238,11.14583,63.96488,75.01804,0.2398924,1.076637,1.144275,1.144275,0,-1,0,1.144275,94.08904,0,0,0,1.076637,1.2045,1.144275,0,0,0,10.62527,0,0.1278626,-0.1278626,13.86525,99.03729,0.2209035,1.258702,0.8613098,0,11.70191
12/29/2007 6:00:00 PM,0.00585726,0,66.80691,90,0,0,0.6388432,0.6388432,0,-1,0,0.6388432,0,0,1.110223E-16,0,0,0.6724666,0.6388432,0,0,0.1420696,10.49741,0,0.6724666,-0.6724666,13.15641,93.97414,0.2209035,0.7027276,0,0,10.49741
12/29/2007 7:00:00 PM,0,0,68.25024,90,0,0,4.325666,3.33,0,-1,0,3.33,0,0,0.9956666,1.428233,0,3.505263,3.33,0,0,0.8892546,9.824945,0,3.505263,-3.505263,9.461535,67.58226,0.2209035,4.758233,0,0,9.824945
12/29/2007 8:00:00 PM,0,0,68.28142,90,0,0,3.37625,3.33,0,-1,0,3.33,0,0,0.04625023,0.3838753,0,3.505263,3.33,0,0,4.783991,6.319682,0,3.505263,-3.505263,5.766664,41.19037,0.2209035,3.713875,0,0,6.319682
12/29/2007 9:00:00 PM,0,0,66.37141,90,0,0,1.363629,1.363629,0,-1,0,1.363629,0,0,2.220446E-16,0,0,1.435399,1.363629,0,0,8.678728,2.814419,0,1.435399,-1.435399,4.25362,30.38294,0.2209035,1.499992,0,0,2.814419
12/29/2007 10:00:00 PM,0,0,60.78597,90,0,0,0.4225749,0.4225749,0,-1,0,0.4225749,0,0,5.551115E-17,0,0,0.4448157,0.4225749,0,0,10.27362,1.37902,0,0.4448157,-0.4448157,3.784743,27.03382,0.2209035,0.4648324,0,0,1.37902
12/29/2007 11:00:00 PM,0,0,45.72142,90,0,0,0.5094758,0.5094758,0,-1,0,0.5094758,0,0,1.110223E-16,0,0,0.5362903,0.5094758,0,0,10.76786,0.9342039,0,0.5362903,-0.5362903,3.219443,22.99598,0.2209035,0.5604234,0,0,0.9342039
12/30/2007 12:00:00 AM,0,0,5.42309,90,0,0,1.015896,0.3780179,0,-1,0,0.3780179,0,0,0.6378784,0.739468,0,0.3979135,0.3780179,0,0,11.36373,0.3979135,0,0.3979135,-0.3979135,2.800006,20,0.2209035,1.117486,0,0,0.3979135
12/30/2007 1:00:00 AM,0,0,-40.81725,90,0,0,1.144443,0,0,-1,0,0,0,0,1.144443,1.258888,0,0,0,0,0,11.80586,0,0,0,0,2.800006,20,0.2209035,1.258888,0,0,0
12/30/2007 2:00:00 AM,0,0,-59.1082,90,0,0,1.850397,0,0,-1,0,0,0,0,1.850397,2.035436,0,0,0,0,0,11.80586,0,0,0,0,2.800006,20,0.2209035,2.035436,0,0,0
12/30/2007 3:00:00 AM,0,0,-65.77476,90,0,0,1.725739,0,0,-1,0,0,0,0,1.725739,1.898313,0,0,0,0,0,11.80586,0,0,0,0,2.800006,20,0.2209035,1.898313,0,0,0
12/30/2007 4:00:00 AM,0,0,-68.16488,90,0,0,1.445257,0,0,-1,0,0,0,0,1.445257,1.589783,0,0,0,0,0,11.80586,0,0,0,0,2.800006,20,0.2209035,1.589783,0,0,0
12/30/2007 5:00:00 AM,0,0,-68.4266,90,0,0,0.8789875,0.8789875,4.384251,0,1.3619,0.8789875,0,4.440892E-16,0,0,0,0,0,3.505263,3.33,11.80586,0,3.33,0,3.33,5.959121,42.56506,0.2209492,0.9668862,0,5,0
12/30/2007 6:00:00 AM,0.002122099,0,-67.22968,90,0,0,0.8144211,0.8144211,4.319685,0,1.344274,0.8144211,0,0,0,0,0,0,0,3.505263,3.33,8.475861,2.997,3.33,0,3.33,9.118237,65.13013,0.2209906,0.8958632,0,5,2.997
12/30/2007 7:00:00 AM,0.1708231,8.676729,-64.66353,77.56104,0.240111,1.077618,3.225831,3.225831,5,0,1.53,3.225831,33.40591,0,0,0,1.077618,0,0,1.774169,1.685461,5.14586,5.994,2.763079,0,2.763079,11.73952,83.85357,0.2210412,3.548414,0.8620944,5,7.071618
12/30/2007 8:00:00 AM,0.4018571,21.83918,-60.42593,63.94016,0.4703937,2.111127,5.890196,5.890196,5,0,1.53,5.890196,35.84138,0,0,0,2.111127,0.9370481,0.8901957,0,0,2.382782,8.480771,1.174079,0,1.174079,12.85335,91.80948,0.2210579,6.479215,1.688902,5,10.5919
12/30/2007 9:00:00 AM,0.4780293,34.30407,-53.74383,50.70682,0.5200503,2.333986,5.532551,3.33,0,-1,0,3.33,70.08967,4.440892E-16,2.202551,2.755806,2.333986,3.505263,3.33,0,0,1.208702,9.537442,0,1.171277,-1.171277,11.61872,82.99068,0.2210579,6.085806,1.867189,0,11.87143
12/30/2007 10:00:00 AM,0.6229109,45.44274,-43.11573,38.36087,0.6699981,3.006952,4.646003,4.646003,4.174014,0,1.304506,4.646003,64.72126,4.440892E-16,0,0,3.006952,0.4968303,0.4719887,0,0,2.510121,8.366165,2.510121,0,2.510121,14.00003,100,0.2210936,5.110603,2.405561,5,11.37312
12/30/2007 11:00:00 AM,0.616635,53.97356,-26.266,28.17408,0.6470697,2.904049,5.997076,5.997076,3.23823,0,1.049037,5.997076,48.42442,0,8.881784E-16,0,2.904049,2.904049,2.758846,0,0,0,10.62527,0,0,0,14.00003,100,0.2210936,6.596784,2.323239,5,13.52932
12/30/2007 12:00:00 PM,0.7644019,57.73812,-2.500485,23.24147,0.8171729,3.667472,1.692285,1.692285,0,0,0,1.692285,216.7172,1.88612,0,0,3.667472,1.781352,1.692285,0,0,0,10.62527,0,0,0,14.00003,100,0.2210936,1.861513,2.933977,0,14.29275
12/30/2007 1:00:00 PM,0.6318963,55.15006,22.13339,26.67442,0.6635225,2.977889,3.07158,3.07158,1.25,0,0.50625,3.07158,96.94975,1.060436,0,0,2.977889,1.917453,1.82158,0,0,0,10.62527,0,0,0,14.00003,100,0.2210936,3.378738,2.382311,5,13.60316
12/30/2007 2:00:00 PM,0.6605721,47.35371,40.41356,36.15678,0.7114677,3.193067,3.681851,3.33,0,-1,0,3.33,95.8879,0,0.3518509,0.720036,3.193067,3.505263,3.33,0,0,0,10.62527,0,0.312196,-0.312196,13.67094,97.64941,0.2210936,4.050036,2.554454,0,13.81834
12/30/2007 3:00:00 PM,0.6699052,36.59195,52.05666,48.22377,0.7449797,3.343469,2.636315,2.636315,0,-1,0,2.636315,126.8236,0.2215161,0,0,3.343469,2.775068,2.636315,0,0,0.3468845,10.31308,0.3468845,0,0.3468845,14.00003,100,0.2210773,2.899946,2.674775,0,13.65655
12/30/2007 4:00:00 PM,0.4379951,24.32049,59.3575,61.33773,0.5055919,2.269096,5.278997,3.33,0,-1,0,3.33,68.14103,4.440892E-16,1.948997,2.476897,2.269096,3.505263,3.33,0,0,0,10.62527,0,1.236167,-1.236167,12.69699,90.69263,0.2210773,5.806897,1.815277,0,12.89437
12/30/2007 5:00:00 PM,0.1717272,11.26181,63.98986,74.90688,0.2153744,0.9666002,3.581028,3.33,0,-1,0,3.33,29.02703,0,0.2510281,0.6091309,0.9666002,3.505263,3.33,0,0,1.373519,9.389108,0,2.538663,-2.538663,10.02101,71.57848,0.2210773,3.939131,0.7732801,0,10.35571
12/30/2007 6:00:00 PM,0.009795761,0,66.84376,90,0,0,3.675947,3.33,0,-1,0,3.33,0,0,0.3459475,0.7135423,0,3.505263,3.33,0,0,4.194255,6.850444,0,3.505263,-3.505263,6.326136,45.1866,0.2210773,4.043542,0,0,6.850444
12/30/2007 7:00:00 PM,0,0,68.30002,90,0,0,9.797753,3.177922,0,-1,0,3.177922,0,0,6.619831,7.599607,0,3.345181,3.177922,0,0,8.088992,3.345181,0,3.345181,-3.345181,2.800006,20,0.2210773,10.77753,0,0,3.345181
12/30/2007 8:00:00 PM,0,0,68.34917,90,0,0,5.448269,0,0,-1,0,0,0,0,5.448269,5.993096,0,0,0,0,0,11.80586,0,0,0,0,2.800006,20,0.2210773,5.993096,0,0,0
12/30/2007 9:00:00 PM,0,0,66.46929,90,0,0,7.104664,0,0,-1,0,0,0,0,7.104664,7.81513,0,0,0,0,0,11.80586,0,0,0,0,2.800006,20,0.2210773,7.81513,0,0,0
12/30/2007 10:00:00 PM,0,0,60.94436,90,0,0,0.4826766,0,0,-1,0,0,0,0,0.4826766,0.5309442,0,0,0,0,0,11.80586,0,0,0,0,2.800006,20,0.2210773,0.5309442,0,0,0
12/30/2007 11:00:00 PM,0,0,46.02216,90,0,0,0.3518207,0,0,-1,0,0,0,0,0.3518207,0.3870028,0,0,0,0,0,11.80586,0,0,0,0,2.800006,20,0.2210773,0.3870028,0,0,0
12/31/2007 12:00:00 AM,0,0,5.874127,90,0,0,0.1482393,0,0,-1,0,0,0,0,0.1482393,0.1630632,0,0,0,0,0,11.80586,0,0,0,0,2.800006,20,0.2210773,0.1630632,0,0,0
12/31/2007 1:00:00 AM,0,0,-40.71852,90,0,0,0.9932455,0,0,-1,0,0,0,0,0.9932455,1.09257,0,0,0,0,0,11.80586,0,0,0,0,2.800006,20,0.2210773,1.09257,0,0,0
12/31/2007 2:00:00 AM,0,0,-59.13791,90,0,0,0.4495814,0,0,-1,0,0,0,0,0.4495814,0.4945396,0,0,0,0,0,11.80586,0,0,0,0,2.800006,20,0.2210773,0.4945396,0,0,0
12/31/2007 3:00:00 AM,0,0,-65.83018,90,0,0,0.074308,0,0,-1,0,0,0,0,0.074308,0.0817388,0,0,0,0,0,11.80586,0,0,0,0,2.800006,20,0.2210773,0.0817388,0,0,0
12/31/2007 4:00:00 AM,0,0,-68.22774,90,0,0,1.204452,0,0,-1,0,0,0,0,1.204452,1.324897,0,0,0,0,0,11.80586,0,0,0,0,2.800006,20,0.2210773,1.324897,0,0,0
12/31/2007 5:00:00 AM,0,0,-68.49442,90,0,0,0.6468365,0.6468365,4.1521,0,1.298523,0.6468365,0,0,0,0,0,0,0,3.505263,3.33,11.80586,0,3.33,0,3.33,5.959121,42.56506,0.2211079,0.7115201,0,5,0
12/31/2007 6:00:00 AM,0.001391158,0,-67.30411,90,0,0,0.2323057,0.2323057,3.737569,0,1.185356,0.2323057,0,0,0,0,0,0,0,3.505263,3.33,8.475861,2.997,3.33,0,3.33,9.118237,65.13013,0.2211117,0.2555363,0,5,2.997
12/31/2007 7:00:00 AM,0.08130779,8.588984,-64.7483,77.66003,0.08762153,0.3932455,2.024256,2.024256,5,0,1.53,2.024256,19.42666,0,0,0,0.3932455,0,0,2.975744,2.826957,5.14586,5.994,3.220202,0,3.220202,12.17319,86.95117,0.221176,2.226682,0.3145964,5,6.387246
12/31/2007 8:00:00 AM,0.1842906,21.76238,-60.52711,64.03033,0.1879161,0.8433675,1.053615,1.053615,0,0,0,1.053615,80.04512,2.220446E-16,0,0,0.8433675,1.109069,1.053615,0,0,1.925658,8.892182,0,0.265701,-0.265701,11.89312,84.95065,0.221176,1.158977,0.674694,0,9.73555
12/31/2007 9:00:00 AM,0.4411834,34.24308,-53.87077,50.78415,0.4735902,2.125473,2.764687,2.764687,0,-1,0,2.764687,76.87933,0,0,0,2.125473,2.910197,2.764687,0,0,2.220881,8.626481,0,0.7847238,-0.7847238,11.06594,79.0423,0.221176,3.041156,1.700378,0,10.75195
12/31/2007 10:00:00 AM,0.5600364,45.40646,-43.2807,38.41664,0.5935577,2.663887,3.588553,3.588553,3.996018,0,1.255913,3.588553,74.23289,0,0,0,2.663887,0,0,0.4074646,0.3870913,3.092797,7.841757,3.050978,0,3.050978,13.96035,99.71662,0.2212095,3.947408,2.131109,5,10.50564
12/31/2007 11:00:00 AM,0.6773953,53.97662,-26.47224,28.18896,0.7194065,3.228696,0,0,0,0,0,0,0,3.186878,0,0,3.228696,0,0,0,0,0.04181873,10.58764,0.04181873,0,0.04181873,14.00003,100,0.2212075,0,2.582957,0,13.81633
12/31/2007 12:00:00 PM,0.8208976,57.7935,-2.702902,23.18805,0.8831088,3.963392,2.047622,2.047622,0,0,0,2.047622,193.5608,1.808001,0,0,3.963392,2.155391,2.047622,0,0,0,10.62527,0,0,0,14.00003,100,0.2212075,2.252384,3.170714,0,14.58867
12/31/2007 1:00:00 PM,0.7023973,55.24792,22.0077,26.56796,0.7472323,3.353579,2.652744,2.652744,0,0,0,2.652744,126.4193,0.5612168,0,0,3.353579,2.792362,2.652744,0,0,0,10.62527,0,0,0,14.00003,100,0.2212075,2.918018,2.682863,0,13.97885
12/31/2007 2:00:00 PM,0.5346038,47.47038,40.36434,36.0361,0.5593601,2.510408,0.5900595,0.5900595,0,-1,0,0.5900595,425.4501,1.889293,0,0,2.510408,0.6211152,0.5900595,0,0,0,10.62527,0,0,0,14.00003,100,0.2212075,0.6490654,2.008327,0,13.13568
12/31/2007 3:00:00 PM,0.5955511,36.7132,52.05102,48.10345,0.6582392,2.954178,4.289119,3.33,0,-1,0,3.33,88.71404,0,0.9591187,1.388031,2.954178,3.505263,3.33,0,0,0,10.62527,0,0.5510854,-0.5510854,13.41913,95.85076,0.2212075,4.71803,2.363342,0,13.57945
12/31/2007 4:00:00 PM,0.2887731,24.44078,59.37497,61.22132,0.3090703,1.387107,0.1396664,0.1396664,0,-1,0,0.1396664,993.1578,0.627773,0,0,1.387107,0.1470172,0.1396664,0,0,0.6123171,10.07419,0.6123171,0,0.6123171,14.00003,100,0.2211789,0.153633,1.109686,0,11.4613
12/31/2007 5:00:00 PM,0.1089828,11.37907,64.02168,74.79544,0.1157423,0.5194513,0.5105369,0.5105369,0,-1,0,0.5105369,101.7461,0,0,0,0.5194513,0.5374073,0.5105369,0,0,0,10.62527,0,0.017956,-0.017956,13.9811,99.86481,0.2211789,0.5615906,0.415561,0,11.14473
12/31/2007 6:00:00 PM,0.01052737,0,66.8874,90,0,0,3.896651,3.33,0,-1,0,3.33,0,0,0.5666514,0.9563165,0,3.505263,3.33,0,0,0.01995111,10.60732,0,3.505263,-3.505263,10.28623,73.47292,0.2211789,4.286316,0,0,10.60732
12/31/2007 7:00:00 PM,0,0,68.35683,90,0,0,3.950247,3.33,0,-1,0,3.33,0,0,0.6202474,1.015272,0,3.505263,3.33,0,0,3.914688,7.102055,0,3.505263,-3.505263,6.591357,47.08103,0.2211789,4.345272,0,0,7.102055
12/31/2007 8:00:00 PM,0,0,68.42455,90,0,0,4.402957,3.33,0,-1,0,3.33,0,0,1.072957,1.513253,0,3.505263,3.33,0,0,7.809425,3.596792,0,3.505263,-3.505263,2.896485,20.68914,0.2211789,4.843253,0,0,3.596792
12/31/2007 9:00:00 PM,0,0,66.57596,90,0,0,1.566915,0.08695228,0,-1,0,0.08695228,0,0,1.479962,1.636654,0,0.09152872,0.08695228,0,0,11.70416,0.09152872,0,0.09152872,-0.09152872,2.800006,20,0.2211789,1.723606,0,0,0.09152872
12/31/2007 10:00:00 PM,0,0,61.11338,90,0,0,1.302234,0,0,-1,0,0,0,0,1.302234,1.432458,0,0,0,0,0,11.80586,0,0,0,0,2.800006,20,0.2211789,1.432458,0,0,0
12/31/2007 11:00:00 PM,0,0,46.3353,90,0,0,0.347317,0,0,-1,0,0,0,0,0.347317,0.3820486,0,0,0,0,0,11.80586,0,0,0,0,2.800006,20,0.2211789,0.3820486,0,0,0
